{"labels_1": ["1", "2", "3", "4", "5", "6", "7", "8", "9"], "labels_2": ["1", "2", "3", "4", "5", "6", "7", "8", "9"], "adj_matrix_1": [[0.0, 0.27869, 0.1309, 0.02127, 0.22403, 0.15502, 0.12677, 0.21405, 0.07564], [0.27869, 0.0, 0.2002, 0.28773, 0.10559, 0.1802, 0.32241, 0.21044, 0.2383], [0.1309, 0.2002, 0.0, 0.15026, 0.11221, 0.02694, 0.23995, 0.23371, 0.05797], [0.02127, 0.28773, 0.15026, 0.0, 0.23898, 0.17358, 0.1066, 0.20984, 0.09627], [0.22403, 0.10559, 0.11221, 0.23898, 0.0, 0.08686, 0.30348, 0.23438, 0.16382], [0.15502, 0.1802, 0.02694, 0.17358, 0.08686, 0.0, 0.25824, 0.23564, 0.08421], [0.12677, 0.32241, 0.23995, 0.1066, 0.30348, 0.25824, 0.0, 0.1874, 0.19474], [0.21405, 0.21044, 0.23371, 0.20984, 0.23438, 0.23564, 0.1874, 0.0, 0.22661], [0.07564, 0.2383, 0.05797, 0.09627, 0.16382, 0.08421, 0.19474, 0.22661, 0.0]], "adj_matrix_2": [[0.0, 0.24968, 0.0751, 0.13005, 0.05967, 0.19546, 0.29195, 0.28597, 0.33981], [0.24968, 0.0, 0.30797, 0.13327, 0.19901, 0.06471, 0.29394, 0.04944, 0.14174], [0.0751, 0.30797, 0.0, 0.2004, 0.1334, 0.26047, 0.28277, 0.33823, 0.37806], [0.13005, 0.13327, 0.2004, 0.0, 0.07184, 0.07067, 0.30073, 0.17828, 0.25442], [0.05967, 0.19901, 0.1334, 0.07184, 0.0, 0.14037, 0.29734, 0.23963, 0.30409], [0.19546, 0.06471, 0.26047, 0.07067, 0.14037, 0.0, 0.29976, 0.11277, 0.19855], [0.29195, 0.29394, 0.28277, 0.30073, 0.29734, 0.29976, 0.0, 0.28511, 0.25544], [0.28597, 0.04944, 0.33823, 0.17828, 0.23963, 0.11277, 0.28511, 0.0, 0.09533], [0.33981, 0.14174, 0.37806, 0.25442, 0.30409, 0.19855, 0.25544, 0.09533, 0.0]], "features_1": [[-0.048540278360580835, 0.7714275604837428, 0.0, 0.2407071073967271, 0.479816526961202, 0.14159990046985313, 0.10982288725862333, 0.663199877494164, 0.4371324454565557, 0.19144151058971737, 0.008006390651371653, 0.6196451696320637, 0.6495474217878102, 0.6705574048686107, 0.787871390597052, 0.7251296118504947, 0.6114279670024726], [0.17486269793600595, 0.7432553173025573, 0.0, 0.26369485192849546, 0.47141103422847574, 0.14461585972347535, 0.12809836023288595, 0.6610067820768062, 0.4650325983805088, 0.189281044684543, 0.008507047823598457, 0.6124989775740728, 0.6446517104338987, 0.6803538291000357, 0.7979407102168616, 0.7244814309829551, 0.6237791759762947], [0.06295616980720187, 0.8968909453037301, 0.0, 0.2442336896466877, 0.5126988726731083, 0.14314511334107752, 0.08546372608332006, 0.6600265588324887, 0.44664759437684576, 0.2199369060716816, 0.00822905385914674, 0.6139929034327958, 0.6531898089091536, 0.6807272464082723, 0.7874909563924631, 0.7032088645446423, 0.6106860784043053], [-0.25507361982695587, 0.869700368974032, 0.0, 0.22611311043446974, 0.509107871452243, 0.14159912825440624, 0.14609697458915036, 0.6644317832712272, 0.43899049282652136, 0.2143132672799235, 0.007671947615560004, 0.6263037909052671, 0.6525263985154717, 0.6774240440125529, 0.7913105873520345, 0.703240592685172, 0.613888800360048], [0.3504120543914886, 0.7560772127028199, 0.0, 0.27728878226692133, 0.48685095341897267, 0.1399003289617988, 0.20421076797574428, 0.6705957454267557, 0.45224662860236564, 0.18707498470102268, 0.008618141428105908, 0.6139532159877168, 0.6569152273964273, 0.6810077215411451, 0.7993941536147134, 0.7349807810154029, 0.6218681127078415], [-0.044876843912298625, 0.8970234314297365, 0.0, 0.26933145579667583, 0.5249321480104644, 0.1395776521634697, 0.16923500857735901, 0.669391728921793, 0.4422404210341193, 0.2172919110670517, 0.007671947615560004, 0.6190307626028391, 0.6533834815468741, 0.6829364065799304, 0.7939602033805172, 0.696221673289395, 0.6216574638337997], [-0.23266775602236933, 0.8413920420613168, 0.0, 0.22409307634802092, 0.5246010692356601, 0.13185238705928504, 0.37636919707634886, 0.681557177708425, 0.40183214315750093, 0.1966898744868486, 0.007783488497544067, 0.6284083907035491, 0.6662314068103024, 0.6922530644716298, 0.7951775446663423, 0.7342346995607819, 0.6141212145517161], [0.9909231156432758, 0.9366165587223096, 0.0, 0.2932510068524376, 0.5497961362345288, 0.1311378230497916, 0.3176512595969811, 0.6817719211304911, 0.40169357123436344, 0.21158802348050854, 0.007671947615560004, 0.5797610282546128, 0.653219624547188, 0.6758148780067139, 0.7923994415468025, 0.7292548823486797, 0.608159169659155], [0.007309046584404122, 1.0211606096693664, 0.0, 0.25149796593106705, 0.5741506578818848, 0.12600355535320895, 0.368273838061711, 0.6858405963430667, 0.3700049049576257, 0.22386803786502485, 0.007001439975721224, 0.6046436950166005, 0.6663541857382259, 0.6869457094177523, 0.7838705250505955, 0.7062577875910258, 0.5924854211155479]], "features_2": [[-0.5082215722745911, 0.7962060146594012, 0.0, 0.19953318697717318, 0.5083262249575613, 0.13246806966978045, 0.2637862179438407, 0.6795655796900824, 0.4092256517684385, 0.19117508012578233, 0.007504523810135222, 0.6435032647196905, 0.6573318434322567, 0.688566187273355, 0.7906424125412866, 0.704460415318366, 0.625741323509204], [-0.17037402586234007, 0.8253067644886528, 0.0, 0.17160451415956707, 0.5037197219725974, 0.13749330499639684, 0.16726749321029216, 0.671553161840799, 0.4404755641589395, 0.2023407891089477, 0.00783923647221818, 0.6244097368954953, 0.6428452521557033, 0.6760283602281647, 0.7912563990426115, 0.7019824862934618, 0.6132218637239227], [-0.5872580350055028, 0.9323415326064064, 0.0, 0.17986154487287292, 0.5406301537920983, 0.13382267310244753, 0.23185409089160416, 0.6773399381922214, 0.41231878011343737, 0.2219596093398819, 0.007616154688146137, 0.6449603319885182, 0.655890219567183, 0.692168670075788, 0.7888756188801455, 0.693776593267506, 0.6198499551363362], [-0.4255174585541961, 0.9155094072229387, 0.0, 0.18963978934237796, 0.5367121143052426, 0.13503777628361766, 0.2806023812571567, 0.6770345366939037, 0.4167733468835868, 0.21890574286814912, 0.007616154688146137, 0.6390602281865898, 0.6738965079608836, 0.71014013202987, 0.7971013225042825, 0.7096692912829694, 0.6291497594132787], [-0.28592464604634493, 0.8094093701656313, 0.0, 0.17686619278821547, 0.489352995777097, 0.14048713208602548, 0.10404691178439976, 0.6630125791119574, 0.452117628321107, 0.203094758025395, 0.008284682400665488, 0.6378912802893004, 0.6389600428118144, 0.6782459958824469, 0.7843908573610792, 0.6894060868534057, 0.6074217979030544], [-0.4996663313075711, 0.9502154230659852, 0.0, 0.19040092123164157, 0.5356149615947228, 0.1369647300411887, 0.18160946890391685, 0.6712496057503297, 0.42674559169473625, 0.2304397038478989, 0.007950687539111767, 0.6330180115404929, 0.6383059861363325, 0.6794933280868221, 0.7860962466557188, 0.6946987272519316, 0.6147041769601447], [0.35261784775946525, 0.93206019368151, 0.0, 0.15913173040866016, 0.529891297312734, 0.13818597678937705, 0.25827817994152796, 0.6729320001003982, 0.4231353371743316, 0.21847969282115498, 0.008173410423425675, 0.6033712994198148, 0.660481117529554, 0.6764311228666815, 0.7987129019031438, 0.7153431786720383, 0.6177739486851886], [-0.013585348122000518, 0.9340847646845598, 0.0, 0.20758282378219917, 0.5293204464554392, 0.13356585284367717, 0.17334071303464782, 0.6734133942067155, 0.3931040064784528, 0.21692873885635677, 0.007950687539111767, 0.6135652508329399, 0.641093872293798, 0.6787310462228697, 0.7714148470447076, 0.6861296103123964, 0.5927660126171289], [0.01768874927981834, 0.9499949488010995, 0.0, 0.20367317677946334, 0.5323549316822731, 0.13336956085034693, 0.1793817325598262, 0.6745973418370865, 0.39448323929066986, 0.21944714655541864, 0.007727725548673403, 0.6093588937149885, 0.6355159556591204, 0.6659597366099473, 0.7713583515078704, 0.6956616348085004, 0.582900261437755]]}