{"labels_1": ["1", "2", "3", "4", "5", "6", "7", "8", "9"], "labels_2": ["1", "2", "3", "4", "5", "6", "7", "8", "9"], "adj_matrix_1": [[0.0, 0.07109, 0.04547, 0.2133, 0.29256, 0.17133, 0.25529, 0.28841, 0.01323], [0.07109, 0.0, 0.11243, 0.2383, 0.2605, 0.21146, 0.25945, 0.24137, 0.08324], [0.04547, 0.11243, 0.0, 0.18673, 0.30369, 0.13664, 0.24133, 0.31207, 0.03239], [0.2133, 0.2383, 0.18673, 0.0, 0.25187, 0.06396, 0.08852, 0.32771, 0.20654], [0.29256, 0.2605, 0.30369, 0.25187, 0.0, 0.28484, 0.18652, 0.13069, 0.29677], [0.17133, 0.21146, 0.13664, 0.06396, 0.28484, 0.0, 0.14704, 0.33997, 0.16204], [0.25529, 0.25945, 0.24133, 0.08852, 0.18652, 0.14704, 0.0, 0.28741, 0.25256], [0.28841, 0.24137, 0.31207, 0.32771, 0.13069, 0.33997, 0.28741, 0.0, 0.29646], [0.01323, 0.08324, 0.03239, 0.20654, 0.29677, 0.16204, 0.25256, 0.29646, 0.0]], "adj_matrix_2": [[0.0, 0.06361, 0.01051, 0.27958, 0.04675, 0.09676, 0.25009, 0.20672, 0.32393], [0.06361, 0.0, 0.05321, 0.23425, 0.01702, 0.03386, 0.19935, 0.15054, 0.29378], [0.01051, 0.05321, 0.0, 0.27246, 0.0363, 0.08657, 0.24206, 0.19783, 0.31941], [0.27958, 0.23425, 0.27246, 0.0, 0.2469, 0.20769, 0.04556, 0.10061, 0.10315], [0.04675, 0.01702, 0.0363, 0.2469, 0.0, 0.05078, 0.21338, 0.16596, 0.30247], [0.09676, 0.03386, 0.08657, 0.20769, 0.05078, 0.0, 0.17023, 0.11906, 0.27502], [0.25009, 0.19935, 0.24206, 0.04556, 0.21338, 0.17023, 0.0, 0.05639, 0.1446], [0.20672, 0.15054, 0.19783, 0.10061, 0.16596, 0.11906, 0.05639, 0.0, 0.19184], [0.32393, 0.29378, 0.31941, 0.10315, 0.30247, 0.27502, 0.1446, 0.19184, 0.0]], "features_1": [[0.7081297049676873, 0.8286789059636649, 0.0, 0.2633911123717789, 0.5183752836681853, 0.13149192209516292, 0.22099002149613867, 0.6789159819595776, 0.3944926466830663, 0.18861560980118752, 0.007727725548673403, 0.5825284430160425, 0.6360233988285, 0.6570164751415117, 0.779436898984773, 0.7010803009075579, 0.5962603682147096], [0.32938152025041534, 0.8520599381712969, 0.0, 0.2443524644906556, 0.522198837647138, 0.13299556069019736, 0.2430131439261885, 0.6782226388343073, 0.3920908060868338, 0.19816843222373182, 0.007504523810135222, 0.5980378973666474, 0.6659038044017351, 0.6920643434211134, 0.786743279742376, 0.7162601096529413, 0.5912812470063765], [0.5865923443119381, 0.9832450020523027, 0.0, 0.25221155477232987, 0.5575518548935604, 0.13239195175883692, 0.22535627233386107, 0.6782280689236668, 0.3922350417919436, 0.21965294874918428, 0.007560346756364078, 0.5914023875814833, 0.6270160660329518, 0.6575231185746887, 0.7814783687394629, 0.6991873590505256, 0.5986726450197329], [0.6205663717867624, 1.013755691832557, 0.0, 0.23253853816892306, 0.5620561942112831, 0.1320771304720265, 0.18463565860440667, 0.6772773888777472, 0.39249142003436366, 0.22402666494527224, 0.007671947615560004, 0.5994217881397867, 0.642417169919358, 0.6669626435110646, 0.7762159514655984, 0.6806223183221802, 0.5947893661345581], [-0.15249844423458603, 0.89830781703267, 0.0, 0.20997504842431847, 0.5352457875576141, 0.13171667406944226, 0.2220452824174089, 0.6788659258125067, 0.3857349756218478, 0.20795526467212344, 0.007225183508792421, 0.6225742495188946, 0.6473259608710504, 0.6854389524418398, 0.781006910404343, 0.6916075838235699, 0.5884462464395387], [0.42253746023089844, 1.0368442897963965, 0.0, 0.2207452902720799, 0.5731733048800653, 0.13092646359282636, 0.25014014623856584, 0.6801281847037959, 0.38268745571930407, 0.22774436293001066, 0.007336964783822175, 0.5981030422580886, 0.6490665422837917, 0.6655351536186602, 0.7798194248555422, 0.7010190721826861, 0.6003324275671218], [0.7647462570484715, 1.0828968414492346, 0.0, 0.2705375506135113, 0.5842145173430241, 0.1257932680061017, 0.24158054852700134, 0.6841760930158287, 0.3618047360399548, 0.2249056593799439, 0.007560346756364078, 0.5927241656741424, 0.6309255866568115, 0.6207291711363538, 0.769513377890001, 0.7201533790395056, 0.5894049338626973], [-0.19478240723868057, 1.0444182524525552, 0.0, 0.2356604667963541, 0.578936324715315, 0.12247730240533075, 0.2572749416671513, 0.6866904859667442, 0.3289519808576238, 0.2212760491786394, 0.00711334193318236, 0.6172889567325344, 0.6513440909760978, 0.6672450081188728, 0.7618061443607889, 0.687140370030116, 0.563924234940101], [1.3799543419121516, 1.250956762699562, 0.0, 0.28322377532867415, 0.6295833490999834, 0.11505598747899969, 0.283007842038095, 0.6909088017308547, 0.31319752351937535, 0.2379783790422989, 0.00711334193318236, 0.5589531084319057, 0.6306500756853772, 0.6282658254285844, 0.7453105811485068, 0.6863366664385699, 0.5437037492524949]], "features_2": [[-0.028295154444602844, 0.7931577624137031, 0.0, 0.2500959956667957, 0.5165213429769165, 0.13221467679294777, 0.36298395665042305, 0.6833007325710725, 0.3958338356429425, 0.18291615592461463, 0.007894969482732161, 0.6202507514559858, 0.6795131160377128, 0.6955075767114446, 0.8015901661249341, 0.7323155782480754, 0.6329567875695696], [-0.12931429504206537, 0.8503104539382084, 0.0, 0.2620884117575362, 0.5318671193219422, 0.1332399375488853, 0.41750338924433306, 0.6831318775130499, 0.4064264259561896, 0.19785465175535455, 0.00711334193318236, 0.6232539978318903, 0.671093200838006, 0.7005224280036065, 0.8058719026557726, 0.7262049924570306, 0.6286087278857826], [-0.10168970580629288, 0.9611834933157299, 0.0, 0.26190839006148475, 0.561995677639809, 0.13229192147785832, 0.3787735363892907, 0.683744010478913, 0.400270818202338, 0.2183703879036789, 0.007671947615560004, 0.6255162452697258, 0.6831542870875943, 0.7049179571218009, 0.8025665343139499, 0.7143755974877476, 0.6314786722229807], [0.07654305875160805, 0.9302914483762963, 0.0, 0.26111529212393497, 0.5494715080726087, 0.1336293539381667, 0.3462210303948652, 0.6817099735744705, 0.40388395508719, 0.21424758343241423, 0.007783488497544067, 0.6072225456606803, 0.6720675863403659, 0.7046129919580627, 0.8016918475301693, 0.7171413148831788, 0.6324631615565199], [-0.11822795798248986, 0.9004206531819696, 0.0, 0.2615040164578268, 0.548974237587878, 0.12977734860035112, 0.44646892341747774, 0.6856498509821947, 0.3953107246256311, 0.20483769060645685, 0.007448685839370306, 0.6228024709444542, 0.6915419450889629, 0.7167122374855556, 0.8000071640023421, 0.7279577405116932, 0.6268348082842022], [-0.1468109914145992, 1.04312841955029, 0.0, 0.24819459141513847, 0.5839467970710398, 0.12839906040451884, 0.4284049152186604, 0.686650603512813, 0.3833893613734849, 0.229847058319387, 0.00711334193318236, 0.6143227927390762, 0.6791443334330595, 0.7084503626948953, 0.7967638528037728, 0.7140440983166294, 0.6241891006910298], [0.13547928194430536, 0.927251418427526, 0.0, 0.25188613612757305, 0.5414162174545353, 0.13495874888677203, 0.30437678871469276, 0.6790792262700756, 0.41267283204836125, 0.21709312626283617, 0.007894969482732161, 0.6076867429997337, 0.6516473205651591, 0.6908957724794879, 0.798302260685741, 0.7206123357905185, 0.6188019086211318], [0.1814564274024173, 1.0672155873640192, 0.0, 0.24612432809382212, 0.5872505775752092, 0.1253048494348365, 0.3229918091464185, 0.6859561696284731, 0.35648292479587895, 0.22800675400557413, 0.007448685839370306, 0.6005538803736166, 0.6464474730614392, 0.6621154119767066, 0.7776636668614392, 0.6981021528567413, 0.6133274269342667], [0.47007787935463163, 1.0810871689938433, 0.0, 0.24346975218661018, 0.5831354411646811, 0.1259419295862874, 0.2786926682428003, 0.6846232397282241, 0.3427952245094166, 0.22885590836918346, 0.00716927026363523, 0.5871778534803598, 0.6342127251522842, 0.6586429736379897, 0.7721109203109884, 0.6874899025014787, 0.6008812986571885]]}