{"labels_1": ["1", "2", "3", "4", "5", "6", "7", "8", "9"], "labels_2": ["1", "2", "3", "4", "5", "6", "7", "8", "9"], "adj_matrix_1": [[0.0, 0.07109, 0.04547, 0.2133, 0.29256, 0.17133, 0.25529, 0.28841, 0.01323], [0.07109, 0.0, 0.11243, 0.2383, 0.2605, 0.21146, 0.25945, 0.24137, 0.08324], [0.04547, 0.11243, 0.0, 0.18673, 0.30369, 0.13664, 0.24133, 0.31207, 0.03239], [0.2133, 0.2383, 0.18673, 0.0, 0.25187, 0.06396, 0.08852, 0.32771, 0.20654], [0.29256, 0.2605, 0.30369, 0.25187, 0.0, 0.28484, 0.18652, 0.13069, 0.29677], [0.17133, 0.21146, 0.13664, 0.06396, 0.28484, 0.0, 0.14704, 0.33997, 0.16204], [0.25529, 0.25945, 0.24133, 0.08852, 0.18652, 0.14704, 0.0, 0.28741, 0.25256], [0.28841, 0.24137, 0.31207, 0.32771, 0.13069, 0.33997, 0.28741, 0.0, 0.29646], [0.01323, 0.08324, 0.03239, 0.20654, 0.29677, 0.16204, 0.25256, 0.29646, 0.0]], "adj_matrix_2": [[0.0, 0.08051, 0.2006, 0.16113, 0.25309, 0.1814, 0.12968, 0.26173, 0.06054], [0.08051, 0.0, 0.12717, 0.0842, 0.18695, 0.1061, 0.05085, 0.19719, 0.02025], [0.2006, 0.12717, 0.0, 0.04476, 0.06633, 0.02221, 0.07817, 0.07828, 0.14609], [0.16113, 0.0842, 0.04476, 0.0, 0.1097, 0.02264, 0.03386, 0.12121, 0.10385], [0.25309, 0.18695, 0.06633, 0.1097, 0.0, 0.08797, 0.14141, 0.01224, 0.20419], [0.1814, 0.1061, 0.02221, 0.02264, 0.08797, 0.0, 0.05634, 0.09973, 0.12543], [0.12968, 0.05085, 0.07817, 0.03386, 0.14141, 0.05634, 0.0, 0.15248, 0.07086], [0.26173, 0.19719, 0.07828, 0.12121, 0.01224, 0.09973, 0.15248, 0.0, 0.21409], [0.06054, 0.02025, 0.14609, 0.10385, 0.20419, 0.12543, 0.07086, 0.21409, 0.0]], "features_1": [[0.7081297049676873, 0.8286789059636649, 0.0, 0.2633911123717789, 0.5183752836681853, 0.13149192209516292, 0.22099002149613867, 0.6789159819595776, 0.3944926466830663, 0.18861560980118752, 0.007727725548673403, 0.5825284430160425, 0.6360233988285, 0.6570164751415117, 0.779436898984773, 0.7010803009075579, 0.5962603682147096], [0.32938152025041534, 0.8520599381712969, 0.0, 0.2443524644906556, 0.522198837647138, 0.13299556069019736, 0.2430131439261885, 0.6782226388343073, 0.3920908060868338, 0.19816843222373182, 0.007504523810135222, 0.5980378973666474, 0.6659038044017351, 0.6920643434211134, 0.786743279742376, 0.7162601096529413, 0.5912812470063765], [0.5865923443119381, 0.9832450020523027, 0.0, 0.25221155477232987, 0.5575518548935604, 0.13239195175883692, 0.22535627233386107, 0.6782280689236668, 0.3922350417919436, 0.21965294874918428, 0.007560346756364078, 0.5914023875814833, 0.6270160660329518, 0.6575231185746887, 0.7814783687394629, 0.6991873590505256, 0.5986726450197329], [0.6205663717867624, 1.013755691832557, 0.0, 0.23253853816892306, 0.5620561942112831, 0.1320771304720265, 0.18463565860440667, 0.6772773888777472, 0.39249142003436366, 0.22402666494527224, 0.007671947615560004, 0.5994217881397867, 0.642417169919358, 0.6669626435110646, 0.7762159514655984, 0.6806223183221802, 0.5947893661345581], [-0.15249844423458603, 0.89830781703267, 0.0, 0.20997504842431847, 0.5352457875576141, 0.13171667406944226, 0.2220452824174089, 0.6788659258125067, 0.3857349756218478, 0.20795526467212344, 0.007225183508792421, 0.6225742495188946, 0.6473259608710504, 0.6854389524418398, 0.781006910404343, 0.6916075838235699, 0.5884462464395387], [0.42253746023089844, 1.0368442897963965, 0.0, 0.2207452902720799, 0.5731733048800653, 0.13092646359282636, 0.25014014623856584, 0.6801281847037959, 0.38268745571930407, 0.22774436293001066, 0.007336964783822175, 0.5981030422580886, 0.6490665422837917, 0.6655351536186602, 0.7798194248555422, 0.7010190721826861, 0.6003324275671218], [0.7647462570484715, 1.0828968414492346, 0.0, 0.2705375506135113, 0.5842145173430241, 0.1257932680061017, 0.24158054852700134, 0.6841760930158287, 0.3618047360399548, 0.2249056593799439, 0.007560346756364078, 0.5927241656741424, 0.6309255866568115, 0.6207291711363538, 0.769513377890001, 0.7201533790395056, 0.5894049338626973], [-0.19478240723868057, 1.0444182524525552, 0.0, 0.2356604667963541, 0.578936324715315, 0.12247730240533075, 0.2572749416671513, 0.6866904859667442, 0.3289519808576238, 0.2212760491786394, 0.00711334193318236, 0.6172889567325344, 0.6513440909760978, 0.6672450081188728, 0.7618061443607889, 0.687140370030116, 0.563924234940101], [1.3799543419121516, 1.250956762699562, 0.0, 0.28322377532867415, 0.6295833490999834, 0.11505598747899969, 0.283007842038095, 0.6909088017308547, 0.31319752351937535, 0.2379783790422989, 0.00711334193318236, 0.5589531084319057, 0.6306500756853772, 0.6282658254285844, 0.7453105811485068, 0.6863366664385699, 0.5437037492524949]], "features_2": [[-0.2169281464983932, 0.8449933417620907, 0.0, 0.2631016057504715, 0.518865077574381, 0.13239784972643326, 0.33744158232414917, 0.6806720269295745, 0.3859561685797419, 0.19343840883747854, 0.00716927026363523, 0.6327731409192636, 0.6683643467441126, 0.6925461186658687, 0.7893250623528687, 0.7066554016850797, 0.5978198531108208], [0.04197825087359641, 0.906129857974319, 0.0, 0.25768703945650095, 0.5269750082121062, 0.13717777743310208, 0.3164129079066932, 0.6734100302441731, 0.4164097869079908, 0.21177350403815942, 0.007727725548673403, 0.6266154149449137, 0.6484428797501702, 0.6779852994751344, 0.7844489548441392, 0.7079196508836837, 0.6138680032482546], [-0.010273235543467596, 0.9629098480908935, 0.0, 0.26022362143392136, 0.5495767285242863, 0.13314492583215323, 0.3673864330010403, 0.6801466052482498, 0.39021553050962665, 0.21645680839996806, 0.007057398507269275, 0.6171179605960022, 0.6595151545624178, 0.6858554815858318, 0.790672161171353, 0.7103266301541766, 0.6042778898396215], [-0.12940901513731884, 0.921566155774946, 0.0, 0.2782067305096617, 0.5349051857514825, 0.1371135757892205, 0.35133373559162706, 0.6765665875862672, 0.41516692318283455, 0.2150852391799234, 0.007392832833969631, 0.6296090216754009, 0.6638258233284566, 0.6899232521236379, 0.7991290394105653, 0.724461220447587, 0.6172389147866504], [0.46237521200944665, 0.9025796272281101, 0.0, 0.2530515037468741, 0.5300401533285777, 0.13763421583300317, 0.4187641101203269, 0.6747960094991827, 0.4305931698283547, 0.21042610680257678, 0.008062078829516484, 0.6102277232238442, 0.6324154901019013, 0.6610464860169869, 0.7890006864125438, 0.7136142639617173, 0.6220781444884529], [0.3261842501519321, 0.980240163712102, 0.0, 0.2591918743029354, 0.553347281171057, 0.13576101764375567, 0.4388016140781126, 0.6778204597514988, 0.4185556340638983, 0.2223807707275569, 0.007727725548673403, 0.612829295891463, 0.6376568307163505, 0.6636040163532295, 0.7905851029903082, 0.7083521612959431, 0.6199231569270311], [-0.06022922916217022, 0.9189214406345876, 0.0, 0.23787374608619868, 0.5347611632945953, 0.13655288409035315, 0.3693030251551043, 0.6766005138434286, 0.41277815779667026, 0.21456048861344845, 0.007950687539111767, 0.6252231577162344, 0.672587648291717, 0.6919369336563586, 0.7995239882538587, 0.7168087474317899, 0.6329415202609651], [0.24663142264566806, 0.9961599238803174, 0.0, 0.2706060343482724, 0.5642349477701927, 0.12761623217068402, 0.48955621314570263, 0.6845888076160924, 0.35555713223926433, 0.21504785034640195, 0.00683347364535547, 0.6005264344835273, 0.6363960250947455, 0.6392506842971073, 0.7770777644645606, 0.7109005746901976, 0.6006932472230974], [-0.11516564823894182, 0.9940749863542127, 0.0, 0.28166198019101935, 0.5595409546810796, 0.1284457233590831, 0.5026293505794669, 0.6838465882016411, 0.35795660633790316, 0.21765133042319995, 0.007281081678807366, 0.6186479132981462, 0.6525330594461507, 0.6661563632353172, 0.777246431869325, 0.699647605209993, 0.6163431810384777]]}