{"labels_1": ["1", "2", "3", "4", "5", "6", "7", "8", "9"], "labels_2": ["1", "2", "3", "4", "5", "6", "7", "8", "9"], "adj_matrix_1": [[0.0, 0.13531, 0.02253, 0.06046, 0.1904, 0.20849, 0.09947, 0.02686, 0.1913], [0.13531, 0.0, 0.1555, 0.07777, 0.06201, 0.08336, 0.03815, 0.11031, 0.06311], [0.02253, 0.1555, 0.0, 0.08243, 0.20857, 0.22589, 0.12065, 0.04924, 0.20946], [0.06046, 0.07777, 0.08243, 0.0, 0.13713, 0.15707, 0.04012, 0.03386, 0.13816], [0.1904, 0.06201, 0.20857, 0.13713, 0.0, 0.02177, 0.09925, 0.16756, 0.00113], [0.20849, 0.08336, 0.22589, 0.15707, 0.02177, 0.0, 0.12003, 0.18661, 0.02064], [0.09947, 0.03815, 0.12065, 0.04012, 0.09925, 0.12003, 0.0, 0.07351, 0.10031], [0.02686, 0.11031, 0.04924, 0.03386, 0.16756, 0.18661, 0.07351, 0.0, 0.16857], [0.1913, 0.06311, 0.20946, 0.13816, 0.00113, 0.02064, 0.10031, 0.16857, 0.0]], "adj_matrix_2": [[0.0, 0.18975, 0.08099, 0.0705, 0.16749, 0.1737, 0.22443, 0.06923, 0.09423], [0.18975, 0.0, 0.11406, 0.2487, 0.02448, 0.01769, 0.0394, 0.2477, 0.26691], [0.08099, 0.11406, 0.0, 0.14847, 0.09024, 0.09689, 0.15172, 0.14729, 0.17047], [0.0705, 0.2487, 0.14847, 0.0, 0.22858, 0.23422, 0.27964, 0.00129, 0.02438], [0.16749, 0.02448, 0.09024, 0.22858, 0.0, 0.0068, 0.06374, 0.22755, 0.2477], [0.1737, 0.01769, 0.09689, 0.23422, 0.0068, 0.0, 0.057, 0.23321, 0.2531], [0.22443, 0.0394, 0.15172, 0.27964, 0.06374, 0.057, 0.0, 0.27875, 0.29634], [0.06923, 0.2477, 0.14729, 0.00129, 0.22755, 0.23321, 0.27875, 0.0, 0.02567], [0.09423, 0.26691, 0.17047, 0.02438, 0.2477, 0.2531, 0.29634, 0.02567, 0.0]], "features_1": [[0.14442571658531644, 0.8553374538044576, 0.0, 0.20270901288331616, 0.5207197026656072, 0.1311283020971834, 0.20990098133418017, 0.6785616344446994, 0.377515694788503, 0.1950565373213915, 0.007616154688146137, 0.6115310336035749, 0.6539354781933805, 0.6849520127428816, 0.7785990017217385, 0.7053735973778958, 0.6036283257173001], [-0.11906686574960101, 0.8618019657020888, 0.0, 0.24945498952570547, 0.5257547073074118, 0.13146832617989762, 0.24455200620510026, 0.6792815426289706, 0.3916837885443787, 0.20152448224917863, 0.007616154688146137, 0.6204507799632095, 0.6474183616651435, 0.675783749216508, 0.7839074216472491, 0.6816294598653375, 0.6031949248085291], [0.04672813944533338, 0.9978191052309676, 0.0, 0.21851099214637415, 0.5560144464977995, 0.13072014451871564, 0.20299611883346175, 0.6786437689818181, 0.3817444784181858, 0.22486619520841922, 0.007894969482732161, 0.6126581113622627, 0.6572029863943817, 0.6789960010137022, 0.7763877932178256, 0.698841258480916, 0.60018657710703], [0.03561810866365711, 0.9524600354007854, 0.0, 0.2093306448203423, 0.5399878205898345, 0.1337612007040804, 0.2049576908685971, 0.6754039597390069, 0.3950546072891985, 0.21974586608128188, 0.007950687539111767, 0.6191959836014127, 0.6487861190579003, 0.6748523469231233, 0.7843602130667803, 0.7123616487069254, 0.6078367550274225], [0.04510909740645097, 0.9233515101242808, 0.0, 0.2849950089767538, 0.5403148506143342, 0.1292696595793413, 0.24524142155011433, 0.6806521043432394, 0.3833729404537878, 0.2087373148842282, 0.007727725548673403, 0.6177079601932198, 0.6225687415051672, 0.6533358501945266, 0.7760123804095292, 0.6969488312649015, 0.5865355404050897], [-0.1927906605728884, 1.003360491927672, 0.0, 0.23785510748847122, 0.5546525340907849, 0.13160770435643002, 0.1917159055815567, 0.6772558980501057, 0.38011042239478154, 0.22889532860732564, 0.007671947615560004, 0.6254207635161584, 0.6446335917619422, 0.6837189492112217, 0.776325149045122, 0.697376069278682, 0.5934805547886435], [-0.2054122485386385, 0.8585313406710116, 0.0, 0.19162121827364667, 0.5148196060464898, 0.1346287539722767, 0.24927003959700542, 0.6753895469140827, 0.41151054775691387, 0.20467672542076243, 0.007894969482732161, 0.6268897920080216, 0.6633215162680645, 0.6937889146901365, 0.7916578116657662, 0.7250968760996344, 0.6092460137152902], [0.09145020193601372, 1.0852912973107465, 0.0, 0.25799355864538576, 0.579069406368253, 0.12161635860230278, 0.2085987057757123, 0.6855387818811345, 0.32768152255057625, 0.22235310316229517, 0.00711334193318236, 0.6048338559888213, 0.6301301710372449, 0.6250517089552599, 0.751109475700502, 0.6738133241335057, 0.5440838162055041], [-0.12498035291725973, 1.005839633002409, 0.0, 0.2813509578080255, 0.5588859636437576, 0.12667049743881711, 0.24724583174316592, 0.6824079658218867, 0.3592616565174991, 0.2203875176875809, 0.00711334193318236, 0.6153738983928874, 0.6472460113011134, 0.6771624983455188, 0.7716418425691448, 0.6921377197163215, 0.5875868311833421]], "features_2": [[-0.19444084345779533, 0.6320055423215392, 0.0, 0.22497466361947882, 0.45909721553203925, 0.1366440203283722, 0.5190559081983672, 0.6800528300164947, 0.3840144797024079, 0.15175025355544958, 0.007392832833969631, 0.619636191316566, 0.6747981319076553, 0.7077783745469124, 0.8063957879384284, 0.7406894844790671, 0.6244731438255804], [-0.3407425906839543, 0.6807623586092266, 0.0, 0.24442152871442874, 0.46906364851746657, 0.137892551161533, 0.42724735395414515, 0.6758582484911811, 0.4055293165144256, 0.16647836366457325, 0.007950687539111767, 0.6425772029045533, 0.6832033419282371, 0.7155372748232651, 0.8004969217756, 0.7194876237022418, 0.6257995669660646], [-0.3368753078510709, 0.7342687884715295, 0.0, 0.2216523873254821, 0.49453228980188335, 0.1363806184850174, 0.5125389011356447, 0.6800300501777874, 0.39523999225692186, 0.1769960048838497, 0.00783923647221818, 0.6342020911440729, 0.6843037273403605, 0.7236233746064374, 0.8055907939101348, 0.7274450371689696, 0.6290827424465786], [-0.2504083899540359, 0.7267401180137468, 0.0, 0.2470853926087871, 0.48943495265008186, 0.13734842352397697, 0.5238881349038784, 0.6800440878187173, 0.39806074710355355, 0.17636109429511726, 0.007727725548673403, 0.6199600036749131, 0.6744474167789297, 0.7206174636224794, 0.8109653984801858, 0.7242171816260313, 0.6252417066528152], [-0.0323738982651407, 0.7173561523170957, 0.0, 0.2334061304125667, 0.4825243368151236, 0.13279831627733388, 0.30994991426303214, 0.6787620378478592, 0.3936699926975784, 0.1693294387955857, 0.007950687539111767, 0.6301170006066248, 0.6779951712178605, 0.6969304127629123, 0.7881931770590072, 0.711905213771084, 0.6077634952693935], [-0.4205822673634625, 0.7559923708942775, 0.0, 0.21842124471996416, 0.4958651940055716, 0.1372670132751656, 0.41180669857213914, 0.6772697275869148, 0.4056820262774643, 0.18439578220227504, 0.007727725548673403, 0.6398801638288496, 0.680348646448079, 0.7115451282871129, 0.8038348627396595, 0.7057420390222539, 0.6283678247944218], [-0.35971925476108213, 0.747316073168612, 0.0, 0.24653907889173912, 0.4860457215121622, 0.14031755205823312, 0.4549622712324428, 0.6756041497703618, 0.41349398267491644, 0.18551919252828664, 0.007504523810135222, 0.6417902615255058, 0.6803232211088912, 0.7171384661370921, 0.8108913291925777, 0.7218727309886183, 0.6215049178875334], [-0.14537637848301, 0.8012789956263361, 0.0, 0.17834684561567277, 0.5045366614823493, 0.12897755613115103, 0.22470900398254515, 0.6805711543889321, 0.35842081611846366, 0.18242989104931517, 0.007671947615560004, 0.616386452883547, 0.6421142335605332, 0.6731127903522575, 0.7730300713659262, 0.6817401725606297, 0.5837064687821637], [-0.1160846727205862, 0.7886584861884954, 0.0, 0.19933004622406056, 0.49494676228109125, 0.1344514941368122, 0.2335058898427583, 0.6754453832246126, 0.3854171714855952, 0.18565140369930466, 0.007504523810135222, 0.6177431450964233, 0.6514430742924614, 0.6769560016546009, 0.7856597152180871, 0.7144820059881715, 0.5956384468310133]]}