{"labels_1": ["1", "2", "3", "4", "5", "6", "7", "8", "9"], "labels_2": ["1", "2", "3", "4", "5", "6", "7", "8", "9"], "adj_matrix_1": [[0.0, 0.13531, 0.02253, 0.06046, 0.1904, 0.20849, 0.09947, 0.02686, 0.1913], [0.13531, 0.0, 0.1555, 0.07777, 0.06201, 0.08336, 0.03815, 0.11031, 0.06311], [0.02253, 0.1555, 0.0, 0.08243, 0.20857, 0.22589, 0.12065, 0.04924, 0.20946], [0.06046, 0.07777, 0.08243, 0.0, 0.13713, 0.15707, 0.04012, 0.03386, 0.13816], [0.1904, 0.06201, 0.20857, 0.13713, 0.0, 0.02177, 0.09925, 0.16756, 0.00113], [0.20849, 0.08336, 0.22589, 0.15707, 0.02177, 0.0, 0.12003, 0.18661, 0.02064], [0.09947, 0.03815, 0.12065, 0.04012, 0.09925, 0.12003, 0.0, 0.07351, 0.10031], [0.02686, 0.11031, 0.04924, 0.03386, 0.16756, 0.18661, 0.07351, 0.0, 0.16857], [0.1913, 0.06311, 0.20946, 0.13816, 0.00113, 0.02064, 0.10031, 0.16857, 0.0]], "adj_matrix_2": [[0.0, 0.2743, 0.15581, 0.10614, 0.26413, 0.16075, 0.28561, 0.12889, 0.34643], [0.2743, 0.0, 0.14275, 0.18941, 0.01499, 0.13781, 0.01766, 0.16876, 0.18824], [0.15581, 0.14275, 0.0, 0.05246, 0.12899, 0.0054, 0.15861, 0.0288, 0.28397], [0.10614, 0.18941, 0.05246, 0.0, 0.17665, 0.0578, 0.20401, 0.02377, 0.30891], [0.26413, 0.01499, 0.12899, 0.17665, 0.0, 0.12397, 0.0326, 0.15552, 0.19976], [0.16075, 0.13781, 0.0054, 0.0578, 0.12397, 0.0, 0.15378, 0.03419, 0.28118], [0.28561, 0.01766, 0.15861, 0.20401, 0.0326, 0.15378, 0.0, 0.18392, 0.17414], [0.12889, 0.16876, 0.0288, 0.02377, 0.15552, 0.03419, 0.18392, 0.0, 0.29831], [0.34643, 0.18824, 0.28397, 0.30891, 0.19976, 0.28118, 0.17414, 0.29831, 0.0]], "features_1": [[0.14442571658531644, 0.8553374538044576, 0.0, 0.20270901288331616, 0.5207197026656072, 0.1311283020971834, 0.20990098133418017, 0.6785616344446994, 0.377515694788503, 0.1950565373213915, 0.007616154688146137, 0.6115310336035749, 0.6539354781933805, 0.6849520127428816, 0.7785990017217385, 0.7053735973778958, 0.6036283257173001], [-0.11906686574960101, 0.8618019657020888, 0.0, 0.24945498952570547, 0.5257547073074118, 0.13146832617989762, 0.24455200620510026, 0.6792815426289706, 0.3916837885443787, 0.20152448224917863, 0.007616154688146137, 0.6204507799632095, 0.6474183616651435, 0.675783749216508, 0.7839074216472491, 0.6816294598653375, 0.6031949248085291], [0.04672813944533338, 0.9978191052309676, 0.0, 0.21851099214637415, 0.5560144464977995, 0.13072014451871564, 0.20299611883346175, 0.6786437689818181, 0.3817444784181858, 0.22486619520841922, 0.007894969482732161, 0.6126581113622627, 0.6572029863943817, 0.6789960010137022, 0.7763877932178256, 0.698841258480916, 0.60018657710703], [0.03561810866365711, 0.9524600354007854, 0.0, 0.2093306448203423, 0.5399878205898345, 0.1337612007040804, 0.2049576908685971, 0.6754039597390069, 0.3950546072891985, 0.21974586608128188, 0.007950687539111767, 0.6191959836014127, 0.6487861190579003, 0.6748523469231233, 0.7843602130667803, 0.7123616487069254, 0.6078367550274225], [0.04510909740645097, 0.9233515101242808, 0.0, 0.2849950089767538, 0.5403148506143342, 0.1292696595793413, 0.24524142155011433, 0.6806521043432394, 0.3833729404537878, 0.2087373148842282, 0.007727725548673403, 0.6177079601932198, 0.6225687415051672, 0.6533358501945266, 0.7760123804095292, 0.6969488312649015, 0.5865355404050897], [-0.1927906605728884, 1.003360491927672, 0.0, 0.23785510748847122, 0.5546525340907849, 0.13160770435643002, 0.1917159055815567, 0.6772558980501057, 0.38011042239478154, 0.22889532860732564, 0.007671947615560004, 0.6254207635161584, 0.6446335917619422, 0.6837189492112217, 0.776325149045122, 0.697376069278682, 0.5934805547886435], [-0.2054122485386385, 0.8585313406710116, 0.0, 0.19162121827364667, 0.5148196060464898, 0.1346287539722767, 0.24927003959700542, 0.6753895469140827, 0.41151054775691387, 0.20467672542076243, 0.007894969482732161, 0.6268897920080216, 0.6633215162680645, 0.6937889146901365, 0.7916578116657662, 0.7250968760996344, 0.6092460137152902], [0.09145020193601372, 1.0852912973107465, 0.0, 0.25799355864538576, 0.579069406368253, 0.12161635860230278, 0.2085987057757123, 0.6855387818811345, 0.32768152255057625, 0.22235310316229517, 0.00711334193318236, 0.6048338559888213, 0.6301301710372449, 0.6250517089552599, 0.751109475700502, 0.6738133241335057, 0.5440838162055041], [-0.12498035291725973, 1.005839633002409, 0.0, 0.2813509578080255, 0.5588859636437576, 0.12667049743881711, 0.24724583174316592, 0.6824079658218867, 0.3592616565174991, 0.2203875176875809, 0.00711334193318236, 0.6153738983928874, 0.6472460113011134, 0.6771624983455188, 0.7716418425691448, 0.6921377197163215, 0.5875868311833421]], "features_2": [[0.0006926397177355881, 0.9304673610887203, 0.0, 0.16527878884145109, 0.5535934001786326, 0.12756357032548338, 0.3817935237588756, 0.6854528435951042, 0.378446552767693, 0.20740409652337144, 0.007616154688146137, 0.6216868761403957, 0.6642924751020488, 0.6824840926362543, 0.7880208900365853, 0.7115337131483392, 0.5927701979616627], [0.13130658403979467, 0.8976778682076312, 0.0, 0.1882199558411018, 0.5418796716215752, 0.13143793699821477, 0.34627487843075644, 0.6820650657537337, 0.3990131022053487, 0.2052042734899946, 0.008173410423425675, 0.6114141122139933, 0.6567443980032437, 0.6730430961552036, 0.7949246646273921, 0.7161015295257952, 0.6130552635634051], [0.07067647882268302, 1.0638483960481213, 0.0, 0.17080450414419343, 0.5860562214947231, 0.1264888027668454, 0.392323555470287, 0.6862003247632553, 0.3708353594973046, 0.23027599025540457, 0.007727725548673403, 0.6151391951601988, 0.6632618143018197, 0.67506661914487, 0.786103707815725, 0.7104032428037307, 0.5918550337222288], [0.0491199133898883, 1.0574807115546498, 0.0, 0.1698519771484506, 0.5818298606887723, 0.12757680729196053, 0.37444366733148016, 0.6854491164176857, 0.36553215979068754, 0.22951885258610338, 0.007225183508792421, 0.6131898949625687, 0.6687705167985109, 0.6909984089564492, 0.7885625829554901, 0.7133079894911833, 0.5877271047144339], [-0.10643052665747543, 0.8559178657685578, 0.0, 0.19622453734570458, 0.5243046585021325, 0.13392058671707202, 0.2884488596400317, 0.6786211959421746, 0.39918576989116694, 0.20179363853882815, 0.00783923647221818, 0.6135083974971596, 0.6552512046019549, 0.6775475210348073, 0.7951390814550241, 0.7094188673884537, 0.6199185133577293], [-0.11590925598067114, 1.0324268484785413, 0.0, 0.176418257978812, 0.5750601794104794, 0.1287072786597487, 0.34212532086685454, 0.6839135051963192, 0.3759939733400215, 0.22915419082887878, 0.007336964783822175, 0.6182321560228723, 0.6566042394714954, 0.6889213970303805, 0.7877461097883166, 0.7083764818937427, 0.6040148161933105], [-0.1518410135755981, 1.0565293648336482, 0.0, 0.1725675548993487, 0.5767233975621293, 0.12427048568846286, 0.3767247557314555, 0.6867184006009381, 0.33869886692185913, 0.22448284285738218, 0.00677745458930179, 0.6086533332509123, 0.649028761440659, 0.6804571429322919, 0.7768813440399843, 0.7140853830673006, 0.5629223041531333], [-0.14371671742453307, 0.9564525428081788, 0.0, 0.2016134258709765, 0.5370444861808249, 0.1312163947089642, 0.17302852850613776, 0.6770035727492019, 0.3613371329120152, 0.21686814135840016, 0.007448685839370306, 0.6192050866524945, 0.6415981427208759, 0.6709727341875862, 0.7714284150174799, 0.6982564599348947, 0.5763418473132147], [0.022174218395131007, 1.056009465024044, 0.0, 0.17617991171679195, 0.563722528980077, 0.12602214032445022, 0.2100581903234165, 0.6823809105611318, 0.3314814655145506, 0.22613247853707819, 0.00711334193318236, 0.6040403903328384, 0.6358556513037348, 0.6486190667077364, 0.7620184894079509, 0.6994430704140435, 0.5552096728617376]]}