{"labels_1": ["1", "2", "3", "4", "5", "6", "7", "8", "9"], "labels_2": ["1", "2", "3", "4", "5", "6", "7", "8", "9"], "adj_matrix_1": [[0.0, 0.13531, 0.02253, 0.06046, 0.1904, 0.20849, 0.09947, 0.02686, 0.1913], [0.13531, 0.0, 0.1555, 0.07777, 0.06201, 0.08336, 0.03815, 0.11031, 0.06311], [0.02253, 0.1555, 0.0, 0.08243, 0.20857, 0.22589, 0.12065, 0.04924, 0.20946], [0.06046, 0.07777, 0.08243, 0.0, 0.13713, 0.15707, 0.04012, 0.03386, 0.13816], [0.1904, 0.06201, 0.20857, 0.13713, 0.0, 0.02177, 0.09925, 0.16756, 0.00113], [0.20849, 0.08336, 0.22589, 0.15707, 0.02177, 0.0, 0.12003, 0.18661, 0.02064], [0.09947, 0.03815, 0.12065, 0.04012, 0.09925, 0.12003, 0.0, 0.07351, 0.10031], [0.02686, 0.11031, 0.04924, 0.03386, 0.16756, 0.18661, 0.07351, 0.0, 0.16857], [0.1913, 0.06311, 0.20946, 0.13816, 0.00113, 0.02064, 0.10031, 0.16857, 0.0]], "adj_matrix_2": [[0.0, 0.15443, 0.12273, 0.03186, 0.19514, 0.0961, 0.04236, 0.18662, 0.28734], [0.15443, 0.0, 0.04318, 0.13114, 0.09169, 0.07314, 0.12275, 0.2355, 0.22163], [0.12273, 0.04318, 0.0, 0.0954, 0.12665, 0.03131, 0.08581, 0.23622, 0.24702], [0.03186, 0.13114, 0.0954, 0.0, 0.1837, 0.0666, 0.01066, 0.20542, 0.28355], [0.19514, 0.09169, 0.12665, 0.1837, 0.0, 0.14826, 0.17914, 0.20515, 0.15537], [0.0961, 0.07314, 0.03131, 0.0666, 0.14826, 0.0, 0.05641, 0.23126, 0.26222], [0.04236, 0.12275, 0.08581, 0.01066, 0.17914, 0.05641, 0.0, 0.21078, 0.28133], [0.18662, 0.2355, 0.23622, 0.20542, 0.20515, 0.23126, 0.21078, 0.0, 0.21354], [0.28734, 0.22163, 0.24702, 0.28355, 0.15537, 0.26222, 0.28133, 0.21354, 0.0]], "features_1": [[0.14442571658531644, 0.8553374538044576, 0.0, 0.20270901288331616, 0.5207197026656072, 0.1311283020971834, 0.20990098133418017, 0.6785616344446994, 0.377515694788503, 0.1950565373213915, 0.007616154688146137, 0.6115310336035749, 0.6539354781933805, 0.6849520127428816, 0.7785990017217385, 0.7053735973778958, 0.6036283257173001], [-0.11906686574960101, 0.8618019657020888, 0.0, 0.24945498952570547, 0.5257547073074118, 0.13146832617989762, 0.24455200620510026, 0.6792815426289706, 0.3916837885443787, 0.20152448224917863, 0.007616154688146137, 0.6204507799632095, 0.6474183616651435, 0.675783749216508, 0.7839074216472491, 0.6816294598653375, 0.6031949248085291], [0.04672813944533338, 0.9978191052309676, 0.0, 0.21851099214637415, 0.5560144464977995, 0.13072014451871564, 0.20299611883346175, 0.6786437689818181, 0.3817444784181858, 0.22486619520841922, 0.007894969482732161, 0.6126581113622627, 0.6572029863943817, 0.6789960010137022, 0.7763877932178256, 0.698841258480916, 0.60018657710703], [0.03561810866365711, 0.9524600354007854, 0.0, 0.2093306448203423, 0.5399878205898345, 0.1337612007040804, 0.2049576908685971, 0.6754039597390069, 0.3950546072891985, 0.21974586608128188, 0.007950687539111767, 0.6191959836014127, 0.6487861190579003, 0.6748523469231233, 0.7843602130667803, 0.7123616487069254, 0.6078367550274225], [0.04510909740645097, 0.9233515101242808, 0.0, 0.2849950089767538, 0.5403148506143342, 0.1292696595793413, 0.24524142155011433, 0.6806521043432394, 0.3833729404537878, 0.2087373148842282, 0.007727725548673403, 0.6177079601932198, 0.6225687415051672, 0.6533358501945266, 0.7760123804095292, 0.6969488312649015, 0.5865355404050897], [-0.1927906605728884, 1.003360491927672, 0.0, 0.23785510748847122, 0.5546525340907849, 0.13160770435643002, 0.1917159055815567, 0.6772558980501057, 0.38011042239478154, 0.22889532860732564, 0.007671947615560004, 0.6254207635161584, 0.6446335917619422, 0.6837189492112217, 0.776325149045122, 0.697376069278682, 0.5934805547886435], [-0.2054122485386385, 0.8585313406710116, 0.0, 0.19162121827364667, 0.5148196060464898, 0.1346287539722767, 0.24927003959700542, 0.6753895469140827, 0.41151054775691387, 0.20467672542076243, 0.007894969482732161, 0.6268897920080216, 0.6633215162680645, 0.6937889146901365, 0.7916578116657662, 0.7250968760996344, 0.6092460137152902], [0.09145020193601372, 1.0852912973107465, 0.0, 0.25799355864538576, 0.579069406368253, 0.12161635860230278, 0.2085987057757123, 0.6855387818811345, 0.32768152255057625, 0.22235310316229517, 0.00711334193318236, 0.6048338559888213, 0.6301301710372449, 0.6250517089552599, 0.751109475700502, 0.6738133241335057, 0.5440838162055041], [-0.12498035291725973, 1.005839633002409, 0.0, 0.2813509578080255, 0.5588859636437576, 0.12667049743881711, 0.24724583174316592, 0.6824079658218867, 0.3592616565174991, 0.2203875176875809, 0.00711334193318236, 0.6153738983928874, 0.6472460113011134, 0.6771624983455188, 0.7716418425691448, 0.6921377197163215, 0.5875868311833421]], "features_2": [[0.9653455807564102, 0.8544087058440311, 0.0, 0.1927631744442738, 0.5077074147730029, 0.14712701717614918, 0.1913170876135581, 0.6616630994317572, 0.4678436478417043, 0.206866666483023, 0.007950687539111767, 0.5941310229092567, 0.6454653639645634, 0.6720762266010409, 0.8076162870944917, 0.7307494115109273, 0.6119438949356096], [1.141774619083149, 1.018447270426007, 0.0, 0.1908851836740357, 0.5367879692466323, 0.1505833514587817, 0.100740433299908, 0.6504847973766879, 0.49039814055582376, 0.2416873882703332, 0.007950687539111767, 0.5916937686317962, 0.6278613608796977, 0.6623964737353831, 0.7998662699261821, 0.7056647193893488, 0.5980428605706564], [1.372598856885956, 1.0175156691658491, 0.0, 0.18475567126572812, 0.5443474705220607, 0.14861269439932015, 0.14640998621803547, 0.6575596038380815, 0.4779322666468917, 0.23981345501292672, 0.00783923647221818, 0.5876168643990582, 0.6356544968837348, 0.6666874629378591, 0.8057164555892945, 0.7378079484686972, 0.6105736059696198], [0.9602690036128458, 0.9615636653514689, 0.0, 0.18511019843048007, 0.5276626569999447, 0.1520089022032246, 0.14232509021925493, 0.6532974243416381, 0.5079242943427285, 0.237698998992939, 0.008618141428105908, 0.596231075823145, 0.6446673078445905, 0.6842073519112024, 0.8125937198142024, 0.7251357144805107, 0.6163348235270835], [1.613538307141666, 1.072463747574006, 0.0, 0.22240035513487105, 0.5464147578294973, 0.15217357432795187, 0.10288048095176236, 0.6497052035197262, 0.48150278428732673, 0.24950339818964062, 0.007727725548673403, 0.5784835303573221, 0.6145052366867373, 0.6627126952596901, 0.8027811574578625, 0.7258445848422573, 0.5901034855248353], [1.2894690309249235, 1.0198588865850398, 0.0, 0.18541682369432444, 0.5412361831957182, 0.15074685226439818, 0.11744645935281142, 0.6530755184321284, 0.48673299174109985, 0.2434864220728008, 0.008062078829516484, 0.5869801195497955, 0.6390527526057108, 0.6672824115219065, 0.8054161961920512, 0.7428943806144567, 0.6101935320552776], [0.8446654556975086, 0.972649662873857, 0.0, 0.19194181929127457, 0.523761959917208, 0.15456087818927058, 0.11735223041899374, 0.6476336400875566, 0.5237548057946289, 0.24649890026058907, 0.008673665988278678, 0.6059248981412226, 0.6758765631955512, 0.7130962274147244, 0.8127614502093349, 0.7266034288977667, 0.6240719444777972], [0.15084192388131257, 1.1230843537541055, 0.0, 0.1798305899434666, 0.5691695002900564, 0.1442511672649005, 0.24949285778563352, 0.6680250860656807, 0.4249567891139714, 0.2571376460389554, 0.007336964783822175, 0.6078324073888672, 0.6450507830107515, 0.67832278847565, 0.8060868720353117, 0.7222356863596997, 0.6153280205983115], [0.010525876234842801, 1.0130142362111203, 0.0, 0.17359856164805315, 0.5453889613377243, 0.14678628230696367, 0.23439280049649866, 0.6652712125452418, 0.45421105251938143, 0.2453906951566316, 0.00822905385914674, 0.625978460192776, 0.661744513366422, 0.7083351797378962, 0.8128159995966128, 0.7245751683252383, 0.6370381335700492]]}