{"labels_1": ["1", "2", "3", "4", "5", "6", "7", "8", "9"], "labels_2": ["1", "2", "3", "4", "5", "6", "7", "8", "9"], "adj_matrix_1": [[0.0, 0.22976, 0.00924, 0.2, 0.284, 0.28528, 0.29441, 0.20972, 0.15327], [0.22976, 0.0, 0.22588, 0.05186, 0.15543, 0.16271, 0.28231, 0.03595, 0.11454], [0.00924, 0.22588, 0.0, 0.19466, 0.28478, 0.28635, 0.29886, 0.20493, 0.14624], [0.2, 0.05186, 0.19466, 0.0, 0.19781, 0.20431, 0.30637, 0.01609, 0.06532], [0.284, 0.15543, 0.28478, 0.19781, 0.0, 0.00838, 0.16192, 0.18537, 0.24166], [0.28528, 0.16271, 0.28635, 0.20431, 0.00838, 0.0, 0.15438, 0.19216, 0.2469], [0.29441, 0.28231, 0.29886, 0.30637, 0.16192, 0.15438, 0.0, 0.29994, 0.32346], [0.20972, 0.03595, 0.20493, 0.01609, 0.18537, 0.19216, 0.29994, 0.0, 0.08083], [0.15327, 0.11454, 0.14624, 0.06532, 0.24166, 0.2469, 0.32346, 0.08083, 0.0]], "adj_matrix_2": [[0.0, 0.18975, 0.08099, 0.0705, 0.16749, 0.1737, 0.22443, 0.06923, 0.09423], [0.18975, 0.0, 0.11406, 0.2487, 0.02448, 0.01769, 0.0394, 0.2477, 0.26691], [0.08099, 0.11406, 0.0, 0.14847, 0.09024, 0.09689, 0.15172, 0.14729, 0.17047], [0.0705, 0.2487, 0.14847, 0.0, 0.22858, 0.23422, 0.27964, 0.00129, 0.02438], [0.16749, 0.02448, 0.09024, 0.22858, 0.0, 0.0068, 0.06374, 0.22755, 0.2477], [0.1737, 0.01769, 0.09689, 0.23422, 0.0068, 0.0, 0.057, 0.23321, 0.2531], [0.22443, 0.0394, 0.15172, 0.27964, 0.06374, 0.057, 0.0, 0.27875, 0.29634], [0.06923, 0.2477, 0.14729, 0.00129, 0.22755, 0.23321, 0.27875, 0.0, 0.02567], [0.09423, 0.26691, 0.17047, 0.02438, 0.2477, 0.2531, 0.29634, 0.02567, 0.0]], "features_1": [[0.8020089232052077, 0.9187622971386891, 0.0, 0.23688069941891887, 0.5349353925712601, 0.13300837603943771, 0.19471153940558708, 0.6759717689726346, 0.3821774686066379, 0.20678532417393924, 0.007727725548673403, 0.5907128125079628, 0.6318975608866206, 0.659759078651251, 0.7758008523519155, 0.6912827086295613, 0.5977271523223623], [0.2958158065544594, 0.972299755298234, 0.0, 0.2146119204488659, 0.5438290047245251, 0.1369612460131319, 0.2346373404474825, 0.6737452071841826, 0.40362579535700727, 0.2231703659734483, 0.007504523810135222, 0.6043798630356454, 0.6432167814490547, 0.647851800179564, 0.791485656444922, 0.7159069800974571, 0.6061893759982316], [0.7056139170389892, 1.1067822775782388, 0.0, 0.24196192682344897, 0.5774901876236348, 0.1329819464388826, 0.19093835238426352, 0.6762277781352799, 0.3787269771853716, 0.24249784269584196, 0.007504523810135222, 0.5898610467498875, 0.6351186464538019, 0.6610297506777653, 0.7769908689781266, 0.7027897479526312, 0.5959793200078085], [0.38596780823052024, 1.0259107038392443, 0.0, 0.221887403921146, 0.560757643293569, 0.13349471114674086, 0.19434187992200477, 0.6755518051538846, 0.3809551471106978, 0.23141251727185153, 0.007504523810135222, 0.6060887431624833, 0.6339856937631921, 0.6673454625734712, 0.7780085158573133, 0.6902891486325096, 0.6046488679756001], [0.5327185965656964, 1.0059482523508811, 0.0, 0.21391918049122877, 0.5511414599354493, 0.13834226352592832, 0.22996928361001281, 0.6731240456278986, 0.40484898020256943, 0.22740703383215655, 0.00716927026363523, 0.6085193977638372, 0.6284140381885631, 0.6437649772152501, 0.7966537037366932, 0.7019034673854875, 0.6058655932844019], [0.3100331389337003, 1.0716865902744257, 0.0, 0.24648829243121956, 0.569784109209789, 0.13579631386629323, 0.21261414382927768, 0.6746579606624676, 0.39382386425669647, 0.24134584397465764, 0.007504523810135222, 0.6115314271640069, 0.6336862079606518, 0.6646956707643823, 0.7878533380250117, 0.711672132407684, 0.613733769947142], [0.04056413859665886, 1.0092315267435257, 0.0, 0.24929276050171728, 0.5595904709475217, 0.12997693189165554, 0.19111962048467887, 0.6791153699385224, 0.3719418740806666, 0.22632077140547469, 0.00783923647221818, 0.619011263478551, 0.6227111185684286, 0.6540023562548342, 0.7714995030352462, 0.6984044376477095, 0.5888049650847721], [0.4675039296603498, 1.1136654370315073, 0.0, 0.2314375477831052, 0.5763200879072822, 0.13552138850600676, 0.24636968167001427, 0.6758819112305819, 0.3903167898557649, 0.24391489729858784, 0.007504523810135222, 0.6041927251807797, 0.6372558467131582, 0.6628866530094482, 0.7914895699424068, 0.7060629202454253, 0.6080547688479949], [1.104095581585952, 1.087449258886814, 0.0, 0.3237599646483719, 0.5777350117454081, 0.12707191033883766, 0.22360376421000366, 0.682332507179511, 0.3714854242952481, 0.23141618077057702, 0.007616154688146137, 0.5886326984095565, 0.6234791537280528, 0.64233549812568, 0.768217442840534, 0.6965719290166129, 0.5685784309981724]], "features_2": [[-0.19444084345779533, 0.6320055423215392, 0.0, 0.22497466361947882, 0.45909721553203925, 0.1366440203283722, 0.5190559081983672, 0.6800528300164947, 0.3840144797024079, 0.15175025355544958, 0.007392832833969631, 0.619636191316566, 0.6747981319076553, 0.7077783745469124, 0.8063957879384284, 0.7406894844790671, 0.6244731438255804], [-0.3407425906839543, 0.6807623586092266, 0.0, 0.24442152871442874, 0.46906364851746657, 0.137892551161533, 0.42724735395414515, 0.6758582484911811, 0.4055293165144256, 0.16647836366457325, 0.007950687539111767, 0.6425772029045533, 0.6832033419282371, 0.7155372748232651, 0.8004969217756, 0.7194876237022418, 0.6257995669660646], [-0.3368753078510709, 0.7342687884715295, 0.0, 0.2216523873254821, 0.49453228980188335, 0.1363806184850174, 0.5125389011356447, 0.6800300501777874, 0.39523999225692186, 0.1769960048838497, 0.00783923647221818, 0.6342020911440729, 0.6843037273403605, 0.7236233746064374, 0.8055907939101348, 0.7274450371689696, 0.6290827424465786], [-0.2504083899540359, 0.7267401180137468, 0.0, 0.2470853926087871, 0.48943495265008186, 0.13734842352397697, 0.5238881349038784, 0.6800440878187173, 0.39806074710355355, 0.17636109429511726, 0.007727725548673403, 0.6199600036749131, 0.6744474167789297, 0.7206174636224794, 0.8109653984801858, 0.7242171816260313, 0.6252417066528152], [-0.0323738982651407, 0.7173561523170957, 0.0, 0.2334061304125667, 0.4825243368151236, 0.13279831627733388, 0.30994991426303214, 0.6787620378478592, 0.3936699926975784, 0.1693294387955857, 0.007950687539111767, 0.6301170006066248, 0.6779951712178605, 0.6969304127629123, 0.7881931770590072, 0.711905213771084, 0.6077634952693935], [-0.4205822673634625, 0.7559923708942775, 0.0, 0.21842124471996416, 0.4958651940055716, 0.1372670132751656, 0.41180669857213914, 0.6772697275869148, 0.4056820262774643, 0.18439578220227504, 0.007727725548673403, 0.6398801638288496, 0.680348646448079, 0.7115451282871129, 0.8038348627396595, 0.7057420390222539, 0.6283678247944218], [-0.35971925476108213, 0.747316073168612, 0.0, 0.24653907889173912, 0.4860457215121622, 0.14031755205823312, 0.4549622712324428, 0.6756041497703618, 0.41349398267491644, 0.18551919252828664, 0.007504523810135222, 0.6417902615255058, 0.6803232211088912, 0.7171384661370921, 0.8108913291925777, 0.7218727309886183, 0.6215049178875334], [-0.14537637848301, 0.8012789956263361, 0.0, 0.17834684561567277, 0.5045366614823493, 0.12897755613115103, 0.22470900398254515, 0.6805711543889321, 0.35842081611846366, 0.18242989104931517, 0.007671947615560004, 0.616386452883547, 0.6421142335605332, 0.6731127903522575, 0.7730300713659262, 0.6817401725606297, 0.5837064687821637], [-0.1160846727205862, 0.7886584861884954, 0.0, 0.19933004622406056, 0.49494676228109125, 0.1344514941368122, 0.2335058898427583, 0.6754453832246126, 0.3854171714855952, 0.18565140369930466, 0.007504523810135222, 0.6177431450964233, 0.6514430742924614, 0.6769560016546009, 0.7856597152180871, 0.7144820059881715, 0.5956384468310133]]}