{"labels_1": ["1", "2", "3", "4", "5", "6", "7", "8", "9"], "labels_2": ["1", "2", "3", "4", "5", "6", "7", "8", "9"], "adj_matrix_1": [[0.0, 0.1606, 0.09249, 0.03509, 0.34328, 0.10524, 0.30537, 0.29275, 0.3267], [0.1606, 0.0, 0.07067, 0.12718, 0.22608, 0.05776, 0.17109, 0.15438, 0.20096], [0.09249, 0.07067, 0.0, 0.05781, 0.28078, 0.01305, 0.23269, 0.21753, 0.25916], [0.03509, 0.12718, 0.05781, 0.0, 0.32091, 0.07073, 0.27906, 0.26542, 0.3024], [0.34328, 0.22608, 0.28078, 0.32091, 0.0, 0.27124, 0.065, 0.08307, 0.0309], [0.10524, 0.05776, 0.01305, 0.07073, 0.27124, 0.0, 0.22178, 0.20631, 0.24893], [0.30537, 0.17109, 0.23269, 0.27906, 0.065, 0.22178, 0.0, 0.01848, 0.0344], [0.29275, 0.15438, 0.21753, 0.26542, 0.08307, 0.20631, 0.01848, 0.0, 0.05275], [0.3267, 0.20096, 0.25916, 0.3024, 0.0309, 0.24893, 0.0344, 0.05275, 0.0]], "adj_matrix_2": [[0.0, 0.24968, 0.0751, 0.13005, 0.05967, 0.19546, 0.29195, 0.28597, 0.33981], [0.24968, 0.0, 0.30797, 0.13327, 0.19901, 0.06471, 0.29394, 0.04944, 0.14174], [0.0751, 0.30797, 0.0, 0.2004, 0.1334, 0.26047, 0.28277, 0.33823, 0.37806], [0.13005, 0.13327, 0.2004, 0.0, 0.07184, 0.07067, 0.30073, 0.17828, 0.25442], [0.05967, 0.19901, 0.1334, 0.07184, 0.0, 0.14037, 0.29734, 0.23963, 0.30409], [0.19546, 0.06471, 0.26047, 0.07067, 0.14037, 0.0, 0.29976, 0.11277, 0.19855], [0.29195, 0.29394, 0.28277, 0.30073, 0.29734, 0.29976, 0.0, 0.28511, 0.25544], [0.28597, 0.04944, 0.33823, 0.17828, 0.23963, 0.11277, 0.28511, 0.0, 0.09533], [0.33981, 0.14174, 0.37806, 0.25442, 0.30409, 0.19855, 0.25544, 0.09533, 0.0]], "features_1": [[-0.3636336298668015, 0.8294207200369333, 0.0, 0.22366512924662968, 0.5175587009605812, 0.13116900345216995, 0.33303580456810167, 0.682141508802586, 0.37887620324430404, 0.19102664173176698, 0.007448685839370306, 0.6327528583661248, 0.681020912877873, 0.6961765679115525, 0.7938833850179183, 0.7286286214258645, 0.6213797019104297], [-0.15306438694673252, 0.8274256687748258, 0.0, 0.20486638038291555, 0.5142448109124135, 0.1359542074533548, 0.3568384957438049, 0.6797085708540597, 0.43233587424395226, 0.19890840215050232, 0.007727725548673403, 0.6309054252635762, 0.6826620786404203, 0.7241981929901471, 0.8071092684458556, 0.7107689653921303, 0.6291048418296986], [-0.3641018080798095, 0.9295513195284721, 0.0, 0.22199115106033956, 0.5438607522787395, 0.13171379091758634, 0.34183768201408854, 0.6816611966610349, 0.38679889270327084, 0.21264675382745346, 0.0069454663283523566, 0.6310539894892073, 0.6661912587382548, 0.6992710688699352, 0.7958411430678214, 0.7205524665677268, 0.6251094572653115], [-0.35298687933962114, 0.8959055256863604, 0.0, 0.21561912842782438, 0.5288417073252063, 0.13602911729568057, 0.29680352056423376, 0.6767550501713531, 0.39947885326390553, 0.21057442806243776, 0.007727725548673403, 0.634668522234769, 0.6743772059011967, 0.6993471663546522, 0.8015807843593594, 0.7329081284966932, 0.6304301048002378], [-0.13558270307222964, 0.7190495436002389, 0.0, 0.22568193421743832, 0.46811934081404555, 0.14627494958179457, 0.24664186034328991, 0.6651204514146707, 0.49318333053609575, 0.18576223364858646, 0.008451478759474051, 0.6362820513557148, 0.6950427991502824, 0.7142825188506033, 0.815963067576828, 0.7200841121509816, 0.6538047421904858], [-0.23621386266093447, 0.8840067079670548, 0.0, 0.2395341279707686, 0.5287637056141573, 0.1353700774907064, 0.31383816975292544, 0.6781750570926419, 0.4156208498865184, 0.20903156794840627, 0.007504523810135222, 0.6333493787831155, 0.6731951418045873, 0.705337267725262, 0.8015210023674776, 0.7229520023344636, 0.6341460435027284], [-0.04935937455307249, 0.8342235607106633, 0.0, 0.24842406124710764, 0.5059850524854423, 0.1371817243813204, 0.25557298644993054, 0.6748094754529548, 0.42100729768328393, 0.19935752347152835, 0.008062078829516484, 0.6204902199262041, 0.6583905712399745, 0.690795424058593, 0.8010944622944057, 0.7185636052612833, 0.6325400974391028], [-0.14220358838026925, 0.7572335258840648, 0.0, 0.23830688416644524, 0.48381908599539697, 0.14000533177925334, 0.22620814188364377, 0.6706893122308966, 0.4445779451527938, 0.18853601826055444, 0.008284682400665488, 0.6243141889749868, 0.6599369059147567, 0.704557718171062, 0.8016795222046367, 0.7215334742350782, 0.6263338547709627], [0.29688056150351105, 0.7973193101852943, 0.0, 0.23986223299372378, 0.49660575720508626, 0.13537597542648563, 0.20123082569652623, 0.6742580105258436, 0.3957943377816773, 0.1844712817813623, 0.007504523810135222, 0.6097457379414046, 0.6450130772164887, 0.6748334157045189, 0.7878797016619072, 0.7322848845363831, 0.6092780915214724]], "features_2": [[-0.5082215722745911, 0.7962060146594012, 0.0, 0.19953318697717318, 0.5083262249575613, 0.13246806966978045, 0.2637862179438407, 0.6795655796900824, 0.4092256517684385, 0.19117508012578233, 0.007504523810135222, 0.6435032647196905, 0.6573318434322567, 0.688566187273355, 0.7906424125412866, 0.704460415318366, 0.625741323509204], [-0.17037402586234007, 0.8253067644886528, 0.0, 0.17160451415956707, 0.5037197219725974, 0.13749330499639684, 0.16726749321029216, 0.671553161840799, 0.4404755641589395, 0.2023407891089477, 0.00783923647221818, 0.6244097368954953, 0.6428452521557033, 0.6760283602281647, 0.7912563990426115, 0.7019824862934618, 0.6132218637239227], [-0.5872580350055028, 0.9323415326064064, 0.0, 0.17986154487287292, 0.5406301537920983, 0.13382267310244753, 0.23185409089160416, 0.6773399381922214, 0.41231878011343737, 0.2219596093398819, 0.007616154688146137, 0.6449603319885182, 0.655890219567183, 0.692168670075788, 0.7888756188801455, 0.693776593267506, 0.6198499551363362], [-0.4255174585541961, 0.9155094072229387, 0.0, 0.18963978934237796, 0.5367121143052426, 0.13503777628361766, 0.2806023812571567, 0.6770345366939037, 0.4167733468835868, 0.21890574286814912, 0.007616154688146137, 0.6390602281865898, 0.6738965079608836, 0.71014013202987, 0.7971013225042825, 0.7096692912829694, 0.6291497594132787], [-0.28592464604634493, 0.8094093701656313, 0.0, 0.17686619278821547, 0.489352995777097, 0.14048713208602548, 0.10404691178439976, 0.6630125791119574, 0.452117628321107, 0.203094758025395, 0.008284682400665488, 0.6378912802893004, 0.6389600428118144, 0.6782459958824469, 0.7843908573610792, 0.6894060868534057, 0.6074217979030544], [-0.4996663313075711, 0.9502154230659852, 0.0, 0.19040092123164157, 0.5356149615947228, 0.1369647300411887, 0.18160946890391685, 0.6712496057503297, 0.42674559169473625, 0.2304397038478989, 0.007950687539111767, 0.6330180115404929, 0.6383059861363325, 0.6794933280868221, 0.7860962466557188, 0.6946987272519316, 0.6147041769601447], [0.35261784775946525, 0.93206019368151, 0.0, 0.15913173040866016, 0.529891297312734, 0.13818597678937705, 0.25827817994152796, 0.6729320001003982, 0.4231353371743316, 0.21847969282115498, 0.008173410423425675, 0.6033712994198148, 0.660481117529554, 0.6764311228666815, 0.7987129019031438, 0.7153431786720383, 0.6177739486851886], [-0.013585348122000518, 0.9340847646845598, 0.0, 0.20758282378219917, 0.5293204464554392, 0.13356585284367717, 0.17334071303464782, 0.6734133942067155, 0.3931040064784528, 0.21692873885635677, 0.007950687539111767, 0.6135652508329399, 0.641093872293798, 0.6787310462228697, 0.7714148470447076, 0.6861296103123964, 0.5927660126171289], [0.01768874927981834, 0.9499949488010995, 0.0, 0.20367317677946334, 0.5323549316822731, 0.13336956085034693, 0.1793817325598262, 0.6745973418370865, 0.39448323929066986, 0.21944714655541864, 0.007727725548673403, 0.6093588937149885, 0.6355159556591204, 0.6659597366099473, 0.7713583515078704, 0.6956616348085004, 0.582900261437755]]}