{"labels_1": ["1", "2", "3", "4", "5", "6", "7", "8", "9"], "labels_2": ["1", "2", "3", "4", "5", "6", "7", "8", "9"], "adj_matrix_1": [[0.0, 0.1606, 0.09249, 0.03509, 0.34328, 0.10524, 0.30537, 0.29275, 0.3267], [0.1606, 0.0, 0.07067, 0.12718, 0.22608, 0.05776, 0.17109, 0.15438, 0.20096], [0.09249, 0.07067, 0.0, 0.05781, 0.28078, 0.01305, 0.23269, 0.21753, 0.25916], [0.03509, 0.12718, 0.05781, 0.0, 0.32091, 0.07073, 0.27906, 0.26542, 0.3024], [0.34328, 0.22608, 0.28078, 0.32091, 0.0, 0.27124, 0.065, 0.08307, 0.0309], [0.10524, 0.05776, 0.01305, 0.07073, 0.27124, 0.0, 0.22178, 0.20631, 0.24893], [0.30537, 0.17109, 0.23269, 0.27906, 0.065, 0.22178, 0.0, 0.01848, 0.0344], [0.29275, 0.15438, 0.21753, 0.26542, 0.08307, 0.20631, 0.01848, 0.0, 0.05275], [0.3267, 0.20096, 0.25916, 0.3024, 0.0309, 0.24893, 0.0344, 0.05275, 0.0]], "adj_matrix_2": [[0.0, 0.1935, 0.06927, 0.03595, 0.10266, 0.07483, 0.12222, 0.33614, 0.21775], [0.1935, 0.0, 0.1296, 0.16095, 0.27999, 0.12425, 0.07714, 0.20544, 0.25116], [0.06927, 0.1296, 0.0, 0.03355, 0.16894, 0.00564, 0.05427, 0.29791, 0.23052], [0.03595, 0.16095, 0.03355, 0.0, 0.13739, 0.03917, 0.08736, 0.31724, 0.22441], [0.10266, 0.27999, 0.16894, 0.13739, 0.0, 0.17414, 0.21769, 0.38065, 0.19804], [0.07483, 0.12425, 0.00564, 0.03917, 0.17414, 0.0, 0.04867, 0.29448, 0.23147], [0.12222, 0.07714, 0.05427, 0.08736, 0.21769, 0.04867, 0.0, 0.26302, 0.23986], [0.33614, 0.20544, 0.29791, 0.31724, 0.38065, 0.29448, 0.26302, 0.0, 0.25078], [0.21775, 0.25116, 0.23052, 0.22441, 0.19804, 0.23147, 0.23986, 0.25078, 0.0]], "features_1": [[-0.3636336298668015, 0.8294207200369333, 0.0, 0.22366512924662968, 0.5175587009605812, 0.13116900345216995, 0.33303580456810167, 0.682141508802586, 0.37887620324430404, 0.19102664173176698, 0.007448685839370306, 0.6327528583661248, 0.681020912877873, 0.6961765679115525, 0.7938833850179183, 0.7286286214258645, 0.6213797019104297], [-0.15306438694673252, 0.8274256687748258, 0.0, 0.20486638038291555, 0.5142448109124135, 0.1359542074533548, 0.3568384957438049, 0.6797085708540597, 0.43233587424395226, 0.19890840215050232, 0.007727725548673403, 0.6309054252635762, 0.6826620786404203, 0.7241981929901471, 0.8071092684458556, 0.7107689653921303, 0.6291048418296986], [-0.3641018080798095, 0.9295513195284721, 0.0, 0.22199115106033956, 0.5438607522787395, 0.13171379091758634, 0.34183768201408854, 0.6816611966610349, 0.38679889270327084, 0.21264675382745346, 0.0069454663283523566, 0.6310539894892073, 0.6661912587382548, 0.6992710688699352, 0.7958411430678214, 0.7205524665677268, 0.6251094572653115], [-0.35298687933962114, 0.8959055256863604, 0.0, 0.21561912842782438, 0.5288417073252063, 0.13602911729568057, 0.29680352056423376, 0.6767550501713531, 0.39947885326390553, 0.21057442806243776, 0.007727725548673403, 0.634668522234769, 0.6743772059011967, 0.6993471663546522, 0.8015807843593594, 0.7329081284966932, 0.6304301048002378], [-0.13558270307222964, 0.7190495436002389, 0.0, 0.22568193421743832, 0.46811934081404555, 0.14627494958179457, 0.24664186034328991, 0.6651204514146707, 0.49318333053609575, 0.18576223364858646, 0.008451478759474051, 0.6362820513557148, 0.6950427991502824, 0.7142825188506033, 0.815963067576828, 0.7200841121509816, 0.6538047421904858], [-0.23621386266093447, 0.8840067079670548, 0.0, 0.2395341279707686, 0.5287637056141573, 0.1353700774907064, 0.31383816975292544, 0.6781750570926419, 0.4156208498865184, 0.20903156794840627, 0.007504523810135222, 0.6333493787831155, 0.6731951418045873, 0.705337267725262, 0.8015210023674776, 0.7229520023344636, 0.6341460435027284], [-0.04935937455307249, 0.8342235607106633, 0.0, 0.24842406124710764, 0.5059850524854423, 0.1371817243813204, 0.25557298644993054, 0.6748094754529548, 0.42100729768328393, 0.19935752347152835, 0.008062078829516484, 0.6204902199262041, 0.6583905712399745, 0.690795424058593, 0.8010944622944057, 0.7185636052612833, 0.6325400974391028], [-0.14220358838026925, 0.7572335258840648, 0.0, 0.23830688416644524, 0.48381908599539697, 0.14000533177925334, 0.22620814188364377, 0.6706893122308966, 0.4445779451527938, 0.18853601826055444, 0.008284682400665488, 0.6243141889749868, 0.6599369059147567, 0.704557718171062, 0.8016795222046367, 0.7215334742350782, 0.6263338547709627], [0.29688056150351105, 0.7973193101852943, 0.0, 0.23986223299372378, 0.49660575720508626, 0.13537597542648563, 0.20123082569652623, 0.6742580105258436, 0.3957943377816773, 0.1844712817813623, 0.007504523810135222, 0.6097457379414046, 0.6450130772164887, 0.6748334157045189, 0.7878797016619072, 0.7322848845363831, 0.6092780915214724]], "features_2": [[-0.22149113057268321, 0.7695035907297162, 0.0, 0.24902152917546105, 0.5019176540742775, 0.1356777113526465, 0.3581270384026617, 0.6797243714592069, 0.4261551582216412, 0.1860434353672067, 0.008173410423425675, 0.6379833873688308, 0.6930300690412036, 0.7168723112151364, 0.8070575774587568, 0.7219671487559071, 0.6070159193980141], [-0.12367389283257602, 0.799700768982082, 0.0, 0.29565612995594, 0.5051929134368545, 0.14023827541723613, 0.3161987842882077, 0.6748303620993192, 0.45200347644507444, 0.19752190444778206, 0.00822905385914674, 0.6351232638208968, 0.6984023935162867, 0.7313609595136775, 0.8136288712869854, 0.729634676659457, 0.624146041320936], [-0.20289242877553715, 0.9161557832487705, 0.0, 0.2622966337636941, 0.5395277518473359, 0.13716660691534485, 0.3260252192835438, 0.6775942822096203, 0.43460178675488703, 0.21870621698103743, 0.007560346756364078, 0.631104018546381, 0.6748819286152983, 0.6937164135339041, 0.8069389909470976, 0.727463543287245, 0.6112962424236618], [-0.22028759772873263, 0.8847938617461554, 0.0, 0.2267548764915706, 0.5292141799235454, 0.1378021741523027, 0.3270634414981153, 0.6770183213302668, 0.43926370824805727, 0.21453614221488415, 0.008340296057933516, 0.6361000262652396, 0.6864940610898319, 0.7108052574259014, 0.8086311775109258, 0.7310631691436885, 0.6168525159571651], [-0.2454096714760472, 0.8174589384172937, 0.0, 0.2609575698978199, 0.5083744308584727, 0.13729482889413638, 0.320106442440764, 0.6763427570752674, 0.4267992013305646, 0.19988362627064138, 0.00822905385914674, 0.6433481275214743, 0.6945736210273372, 0.7297384572326453, 0.8062013132394142, 0.7263814401711077, 0.6146710552565205], [-0.12025639113731978, 0.9514618982387568, 0.0, 0.24896489156799378, 0.5451716791789973, 0.13738154924473142, 0.30432699882395653, 0.6765486654934487, 0.43614988723712744, 0.2265624492032423, 0.008340296057933516, 0.6304253731228031, 0.6790374445654188, 0.6932164878337714, 0.8045513945667958, 0.7275248906050918, 0.6152088423359818], [-0.155385666570941, 0.9364226702046208, 0.0, 0.25605998414467124, 0.5374501979300554, 0.13748882672403973, 0.2773254952025141, 0.675220616424949, 0.4258771472845331, 0.2245068654500384, 0.007894969482732161, 0.6264460164981713, 0.6690176594544412, 0.6871523305649764, 0.8024536463785356, 0.7334463727926825, 0.615373628794813], [0.27915409180221973, 0.9656901388603977, 0.0, 0.2734106438534181, 0.5548208622609899, 0.12708019288586747, 0.35094789392819836, 0.6845269503340682, 0.36298666285759684, 0.2131833635889846, 0.007560346756364078, 0.6027039397591163, 0.6496693834031855, 0.680471765990832, 0.7822266126616803, 0.7088203922679578, 0.5830233023759299], [0.986480470479957, 1.027192223228577, 0.0, 0.3152331385752128, 0.5703695284860424, 0.12646242100128413, 0.32322901306302254, 0.6846945451067038, 0.36601070497080324, 0.22199072305105672, 0.007560346756364078, 0.5838863710025202, 0.6403023790512506, 0.6619429458603122, 0.7789575673046517, 0.7046838116059472, 0.5718162173149871]]}