{"labels_1": ["1", "2", "3", "4", "5", "6", "7", "8", "9"], "labels_2": ["1", "2", "3", "4", "5", "6", "7", "8", "9"], "adj_matrix_1": [[0.0, 0.1606, 0.09249, 0.03509, 0.34328, 0.10524, 0.30537, 0.29275, 0.3267], [0.1606, 0.0, 0.07067, 0.12718, 0.22608, 0.05776, 0.17109, 0.15438, 0.20096], [0.09249, 0.07067, 0.0, 0.05781, 0.28078, 0.01305, 0.23269, 0.21753, 0.25916], [0.03509, 0.12718, 0.05781, 0.0, 0.32091, 0.07073, 0.27906, 0.26542, 0.3024], [0.34328, 0.22608, 0.28078, 0.32091, 0.0, 0.27124, 0.065, 0.08307, 0.0309], [0.10524, 0.05776, 0.01305, 0.07073, 0.27124, 0.0, 0.22178, 0.20631, 0.24893], [0.30537, 0.17109, 0.23269, 0.27906, 0.065, 0.22178, 0.0, 0.01848, 0.0344], [0.29275, 0.15438, 0.21753, 0.26542, 0.08307, 0.20631, 0.01848, 0.0, 0.05275], [0.3267, 0.20096, 0.25916, 0.3024, 0.0309, 0.24893, 0.0344, 0.05275, 0.0]], "adj_matrix_2": [[0.0, 0.2743, 0.15581, 0.10614, 0.26413, 0.16075, 0.28561, 0.12889, 0.34643], [0.2743, 0.0, 0.14275, 0.18941, 0.01499, 0.13781, 0.01766, 0.16876, 0.18824], [0.15581, 0.14275, 0.0, 0.05246, 0.12899, 0.0054, 0.15861, 0.0288, 0.28397], [0.10614, 0.18941, 0.05246, 0.0, 0.17665, 0.0578, 0.20401, 0.02377, 0.30891], [0.26413, 0.01499, 0.12899, 0.17665, 0.0, 0.12397, 0.0326, 0.15552, 0.19976], [0.16075, 0.13781, 0.0054, 0.0578, 0.12397, 0.0, 0.15378, 0.03419, 0.28118], [0.28561, 0.01766, 0.15861, 0.20401, 0.0326, 0.15378, 0.0, 0.18392, 0.17414], [0.12889, 0.16876, 0.0288, 0.02377, 0.15552, 0.03419, 0.18392, 0.0, 0.29831], [0.34643, 0.18824, 0.28397, 0.30891, 0.19976, 0.28118, 0.17414, 0.29831, 0.0]], "features_1": [[-0.3636336298668015, 0.8294207200369333, 0.0, 0.22366512924662968, 0.5175587009605812, 0.13116900345216995, 0.33303580456810167, 0.682141508802586, 0.37887620324430404, 0.19102664173176698, 0.007448685839370306, 0.6327528583661248, 0.681020912877873, 0.6961765679115525, 0.7938833850179183, 0.7286286214258645, 0.6213797019104297], [-0.15306438694673252, 0.8274256687748258, 0.0, 0.20486638038291555, 0.5142448109124135, 0.1359542074533548, 0.3568384957438049, 0.6797085708540597, 0.43233587424395226, 0.19890840215050232, 0.007727725548673403, 0.6309054252635762, 0.6826620786404203, 0.7241981929901471, 0.8071092684458556, 0.7107689653921303, 0.6291048418296986], [-0.3641018080798095, 0.9295513195284721, 0.0, 0.22199115106033956, 0.5438607522787395, 0.13171379091758634, 0.34183768201408854, 0.6816611966610349, 0.38679889270327084, 0.21264675382745346, 0.0069454663283523566, 0.6310539894892073, 0.6661912587382548, 0.6992710688699352, 0.7958411430678214, 0.7205524665677268, 0.6251094572653115], [-0.35298687933962114, 0.8959055256863604, 0.0, 0.21561912842782438, 0.5288417073252063, 0.13602911729568057, 0.29680352056423376, 0.6767550501713531, 0.39947885326390553, 0.21057442806243776, 0.007727725548673403, 0.634668522234769, 0.6743772059011967, 0.6993471663546522, 0.8015807843593594, 0.7329081284966932, 0.6304301048002378], [-0.13558270307222964, 0.7190495436002389, 0.0, 0.22568193421743832, 0.46811934081404555, 0.14627494958179457, 0.24664186034328991, 0.6651204514146707, 0.49318333053609575, 0.18576223364858646, 0.008451478759474051, 0.6362820513557148, 0.6950427991502824, 0.7142825188506033, 0.815963067576828, 0.7200841121509816, 0.6538047421904858], [-0.23621386266093447, 0.8840067079670548, 0.0, 0.2395341279707686, 0.5287637056141573, 0.1353700774907064, 0.31383816975292544, 0.6781750570926419, 0.4156208498865184, 0.20903156794840627, 0.007504523810135222, 0.6333493787831155, 0.6731951418045873, 0.705337267725262, 0.8015210023674776, 0.7229520023344636, 0.6341460435027284], [-0.04935937455307249, 0.8342235607106633, 0.0, 0.24842406124710764, 0.5059850524854423, 0.1371817243813204, 0.25557298644993054, 0.6748094754529548, 0.42100729768328393, 0.19935752347152835, 0.008062078829516484, 0.6204902199262041, 0.6583905712399745, 0.690795424058593, 0.8010944622944057, 0.7185636052612833, 0.6325400974391028], [-0.14220358838026925, 0.7572335258840648, 0.0, 0.23830688416644524, 0.48381908599539697, 0.14000533177925334, 0.22620814188364377, 0.6706893122308966, 0.4445779451527938, 0.18853601826055444, 0.008284682400665488, 0.6243141889749868, 0.6599369059147567, 0.704557718171062, 0.8016795222046367, 0.7215334742350782, 0.6263338547709627], [0.29688056150351105, 0.7973193101852943, 0.0, 0.23986223299372378, 0.49660575720508626, 0.13537597542648563, 0.20123082569652623, 0.6742580105258436, 0.3957943377816773, 0.1844712817813623, 0.007504523810135222, 0.6097457379414046, 0.6450130772164887, 0.6748334157045189, 0.7878797016619072, 0.7322848845363831, 0.6092780915214724]], "features_2": [[0.0006926397177355881, 0.9304673610887203, 0.0, 0.16527878884145109, 0.5535934001786326, 0.12756357032548338, 0.3817935237588756, 0.6854528435951042, 0.378446552767693, 0.20740409652337144, 0.007616154688146137, 0.6216868761403957, 0.6642924751020488, 0.6824840926362543, 0.7880208900365853, 0.7115337131483392, 0.5927701979616627], [0.13130658403979467, 0.8976778682076312, 0.0, 0.1882199558411018, 0.5418796716215752, 0.13143793699821477, 0.34627487843075644, 0.6820650657537337, 0.3990131022053487, 0.2052042734899946, 0.008173410423425675, 0.6114141122139933, 0.6567443980032437, 0.6730430961552036, 0.7949246646273921, 0.7161015295257952, 0.6130552635634051], [0.07067647882268302, 1.0638483960481213, 0.0, 0.17080450414419343, 0.5860562214947231, 0.1264888027668454, 0.392323555470287, 0.6862003247632553, 0.3708353594973046, 0.23027599025540457, 0.007727725548673403, 0.6151391951601988, 0.6632618143018197, 0.67506661914487, 0.786103707815725, 0.7104032428037307, 0.5918550337222288], [0.0491199133898883, 1.0574807115546498, 0.0, 0.1698519771484506, 0.5818298606887723, 0.12757680729196053, 0.37444366733148016, 0.6854491164176857, 0.36553215979068754, 0.22951885258610338, 0.007225183508792421, 0.6131898949625687, 0.6687705167985109, 0.6909984089564492, 0.7885625829554901, 0.7133079894911833, 0.5877271047144339], [-0.10643052665747543, 0.8559178657685578, 0.0, 0.19622453734570458, 0.5243046585021325, 0.13392058671707202, 0.2884488596400317, 0.6786211959421746, 0.39918576989116694, 0.20179363853882815, 0.00783923647221818, 0.6135083974971596, 0.6552512046019549, 0.6775475210348073, 0.7951390814550241, 0.7094188673884537, 0.6199185133577293], [-0.11590925598067114, 1.0324268484785413, 0.0, 0.176418257978812, 0.5750601794104794, 0.1287072786597487, 0.34212532086685454, 0.6839135051963192, 0.3759939733400215, 0.22915419082887878, 0.007336964783822175, 0.6182321560228723, 0.6566042394714954, 0.6889213970303805, 0.7877461097883166, 0.7083764818937427, 0.6040148161933105], [-0.1518410135755981, 1.0565293648336482, 0.0, 0.1725675548993487, 0.5767233975621293, 0.12427048568846286, 0.3767247557314555, 0.6867184006009381, 0.33869886692185913, 0.22448284285738218, 0.00677745458930179, 0.6086533332509123, 0.649028761440659, 0.6804571429322919, 0.7768813440399843, 0.7140853830673006, 0.5629223041531333], [-0.14371671742453307, 0.9564525428081788, 0.0, 0.2016134258709765, 0.5370444861808249, 0.1312163947089642, 0.17302852850613776, 0.6770035727492019, 0.3613371329120152, 0.21686814135840016, 0.007448685839370306, 0.6192050866524945, 0.6415981427208759, 0.6709727341875862, 0.7714284150174799, 0.6982564599348947, 0.5763418473132147], [0.022174218395131007, 1.056009465024044, 0.0, 0.17617991171679195, 0.563722528980077, 0.12602214032445022, 0.2100581903234165, 0.6823809105611318, 0.3314814655145506, 0.22613247853707819, 0.00711334193318236, 0.6040403903328384, 0.6358556513037348, 0.6486190667077364, 0.7620184894079509, 0.6994430704140435, 0.5552096728617376]]}