{"labels_1": ["1", "2", "3", "4", "5", "6", "7", "8", "9"], "labels_2": ["1", "2", "3", "4", "5", "6", "7", "8", "9"], "adj_matrix_1": [[0.0, 0.1606, 0.09249, 0.03509, 0.34328, 0.10524, 0.30537, 0.29275, 0.3267], [0.1606, 0.0, 0.07067, 0.12718, 0.22608, 0.05776, 0.17109, 0.15438, 0.20096], [0.09249, 0.07067, 0.0, 0.05781, 0.28078, 0.01305, 0.23269, 0.21753, 0.25916], [0.03509, 0.12718, 0.05781, 0.0, 0.32091, 0.07073, 0.27906, 0.26542, 0.3024], [0.34328, 0.22608, 0.28078, 0.32091, 0.0, 0.27124, 0.065, 0.08307, 0.0309], [0.10524, 0.05776, 0.01305, 0.07073, 0.27124, 0.0, 0.22178, 0.20631, 0.24893], [0.30537, 0.17109, 0.23269, 0.27906, 0.065, 0.22178, 0.0, 0.01848, 0.0344], [0.29275, 0.15438, 0.21753, 0.26542, 0.08307, 0.20631, 0.01848, 0.0, 0.05275], [0.3267, 0.20096, 0.25916, 0.3024, 0.0309, 0.24893, 0.0344, 0.05275, 0.0]], "adj_matrix_2": [[0.0, 0.3273, 0.19766, 0.06248, 0.23752, 0.16501, 0.30962, 0.1976, 0.26008], [0.3273, 0.0, 0.1778, 0.29308, 0.1317, 0.21122, 0.02921, 0.34614, 0.22817], [0.19766, 0.1778, 0.0, 0.14353, 0.04966, 0.03813, 0.15083, 0.30821, 0.25703], [0.06248, 0.29308, 0.14353, 0.0, 0.18801, 0.10778, 0.27199, 0.23948, 0.26498], [0.23752, 0.1317, 0.04966, 0.18801, 0.0, 0.08722, 0.10353, 0.32318, 0.25063], [0.16501, 0.21122, 0.03813, 0.10778, 0.08722, 0.0, 0.18541, 0.2943, 0.26113], [0.30962, 0.02921, 0.15083, 0.27199, 0.10353, 0.18541, 0.0, 0.34254, 0.23313], [0.1976, 0.34614, 0.30821, 0.23948, 0.32318, 0.2943, 0.34254, 0.0, 0.17733], [0.26008, 0.22817, 0.25703, 0.26498, 0.25063, 0.26113, 0.23313, 0.17733, 0.0]], "features_1": [[-0.3636336298668015, 0.8294207200369333, 0.0, 0.22366512924662968, 0.5175587009605812, 0.13116900345216995, 0.33303580456810167, 0.682141508802586, 0.37887620324430404, 0.19102664173176698, 0.007448685839370306, 0.6327528583661248, 0.681020912877873, 0.6961765679115525, 0.7938833850179183, 0.7286286214258645, 0.6213797019104297], [-0.15306438694673252, 0.8274256687748258, 0.0, 0.20486638038291555, 0.5142448109124135, 0.1359542074533548, 0.3568384957438049, 0.6797085708540597, 0.43233587424395226, 0.19890840215050232, 0.007727725548673403, 0.6309054252635762, 0.6826620786404203, 0.7241981929901471, 0.8071092684458556, 0.7107689653921303, 0.6291048418296986], [-0.3641018080798095, 0.9295513195284721, 0.0, 0.22199115106033956, 0.5438607522787395, 0.13171379091758634, 0.34183768201408854, 0.6816611966610349, 0.38679889270327084, 0.21264675382745346, 0.0069454663283523566, 0.6310539894892073, 0.6661912587382548, 0.6992710688699352, 0.7958411430678214, 0.7205524665677268, 0.6251094572653115], [-0.35298687933962114, 0.8959055256863604, 0.0, 0.21561912842782438, 0.5288417073252063, 0.13602911729568057, 0.29680352056423376, 0.6767550501713531, 0.39947885326390553, 0.21057442806243776, 0.007727725548673403, 0.634668522234769, 0.6743772059011967, 0.6993471663546522, 0.8015807843593594, 0.7329081284966932, 0.6304301048002378], [-0.13558270307222964, 0.7190495436002389, 0.0, 0.22568193421743832, 0.46811934081404555, 0.14627494958179457, 0.24664186034328991, 0.6651204514146707, 0.49318333053609575, 0.18576223364858646, 0.008451478759474051, 0.6362820513557148, 0.6950427991502824, 0.7142825188506033, 0.815963067576828, 0.7200841121509816, 0.6538047421904858], [-0.23621386266093447, 0.8840067079670548, 0.0, 0.2395341279707686, 0.5287637056141573, 0.1353700774907064, 0.31383816975292544, 0.6781750570926419, 0.4156208498865184, 0.20903156794840627, 0.007504523810135222, 0.6333493787831155, 0.6731951418045873, 0.705337267725262, 0.8015210023674776, 0.7229520023344636, 0.6341460435027284], [-0.04935937455307249, 0.8342235607106633, 0.0, 0.24842406124710764, 0.5059850524854423, 0.1371817243813204, 0.25557298644993054, 0.6748094754529548, 0.42100729768328393, 0.19935752347152835, 0.008062078829516484, 0.6204902199262041, 0.6583905712399745, 0.690795424058593, 0.8010944622944057, 0.7185636052612833, 0.6325400974391028], [-0.14220358838026925, 0.7572335258840648, 0.0, 0.23830688416644524, 0.48381908599539697, 0.14000533177925334, 0.22620814188364377, 0.6706893122308966, 0.4445779451527938, 0.18853601826055444, 0.008284682400665488, 0.6243141889749868, 0.6599369059147567, 0.704557718171062, 0.8016795222046367, 0.7215334742350782, 0.6263338547709627], [0.29688056150351105, 0.7973193101852943, 0.0, 0.23986223299372378, 0.49660575720508626, 0.13537597542648563, 0.20123082569652623, 0.6742580105258436, 0.3957943377816773, 0.1844712817813623, 0.007504523810135222, 0.6097457379414046, 0.6450130772164887, 0.6748334157045189, 0.7878797016619072, 0.7322848845363831, 0.6092780915214724]], "features_2": [[0.0007862779545213527, 0.9902131293390525, 0.0, 0.20132926234143148, 0.5643122133941326, 0.1266489758679715, 0.35087278181832177, 0.6851180493352891, 0.35994377995622173, 0.21644611982618023, 0.007225183508792421, 0.6123015227903341, 0.6622465155159497, 0.6796377269478875, 0.7778855857567135, 0.6986919160731514, 0.579501376776601], [-0.2878990876095635, 0.9474435802466543, 0.0, 0.18269358353673448, 0.5477405935269576, 0.12831994045913286, 0.28050702131138794, 0.6827006852970177, 0.3594392611144541, 0.21158484124621735, 0.00711334193318236, 0.6285895229695788, 0.6521266513325504, 0.6723622097235664, 0.7799164986595346, 0.68323954558258, 0.5822906607095534], [-0.08923622066296222, 1.1408884702097228, 0.0, 0.18694403478835941, 0.5947538810450428, 0.12823168280583286, 0.32686506418054295, 0.6830434112758563, 0.3665762029129571, 0.2467650018893821, 0.007392832833969631, 0.6200532901001159, 0.6483906577344649, 0.6742265550141291, 0.7764830371424135, 0.6879823491324476, 0.5924090746597264], [-0.031138646864310893, 1.1324484929586, 0.0, 0.2181526545209367, 0.5944343338883613, 0.1298952376164719, 0.37604692338787443, 0.6831011743858018, 0.38259260818801577, 0.24859775466681677, 0.007560346756364078, 0.6118153107178499, 0.6641228489488276, 0.6904163033174343, 0.7867518791321894, 0.696837537989882, 0.605857042480923], [-0.2815559312513152, 0.9773360035739685, 0.0, 0.18225313282482256, 0.5535184836745047, 0.12831542888938655, 0.24682819474806336, 0.6818061043940638, 0.3602185275148959, 0.21933643221813548, 0.00711334193318236, 0.6223574442016904, 0.6475073121127005, 0.6614111043378135, 0.7754010697665714, 0.6949792271078824, 0.583304477692838], [-0.16690496347520556, 1.1049691410390707, 0.0, 0.17493152193524017, 0.5867704644960101, 0.12969696844447984, 0.2914787881676368, 0.6813613738750918, 0.3705836564956482, 0.24323488745696453, 0.007281081678807366, 0.6145566981757371, 0.6494069882535145, 0.6747023914132396, 0.780007181603998, 0.6797378547058406, 0.6059089288549203], [-0.22909166911900058, 1.1243189927397639, 0.0, 0.19448336251102827, 0.5984572577478211, 0.1283522455695424, 0.41289344472547074, 0.6848241078684796, 0.3673400329070047, 0.2447814510162527, 0.00711334193318236, 0.6228708919444212, 0.6698752496051291, 0.683572119618715, 0.7884703628215262, 0.6878879763882234, 0.615968445630928], [0.591165598404463, 1.0385692229047783, 0.0, 0.250482408349535, 0.5708404985798531, 0.12376206227456733, 0.18466677552157834, 0.684199188221751, 0.3328150735284694, 0.21815559498190162, 0.0069454663283523566, 0.5882519686431675, 0.6058121647180243, 0.6243394379364348, 0.7557227875370565, 0.6748012524585624, 0.5511086167019149], [1.5603323058555496, 1.172206635971832, 0.0, 0.3431052591347583, 0.6107368682447454, 0.11967455608356616, 0.26755099195360116, 0.6885040340436894, 0.3327754745929459, 0.2331425462990353, 0.007001439975721224, 0.560157990208205, 0.6176142173359196, 0.643049712287047, 0.7562919644151995, 0.6673476387409412, 0.5687895338155478]]}