{"labels_1": ["1", "2", "3", "4", "5", "6", "7", "8", "9"], "labels_2": ["1", "2", "3", "4", "5", "6", "7", "8", "9"], "adj_matrix_1": [[0.0, 0.1606, 0.09249, 0.03509, 0.34328, 0.10524, 0.30537, 0.29275, 0.3267], [0.1606, 0.0, 0.07067, 0.12718, 0.22608, 0.05776, 0.17109, 0.15438, 0.20096], [0.09249, 0.07067, 0.0, 0.05781, 0.28078, 0.01305, 0.23269, 0.21753, 0.25916], [0.03509, 0.12718, 0.05781, 0.0, 0.32091, 0.07073, 0.27906, 0.26542, 0.3024], [0.34328, 0.22608, 0.28078, 0.32091, 0.0, 0.27124, 0.065, 0.08307, 0.0309], [0.10524, 0.05776, 0.01305, 0.07073, 0.27124, 0.0, 0.22178, 0.20631, 0.24893], [0.30537, 0.17109, 0.23269, 0.27906, 0.065, 0.22178, 0.0, 0.01848, 0.0344], [0.29275, 0.15438, 0.21753, 0.26542, 0.08307, 0.20631, 0.01848, 0.0, 0.05275], [0.3267, 0.20096, 0.25916, 0.3024, 0.0309, 0.24893, 0.0344, 0.05275, 0.0]], "adj_matrix_2": [[0.0, 0.06361, 0.01051, 0.27958, 0.04675, 0.09676, 0.25009, 0.20672, 0.32393], [0.06361, 0.0, 0.05321, 0.23425, 0.01702, 0.03386, 0.19935, 0.15054, 0.29378], [0.01051, 0.05321, 0.0, 0.27246, 0.0363, 0.08657, 0.24206, 0.19783, 0.31941], [0.27958, 0.23425, 0.27246, 0.0, 0.2469, 0.20769, 0.04556, 0.10061, 0.10315], [0.04675, 0.01702, 0.0363, 0.2469, 0.0, 0.05078, 0.21338, 0.16596, 0.30247], [0.09676, 0.03386, 0.08657, 0.20769, 0.05078, 0.0, 0.17023, 0.11906, 0.27502], [0.25009, 0.19935, 0.24206, 0.04556, 0.21338, 0.17023, 0.0, 0.05639, 0.1446], [0.20672, 0.15054, 0.19783, 0.10061, 0.16596, 0.11906, 0.05639, 0.0, 0.19184], [0.32393, 0.29378, 0.31941, 0.10315, 0.30247, 0.27502, 0.1446, 0.19184, 0.0]], "features_1": [[-0.3636336298668015, 0.8294207200369333, 0.0, 0.22366512924662968, 0.5175587009605812, 0.13116900345216995, 0.33303580456810167, 0.682141508802586, 0.37887620324430404, 0.19102664173176698, 0.007448685839370306, 0.6327528583661248, 0.681020912877873, 0.6961765679115525, 0.7938833850179183, 0.7286286214258645, 0.6213797019104297], [-0.15306438694673252, 0.8274256687748258, 0.0, 0.20486638038291555, 0.5142448109124135, 0.1359542074533548, 0.3568384957438049, 0.6797085708540597, 0.43233587424395226, 0.19890840215050232, 0.007727725548673403, 0.6309054252635762, 0.6826620786404203, 0.7241981929901471, 0.8071092684458556, 0.7107689653921303, 0.6291048418296986], [-0.3641018080798095, 0.9295513195284721, 0.0, 0.22199115106033956, 0.5438607522787395, 0.13171379091758634, 0.34183768201408854, 0.6816611966610349, 0.38679889270327084, 0.21264675382745346, 0.0069454663283523566, 0.6310539894892073, 0.6661912587382548, 0.6992710688699352, 0.7958411430678214, 0.7205524665677268, 0.6251094572653115], [-0.35298687933962114, 0.8959055256863604, 0.0, 0.21561912842782438, 0.5288417073252063, 0.13602911729568057, 0.29680352056423376, 0.6767550501713531, 0.39947885326390553, 0.21057442806243776, 0.007727725548673403, 0.634668522234769, 0.6743772059011967, 0.6993471663546522, 0.8015807843593594, 0.7329081284966932, 0.6304301048002378], [-0.13558270307222964, 0.7190495436002389, 0.0, 0.22568193421743832, 0.46811934081404555, 0.14627494958179457, 0.24664186034328991, 0.6651204514146707, 0.49318333053609575, 0.18576223364858646, 0.008451478759474051, 0.6362820513557148, 0.6950427991502824, 0.7142825188506033, 0.815963067576828, 0.7200841121509816, 0.6538047421904858], [-0.23621386266093447, 0.8840067079670548, 0.0, 0.2395341279707686, 0.5287637056141573, 0.1353700774907064, 0.31383816975292544, 0.6781750570926419, 0.4156208498865184, 0.20903156794840627, 0.007504523810135222, 0.6333493787831155, 0.6731951418045873, 0.705337267725262, 0.8015210023674776, 0.7229520023344636, 0.6341460435027284], [-0.04935937455307249, 0.8342235607106633, 0.0, 0.24842406124710764, 0.5059850524854423, 0.1371817243813204, 0.25557298644993054, 0.6748094754529548, 0.42100729768328393, 0.19935752347152835, 0.008062078829516484, 0.6204902199262041, 0.6583905712399745, 0.690795424058593, 0.8010944622944057, 0.7185636052612833, 0.6325400974391028], [-0.14220358838026925, 0.7572335258840648, 0.0, 0.23830688416644524, 0.48381908599539697, 0.14000533177925334, 0.22620814188364377, 0.6706893122308966, 0.4445779451527938, 0.18853601826055444, 0.008284682400665488, 0.6243141889749868, 0.6599369059147567, 0.704557718171062, 0.8016795222046367, 0.7215334742350782, 0.6263338547709627], [0.29688056150351105, 0.7973193101852943, 0.0, 0.23986223299372378, 0.49660575720508626, 0.13537597542648563, 0.20123082569652623, 0.6742580105258436, 0.3957943377816773, 0.1844712817813623, 0.007504523810135222, 0.6097457379414046, 0.6450130772164887, 0.6748334157045189, 0.7878797016619072, 0.7322848845363831, 0.6092780915214724]], "features_2": [[-0.028295154444602844, 0.7931577624137031, 0.0, 0.2500959956667957, 0.5165213429769165, 0.13221467679294777, 0.36298395665042305, 0.6833007325710725, 0.3958338356429425, 0.18291615592461463, 0.007894969482732161, 0.6202507514559858, 0.6795131160377128, 0.6955075767114446, 0.8015901661249341, 0.7323155782480754, 0.6329567875695696], [-0.12931429504206537, 0.8503104539382084, 0.0, 0.2620884117575362, 0.5318671193219422, 0.1332399375488853, 0.41750338924433306, 0.6831318775130499, 0.4064264259561896, 0.19785465175535455, 0.00711334193318236, 0.6232539978318903, 0.671093200838006, 0.7005224280036065, 0.8058719026557726, 0.7262049924570306, 0.6286087278857826], [-0.10168970580629288, 0.9611834933157299, 0.0, 0.26190839006148475, 0.561995677639809, 0.13229192147785832, 0.3787735363892907, 0.683744010478913, 0.400270818202338, 0.2183703879036789, 0.007671947615560004, 0.6255162452697258, 0.6831542870875943, 0.7049179571218009, 0.8025665343139499, 0.7143755974877476, 0.6314786722229807], [0.07654305875160805, 0.9302914483762963, 0.0, 0.26111529212393497, 0.5494715080726087, 0.1336293539381667, 0.3462210303948652, 0.6817099735744705, 0.40388395508719, 0.21424758343241423, 0.007783488497544067, 0.6072225456606803, 0.6720675863403659, 0.7046129919580627, 0.8016918475301693, 0.7171413148831788, 0.6324631615565199], [-0.11822795798248986, 0.9004206531819696, 0.0, 0.2615040164578268, 0.548974237587878, 0.12977734860035112, 0.44646892341747774, 0.6856498509821947, 0.3953107246256311, 0.20483769060645685, 0.007448685839370306, 0.6228024709444542, 0.6915419450889629, 0.7167122374855556, 0.8000071640023421, 0.7279577405116932, 0.6268348082842022], [-0.1468109914145992, 1.04312841955029, 0.0, 0.24819459141513847, 0.5839467970710398, 0.12839906040451884, 0.4284049152186604, 0.686650603512813, 0.3833893613734849, 0.229847058319387, 0.00711334193318236, 0.6143227927390762, 0.6791443334330595, 0.7084503626948953, 0.7967638528037728, 0.7140440983166294, 0.6241891006910298], [0.13547928194430536, 0.927251418427526, 0.0, 0.25188613612757305, 0.5414162174545353, 0.13495874888677203, 0.30437678871469276, 0.6790792262700756, 0.41267283204836125, 0.21709312626283617, 0.007894969482732161, 0.6076867429997337, 0.6516473205651591, 0.6908957724794879, 0.798302260685741, 0.7206123357905185, 0.6188019086211318], [0.1814564274024173, 1.0672155873640192, 0.0, 0.24612432809382212, 0.5872505775752092, 0.1253048494348365, 0.3229918091464185, 0.6859561696284731, 0.35648292479587895, 0.22800675400557413, 0.007448685839370306, 0.6005538803736166, 0.6464474730614392, 0.6621154119767066, 0.7776636668614392, 0.6981021528567413, 0.6133274269342667], [0.47007787935463163, 1.0810871689938433, 0.0, 0.24346975218661018, 0.5831354411646811, 0.1259419295862874, 0.2786926682428003, 0.6846232397282241, 0.3427952245094166, 0.22885590836918346, 0.00716927026363523, 0.5871778534803598, 0.6342127251522842, 0.6586429736379897, 0.7721109203109884, 0.6874899025014787, 0.6008812986571885]]}