{"labels_1": ["1", "2", "3", "4", "5", "6", "7", "8", "9"], "labels_2": ["1", "2", "3", "4", "5", "6", "7", "8", "9"], "adj_matrix_1": [[0.0, 0.27869, 0.1309, 0.02127, 0.22403, 0.15502, 0.12677, 0.21405, 0.07564], [0.27869, 0.0, 0.2002, 0.28773, 0.10559, 0.1802, 0.32241, 0.21044, 0.2383], [0.1309, 0.2002, 0.0, 0.15026, 0.11221, 0.02694, 0.23995, 0.23371, 0.05797], [0.02127, 0.28773, 0.15026, 0.0, 0.23898, 0.17358, 0.1066, 0.20984, 0.09627], [0.22403, 0.10559, 0.11221, 0.23898, 0.0, 0.08686, 0.30348, 0.23438, 0.16382], [0.15502, 0.1802, 0.02694, 0.17358, 0.08686, 0.0, 0.25824, 0.23564, 0.08421], [0.12677, 0.32241, 0.23995, 0.1066, 0.30348, 0.25824, 0.0, 0.1874, 0.19474], [0.21405, 0.21044, 0.23371, 0.20984, 0.23438, 0.23564, 0.1874, 0.0, 0.22661], [0.07564, 0.2383, 0.05797, 0.09627, 0.16382, 0.08421, 0.19474, 0.22661, 0.0]], "adj_matrix_2": [[0.0, 0.08051, 0.2006, 0.16113, 0.25309, 0.1814, 0.12968, 0.26173, 0.06054], [0.08051, 0.0, 0.12717, 0.0842, 0.18695, 0.1061, 0.05085, 0.19719, 0.02025], [0.2006, 0.12717, 0.0, 0.04476, 0.06633, 0.02221, 0.07817, 0.07828, 0.14609], [0.16113, 0.0842, 0.04476, 0.0, 0.1097, 0.02264, 0.03386, 0.12121, 0.10385], [0.25309, 0.18695, 0.06633, 0.1097, 0.0, 0.08797, 0.14141, 0.01224, 0.20419], [0.1814, 0.1061, 0.02221, 0.02264, 0.08797, 0.0, 0.05634, 0.09973, 0.12543], [0.12968, 0.05085, 0.07817, 0.03386, 0.14141, 0.05634, 0.0, 0.15248, 0.07086], [0.26173, 0.19719, 0.07828, 0.12121, 0.01224, 0.09973, 0.15248, 0.0, 0.21409], [0.06054, 0.02025, 0.14609, 0.10385, 0.20419, 0.12543, 0.07086, 0.21409, 0.0]], "features_1": [[-0.048540278360580835, 0.7714275604837428, 0.0, 0.2407071073967271, 0.479816526961202, 0.14159990046985313, 0.10982288725862333, 0.663199877494164, 0.4371324454565557, 0.19144151058971737, 0.008006390651371653, 0.6196451696320637, 0.6495474217878102, 0.6705574048686107, 0.787871390597052, 0.7251296118504947, 0.6114279670024726], [0.17486269793600595, 0.7432553173025573, 0.0, 0.26369485192849546, 0.47141103422847574, 0.14461585972347535, 0.12809836023288595, 0.6610067820768062, 0.4650325983805088, 0.189281044684543, 0.008507047823598457, 0.6124989775740728, 0.6446517104338987, 0.6803538291000357, 0.7979407102168616, 0.7244814309829551, 0.6237791759762947], [0.06295616980720187, 0.8968909453037301, 0.0, 0.2442336896466877, 0.5126988726731083, 0.14314511334107752, 0.08546372608332006, 0.6600265588324887, 0.44664759437684576, 0.2199369060716816, 0.00822905385914674, 0.6139929034327958, 0.6531898089091536, 0.6807272464082723, 0.7874909563924631, 0.7032088645446423, 0.6106860784043053], [-0.25507361982695587, 0.869700368974032, 0.0, 0.22611311043446974, 0.509107871452243, 0.14159912825440624, 0.14609697458915036, 0.6644317832712272, 0.43899049282652136, 0.2143132672799235, 0.007671947615560004, 0.6263037909052671, 0.6525263985154717, 0.6774240440125529, 0.7913105873520345, 0.703240592685172, 0.613888800360048], [0.3504120543914886, 0.7560772127028199, 0.0, 0.27728878226692133, 0.48685095341897267, 0.1399003289617988, 0.20421076797574428, 0.6705957454267557, 0.45224662860236564, 0.18707498470102268, 0.008618141428105908, 0.6139532159877168, 0.6569152273964273, 0.6810077215411451, 0.7993941536147134, 0.7349807810154029, 0.6218681127078415], [-0.044876843912298625, 0.8970234314297365, 0.0, 0.26933145579667583, 0.5249321480104644, 0.1395776521634697, 0.16923500857735901, 0.669391728921793, 0.4422404210341193, 0.2172919110670517, 0.007671947615560004, 0.6190307626028391, 0.6533834815468741, 0.6829364065799304, 0.7939602033805172, 0.696221673289395, 0.6216574638337997], [-0.23266775602236933, 0.8413920420613168, 0.0, 0.22409307634802092, 0.5246010692356601, 0.13185238705928504, 0.37636919707634886, 0.681557177708425, 0.40183214315750093, 0.1966898744868486, 0.007783488497544067, 0.6284083907035491, 0.6662314068103024, 0.6922530644716298, 0.7951775446663423, 0.7342346995607819, 0.6141212145517161], [0.9909231156432758, 0.9366165587223096, 0.0, 0.2932510068524376, 0.5497961362345288, 0.1311378230497916, 0.3176512595969811, 0.6817719211304911, 0.40169357123436344, 0.21158802348050854, 0.007671947615560004, 0.5797610282546128, 0.653219624547188, 0.6758148780067139, 0.7923994415468025, 0.7292548823486797, 0.608159169659155], [0.007309046584404122, 1.0211606096693664, 0.0, 0.25149796593106705, 0.5741506578818848, 0.12600355535320895, 0.368273838061711, 0.6858405963430667, 0.3700049049576257, 0.22386803786502485, 0.007001439975721224, 0.6046436950166005, 0.6663541857382259, 0.6869457094177523, 0.7838705250505955, 0.7062577875910258, 0.5924854211155479]], "features_2": [[-0.2169281464983932, 0.8449933417620907, 0.0, 0.2631016057504715, 0.518865077574381, 0.13239784972643326, 0.33744158232414917, 0.6806720269295745, 0.3859561685797419, 0.19343840883747854, 0.00716927026363523, 0.6327731409192636, 0.6683643467441126, 0.6925461186658687, 0.7893250623528687, 0.7066554016850797, 0.5978198531108208], [0.04197825087359641, 0.906129857974319, 0.0, 0.25768703945650095, 0.5269750082121062, 0.13717777743310208, 0.3164129079066932, 0.6734100302441731, 0.4164097869079908, 0.21177350403815942, 0.007727725548673403, 0.6266154149449137, 0.6484428797501702, 0.6779852994751344, 0.7844489548441392, 0.7079196508836837, 0.6138680032482546], [-0.010273235543467596, 0.9629098480908935, 0.0, 0.26022362143392136, 0.5495767285242863, 0.13314492583215323, 0.3673864330010403, 0.6801466052482498, 0.39021553050962665, 0.21645680839996806, 0.007057398507269275, 0.6171179605960022, 0.6595151545624178, 0.6858554815858318, 0.790672161171353, 0.7103266301541766, 0.6042778898396215], [-0.12940901513731884, 0.921566155774946, 0.0, 0.2782067305096617, 0.5349051857514825, 0.1371135757892205, 0.35133373559162706, 0.6765665875862672, 0.41516692318283455, 0.2150852391799234, 0.007392832833969631, 0.6296090216754009, 0.6638258233284566, 0.6899232521236379, 0.7991290394105653, 0.724461220447587, 0.6172389147866504], [0.46237521200944665, 0.9025796272281101, 0.0, 0.2530515037468741, 0.5300401533285777, 0.13763421583300317, 0.4187641101203269, 0.6747960094991827, 0.4305931698283547, 0.21042610680257678, 0.008062078829516484, 0.6102277232238442, 0.6324154901019013, 0.6610464860169869, 0.7890006864125438, 0.7136142639617173, 0.6220781444884529], [0.3261842501519321, 0.980240163712102, 0.0, 0.2591918743029354, 0.553347281171057, 0.13576101764375567, 0.4388016140781126, 0.6778204597514988, 0.4185556340638983, 0.2223807707275569, 0.007727725548673403, 0.612829295891463, 0.6376568307163505, 0.6636040163532295, 0.7905851029903082, 0.7083521612959431, 0.6199231569270311], [-0.06022922916217022, 0.9189214406345876, 0.0, 0.23787374608619868, 0.5347611632945953, 0.13655288409035315, 0.3693030251551043, 0.6766005138434286, 0.41277815779667026, 0.21456048861344845, 0.007950687539111767, 0.6252231577162344, 0.672587648291717, 0.6919369336563586, 0.7995239882538587, 0.7168087474317899, 0.6329415202609651], [0.24663142264566806, 0.9961599238803174, 0.0, 0.2706060343482724, 0.5642349477701927, 0.12761623217068402, 0.48955621314570263, 0.6845888076160924, 0.35555713223926433, 0.21504785034640195, 0.00683347364535547, 0.6005264344835273, 0.6363960250947455, 0.6392506842971073, 0.7770777644645606, 0.7109005746901976, 0.6006932472230974], [-0.11516564823894182, 0.9940749863542127, 0.0, 0.28166198019101935, 0.5595409546810796, 0.1284457233590831, 0.5026293505794669, 0.6838465882016411, 0.35795660633790316, 0.21765133042319995, 0.007281081678807366, 0.6186479132981462, 0.6525330594461507, 0.6661563632353172, 0.777246431869325, 0.699647605209993, 0.6163431810384777]]}