{"labels_1": ["1", "2", "3", "4", "5", "6", "7", "8", "9"], "labels_2": ["1", "2", "3", "4", "5", "6", "7", "8", "9"], "adj_matrix_1": [[0.0, 0.08432, 0.20585, 0.03375, 0.04984, 0.18765, 0.15558, 0.00355, 0.05377], [0.08432, 0.0, 0.13207, 0.05112, 0.03504, 0.11118, 0.07549, 0.08775, 0.13584], [0.20585, 0.13207, 0.0, 0.17763, 0.16357, 0.02256, 0.05949, 0.20862, 0.24759], [0.03375, 0.05112, 0.17763, 0.0, 0.0162, 0.15826, 0.12454, 0.03729, 0.08699], [0.04984, 0.03504, 0.16357, 0.0162, 0.0, 0.14369, 0.10927, 0.05337, 0.10266], [0.18765, 0.11118, 0.02256, 0.15826, 0.14369, 0.0, 0.03719, 0.19061, 0.23155], [0.15558, 0.07549, 0.05949, 0.12454, 0.10927, 0.03719, 0.0, 0.15873, 0.20257], [0.00355, 0.08775, 0.20862, 0.03729, 0.05337, 0.19061, 0.15873, 0.0, 0.05026], [0.05377, 0.13584, 0.24759, 0.08699, 0.10266, 0.23155, 0.20257, 0.05026, 0.0]], "adj_matrix_2": [[0.0, 0.22939, 0.00549, 0.14814, 0.21006, 0.147, 0.14941, 0.28124, 0.33993], [0.22939, 0.0, 0.22587, 0.28606, 0.027, 0.1035, 0.10087, 0.08328, 0.20828], [0.00549, 0.22587, 0.0, 0.15253, 0.20618, 0.14231, 0.14474, 0.27888, 0.33951], [0.14814, 0.28606, 0.15253, 0.0, 0.27827, 0.24752, 0.24884, 0.30241, 0.30912], [0.21006, 0.027, 0.20618, 0.27827, 0.0, 0.07752, 0.07483, 0.10925, 0.23003], [0.147, 0.1035, 0.14231, 0.24752, 0.07752, 0.0, 0.00277, 0.17982, 0.28451], [0.14941, 0.10087, 0.14474, 0.24884, 0.07483, 0.00277, 0.0, 0.17747, 0.28282], [0.28124, 0.08328, 0.27888, 0.30241, 0.10925, 0.17982, 0.17747, 0.0, 0.13346], [0.33993, 0.20828, 0.33951, 0.30912, 0.23003, 0.28451, 0.28282, 0.13346, 0.0]], "features_1": [[-0.030722101720669137, 0.697548949420343, 0.0, 0.21556311706597373, 0.470486657809729, 0.1361866062251532, 0.23022793031444239, 0.6738493959609949, 0.4084447694928819, 0.1683554710889601, 0.007671947615560004, 0.6235906483506259, 0.658281841803478, 0.6901421243441739, 0.7921112419062584, 0.7181980114740825, 0.6145366605474172], [-0.2005878242816319, 0.7862777603261394, 0.0, 0.19076132495114462, 0.49304897276335435, 0.1385228894033091, 0.2841818655799706, 0.6731713742912333, 0.4062931311958735, 0.19153507252176305, 0.008006390651371653, 0.6218282926604979, 0.6449945107791051, 0.6808261276203665, 0.8001267659768954, 0.711421514460512, 0.6121994749984911], [-0.058799378300467886, 0.8291846958925586, 0.0, 0.20457629842403985, 0.5127109671086619, 0.13476789169121517, 0.23803484976841177, 0.6754116144873757, 0.39948813521409465, 0.19559731163351524, 0.007671947615560004, 0.6180819348078619, 0.6561331378611543, 0.6802055062687984, 0.7879437070092287, 0.7040426173725932, 0.6101130599330491], [-0.10734928475748218, 0.8205993683996325, 0.0, 0.20680622970698348, 0.5027712402992471, 0.13944143490033048, 0.17221231921801844, 0.6684154026706903, 0.4298308351702467, 0.20091724683454681, 0.008117752083540042, 0.6269269162127808, 0.6530927852801116, 0.6742767680968287, 0.7930823629145003, 0.718528913156721, 0.6163564527930888], [-0.08388504831506527, 0.8722087202192592, 0.0, 0.18412550533866065, 0.51688032382846, 0.1354551391307118, 0.2420827641385422, 0.6751813379792173, 0.39551061649809616, 0.205088895955722, 0.007727725548673403, 0.6150963371130385, 0.6563372198882513, 0.6826914206972133, 0.791543855512513, 0.7096984420418122, 0.591749228363863], [-0.10977092205046457, 0.8751243845329769, 0.0, 0.22855846107026162, 0.5220083570846535, 0.1355820540763822, 0.19652199412750945, 0.6734083468750559, 0.4002107522826299, 0.20675148533619758, 0.007950687539111767, 0.6188132126954717, 0.6372697792719354, 0.6719960884579801, 0.7858400618401808, 0.6924214799278623, 0.6040524104414599], [-0.005007870179746021, 0.8402528472502029, 0.0, 0.25606292795524654, 0.5072039615709577, 0.1397645605817745, 0.1757860831405786, 0.6685612405015438, 0.4370876546640796, 0.20402350452716878, 0.008284682400665488, 0.6207377725833512, 0.6545983376502195, 0.6660383907504497, 0.7945544858678989, 0.7067831456444816, 0.6186578486169337], [0.1973420475805998, 0.9744732357675933, 0.0, 0.21417820039552327, 0.5455723585576926, 0.13129303115482552, 0.2364252503875072, 0.6781882610838923, 0.3839346144751157, 0.21820609633962929, 0.007392832833969631, 0.6182947341821179, 0.6452247884464185, 0.6614695244912273, 0.7814727163721812, 0.7353945085406798, 0.5805063446969806], [-0.2272590777783905, 0.8541365418243908, 0.0, 0.24486612472742003, 0.5200217800806006, 0.1329530888934251, 0.24140358857378033, 0.6778941134858324, 0.39601997865718896, 0.20041488193678392, 0.008006390651371653, 0.622683896867033, 0.6686665329220568, 0.6856132600453072, 0.78836855876032, 0.6932078478554727, 0.604719343704985]], "features_2": [[0.29153489413399747, 0.8811271299731998, 0.0, 0.2675930487471906, 0.5277954626006968, 0.13163855927405377, 0.2995513368015835, 0.6798143304414437, 0.3865533656266733, 0.200651851269952, 0.007336964783822175, 0.5967900728478439, 0.6503388692376493, 0.6590576244228771, 0.7827046166921947, 0.7154527156905875, 0.5648726528742932], [-0.11106688065023285, 0.8512995555821262, 0.0, 0.21542612485503912, 0.5117623739766104, 0.1396051891727359, 0.23635958207183236, 0.6714342755593734, 0.4255826118671686, 0.20533129113454218, 0.007336964783822175, 0.6161640633475676, 0.6685680131019767, 0.6906437022009598, 0.7978826593904754, 0.7224560777164887, 0.5964196472480988], [0.16292610077967895, 0.9983356774335792, 0.0, 0.2693882586568439, 0.5529672259628026, 0.13427694520925587, 0.2491043339179498, 0.6763368000275141, 0.3990779561475182, 0.22726023897238545, 0.007560346756364078, 0.6035079299399082, 0.6523080261307684, 0.6679189644845704, 0.7850347117203982, 0.7049297249836532, 0.5786746415683267], [0.4544481265719531, 0.9524626303549565, 0.0, 0.2878129333535041, 0.5387042526626817, 0.1359784300183491, 0.22972057654516292, 0.6739036985947602, 0.4106597019522198, 0.22011296103777012, 0.007448685839370306, 0.5904036616129993, 0.6384203360112324, 0.6595113566477355, 0.7883902710337001, 0.710194913377346, 0.5859144427001871], [-0.12665873348925016, 0.8057852587159902, 0.0, 0.2095666637652531, 0.49085451518559997, 0.14517320576205903, 0.15812860559521624, 0.6613508028641406, 0.46448755255973206, 0.20238792176722264, 0.008117752083540042, 0.6277775937219412, 0.6502134587401387, 0.6801484536545231, 0.799457723613337, 0.7189222491191416, 0.6126962408327739], [0.05857062026931947, 0.9361788173456765, 0.0, 0.22678393186724372, 0.5251570296647109, 0.14211523883780575, 0.14620304137915027, 0.663648015721372, 0.4449588462442371, 0.2245153414177372, 0.008006390651371653, 0.6177963623769807, 0.6498623492288378, 0.6694985456188747, 0.7899855369830061, 0.6922355821849859, 0.6022348717717586], [-0.05181856329459489, 0.9113601095250327, 0.0, 0.2695348058818291, 0.5245242163022388, 0.137925786005043, 0.19563789822323016, 0.6711622163157192, 0.4087520247203311, 0.21783158122822277, 0.007448685839370306, 0.6135424706039287, 0.634413265158889, 0.6727515347891937, 0.7914447264819144, 0.695209988827323, 0.595905618805086], [-0.23509136181454204, 0.8919985345625091, 0.0, 0.26229473768723943, 0.5211796838266658, 0.13435275570664676, 0.2946306617883181, 0.6752994492696058, 0.40267359919259205, 0.20812044801023855, 0.007671947615560004, 0.6242867732798729, 0.6470212818393427, 0.6803948388309375, 0.7830935742043392, 0.6949162532695055, 0.593339117230619], [-0.1873164349872556, 0.9523768339981733, 0.0, 0.25992890871064517, 0.5422298041192086, 0.1290196471255376, 0.28067146308340585, 0.6808982366684799, 0.37548904105904146, 0.21526532137994292, 0.007448685839370306, 0.6243164528114824, 0.6420760586767217, 0.6701546067775691, 0.7745516516381789, 0.6687290882981671, 0.5628157215118982]]}