{"labels_1": ["1", "2", "3", "4", "5", "6", "7", "8", "9"], "labels_2": ["1", "2", "3", "4", "5", "6", "7", "8", "9"], "adj_matrix_1": [[0.0, 0.08432, 0.20585, 0.03375, 0.04984, 0.18765, 0.15558, 0.00355, 0.05377], [0.08432, 0.0, 0.13207, 0.05112, 0.03504, 0.11118, 0.07549, 0.08775, 0.13584], [0.20585, 0.13207, 0.0, 0.17763, 0.16357, 0.02256, 0.05949, 0.20862, 0.24759], [0.03375, 0.05112, 0.17763, 0.0, 0.0162, 0.15826, 0.12454, 0.03729, 0.08699], [0.04984, 0.03504, 0.16357, 0.0162, 0.0, 0.14369, 0.10927, 0.05337, 0.10266], [0.18765, 0.11118, 0.02256, 0.15826, 0.14369, 0.0, 0.03719, 0.19061, 0.23155], [0.15558, 0.07549, 0.05949, 0.12454, 0.10927, 0.03719, 0.0, 0.15873, 0.20257], [0.00355, 0.08775, 0.20862, 0.03729, 0.05337, 0.19061, 0.15873, 0.0, 0.05026], [0.05377, 0.13584, 0.24759, 0.08699, 0.10266, 0.23155, 0.20257, 0.05026, 0.0]], "adj_matrix_2": [[0.0, 0.14981, 0.10897, 0.16159, 0.09031, 0.18283, 0.15434, 0.12634, 0.28959], [0.14981, 0.0, 0.04462, 0.27909, 0.06394, 0.0391, 0.2738, 0.25314, 0.36235], [0.10897, 0.04462, 0.0, 0.25091, 0.01961, 0.08289, 0.24498, 0.22169, 0.34895], [0.16159, 0.27909, 0.25091, 0.0, 0.23691, 0.29921, 0.00789, 0.03799, 0.1521], [0.09031, 0.06394, 0.01961, 0.23691, 0.0, 0.10158, 0.23068, 0.20637, 0.34091], [0.18283, 0.0391, 0.08289, 0.29921, 0.10158, 0.0, 0.29463, 0.27654, 0.36897], [0.15434, 0.2738, 0.24498, 0.00789, 0.23068, 0.29463, 0.0, 0.03013, 0.15948], [0.12634, 0.25314, 0.22169, 0.03799, 0.20637, 0.27654, 0.03013, 0.0, 0.187], [0.28959, 0.36235, 0.34895, 0.1521, 0.34091, 0.36897, 0.15948, 0.187, 0.0]], "features_1": [[-0.030722101720669137, 0.697548949420343, 0.0, 0.21556311706597373, 0.470486657809729, 0.1361866062251532, 0.23022793031444239, 0.6738493959609949, 0.4084447694928819, 0.1683554710889601, 0.007671947615560004, 0.6235906483506259, 0.658281841803478, 0.6901421243441739, 0.7921112419062584, 0.7181980114740825, 0.6145366605474172], [-0.2005878242816319, 0.7862777603261394, 0.0, 0.19076132495114462, 0.49304897276335435, 0.1385228894033091, 0.2841818655799706, 0.6731713742912333, 0.4062931311958735, 0.19153507252176305, 0.008006390651371653, 0.6218282926604979, 0.6449945107791051, 0.6808261276203665, 0.8001267659768954, 0.711421514460512, 0.6121994749984911], [-0.058799378300467886, 0.8291846958925586, 0.0, 0.20457629842403985, 0.5127109671086619, 0.13476789169121517, 0.23803484976841177, 0.6754116144873757, 0.39948813521409465, 0.19559731163351524, 0.007671947615560004, 0.6180819348078619, 0.6561331378611543, 0.6802055062687984, 0.7879437070092287, 0.7040426173725932, 0.6101130599330491], [-0.10734928475748218, 0.8205993683996325, 0.0, 0.20680622970698348, 0.5027712402992471, 0.13944143490033048, 0.17221231921801844, 0.6684154026706903, 0.4298308351702467, 0.20091724683454681, 0.008117752083540042, 0.6269269162127808, 0.6530927852801116, 0.6742767680968287, 0.7930823629145003, 0.718528913156721, 0.6163564527930888], [-0.08388504831506527, 0.8722087202192592, 0.0, 0.18412550533866065, 0.51688032382846, 0.1354551391307118, 0.2420827641385422, 0.6751813379792173, 0.39551061649809616, 0.205088895955722, 0.007727725548673403, 0.6150963371130385, 0.6563372198882513, 0.6826914206972133, 0.791543855512513, 0.7096984420418122, 0.591749228363863], [-0.10977092205046457, 0.8751243845329769, 0.0, 0.22855846107026162, 0.5220083570846535, 0.1355820540763822, 0.19652199412750945, 0.6734083468750559, 0.4002107522826299, 0.20675148533619758, 0.007950687539111767, 0.6188132126954717, 0.6372697792719354, 0.6719960884579801, 0.7858400618401808, 0.6924214799278623, 0.6040524104414599], [-0.005007870179746021, 0.8402528472502029, 0.0, 0.25606292795524654, 0.5072039615709577, 0.1397645605817745, 0.1757860831405786, 0.6685612405015438, 0.4370876546640796, 0.20402350452716878, 0.008284682400665488, 0.6207377725833512, 0.6545983376502195, 0.6660383907504497, 0.7945544858678989, 0.7067831456444816, 0.6186578486169337], [0.1973420475805998, 0.9744732357675933, 0.0, 0.21417820039552327, 0.5455723585576926, 0.13129303115482552, 0.2364252503875072, 0.6781882610838923, 0.3839346144751157, 0.21820609633962929, 0.007392832833969631, 0.6182947341821179, 0.6452247884464185, 0.6614695244912273, 0.7814727163721812, 0.7353945085406798, 0.5805063446969806], [-0.2272590777783905, 0.8541365418243908, 0.0, 0.24486612472742003, 0.5200217800806006, 0.1329530888934251, 0.24140358857378033, 0.6778941134858324, 0.39601997865718896, 0.20041488193678392, 0.008006390651371653, 0.622683896867033, 0.6686665329220568, 0.6856132600453072, 0.78836855876032, 0.6932078478554727, 0.604719343704985]], "features_2": [[-0.2085740924771291, 0.6641512822963829, 0.0, 0.20102204191219775, 0.4454081224027375, 0.14484916708834905, 0.2493330780705591, 0.6662562935448655, 0.46423507283273424, 0.17207105608269058, 0.00822905385914674, 0.630374597756747, 0.6842511351532529, 0.7191306784998187, 0.8129430300431275, 0.7144393927837475, 0.6345728986124379], [0.29512890986587603, 0.6909783885225582, 0.0, 0.23610292370934657, 0.45652650391010163, 0.1439933929879721, 0.25301869591310366, 0.6666948052751445, 0.4593250272796443, 0.1743688379158641, 0.008006390651371653, 0.6117874779782038, 0.6509319000499185, 0.6941691530556384, 0.80615405271077, 0.7215509938475311, 0.6347198414287832], [0.12489799004573587, 0.8002861733803698, 0.0, 0.22795632860596174, 0.48605219592415194, 0.1456342787262061, 0.22911453289253245, 0.6634753828977618, 0.46120345158979403, 0.20148111734924967, 0.008117752083540042, 0.6203863538557308, 0.6636018750057078, 0.7077438907827757, 0.8074503607570047, 0.7216786599205871, 0.6321103813466474], [-0.3693063846891351, 0.7847602462825715, 0.0, 0.2175704171904245, 0.48151756565762416, 0.146406390063024, 0.23418262052861394, 0.6636120820728943, 0.4667139489282168, 0.20287678380209018, 0.007894969482732161, 0.6428824167887841, 0.6863318221928306, 0.7120956023677771, 0.8142285492410091, 0.7283100247438747, 0.637847057766332], [-0.014898520708819252, 0.7342299554062273, 0.0, 0.23532164784427326, 0.4736538713115028, 0.1427293949061078, 0.2674157589089255, 0.6679017096252702, 0.4447988340576936, 0.1842333089475925, 0.00822905385914674, 0.6232036937385854, 0.6602928265486482, 0.686347324354812, 0.8014407095443371, 0.7274026786883496, 0.6249520456739843], [0.29110439032175783, 0.8124152612344434, 0.0, 0.25263105059128865, 0.4904495231080708, 0.1457850862142307, 0.19409809106835355, 0.6616886805623959, 0.4683975141501293, 0.20434319768693543, 0.008451478759474051, 0.6166931774398448, 0.6511857812322328, 0.6943685961966274, 0.803635568991672, 0.727197836931271, 0.6322633182219429], [-0.2117039046621092, 0.873722839913308, 0.0, 0.23806809595072634, 0.5114694466247773, 0.14087461522443445, 0.23078386154510538, 0.6693478462527102, 0.42764630563292716, 0.2137617104494416, 0.00822905385914674, 0.630724330864918, 0.664252455823344, 0.7065304998409955, 0.8018139424200935, 0.7193075744388644, 0.601786547748876], [-0.23083648536932388, 0.8739100839431508, 0.0, 0.25882426953121207, 0.5179907298194782, 0.13423902154800396, 0.21024113181266274, 0.6750884030706008, 0.3973610826905354, 0.20767941925873057, 0.007783488497544067, 0.6293845192534264, 0.6679408306895316, 0.6936505785066444, 0.7808907306647931, 0.6858647788024002, 0.584984735835372], [-0.3693109631718712, 0.9089519078746893, 0.0, 0.24708883074454657, 0.5259778465809029, 0.13464896439612462, 0.19763331893832756, 0.6745737562919514, 0.4072737758199112, 0.21736041007619789, 0.008173410423425675, 0.6392700022164148, 0.659492816849381, 0.6799494563631957, 0.7820955588187605, 0.6915292054416339, 0.5855948709835208]]}