{"labels_1": ["1", "2", "3", "4", "5", "6", "7", "8", "9"], "labels_2": ["1", "2", "3", "4", "5", "6", "7", "8", "9"], "adj_matrix_1": [[0.0, 0.08432, 0.20585, 0.03375, 0.04984, 0.18765, 0.15558, 0.00355, 0.05377], [0.08432, 0.0, 0.13207, 0.05112, 0.03504, 0.11118, 0.07549, 0.08775, 0.13584], [0.20585, 0.13207, 0.0, 0.17763, 0.16357, 0.02256, 0.05949, 0.20862, 0.24759], [0.03375, 0.05112, 0.17763, 0.0, 0.0162, 0.15826, 0.12454, 0.03729, 0.08699], [0.04984, 0.03504, 0.16357, 0.0162, 0.0, 0.14369, 0.10927, 0.05337, 0.10266], [0.18765, 0.11118, 0.02256, 0.15826, 0.14369, 0.0, 0.03719, 0.19061, 0.23155], [0.15558, 0.07549, 0.05949, 0.12454, 0.10927, 0.03719, 0.0, 0.15873, 0.20257], [0.00355, 0.08775, 0.20862, 0.03729, 0.05337, 0.19061, 0.15873, 0.0, 0.05026], [0.05377, 0.13584, 0.24759, 0.08699, 0.10266, 0.23155, 0.20257, 0.05026, 0.0]], "adj_matrix_2": [[0.0, 0.3273, 0.19766, 0.06248, 0.23752, 0.16501, 0.30962, 0.1976, 0.26008], [0.3273, 0.0, 0.1778, 0.29308, 0.1317, 0.21122, 0.02921, 0.34614, 0.22817], [0.19766, 0.1778, 0.0, 0.14353, 0.04966, 0.03813, 0.15083, 0.30821, 0.25703], [0.06248, 0.29308, 0.14353, 0.0, 0.18801, 0.10778, 0.27199, 0.23948, 0.26498], [0.23752, 0.1317, 0.04966, 0.18801, 0.0, 0.08722, 0.10353, 0.32318, 0.25063], [0.16501, 0.21122, 0.03813, 0.10778, 0.08722, 0.0, 0.18541, 0.2943, 0.26113], [0.30962, 0.02921, 0.15083, 0.27199, 0.10353, 0.18541, 0.0, 0.34254, 0.23313], [0.1976, 0.34614, 0.30821, 0.23948, 0.32318, 0.2943, 0.34254, 0.0, 0.17733], [0.26008, 0.22817, 0.25703, 0.26498, 0.25063, 0.26113, 0.23313, 0.17733, 0.0]], "features_1": [[-0.030722101720669137, 0.697548949420343, 0.0, 0.21556311706597373, 0.470486657809729, 0.1361866062251532, 0.23022793031444239, 0.6738493959609949, 0.4084447694928819, 0.1683554710889601, 0.007671947615560004, 0.6235906483506259, 0.658281841803478, 0.6901421243441739, 0.7921112419062584, 0.7181980114740825, 0.6145366605474172], [-0.2005878242816319, 0.7862777603261394, 0.0, 0.19076132495114462, 0.49304897276335435, 0.1385228894033091, 0.2841818655799706, 0.6731713742912333, 0.4062931311958735, 0.19153507252176305, 0.008006390651371653, 0.6218282926604979, 0.6449945107791051, 0.6808261276203665, 0.8001267659768954, 0.711421514460512, 0.6121994749984911], [-0.058799378300467886, 0.8291846958925586, 0.0, 0.20457629842403985, 0.5127109671086619, 0.13476789169121517, 0.23803484976841177, 0.6754116144873757, 0.39948813521409465, 0.19559731163351524, 0.007671947615560004, 0.6180819348078619, 0.6561331378611543, 0.6802055062687984, 0.7879437070092287, 0.7040426173725932, 0.6101130599330491], [-0.10734928475748218, 0.8205993683996325, 0.0, 0.20680622970698348, 0.5027712402992471, 0.13944143490033048, 0.17221231921801844, 0.6684154026706903, 0.4298308351702467, 0.20091724683454681, 0.008117752083540042, 0.6269269162127808, 0.6530927852801116, 0.6742767680968287, 0.7930823629145003, 0.718528913156721, 0.6163564527930888], [-0.08388504831506527, 0.8722087202192592, 0.0, 0.18412550533866065, 0.51688032382846, 0.1354551391307118, 0.2420827641385422, 0.6751813379792173, 0.39551061649809616, 0.205088895955722, 0.007727725548673403, 0.6150963371130385, 0.6563372198882513, 0.6826914206972133, 0.791543855512513, 0.7096984420418122, 0.591749228363863], [-0.10977092205046457, 0.8751243845329769, 0.0, 0.22855846107026162, 0.5220083570846535, 0.1355820540763822, 0.19652199412750945, 0.6734083468750559, 0.4002107522826299, 0.20675148533619758, 0.007950687539111767, 0.6188132126954717, 0.6372697792719354, 0.6719960884579801, 0.7858400618401808, 0.6924214799278623, 0.6040524104414599], [-0.005007870179746021, 0.8402528472502029, 0.0, 0.25606292795524654, 0.5072039615709577, 0.1397645605817745, 0.1757860831405786, 0.6685612405015438, 0.4370876546640796, 0.20402350452716878, 0.008284682400665488, 0.6207377725833512, 0.6545983376502195, 0.6660383907504497, 0.7945544858678989, 0.7067831456444816, 0.6186578486169337], [0.1973420475805998, 0.9744732357675933, 0.0, 0.21417820039552327, 0.5455723585576926, 0.13129303115482552, 0.2364252503875072, 0.6781882610838923, 0.3839346144751157, 0.21820609633962929, 0.007392832833969631, 0.6182947341821179, 0.6452247884464185, 0.6614695244912273, 0.7814727163721812, 0.7353945085406798, 0.5805063446969806], [-0.2272590777783905, 0.8541365418243908, 0.0, 0.24486612472742003, 0.5200217800806006, 0.1329530888934251, 0.24140358857378033, 0.6778941134858324, 0.39601997865718896, 0.20041488193678392, 0.008006390651371653, 0.622683896867033, 0.6686665329220568, 0.6856132600453072, 0.78836855876032, 0.6932078478554727, 0.604719343704985]], "features_2": [[0.0007862779545213527, 0.9902131293390525, 0.0, 0.20132926234143148, 0.5643122133941326, 0.1266489758679715, 0.35087278181832177, 0.6851180493352891, 0.35994377995622173, 0.21644611982618023, 0.007225183508792421, 0.6123015227903341, 0.6622465155159497, 0.6796377269478875, 0.7778855857567135, 0.6986919160731514, 0.579501376776601], [-0.2878990876095635, 0.9474435802466543, 0.0, 0.18269358353673448, 0.5477405935269576, 0.12831994045913286, 0.28050702131138794, 0.6827006852970177, 0.3594392611144541, 0.21158484124621735, 0.00711334193318236, 0.6285895229695788, 0.6521266513325504, 0.6723622097235664, 0.7799164986595346, 0.68323954558258, 0.5822906607095534], [-0.08923622066296222, 1.1408884702097228, 0.0, 0.18694403478835941, 0.5947538810450428, 0.12823168280583286, 0.32686506418054295, 0.6830434112758563, 0.3665762029129571, 0.2467650018893821, 0.007392832833969631, 0.6200532901001159, 0.6483906577344649, 0.6742265550141291, 0.7764830371424135, 0.6879823491324476, 0.5924090746597264], [-0.031138646864310893, 1.1324484929586, 0.0, 0.2181526545209367, 0.5944343338883613, 0.1298952376164719, 0.37604692338787443, 0.6831011743858018, 0.38259260818801577, 0.24859775466681677, 0.007560346756364078, 0.6118153107178499, 0.6641228489488276, 0.6904163033174343, 0.7867518791321894, 0.696837537989882, 0.605857042480923], [-0.2815559312513152, 0.9773360035739685, 0.0, 0.18225313282482256, 0.5535184836745047, 0.12831542888938655, 0.24682819474806336, 0.6818061043940638, 0.3602185275148959, 0.21933643221813548, 0.00711334193318236, 0.6223574442016904, 0.6475073121127005, 0.6614111043378135, 0.7754010697665714, 0.6949792271078824, 0.583304477692838], [-0.16690496347520556, 1.1049691410390707, 0.0, 0.17493152193524017, 0.5867704644960101, 0.12969696844447984, 0.2914787881676368, 0.6813613738750918, 0.3705836564956482, 0.24323488745696453, 0.007281081678807366, 0.6145566981757371, 0.6494069882535145, 0.6747023914132396, 0.780007181603998, 0.6797378547058406, 0.6059089288549203], [-0.22909166911900058, 1.1243189927397639, 0.0, 0.19448336251102827, 0.5984572577478211, 0.1283522455695424, 0.41289344472547074, 0.6848241078684796, 0.3673400329070047, 0.2447814510162527, 0.00711334193318236, 0.6228708919444212, 0.6698752496051291, 0.683572119618715, 0.7884703628215262, 0.6878879763882234, 0.615968445630928], [0.591165598404463, 1.0385692229047783, 0.0, 0.250482408349535, 0.5708404985798531, 0.12376206227456733, 0.18466677552157834, 0.684199188221751, 0.3328150735284694, 0.21815559498190162, 0.0069454663283523566, 0.5882519686431675, 0.6058121647180243, 0.6243394379364348, 0.7557227875370565, 0.6748012524585624, 0.5511086167019149], [1.5603323058555496, 1.172206635971832, 0.0, 0.3431052591347583, 0.6107368682447454, 0.11967455608356616, 0.26755099195360116, 0.6885040340436894, 0.3327754745929459, 0.2331425462990353, 0.007001439975721224, 0.560157990208205, 0.6176142173359196, 0.643049712287047, 0.7562919644151995, 0.6673476387409412, 0.5687895338155478]]}