{"labels_1": ["1", "2", "3", "4", "5", "6", "7", "8", "9"], "labels_2": ["1", "2", "3", "4", "5", "6", "7", "8", "9"], "adj_matrix_1": [[0.0, 0.09758, 0.08617, 0.00551, 0.22834, 0.12136, 0.09817, 0.16609, 0.24459], [0.09758, 0.0, 0.17617, 0.0923, 0.14428, 0.20579, 0.18643, 0.0736, 0.23321], [0.08617, 0.17617, 0.0, 0.09146, 0.28566, 0.03746, 0.01259, 0.23511, 0.24495], [0.00551, 0.0923, 0.09146, 0.0, 0.22415, 0.12641, 0.10337, 0.16127, 0.24393], [0.22834, 0.14428, 0.28566, 0.22415, 0.0, 0.30369, 0.29217, 0.07345, 0.20605], [0.12136, 0.20579, 0.03746, 0.12641, 0.30369, 0.0, 0.02495, 0.25923, 0.24139], [0.09817, 0.18643, 0.01259, 0.10337, 0.29217, 0.02495, 0.0, 0.24361, 0.24418], [0.16609, 0.0736, 0.23511, 0.16127, 0.07345, 0.25923, 0.24361, 0.0, 0.22047], [0.24459, 0.23321, 0.24495, 0.24393, 0.20605, 0.24139, 0.24418, 0.22047, 0.0]], "adj_matrix_2": [[0.0, 0.24968, 0.0751, 0.13005, 0.05967, 0.19546, 0.29195, 0.28597, 0.33981], [0.24968, 0.0, 0.30797, 0.13327, 0.19901, 0.06471, 0.29394, 0.04944, 0.14174], [0.0751, 0.30797, 0.0, 0.2004, 0.1334, 0.26047, 0.28277, 0.33823, 0.37806], [0.13005, 0.13327, 0.2004, 0.0, 0.07184, 0.07067, 0.30073, 0.17828, 0.25442], [0.05967, 0.19901, 0.1334, 0.07184, 0.0, 0.14037, 0.29734, 0.23963, 0.30409], [0.19546, 0.06471, 0.26047, 0.07067, 0.14037, 0.0, 0.29976, 0.11277, 0.19855], [0.29195, 0.29394, 0.28277, 0.30073, 0.29734, 0.29976, 0.0, 0.28511, 0.25544], [0.28597, 0.04944, 0.33823, 0.17828, 0.23963, 0.11277, 0.28511, 0.0, 0.09533], [0.33981, 0.14174, 0.37806, 0.25442, 0.30409, 0.19855, 0.25544, 0.09533, 0.0]], "features_1": [[0.20991308372936368, 0.8758719963239073, 0.0, 0.2698409438561399, 0.5376492572778285, 0.12512314415296075, 0.3790665383295938, 0.6867669297227281, 0.36246498545416994, 0.1923312870157372, 0.00716927026363523, 0.6030605130170867, 0.6751766164496081, 0.7030837442988693, 0.7800901886899021, 0.7242429387770333, 0.5476271234601973], [0.1357077714544963, 0.907117672368635, 0.0, 0.2918578924926259, 0.5401395091861357, 0.12822613662462412, 0.3237096729595038, 0.6838839033497321, 0.37780569943544284, 0.20159465470835314, 0.007560346756364078, 0.6116139020830773, 0.6614892690075205, 0.6655644528949778, 0.7835021442879296, 0.695485327505828, 0.5698193292890599], [0.17775817966142204, 1.0231029237348621, 0.0, 0.2952535493739198, 0.5731851709789689, 0.12513579494112168, 0.35909568515441703, 0.6864003239309011, 0.3566262543347365, 0.2202019687047858, 0.007057398507269275, 0.6020888406668186, 0.6467951522038512, 0.6779723825407101, 0.7781721887896671, 0.7208188411157247, 0.5570226217966984], [0.16395541470777975, 1.0095601686752222, 0.0, 0.2672945092775406, 0.5692927640957478, 0.12735199658414975, 0.3857719370043178, 0.6853457790541368, 0.36687209824060063, 0.22150665478758258, 0.007392832833969631, 0.601693376084584, 0.6566121297760369, 0.687289529785778, 0.7834287909106419, 0.7222814365756306, 0.5608217727441754], [-0.1324676313992681, 0.9050231966128197, 0.0, 0.20499237699339695, 0.5426363015227933, 0.12753681650243187, 0.3083659748727804, 0.6843179041794287, 0.3648509592405418, 0.20095855832602072, 0.00711334193318236, 0.6234631136545163, 0.6513460108006308, 0.6607780155812515, 0.7807769638932192, 0.6954448461016687, 0.5647399560079667], [0.25003131662237355, 1.0180596377383506, 0.0, 0.3029037763101794, 0.5730387363127875, 0.1255377329365061, 0.35970625611670004, 0.6859694178862412, 0.3563151088732752, 0.2188402274116461, 0.00716927026363523, 0.5967937630691136, 0.6446477599686009, 0.6749310963517846, 0.7782365049485103, 0.7140105022915325, 0.5817952096180605], [0.1577535837418118, 0.9618339963829156, 0.0, 0.2978085522728545, 0.5665680537461204, 0.12487046351641314, 0.5792392994323933, 0.6880873333707487, 0.3481387599483665, 0.20663130531966067, 0.00711334193318236, 0.5916440038392741, 0.6526047254329084, 0.6657563465853812, 0.7826290535713636, 0.710897692246793, 0.5517222640451322], [0.05357873838401028, 0.9124973739024708, 0.0, 0.272785635777328, 0.5450335823409579, 0.12807774134708486, 0.29150786818009633, 0.6834262117592617, 0.3625867323269638, 0.20409154132725438, 0.007336964783822175, 0.6147232591727887, 0.6523902601225884, 0.684577925317638, 0.7804522378379947, 0.7078640093232363, 0.5946114793067953], [0.6181885638850693, 0.8623689102201514, 0.0, 0.3143939737526304, 0.5330919046412045, 0.12969400605735795, 0.3852349216205262, 0.6829444178569529, 0.377052654617716, 0.1942720176201631, 0.007448685839370306, 0.5923433176260073, 0.6484308992795087, 0.6691770082706656, 0.7875340630784167, 0.6936366877099108, 0.6137378934142078]], "features_2": [[-0.5082215722745911, 0.7962060146594012, 0.0, 0.19953318697717318, 0.5083262249575613, 0.13246806966978045, 0.2637862179438407, 0.6795655796900824, 0.4092256517684385, 0.19117508012578233, 0.007504523810135222, 0.6435032647196905, 0.6573318434322567, 0.688566187273355, 0.7906424125412866, 0.704460415318366, 0.625741323509204], [-0.17037402586234007, 0.8253067644886528, 0.0, 0.17160451415956707, 0.5037197219725974, 0.13749330499639684, 0.16726749321029216, 0.671553161840799, 0.4404755641589395, 0.2023407891089477, 0.00783923647221818, 0.6244097368954953, 0.6428452521557033, 0.6760283602281647, 0.7912563990426115, 0.7019824862934618, 0.6132218637239227], [-0.5872580350055028, 0.9323415326064064, 0.0, 0.17986154487287292, 0.5406301537920983, 0.13382267310244753, 0.23185409089160416, 0.6773399381922214, 0.41231878011343737, 0.2219596093398819, 0.007616154688146137, 0.6449603319885182, 0.655890219567183, 0.692168670075788, 0.7888756188801455, 0.693776593267506, 0.6198499551363362], [-0.4255174585541961, 0.9155094072229387, 0.0, 0.18963978934237796, 0.5367121143052426, 0.13503777628361766, 0.2806023812571567, 0.6770345366939037, 0.4167733468835868, 0.21890574286814912, 0.007616154688146137, 0.6390602281865898, 0.6738965079608836, 0.71014013202987, 0.7971013225042825, 0.7096692912829694, 0.6291497594132787], [-0.28592464604634493, 0.8094093701656313, 0.0, 0.17686619278821547, 0.489352995777097, 0.14048713208602548, 0.10404691178439976, 0.6630125791119574, 0.452117628321107, 0.203094758025395, 0.008284682400665488, 0.6378912802893004, 0.6389600428118144, 0.6782459958824469, 0.7843908573610792, 0.6894060868534057, 0.6074217979030544], [-0.4996663313075711, 0.9502154230659852, 0.0, 0.19040092123164157, 0.5356149615947228, 0.1369647300411887, 0.18160946890391685, 0.6712496057503297, 0.42674559169473625, 0.2304397038478989, 0.007950687539111767, 0.6330180115404929, 0.6383059861363325, 0.6794933280868221, 0.7860962466557188, 0.6946987272519316, 0.6147041769601447], [0.35261784775946525, 0.93206019368151, 0.0, 0.15913173040866016, 0.529891297312734, 0.13818597678937705, 0.25827817994152796, 0.6729320001003982, 0.4231353371743316, 0.21847969282115498, 0.008173410423425675, 0.6033712994198148, 0.660481117529554, 0.6764311228666815, 0.7987129019031438, 0.7153431786720383, 0.6177739486851886], [-0.013585348122000518, 0.9340847646845598, 0.0, 0.20758282378219917, 0.5293204464554392, 0.13356585284367717, 0.17334071303464782, 0.6734133942067155, 0.3931040064784528, 0.21692873885635677, 0.007950687539111767, 0.6135652508329399, 0.641093872293798, 0.6787310462228697, 0.7714148470447076, 0.6861296103123964, 0.5927660126171289], [0.01768874927981834, 0.9499949488010995, 0.0, 0.20367317677946334, 0.5323549316822731, 0.13336956085034693, 0.1793817325598262, 0.6745973418370865, 0.39448323929066986, 0.21944714655541864, 0.007727725548673403, 0.6093588937149885, 0.6355159556591204, 0.6659597366099473, 0.7713583515078704, 0.6956616348085004, 0.582900261437755]]}