{"labels_1": ["1", "2", "3", "4", "5", "6", "7", "8", "9"], "labels_2": ["1", "2", "3", "4", "5", "6", "7", "8", "9"], "adj_matrix_1": [[0.0, 0.08432, 0.20585, 0.03375, 0.04984, 0.18765, 0.15558, 0.00355, 0.05377], [0.08432, 0.0, 0.13207, 0.05112, 0.03504, 0.11118, 0.07549, 0.08775, 0.13584], [0.20585, 0.13207, 0.0, 0.17763, 0.16357, 0.02256, 0.05949, 0.20862, 0.24759], [0.03375, 0.05112, 0.17763, 0.0, 0.0162, 0.15826, 0.12454, 0.03729, 0.08699], [0.04984, 0.03504, 0.16357, 0.0162, 0.0, 0.14369, 0.10927, 0.05337, 0.10266], [0.18765, 0.11118, 0.02256, 0.15826, 0.14369, 0.0, 0.03719, 0.19061, 0.23155], [0.15558, 0.07549, 0.05949, 0.12454, 0.10927, 0.03719, 0.0, 0.15873, 0.20257], [0.00355, 0.08775, 0.20862, 0.03729, 0.05337, 0.19061, 0.15873, 0.0, 0.05026], [0.05377, 0.13584, 0.24759, 0.08699, 0.10266, 0.23155, 0.20257, 0.05026, 0.0]], "adj_matrix_2": [[0.0, 0.15443, 0.12273, 0.03186, 0.19514, 0.0961, 0.04236, 0.18662, 0.28734], [0.15443, 0.0, 0.04318, 0.13114, 0.09169, 0.07314, 0.12275, 0.2355, 0.22163], [0.12273, 0.04318, 0.0, 0.0954, 0.12665, 0.03131, 0.08581, 0.23622, 0.24702], [0.03186, 0.13114, 0.0954, 0.0, 0.1837, 0.0666, 0.01066, 0.20542, 0.28355], [0.19514, 0.09169, 0.12665, 0.1837, 0.0, 0.14826, 0.17914, 0.20515, 0.15537], [0.0961, 0.07314, 0.03131, 0.0666, 0.14826, 0.0, 0.05641, 0.23126, 0.26222], [0.04236, 0.12275, 0.08581, 0.01066, 0.17914, 0.05641, 0.0, 0.21078, 0.28133], [0.18662, 0.2355, 0.23622, 0.20542, 0.20515, 0.23126, 0.21078, 0.0, 0.21354], [0.28734, 0.22163, 0.24702, 0.28355, 0.15537, 0.26222, 0.28133, 0.21354, 0.0]], "features_1": [[-0.030722101720669137, 0.697548949420343, 0.0, 0.21556311706597373, 0.470486657809729, 0.1361866062251532, 0.23022793031444239, 0.6738493959609949, 0.4084447694928819, 0.1683554710889601, 0.007671947615560004, 0.6235906483506259, 0.658281841803478, 0.6901421243441739, 0.7921112419062584, 0.7181980114740825, 0.6145366605474172], [-0.2005878242816319, 0.7862777603261394, 0.0, 0.19076132495114462, 0.49304897276335435, 0.1385228894033091, 0.2841818655799706, 0.6731713742912333, 0.4062931311958735, 0.19153507252176305, 0.008006390651371653, 0.6218282926604979, 0.6449945107791051, 0.6808261276203665, 0.8001267659768954, 0.711421514460512, 0.6121994749984911], [-0.058799378300467886, 0.8291846958925586, 0.0, 0.20457629842403985, 0.5127109671086619, 0.13476789169121517, 0.23803484976841177, 0.6754116144873757, 0.39948813521409465, 0.19559731163351524, 0.007671947615560004, 0.6180819348078619, 0.6561331378611543, 0.6802055062687984, 0.7879437070092287, 0.7040426173725932, 0.6101130599330491], [-0.10734928475748218, 0.8205993683996325, 0.0, 0.20680622970698348, 0.5027712402992471, 0.13944143490033048, 0.17221231921801844, 0.6684154026706903, 0.4298308351702467, 0.20091724683454681, 0.008117752083540042, 0.6269269162127808, 0.6530927852801116, 0.6742767680968287, 0.7930823629145003, 0.718528913156721, 0.6163564527930888], [-0.08388504831506527, 0.8722087202192592, 0.0, 0.18412550533866065, 0.51688032382846, 0.1354551391307118, 0.2420827641385422, 0.6751813379792173, 0.39551061649809616, 0.205088895955722, 0.007727725548673403, 0.6150963371130385, 0.6563372198882513, 0.6826914206972133, 0.791543855512513, 0.7096984420418122, 0.591749228363863], [-0.10977092205046457, 0.8751243845329769, 0.0, 0.22855846107026162, 0.5220083570846535, 0.1355820540763822, 0.19652199412750945, 0.6734083468750559, 0.4002107522826299, 0.20675148533619758, 0.007950687539111767, 0.6188132126954717, 0.6372697792719354, 0.6719960884579801, 0.7858400618401808, 0.6924214799278623, 0.6040524104414599], [-0.005007870179746021, 0.8402528472502029, 0.0, 0.25606292795524654, 0.5072039615709577, 0.1397645605817745, 0.1757860831405786, 0.6685612405015438, 0.4370876546640796, 0.20402350452716878, 0.008284682400665488, 0.6207377725833512, 0.6545983376502195, 0.6660383907504497, 0.7945544858678989, 0.7067831456444816, 0.6186578486169337], [0.1973420475805998, 0.9744732357675933, 0.0, 0.21417820039552327, 0.5455723585576926, 0.13129303115482552, 0.2364252503875072, 0.6781882610838923, 0.3839346144751157, 0.21820609633962929, 0.007392832833969631, 0.6182947341821179, 0.6452247884464185, 0.6614695244912273, 0.7814727163721812, 0.7353945085406798, 0.5805063446969806], [-0.2272590777783905, 0.8541365418243908, 0.0, 0.24486612472742003, 0.5200217800806006, 0.1329530888934251, 0.24140358857378033, 0.6778941134858324, 0.39601997865718896, 0.20041488193678392, 0.008006390651371653, 0.622683896867033, 0.6686665329220568, 0.6856132600453072, 0.78836855876032, 0.6932078478554727, 0.604719343704985]], "features_2": [[0.9653455807564102, 0.8544087058440311, 0.0, 0.1927631744442738, 0.5077074147730029, 0.14712701717614918, 0.1913170876135581, 0.6616630994317572, 0.4678436478417043, 0.206866666483023, 0.007950687539111767, 0.5941310229092567, 0.6454653639645634, 0.6720762266010409, 0.8076162870944917, 0.7307494115109273, 0.6119438949356096], [1.141774619083149, 1.018447270426007, 0.0, 0.1908851836740357, 0.5367879692466323, 0.1505833514587817, 0.100740433299908, 0.6504847973766879, 0.49039814055582376, 0.2416873882703332, 0.007950687539111767, 0.5916937686317962, 0.6278613608796977, 0.6623964737353831, 0.7998662699261821, 0.7056647193893488, 0.5980428605706564], [1.372598856885956, 1.0175156691658491, 0.0, 0.18475567126572812, 0.5443474705220607, 0.14861269439932015, 0.14640998621803547, 0.6575596038380815, 0.4779322666468917, 0.23981345501292672, 0.00783923647221818, 0.5876168643990582, 0.6356544968837348, 0.6666874629378591, 0.8057164555892945, 0.7378079484686972, 0.6105736059696198], [0.9602690036128458, 0.9615636653514689, 0.0, 0.18511019843048007, 0.5276626569999447, 0.1520089022032246, 0.14232509021925493, 0.6532974243416381, 0.5079242943427285, 0.237698998992939, 0.008618141428105908, 0.596231075823145, 0.6446673078445905, 0.6842073519112024, 0.8125937198142024, 0.7251357144805107, 0.6163348235270835], [1.613538307141666, 1.072463747574006, 0.0, 0.22240035513487105, 0.5464147578294973, 0.15217357432795187, 0.10288048095176236, 0.6497052035197262, 0.48150278428732673, 0.24950339818964062, 0.007727725548673403, 0.5784835303573221, 0.6145052366867373, 0.6627126952596901, 0.8027811574578625, 0.7258445848422573, 0.5901034855248353], [1.2894690309249235, 1.0198588865850398, 0.0, 0.18541682369432444, 0.5412361831957182, 0.15074685226439818, 0.11744645935281142, 0.6530755184321284, 0.48673299174109985, 0.2434864220728008, 0.008062078829516484, 0.5869801195497955, 0.6390527526057108, 0.6672824115219065, 0.8054161961920512, 0.7428943806144567, 0.6101935320552776], [0.8446654556975086, 0.972649662873857, 0.0, 0.19194181929127457, 0.523761959917208, 0.15456087818927058, 0.11735223041899374, 0.6476336400875566, 0.5237548057946289, 0.24649890026058907, 0.008673665988278678, 0.6059248981412226, 0.6758765631955512, 0.7130962274147244, 0.8127614502093349, 0.7266034288977667, 0.6240719444777972], [0.15084192388131257, 1.1230843537541055, 0.0, 0.1798305899434666, 0.5691695002900564, 0.1442511672649005, 0.24949285778563352, 0.6680250860656807, 0.4249567891139714, 0.2571376460389554, 0.007336964783822175, 0.6078324073888672, 0.6450507830107515, 0.67832278847565, 0.8060868720353117, 0.7222356863596997, 0.6153280205983115], [0.010525876234842801, 1.0130142362111203, 0.0, 0.17359856164805315, 0.5453889613377243, 0.14678628230696367, 0.23439280049649866, 0.6652712125452418, 0.45421105251938143, 0.2453906951566316, 0.00822905385914674, 0.625978460192776, 0.661744513366422, 0.7083351797378962, 0.8128159995966128, 0.7245751683252383, 0.6370381335700492]]}