{"labels_1": ["1", "2", "3", "4", "5", "6", "7", "8", "9"], "labels_2": ["1", "2", "3", "4", "5", "6", "7", "8", "9"], "adj_matrix_1": [[0.0, 0.08432, 0.20585, 0.03375, 0.04984, 0.18765, 0.15558, 0.00355, 0.05377], [0.08432, 0.0, 0.13207, 0.05112, 0.03504, 0.11118, 0.07549, 0.08775, 0.13584], [0.20585, 0.13207, 0.0, 0.17763, 0.16357, 0.02256, 0.05949, 0.20862, 0.24759], [0.03375, 0.05112, 0.17763, 0.0, 0.0162, 0.15826, 0.12454, 0.03729, 0.08699], [0.04984, 0.03504, 0.16357, 0.0162, 0.0, 0.14369, 0.10927, 0.05337, 0.10266], [0.18765, 0.11118, 0.02256, 0.15826, 0.14369, 0.0, 0.03719, 0.19061, 0.23155], [0.15558, 0.07549, 0.05949, 0.12454, 0.10927, 0.03719, 0.0, 0.15873, 0.20257], [0.00355, 0.08775, 0.20862, 0.03729, 0.05337, 0.19061, 0.15873, 0.0, 0.05026], [0.05377, 0.13584, 0.24759, 0.08699, 0.10266, 0.23155, 0.20257, 0.05026, 0.0]], "adj_matrix_2": [[0.0, 0.08051, 0.2006, 0.16113, 0.25309, 0.1814, 0.12968, 0.26173, 0.06054], [0.08051, 0.0, 0.12717, 0.0842, 0.18695, 0.1061, 0.05085, 0.19719, 0.02025], [0.2006, 0.12717, 0.0, 0.04476, 0.06633, 0.02221, 0.07817, 0.07828, 0.14609], [0.16113, 0.0842, 0.04476, 0.0, 0.1097, 0.02264, 0.03386, 0.12121, 0.10385], [0.25309, 0.18695, 0.06633, 0.1097, 0.0, 0.08797, 0.14141, 0.01224, 0.20419], [0.1814, 0.1061, 0.02221, 0.02264, 0.08797, 0.0, 0.05634, 0.09973, 0.12543], [0.12968, 0.05085, 0.07817, 0.03386, 0.14141, 0.05634, 0.0, 0.15248, 0.07086], [0.26173, 0.19719, 0.07828, 0.12121, 0.01224, 0.09973, 0.15248, 0.0, 0.21409], [0.06054, 0.02025, 0.14609, 0.10385, 0.20419, 0.12543, 0.07086, 0.21409, 0.0]], "features_1": [[-0.030722101720669137, 0.697548949420343, 0.0, 0.21556311706597373, 0.470486657809729, 0.1361866062251532, 0.23022793031444239, 0.6738493959609949, 0.4084447694928819, 0.1683554710889601, 0.007671947615560004, 0.6235906483506259, 0.658281841803478, 0.6901421243441739, 0.7921112419062584, 0.7181980114740825, 0.6145366605474172], [-0.2005878242816319, 0.7862777603261394, 0.0, 0.19076132495114462, 0.49304897276335435, 0.1385228894033091, 0.2841818655799706, 0.6731713742912333, 0.4062931311958735, 0.19153507252176305, 0.008006390651371653, 0.6218282926604979, 0.6449945107791051, 0.6808261276203665, 0.8001267659768954, 0.711421514460512, 0.6121994749984911], [-0.058799378300467886, 0.8291846958925586, 0.0, 0.20457629842403985, 0.5127109671086619, 0.13476789169121517, 0.23803484976841177, 0.6754116144873757, 0.39948813521409465, 0.19559731163351524, 0.007671947615560004, 0.6180819348078619, 0.6561331378611543, 0.6802055062687984, 0.7879437070092287, 0.7040426173725932, 0.6101130599330491], [-0.10734928475748218, 0.8205993683996325, 0.0, 0.20680622970698348, 0.5027712402992471, 0.13944143490033048, 0.17221231921801844, 0.6684154026706903, 0.4298308351702467, 0.20091724683454681, 0.008117752083540042, 0.6269269162127808, 0.6530927852801116, 0.6742767680968287, 0.7930823629145003, 0.718528913156721, 0.6163564527930888], [-0.08388504831506527, 0.8722087202192592, 0.0, 0.18412550533866065, 0.51688032382846, 0.1354551391307118, 0.2420827641385422, 0.6751813379792173, 0.39551061649809616, 0.205088895955722, 0.007727725548673403, 0.6150963371130385, 0.6563372198882513, 0.6826914206972133, 0.791543855512513, 0.7096984420418122, 0.591749228363863], [-0.10977092205046457, 0.8751243845329769, 0.0, 0.22855846107026162, 0.5220083570846535, 0.1355820540763822, 0.19652199412750945, 0.6734083468750559, 0.4002107522826299, 0.20675148533619758, 0.007950687539111767, 0.6188132126954717, 0.6372697792719354, 0.6719960884579801, 0.7858400618401808, 0.6924214799278623, 0.6040524104414599], [-0.005007870179746021, 0.8402528472502029, 0.0, 0.25606292795524654, 0.5072039615709577, 0.1397645605817745, 0.1757860831405786, 0.6685612405015438, 0.4370876546640796, 0.20402350452716878, 0.008284682400665488, 0.6207377725833512, 0.6545983376502195, 0.6660383907504497, 0.7945544858678989, 0.7067831456444816, 0.6186578486169337], [0.1973420475805998, 0.9744732357675933, 0.0, 0.21417820039552327, 0.5455723585576926, 0.13129303115482552, 0.2364252503875072, 0.6781882610838923, 0.3839346144751157, 0.21820609633962929, 0.007392832833969631, 0.6182947341821179, 0.6452247884464185, 0.6614695244912273, 0.7814727163721812, 0.7353945085406798, 0.5805063446969806], [-0.2272590777783905, 0.8541365418243908, 0.0, 0.24486612472742003, 0.5200217800806006, 0.1329530888934251, 0.24140358857378033, 0.6778941134858324, 0.39601997865718896, 0.20041488193678392, 0.008006390651371653, 0.622683896867033, 0.6686665329220568, 0.6856132600453072, 0.78836855876032, 0.6932078478554727, 0.604719343704985]], "features_2": [[-0.2169281464983932, 0.8449933417620907, 0.0, 0.2631016057504715, 0.518865077574381, 0.13239784972643326, 0.33744158232414917, 0.6806720269295745, 0.3859561685797419, 0.19343840883747854, 0.00716927026363523, 0.6327731409192636, 0.6683643467441126, 0.6925461186658687, 0.7893250623528687, 0.7066554016850797, 0.5978198531108208], [0.04197825087359641, 0.906129857974319, 0.0, 0.25768703945650095, 0.5269750082121062, 0.13717777743310208, 0.3164129079066932, 0.6734100302441731, 0.4164097869079908, 0.21177350403815942, 0.007727725548673403, 0.6266154149449137, 0.6484428797501702, 0.6779852994751344, 0.7844489548441392, 0.7079196508836837, 0.6138680032482546], [-0.010273235543467596, 0.9629098480908935, 0.0, 0.26022362143392136, 0.5495767285242863, 0.13314492583215323, 0.3673864330010403, 0.6801466052482498, 0.39021553050962665, 0.21645680839996806, 0.007057398507269275, 0.6171179605960022, 0.6595151545624178, 0.6858554815858318, 0.790672161171353, 0.7103266301541766, 0.6042778898396215], [-0.12940901513731884, 0.921566155774946, 0.0, 0.2782067305096617, 0.5349051857514825, 0.1371135757892205, 0.35133373559162706, 0.6765665875862672, 0.41516692318283455, 0.2150852391799234, 0.007392832833969631, 0.6296090216754009, 0.6638258233284566, 0.6899232521236379, 0.7991290394105653, 0.724461220447587, 0.6172389147866504], [0.46237521200944665, 0.9025796272281101, 0.0, 0.2530515037468741, 0.5300401533285777, 0.13763421583300317, 0.4187641101203269, 0.6747960094991827, 0.4305931698283547, 0.21042610680257678, 0.008062078829516484, 0.6102277232238442, 0.6324154901019013, 0.6610464860169869, 0.7890006864125438, 0.7136142639617173, 0.6220781444884529], [0.3261842501519321, 0.980240163712102, 0.0, 0.2591918743029354, 0.553347281171057, 0.13576101764375567, 0.4388016140781126, 0.6778204597514988, 0.4185556340638983, 0.2223807707275569, 0.007727725548673403, 0.612829295891463, 0.6376568307163505, 0.6636040163532295, 0.7905851029903082, 0.7083521612959431, 0.6199231569270311], [-0.06022922916217022, 0.9189214406345876, 0.0, 0.23787374608619868, 0.5347611632945953, 0.13655288409035315, 0.3693030251551043, 0.6766005138434286, 0.41277815779667026, 0.21456048861344845, 0.007950687539111767, 0.6252231577162344, 0.672587648291717, 0.6919369336563586, 0.7995239882538587, 0.7168087474317899, 0.6329415202609651], [0.24663142264566806, 0.9961599238803174, 0.0, 0.2706060343482724, 0.5642349477701927, 0.12761623217068402, 0.48955621314570263, 0.6845888076160924, 0.35555713223926433, 0.21504785034640195, 0.00683347364535547, 0.6005264344835273, 0.6363960250947455, 0.6392506842971073, 0.7770777644645606, 0.7109005746901976, 0.6006932472230974], [-0.11516564823894182, 0.9940749863542127, 0.0, 0.28166198019101935, 0.5595409546810796, 0.1284457233590831, 0.5026293505794669, 0.6838465882016411, 0.35795660633790316, 0.21765133042319995, 0.007281081678807366, 0.6186479132981462, 0.6525330594461507, 0.6661563632353172, 0.777246431869325, 0.699647605209993, 0.6163431810384777]]}