{"labels_1": ["1", "2", "3", "4", "5", "6", "7", "8", "9"], "labels_2": ["1", "2", "3", "4", "5", "6", "7", "8", "9"], "adj_matrix_1": [[0.0, 0.30877, 0.02648, 0.13306, 0.27639, 0.03659, 0.18892, 0.25754, 0.04666], [0.30877, 0.0, 0.29792, 0.34631, 0.17055, 0.29358, 0.35587, 0.1198, 0.28913], [0.02648, 0.29792, 0.0, 0.15777, 0.27758, 0.01015, 0.21204, 0.23891, 0.02027], [0.13306, 0.34631, 0.15777, 0.0, 0.26114, 0.16702, 0.06007, 0.33544, 0.17612], [0.27639, 0.17055, 0.27758, 0.26114, 0.0, 0.27804, 0.25221, 0.2388, 0.27849], [0.03659, 0.29358, 0.01015, 0.16702, 0.27804, 0.0, 0.22064, 0.23152, 0.01013], [0.18892, 0.35587, 0.21204, 0.06007, 0.25221, 0.22064, 0.0, 0.36161, 0.22905], [0.25754, 0.1198, 0.23891, 0.33544, 0.2388, 0.23152, 0.36161, 0.0, 0.22399], [0.04666, 0.28913, 0.02027, 0.17612, 0.27849, 0.01013, 0.22905, 0.22399, 0.0]], "adj_matrix_2": [[0.0, 0.14981, 0.10897, 0.16159, 0.09031, 0.18283, 0.15434, 0.12634, 0.28959], [0.14981, 0.0, 0.04462, 0.27909, 0.06394, 0.0391, 0.2738, 0.25314, 0.36235], [0.10897, 0.04462, 0.0, 0.25091, 0.01961, 0.08289, 0.24498, 0.22169, 0.34895], [0.16159, 0.27909, 0.25091, 0.0, 0.23691, 0.29921, 0.00789, 0.03799, 0.1521], [0.09031, 0.06394, 0.01961, 0.23691, 0.0, 0.10158, 0.23068, 0.20637, 0.34091], [0.18283, 0.0391, 0.08289, 0.29921, 0.10158, 0.0, 0.29463, 0.27654, 0.36897], [0.15434, 0.2738, 0.24498, 0.00789, 0.23068, 0.29463, 0.0, 0.03013, 0.15948], [0.12634, 0.25314, 0.22169, 0.03799, 0.20637, 0.27654, 0.03013, 0.0, 0.187], [0.28959, 0.36235, 0.34895, 0.1521, 0.34091, 0.36897, 0.15948, 0.187, 0.0]], "features_1": [[-0.16278688090940063, 0.8798139394765027, 0.0, 0.22835311290223786, 0.5282314635904227, 0.13125577798196814, 0.3072786575521178, 0.6811356027164359, 0.373220474652761, 0.20056124436183542, 0.007225183508792421, 0.6180100846546508, 0.6572407607835701, 0.6866957598266936, 0.7902592009314542, 0.6975106594804498, 0.5978044764072228], [0.30401667970816204, 0.8506882439691482, 0.0, 0.24211385756759024, 0.5141112704944002, 0.13364750392062075, 0.2455595557849243, 0.6774026526732067, 0.40085389945580663, 0.1981481738965547, 0.007950687539111767, 0.5988568316827316, 0.6567373191783755, 0.6922917766584686, 0.7893393866555738, 0.7117391844997278, 0.5903661455578059], [-0.27707065622093063, 1.0031577494494972, 0.0, 0.2065000840802631, 0.5562928172232096, 0.13261703417957638, 0.28246972548694627, 0.6792705700498975, 0.38259510084268333, 0.22909495342868813, 0.007448685839370306, 0.6215762361745867, 0.6654320444374074, 0.6930772284770936, 0.7895314601988737, 0.6932971249489617, 0.6067399411661843], [-0.2882436653417981, 0.9690756125486166, 0.0, 0.20909612090606267, 0.5434229100500029, 0.1373889970509744, 0.2511336029259887, 0.6739343989860549, 0.40814659431076317, 0.22807094292762864, 0.007671947615560004, 0.6386441764157946, 0.6728811769789144, 0.7020831516637934, 0.79695946977945, 0.7082975603606072, 0.6161235230291181], [0.4835501075870994, 0.8631856119455513, 0.0, 0.296104994980768, 0.5166859536895908, 0.1347809207048515, 0.22732308739205678, 0.6761078455539105, 0.41725971684733554, 0.20378523134388238, 0.007783488497544067, 0.5987462573113629, 0.6513433170014756, 0.6721721003086153, 0.7887437880155884, 0.7107708946439214, 0.5948310242457876], [-0.27146012598708635, 0.9773099288092791, 0.0, 0.21825389251937516, 0.5471502844717641, 0.13498334177108565, 0.24833841553833197, 0.6762213840767485, 0.40046942402090435, 0.22846565222228055, 0.007783488497544067, 0.6280829412079427, 0.6648678277755802, 0.6959692816405795, 0.7912811074794557, 0.7122665686102646, 0.616797507806836], [-0.43360128561709077, 0.8392542837614416, 0.0, 0.16323725002926026, 0.5004919474933865, 0.14317550058861883, 0.1563500626394294, 0.6621000063802839, 0.4365628383079714, 0.21004513676348058, 0.007783488497544067, 0.6460492002040539, 0.6541535962453067, 0.6868493639729552, 0.7941047634831571, 0.7051554452650916, 0.618564200945088], [0.13864667997322044, 0.979412779519465, 0.0, 0.26944466418526125, 0.5467121355809796, 0.12778095529947392, 0.15040251076665215, 0.6802126738169074, 0.3680067539976717, 0.21974764667733604, 0.007671947615560004, 0.5976571479163777, 0.6268544925621568, 0.6533230905232592, 0.760834844246342, 0.6832040482539247, 0.5551630080494461], [-0.2332262121794324, 0.9080046025711216, 0.0, 0.21901428124983613, 0.5274145955666554, 0.13143769278826456, 0.12369177903748678, 0.6757900059261921, 0.3657004630162277, 0.20812142155716185, 0.007225183508792421, 0.618976741297151, 0.6260201762757699, 0.6493521942874038, 0.7656133779069478, 0.6833909221853832, 0.5752502906497777]], "features_2": [[-0.2085740924771291, 0.6641512822963829, 0.0, 0.20102204191219775, 0.4454081224027375, 0.14484916708834905, 0.2493330780705591, 0.6662562935448655, 0.46423507283273424, 0.17207105608269058, 0.00822905385914674, 0.630374597756747, 0.6842511351532529, 0.7191306784998187, 0.8129430300431275, 0.7144393927837475, 0.6345728986124379], [0.29512890986587603, 0.6909783885225582, 0.0, 0.23610292370934657, 0.45652650391010163, 0.1439933929879721, 0.25301869591310366, 0.6666948052751445, 0.4593250272796443, 0.1743688379158641, 0.008006390651371653, 0.6117874779782038, 0.6509319000499185, 0.6941691530556384, 0.80615405271077, 0.7215509938475311, 0.6347198414287832], [0.12489799004573587, 0.8002861733803698, 0.0, 0.22795632860596174, 0.48605219592415194, 0.1456342787262061, 0.22911453289253245, 0.6634753828977618, 0.46120345158979403, 0.20148111734924967, 0.008117752083540042, 0.6203863538557308, 0.6636018750057078, 0.7077438907827757, 0.8074503607570047, 0.7216786599205871, 0.6321103813466474], [-0.3693063846891351, 0.7847602462825715, 0.0, 0.2175704171904245, 0.48151756565762416, 0.146406390063024, 0.23418262052861394, 0.6636120820728943, 0.4667139489282168, 0.20287678380209018, 0.007894969482732161, 0.6428824167887841, 0.6863318221928306, 0.7120956023677771, 0.8142285492410091, 0.7283100247438747, 0.637847057766332], [-0.014898520708819252, 0.7342299554062273, 0.0, 0.23532164784427326, 0.4736538713115028, 0.1427293949061078, 0.2674157589089255, 0.6679017096252702, 0.4447988340576936, 0.1842333089475925, 0.00822905385914674, 0.6232036937385854, 0.6602928265486482, 0.686347324354812, 0.8014407095443371, 0.7274026786883496, 0.6249520456739843], [0.29110439032175783, 0.8124152612344434, 0.0, 0.25263105059128865, 0.4904495231080708, 0.1457850862142307, 0.19409809106835355, 0.6616886805623959, 0.4683975141501293, 0.20434319768693543, 0.008451478759474051, 0.6166931774398448, 0.6511857812322328, 0.6943685961966274, 0.803635568991672, 0.727197836931271, 0.6322633182219429], [-0.2117039046621092, 0.873722839913308, 0.0, 0.23806809595072634, 0.5114694466247773, 0.14087461522443445, 0.23078386154510538, 0.6693478462527102, 0.42764630563292716, 0.2137617104494416, 0.00822905385914674, 0.630724330864918, 0.664252455823344, 0.7065304998409955, 0.8018139424200935, 0.7193075744388644, 0.601786547748876], [-0.23083648536932388, 0.8739100839431508, 0.0, 0.25882426953121207, 0.5179907298194782, 0.13423902154800396, 0.21024113181266274, 0.6750884030706008, 0.3973610826905354, 0.20767941925873057, 0.007783488497544067, 0.6293845192534264, 0.6679408306895316, 0.6936505785066444, 0.7808907306647931, 0.6858647788024002, 0.584984735835372], [-0.3693109631718712, 0.9089519078746893, 0.0, 0.24708883074454657, 0.5259778465809029, 0.13464896439612462, 0.19763331893832756, 0.6745737562919514, 0.4072737758199112, 0.21736041007619789, 0.008173410423425675, 0.6392700022164148, 0.659492816849381, 0.6799494563631957, 0.7820955588187605, 0.6915292054416339, 0.5855948709835208]]}