{"labels_1": ["1", "2", "3", "4", "5", "6", "7", "8", "9"], "labels_2": ["1", "2", "3", "4", "5", "6", "7", "8", "9"], "adj_matrix_1": [[0.0, 0.30877, 0.02648, 0.13306, 0.27639, 0.03659, 0.18892, 0.25754, 0.04666], [0.30877, 0.0, 0.29792, 0.34631, 0.17055, 0.29358, 0.35587, 0.1198, 0.28913], [0.02648, 0.29792, 0.0, 0.15777, 0.27758, 0.01015, 0.21204, 0.23891, 0.02027], [0.13306, 0.34631, 0.15777, 0.0, 0.26114, 0.16702, 0.06007, 0.33544, 0.17612], [0.27639, 0.17055, 0.27758, 0.26114, 0.0, 0.27804, 0.25221, 0.2388, 0.27849], [0.03659, 0.29358, 0.01015, 0.16702, 0.27804, 0.0, 0.22064, 0.23152, 0.01013], [0.18892, 0.35587, 0.21204, 0.06007, 0.25221, 0.22064, 0.0, 0.36161, 0.22905], [0.25754, 0.1198, 0.23891, 0.33544, 0.2388, 0.23152, 0.36161, 0.0, 0.22399], [0.04666, 0.28913, 0.02027, 0.17612, 0.27849, 0.01013, 0.22905, 0.22399, 0.0]], "adj_matrix_2": [[0.0, 0.3273, 0.19766, 0.06248, 0.23752, 0.16501, 0.30962, 0.1976, 0.26008], [0.3273, 0.0, 0.1778, 0.29308, 0.1317, 0.21122, 0.02921, 0.34614, 0.22817], [0.19766, 0.1778, 0.0, 0.14353, 0.04966, 0.03813, 0.15083, 0.30821, 0.25703], [0.06248, 0.29308, 0.14353, 0.0, 0.18801, 0.10778, 0.27199, 0.23948, 0.26498], [0.23752, 0.1317, 0.04966, 0.18801, 0.0, 0.08722, 0.10353, 0.32318, 0.25063], [0.16501, 0.21122, 0.03813, 0.10778, 0.08722, 0.0, 0.18541, 0.2943, 0.26113], [0.30962, 0.02921, 0.15083, 0.27199, 0.10353, 0.18541, 0.0, 0.34254, 0.23313], [0.1976, 0.34614, 0.30821, 0.23948, 0.32318, 0.2943, 0.34254, 0.0, 0.17733], [0.26008, 0.22817, 0.25703, 0.26498, 0.25063, 0.26113, 0.23313, 0.17733, 0.0]], "features_1": [[-0.16278688090940063, 0.8798139394765027, 0.0, 0.22835311290223786, 0.5282314635904227, 0.13125577798196814, 0.3072786575521178, 0.6811356027164359, 0.373220474652761, 0.20056124436183542, 0.007225183508792421, 0.6180100846546508, 0.6572407607835701, 0.6866957598266936, 0.7902592009314542, 0.6975106594804498, 0.5978044764072228], [0.30401667970816204, 0.8506882439691482, 0.0, 0.24211385756759024, 0.5141112704944002, 0.13364750392062075, 0.2455595557849243, 0.6774026526732067, 0.40085389945580663, 0.1981481738965547, 0.007950687539111767, 0.5988568316827316, 0.6567373191783755, 0.6922917766584686, 0.7893393866555738, 0.7117391844997278, 0.5903661455578059], [-0.27707065622093063, 1.0031577494494972, 0.0, 0.2065000840802631, 0.5562928172232096, 0.13261703417957638, 0.28246972548694627, 0.6792705700498975, 0.38259510084268333, 0.22909495342868813, 0.007448685839370306, 0.6215762361745867, 0.6654320444374074, 0.6930772284770936, 0.7895314601988737, 0.6932971249489617, 0.6067399411661843], [-0.2882436653417981, 0.9690756125486166, 0.0, 0.20909612090606267, 0.5434229100500029, 0.1373889970509744, 0.2511336029259887, 0.6739343989860549, 0.40814659431076317, 0.22807094292762864, 0.007671947615560004, 0.6386441764157946, 0.6728811769789144, 0.7020831516637934, 0.79695946977945, 0.7082975603606072, 0.6161235230291181], [0.4835501075870994, 0.8631856119455513, 0.0, 0.296104994980768, 0.5166859536895908, 0.1347809207048515, 0.22732308739205678, 0.6761078455539105, 0.41725971684733554, 0.20378523134388238, 0.007783488497544067, 0.5987462573113629, 0.6513433170014756, 0.6721721003086153, 0.7887437880155884, 0.7107708946439214, 0.5948310242457876], [-0.27146012598708635, 0.9773099288092791, 0.0, 0.21825389251937516, 0.5471502844717641, 0.13498334177108565, 0.24833841553833197, 0.6762213840767485, 0.40046942402090435, 0.22846565222228055, 0.007783488497544067, 0.6280829412079427, 0.6648678277755802, 0.6959692816405795, 0.7912811074794557, 0.7122665686102646, 0.616797507806836], [-0.43360128561709077, 0.8392542837614416, 0.0, 0.16323725002926026, 0.5004919474933865, 0.14317550058861883, 0.1563500626394294, 0.6621000063802839, 0.4365628383079714, 0.21004513676348058, 0.007783488497544067, 0.6460492002040539, 0.6541535962453067, 0.6868493639729552, 0.7941047634831571, 0.7051554452650916, 0.618564200945088], [0.13864667997322044, 0.979412779519465, 0.0, 0.26944466418526125, 0.5467121355809796, 0.12778095529947392, 0.15040251076665215, 0.6802126738169074, 0.3680067539976717, 0.21974764667733604, 0.007671947615560004, 0.5976571479163777, 0.6268544925621568, 0.6533230905232592, 0.760834844246342, 0.6832040482539247, 0.5551630080494461], [-0.2332262121794324, 0.9080046025711216, 0.0, 0.21901428124983613, 0.5274145955666554, 0.13143769278826456, 0.12369177903748678, 0.6757900059261921, 0.3657004630162277, 0.20812142155716185, 0.007225183508792421, 0.618976741297151, 0.6260201762757699, 0.6493521942874038, 0.7656133779069478, 0.6833909221853832, 0.5752502906497777]], "features_2": [[0.0007862779545213527, 0.9902131293390525, 0.0, 0.20132926234143148, 0.5643122133941326, 0.1266489758679715, 0.35087278181832177, 0.6851180493352891, 0.35994377995622173, 0.21644611982618023, 0.007225183508792421, 0.6123015227903341, 0.6622465155159497, 0.6796377269478875, 0.7778855857567135, 0.6986919160731514, 0.579501376776601], [-0.2878990876095635, 0.9474435802466543, 0.0, 0.18269358353673448, 0.5477405935269576, 0.12831994045913286, 0.28050702131138794, 0.6827006852970177, 0.3594392611144541, 0.21158484124621735, 0.00711334193318236, 0.6285895229695788, 0.6521266513325504, 0.6723622097235664, 0.7799164986595346, 0.68323954558258, 0.5822906607095534], [-0.08923622066296222, 1.1408884702097228, 0.0, 0.18694403478835941, 0.5947538810450428, 0.12823168280583286, 0.32686506418054295, 0.6830434112758563, 0.3665762029129571, 0.2467650018893821, 0.007392832833969631, 0.6200532901001159, 0.6483906577344649, 0.6742265550141291, 0.7764830371424135, 0.6879823491324476, 0.5924090746597264], [-0.031138646864310893, 1.1324484929586, 0.0, 0.2181526545209367, 0.5944343338883613, 0.1298952376164719, 0.37604692338787443, 0.6831011743858018, 0.38259260818801577, 0.24859775466681677, 0.007560346756364078, 0.6118153107178499, 0.6641228489488276, 0.6904163033174343, 0.7867518791321894, 0.696837537989882, 0.605857042480923], [-0.2815559312513152, 0.9773360035739685, 0.0, 0.18225313282482256, 0.5535184836745047, 0.12831542888938655, 0.24682819474806336, 0.6818061043940638, 0.3602185275148959, 0.21933643221813548, 0.00711334193318236, 0.6223574442016904, 0.6475073121127005, 0.6614111043378135, 0.7754010697665714, 0.6949792271078824, 0.583304477692838], [-0.16690496347520556, 1.1049691410390707, 0.0, 0.17493152193524017, 0.5867704644960101, 0.12969696844447984, 0.2914787881676368, 0.6813613738750918, 0.3705836564956482, 0.24323488745696453, 0.007281081678807366, 0.6145566981757371, 0.6494069882535145, 0.6747023914132396, 0.780007181603998, 0.6797378547058406, 0.6059089288549203], [-0.22909166911900058, 1.1243189927397639, 0.0, 0.19448336251102827, 0.5984572577478211, 0.1283522455695424, 0.41289344472547074, 0.6848241078684796, 0.3673400329070047, 0.2447814510162527, 0.00711334193318236, 0.6228708919444212, 0.6698752496051291, 0.683572119618715, 0.7884703628215262, 0.6878879763882234, 0.615968445630928], [0.591165598404463, 1.0385692229047783, 0.0, 0.250482408349535, 0.5708404985798531, 0.12376206227456733, 0.18466677552157834, 0.684199188221751, 0.3328150735284694, 0.21815559498190162, 0.0069454663283523566, 0.5882519686431675, 0.6058121647180243, 0.6243394379364348, 0.7557227875370565, 0.6748012524585624, 0.5511086167019149], [1.5603323058555496, 1.172206635971832, 0.0, 0.3431052591347583, 0.6107368682447454, 0.11967455608356616, 0.26755099195360116, 0.6885040340436894, 0.3327754745929459, 0.2331425462990353, 0.007001439975721224, 0.560157990208205, 0.6176142173359196, 0.643049712287047, 0.7562919644151995, 0.6673476387409412, 0.5687895338155478]]}