{"labels_1": ["1", "2", "3", "4", "5", "6", "7", "8", "9"], "labels_2": ["1", "2", "3", "4", "5", "6", "7", "8", "9"], "adj_matrix_1": [[0.0, 0.2685, 0.04893, 0.06079, 0.26806, 0.10921, 0.23251, 0.25818, 0.2679], [0.2685, 0.0, 0.24571, 0.23887, 0.01171, 0.28769, 0.20404, 0.12109, 0.01565], [0.04893, 0.24571, 0.0, 0.01235, 0.24424, 0.14817, 0.23972, 0.22627, 0.24691], [0.06079, 0.23887, 0.01235, 0.0, 0.23715, 0.15657, 0.23969, 0.21755, 0.24035], [0.26806, 0.01171, 0.24424, 0.23715, 0.0, 0.29078, 0.21302, 0.11005, 0.02734], [0.10921, 0.28769, 0.14817, 0.15657, 0.29078, 0.0, 0.17607, 0.30935, 0.28285], [0.23251, 0.20404, 0.23972, 0.23969, 0.21302, 0.17607, 0.0, 0.28717, 0.19155], [0.25818, 0.12109, 0.22627, 0.21755, 0.11005, 0.30935, 0.28717, 0.0, 0.13584], [0.2679, 0.01565, 0.24691, 0.24035, 0.02734, 0.28285, 0.19155, 0.13584, 0.0]], "adj_matrix_2": [[0.0, 0.2743, 0.15581, 0.10614, 0.26413, 0.16075, 0.28561, 0.12889, 0.34643], [0.2743, 0.0, 0.14275, 0.18941, 0.01499, 0.13781, 0.01766, 0.16876, 0.18824], [0.15581, 0.14275, 0.0, 0.05246, 0.12899, 0.0054, 0.15861, 0.0288, 0.28397], [0.10614, 0.18941, 0.05246, 0.0, 0.17665, 0.0578, 0.20401, 0.02377, 0.30891], [0.26413, 0.01499, 0.12899, 0.17665, 0.0, 0.12397, 0.0326, 0.15552, 0.19976], [0.16075, 0.13781, 0.0054, 0.0578, 0.12397, 0.0, 0.15378, 0.03419, 0.28118], [0.28561, 0.01766, 0.15861, 0.20401, 0.0326, 0.15378, 0.0, 0.18392, 0.17414], [0.12889, 0.16876, 0.0288, 0.02377, 0.15552, 0.03419, 0.18392, 0.0, 0.29831], [0.34643, 0.18824, 0.28397, 0.30891, 0.19976, 0.28118, 0.17414, 0.29831, 0.0]], "features_1": [[0.6334211295573318, 0.8483440037502019, 0.0, 0.3032447141891895, 0.5042512548244868, 0.14374057029168305, 0.20563619129356567, 0.6638733134669119, 0.4901750171503587, 0.2094389195201909, 0.008451478759474051, 0.6069015555062462, 0.6455086725291759, 0.6791920944589606, 0.8084991699218429, 0.7168601575131517, 0.6328533099154295], [0.28641720016853256, 0.8548838568260296, 0.0, 0.29522219747243583, 0.5062977748924954, 0.14343856150522086, 0.220281289924376, 0.6643024640270956, 0.49309449537616823, 0.21349114847629047, 0.008562602043175715, 0.6250243390303485, 0.6614900324025476, 0.6918297943406432, 0.8087527634602917, 0.7177761905078963, 0.6391150097640124], [0.7215636147500817, 1.005392505503927, 0.0, 0.29837925611798444, 0.5465377069866333, 0.1419941894538821, 0.20502775150404845, 0.6661910492545524, 0.47900820553641243, 0.23965290100442838, 0.008451478759474051, 0.5991095080398807, 0.6588786339501723, 0.6920930231293441, 0.8043304572203273, 0.7124588533695341, 0.6295954148809636], [0.6944176589591704, 0.9831310693857411, 0.0, 0.28676892637865226, 0.5398011580684585, 0.143811312967993, 0.21529451208015543, 0.664953937107288, 0.49813181424968733, 0.23911691964337, 0.008895616178821175, 0.604796754278834, 0.6533320832631961, 0.6938320651836621, 0.8114235148368408, 0.7328885862983078, 0.6320269294996849], [-0.05385391025855979, 0.9329685030009995, 0.0, 0.26517164599741955, 0.5440837460002284, 0.13332852064273043, 0.3413350785811907, 0.6798646482015451, 0.4036686631304376, 0.2150173026465616, 0.007281081678807366, 0.6131138997431833, 0.6690801956819968, 0.7092229147809086, 0.7982719387673318, 0.7294748016991808, 0.5980482104743458], [0.3833066326972232, 1.0523386723870696, 0.0, 0.2561305336736965, 0.5677172227855616, 0.13804239739158664, 0.25537453721673414, 0.6734157708049253, 0.46195511769454134, 0.2464884256715978, 0.008284682400665488, 0.6076118875249481, 0.6444644559237326, 0.6808526246325539, 0.8008737539771568, 0.7077977622418413, 0.6241230941236429], [0.35638552875946505, 0.9865587040663353, 0.0, 0.2565496923176304, 0.5563262496134027, 0.1374076112319023, 0.34406635922922674, 0.6776980098248433, 0.4448338267062597, 0.2304888047588074, 0.00783923647221818, 0.6042377393450287, 0.6827685078066664, 0.6890985920339452, 0.812430243161386, 0.7314666475692349, 0.6307390445096501], [-0.12862904630077399, 1.1398831647489232, 0.0, 0.2358989773884453, 0.6104022995704574, 0.12149579166300552, 0.5690771680600974, 0.6901398876949727, 0.33208238337405693, 0.23284009910295822, 0.006609306440138685, 0.6158974168754856, 0.673625475795468, 0.6808623096939671, 0.7802889898850448, 0.70736232125089, 0.543417045726318], [0.06331936576203034, 1.1334382907803673, 0.0, 0.25401638173630436, 0.6089225208702165, 0.12248525745369379, 0.5011118999401389, 0.6896879735894863, 0.34574325269532946, 0.23271890641533166, 0.007057398507269275, 0.6049974009230825, 0.6612781320705773, 0.6649566531742032, 0.7853094775426137, 0.7094898643071716, 0.5777693745871941]], "features_2": [[0.0006926397177355881, 0.9304673610887203, 0.0, 0.16527878884145109, 0.5535934001786326, 0.12756357032548338, 0.3817935237588756, 0.6854528435951042, 0.378446552767693, 0.20740409652337144, 0.007616154688146137, 0.6216868761403957, 0.6642924751020488, 0.6824840926362543, 0.7880208900365853, 0.7115337131483392, 0.5927701979616627], [0.13130658403979467, 0.8976778682076312, 0.0, 0.1882199558411018, 0.5418796716215752, 0.13143793699821477, 0.34627487843075644, 0.6820650657537337, 0.3990131022053487, 0.2052042734899946, 0.008173410423425675, 0.6114141122139933, 0.6567443980032437, 0.6730430961552036, 0.7949246646273921, 0.7161015295257952, 0.6130552635634051], [0.07067647882268302, 1.0638483960481213, 0.0, 0.17080450414419343, 0.5860562214947231, 0.1264888027668454, 0.392323555470287, 0.6862003247632553, 0.3708353594973046, 0.23027599025540457, 0.007727725548673403, 0.6151391951601988, 0.6632618143018197, 0.67506661914487, 0.786103707815725, 0.7104032428037307, 0.5918550337222288], [0.0491199133898883, 1.0574807115546498, 0.0, 0.1698519771484506, 0.5818298606887723, 0.12757680729196053, 0.37444366733148016, 0.6854491164176857, 0.36553215979068754, 0.22951885258610338, 0.007225183508792421, 0.6131898949625687, 0.6687705167985109, 0.6909984089564492, 0.7885625829554901, 0.7133079894911833, 0.5877271047144339], [-0.10643052665747543, 0.8559178657685578, 0.0, 0.19622453734570458, 0.5243046585021325, 0.13392058671707202, 0.2884488596400317, 0.6786211959421746, 0.39918576989116694, 0.20179363853882815, 0.00783923647221818, 0.6135083974971596, 0.6552512046019549, 0.6775475210348073, 0.7951390814550241, 0.7094188673884537, 0.6199185133577293], [-0.11590925598067114, 1.0324268484785413, 0.0, 0.176418257978812, 0.5750601794104794, 0.1287072786597487, 0.34212532086685454, 0.6839135051963192, 0.3759939733400215, 0.22915419082887878, 0.007336964783822175, 0.6182321560228723, 0.6566042394714954, 0.6889213970303805, 0.7877461097883166, 0.7083764818937427, 0.6040148161933105], [-0.1518410135755981, 1.0565293648336482, 0.0, 0.1725675548993487, 0.5767233975621293, 0.12427048568846286, 0.3767247557314555, 0.6867184006009381, 0.33869886692185913, 0.22448284285738218, 0.00677745458930179, 0.6086533332509123, 0.649028761440659, 0.6804571429322919, 0.7768813440399843, 0.7140853830673006, 0.5629223041531333], [-0.14371671742453307, 0.9564525428081788, 0.0, 0.2016134258709765, 0.5370444861808249, 0.1312163947089642, 0.17302852850613776, 0.6770035727492019, 0.3613371329120152, 0.21686814135840016, 0.007448685839370306, 0.6192050866524945, 0.6415981427208759, 0.6709727341875862, 0.7714284150174799, 0.6982564599348947, 0.5763418473132147], [0.022174218395131007, 1.056009465024044, 0.0, 0.17617991171679195, 0.563722528980077, 0.12602214032445022, 0.2100581903234165, 0.6823809105611318, 0.3314814655145506, 0.22613247853707819, 0.00711334193318236, 0.6040403903328384, 0.6358556513037348, 0.6486190667077364, 0.7620184894079509, 0.6994430704140435, 0.5552096728617376]]}