{"labels_1": ["1", "2", "3", "4", "5", "6", "7", "8", "9"], "labels_2": ["1", "2", "3", "4", "5", "6", "7", "8", "9"], "adj_matrix_1": [[0.0, 0.2685, 0.04893, 0.06079, 0.26806, 0.10921, 0.23251, 0.25818, 0.2679], [0.2685, 0.0, 0.24571, 0.23887, 0.01171, 0.28769, 0.20404, 0.12109, 0.01565], [0.04893, 0.24571, 0.0, 0.01235, 0.24424, 0.14817, 0.23972, 0.22627, 0.24691], [0.06079, 0.23887, 0.01235, 0.0, 0.23715, 0.15657, 0.23969, 0.21755, 0.24035], [0.26806, 0.01171, 0.24424, 0.23715, 0.0, 0.29078, 0.21302, 0.11005, 0.02734], [0.10921, 0.28769, 0.14817, 0.15657, 0.29078, 0.0, 0.17607, 0.30935, 0.28285], [0.23251, 0.20404, 0.23972, 0.23969, 0.21302, 0.17607, 0.0, 0.28717, 0.19155], [0.25818, 0.12109, 0.22627, 0.21755, 0.11005, 0.30935, 0.28717, 0.0, 0.13584], [0.2679, 0.01565, 0.24691, 0.24035, 0.02734, 0.28285, 0.19155, 0.13584, 0.0]], "adj_matrix_2": [[0.0, 0.23373, 0.10398, 0.05082, 0.2352, 0.23201, 0.19755, 0.04446, 0.07679], [0.23373, 0.0, 0.20911, 0.22545, 0.01514, 0.0666, 0.22067, 0.22663, 0.23549], [0.10398, 0.20911, 0.0, 0.05542, 0.20484, 0.18153, 0.26049, 0.06168, 0.17056], [0.05082, 0.22545, 0.05542, 0.0, 0.22429, 0.21166, 0.23218, 0.00645, 0.12426], [0.2352, 0.01514, 0.20484, 0.22429, 0.0, 0.05221, 0.22972, 0.22585, 0.24044], [0.23201, 0.0666, 0.18153, 0.21166, 0.05221, 0.0, 0.25665, 0.21449, 0.25039], [0.19755, 0.22067, 0.26049, 0.23218, 0.22972, 0.25665, 0.0, 0.2283, 0.13292], [0.04446, 0.22663, 0.06168, 0.00645, 0.22585, 0.21449, 0.2283, 0.0, 0.11857], [0.07679, 0.23549, 0.17056, 0.12426, 0.24044, 0.25039, 0.13292, 0.11857, 0.0]], "features_1": [[0.6334211295573318, 0.8483440037502019, 0.0, 0.3032447141891895, 0.5042512548244868, 0.14374057029168305, 0.20563619129356567, 0.6638733134669119, 0.4901750171503587, 0.2094389195201909, 0.008451478759474051, 0.6069015555062462, 0.6455086725291759, 0.6791920944589606, 0.8084991699218429, 0.7168601575131517, 0.6328533099154295], [0.28641720016853256, 0.8548838568260296, 0.0, 0.29522219747243583, 0.5062977748924954, 0.14343856150522086, 0.220281289924376, 0.6643024640270956, 0.49309449537616823, 0.21349114847629047, 0.008562602043175715, 0.6250243390303485, 0.6614900324025476, 0.6918297943406432, 0.8087527634602917, 0.7177761905078963, 0.6391150097640124], [0.7215636147500817, 1.005392505503927, 0.0, 0.29837925611798444, 0.5465377069866333, 0.1419941894538821, 0.20502775150404845, 0.6661910492545524, 0.47900820553641243, 0.23965290100442838, 0.008451478759474051, 0.5991095080398807, 0.6588786339501723, 0.6920930231293441, 0.8043304572203273, 0.7124588533695341, 0.6295954148809636], [0.6944176589591704, 0.9831310693857411, 0.0, 0.28676892637865226, 0.5398011580684585, 0.143811312967993, 0.21529451208015543, 0.664953937107288, 0.49813181424968733, 0.23911691964337, 0.008895616178821175, 0.604796754278834, 0.6533320832631961, 0.6938320651836621, 0.8114235148368408, 0.7328885862983078, 0.6320269294996849], [-0.05385391025855979, 0.9329685030009995, 0.0, 0.26517164599741955, 0.5440837460002284, 0.13332852064273043, 0.3413350785811907, 0.6798646482015451, 0.4036686631304376, 0.2150173026465616, 0.007281081678807366, 0.6131138997431833, 0.6690801956819968, 0.7092229147809086, 0.7982719387673318, 0.7294748016991808, 0.5980482104743458], [0.3833066326972232, 1.0523386723870696, 0.0, 0.2561305336736965, 0.5677172227855616, 0.13804239739158664, 0.25537453721673414, 0.6734157708049253, 0.46195511769454134, 0.2464884256715978, 0.008284682400665488, 0.6076118875249481, 0.6444644559237326, 0.6808526246325539, 0.8008737539771568, 0.7077977622418413, 0.6241230941236429], [0.35638552875946505, 0.9865587040663353, 0.0, 0.2565496923176304, 0.5563262496134027, 0.1374076112319023, 0.34406635922922674, 0.6776980098248433, 0.4448338267062597, 0.2304888047588074, 0.00783923647221818, 0.6042377393450287, 0.6827685078066664, 0.6890985920339452, 0.812430243161386, 0.7314666475692349, 0.6307390445096501], [-0.12862904630077399, 1.1398831647489232, 0.0, 0.2358989773884453, 0.6104022995704574, 0.12149579166300552, 0.5690771680600974, 0.6901398876949727, 0.33208238337405693, 0.23284009910295822, 0.006609306440138685, 0.6158974168754856, 0.673625475795468, 0.6808623096939671, 0.7802889898850448, 0.70736232125089, 0.543417045726318], [0.06331936576203034, 1.1334382907803673, 0.0, 0.25401638173630436, 0.6089225208702165, 0.12248525745369379, 0.5011118999401389, 0.6896879735894863, 0.34574325269532946, 0.23271890641533166, 0.007057398507269275, 0.6049974009230825, 0.6612781320705773, 0.6649566531742032, 0.7853094775426137, 0.7094898643071716, 0.5777693745871941]], "features_2": [[-0.010161337298527862, 0.7377212361274048, 0.0, 0.2337755671300552, 0.4896184274957912, 0.13194329167930852, 0.23874372894714782, 0.6787089402182007, 0.38519727609884113, 0.17333375820786956, 0.007281081678807366, 0.6123229557001098, 0.6675260510067734, 0.696176234232138, 0.7831103034098422, 0.7192355463022874, 0.6041000142350451], [0.6659701252257415, 0.8061003844976522, 0.0, 0.2531562899880197, 0.5050994407841269, 0.13481439538132142, 0.19768742418611182, 0.6750850829010266, 0.41372527124057146, 0.189969370161154, 0.00783923647221818, 0.5842532461726959, 0.6520460046575579, 0.6890645861265331, 0.784417214205284, 0.6989323760040342, 0.6118572442966365], [0.12082000428884987, 0.854777643533498, 0.0, 0.23364850551437258, 0.5212452559495441, 0.13235344005408312, 0.21870902055403504, 0.6773865175814395, 0.3921907358881127, 0.19842352967092136, 0.007504523810135222, 0.601810899145574, 0.6449108175145544, 0.6685142667168054, 0.7803289267261291, 0.7069004633459647, 0.599663923279604], [0.1192688176312422, 0.8371382969468623, 0.0, 0.2117002288338515, 0.5143879583691533, 0.1336326428202459, 0.24529757849674638, 0.6769057914660741, 0.39934974858005456, 0.1971478545797647, 0.007727725548673403, 0.6075366224291696, 0.6458914873106462, 0.6773425864208958, 0.7878164021071697, 0.7336755544391473, 0.6044229709077721], [1.2078950885451292, 0.8179198127608375, 0.0, 0.255625969094774, 0.5098834219638023, 0.13198500229895205, 0.2603180707578595, 0.6786805779337736, 0.40118151124116297, 0.18674194882313921, 0.008006390651371653, 0.5684901239291156, 0.6558706515693092, 0.6733373330210931, 0.7835131398861473, 0.7102753651260101, 0.5994451896295442], [0.7671887387648111, 0.858793101138824, 0.0, 0.2256492881465891, 0.5203628389641042, 0.13429907680904896, 0.2503211954693668, 0.6760265322100402, 0.4057378421797182, 0.19929795765356317, 0.007560346756364078, 0.5839601006122686, 0.6419195682807834, 0.6806740647962429, 0.7869157462083467, 0.7219369919483654, 0.6066917702293326], [0.12294996368089661, 0.9039884472484434, 0.0, 0.19986747260091753, 0.5254707493789507, 0.13469007343400857, 0.2495702387285199, 0.675918773475819, 0.4136140175297853, 0.21256003808510582, 0.007616154688146137, 0.6151256101979947, 0.6488025322858699, 0.6817093113080747, 0.7904970123087639, 0.7305439413715409, 0.5807621339080901], [0.7364245533234541, 0.9565440250756502, 0.0, 0.2394359767586471, 0.5519113768723636, 0.1242150601420205, 0.3400791939309258, 0.6852826880519818, 0.37099498247635854, 0.20463032704098016, 0.007894969482732161, 0.5862183120069075, 0.6212243571916577, 0.6476283587396716, 0.767154841907148, 0.7080245875699891, 0.5835596831244879], [0.32295693110869284, 1.0859866441881134, 0.0, 0.24156252256176672, 0.5801393881594402, 0.1233891552569231, 0.29302650784396744, 0.6857893859521244, 0.3597645650550336, 0.23112841836284037, 0.007225183508792421, 0.5993221010171348, 0.6427213867007181, 0.6693488510058582, 0.7634284134286499, 0.6863203586118599, 0.5502180742331744]]}