{"labels_1": ["1", "2", "3", "4", "5", "6", "7", "8", "9"], "labels_2": ["1", "2", "3", "4", "5", "6", "7", "8", "9"], "adj_matrix_1": [[0.0, 0.2685, 0.04893, 0.06079, 0.26806, 0.10921, 0.23251, 0.25818, 0.2679], [0.2685, 0.0, 0.24571, 0.23887, 0.01171, 0.28769, 0.20404, 0.12109, 0.01565], [0.04893, 0.24571, 0.0, 0.01235, 0.24424, 0.14817, 0.23972, 0.22627, 0.24691], [0.06079, 0.23887, 0.01235, 0.0, 0.23715, 0.15657, 0.23969, 0.21755, 0.24035], [0.26806, 0.01171, 0.24424, 0.23715, 0.0, 0.29078, 0.21302, 0.11005, 0.02734], [0.10921, 0.28769, 0.14817, 0.15657, 0.29078, 0.0, 0.17607, 0.30935, 0.28285], [0.23251, 0.20404, 0.23972, 0.23969, 0.21302, 0.17607, 0.0, 0.28717, 0.19155], [0.25818, 0.12109, 0.22627, 0.21755, 0.11005, 0.30935, 0.28717, 0.0, 0.13584], [0.2679, 0.01565, 0.24691, 0.24035, 0.02734, 0.28285, 0.19155, 0.13584, 0.0]], "adj_matrix_2": [[0.0, 0.15443, 0.12273, 0.03186, 0.19514, 0.0961, 0.04236, 0.18662, 0.28734], [0.15443, 0.0, 0.04318, 0.13114, 0.09169, 0.07314, 0.12275, 0.2355, 0.22163], [0.12273, 0.04318, 0.0, 0.0954, 0.12665, 0.03131, 0.08581, 0.23622, 0.24702], [0.03186, 0.13114, 0.0954, 0.0, 0.1837, 0.0666, 0.01066, 0.20542, 0.28355], [0.19514, 0.09169, 0.12665, 0.1837, 0.0, 0.14826, 0.17914, 0.20515, 0.15537], [0.0961, 0.07314, 0.03131, 0.0666, 0.14826, 0.0, 0.05641, 0.23126, 0.26222], [0.04236, 0.12275, 0.08581, 0.01066, 0.17914, 0.05641, 0.0, 0.21078, 0.28133], [0.18662, 0.2355, 0.23622, 0.20542, 0.20515, 0.23126, 0.21078, 0.0, 0.21354], [0.28734, 0.22163, 0.24702, 0.28355, 0.15537, 0.26222, 0.28133, 0.21354, 0.0]], "features_1": [[0.6334211295573318, 0.8483440037502019, 0.0, 0.3032447141891895, 0.5042512548244868, 0.14374057029168305, 0.20563619129356567, 0.6638733134669119, 0.4901750171503587, 0.2094389195201909, 0.008451478759474051, 0.6069015555062462, 0.6455086725291759, 0.6791920944589606, 0.8084991699218429, 0.7168601575131517, 0.6328533099154295], [0.28641720016853256, 0.8548838568260296, 0.0, 0.29522219747243583, 0.5062977748924954, 0.14343856150522086, 0.220281289924376, 0.6643024640270956, 0.49309449537616823, 0.21349114847629047, 0.008562602043175715, 0.6250243390303485, 0.6614900324025476, 0.6918297943406432, 0.8087527634602917, 0.7177761905078963, 0.6391150097640124], [0.7215636147500817, 1.005392505503927, 0.0, 0.29837925611798444, 0.5465377069866333, 0.1419941894538821, 0.20502775150404845, 0.6661910492545524, 0.47900820553641243, 0.23965290100442838, 0.008451478759474051, 0.5991095080398807, 0.6588786339501723, 0.6920930231293441, 0.8043304572203273, 0.7124588533695341, 0.6295954148809636], [0.6944176589591704, 0.9831310693857411, 0.0, 0.28676892637865226, 0.5398011580684585, 0.143811312967993, 0.21529451208015543, 0.664953937107288, 0.49813181424968733, 0.23911691964337, 0.008895616178821175, 0.604796754278834, 0.6533320832631961, 0.6938320651836621, 0.8114235148368408, 0.7328885862983078, 0.6320269294996849], [-0.05385391025855979, 0.9329685030009995, 0.0, 0.26517164599741955, 0.5440837460002284, 0.13332852064273043, 0.3413350785811907, 0.6798646482015451, 0.4036686631304376, 0.2150173026465616, 0.007281081678807366, 0.6131138997431833, 0.6690801956819968, 0.7092229147809086, 0.7982719387673318, 0.7294748016991808, 0.5980482104743458], [0.3833066326972232, 1.0523386723870696, 0.0, 0.2561305336736965, 0.5677172227855616, 0.13804239739158664, 0.25537453721673414, 0.6734157708049253, 0.46195511769454134, 0.2464884256715978, 0.008284682400665488, 0.6076118875249481, 0.6444644559237326, 0.6808526246325539, 0.8008737539771568, 0.7077977622418413, 0.6241230941236429], [0.35638552875946505, 0.9865587040663353, 0.0, 0.2565496923176304, 0.5563262496134027, 0.1374076112319023, 0.34406635922922674, 0.6776980098248433, 0.4448338267062597, 0.2304888047588074, 0.00783923647221818, 0.6042377393450287, 0.6827685078066664, 0.6890985920339452, 0.812430243161386, 0.7314666475692349, 0.6307390445096501], [-0.12862904630077399, 1.1398831647489232, 0.0, 0.2358989773884453, 0.6104022995704574, 0.12149579166300552, 0.5690771680600974, 0.6901398876949727, 0.33208238337405693, 0.23284009910295822, 0.006609306440138685, 0.6158974168754856, 0.673625475795468, 0.6808623096939671, 0.7802889898850448, 0.70736232125089, 0.543417045726318], [0.06331936576203034, 1.1334382907803673, 0.0, 0.25401638173630436, 0.6089225208702165, 0.12248525745369379, 0.5011118999401389, 0.6896879735894863, 0.34574325269532946, 0.23271890641533166, 0.007057398507269275, 0.6049974009230825, 0.6612781320705773, 0.6649566531742032, 0.7853094775426137, 0.7094898643071716, 0.5777693745871941]], "features_2": [[0.9653455807564102, 0.8544087058440311, 0.0, 0.1927631744442738, 0.5077074147730029, 0.14712701717614918, 0.1913170876135581, 0.6616630994317572, 0.4678436478417043, 0.206866666483023, 0.007950687539111767, 0.5941310229092567, 0.6454653639645634, 0.6720762266010409, 0.8076162870944917, 0.7307494115109273, 0.6119438949356096], [1.141774619083149, 1.018447270426007, 0.0, 0.1908851836740357, 0.5367879692466323, 0.1505833514587817, 0.100740433299908, 0.6504847973766879, 0.49039814055582376, 0.2416873882703332, 0.007950687539111767, 0.5916937686317962, 0.6278613608796977, 0.6623964737353831, 0.7998662699261821, 0.7056647193893488, 0.5980428605706564], [1.372598856885956, 1.0175156691658491, 0.0, 0.18475567126572812, 0.5443474705220607, 0.14861269439932015, 0.14640998621803547, 0.6575596038380815, 0.4779322666468917, 0.23981345501292672, 0.00783923647221818, 0.5876168643990582, 0.6356544968837348, 0.6666874629378591, 0.8057164555892945, 0.7378079484686972, 0.6105736059696198], [0.9602690036128458, 0.9615636653514689, 0.0, 0.18511019843048007, 0.5276626569999447, 0.1520089022032246, 0.14232509021925493, 0.6532974243416381, 0.5079242943427285, 0.237698998992939, 0.008618141428105908, 0.596231075823145, 0.6446673078445905, 0.6842073519112024, 0.8125937198142024, 0.7251357144805107, 0.6163348235270835], [1.613538307141666, 1.072463747574006, 0.0, 0.22240035513487105, 0.5464147578294973, 0.15217357432795187, 0.10288048095176236, 0.6497052035197262, 0.48150278428732673, 0.24950339818964062, 0.007727725548673403, 0.5784835303573221, 0.6145052366867373, 0.6627126952596901, 0.8027811574578625, 0.7258445848422573, 0.5901034855248353], [1.2894690309249235, 1.0198588865850398, 0.0, 0.18541682369432444, 0.5412361831957182, 0.15074685226439818, 0.11744645935281142, 0.6530755184321284, 0.48673299174109985, 0.2434864220728008, 0.008062078829516484, 0.5869801195497955, 0.6390527526057108, 0.6672824115219065, 0.8054161961920512, 0.7428943806144567, 0.6101935320552776], [0.8446654556975086, 0.972649662873857, 0.0, 0.19194181929127457, 0.523761959917208, 0.15456087818927058, 0.11735223041899374, 0.6476336400875566, 0.5237548057946289, 0.24649890026058907, 0.008673665988278678, 0.6059248981412226, 0.6758765631955512, 0.7130962274147244, 0.8127614502093349, 0.7266034288977667, 0.6240719444777972], [0.15084192388131257, 1.1230843537541055, 0.0, 0.1798305899434666, 0.5691695002900564, 0.1442511672649005, 0.24949285778563352, 0.6680250860656807, 0.4249567891139714, 0.2571376460389554, 0.007336964783822175, 0.6078324073888672, 0.6450507830107515, 0.67832278847565, 0.8060868720353117, 0.7222356863596997, 0.6153280205983115], [0.010525876234842801, 1.0130142362111203, 0.0, 0.17359856164805315, 0.5453889613377243, 0.14678628230696367, 0.23439280049649866, 0.6652712125452418, 0.45421105251938143, 0.2453906951566316, 0.00822905385914674, 0.625978460192776, 0.661744513366422, 0.7083351797378962, 0.8128159995966128, 0.7245751683252383, 0.6370381335700492]]}