{"labels_1": ["1", "2", "3", "4", "5", "6", "7", "8", "9"], "labels_2": ["1", "2", "3", "4", "5", "6", "7", "8", "9"], "adj_matrix_1": [[0.0, 0.2685, 0.04893, 0.06079, 0.26806, 0.10921, 0.23251, 0.25818, 0.2679], [0.2685, 0.0, 0.24571, 0.23887, 0.01171, 0.28769, 0.20404, 0.12109, 0.01565], [0.04893, 0.24571, 0.0, 0.01235, 0.24424, 0.14817, 0.23972, 0.22627, 0.24691], [0.06079, 0.23887, 0.01235, 0.0, 0.23715, 0.15657, 0.23969, 0.21755, 0.24035], [0.26806, 0.01171, 0.24424, 0.23715, 0.0, 0.29078, 0.21302, 0.11005, 0.02734], [0.10921, 0.28769, 0.14817, 0.15657, 0.29078, 0.0, 0.17607, 0.30935, 0.28285], [0.23251, 0.20404, 0.23972, 0.23969, 0.21302, 0.17607, 0.0, 0.28717, 0.19155], [0.25818, 0.12109, 0.22627, 0.21755, 0.11005, 0.30935, 0.28717, 0.0, 0.13584], [0.2679, 0.01565, 0.24691, 0.24035, 0.02734, 0.28285, 0.19155, 0.13584, 0.0]], "adj_matrix_2": [[0.0, 0.08051, 0.2006, 0.16113, 0.25309, 0.1814, 0.12968, 0.26173, 0.06054], [0.08051, 0.0, 0.12717, 0.0842, 0.18695, 0.1061, 0.05085, 0.19719, 0.02025], [0.2006, 0.12717, 0.0, 0.04476, 0.06633, 0.02221, 0.07817, 0.07828, 0.14609], [0.16113, 0.0842, 0.04476, 0.0, 0.1097, 0.02264, 0.03386, 0.12121, 0.10385], [0.25309, 0.18695, 0.06633, 0.1097, 0.0, 0.08797, 0.14141, 0.01224, 0.20419], [0.1814, 0.1061, 0.02221, 0.02264, 0.08797, 0.0, 0.05634, 0.09973, 0.12543], [0.12968, 0.05085, 0.07817, 0.03386, 0.14141, 0.05634, 0.0, 0.15248, 0.07086], [0.26173, 0.19719, 0.07828, 0.12121, 0.01224, 0.09973, 0.15248, 0.0, 0.21409], [0.06054, 0.02025, 0.14609, 0.10385, 0.20419, 0.12543, 0.07086, 0.21409, 0.0]], "features_1": [[0.6334211295573318, 0.8483440037502019, 0.0, 0.3032447141891895, 0.5042512548244868, 0.14374057029168305, 0.20563619129356567, 0.6638733134669119, 0.4901750171503587, 0.2094389195201909, 0.008451478759474051, 0.6069015555062462, 0.6455086725291759, 0.6791920944589606, 0.8084991699218429, 0.7168601575131517, 0.6328533099154295], [0.28641720016853256, 0.8548838568260296, 0.0, 0.29522219747243583, 0.5062977748924954, 0.14343856150522086, 0.220281289924376, 0.6643024640270956, 0.49309449537616823, 0.21349114847629047, 0.008562602043175715, 0.6250243390303485, 0.6614900324025476, 0.6918297943406432, 0.8087527634602917, 0.7177761905078963, 0.6391150097640124], [0.7215636147500817, 1.005392505503927, 0.0, 0.29837925611798444, 0.5465377069866333, 0.1419941894538821, 0.20502775150404845, 0.6661910492545524, 0.47900820553641243, 0.23965290100442838, 0.008451478759474051, 0.5991095080398807, 0.6588786339501723, 0.6920930231293441, 0.8043304572203273, 0.7124588533695341, 0.6295954148809636], [0.6944176589591704, 0.9831310693857411, 0.0, 0.28676892637865226, 0.5398011580684585, 0.143811312967993, 0.21529451208015543, 0.664953937107288, 0.49813181424968733, 0.23911691964337, 0.008895616178821175, 0.604796754278834, 0.6533320832631961, 0.6938320651836621, 0.8114235148368408, 0.7328885862983078, 0.6320269294996849], [-0.05385391025855979, 0.9329685030009995, 0.0, 0.26517164599741955, 0.5440837460002284, 0.13332852064273043, 0.3413350785811907, 0.6798646482015451, 0.4036686631304376, 0.2150173026465616, 0.007281081678807366, 0.6131138997431833, 0.6690801956819968, 0.7092229147809086, 0.7982719387673318, 0.7294748016991808, 0.5980482104743458], [0.3833066326972232, 1.0523386723870696, 0.0, 0.2561305336736965, 0.5677172227855616, 0.13804239739158664, 0.25537453721673414, 0.6734157708049253, 0.46195511769454134, 0.2464884256715978, 0.008284682400665488, 0.6076118875249481, 0.6444644559237326, 0.6808526246325539, 0.8008737539771568, 0.7077977622418413, 0.6241230941236429], [0.35638552875946505, 0.9865587040663353, 0.0, 0.2565496923176304, 0.5563262496134027, 0.1374076112319023, 0.34406635922922674, 0.6776980098248433, 0.4448338267062597, 0.2304888047588074, 0.00783923647221818, 0.6042377393450287, 0.6827685078066664, 0.6890985920339452, 0.812430243161386, 0.7314666475692349, 0.6307390445096501], [-0.12862904630077399, 1.1398831647489232, 0.0, 0.2358989773884453, 0.6104022995704574, 0.12149579166300552, 0.5690771680600974, 0.6901398876949727, 0.33208238337405693, 0.23284009910295822, 0.006609306440138685, 0.6158974168754856, 0.673625475795468, 0.6808623096939671, 0.7802889898850448, 0.70736232125089, 0.543417045726318], [0.06331936576203034, 1.1334382907803673, 0.0, 0.25401638173630436, 0.6089225208702165, 0.12248525745369379, 0.5011118999401389, 0.6896879735894863, 0.34574325269532946, 0.23271890641533166, 0.007057398507269275, 0.6049974009230825, 0.6612781320705773, 0.6649566531742032, 0.7853094775426137, 0.7094898643071716, 0.5777693745871941]], "features_2": [[-0.2169281464983932, 0.8449933417620907, 0.0, 0.2631016057504715, 0.518865077574381, 0.13239784972643326, 0.33744158232414917, 0.6806720269295745, 0.3859561685797419, 0.19343840883747854, 0.00716927026363523, 0.6327731409192636, 0.6683643467441126, 0.6925461186658687, 0.7893250623528687, 0.7066554016850797, 0.5978198531108208], [0.04197825087359641, 0.906129857974319, 0.0, 0.25768703945650095, 0.5269750082121062, 0.13717777743310208, 0.3164129079066932, 0.6734100302441731, 0.4164097869079908, 0.21177350403815942, 0.007727725548673403, 0.6266154149449137, 0.6484428797501702, 0.6779852994751344, 0.7844489548441392, 0.7079196508836837, 0.6138680032482546], [-0.010273235543467596, 0.9629098480908935, 0.0, 0.26022362143392136, 0.5495767285242863, 0.13314492583215323, 0.3673864330010403, 0.6801466052482498, 0.39021553050962665, 0.21645680839996806, 0.007057398507269275, 0.6171179605960022, 0.6595151545624178, 0.6858554815858318, 0.790672161171353, 0.7103266301541766, 0.6042778898396215], [-0.12940901513731884, 0.921566155774946, 0.0, 0.2782067305096617, 0.5349051857514825, 0.1371135757892205, 0.35133373559162706, 0.6765665875862672, 0.41516692318283455, 0.2150852391799234, 0.007392832833969631, 0.6296090216754009, 0.6638258233284566, 0.6899232521236379, 0.7991290394105653, 0.724461220447587, 0.6172389147866504], [0.46237521200944665, 0.9025796272281101, 0.0, 0.2530515037468741, 0.5300401533285777, 0.13763421583300317, 0.4187641101203269, 0.6747960094991827, 0.4305931698283547, 0.21042610680257678, 0.008062078829516484, 0.6102277232238442, 0.6324154901019013, 0.6610464860169869, 0.7890006864125438, 0.7136142639617173, 0.6220781444884529], [0.3261842501519321, 0.980240163712102, 0.0, 0.2591918743029354, 0.553347281171057, 0.13576101764375567, 0.4388016140781126, 0.6778204597514988, 0.4185556340638983, 0.2223807707275569, 0.007727725548673403, 0.612829295891463, 0.6376568307163505, 0.6636040163532295, 0.7905851029903082, 0.7083521612959431, 0.6199231569270311], [-0.06022922916217022, 0.9189214406345876, 0.0, 0.23787374608619868, 0.5347611632945953, 0.13655288409035315, 0.3693030251551043, 0.6766005138434286, 0.41277815779667026, 0.21456048861344845, 0.007950687539111767, 0.6252231577162344, 0.672587648291717, 0.6919369336563586, 0.7995239882538587, 0.7168087474317899, 0.6329415202609651], [0.24663142264566806, 0.9961599238803174, 0.0, 0.2706060343482724, 0.5642349477701927, 0.12761623217068402, 0.48955621314570263, 0.6845888076160924, 0.35555713223926433, 0.21504785034640195, 0.00683347364535547, 0.6005264344835273, 0.6363960250947455, 0.6392506842971073, 0.7770777644645606, 0.7109005746901976, 0.6006932472230974], [-0.11516564823894182, 0.9940749863542127, 0.0, 0.28166198019101935, 0.5595409546810796, 0.1284457233590831, 0.5026293505794669, 0.6838465882016411, 0.35795660633790316, 0.21765133042319995, 0.007281081678807366, 0.6186479132981462, 0.6525330594461507, 0.6661563632353172, 0.777246431869325, 0.699647605209993, 0.6163431810384777]]}