{"labels_1": ["1", "2", "3", "4", "5", "6", "7", "8", "9"], "labels_2": ["1", "2", "3", "4", "5", "6", "7", "8", "9"], "adj_matrix_1": [[0.0, 0.17883, 0.14431, 0.06577, 0.0299, 0.14426, 0.18073, 0.2405, 0.25684], [0.17883, 0.0, 0.10608, 0.181, 0.17329, 0.10605, 0.1564, 0.05518, 0.08526], [0.14431, 0.10608, 0.0, 0.17994, 0.12346, 3e-05, 0.20879, 0.12256, 0.16264], [0.06577, 0.181, 0.17994, 0.0, 0.09329, 0.17995, 0.13509, 0.27922, 0.27163], [0.0299, 0.17329, 0.12346, 0.09329, 0.0, 0.12343, 0.19565, 0.22039, 0.24503], [0.14426, 0.10605, 3e-05, 0.17995, 0.12343, 0.0, 0.20886, 0.12261, 0.16271], [0.18073, 0.1564, 0.20879, 0.13509, 0.19565, 0.20886, 0.0, 0.31335, 0.23954], [0.2405, 0.05518, 0.12256, 0.27922, 0.22039, 0.12261, 0.31335, 0.0, 0.16641], [0.25684, 0.08526, 0.16264, 0.27163, 0.24503, 0.16271, 0.23954, 0.16641, 0.0]], "adj_matrix_2": [[0.0, 0.24968, 0.0751, 0.13005, 0.05967, 0.19546, 0.29195, 0.28597, 0.33981], [0.24968, 0.0, 0.30797, 0.13327, 0.19901, 0.06471, 0.29394, 0.04944, 0.14174], [0.0751, 0.30797, 0.0, 0.2004, 0.1334, 0.26047, 0.28277, 0.33823, 0.37806], [0.13005, 0.13327, 0.2004, 0.0, 0.07184, 0.07067, 0.30073, 0.17828, 0.25442], [0.05967, 0.19901, 0.1334, 0.07184, 0.0, 0.14037, 0.29734, 0.23963, 0.30409], [0.19546, 0.06471, 0.26047, 0.07067, 0.14037, 0.0, 0.29976, 0.11277, 0.19855], [0.29195, 0.29394, 0.28277, 0.30073, 0.29734, 0.29976, 0.0, 0.28511, 0.25544], [0.28597, 0.04944, 0.33823, 0.17828, 0.23963, 0.11277, 0.28511, 0.0, 0.09533], [0.33981, 0.14174, 0.37806, 0.25442, 0.30409, 0.19855, 0.25544, 0.09533, 0.0]], "features_1": [[0.5987251103217615, 0.7623361303791717, 0.0, 0.2756229300221586, 0.4926118130643069, 0.13591902545375498, 0.24449181865655872, 0.6760753378459277, 0.40789396919332477, 0.17919199154924326, 0.00783923647221818, 0.5984342511032499, 0.6551966204401487, 0.6499237003314622, 0.7975532896236, 0.7217602933353173, 0.6147406678525927], [1.450826499925399, 0.7787701000309972, 0.0, 0.29618113667581814, 0.49446273484587133, 0.1366326880531898, 0.2804664852943034, 0.6762099095391672, 0.4135108951131363, 0.18269711697997026, 0.00783923647221818, 0.5784183773308313, 0.653630225820362, 0.6859231160183544, 0.8024110102525384, 0.739177698502098, 0.6166053247263177], [0.9330151128322117, 0.9514604502429582, 0.0, 0.2904642396579429, 0.5425918550046909, 0.13502126883990168, 0.22140847140578615, 0.6759208764847244, 0.40114150561962303, 0.21664291655393186, 0.007504523810135222, 0.5869644196259556, 0.640007318183783, 0.6478268363484339, 0.7910358775100553, 0.7194380231048431, 0.607955097389305], [0.6418853559468443, 0.9465353042553142, 0.0, 0.2664565194903322, 0.5356363604666042, 0.13902761165343777, 0.20905355124879393, 0.6717893782316667, 0.4358708646042875, 0.2227240034559932, 0.007950687539111767, 0.6001421912915705, 0.6533285695572649, 0.6792618915643024, 0.7989670459508703, 0.742194902388428, 0.6128175747653178], [1.0785721388656313, 0.843541946736268, 0.0, 0.2800445798098627, 0.5054986052631124, 0.1401948685182266, 0.27302191825907374, 0.671623568628142, 0.43886596920645005, 0.20173854179268602, 0.008507047823598457, 0.5909388439188168, 0.6416460177683028, 0.6679607951052504, 0.8034699929461357, 0.7371791059907032, 0.623497574817159], [1.0836571971896438, 0.9990517808238986, 0.0, 0.28545694019182066, 0.5523185828891202, 0.13502701897864267, 0.23001524457841568, 0.6761582844223994, 0.4097805131267145, 0.22652613868478233, 0.007950687539111767, 0.5882732672789568, 0.6387325187722759, 0.6643220801672695, 0.7906461573149043, 0.7176894983434401, 0.6080563288658525], [0.8234396766283636, 1.041278105932566, 0.0, 0.2569408158729706, 0.5506944447027898, 0.1415186933769033, 0.2280105637784942, 0.6677564195683238, 0.4489621620210278, 0.24253055370957832, 0.008284682400665488, 0.5963490642676827, 0.6451046960101791, 0.6771154079928702, 0.7941496718705526, 0.7175446107729616, 0.5947324368732205], [-0.06705565192655083, 0.9072446366523517, 0.0, 0.2414028700447321, 0.5286942436028131, 0.13852845407048173, 0.38195488310220965, 0.6757956945000517, 0.42592676661420525, 0.2153917077758063, 0.008284682400665488, 0.6254978244911689, 0.6799463860678135, 0.6900427663527638, 0.8007498521494588, 0.7035760379496376, 0.617751645712374], [0.18497964737812733, 0.9745027533390026, 0.0, 0.2917905960036611, 0.5489647944690741, 0.1336348974242919, 0.40736879090940264, 0.6804038865811974, 0.39526433732495825, 0.2194146742404901, 0.007671947615560004, 0.6088567236400917, 0.6575891902616422, 0.6772687904331675, 0.7889522060182304, 0.7094309289920087, 0.6082390826509863]], "features_2": [[-0.5082215722745911, 0.7962060146594012, 0.0, 0.19953318697717318, 0.5083262249575613, 0.13246806966978045, 0.2637862179438407, 0.6795655796900824, 0.4092256517684385, 0.19117508012578233, 0.007504523810135222, 0.6435032647196905, 0.6573318434322567, 0.688566187273355, 0.7906424125412866, 0.704460415318366, 0.625741323509204], [-0.17037402586234007, 0.8253067644886528, 0.0, 0.17160451415956707, 0.5037197219725974, 0.13749330499639684, 0.16726749321029216, 0.671553161840799, 0.4404755641589395, 0.2023407891089477, 0.00783923647221818, 0.6244097368954953, 0.6428452521557033, 0.6760283602281647, 0.7912563990426115, 0.7019824862934618, 0.6132218637239227], [-0.5872580350055028, 0.9323415326064064, 0.0, 0.17986154487287292, 0.5406301537920983, 0.13382267310244753, 0.23185409089160416, 0.6773399381922214, 0.41231878011343737, 0.2219596093398819, 0.007616154688146137, 0.6449603319885182, 0.655890219567183, 0.692168670075788, 0.7888756188801455, 0.693776593267506, 0.6198499551363362], [-0.4255174585541961, 0.9155094072229387, 0.0, 0.18963978934237796, 0.5367121143052426, 0.13503777628361766, 0.2806023812571567, 0.6770345366939037, 0.4167733468835868, 0.21890574286814912, 0.007616154688146137, 0.6390602281865898, 0.6738965079608836, 0.71014013202987, 0.7971013225042825, 0.7096692912829694, 0.6291497594132787], [-0.28592464604634493, 0.8094093701656313, 0.0, 0.17686619278821547, 0.489352995777097, 0.14048713208602548, 0.10404691178439976, 0.6630125791119574, 0.452117628321107, 0.203094758025395, 0.008284682400665488, 0.6378912802893004, 0.6389600428118144, 0.6782459958824469, 0.7843908573610792, 0.6894060868534057, 0.6074217979030544], [-0.4996663313075711, 0.9502154230659852, 0.0, 0.19040092123164157, 0.5356149615947228, 0.1369647300411887, 0.18160946890391685, 0.6712496057503297, 0.42674559169473625, 0.2304397038478989, 0.007950687539111767, 0.6330180115404929, 0.6383059861363325, 0.6794933280868221, 0.7860962466557188, 0.6946987272519316, 0.6147041769601447], [0.35261784775946525, 0.93206019368151, 0.0, 0.15913173040866016, 0.529891297312734, 0.13818597678937705, 0.25827817994152796, 0.6729320001003982, 0.4231353371743316, 0.21847969282115498, 0.008173410423425675, 0.6033712994198148, 0.660481117529554, 0.6764311228666815, 0.7987129019031438, 0.7153431786720383, 0.6177739486851886], [-0.013585348122000518, 0.9340847646845598, 0.0, 0.20758282378219917, 0.5293204464554392, 0.13356585284367717, 0.17334071303464782, 0.6734133942067155, 0.3931040064784528, 0.21692873885635677, 0.007950687539111767, 0.6135652508329399, 0.641093872293798, 0.6787310462228697, 0.7714148470447076, 0.6861296103123964, 0.5927660126171289], [0.01768874927981834, 0.9499949488010995, 0.0, 0.20367317677946334, 0.5323549316822731, 0.13336956085034693, 0.1793817325598262, 0.6745973418370865, 0.39448323929066986, 0.21944714655541864, 0.007727725548673403, 0.6093588937149885, 0.6355159556591204, 0.6659597366099473, 0.7713583515078704, 0.6956616348085004, 0.582900261437755]]}