{"labels_1": ["1", "2", "3", "4", "5", "6", "7", "8", "9"], "labels_2": ["1", "2", "3", "4", "5", "6", "7", "8", "9"], "adj_matrix_1": [[0.0, 0.09758, 0.08617, 0.00551, 0.22834, 0.12136, 0.09817, 0.16609, 0.24459], [0.09758, 0.0, 0.17617, 0.0923, 0.14428, 0.20579, 0.18643, 0.0736, 0.23321], [0.08617, 0.17617, 0.0, 0.09146, 0.28566, 0.03746, 0.01259, 0.23511, 0.24495], [0.00551, 0.0923, 0.09146, 0.0, 0.22415, 0.12641, 0.10337, 0.16127, 0.24393], [0.22834, 0.14428, 0.28566, 0.22415, 0.0, 0.30369, 0.29217, 0.07345, 0.20605], [0.12136, 0.20579, 0.03746, 0.12641, 0.30369, 0.0, 0.02495, 0.25923, 0.24139], [0.09817, 0.18643, 0.01259, 0.10337, 0.29217, 0.02495, 0.0, 0.24361, 0.24418], [0.16609, 0.0736, 0.23511, 0.16127, 0.07345, 0.25923, 0.24361, 0.0, 0.22047], [0.24459, 0.23321, 0.24495, 0.24393, 0.20605, 0.24139, 0.24418, 0.22047, 0.0]], "adj_matrix_2": [[0.0, 0.18975, 0.08099, 0.0705, 0.16749, 0.1737, 0.22443, 0.06923, 0.09423], [0.18975, 0.0, 0.11406, 0.2487, 0.02448, 0.01769, 0.0394, 0.2477, 0.26691], [0.08099, 0.11406, 0.0, 0.14847, 0.09024, 0.09689, 0.15172, 0.14729, 0.17047], [0.0705, 0.2487, 0.14847, 0.0, 0.22858, 0.23422, 0.27964, 0.00129, 0.02438], [0.16749, 0.02448, 0.09024, 0.22858, 0.0, 0.0068, 0.06374, 0.22755, 0.2477], [0.1737, 0.01769, 0.09689, 0.23422, 0.0068, 0.0, 0.057, 0.23321, 0.2531], [0.22443, 0.0394, 0.15172, 0.27964, 0.06374, 0.057, 0.0, 0.27875, 0.29634], [0.06923, 0.2477, 0.14729, 0.00129, 0.22755, 0.23321, 0.27875, 0.0, 0.02567], [0.09423, 0.26691, 0.17047, 0.02438, 0.2477, 0.2531, 0.29634, 0.02567, 0.0]], "features_1": [[0.20991308372936368, 0.8758719963239073, 0.0, 0.2698409438561399, 0.5376492572778285, 0.12512314415296075, 0.3790665383295938, 0.6867669297227281, 0.36246498545416994, 0.1923312870157372, 0.00716927026363523, 0.6030605130170867, 0.6751766164496081, 0.7030837442988693, 0.7800901886899021, 0.7242429387770333, 0.5476271234601973], [0.1357077714544963, 0.907117672368635, 0.0, 0.2918578924926259, 0.5401395091861357, 0.12822613662462412, 0.3237096729595038, 0.6838839033497321, 0.37780569943544284, 0.20159465470835314, 0.007560346756364078, 0.6116139020830773, 0.6614892690075205, 0.6655644528949778, 0.7835021442879296, 0.695485327505828, 0.5698193292890599], [0.17775817966142204, 1.0231029237348621, 0.0, 0.2952535493739198, 0.5731851709789689, 0.12513579494112168, 0.35909568515441703, 0.6864003239309011, 0.3566262543347365, 0.2202019687047858, 0.007057398507269275, 0.6020888406668186, 0.6467951522038512, 0.6779723825407101, 0.7781721887896671, 0.7208188411157247, 0.5570226217966984], [0.16395541470777975, 1.0095601686752222, 0.0, 0.2672945092775406, 0.5692927640957478, 0.12735199658414975, 0.3857719370043178, 0.6853457790541368, 0.36687209824060063, 0.22150665478758258, 0.007392832833969631, 0.601693376084584, 0.6566121297760369, 0.687289529785778, 0.7834287909106419, 0.7222814365756306, 0.5608217727441754], [-0.1324676313992681, 0.9050231966128197, 0.0, 0.20499237699339695, 0.5426363015227933, 0.12753681650243187, 0.3083659748727804, 0.6843179041794287, 0.3648509592405418, 0.20095855832602072, 0.00711334193318236, 0.6234631136545163, 0.6513460108006308, 0.6607780155812515, 0.7807769638932192, 0.6954448461016687, 0.5647399560079667], [0.25003131662237355, 1.0180596377383506, 0.0, 0.3029037763101794, 0.5730387363127875, 0.1255377329365061, 0.35970625611670004, 0.6859694178862412, 0.3563151088732752, 0.2188402274116461, 0.00716927026363523, 0.5967937630691136, 0.6446477599686009, 0.6749310963517846, 0.7782365049485103, 0.7140105022915325, 0.5817952096180605], [0.1577535837418118, 0.9618339963829156, 0.0, 0.2978085522728545, 0.5665680537461204, 0.12487046351641314, 0.5792392994323933, 0.6880873333707487, 0.3481387599483665, 0.20663130531966067, 0.00711334193318236, 0.5916440038392741, 0.6526047254329084, 0.6657563465853812, 0.7826290535713636, 0.710897692246793, 0.5517222640451322], [0.05357873838401028, 0.9124973739024708, 0.0, 0.272785635777328, 0.5450335823409579, 0.12807774134708486, 0.29150786818009633, 0.6834262117592617, 0.3625867323269638, 0.20409154132725438, 0.007336964783822175, 0.6147232591727887, 0.6523902601225884, 0.684577925317638, 0.7804522378379947, 0.7078640093232363, 0.5946114793067953], [0.6181885638850693, 0.8623689102201514, 0.0, 0.3143939737526304, 0.5330919046412045, 0.12969400605735795, 0.3852349216205262, 0.6829444178569529, 0.377052654617716, 0.1942720176201631, 0.007448685839370306, 0.5923433176260073, 0.6484308992795087, 0.6691770082706656, 0.7875340630784167, 0.6936366877099108, 0.6137378934142078]], "features_2": [[-0.19444084345779533, 0.6320055423215392, 0.0, 0.22497466361947882, 0.45909721553203925, 0.1366440203283722, 0.5190559081983672, 0.6800528300164947, 0.3840144797024079, 0.15175025355544958, 0.007392832833969631, 0.619636191316566, 0.6747981319076553, 0.7077783745469124, 0.8063957879384284, 0.7406894844790671, 0.6244731438255804], [-0.3407425906839543, 0.6807623586092266, 0.0, 0.24442152871442874, 0.46906364851746657, 0.137892551161533, 0.42724735395414515, 0.6758582484911811, 0.4055293165144256, 0.16647836366457325, 0.007950687539111767, 0.6425772029045533, 0.6832033419282371, 0.7155372748232651, 0.8004969217756, 0.7194876237022418, 0.6257995669660646], [-0.3368753078510709, 0.7342687884715295, 0.0, 0.2216523873254821, 0.49453228980188335, 0.1363806184850174, 0.5125389011356447, 0.6800300501777874, 0.39523999225692186, 0.1769960048838497, 0.00783923647221818, 0.6342020911440729, 0.6843037273403605, 0.7236233746064374, 0.8055907939101348, 0.7274450371689696, 0.6290827424465786], [-0.2504083899540359, 0.7267401180137468, 0.0, 0.2470853926087871, 0.48943495265008186, 0.13734842352397697, 0.5238881349038784, 0.6800440878187173, 0.39806074710355355, 0.17636109429511726, 0.007727725548673403, 0.6199600036749131, 0.6744474167789297, 0.7206174636224794, 0.8109653984801858, 0.7242171816260313, 0.6252417066528152], [-0.0323738982651407, 0.7173561523170957, 0.0, 0.2334061304125667, 0.4825243368151236, 0.13279831627733388, 0.30994991426303214, 0.6787620378478592, 0.3936699926975784, 0.1693294387955857, 0.007950687539111767, 0.6301170006066248, 0.6779951712178605, 0.6969304127629123, 0.7881931770590072, 0.711905213771084, 0.6077634952693935], [-0.4205822673634625, 0.7559923708942775, 0.0, 0.21842124471996416, 0.4958651940055716, 0.1372670132751656, 0.41180669857213914, 0.6772697275869148, 0.4056820262774643, 0.18439578220227504, 0.007727725548673403, 0.6398801638288496, 0.680348646448079, 0.7115451282871129, 0.8038348627396595, 0.7057420390222539, 0.6283678247944218], [-0.35971925476108213, 0.747316073168612, 0.0, 0.24653907889173912, 0.4860457215121622, 0.14031755205823312, 0.4549622712324428, 0.6756041497703618, 0.41349398267491644, 0.18551919252828664, 0.007504523810135222, 0.6417902615255058, 0.6803232211088912, 0.7171384661370921, 0.8108913291925777, 0.7218727309886183, 0.6215049178875334], [-0.14537637848301, 0.8012789956263361, 0.0, 0.17834684561567277, 0.5045366614823493, 0.12897755613115103, 0.22470900398254515, 0.6805711543889321, 0.35842081611846366, 0.18242989104931517, 0.007671947615560004, 0.616386452883547, 0.6421142335605332, 0.6731127903522575, 0.7730300713659262, 0.6817401725606297, 0.5837064687821637], [-0.1160846727205862, 0.7886584861884954, 0.0, 0.19933004622406056, 0.49494676228109125, 0.1344514941368122, 0.2335058898427583, 0.6754453832246126, 0.3854171714855952, 0.18565140369930466, 0.007504523810135222, 0.6177431450964233, 0.6514430742924614, 0.6769560016546009, 0.7856597152180871, 0.7144820059881715, 0.5956384468310133]]}