{"labels_1": ["1", "2", "3", "4", "5", "6", "7", "8", "9"], "labels_2": ["1", "2", "3", "4", "5", "6", "7", "8", "9"], "adj_matrix_1": [[0.0, 0.17883, 0.14431, 0.06577, 0.0299, 0.14426, 0.18073, 0.2405, 0.25684], [0.17883, 0.0, 0.10608, 0.181, 0.17329, 0.10605, 0.1564, 0.05518, 0.08526], [0.14431, 0.10608, 0.0, 0.17994, 0.12346, 3e-05, 0.20879, 0.12256, 0.16264], [0.06577, 0.181, 0.17994, 0.0, 0.09329, 0.17995, 0.13509, 0.27922, 0.27163], [0.0299, 0.17329, 0.12346, 0.09329, 0.0, 0.12343, 0.19565, 0.22039, 0.24503], [0.14426, 0.10605, 3e-05, 0.17995, 0.12343, 0.0, 0.20886, 0.12261, 0.16271], [0.18073, 0.1564, 0.20879, 0.13509, 0.19565, 0.20886, 0.0, 0.31335, 0.23954], [0.2405, 0.05518, 0.12256, 0.27922, 0.22039, 0.12261, 0.31335, 0.0, 0.16641], [0.25684, 0.08526, 0.16264, 0.27163, 0.24503, 0.16271, 0.23954, 0.16641, 0.0]], "adj_matrix_2": [[0.0, 0.2743, 0.15581, 0.10614, 0.26413, 0.16075, 0.28561, 0.12889, 0.34643], [0.2743, 0.0, 0.14275, 0.18941, 0.01499, 0.13781, 0.01766, 0.16876, 0.18824], [0.15581, 0.14275, 0.0, 0.05246, 0.12899, 0.0054, 0.15861, 0.0288, 0.28397], [0.10614, 0.18941, 0.05246, 0.0, 0.17665, 0.0578, 0.20401, 0.02377, 0.30891], [0.26413, 0.01499, 0.12899, 0.17665, 0.0, 0.12397, 0.0326, 0.15552, 0.19976], [0.16075, 0.13781, 0.0054, 0.0578, 0.12397, 0.0, 0.15378, 0.03419, 0.28118], [0.28561, 0.01766, 0.15861, 0.20401, 0.0326, 0.15378, 0.0, 0.18392, 0.17414], [0.12889, 0.16876, 0.0288, 0.02377, 0.15552, 0.03419, 0.18392, 0.0, 0.29831], [0.34643, 0.18824, 0.28397, 0.30891, 0.19976, 0.28118, 0.17414, 0.29831, 0.0]], "features_1": [[0.5987251103217615, 0.7623361303791717, 0.0, 0.2756229300221586, 0.4926118130643069, 0.13591902545375498, 0.24449181865655872, 0.6760753378459277, 0.40789396919332477, 0.17919199154924326, 0.00783923647221818, 0.5984342511032499, 0.6551966204401487, 0.6499237003314622, 0.7975532896236, 0.7217602933353173, 0.6147406678525927], [1.450826499925399, 0.7787701000309972, 0.0, 0.29618113667581814, 0.49446273484587133, 0.1366326880531898, 0.2804664852943034, 0.6762099095391672, 0.4135108951131363, 0.18269711697997026, 0.00783923647221818, 0.5784183773308313, 0.653630225820362, 0.6859231160183544, 0.8024110102525384, 0.739177698502098, 0.6166053247263177], [0.9330151128322117, 0.9514604502429582, 0.0, 0.2904642396579429, 0.5425918550046909, 0.13502126883990168, 0.22140847140578615, 0.6759208764847244, 0.40114150561962303, 0.21664291655393186, 0.007504523810135222, 0.5869644196259556, 0.640007318183783, 0.6478268363484339, 0.7910358775100553, 0.7194380231048431, 0.607955097389305], [0.6418853559468443, 0.9465353042553142, 0.0, 0.2664565194903322, 0.5356363604666042, 0.13902761165343777, 0.20905355124879393, 0.6717893782316667, 0.4358708646042875, 0.2227240034559932, 0.007950687539111767, 0.6001421912915705, 0.6533285695572649, 0.6792618915643024, 0.7989670459508703, 0.742194902388428, 0.6128175747653178], [1.0785721388656313, 0.843541946736268, 0.0, 0.2800445798098627, 0.5054986052631124, 0.1401948685182266, 0.27302191825907374, 0.671623568628142, 0.43886596920645005, 0.20173854179268602, 0.008507047823598457, 0.5909388439188168, 0.6416460177683028, 0.6679607951052504, 0.8034699929461357, 0.7371791059907032, 0.623497574817159], [1.0836571971896438, 0.9990517808238986, 0.0, 0.28545694019182066, 0.5523185828891202, 0.13502701897864267, 0.23001524457841568, 0.6761582844223994, 0.4097805131267145, 0.22652613868478233, 0.007950687539111767, 0.5882732672789568, 0.6387325187722759, 0.6643220801672695, 0.7906461573149043, 0.7176894983434401, 0.6080563288658525], [0.8234396766283636, 1.041278105932566, 0.0, 0.2569408158729706, 0.5506944447027898, 0.1415186933769033, 0.2280105637784942, 0.6677564195683238, 0.4489621620210278, 0.24253055370957832, 0.008284682400665488, 0.5963490642676827, 0.6451046960101791, 0.6771154079928702, 0.7941496718705526, 0.7175446107729616, 0.5947324368732205], [-0.06705565192655083, 0.9072446366523517, 0.0, 0.2414028700447321, 0.5286942436028131, 0.13852845407048173, 0.38195488310220965, 0.6757956945000517, 0.42592676661420525, 0.2153917077758063, 0.008284682400665488, 0.6254978244911689, 0.6799463860678135, 0.6900427663527638, 0.8007498521494588, 0.7035760379496376, 0.617751645712374], [0.18497964737812733, 0.9745027533390026, 0.0, 0.2917905960036611, 0.5489647944690741, 0.1336348974242919, 0.40736879090940264, 0.6804038865811974, 0.39526433732495825, 0.2194146742404901, 0.007671947615560004, 0.6088567236400917, 0.6575891902616422, 0.6772687904331675, 0.7889522060182304, 0.7094309289920087, 0.6082390826509863]], "features_2": [[0.0006926397177355881, 0.9304673610887203, 0.0, 0.16527878884145109, 0.5535934001786326, 0.12756357032548338, 0.3817935237588756, 0.6854528435951042, 0.378446552767693, 0.20740409652337144, 0.007616154688146137, 0.6216868761403957, 0.6642924751020488, 0.6824840926362543, 0.7880208900365853, 0.7115337131483392, 0.5927701979616627], [0.13130658403979467, 0.8976778682076312, 0.0, 0.1882199558411018, 0.5418796716215752, 0.13143793699821477, 0.34627487843075644, 0.6820650657537337, 0.3990131022053487, 0.2052042734899946, 0.008173410423425675, 0.6114141122139933, 0.6567443980032437, 0.6730430961552036, 0.7949246646273921, 0.7161015295257952, 0.6130552635634051], [0.07067647882268302, 1.0638483960481213, 0.0, 0.17080450414419343, 0.5860562214947231, 0.1264888027668454, 0.392323555470287, 0.6862003247632553, 0.3708353594973046, 0.23027599025540457, 0.007727725548673403, 0.6151391951601988, 0.6632618143018197, 0.67506661914487, 0.786103707815725, 0.7104032428037307, 0.5918550337222288], [0.0491199133898883, 1.0574807115546498, 0.0, 0.1698519771484506, 0.5818298606887723, 0.12757680729196053, 0.37444366733148016, 0.6854491164176857, 0.36553215979068754, 0.22951885258610338, 0.007225183508792421, 0.6131898949625687, 0.6687705167985109, 0.6909984089564492, 0.7885625829554901, 0.7133079894911833, 0.5877271047144339], [-0.10643052665747543, 0.8559178657685578, 0.0, 0.19622453734570458, 0.5243046585021325, 0.13392058671707202, 0.2884488596400317, 0.6786211959421746, 0.39918576989116694, 0.20179363853882815, 0.00783923647221818, 0.6135083974971596, 0.6552512046019549, 0.6775475210348073, 0.7951390814550241, 0.7094188673884537, 0.6199185133577293], [-0.11590925598067114, 1.0324268484785413, 0.0, 0.176418257978812, 0.5750601794104794, 0.1287072786597487, 0.34212532086685454, 0.6839135051963192, 0.3759939733400215, 0.22915419082887878, 0.007336964783822175, 0.6182321560228723, 0.6566042394714954, 0.6889213970303805, 0.7877461097883166, 0.7083764818937427, 0.6040148161933105], [-0.1518410135755981, 1.0565293648336482, 0.0, 0.1725675548993487, 0.5767233975621293, 0.12427048568846286, 0.3767247557314555, 0.6867184006009381, 0.33869886692185913, 0.22448284285738218, 0.00677745458930179, 0.6086533332509123, 0.649028761440659, 0.6804571429322919, 0.7768813440399843, 0.7140853830673006, 0.5629223041531333], [-0.14371671742453307, 0.9564525428081788, 0.0, 0.2016134258709765, 0.5370444861808249, 0.1312163947089642, 0.17302852850613776, 0.6770035727492019, 0.3613371329120152, 0.21686814135840016, 0.007448685839370306, 0.6192050866524945, 0.6415981427208759, 0.6709727341875862, 0.7714284150174799, 0.6982564599348947, 0.5763418473132147], [0.022174218395131007, 1.056009465024044, 0.0, 0.17617991171679195, 0.563722528980077, 0.12602214032445022, 0.2100581903234165, 0.6823809105611318, 0.3314814655145506, 0.22613247853707819, 0.00711334193318236, 0.6040403903328384, 0.6358556513037348, 0.6486190667077364, 0.7620184894079509, 0.6994430704140435, 0.5552096728617376]]}