{"labels_1": ["1", "2", "3", "4", "5", "6", "7", "8", "9"], "labels_2": ["1", "2", "3", "4", "5", "6", "7", "8", "9"], "adj_matrix_1": [[0.0, 0.17883, 0.14431, 0.06577, 0.0299, 0.14426, 0.18073, 0.2405, 0.25684], [0.17883, 0.0, 0.10608, 0.181, 0.17329, 0.10605, 0.1564, 0.05518, 0.08526], [0.14431, 0.10608, 0.0, 0.17994, 0.12346, 3e-05, 0.20879, 0.12256, 0.16264], [0.06577, 0.181, 0.17994, 0.0, 0.09329, 0.17995, 0.13509, 0.27922, 0.27163], [0.0299, 0.17329, 0.12346, 0.09329, 0.0, 0.12343, 0.19565, 0.22039, 0.24503], [0.14426, 0.10605, 3e-05, 0.17995, 0.12343, 0.0, 0.20886, 0.12261, 0.16271], [0.18073, 0.1564, 0.20879, 0.13509, 0.19565, 0.20886, 0.0, 0.31335, 0.23954], [0.2405, 0.05518, 0.12256, 0.27922, 0.22039, 0.12261, 0.31335, 0.0, 0.16641], [0.25684, 0.08526, 0.16264, 0.27163, 0.24503, 0.16271, 0.23954, 0.16641, 0.0]], "adj_matrix_2": [[0.0, 0.25102, 0.1645, 0.31425, 0.17137, 0.15616, 0.25065, 0.26017, 0.21661], [0.25102, 0.0, 0.29328, 0.29191, 0.29417, 0.29227, 0.29732, 0.2966, 0.29713], [0.1645, 0.29328, 0.0, 0.19357, 0.00783, 0.00944, 0.10518, 0.11798, 0.06188], [0.31425, 0.29191, 0.19357, 0.0, 0.1867, 0.20171, 0.09457, 0.08149, 0.13713], [0.17137, 0.29417, 0.00783, 0.1867, 0.0, 0.01727, 0.09764, 0.11049, 0.05414], [0.15616, 0.29227, 0.00944, 0.20171, 0.01727, 0.0, 0.11422, 0.12691, 0.07117], [0.25065, 0.29732, 0.10518, 0.09457, 0.09764, 0.11422, 0.0, 0.01337, 0.04429], [0.26017, 0.2966, 0.11798, 0.08149, 0.11049, 0.12691, 0.01337, 0.0, 0.05755], [0.21661, 0.29713, 0.06188, 0.13713, 0.05414, 0.07117, 0.04429, 0.05755, 0.0]], "features_1": [[0.5987251103217615, 0.7623361303791717, 0.0, 0.2756229300221586, 0.4926118130643069, 0.13591902545375498, 0.24449181865655872, 0.6760753378459277, 0.40789396919332477, 0.17919199154924326, 0.00783923647221818, 0.5984342511032499, 0.6551966204401487, 0.6499237003314622, 0.7975532896236, 0.7217602933353173, 0.6147406678525927], [1.450826499925399, 0.7787701000309972, 0.0, 0.29618113667581814, 0.49446273484587133, 0.1366326880531898, 0.2804664852943034, 0.6762099095391672, 0.4135108951131363, 0.18269711697997026, 0.00783923647221818, 0.5784183773308313, 0.653630225820362, 0.6859231160183544, 0.8024110102525384, 0.739177698502098, 0.6166053247263177], [0.9330151128322117, 0.9514604502429582, 0.0, 0.2904642396579429, 0.5425918550046909, 0.13502126883990168, 0.22140847140578615, 0.6759208764847244, 0.40114150561962303, 0.21664291655393186, 0.007504523810135222, 0.5869644196259556, 0.640007318183783, 0.6478268363484339, 0.7910358775100553, 0.7194380231048431, 0.607955097389305], [0.6418853559468443, 0.9465353042553142, 0.0, 0.2664565194903322, 0.5356363604666042, 0.13902761165343777, 0.20905355124879393, 0.6717893782316667, 0.4358708646042875, 0.2227240034559932, 0.007950687539111767, 0.6001421912915705, 0.6533285695572649, 0.6792618915643024, 0.7989670459508703, 0.742194902388428, 0.6128175747653178], [1.0785721388656313, 0.843541946736268, 0.0, 0.2800445798098627, 0.5054986052631124, 0.1401948685182266, 0.27302191825907374, 0.671623568628142, 0.43886596920645005, 0.20173854179268602, 0.008507047823598457, 0.5909388439188168, 0.6416460177683028, 0.6679607951052504, 0.8034699929461357, 0.7371791059907032, 0.623497574817159], [1.0836571971896438, 0.9990517808238986, 0.0, 0.28545694019182066, 0.5523185828891202, 0.13502701897864267, 0.23001524457841568, 0.6761582844223994, 0.4097805131267145, 0.22652613868478233, 0.007950687539111767, 0.5882732672789568, 0.6387325187722759, 0.6643220801672695, 0.7906461573149043, 0.7176894983434401, 0.6080563288658525], [0.8234396766283636, 1.041278105932566, 0.0, 0.2569408158729706, 0.5506944447027898, 0.1415186933769033, 0.2280105637784942, 0.6677564195683238, 0.4489621620210278, 0.24253055370957832, 0.008284682400665488, 0.5963490642676827, 0.6451046960101791, 0.6771154079928702, 0.7941496718705526, 0.7175446107729616, 0.5947324368732205], [-0.06705565192655083, 0.9072446366523517, 0.0, 0.2414028700447321, 0.5286942436028131, 0.13852845407048173, 0.38195488310220965, 0.6757956945000517, 0.42592676661420525, 0.2153917077758063, 0.008284682400665488, 0.6254978244911689, 0.6799463860678135, 0.6900427663527638, 0.8007498521494588, 0.7035760379496376, 0.617751645712374], [0.18497964737812733, 0.9745027533390026, 0.0, 0.2917905960036611, 0.5489647944690741, 0.1336348974242919, 0.40736879090940264, 0.6804038865811974, 0.39526433732495825, 0.2194146742404901, 0.007671947615560004, 0.6088567236400917, 0.6575891902616422, 0.6772687904331675, 0.7889522060182304, 0.7094309289920087, 0.6082390826509863]], "features_2": [[-0.17051482757667502, 0.7265755226664075, 0.0, 0.2514475388187569, 0.47605313897083273, 0.14076279625833946, 0.24997028834426516, 0.6712723042971702, 0.43408263364139454, 0.18083924532928441, 0.008117752083540042, 0.6241344922442491, 0.683398850450137, 0.7099470587690282, 0.8065440768183643, 0.7443864543390375, 0.6175390599618328], [0.4421780380202316, 0.7546726750255129, 0.0, 0.2659615820248129, 0.48355974556928205, 0.14113797393611938, 0.2803642748107599, 0.6713470746988007, 0.42842147598888514, 0.1841058168959897, 0.00783923647221818, 0.6019255613698693, 0.6666139870915058, 0.7020907094382557, 0.8085972524209356, 0.726423147087733, 0.6287769983006722], [-0.17835630679904613, 0.8371211384644937, 0.0, 0.25357187495321676, 0.5098055485193033, 0.14000405719537318, 0.27407148437782636, 0.6728807675230781, 0.43260232391421716, 0.20511955967644324, 0.007894969482732161, 0.6340338978631652, 0.675355296809637, 0.7080400778589908, 0.8080170209577052, 0.7392023264434974, 0.622604591376393], [-0.32003019124666077, 0.8147501911717958, 0.0, 0.2301989622233726, 0.5006723622341269, 0.14129325357070366, 0.2522123420415546, 0.6704743319529646, 0.4417705878711422, 0.2030500956571044, 0.008006390651371653, 0.6420648848548611, 0.7004263580714812, 0.7288788419085707, 0.8071660116556842, 0.7359279891966257, 0.6131846432394361], [0.11994949665365873, 0.7606594052504276, 0.0, 0.24241696338095942, 0.4911973359121734, 0.1365970304449481, 0.36735864935659424, 0.6779860727132849, 0.4154684544343461, 0.18115227682461055, 0.007392832833969631, 0.6215031317786492, 0.6834962238822984, 0.7017198586689496, 0.8051929627117852, 0.7231557721421767, 0.6186538388187217], [-0.2206146293341007, 0.8250938494955407, 0.0, 0.2554273425724592, 0.507503414643172, 0.13884872828694814, 0.29260505702557893, 0.6746602463299021, 0.4164075626584327, 0.2002175328753446, 0.007336964783822175, 0.6323337915340825, 0.6771588835459207, 0.6957454053986012, 0.8072359555827423, 0.736847567070716, 0.6233960004345499], [-0.14580546618870338, 0.7980675906519594, 0.0, 0.2020714920308993, 0.49347419971732454, 0.14005414479546746, 0.2513117005492518, 0.6710793681276875, 0.436947120104473, 0.19843952373212814, 0.008451478759474051, 0.6304807046176304, 0.6584510489868167, 0.6953864995872326, 0.8045210959090184, 0.73867105046678, 0.6030619011376844], [-0.1924170418606197, 0.9519480144890753, 0.0, 0.21884756878282816, 0.5489864264887778, 0.12541089438459596, 0.2576088958269011, 0.6845068400732959, 0.34203216224661825, 0.20918109592947398, 0.007225183508792421, 0.6188352470367786, 0.6467741003988479, 0.6693244624793213, 0.7689685805976509, 0.7063861069925054, 0.5616285664956454], [0.10488831574100521, 0.8441893627282364, 0.0, 0.22922371587895526, 0.5183164296635091, 0.13006388410444517, 0.2627163423072503, 0.6808307885488838, 0.36826886021297867, 0.19270464863856218, 0.007616154688146137, 0.6155926792400761, 0.6456344299915914, 0.6747826707647552, 0.7813664167483845, 0.7044337391138736, 0.5801063548716041]]}