{"labels_1": ["1", "2", "3", "4", "5", "6", "7", "8", "9"], "labels_2": ["1", "2", "3", "4", "5", "6", "7", "8", "9"], "adj_matrix_1": [[0.0, 0.17883, 0.14431, 0.06577, 0.0299, 0.14426, 0.18073, 0.2405, 0.25684], [0.17883, 0.0, 0.10608, 0.181, 0.17329, 0.10605, 0.1564, 0.05518, 0.08526], [0.14431, 0.10608, 0.0, 0.17994, 0.12346, 3e-05, 0.20879, 0.12256, 0.16264], [0.06577, 0.181, 0.17994, 0.0, 0.09329, 0.17995, 0.13509, 0.27922, 0.27163], [0.0299, 0.17329, 0.12346, 0.09329, 0.0, 0.12343, 0.19565, 0.22039, 0.24503], [0.14426, 0.10605, 3e-05, 0.17995, 0.12343, 0.0, 0.20886, 0.12261, 0.16271], [0.18073, 0.1564, 0.20879, 0.13509, 0.19565, 0.20886, 0.0, 0.31335, 0.23954], [0.2405, 0.05518, 0.12256, 0.27922, 0.22039, 0.12261, 0.31335, 0.0, 0.16641], [0.25684, 0.08526, 0.16264, 0.27163, 0.24503, 0.16271, 0.23954, 0.16641, 0.0]], "adj_matrix_2": [[0.0, 0.06361, 0.01051, 0.27958, 0.04675, 0.09676, 0.25009, 0.20672, 0.32393], [0.06361, 0.0, 0.05321, 0.23425, 0.01702, 0.03386, 0.19935, 0.15054, 0.29378], [0.01051, 0.05321, 0.0, 0.27246, 0.0363, 0.08657, 0.24206, 0.19783, 0.31941], [0.27958, 0.23425, 0.27246, 0.0, 0.2469, 0.20769, 0.04556, 0.10061, 0.10315], [0.04675, 0.01702, 0.0363, 0.2469, 0.0, 0.05078, 0.21338, 0.16596, 0.30247], [0.09676, 0.03386, 0.08657, 0.20769, 0.05078, 0.0, 0.17023, 0.11906, 0.27502], [0.25009, 0.19935, 0.24206, 0.04556, 0.21338, 0.17023, 0.0, 0.05639, 0.1446], [0.20672, 0.15054, 0.19783, 0.10061, 0.16596, 0.11906, 0.05639, 0.0, 0.19184], [0.32393, 0.29378, 0.31941, 0.10315, 0.30247, 0.27502, 0.1446, 0.19184, 0.0]], "features_1": [[0.5987251103217615, 0.7623361303791717, 0.0, 0.2756229300221586, 0.4926118130643069, 0.13591902545375498, 0.24449181865655872, 0.6760753378459277, 0.40789396919332477, 0.17919199154924326, 0.00783923647221818, 0.5984342511032499, 0.6551966204401487, 0.6499237003314622, 0.7975532896236, 0.7217602933353173, 0.6147406678525927], [1.450826499925399, 0.7787701000309972, 0.0, 0.29618113667581814, 0.49446273484587133, 0.1366326880531898, 0.2804664852943034, 0.6762099095391672, 0.4135108951131363, 0.18269711697997026, 0.00783923647221818, 0.5784183773308313, 0.653630225820362, 0.6859231160183544, 0.8024110102525384, 0.739177698502098, 0.6166053247263177], [0.9330151128322117, 0.9514604502429582, 0.0, 0.2904642396579429, 0.5425918550046909, 0.13502126883990168, 0.22140847140578615, 0.6759208764847244, 0.40114150561962303, 0.21664291655393186, 0.007504523810135222, 0.5869644196259556, 0.640007318183783, 0.6478268363484339, 0.7910358775100553, 0.7194380231048431, 0.607955097389305], [0.6418853559468443, 0.9465353042553142, 0.0, 0.2664565194903322, 0.5356363604666042, 0.13902761165343777, 0.20905355124879393, 0.6717893782316667, 0.4358708646042875, 0.2227240034559932, 0.007950687539111767, 0.6001421912915705, 0.6533285695572649, 0.6792618915643024, 0.7989670459508703, 0.742194902388428, 0.6128175747653178], [1.0785721388656313, 0.843541946736268, 0.0, 0.2800445798098627, 0.5054986052631124, 0.1401948685182266, 0.27302191825907374, 0.671623568628142, 0.43886596920645005, 0.20173854179268602, 0.008507047823598457, 0.5909388439188168, 0.6416460177683028, 0.6679607951052504, 0.8034699929461357, 0.7371791059907032, 0.623497574817159], [1.0836571971896438, 0.9990517808238986, 0.0, 0.28545694019182066, 0.5523185828891202, 0.13502701897864267, 0.23001524457841568, 0.6761582844223994, 0.4097805131267145, 0.22652613868478233, 0.007950687539111767, 0.5882732672789568, 0.6387325187722759, 0.6643220801672695, 0.7906461573149043, 0.7176894983434401, 0.6080563288658525], [0.8234396766283636, 1.041278105932566, 0.0, 0.2569408158729706, 0.5506944447027898, 0.1415186933769033, 0.2280105637784942, 0.6677564195683238, 0.4489621620210278, 0.24253055370957832, 0.008284682400665488, 0.5963490642676827, 0.6451046960101791, 0.6771154079928702, 0.7941496718705526, 0.7175446107729616, 0.5947324368732205], [-0.06705565192655083, 0.9072446366523517, 0.0, 0.2414028700447321, 0.5286942436028131, 0.13852845407048173, 0.38195488310220965, 0.6757956945000517, 0.42592676661420525, 0.2153917077758063, 0.008284682400665488, 0.6254978244911689, 0.6799463860678135, 0.6900427663527638, 0.8007498521494588, 0.7035760379496376, 0.617751645712374], [0.18497964737812733, 0.9745027533390026, 0.0, 0.2917905960036611, 0.5489647944690741, 0.1336348974242919, 0.40736879090940264, 0.6804038865811974, 0.39526433732495825, 0.2194146742404901, 0.007671947615560004, 0.6088567236400917, 0.6575891902616422, 0.6772687904331675, 0.7889522060182304, 0.7094309289920087, 0.6082390826509863]], "features_2": [[-0.028295154444602844, 0.7931577624137031, 0.0, 0.2500959956667957, 0.5165213429769165, 0.13221467679294777, 0.36298395665042305, 0.6833007325710725, 0.3958338356429425, 0.18291615592461463, 0.007894969482732161, 0.6202507514559858, 0.6795131160377128, 0.6955075767114446, 0.8015901661249341, 0.7323155782480754, 0.6329567875695696], [-0.12931429504206537, 0.8503104539382084, 0.0, 0.2620884117575362, 0.5318671193219422, 0.1332399375488853, 0.41750338924433306, 0.6831318775130499, 0.4064264259561896, 0.19785465175535455, 0.00711334193318236, 0.6232539978318903, 0.671093200838006, 0.7005224280036065, 0.8058719026557726, 0.7262049924570306, 0.6286087278857826], [-0.10168970580629288, 0.9611834933157299, 0.0, 0.26190839006148475, 0.561995677639809, 0.13229192147785832, 0.3787735363892907, 0.683744010478913, 0.400270818202338, 0.2183703879036789, 0.007671947615560004, 0.6255162452697258, 0.6831542870875943, 0.7049179571218009, 0.8025665343139499, 0.7143755974877476, 0.6314786722229807], [0.07654305875160805, 0.9302914483762963, 0.0, 0.26111529212393497, 0.5494715080726087, 0.1336293539381667, 0.3462210303948652, 0.6817099735744705, 0.40388395508719, 0.21424758343241423, 0.007783488497544067, 0.6072225456606803, 0.6720675863403659, 0.7046129919580627, 0.8016918475301693, 0.7171413148831788, 0.6324631615565199], [-0.11822795798248986, 0.9004206531819696, 0.0, 0.2615040164578268, 0.548974237587878, 0.12977734860035112, 0.44646892341747774, 0.6856498509821947, 0.3953107246256311, 0.20483769060645685, 0.007448685839370306, 0.6228024709444542, 0.6915419450889629, 0.7167122374855556, 0.8000071640023421, 0.7279577405116932, 0.6268348082842022], [-0.1468109914145992, 1.04312841955029, 0.0, 0.24819459141513847, 0.5839467970710398, 0.12839906040451884, 0.4284049152186604, 0.686650603512813, 0.3833893613734849, 0.229847058319387, 0.00711334193318236, 0.6143227927390762, 0.6791443334330595, 0.7084503626948953, 0.7967638528037728, 0.7140440983166294, 0.6241891006910298], [0.13547928194430536, 0.927251418427526, 0.0, 0.25188613612757305, 0.5414162174545353, 0.13495874888677203, 0.30437678871469276, 0.6790792262700756, 0.41267283204836125, 0.21709312626283617, 0.007894969482732161, 0.6076867429997337, 0.6516473205651591, 0.6908957724794879, 0.798302260685741, 0.7206123357905185, 0.6188019086211318], [0.1814564274024173, 1.0672155873640192, 0.0, 0.24612432809382212, 0.5872505775752092, 0.1253048494348365, 0.3229918091464185, 0.6859561696284731, 0.35648292479587895, 0.22800675400557413, 0.007448685839370306, 0.6005538803736166, 0.6464474730614392, 0.6621154119767066, 0.7776636668614392, 0.6981021528567413, 0.6133274269342667], [0.47007787935463163, 1.0810871689938433, 0.0, 0.24346975218661018, 0.5831354411646811, 0.1259419295862874, 0.2786926682428003, 0.6846232397282241, 0.3427952245094166, 0.22885590836918346, 0.00716927026363523, 0.5871778534803598, 0.6342127251522842, 0.6586429736379897, 0.7721109203109884, 0.6874899025014787, 0.6008812986571885]]}