{"labels_1": ["1", "2", "3", "4", "5", "6", "7", "8", "9"], "labels_2": ["1", "2", "3", "4", "5", "6", "7", "8", "9"], "adj_matrix_1": [[0.0, 0.17883, 0.14431, 0.06577, 0.0299, 0.14426, 0.18073, 0.2405, 0.25684], [0.17883, 0.0, 0.10608, 0.181, 0.17329, 0.10605, 0.1564, 0.05518, 0.08526], [0.14431, 0.10608, 0.0, 0.17994, 0.12346, 3e-05, 0.20879, 0.12256, 0.16264], [0.06577, 0.181, 0.17994, 0.0, 0.09329, 0.17995, 0.13509, 0.27922, 0.27163], [0.0299, 0.17329, 0.12346, 0.09329, 0.0, 0.12343, 0.19565, 0.22039, 0.24503], [0.14426, 0.10605, 3e-05, 0.17995, 0.12343, 0.0, 0.20886, 0.12261, 0.16271], [0.18073, 0.1564, 0.20879, 0.13509, 0.19565, 0.20886, 0.0, 0.31335, 0.23954], [0.2405, 0.05518, 0.12256, 0.27922, 0.22039, 0.12261, 0.31335, 0.0, 0.16641], [0.25684, 0.08526, 0.16264, 0.27163, 0.24503, 0.16271, 0.23954, 0.16641, 0.0]], "adj_matrix_2": [[0.0, 0.08051, 0.2006, 0.16113, 0.25309, 0.1814, 0.12968, 0.26173, 0.06054], [0.08051, 0.0, 0.12717, 0.0842, 0.18695, 0.1061, 0.05085, 0.19719, 0.02025], [0.2006, 0.12717, 0.0, 0.04476, 0.06633, 0.02221, 0.07817, 0.07828, 0.14609], [0.16113, 0.0842, 0.04476, 0.0, 0.1097, 0.02264, 0.03386, 0.12121, 0.10385], [0.25309, 0.18695, 0.06633, 0.1097, 0.0, 0.08797, 0.14141, 0.01224, 0.20419], [0.1814, 0.1061, 0.02221, 0.02264, 0.08797, 0.0, 0.05634, 0.09973, 0.12543], [0.12968, 0.05085, 0.07817, 0.03386, 0.14141, 0.05634, 0.0, 0.15248, 0.07086], [0.26173, 0.19719, 0.07828, 0.12121, 0.01224, 0.09973, 0.15248, 0.0, 0.21409], [0.06054, 0.02025, 0.14609, 0.10385, 0.20419, 0.12543, 0.07086, 0.21409, 0.0]], "features_1": [[0.5987251103217615, 0.7623361303791717, 0.0, 0.2756229300221586, 0.4926118130643069, 0.13591902545375498, 0.24449181865655872, 0.6760753378459277, 0.40789396919332477, 0.17919199154924326, 0.00783923647221818, 0.5984342511032499, 0.6551966204401487, 0.6499237003314622, 0.7975532896236, 0.7217602933353173, 0.6147406678525927], [1.450826499925399, 0.7787701000309972, 0.0, 0.29618113667581814, 0.49446273484587133, 0.1366326880531898, 0.2804664852943034, 0.6762099095391672, 0.4135108951131363, 0.18269711697997026, 0.00783923647221818, 0.5784183773308313, 0.653630225820362, 0.6859231160183544, 0.8024110102525384, 0.739177698502098, 0.6166053247263177], [0.9330151128322117, 0.9514604502429582, 0.0, 0.2904642396579429, 0.5425918550046909, 0.13502126883990168, 0.22140847140578615, 0.6759208764847244, 0.40114150561962303, 0.21664291655393186, 0.007504523810135222, 0.5869644196259556, 0.640007318183783, 0.6478268363484339, 0.7910358775100553, 0.7194380231048431, 0.607955097389305], [0.6418853559468443, 0.9465353042553142, 0.0, 0.2664565194903322, 0.5356363604666042, 0.13902761165343777, 0.20905355124879393, 0.6717893782316667, 0.4358708646042875, 0.2227240034559932, 0.007950687539111767, 0.6001421912915705, 0.6533285695572649, 0.6792618915643024, 0.7989670459508703, 0.742194902388428, 0.6128175747653178], [1.0785721388656313, 0.843541946736268, 0.0, 0.2800445798098627, 0.5054986052631124, 0.1401948685182266, 0.27302191825907374, 0.671623568628142, 0.43886596920645005, 0.20173854179268602, 0.008507047823598457, 0.5909388439188168, 0.6416460177683028, 0.6679607951052504, 0.8034699929461357, 0.7371791059907032, 0.623497574817159], [1.0836571971896438, 0.9990517808238986, 0.0, 0.28545694019182066, 0.5523185828891202, 0.13502701897864267, 0.23001524457841568, 0.6761582844223994, 0.4097805131267145, 0.22652613868478233, 0.007950687539111767, 0.5882732672789568, 0.6387325187722759, 0.6643220801672695, 0.7906461573149043, 0.7176894983434401, 0.6080563288658525], [0.8234396766283636, 1.041278105932566, 0.0, 0.2569408158729706, 0.5506944447027898, 0.1415186933769033, 0.2280105637784942, 0.6677564195683238, 0.4489621620210278, 0.24253055370957832, 0.008284682400665488, 0.5963490642676827, 0.6451046960101791, 0.6771154079928702, 0.7941496718705526, 0.7175446107729616, 0.5947324368732205], [-0.06705565192655083, 0.9072446366523517, 0.0, 0.2414028700447321, 0.5286942436028131, 0.13852845407048173, 0.38195488310220965, 0.6757956945000517, 0.42592676661420525, 0.2153917077758063, 0.008284682400665488, 0.6254978244911689, 0.6799463860678135, 0.6900427663527638, 0.8007498521494588, 0.7035760379496376, 0.617751645712374], [0.18497964737812733, 0.9745027533390026, 0.0, 0.2917905960036611, 0.5489647944690741, 0.1336348974242919, 0.40736879090940264, 0.6804038865811974, 0.39526433732495825, 0.2194146742404901, 0.007671947615560004, 0.6088567236400917, 0.6575891902616422, 0.6772687904331675, 0.7889522060182304, 0.7094309289920087, 0.6082390826509863]], "features_2": [[-0.2169281464983932, 0.8449933417620907, 0.0, 0.2631016057504715, 0.518865077574381, 0.13239784972643326, 0.33744158232414917, 0.6806720269295745, 0.3859561685797419, 0.19343840883747854, 0.00716927026363523, 0.6327731409192636, 0.6683643467441126, 0.6925461186658687, 0.7893250623528687, 0.7066554016850797, 0.5978198531108208], [0.04197825087359641, 0.906129857974319, 0.0, 0.25768703945650095, 0.5269750082121062, 0.13717777743310208, 0.3164129079066932, 0.6734100302441731, 0.4164097869079908, 0.21177350403815942, 0.007727725548673403, 0.6266154149449137, 0.6484428797501702, 0.6779852994751344, 0.7844489548441392, 0.7079196508836837, 0.6138680032482546], [-0.010273235543467596, 0.9629098480908935, 0.0, 0.26022362143392136, 0.5495767285242863, 0.13314492583215323, 0.3673864330010403, 0.6801466052482498, 0.39021553050962665, 0.21645680839996806, 0.007057398507269275, 0.6171179605960022, 0.6595151545624178, 0.6858554815858318, 0.790672161171353, 0.7103266301541766, 0.6042778898396215], [-0.12940901513731884, 0.921566155774946, 0.0, 0.2782067305096617, 0.5349051857514825, 0.1371135757892205, 0.35133373559162706, 0.6765665875862672, 0.41516692318283455, 0.2150852391799234, 0.007392832833969631, 0.6296090216754009, 0.6638258233284566, 0.6899232521236379, 0.7991290394105653, 0.724461220447587, 0.6172389147866504], [0.46237521200944665, 0.9025796272281101, 0.0, 0.2530515037468741, 0.5300401533285777, 0.13763421583300317, 0.4187641101203269, 0.6747960094991827, 0.4305931698283547, 0.21042610680257678, 0.008062078829516484, 0.6102277232238442, 0.6324154901019013, 0.6610464860169869, 0.7890006864125438, 0.7136142639617173, 0.6220781444884529], [0.3261842501519321, 0.980240163712102, 0.0, 0.2591918743029354, 0.553347281171057, 0.13576101764375567, 0.4388016140781126, 0.6778204597514988, 0.4185556340638983, 0.2223807707275569, 0.007727725548673403, 0.612829295891463, 0.6376568307163505, 0.6636040163532295, 0.7905851029903082, 0.7083521612959431, 0.6199231569270311], [-0.06022922916217022, 0.9189214406345876, 0.0, 0.23787374608619868, 0.5347611632945953, 0.13655288409035315, 0.3693030251551043, 0.6766005138434286, 0.41277815779667026, 0.21456048861344845, 0.007950687539111767, 0.6252231577162344, 0.672587648291717, 0.6919369336563586, 0.7995239882538587, 0.7168087474317899, 0.6329415202609651], [0.24663142264566806, 0.9961599238803174, 0.0, 0.2706060343482724, 0.5642349477701927, 0.12761623217068402, 0.48955621314570263, 0.6845888076160924, 0.35555713223926433, 0.21504785034640195, 0.00683347364535547, 0.6005264344835273, 0.6363960250947455, 0.6392506842971073, 0.7770777644645606, 0.7109005746901976, 0.6006932472230974], [-0.11516564823894182, 0.9940749863542127, 0.0, 0.28166198019101935, 0.5595409546810796, 0.1284457233590831, 0.5026293505794669, 0.6838465882016411, 0.35795660633790316, 0.21765133042319995, 0.007281081678807366, 0.6186479132981462, 0.6525330594461507, 0.6661563632353172, 0.777246431869325, 0.699647605209993, 0.6163431810384777]]}