{"labels_1": ["1", "2", "3", "4", "5", "6", "7", "8", "9"], "labels_2": ["1", "2", "3", "4", "5", "6", "7", "8", "9"], "adj_matrix_1": [[0.0, 0.04498, 0.04069, 0.12936, 0.05233, 0.12469, 0.27155, 0.05124, 0.15313], [0.04498, 0.0, 0.00434, 0.16808, 0.09585, 0.16378, 0.29264, 0.00639, 0.11431], [0.04069, 0.00434, 0.0, 0.16459, 0.09177, 0.16027, 0.29105, 0.01072, 0.11824], [0.12936, 0.16808, 0.16459, 0.0, 0.0802, 0.00511, 0.17596, 0.17327, 0.24486], [0.05233, 0.09585, 0.09177, 0.0802, 0.0, 0.07525, 0.23916, 0.10179, 0.19358], [0.12469, 0.16378, 0.16027, 0.00511, 0.07525, 0.0, 0.18033, 0.16907, 0.24204], [0.27155, 0.29264, 0.29105, 0.17596, 0.23916, 0.18033, 0.0, 0.29524, 0.31328], [0.05124, 0.00639, 0.01072, 0.17327, 0.10179, 0.16907, 0.29524, 0.0, 0.1086], [0.15313, 0.11431, 0.11824, 0.24486, 0.19358, 0.24204, 0.31328, 0.1086, 0.0]], "adj_matrix_2": [[0.0, 0.28163, 0.09037, 0.17059, 0.21054, 0.21957, 0.24139, 0.00186, 0.1798], [0.28163, 0.0, 0.26165, 0.22611, 0.19693, 0.18839, 0.1637, 0.28123, 0.21993], [0.09037, 0.26165, 0.0, 0.08755, 0.13522, 0.14661, 0.17545, 0.09213, 0.09829], [0.17059, 0.22611, 0.08755, 0.0, 0.05149, 0.0643, 0.09792, 0.17206, 0.01133], [0.21054, 0.19693, 0.13522, 0.05149, 0.0, 0.01309, 0.04812, 0.21172, 0.04028], [0.21957, 0.18839, 0.14661, 0.0643, 0.01309, 0.0, 0.03518, 0.2208, 0.0532], [0.24139, 0.1637, 0.17545, 0.09792, 0.04812, 0.03518, 0.0, 0.24241, 0.08721], [0.00186, 0.28123, 0.09213, 0.17206, 0.21172, 0.2208, 0.24241, 0.0, 0.18139], [0.1798, 0.21993, 0.09829, 0.01133, 0.04028, 0.0532, 0.08721, 0.18139, 0.0]], "features_1": [[-0.016724691635458644, 0.8383813672138072, 0.0, 0.2854330961413708, 0.5342982624316108, 0.13035534087559525, 0.496765900094519, 0.6853701925880893, 0.39226675035292935, 0.19082803949352622, 0.007336964783822175, 0.619264302911759, 0.6799880378928908, 0.6955155606076397, 0.8022638832192305, 0.716607287114765, 0.6044005176054746], [0.2985496472361939, 0.8388000758522542, 0.0, 0.27533288107632325, 0.5267158562389112, 0.1354816233827407, 0.444677496100698, 0.6802884112343277, 0.4330702694161057, 0.19847970355628286, 0.007783488497544067, 0.6131944657385926, 0.6739724691051971, 0.6961617971689626, 0.8062577825801932, 0.7332758435504131, 0.6233400773701613], [0.07332562221471628, 0.9874143834661937, 0.0, 0.26444641632253807, 0.5704454954331486, 0.13264598313675457, 0.4914955123974643, 0.6837836783451001, 0.4054249492302182, 0.2233408129792709, 0.007448685839370306, 0.6153666772049786, 0.680638357508799, 0.6973368157450273, 0.8057600080727022, 0.7264481273919152, 0.6170063650417132], [-0.24363059411264976, 0.9504062972211835, 0.0, 0.28874318488045597, 0.5613141932217172, 0.13421035614511193, 0.46220464014141954, 0.6821296535206882, 0.4122827137337537, 0.2191130245054722, 0.007336964783822175, 0.6256646923727098, 0.6856142099707891, 0.7143344137793892, 0.8072310172536876, 0.7349391161304165, 0.6241644395018033], [0.2209620004188908, 0.8644274280962799, 0.0, 0.3151222824795455, 0.5296401506202603, 0.13836255396628047, 0.3912500763262692, 0.6764938844362482, 0.4457375233026952, 0.20867047192941346, 0.007894969482732161, 0.6154631328323381, 0.6783049610859984, 0.7029838892832333, 0.8057145680544656, 0.7324882051413739, 0.6372925600677365], [-0.11048675400762997, 0.9970726742278588, 0.0, 0.26693093566507164, 0.5727372600461159, 0.13502860495373714, 0.43353343830554325, 0.6811747177541008, 0.4232416699338668, 0.2303097671403067, 0.007560346756364078, 0.6197720995003744, 0.6780031737625786, 0.7083656815279662, 0.8057464964057406, 0.7299671766630925, 0.6338922682250321], [-0.0639954186920062, 0.9358492760946535, 0.0, 0.28049780134425456, 0.5558535041196516, 0.13639002989501017, 0.4406934253764, 0.6796893591228936, 0.4382083691378067, 0.22056243948191745, 0.008006390651371653, 0.6353975674313768, 0.6950004080915532, 0.7114277062396762, 0.8087341095305648, 0.7143552714464886, 0.6394479993155602], [0.5749990679804529, 1.1060125220229098, 0.0, 0.29686439935931475, 0.6013005204719544, 0.1261743729840679, 0.41707570793670923, 0.6867282941481554, 0.3624866456515574, 0.23478370532718618, 0.00677745458930179, 0.5852698420667792, 0.6584085724013816, 0.6853201831043354, 0.7866713185249906, 0.717036305111346, 0.6065487258486633], [0.47366054830911164, 1.101810366801779, 0.0, 0.29103085902937575, 0.6035509584346263, 0.1269746762282461, 0.5149146867864601, 0.6870784987919438, 0.3774596349088719, 0.2370287328336269, 0.007001439975721224, 0.5916818777298811, 0.6551141388306, 0.681774993724092, 0.7908073647369025, 0.7067766427022233, 0.6174822542513679]], "features_2": [[0.5309795161865751, 0.7662629860498603, 0.0, 0.23229890793283184, 0.49043311673200596, 0.13812881113318046, 0.22954981687319959, 0.6711093294007935, 0.46216964069933075, 0.18445792214303913, 0.008062078829516484, 0.613364870285003, 0.6500643650933015, 0.6816697426407755, 0.7983814669923722, 0.7303249131481518, 0.617119656518604], [0.5282029629488898, 0.7408323560219385, 0.0, 0.23337998439987317, 0.484370233476605, 0.13790083605556666, 0.2444588077217503, 0.6720227640981432, 0.44001740941768364, 0.179342237670024, 0.008173410423425675, 0.6001092855613162, 0.6476139307770971, 0.6695707059268593, 0.8001121666944047, 0.7068797424714506, 0.634611476492811], [0.5659653512809082, 0.8858400200656512, 0.0, 0.22521975808706407, 0.5230706136888917, 0.13785211264398556, 0.21020439163295848, 0.6701125382097393, 0.46111900376904336, 0.21067101963308277, 0.00822905385914674, 0.6104541156797763, 0.6426266077384593, 0.6783544769884065, 0.7943612740208562, 0.71185332698719, 0.6171177556392969], [0.5397161011580405, 0.8697990911539007, 0.0, 0.24991528647642744, 0.5108126575171157, 0.14140354102427982, 0.18286493262042355, 0.6642431969876121, 0.4758003398432955, 0.21146095687714572, 0.008673665988278678, 0.6140521504137548, 0.6458109560551799, 0.6753847242201049, 0.7992223552677923, 0.7289092551708591, 0.614476176380592], [0.2176185778870452, 0.8206728420226319, 0.0, 0.23892288205135648, 0.5139908176283706, 0.13154678128705294, 0.3243911798992244, 0.6801375156957677, 0.39234864653160617, 0.18804192631706873, 0.007448685839370306, 0.6065951857850154, 0.6686783848050893, 0.7040303929428477, 0.7925894873624203, 0.7118264319826614, 0.6135972706980024], [0.6949685692640473, 0.9325615450179191, 0.0, 0.23824286735139544, 0.5336208243484075, 0.13709389821400425, 0.1953024821762625, 0.6703322650892091, 0.4466710969282395, 0.21735274341091837, 0.00839589484089287, 0.6050244646208074, 0.6366551946481626, 0.6521321544784306, 0.7899970168980781, 0.7064184720423143, 0.6145348777244798], [0.18776656005213166, 0.9112089968563717, 0.0, 0.24256207601887245, 0.5229386367741604, 0.13626050480273214, 0.22575610615380412, 0.6707836749400811, 0.410886473719023, 0.21409213984660447, 0.007671947615560004, 0.6040663428694177, 0.6428689824546348, 0.6745937726641975, 0.7849420358417137, 0.695481178025413, 0.6043345393068019], [0.04415694194466946, 1.0368820291130538, 0.0, 0.22793824961195755, 0.5708648874652827, 0.12574872882940225, 0.3453839890507048, 0.683628479289093, 0.356060970948082, 0.2224260186838165, 0.007336964783822175, 0.6128173347002019, 0.6463345822733696, 0.6676055170361616, 0.7689562904850124, 0.6946085402995583, 0.586758058404752], [0.48146415790021324, 1.0501857615775996, 0.0, 0.2407563115679535, 0.5667639655850897, 0.12947721836468426, 0.26808075037370716, 0.6791410266815928, 0.3796208432177095, 0.22912240637305747, 0.007894969482732161, 0.6004547647400225, 0.6355586434259227, 0.6603990433854849, 0.7697562648509119, 0.6839445797679642, 0.587955759263525]]}