{"labels_1": ["1", "2", "3", "4", "5", "6", "7", "8", "9"], "labels_2": ["1", "2", "3", "4", "5", "6", "7", "8", "9"], "adj_matrix_1": [[0.0, 0.09758, 0.08617, 0.00551, 0.22834, 0.12136, 0.09817, 0.16609, 0.24459], [0.09758, 0.0, 0.17617, 0.0923, 0.14428, 0.20579, 0.18643, 0.0736, 0.23321], [0.08617, 0.17617, 0.0, 0.09146, 0.28566, 0.03746, 0.01259, 0.23511, 0.24495], [0.00551, 0.0923, 0.09146, 0.0, 0.22415, 0.12641, 0.10337, 0.16127, 0.24393], [0.22834, 0.14428, 0.28566, 0.22415, 0.0, 0.30369, 0.29217, 0.07345, 0.20605], [0.12136, 0.20579, 0.03746, 0.12641, 0.30369, 0.0, 0.02495, 0.25923, 0.24139], [0.09817, 0.18643, 0.01259, 0.10337, 0.29217, 0.02495, 0.0, 0.24361, 0.24418], [0.16609, 0.0736, 0.23511, 0.16127, 0.07345, 0.25923, 0.24361, 0.0, 0.22047], [0.24459, 0.23321, 0.24495, 0.24393, 0.20605, 0.24139, 0.24418, 0.22047, 0.0]], "adj_matrix_2": [[0.0, 0.05031, 0.0994, 0.10274, 0.06968, 0.10397, 0.19768, 0.28941, 0.10946], [0.05031, 0.0, 0.05018, 0.05364, 0.01969, 0.05492, 0.15518, 0.26781, 0.06066], [0.0994, 0.05018, 0.0, 0.0035, 0.03061, 0.00479, 0.10939, 0.24101, 0.01061], [0.10274, 0.05364, 0.0035, 0.0, 0.0341, 0.00129, 0.10612, 0.23903, 0.00712], [0.06968, 0.01969, 0.03061, 0.0341, 0.0, 0.03539, 0.13765, 0.25806, 0.04119], [0.10397, 0.05492, 0.00479, 0.00129, 0.03539, 0.0, 0.10492, 0.23834, 0.00583], [0.19768, 0.15518, 0.10939, 0.10612, 0.13765, 0.10492, 0.0, 0.16386, 0.09944], [0.28941, 0.26781, 0.24101, 0.23903, 0.25806, 0.23834, 0.16386, 0.0, 0.23499], [0.10946, 0.06066, 0.01061, 0.00712, 0.04119, 0.00583, 0.09944, 0.23499, 0.0]], "features_1": [[0.20991308372936368, 0.8758719963239073, 0.0, 0.2698409438561399, 0.5376492572778285, 0.12512314415296075, 0.3790665383295938, 0.6867669297227281, 0.36246498545416994, 0.1923312870157372, 0.00716927026363523, 0.6030605130170867, 0.6751766164496081, 0.7030837442988693, 0.7800901886899021, 0.7242429387770333, 0.5476271234601973], [0.1357077714544963, 0.907117672368635, 0.0, 0.2918578924926259, 0.5401395091861357, 0.12822613662462412, 0.3237096729595038, 0.6838839033497321, 0.37780569943544284, 0.20159465470835314, 0.007560346756364078, 0.6116139020830773, 0.6614892690075205, 0.6655644528949778, 0.7835021442879296, 0.695485327505828, 0.5698193292890599], [0.17775817966142204, 1.0231029237348621, 0.0, 0.2952535493739198, 0.5731851709789689, 0.12513579494112168, 0.35909568515441703, 0.6864003239309011, 0.3566262543347365, 0.2202019687047858, 0.007057398507269275, 0.6020888406668186, 0.6467951522038512, 0.6779723825407101, 0.7781721887896671, 0.7208188411157247, 0.5570226217966984], [0.16395541470777975, 1.0095601686752222, 0.0, 0.2672945092775406, 0.5692927640957478, 0.12735199658414975, 0.3857719370043178, 0.6853457790541368, 0.36687209824060063, 0.22150665478758258, 0.007392832833969631, 0.601693376084584, 0.6566121297760369, 0.687289529785778, 0.7834287909106419, 0.7222814365756306, 0.5608217727441754], [-0.1324676313992681, 0.9050231966128197, 0.0, 0.20499237699339695, 0.5426363015227933, 0.12753681650243187, 0.3083659748727804, 0.6843179041794287, 0.3648509592405418, 0.20095855832602072, 0.00711334193318236, 0.6234631136545163, 0.6513460108006308, 0.6607780155812515, 0.7807769638932192, 0.6954448461016687, 0.5647399560079667], [0.25003131662237355, 1.0180596377383506, 0.0, 0.3029037763101794, 0.5730387363127875, 0.1255377329365061, 0.35970625611670004, 0.6859694178862412, 0.3563151088732752, 0.2188402274116461, 0.00716927026363523, 0.5967937630691136, 0.6446477599686009, 0.6749310963517846, 0.7782365049485103, 0.7140105022915325, 0.5817952096180605], [0.1577535837418118, 0.9618339963829156, 0.0, 0.2978085522728545, 0.5665680537461204, 0.12487046351641314, 0.5792392994323933, 0.6880873333707487, 0.3481387599483665, 0.20663130531966067, 0.00711334193318236, 0.5916440038392741, 0.6526047254329084, 0.6657563465853812, 0.7826290535713636, 0.710897692246793, 0.5517222640451322], [0.05357873838401028, 0.9124973739024708, 0.0, 0.272785635777328, 0.5450335823409579, 0.12807774134708486, 0.29150786818009633, 0.6834262117592617, 0.3625867323269638, 0.20409154132725438, 0.007336964783822175, 0.6147232591727887, 0.6523902601225884, 0.684577925317638, 0.7804522378379947, 0.7078640093232363, 0.5946114793067953], [0.6181885638850693, 0.8623689102201514, 0.0, 0.3143939737526304, 0.5330919046412045, 0.12969400605735795, 0.3852349216205262, 0.6829444178569529, 0.377052654617716, 0.1942720176201631, 0.007448685839370306, 0.5923433176260073, 0.6484308992795087, 0.6691770082706656, 0.7875340630784167, 0.6936366877099108, 0.6137378934142078]], "features_2": [[-0.0334173348343203, 0.9647271497476468, 0.0, 0.20656909693227937, 0.5535490728588942, 0.12699161637418466, 0.33767558201014436, 0.6852301371706613, 0.35197327148824065, 0.21114521417200827, 0.007560346756364078, 0.6145217053133072, 0.6573174552425481, 0.6823355888236505, 0.7810362544420117, 0.6842279757516111, 0.5559109170086082], [0.05102519441954634, 0.8820288260877529, 0.0, 0.18315813301868109, 0.5290474743858045, 0.13347040059414933, 0.3329664705246763, 0.6804479997933955, 0.4002706564659593, 0.20432974920232616, 0.00783923647221818, 0.6151631566699662, 0.6717471746473538, 0.6979813513814298, 0.796233144584673, 0.7075967005740148, 0.5839970906092353], [0.09845987987801097, 1.0730176047209226, 0.0, 0.21385276962522617, 0.5771784997952755, 0.12772393460443277, 0.3222952329509795, 0.6845089737787566, 0.35875266056139665, 0.23231926736928288, 0.007448685839370306, 0.6086981983863144, 0.6432468412569701, 0.672789929532421, 0.7816246260309214, 0.6914875673357309, 0.5623458162513835], [0.08316480966525042, 1.0415653272915697, 0.0, 0.22092813549264884, 0.5666489155064333, 0.131135956498083, 0.34494504146348676, 0.6824976182967772, 0.373803006115931, 0.2308015536518897, 0.007448685839370306, 0.6085834589034578, 0.6587448406044032, 0.6901494591883189, 0.7915454423309393, 0.695008547446222, 0.5681973363727933], [-0.23077187635592633, 0.7632304830747703, 0.0, 0.1720024820040802, 0.4837497116400469, 0.14212293968525136, 0.22720565770029494, 0.669043943738422, 0.4498359085129975, 0.19271270148271769, 0.00822905385914674, 0.626886357168448, 0.6654639427081475, 0.6927036887942314, 0.8051366283968315, 0.7128068288454058, 0.6083199648837103], [0.17648477419514785, 0.9953182101669311, 0.0, 0.22374292226540982, 0.5545212410407764, 0.13163677455479159, 0.28677733343439654, 0.680681049138555, 0.3848802973875567, 0.22469509641682484, 0.007671947615560004, 0.6076668235382812, 0.6406155377683395, 0.6703981608347389, 0.7875815903258083, 0.7020657688969074, 0.5713362346705976], [-0.2387384730434552, 0.9047536213937278, 0.0, 0.20854112143604034, 0.5290498768906648, 0.13615202178162705, 0.35458054817782736, 0.679043898356668, 0.3952630465035296, 0.21283728262779977, 0.007336964783822175, 0.6165186935291911, 0.6983414006940069, 0.7168186123654119, 0.804587857054959, 0.728827791897095, 0.5816776830932701], [0.5871892468832605, 0.8984587855024684, 0.0, 0.30189810705641695, 0.5216480247698855, 0.13329428314750616, 0.24569489898295985, 0.6771148594501839, 0.37971410745874334, 0.20582142312060903, 0.007671947615560004, 0.5884588326734916, 0.6359614044863028, 0.6745129087434295, 0.7840878609704769, 0.6954186261995202, 0.5302410926270372], [0.46826057650239417, 0.8573406416047483, 0.0, 0.2673459518420227, 0.5131924905740947, 0.13412329332748132, 0.2706692893604753, 0.6776269187023077, 0.38935617411239076, 0.1961667803844629, 0.007336964783822175, 0.6091251306224728, 0.6568271279709967, 0.6687111290916515, 0.7909597162855228, 0.7170338399571982, 0.5608833029844629]]}