{"labels_1": ["1", "2", "3", "4", "5", "6", "7", "8", "9"], "labels_2": ["1", "2", "3", "4", "5", "6", "7", "8", "9"], "adj_matrix_1": [[0.0, 0.04498, 0.04069, 0.12936, 0.05233, 0.12469, 0.27155, 0.05124, 0.15313], [0.04498, 0.0, 0.00434, 0.16808, 0.09585, 0.16378, 0.29264, 0.00639, 0.11431], [0.04069, 0.00434, 0.0, 0.16459, 0.09177, 0.16027, 0.29105, 0.01072, 0.11824], [0.12936, 0.16808, 0.16459, 0.0, 0.0802, 0.00511, 0.17596, 0.17327, 0.24486], [0.05233, 0.09585, 0.09177, 0.0802, 0.0, 0.07525, 0.23916, 0.10179, 0.19358], [0.12469, 0.16378, 0.16027, 0.00511, 0.07525, 0.0, 0.18033, 0.16907, 0.24204], [0.27155, 0.29264, 0.29105, 0.17596, 0.23916, 0.18033, 0.0, 0.29524, 0.31328], [0.05124, 0.00639, 0.01072, 0.17327, 0.10179, 0.16907, 0.29524, 0.0, 0.1086], [0.15313, 0.11431, 0.11824, 0.24486, 0.19358, 0.24204, 0.31328, 0.1086, 0.0]], "adj_matrix_2": [[0.0, 0.25759, 0.09287, 0.00755, 0.24674, 0.12013, 0.00669, 0.24217, 0.10245], [0.25759, 0.0, 0.31329, 0.26253, 0.01733, 0.32749, 0.25304, 0.0243, 0.17937], [0.09287, 0.31329, 0.0, 0.08552, 0.30607, 0.02822, 0.09936, 0.30302, 0.18881], [0.00755, 0.26253, 0.08552, 0.0, 0.25197, 0.11292, 0.01424, 0.24755, 0.10968], [0.24674, 0.01733, 0.30607, 0.25197, 0.0, 0.32139, 0.24195, 0.00699, 0.16501], [0.12013, 0.32749, 0.02822, 0.11292, 0.32139, 0.0, 0.1265, 0.31878, 0.21316], [0.00669, 0.25304, 0.09936, 0.01424, 0.24195, 0.1265, 0.0, 0.23729, 0.09601], [0.24217, 0.0243, 0.30302, 0.24755, 0.00699, 0.31878, 0.23729, 0.0, 0.1591], [0.10245, 0.17937, 0.18881, 0.10968, 0.16501, 0.21316, 0.09601, 0.1591, 0.0]], "features_1": [[-0.016724691635458644, 0.8383813672138072, 0.0, 0.2854330961413708, 0.5342982624316108, 0.13035534087559525, 0.496765900094519, 0.6853701925880893, 0.39226675035292935, 0.19082803949352622, 0.007336964783822175, 0.619264302911759, 0.6799880378928908, 0.6955155606076397, 0.8022638832192305, 0.716607287114765, 0.6044005176054746], [0.2985496472361939, 0.8388000758522542, 0.0, 0.27533288107632325, 0.5267158562389112, 0.1354816233827407, 0.444677496100698, 0.6802884112343277, 0.4330702694161057, 0.19847970355628286, 0.007783488497544067, 0.6131944657385926, 0.6739724691051971, 0.6961617971689626, 0.8062577825801932, 0.7332758435504131, 0.6233400773701613], [0.07332562221471628, 0.9874143834661937, 0.0, 0.26444641632253807, 0.5704454954331486, 0.13264598313675457, 0.4914955123974643, 0.6837836783451001, 0.4054249492302182, 0.2233408129792709, 0.007448685839370306, 0.6153666772049786, 0.680638357508799, 0.6973368157450273, 0.8057600080727022, 0.7264481273919152, 0.6170063650417132], [-0.24363059411264976, 0.9504062972211835, 0.0, 0.28874318488045597, 0.5613141932217172, 0.13421035614511193, 0.46220464014141954, 0.6821296535206882, 0.4122827137337537, 0.2191130245054722, 0.007336964783822175, 0.6256646923727098, 0.6856142099707891, 0.7143344137793892, 0.8072310172536876, 0.7349391161304165, 0.6241644395018033], [0.2209620004188908, 0.8644274280962799, 0.0, 0.3151222824795455, 0.5296401506202603, 0.13836255396628047, 0.3912500763262692, 0.6764938844362482, 0.4457375233026952, 0.20867047192941346, 0.007894969482732161, 0.6154631328323381, 0.6783049610859984, 0.7029838892832333, 0.8057145680544656, 0.7324882051413739, 0.6372925600677365], [-0.11048675400762997, 0.9970726742278588, 0.0, 0.26693093566507164, 0.5727372600461159, 0.13502860495373714, 0.43353343830554325, 0.6811747177541008, 0.4232416699338668, 0.2303097671403067, 0.007560346756364078, 0.6197720995003744, 0.6780031737625786, 0.7083656815279662, 0.8057464964057406, 0.7299671766630925, 0.6338922682250321], [-0.0639954186920062, 0.9358492760946535, 0.0, 0.28049780134425456, 0.5558535041196516, 0.13639002989501017, 0.4406934253764, 0.6796893591228936, 0.4382083691378067, 0.22056243948191745, 0.008006390651371653, 0.6353975674313768, 0.6950004080915532, 0.7114277062396762, 0.8087341095305648, 0.7143552714464886, 0.6394479993155602], [0.5749990679804529, 1.1060125220229098, 0.0, 0.29686439935931475, 0.6013005204719544, 0.1261743729840679, 0.41707570793670923, 0.6867282941481554, 0.3624866456515574, 0.23478370532718618, 0.00677745458930179, 0.5852698420667792, 0.6584085724013816, 0.6853201831043354, 0.7866713185249906, 0.717036305111346, 0.6065487258486633], [0.47366054830911164, 1.101810366801779, 0.0, 0.29103085902937575, 0.6035509584346263, 0.1269746762282461, 0.5149146867864601, 0.6870784987919438, 0.3774596349088719, 0.2370287328336269, 0.007001439975721224, 0.5916818777298811, 0.6551141388306, 0.681774993724092, 0.7908073647369025, 0.7067766427022233, 0.6174822542513679]], "features_2": [[-0.019058255339469365, 0.8602011706948656, 0.0, 0.2503208969291163, 0.5288280837614104, 0.1333948118729569, 0.42214435116225174, 0.6824590870583485, 0.3910770631628657, 0.19929976174333563, 0.007950687539111767, 0.6196208508440386, 0.6625386612365888, 0.6979620769724107, 0.8057355178848976, 0.7167306993703931, 0.5612166310011574], [0.16252304884672153, 0.8388457748512397, 0.0, 0.2590430721257822, 0.5203097258685258, 0.13917854886531664, 0.36654749471547987, 0.6777403406321234, 0.4488925092921914, 0.20387807802677727, 0.008117752083540042, 0.6215771991138397, 0.692274041210122, 0.7217735720605775, 0.8147336220500176, 0.7442776850703172, 0.5906571871143946], [-0.1534463299084563, 0.9718926810577225, 0.0, 0.2650967040767467, 0.5543179784431146, 0.13586368535927928, 0.372596185845287, 0.679713378790155, 0.41192971952659874, 0.22712431565142222, 0.007950687539111767, 0.6316709604604824, 0.6776072496003319, 0.7055167720316361, 0.8064944803908572, 0.7307277767169102, 0.5730629201271522], [0.27578324737198523, 0.9388785742075973, 0.0, 0.2712517128099691, 0.5430346313502984, 0.13875543606122714, 0.3581116179758716, 0.6771304770221374, 0.427008648027392, 0.22030470495089371, 0.00783923647221818, 0.6238224920487174, 0.6772456263705405, 0.7118787494950022, 0.8127146546383857, 0.7389843829709114, 0.593726978712183], [-0.014826323230427096, 0.8330739272671454, 0.0, 0.25419494222571254, 0.5146502548956402, 0.14184183016550983, 0.32103538864997744, 0.6737486139578166, 0.44450965334621495, 0.20537021050243398, 0.008006390651371653, 0.6210698774271806, 0.685607107014217, 0.7158541242896618, 0.8145062089011307, 0.7402302080714679, 0.618099805504399], [-0.041801124354851726, 0.9479017028352068, 0.0, 0.29061727155112277, 0.5447891823596327, 0.13911916749957098, 0.27293926448594164, 0.6740424355030841, 0.42935579760850806, 0.22594953996340794, 0.007894969482732161, 0.6321337832888367, 0.6622758973379931, 0.6995127468503126, 0.8042867463767732, 0.7440851794724548, 0.6107027637890056], [0.12759622531437254, 0.8925044109360435, 0.0, 0.27328088088864294, 0.5187804537554931, 0.14615892699829428, 0.22597357859548312, 0.6651905821495323, 0.4770369338394569, 0.222482104133912, 0.008895616178821175, 0.632042134714937, 0.6721708115369858, 0.7031817369256143, 0.8135944297599895, 0.7304664968836166, 0.6213026001118787], [-0.21509651762837478, 0.9437660520275688, 0.0, 0.23354845726649814, 0.5491640508363017, 0.1322695584074799, 0.33079308596462553, 0.6806021756582997, 0.3811042384063459, 0.21811825036560384, 0.007448685839370306, 0.6202998119881207, 0.6634826876740325, 0.6854513046836747, 0.7918110155564989, 0.6898581004180928, 0.6121634152321778], [-0.2519034363889108, 0.9344257116240948, 0.0, 0.23533985514797434, 0.5390214037663521, 0.13403071470602862, 0.23594056360198365, 0.6765084777605805, 0.4174799063897814, 0.22178911824705527, 0.008117752083540042, 0.6252463491607725, 0.6574983462905214, 0.6812703864481156, 0.7874390998929781, 0.7132753303485697, 0.6143702860815372]]}