{"labels_1": ["1", "2", "3", "4", "5", "6", "7", "8", "9"], "labels_2": ["1", "2", "3", "4", "5", "6", "7", "8", "9"], "adj_matrix_1": [[0.0, 0.04498, 0.04069, 0.12936, 0.05233, 0.12469, 0.27155, 0.05124, 0.15313], [0.04498, 0.0, 0.00434, 0.16808, 0.09585, 0.16378, 0.29264, 0.00639, 0.11431], [0.04069, 0.00434, 0.0, 0.16459, 0.09177, 0.16027, 0.29105, 0.01072, 0.11824], [0.12936, 0.16808, 0.16459, 0.0, 0.0802, 0.00511, 0.17596, 0.17327, 0.24486], [0.05233, 0.09585, 0.09177, 0.0802, 0.0, 0.07525, 0.23916, 0.10179, 0.19358], [0.12469, 0.16378, 0.16027, 0.00511, 0.07525, 0.0, 0.18033, 0.16907, 0.24204], [0.27155, 0.29264, 0.29105, 0.17596, 0.23916, 0.18033, 0.0, 0.29524, 0.31328], [0.05124, 0.00639, 0.01072, 0.17327, 0.10179, 0.16907, 0.29524, 0.0, 0.1086], [0.15313, 0.11431, 0.11824, 0.24486, 0.19358, 0.24204, 0.31328, 0.1086, 0.0]], "adj_matrix_2": [[0.0, 0.08051, 0.2006, 0.16113, 0.25309, 0.1814, 0.12968, 0.26173, 0.06054], [0.08051, 0.0, 0.12717, 0.0842, 0.18695, 0.1061, 0.05085, 0.19719, 0.02025], [0.2006, 0.12717, 0.0, 0.04476, 0.06633, 0.02221, 0.07817, 0.07828, 0.14609], [0.16113, 0.0842, 0.04476, 0.0, 0.1097, 0.02264, 0.03386, 0.12121, 0.10385], [0.25309, 0.18695, 0.06633, 0.1097, 0.0, 0.08797, 0.14141, 0.01224, 0.20419], [0.1814, 0.1061, 0.02221, 0.02264, 0.08797, 0.0, 0.05634, 0.09973, 0.12543], [0.12968, 0.05085, 0.07817, 0.03386, 0.14141, 0.05634, 0.0, 0.15248, 0.07086], [0.26173, 0.19719, 0.07828, 0.12121, 0.01224, 0.09973, 0.15248, 0.0, 0.21409], [0.06054, 0.02025, 0.14609, 0.10385, 0.20419, 0.12543, 0.07086, 0.21409, 0.0]], "features_1": [[-0.016724691635458644, 0.8383813672138072, 0.0, 0.2854330961413708, 0.5342982624316108, 0.13035534087559525, 0.496765900094519, 0.6853701925880893, 0.39226675035292935, 0.19082803949352622, 0.007336964783822175, 0.619264302911759, 0.6799880378928908, 0.6955155606076397, 0.8022638832192305, 0.716607287114765, 0.6044005176054746], [0.2985496472361939, 0.8388000758522542, 0.0, 0.27533288107632325, 0.5267158562389112, 0.1354816233827407, 0.444677496100698, 0.6802884112343277, 0.4330702694161057, 0.19847970355628286, 0.007783488497544067, 0.6131944657385926, 0.6739724691051971, 0.6961617971689626, 0.8062577825801932, 0.7332758435504131, 0.6233400773701613], [0.07332562221471628, 0.9874143834661937, 0.0, 0.26444641632253807, 0.5704454954331486, 0.13264598313675457, 0.4914955123974643, 0.6837836783451001, 0.4054249492302182, 0.2233408129792709, 0.007448685839370306, 0.6153666772049786, 0.680638357508799, 0.6973368157450273, 0.8057600080727022, 0.7264481273919152, 0.6170063650417132], [-0.24363059411264976, 0.9504062972211835, 0.0, 0.28874318488045597, 0.5613141932217172, 0.13421035614511193, 0.46220464014141954, 0.6821296535206882, 0.4122827137337537, 0.2191130245054722, 0.007336964783822175, 0.6256646923727098, 0.6856142099707891, 0.7143344137793892, 0.8072310172536876, 0.7349391161304165, 0.6241644395018033], [0.2209620004188908, 0.8644274280962799, 0.0, 0.3151222824795455, 0.5296401506202603, 0.13836255396628047, 0.3912500763262692, 0.6764938844362482, 0.4457375233026952, 0.20867047192941346, 0.007894969482732161, 0.6154631328323381, 0.6783049610859984, 0.7029838892832333, 0.8057145680544656, 0.7324882051413739, 0.6372925600677365], [-0.11048675400762997, 0.9970726742278588, 0.0, 0.26693093566507164, 0.5727372600461159, 0.13502860495373714, 0.43353343830554325, 0.6811747177541008, 0.4232416699338668, 0.2303097671403067, 0.007560346756364078, 0.6197720995003744, 0.6780031737625786, 0.7083656815279662, 0.8057464964057406, 0.7299671766630925, 0.6338922682250321], [-0.0639954186920062, 0.9358492760946535, 0.0, 0.28049780134425456, 0.5558535041196516, 0.13639002989501017, 0.4406934253764, 0.6796893591228936, 0.4382083691378067, 0.22056243948191745, 0.008006390651371653, 0.6353975674313768, 0.6950004080915532, 0.7114277062396762, 0.8087341095305648, 0.7143552714464886, 0.6394479993155602], [0.5749990679804529, 1.1060125220229098, 0.0, 0.29686439935931475, 0.6013005204719544, 0.1261743729840679, 0.41707570793670923, 0.6867282941481554, 0.3624866456515574, 0.23478370532718618, 0.00677745458930179, 0.5852698420667792, 0.6584085724013816, 0.6853201831043354, 0.7866713185249906, 0.717036305111346, 0.6065487258486633], [0.47366054830911164, 1.101810366801779, 0.0, 0.29103085902937575, 0.6035509584346263, 0.1269746762282461, 0.5149146867864601, 0.6870784987919438, 0.3774596349088719, 0.2370287328336269, 0.007001439975721224, 0.5916818777298811, 0.6551141388306, 0.681774993724092, 0.7908073647369025, 0.7067766427022233, 0.6174822542513679]], "features_2": [[-0.2169281464983932, 0.8449933417620907, 0.0, 0.2631016057504715, 0.518865077574381, 0.13239784972643326, 0.33744158232414917, 0.6806720269295745, 0.3859561685797419, 0.19343840883747854, 0.00716927026363523, 0.6327731409192636, 0.6683643467441126, 0.6925461186658687, 0.7893250623528687, 0.7066554016850797, 0.5978198531108208], [0.04197825087359641, 0.906129857974319, 0.0, 0.25768703945650095, 0.5269750082121062, 0.13717777743310208, 0.3164129079066932, 0.6734100302441731, 0.4164097869079908, 0.21177350403815942, 0.007727725548673403, 0.6266154149449137, 0.6484428797501702, 0.6779852994751344, 0.7844489548441392, 0.7079196508836837, 0.6138680032482546], [-0.010273235543467596, 0.9629098480908935, 0.0, 0.26022362143392136, 0.5495767285242863, 0.13314492583215323, 0.3673864330010403, 0.6801466052482498, 0.39021553050962665, 0.21645680839996806, 0.007057398507269275, 0.6171179605960022, 0.6595151545624178, 0.6858554815858318, 0.790672161171353, 0.7103266301541766, 0.6042778898396215], [-0.12940901513731884, 0.921566155774946, 0.0, 0.2782067305096617, 0.5349051857514825, 0.1371135757892205, 0.35133373559162706, 0.6765665875862672, 0.41516692318283455, 0.2150852391799234, 0.007392832833969631, 0.6296090216754009, 0.6638258233284566, 0.6899232521236379, 0.7991290394105653, 0.724461220447587, 0.6172389147866504], [0.46237521200944665, 0.9025796272281101, 0.0, 0.2530515037468741, 0.5300401533285777, 0.13763421583300317, 0.4187641101203269, 0.6747960094991827, 0.4305931698283547, 0.21042610680257678, 0.008062078829516484, 0.6102277232238442, 0.6324154901019013, 0.6610464860169869, 0.7890006864125438, 0.7136142639617173, 0.6220781444884529], [0.3261842501519321, 0.980240163712102, 0.0, 0.2591918743029354, 0.553347281171057, 0.13576101764375567, 0.4388016140781126, 0.6778204597514988, 0.4185556340638983, 0.2223807707275569, 0.007727725548673403, 0.612829295891463, 0.6376568307163505, 0.6636040163532295, 0.7905851029903082, 0.7083521612959431, 0.6199231569270311], [-0.06022922916217022, 0.9189214406345876, 0.0, 0.23787374608619868, 0.5347611632945953, 0.13655288409035315, 0.3693030251551043, 0.6766005138434286, 0.41277815779667026, 0.21456048861344845, 0.007950687539111767, 0.6252231577162344, 0.672587648291717, 0.6919369336563586, 0.7995239882538587, 0.7168087474317899, 0.6329415202609651], [0.24663142264566806, 0.9961599238803174, 0.0, 0.2706060343482724, 0.5642349477701927, 0.12761623217068402, 0.48955621314570263, 0.6845888076160924, 0.35555713223926433, 0.21504785034640195, 0.00683347364535547, 0.6005264344835273, 0.6363960250947455, 0.6392506842971073, 0.7770777644645606, 0.7109005746901976, 0.6006932472230974], [-0.11516564823894182, 0.9940749863542127, 0.0, 0.28166198019101935, 0.5595409546810796, 0.1284457233590831, 0.5026293505794669, 0.6838465882016411, 0.35795660633790316, 0.21765133042319995, 0.007281081678807366, 0.6186479132981462, 0.6525330594461507, 0.6661563632353172, 0.777246431869325, 0.699647605209993, 0.6163431810384777]]}