{"labels_1": ["1", "2", "3", "4", "5", "6", "7", "8", "9"], "labels_2": ["1", "2", "3", "4", "5", "6", "7", "8", "9"], "adj_matrix_1": [[0.0, 0.09758, 0.08617, 0.00551, 0.22834, 0.12136, 0.09817, 0.16609, 0.24459], [0.09758, 0.0, 0.17617, 0.0923, 0.14428, 0.20579, 0.18643, 0.0736, 0.23321], [0.08617, 0.17617, 0.0, 0.09146, 0.28566, 0.03746, 0.01259, 0.23511, 0.24495], [0.00551, 0.0923, 0.09146, 0.0, 0.22415, 0.12641, 0.10337, 0.16127, 0.24393], [0.22834, 0.14428, 0.28566, 0.22415, 0.0, 0.30369, 0.29217, 0.07345, 0.20605], [0.12136, 0.20579, 0.03746, 0.12641, 0.30369, 0.0, 0.02495, 0.25923, 0.24139], [0.09817, 0.18643, 0.01259, 0.10337, 0.29217, 0.02495, 0.0, 0.24361, 0.24418], [0.16609, 0.0736, 0.23511, 0.16127, 0.07345, 0.25923, 0.24361, 0.0, 0.22047], [0.24459, 0.23321, 0.24495, 0.24393, 0.20605, 0.24139, 0.24418, 0.22047, 0.0]], "adj_matrix_2": [[0.0, 0.23373, 0.10398, 0.05082, 0.2352, 0.23201, 0.19755, 0.04446, 0.07679], [0.23373, 0.0, 0.20911, 0.22545, 0.01514, 0.0666, 0.22067, 0.22663, 0.23549], [0.10398, 0.20911, 0.0, 0.05542, 0.20484, 0.18153, 0.26049, 0.06168, 0.17056], [0.05082, 0.22545, 0.05542, 0.0, 0.22429, 0.21166, 0.23218, 0.00645, 0.12426], [0.2352, 0.01514, 0.20484, 0.22429, 0.0, 0.05221, 0.22972, 0.22585, 0.24044], [0.23201, 0.0666, 0.18153, 0.21166, 0.05221, 0.0, 0.25665, 0.21449, 0.25039], [0.19755, 0.22067, 0.26049, 0.23218, 0.22972, 0.25665, 0.0, 0.2283, 0.13292], [0.04446, 0.22663, 0.06168, 0.00645, 0.22585, 0.21449, 0.2283, 0.0, 0.11857], [0.07679, 0.23549, 0.17056, 0.12426, 0.24044, 0.25039, 0.13292, 0.11857, 0.0]], "features_1": [[0.20991308372936368, 0.8758719963239073, 0.0, 0.2698409438561399, 0.5376492572778285, 0.12512314415296075, 0.3790665383295938, 0.6867669297227281, 0.36246498545416994, 0.1923312870157372, 0.00716927026363523, 0.6030605130170867, 0.6751766164496081, 0.7030837442988693, 0.7800901886899021, 0.7242429387770333, 0.5476271234601973], [0.1357077714544963, 0.907117672368635, 0.0, 0.2918578924926259, 0.5401395091861357, 0.12822613662462412, 0.3237096729595038, 0.6838839033497321, 0.37780569943544284, 0.20159465470835314, 0.007560346756364078, 0.6116139020830773, 0.6614892690075205, 0.6655644528949778, 0.7835021442879296, 0.695485327505828, 0.5698193292890599], [0.17775817966142204, 1.0231029237348621, 0.0, 0.2952535493739198, 0.5731851709789689, 0.12513579494112168, 0.35909568515441703, 0.6864003239309011, 0.3566262543347365, 0.2202019687047858, 0.007057398507269275, 0.6020888406668186, 0.6467951522038512, 0.6779723825407101, 0.7781721887896671, 0.7208188411157247, 0.5570226217966984], [0.16395541470777975, 1.0095601686752222, 0.0, 0.2672945092775406, 0.5692927640957478, 0.12735199658414975, 0.3857719370043178, 0.6853457790541368, 0.36687209824060063, 0.22150665478758258, 0.007392832833969631, 0.601693376084584, 0.6566121297760369, 0.687289529785778, 0.7834287909106419, 0.7222814365756306, 0.5608217727441754], [-0.1324676313992681, 0.9050231966128197, 0.0, 0.20499237699339695, 0.5426363015227933, 0.12753681650243187, 0.3083659748727804, 0.6843179041794287, 0.3648509592405418, 0.20095855832602072, 0.00711334193318236, 0.6234631136545163, 0.6513460108006308, 0.6607780155812515, 0.7807769638932192, 0.6954448461016687, 0.5647399560079667], [0.25003131662237355, 1.0180596377383506, 0.0, 0.3029037763101794, 0.5730387363127875, 0.1255377329365061, 0.35970625611670004, 0.6859694178862412, 0.3563151088732752, 0.2188402274116461, 0.00716927026363523, 0.5967937630691136, 0.6446477599686009, 0.6749310963517846, 0.7782365049485103, 0.7140105022915325, 0.5817952096180605], [0.1577535837418118, 0.9618339963829156, 0.0, 0.2978085522728545, 0.5665680537461204, 0.12487046351641314, 0.5792392994323933, 0.6880873333707487, 0.3481387599483665, 0.20663130531966067, 0.00711334193318236, 0.5916440038392741, 0.6526047254329084, 0.6657563465853812, 0.7826290535713636, 0.710897692246793, 0.5517222640451322], [0.05357873838401028, 0.9124973739024708, 0.0, 0.272785635777328, 0.5450335823409579, 0.12807774134708486, 0.29150786818009633, 0.6834262117592617, 0.3625867323269638, 0.20409154132725438, 0.007336964783822175, 0.6147232591727887, 0.6523902601225884, 0.684577925317638, 0.7804522378379947, 0.7078640093232363, 0.5946114793067953], [0.6181885638850693, 0.8623689102201514, 0.0, 0.3143939737526304, 0.5330919046412045, 0.12969400605735795, 0.3852349216205262, 0.6829444178569529, 0.377052654617716, 0.1942720176201631, 0.007448685839370306, 0.5923433176260073, 0.6484308992795087, 0.6691770082706656, 0.7875340630784167, 0.6936366877099108, 0.6137378934142078]], "features_2": [[-0.010161337298527862, 0.7377212361274048, 0.0, 0.2337755671300552, 0.4896184274957912, 0.13194329167930852, 0.23874372894714782, 0.6787089402182007, 0.38519727609884113, 0.17333375820786956, 0.007281081678807366, 0.6123229557001098, 0.6675260510067734, 0.696176234232138, 0.7831103034098422, 0.7192355463022874, 0.6041000142350451], [0.6659701252257415, 0.8061003844976522, 0.0, 0.2531562899880197, 0.5050994407841269, 0.13481439538132142, 0.19768742418611182, 0.6750850829010266, 0.41372527124057146, 0.189969370161154, 0.00783923647221818, 0.5842532461726959, 0.6520460046575579, 0.6890645861265331, 0.784417214205284, 0.6989323760040342, 0.6118572442966365], [0.12082000428884987, 0.854777643533498, 0.0, 0.23364850551437258, 0.5212452559495441, 0.13235344005408312, 0.21870902055403504, 0.6773865175814395, 0.3921907358881127, 0.19842352967092136, 0.007504523810135222, 0.601810899145574, 0.6449108175145544, 0.6685142667168054, 0.7803289267261291, 0.7069004633459647, 0.599663923279604], [0.1192688176312422, 0.8371382969468623, 0.0, 0.2117002288338515, 0.5143879583691533, 0.1336326428202459, 0.24529757849674638, 0.6769057914660741, 0.39934974858005456, 0.1971478545797647, 0.007727725548673403, 0.6075366224291696, 0.6458914873106462, 0.6773425864208958, 0.7878164021071697, 0.7336755544391473, 0.6044229709077721], [1.2078950885451292, 0.8179198127608375, 0.0, 0.255625969094774, 0.5098834219638023, 0.13198500229895205, 0.2603180707578595, 0.6786805779337736, 0.40118151124116297, 0.18674194882313921, 0.008006390651371653, 0.5684901239291156, 0.6558706515693092, 0.6733373330210931, 0.7835131398861473, 0.7102753651260101, 0.5994451896295442], [0.7671887387648111, 0.858793101138824, 0.0, 0.2256492881465891, 0.5203628389641042, 0.13429907680904896, 0.2503211954693668, 0.6760265322100402, 0.4057378421797182, 0.19929795765356317, 0.007560346756364078, 0.5839601006122686, 0.6419195682807834, 0.6806740647962429, 0.7869157462083467, 0.7219369919483654, 0.6066917702293326], [0.12294996368089661, 0.9039884472484434, 0.0, 0.19986747260091753, 0.5254707493789507, 0.13469007343400857, 0.2495702387285199, 0.675918773475819, 0.4136140175297853, 0.21256003808510582, 0.007616154688146137, 0.6151256101979947, 0.6488025322858699, 0.6817093113080747, 0.7904970123087639, 0.7305439413715409, 0.5807621339080901], [0.7364245533234541, 0.9565440250756502, 0.0, 0.2394359767586471, 0.5519113768723636, 0.1242150601420205, 0.3400791939309258, 0.6852826880519818, 0.37099498247635854, 0.20463032704098016, 0.007894969482732161, 0.5862183120069075, 0.6212243571916577, 0.6476283587396716, 0.767154841907148, 0.7080245875699891, 0.5835596831244879], [0.32295693110869284, 1.0859866441881134, 0.0, 0.24156252256176672, 0.5801393881594402, 0.1233891552569231, 0.29302650784396744, 0.6857893859521244, 0.3597645650550336, 0.23112841836284037, 0.007225183508792421, 0.5993221010171348, 0.6427213867007181, 0.6693488510058582, 0.7634284134286499, 0.6863203586118599, 0.5502180742331744]]}