{"labels_1": ["1", "2", "3", "4", "5", "6", "7", "8", "9"], "labels_2": ["1", "2", "3", "4", "5", "6", "7", "8", "9"], "adj_matrix_1": [[0.0, 0.09758, 0.08617, 0.00551, 0.22834, 0.12136, 0.09817, 0.16609, 0.24459], [0.09758, 0.0, 0.17617, 0.0923, 0.14428, 0.20579, 0.18643, 0.0736, 0.23321], [0.08617, 0.17617, 0.0, 0.09146, 0.28566, 0.03746, 0.01259, 0.23511, 0.24495], [0.00551, 0.0923, 0.09146, 0.0, 0.22415, 0.12641, 0.10337, 0.16127, 0.24393], [0.22834, 0.14428, 0.28566, 0.22415, 0.0, 0.30369, 0.29217, 0.07345, 0.20605], [0.12136, 0.20579, 0.03746, 0.12641, 0.30369, 0.0, 0.02495, 0.25923, 0.24139], [0.09817, 0.18643, 0.01259, 0.10337, 0.29217, 0.02495, 0.0, 0.24361, 0.24418], [0.16609, 0.0736, 0.23511, 0.16127, 0.07345, 0.25923, 0.24361, 0.0, 0.22047], [0.24459, 0.23321, 0.24495, 0.24393, 0.20605, 0.24139, 0.24418, 0.22047, 0.0]], "adj_matrix_2": [[0.0, 0.15443, 0.12273, 0.03186, 0.19514, 0.0961, 0.04236, 0.18662, 0.28734], [0.15443, 0.0, 0.04318, 0.13114, 0.09169, 0.07314, 0.12275, 0.2355, 0.22163], [0.12273, 0.04318, 0.0, 0.0954, 0.12665, 0.03131, 0.08581, 0.23622, 0.24702], [0.03186, 0.13114, 0.0954, 0.0, 0.1837, 0.0666, 0.01066, 0.20542, 0.28355], [0.19514, 0.09169, 0.12665, 0.1837, 0.0, 0.14826, 0.17914, 0.20515, 0.15537], [0.0961, 0.07314, 0.03131, 0.0666, 0.14826, 0.0, 0.05641, 0.23126, 0.26222], [0.04236, 0.12275, 0.08581, 0.01066, 0.17914, 0.05641, 0.0, 0.21078, 0.28133], [0.18662, 0.2355, 0.23622, 0.20542, 0.20515, 0.23126, 0.21078, 0.0, 0.21354], [0.28734, 0.22163, 0.24702, 0.28355, 0.15537, 0.26222, 0.28133, 0.21354, 0.0]], "features_1": [[0.20991308372936368, 0.8758719963239073, 0.0, 0.2698409438561399, 0.5376492572778285, 0.12512314415296075, 0.3790665383295938, 0.6867669297227281, 0.36246498545416994, 0.1923312870157372, 0.00716927026363523, 0.6030605130170867, 0.6751766164496081, 0.7030837442988693, 0.7800901886899021, 0.7242429387770333, 0.5476271234601973], [0.1357077714544963, 0.907117672368635, 0.0, 0.2918578924926259, 0.5401395091861357, 0.12822613662462412, 0.3237096729595038, 0.6838839033497321, 0.37780569943544284, 0.20159465470835314, 0.007560346756364078, 0.6116139020830773, 0.6614892690075205, 0.6655644528949778, 0.7835021442879296, 0.695485327505828, 0.5698193292890599], [0.17775817966142204, 1.0231029237348621, 0.0, 0.2952535493739198, 0.5731851709789689, 0.12513579494112168, 0.35909568515441703, 0.6864003239309011, 0.3566262543347365, 0.2202019687047858, 0.007057398507269275, 0.6020888406668186, 0.6467951522038512, 0.6779723825407101, 0.7781721887896671, 0.7208188411157247, 0.5570226217966984], [0.16395541470777975, 1.0095601686752222, 0.0, 0.2672945092775406, 0.5692927640957478, 0.12735199658414975, 0.3857719370043178, 0.6853457790541368, 0.36687209824060063, 0.22150665478758258, 0.007392832833969631, 0.601693376084584, 0.6566121297760369, 0.687289529785778, 0.7834287909106419, 0.7222814365756306, 0.5608217727441754], [-0.1324676313992681, 0.9050231966128197, 0.0, 0.20499237699339695, 0.5426363015227933, 0.12753681650243187, 0.3083659748727804, 0.6843179041794287, 0.3648509592405418, 0.20095855832602072, 0.00711334193318236, 0.6234631136545163, 0.6513460108006308, 0.6607780155812515, 0.7807769638932192, 0.6954448461016687, 0.5647399560079667], [0.25003131662237355, 1.0180596377383506, 0.0, 0.3029037763101794, 0.5730387363127875, 0.1255377329365061, 0.35970625611670004, 0.6859694178862412, 0.3563151088732752, 0.2188402274116461, 0.00716927026363523, 0.5967937630691136, 0.6446477599686009, 0.6749310963517846, 0.7782365049485103, 0.7140105022915325, 0.5817952096180605], [0.1577535837418118, 0.9618339963829156, 0.0, 0.2978085522728545, 0.5665680537461204, 0.12487046351641314, 0.5792392994323933, 0.6880873333707487, 0.3481387599483665, 0.20663130531966067, 0.00711334193318236, 0.5916440038392741, 0.6526047254329084, 0.6657563465853812, 0.7826290535713636, 0.710897692246793, 0.5517222640451322], [0.05357873838401028, 0.9124973739024708, 0.0, 0.272785635777328, 0.5450335823409579, 0.12807774134708486, 0.29150786818009633, 0.6834262117592617, 0.3625867323269638, 0.20409154132725438, 0.007336964783822175, 0.6147232591727887, 0.6523902601225884, 0.684577925317638, 0.7804522378379947, 0.7078640093232363, 0.5946114793067953], [0.6181885638850693, 0.8623689102201514, 0.0, 0.3143939737526304, 0.5330919046412045, 0.12969400605735795, 0.3852349216205262, 0.6829444178569529, 0.377052654617716, 0.1942720176201631, 0.007448685839370306, 0.5923433176260073, 0.6484308992795087, 0.6691770082706656, 0.7875340630784167, 0.6936366877099108, 0.6137378934142078]], "features_2": [[0.9653455807564102, 0.8544087058440311, 0.0, 0.1927631744442738, 0.5077074147730029, 0.14712701717614918, 0.1913170876135581, 0.6616630994317572, 0.4678436478417043, 0.206866666483023, 0.007950687539111767, 0.5941310229092567, 0.6454653639645634, 0.6720762266010409, 0.8076162870944917, 0.7307494115109273, 0.6119438949356096], [1.141774619083149, 1.018447270426007, 0.0, 0.1908851836740357, 0.5367879692466323, 0.1505833514587817, 0.100740433299908, 0.6504847973766879, 0.49039814055582376, 0.2416873882703332, 0.007950687539111767, 0.5916937686317962, 0.6278613608796977, 0.6623964737353831, 0.7998662699261821, 0.7056647193893488, 0.5980428605706564], [1.372598856885956, 1.0175156691658491, 0.0, 0.18475567126572812, 0.5443474705220607, 0.14861269439932015, 0.14640998621803547, 0.6575596038380815, 0.4779322666468917, 0.23981345501292672, 0.00783923647221818, 0.5876168643990582, 0.6356544968837348, 0.6666874629378591, 0.8057164555892945, 0.7378079484686972, 0.6105736059696198], [0.9602690036128458, 0.9615636653514689, 0.0, 0.18511019843048007, 0.5276626569999447, 0.1520089022032246, 0.14232509021925493, 0.6532974243416381, 0.5079242943427285, 0.237698998992939, 0.008618141428105908, 0.596231075823145, 0.6446673078445905, 0.6842073519112024, 0.8125937198142024, 0.7251357144805107, 0.6163348235270835], [1.613538307141666, 1.072463747574006, 0.0, 0.22240035513487105, 0.5464147578294973, 0.15217357432795187, 0.10288048095176236, 0.6497052035197262, 0.48150278428732673, 0.24950339818964062, 0.007727725548673403, 0.5784835303573221, 0.6145052366867373, 0.6627126952596901, 0.8027811574578625, 0.7258445848422573, 0.5901034855248353], [1.2894690309249235, 1.0198588865850398, 0.0, 0.18541682369432444, 0.5412361831957182, 0.15074685226439818, 0.11744645935281142, 0.6530755184321284, 0.48673299174109985, 0.2434864220728008, 0.008062078829516484, 0.5869801195497955, 0.6390527526057108, 0.6672824115219065, 0.8054161961920512, 0.7428943806144567, 0.6101935320552776], [0.8446654556975086, 0.972649662873857, 0.0, 0.19194181929127457, 0.523761959917208, 0.15456087818927058, 0.11735223041899374, 0.6476336400875566, 0.5237548057946289, 0.24649890026058907, 0.008673665988278678, 0.6059248981412226, 0.6758765631955512, 0.7130962274147244, 0.8127614502093349, 0.7266034288977667, 0.6240719444777972], [0.15084192388131257, 1.1230843537541055, 0.0, 0.1798305899434666, 0.5691695002900564, 0.1442511672649005, 0.24949285778563352, 0.6680250860656807, 0.4249567891139714, 0.2571376460389554, 0.007336964783822175, 0.6078324073888672, 0.6450507830107515, 0.67832278847565, 0.8060868720353117, 0.7222356863596997, 0.6153280205983115], [0.010525876234842801, 1.0130142362111203, 0.0, 0.17359856164805315, 0.5453889613377243, 0.14678628230696367, 0.23439280049649866, 0.6652712125452418, 0.45421105251938143, 0.2453906951566316, 0.00822905385914674, 0.625978460192776, 0.661744513366422, 0.7083351797378962, 0.8128159995966128, 0.7245751683252383, 0.6370381335700492]]}