{"labels_1": ["1", "2", "3", "4", "5", "6", "7", "8", "9"], "labels_2": ["1", "2", "3", "4", "5", "6", "7", "8", "9"], "adj_matrix_1": [[0.0, 0.26072, 0.14513, 0.09931, 0.00922, 0.17961, 0.08947, 0.27429, 0.13132], [0.26072, 0.0, 0.13528, 0.31861, 0.25418, 0.09845, 0.18894, 0.2788, 0.14924], [0.14513, 0.13528, 0.0, 0.22815, 0.13674, 0.03844, 0.05884, 0.28771, 0.01496], [0.09931, 0.31861, 0.22815, 0.0, 0.10802, 0.25626, 0.18078, 0.24333, 0.21662], [0.00922, 0.25418, 0.13674, 0.10802, 0.0, 0.17166, 0.08055, 0.27611, 0.12278], [0.17961, 0.09845, 0.03844, 0.25626, 0.17166, 0.0, 0.09649, 0.2867, 0.05329], [0.08947, 0.18894, 0.05884, 0.18078, 0.08055, 0.09649, 0.0, 0.28617, 0.04402], [0.27429, 0.2788, 0.28771, 0.24333, 0.27611, 0.2867, 0.28617, 0.0, 0.28766], [0.13132, 0.14924, 0.01496, 0.21662, 0.12278, 0.05329, 0.04402, 0.28766, 0.0]], "adj_matrix_2": [[0.0, 0.24968, 0.0751, 0.13005, 0.05967, 0.19546, 0.29195, 0.28597, 0.33981], [0.24968, 0.0, 0.30797, 0.13327, 0.19901, 0.06471, 0.29394, 0.04944, 0.14174], [0.0751, 0.30797, 0.0, 0.2004, 0.1334, 0.26047, 0.28277, 0.33823, 0.37806], [0.13005, 0.13327, 0.2004, 0.0, 0.07184, 0.07067, 0.30073, 0.17828, 0.25442], [0.05967, 0.19901, 0.1334, 0.07184, 0.0, 0.14037, 0.29734, 0.23963, 0.30409], [0.19546, 0.06471, 0.26047, 0.07067, 0.14037, 0.0, 0.29976, 0.11277, 0.19855], [0.29195, 0.29394, 0.28277, 0.30073, 0.29734, 0.29976, 0.0, 0.28511, 0.25544], [0.28597, 0.04944, 0.33823, 0.17828, 0.23963, 0.11277, 0.28511, 0.0, 0.09533], [0.33981, 0.14174, 0.37806, 0.25442, 0.30409, 0.19855, 0.25544, 0.09533, 0.0]], "features_1": [[-0.1296606971973704, 0.760995206531857, 0.0, 0.2608349231972302, 0.48203498184029586, 0.14394164557220904, 0.1960325898924232, 0.6656395664050173, 0.4668467676328927, 0.19424039880798283, 0.00822905385914674, 0.6273068421114687, 0.6767881447760368, 0.7025113933762107, 0.8072476861933634, 0.7196359401775665, 0.6395537073789473], [-0.1731797948546605, 0.819434990095822, 0.0, 0.24768542161631554, 0.4979409895562703, 0.14546211155340957, 0.2704936640692296, 0.6670200264693646, 0.466329113572435, 0.20713518690865063, 0.00822905385914674, 0.6408176110898602, 0.685270529945317, 0.7165146242158125, 0.8147210453816444, 0.742088527674204, 0.6403826122449988], [-0.15381616220114447, 0.8810698431497804, 0.0, 0.24294245402796624, 0.5169280133644946, 0.14419343576240795, 0.22704067098588254, 0.6667049795558735, 0.46402039458081323, 0.2197928011045629, 0.007894969482732161, 0.6379245916448717, 0.6787006526084787, 0.6882177188901757, 0.8106714011640782, 0.7413027887976434, 0.64388788864986], [0.007888479591872777, 0.8601299729721986, 0.0, 0.26302241786644254, 0.5096517386250068, 0.14517817426253046, 0.1882185132804331, 0.6637742073668744, 0.476616908508108, 0.21775867713920638, 0.008562602043175715, 0.6174800947150925, 0.6759252044129324, 0.7222498646002616, 0.8098340706693842, 0.7244336083383626, 0.6474050794166177], [0.04146883459741346, 0.8232445218862494, 0.0, 0.23997562330446104, 0.5025169678191997, 0.14200837871436892, 0.30546056168337826, 0.6714224331258349, 0.4443807588047135, 0.202889230639844, 0.008117752083540042, 0.6213704585246711, 0.6767077353025596, 0.7087762309891386, 0.8132677214707933, 0.7317885179534693, 0.6447834441753529], [-0.0913358330439542, 0.8915468008919923, 0.0, 0.2645891722569218, 0.5252889275764039, 0.14109229169851706, 0.27410363713488833, 0.6713148580196451, 0.43362038409466286, 0.2166420637022477, 0.007894969482732161, 0.6285273333602825, 0.6912182083712823, 0.7093765860668984, 0.8081311755848739, 0.7328573092154542, 0.6461526157912535], [0.08530087592334112, 0.8051693490921384, 0.0, 0.23358036622158249, 0.4890055071191387, 0.1487141514876337, 0.17950461676630242, 0.6588540962156564, 0.4938501103599324, 0.20956690350942342, 0.008895616178821175, 0.6298039431745264, 0.6657772283765343, 0.7137381620038724, 0.8146117447478928, 0.7421536040445181, 0.6483236636997549], [0.766395306724029, 0.9790452799464432, 0.0, 0.2261773882269233, 0.5511376454249194, 0.13353348273900828, 0.31465063087094336, 0.6793462420051715, 0.3909220282975536, 0.2205928852454444, 0.007448685839370306, 0.5845583428495256, 0.6575556336178514, 0.6852120842937991, 0.7961839696578003, 0.7421175494489389, 0.609129476548462], [-0.10112166501517139, 0.905086862608417, 0.0, 0.20428483667126315, 0.5325404507530171, 0.13345243392267012, 0.28952229366667837, 0.6789079951581468, 0.3873278569620733, 0.21025086238783652, 0.007783488497544067, 0.6213289040381522, 0.6630529563427637, 0.6986594610118312, 0.7947632916883026, 0.7236942918205942, 0.608388909407361]], "features_2": [[-0.5082215722745911, 0.7962060146594012, 0.0, 0.19953318697717318, 0.5083262249575613, 0.13246806966978045, 0.2637862179438407, 0.6795655796900824, 0.4092256517684385, 0.19117508012578233, 0.007504523810135222, 0.6435032647196905, 0.6573318434322567, 0.688566187273355, 0.7906424125412866, 0.704460415318366, 0.625741323509204], [-0.17037402586234007, 0.8253067644886528, 0.0, 0.17160451415956707, 0.5037197219725974, 0.13749330499639684, 0.16726749321029216, 0.671553161840799, 0.4404755641589395, 0.2023407891089477, 0.00783923647221818, 0.6244097368954953, 0.6428452521557033, 0.6760283602281647, 0.7912563990426115, 0.7019824862934618, 0.6132218637239227], [-0.5872580350055028, 0.9323415326064064, 0.0, 0.17986154487287292, 0.5406301537920983, 0.13382267310244753, 0.23185409089160416, 0.6773399381922214, 0.41231878011343737, 0.2219596093398819, 0.007616154688146137, 0.6449603319885182, 0.655890219567183, 0.692168670075788, 0.7888756188801455, 0.693776593267506, 0.6198499551363362], [-0.4255174585541961, 0.9155094072229387, 0.0, 0.18963978934237796, 0.5367121143052426, 0.13503777628361766, 0.2806023812571567, 0.6770345366939037, 0.4167733468835868, 0.21890574286814912, 0.007616154688146137, 0.6390602281865898, 0.6738965079608836, 0.71014013202987, 0.7971013225042825, 0.7096692912829694, 0.6291497594132787], [-0.28592464604634493, 0.8094093701656313, 0.0, 0.17686619278821547, 0.489352995777097, 0.14048713208602548, 0.10404691178439976, 0.6630125791119574, 0.452117628321107, 0.203094758025395, 0.008284682400665488, 0.6378912802893004, 0.6389600428118144, 0.6782459958824469, 0.7843908573610792, 0.6894060868534057, 0.6074217979030544], [-0.4996663313075711, 0.9502154230659852, 0.0, 0.19040092123164157, 0.5356149615947228, 0.1369647300411887, 0.18160946890391685, 0.6712496057503297, 0.42674559169473625, 0.2304397038478989, 0.007950687539111767, 0.6330180115404929, 0.6383059861363325, 0.6794933280868221, 0.7860962466557188, 0.6946987272519316, 0.6147041769601447], [0.35261784775946525, 0.93206019368151, 0.0, 0.15913173040866016, 0.529891297312734, 0.13818597678937705, 0.25827817994152796, 0.6729320001003982, 0.4231353371743316, 0.21847969282115498, 0.008173410423425675, 0.6033712994198148, 0.660481117529554, 0.6764311228666815, 0.7987129019031438, 0.7153431786720383, 0.6177739486851886], [-0.013585348122000518, 0.9340847646845598, 0.0, 0.20758282378219917, 0.5293204464554392, 0.13356585284367717, 0.17334071303464782, 0.6734133942067155, 0.3931040064784528, 0.21692873885635677, 0.007950687539111767, 0.6135652508329399, 0.641093872293798, 0.6787310462228697, 0.7714148470447076, 0.6861296103123964, 0.5927660126171289], [0.01768874927981834, 0.9499949488010995, 0.0, 0.20367317677946334, 0.5323549316822731, 0.13336956085034693, 0.1793817325598262, 0.6745973418370865, 0.39448323929066986, 0.21944714655541864, 0.007727725548673403, 0.6093588937149885, 0.6355159556591204, 0.6659597366099473, 0.7713583515078704, 0.6956616348085004, 0.582900261437755]]}