{"labels_1": ["1", "2", "3", "4", "5", "6", "7", "8", "9"], "labels_2": ["1", "2", "3", "4", "5", "6", "7", "8", "9"], "adj_matrix_1": [[0.0, 0.26072, 0.14513, 0.09931, 0.00922, 0.17961, 0.08947, 0.27429, 0.13132], [0.26072, 0.0, 0.13528, 0.31861, 0.25418, 0.09845, 0.18894, 0.2788, 0.14924], [0.14513, 0.13528, 0.0, 0.22815, 0.13674, 0.03844, 0.05884, 0.28771, 0.01496], [0.09931, 0.31861, 0.22815, 0.0, 0.10802, 0.25626, 0.18078, 0.24333, 0.21662], [0.00922, 0.25418, 0.13674, 0.10802, 0.0, 0.17166, 0.08055, 0.27611, 0.12278], [0.17961, 0.09845, 0.03844, 0.25626, 0.17166, 0.0, 0.09649, 0.2867, 0.05329], [0.08947, 0.18894, 0.05884, 0.18078, 0.08055, 0.09649, 0.0, 0.28617, 0.04402], [0.27429, 0.2788, 0.28771, 0.24333, 0.27611, 0.2867, 0.28617, 0.0, 0.28766], [0.13132, 0.14924, 0.01496, 0.21662, 0.12278, 0.05329, 0.04402, 0.28766, 0.0]], "adj_matrix_2": [[0.0, 0.1935, 0.06927, 0.03595, 0.10266, 0.07483, 0.12222, 0.33614, 0.21775], [0.1935, 0.0, 0.1296, 0.16095, 0.27999, 0.12425, 0.07714, 0.20544, 0.25116], [0.06927, 0.1296, 0.0, 0.03355, 0.16894, 0.00564, 0.05427, 0.29791, 0.23052], [0.03595, 0.16095, 0.03355, 0.0, 0.13739, 0.03917, 0.08736, 0.31724, 0.22441], [0.10266, 0.27999, 0.16894, 0.13739, 0.0, 0.17414, 0.21769, 0.38065, 0.19804], [0.07483, 0.12425, 0.00564, 0.03917, 0.17414, 0.0, 0.04867, 0.29448, 0.23147], [0.12222, 0.07714, 0.05427, 0.08736, 0.21769, 0.04867, 0.0, 0.26302, 0.23986], [0.33614, 0.20544, 0.29791, 0.31724, 0.38065, 0.29448, 0.26302, 0.0, 0.25078], [0.21775, 0.25116, 0.23052, 0.22441, 0.19804, 0.23147, 0.23986, 0.25078, 0.0]], "features_1": [[-0.1296606971973704, 0.760995206531857, 0.0, 0.2608349231972302, 0.48203498184029586, 0.14394164557220904, 0.1960325898924232, 0.6656395664050173, 0.4668467676328927, 0.19424039880798283, 0.00822905385914674, 0.6273068421114687, 0.6767881447760368, 0.7025113933762107, 0.8072476861933634, 0.7196359401775665, 0.6395537073789473], [-0.1731797948546605, 0.819434990095822, 0.0, 0.24768542161631554, 0.4979409895562703, 0.14546211155340957, 0.2704936640692296, 0.6670200264693646, 0.466329113572435, 0.20713518690865063, 0.00822905385914674, 0.6408176110898602, 0.685270529945317, 0.7165146242158125, 0.8147210453816444, 0.742088527674204, 0.6403826122449988], [-0.15381616220114447, 0.8810698431497804, 0.0, 0.24294245402796624, 0.5169280133644946, 0.14419343576240795, 0.22704067098588254, 0.6667049795558735, 0.46402039458081323, 0.2197928011045629, 0.007894969482732161, 0.6379245916448717, 0.6787006526084787, 0.6882177188901757, 0.8106714011640782, 0.7413027887976434, 0.64388788864986], [0.007888479591872777, 0.8601299729721986, 0.0, 0.26302241786644254, 0.5096517386250068, 0.14517817426253046, 0.1882185132804331, 0.6637742073668744, 0.476616908508108, 0.21775867713920638, 0.008562602043175715, 0.6174800947150925, 0.6759252044129324, 0.7222498646002616, 0.8098340706693842, 0.7244336083383626, 0.6474050794166177], [0.04146883459741346, 0.8232445218862494, 0.0, 0.23997562330446104, 0.5025169678191997, 0.14200837871436892, 0.30546056168337826, 0.6714224331258349, 0.4443807588047135, 0.202889230639844, 0.008117752083540042, 0.6213704585246711, 0.6767077353025596, 0.7087762309891386, 0.8132677214707933, 0.7317885179534693, 0.6447834441753529], [-0.0913358330439542, 0.8915468008919923, 0.0, 0.2645891722569218, 0.5252889275764039, 0.14109229169851706, 0.27410363713488833, 0.6713148580196451, 0.43362038409466286, 0.2166420637022477, 0.007894969482732161, 0.6285273333602825, 0.6912182083712823, 0.7093765860668984, 0.8081311755848739, 0.7328573092154542, 0.6461526157912535], [0.08530087592334112, 0.8051693490921384, 0.0, 0.23358036622158249, 0.4890055071191387, 0.1487141514876337, 0.17950461676630242, 0.6588540962156564, 0.4938501103599324, 0.20956690350942342, 0.008895616178821175, 0.6298039431745264, 0.6657772283765343, 0.7137381620038724, 0.8146117447478928, 0.7421536040445181, 0.6483236636997549], [0.766395306724029, 0.9790452799464432, 0.0, 0.2261773882269233, 0.5511376454249194, 0.13353348273900828, 0.31465063087094336, 0.6793462420051715, 0.3909220282975536, 0.2205928852454444, 0.007448685839370306, 0.5845583428495256, 0.6575556336178514, 0.6852120842937991, 0.7961839696578003, 0.7421175494489389, 0.609129476548462], [-0.10112166501517139, 0.905086862608417, 0.0, 0.20428483667126315, 0.5325404507530171, 0.13345243392267012, 0.28952229366667837, 0.6789079951581468, 0.3873278569620733, 0.21025086238783652, 0.007783488497544067, 0.6213289040381522, 0.6630529563427637, 0.6986594610118312, 0.7947632916883026, 0.7236942918205942, 0.608388909407361]], "features_2": [[-0.22149113057268321, 0.7695035907297162, 0.0, 0.24902152917546105, 0.5019176540742775, 0.1356777113526465, 0.3581270384026617, 0.6797243714592069, 0.4261551582216412, 0.1860434353672067, 0.008173410423425675, 0.6379833873688308, 0.6930300690412036, 0.7168723112151364, 0.8070575774587568, 0.7219671487559071, 0.6070159193980141], [-0.12367389283257602, 0.799700768982082, 0.0, 0.29565612995594, 0.5051929134368545, 0.14023827541723613, 0.3161987842882077, 0.6748303620993192, 0.45200347644507444, 0.19752190444778206, 0.00822905385914674, 0.6351232638208968, 0.6984023935162867, 0.7313609595136775, 0.8136288712869854, 0.729634676659457, 0.624146041320936], [-0.20289242877553715, 0.9161557832487705, 0.0, 0.2622966337636941, 0.5395277518473359, 0.13716660691534485, 0.3260252192835438, 0.6775942822096203, 0.43460178675488703, 0.21870621698103743, 0.007560346756364078, 0.631104018546381, 0.6748819286152983, 0.6937164135339041, 0.8069389909470976, 0.727463543287245, 0.6112962424236618], [-0.22028759772873263, 0.8847938617461554, 0.0, 0.2267548764915706, 0.5292141799235454, 0.1378021741523027, 0.3270634414981153, 0.6770183213302668, 0.43926370824805727, 0.21453614221488415, 0.008340296057933516, 0.6361000262652396, 0.6864940610898319, 0.7108052574259014, 0.8086311775109258, 0.7310631691436885, 0.6168525159571651], [-0.2454096714760472, 0.8174589384172937, 0.0, 0.2609575698978199, 0.5083744308584727, 0.13729482889413638, 0.320106442440764, 0.6763427570752674, 0.4267992013305646, 0.19988362627064138, 0.00822905385914674, 0.6433481275214743, 0.6945736210273372, 0.7297384572326453, 0.8062013132394142, 0.7263814401711077, 0.6146710552565205], [-0.12025639113731978, 0.9514618982387568, 0.0, 0.24896489156799378, 0.5451716791789973, 0.13738154924473142, 0.30432699882395653, 0.6765486654934487, 0.43614988723712744, 0.2265624492032423, 0.008340296057933516, 0.6304253731228031, 0.6790374445654188, 0.6932164878337714, 0.8045513945667958, 0.7275248906050918, 0.6152088423359818], [-0.155385666570941, 0.9364226702046208, 0.0, 0.25605998414467124, 0.5374501979300554, 0.13748882672403973, 0.2773254952025141, 0.675220616424949, 0.4258771472845331, 0.2245068654500384, 0.007894969482732161, 0.6264460164981713, 0.6690176594544412, 0.6871523305649764, 0.8024536463785356, 0.7334463727926825, 0.615373628794813], [0.27915409180221973, 0.9656901388603977, 0.0, 0.2734106438534181, 0.5548208622609899, 0.12708019288586747, 0.35094789392819836, 0.6845269503340682, 0.36298666285759684, 0.2131833635889846, 0.007560346756364078, 0.6027039397591163, 0.6496693834031855, 0.680471765990832, 0.7822266126616803, 0.7088203922679578, 0.5830233023759299], [0.986480470479957, 1.027192223228577, 0.0, 0.3152331385752128, 0.5703695284860424, 0.12646242100128413, 0.32322901306302254, 0.6846945451067038, 0.36601070497080324, 0.22199072305105672, 0.007560346756364078, 0.5838863710025202, 0.6403023790512506, 0.6619429458603122, 0.7789575673046517, 0.7046838116059472, 0.5718162173149871]]}