{"labels_1": ["1", "2", "3", "4", "5", "6", "7", "8", "9"], "labels_2": ["1", "2", "3", "4", "5", "6", "7", "8", "9"], "adj_matrix_1": [[0.0, 0.26072, 0.14513, 0.09931, 0.00922, 0.17961, 0.08947, 0.27429, 0.13132], [0.26072, 0.0, 0.13528, 0.31861, 0.25418, 0.09845, 0.18894, 0.2788, 0.14924], [0.14513, 0.13528, 0.0, 0.22815, 0.13674, 0.03844, 0.05884, 0.28771, 0.01496], [0.09931, 0.31861, 0.22815, 0.0, 0.10802, 0.25626, 0.18078, 0.24333, 0.21662], [0.00922, 0.25418, 0.13674, 0.10802, 0.0, 0.17166, 0.08055, 0.27611, 0.12278], [0.17961, 0.09845, 0.03844, 0.25626, 0.17166, 0.0, 0.09649, 0.2867, 0.05329], [0.08947, 0.18894, 0.05884, 0.18078, 0.08055, 0.09649, 0.0, 0.28617, 0.04402], [0.27429, 0.2788, 0.28771, 0.24333, 0.27611, 0.2867, 0.28617, 0.0, 0.28766], [0.13132, 0.14924, 0.01496, 0.21662, 0.12278, 0.05329, 0.04402, 0.28766, 0.0]], "adj_matrix_2": [[0.0, 0.22939, 0.00549, 0.14814, 0.21006, 0.147, 0.14941, 0.28124, 0.33993], [0.22939, 0.0, 0.22587, 0.28606, 0.027, 0.1035, 0.10087, 0.08328, 0.20828], [0.00549, 0.22587, 0.0, 0.15253, 0.20618, 0.14231, 0.14474, 0.27888, 0.33951], [0.14814, 0.28606, 0.15253, 0.0, 0.27827, 0.24752, 0.24884, 0.30241, 0.30912], [0.21006, 0.027, 0.20618, 0.27827, 0.0, 0.07752, 0.07483, 0.10925, 0.23003], [0.147, 0.1035, 0.14231, 0.24752, 0.07752, 0.0, 0.00277, 0.17982, 0.28451], [0.14941, 0.10087, 0.14474, 0.24884, 0.07483, 0.00277, 0.0, 0.17747, 0.28282], [0.28124, 0.08328, 0.27888, 0.30241, 0.10925, 0.17982, 0.17747, 0.0, 0.13346], [0.33993, 0.20828, 0.33951, 0.30912, 0.23003, 0.28451, 0.28282, 0.13346, 0.0]], "features_1": [[-0.1296606971973704, 0.760995206531857, 0.0, 0.2608349231972302, 0.48203498184029586, 0.14394164557220904, 0.1960325898924232, 0.6656395664050173, 0.4668467676328927, 0.19424039880798283, 0.00822905385914674, 0.6273068421114687, 0.6767881447760368, 0.7025113933762107, 0.8072476861933634, 0.7196359401775665, 0.6395537073789473], [-0.1731797948546605, 0.819434990095822, 0.0, 0.24768542161631554, 0.4979409895562703, 0.14546211155340957, 0.2704936640692296, 0.6670200264693646, 0.466329113572435, 0.20713518690865063, 0.00822905385914674, 0.6408176110898602, 0.685270529945317, 0.7165146242158125, 0.8147210453816444, 0.742088527674204, 0.6403826122449988], [-0.15381616220114447, 0.8810698431497804, 0.0, 0.24294245402796624, 0.5169280133644946, 0.14419343576240795, 0.22704067098588254, 0.6667049795558735, 0.46402039458081323, 0.2197928011045629, 0.007894969482732161, 0.6379245916448717, 0.6787006526084787, 0.6882177188901757, 0.8106714011640782, 0.7413027887976434, 0.64388788864986], [0.007888479591872777, 0.8601299729721986, 0.0, 0.26302241786644254, 0.5096517386250068, 0.14517817426253046, 0.1882185132804331, 0.6637742073668744, 0.476616908508108, 0.21775867713920638, 0.008562602043175715, 0.6174800947150925, 0.6759252044129324, 0.7222498646002616, 0.8098340706693842, 0.7244336083383626, 0.6474050794166177], [0.04146883459741346, 0.8232445218862494, 0.0, 0.23997562330446104, 0.5025169678191997, 0.14200837871436892, 0.30546056168337826, 0.6714224331258349, 0.4443807588047135, 0.202889230639844, 0.008117752083540042, 0.6213704585246711, 0.6767077353025596, 0.7087762309891386, 0.8132677214707933, 0.7317885179534693, 0.6447834441753529], [-0.0913358330439542, 0.8915468008919923, 0.0, 0.2645891722569218, 0.5252889275764039, 0.14109229169851706, 0.27410363713488833, 0.6713148580196451, 0.43362038409466286, 0.2166420637022477, 0.007894969482732161, 0.6285273333602825, 0.6912182083712823, 0.7093765860668984, 0.8081311755848739, 0.7328573092154542, 0.6461526157912535], [0.08530087592334112, 0.8051693490921384, 0.0, 0.23358036622158249, 0.4890055071191387, 0.1487141514876337, 0.17950461676630242, 0.6588540962156564, 0.4938501103599324, 0.20956690350942342, 0.008895616178821175, 0.6298039431745264, 0.6657772283765343, 0.7137381620038724, 0.8146117447478928, 0.7421536040445181, 0.6483236636997549], [0.766395306724029, 0.9790452799464432, 0.0, 0.2261773882269233, 0.5511376454249194, 0.13353348273900828, 0.31465063087094336, 0.6793462420051715, 0.3909220282975536, 0.2205928852454444, 0.007448685839370306, 0.5845583428495256, 0.6575556336178514, 0.6852120842937991, 0.7961839696578003, 0.7421175494489389, 0.609129476548462], [-0.10112166501517139, 0.905086862608417, 0.0, 0.20428483667126315, 0.5325404507530171, 0.13345243392267012, 0.28952229366667837, 0.6789079951581468, 0.3873278569620733, 0.21025086238783652, 0.007783488497544067, 0.6213289040381522, 0.6630529563427637, 0.6986594610118312, 0.7947632916883026, 0.7236942918205942, 0.608388909407361]], "features_2": [[0.29153489413399747, 0.8811271299731998, 0.0, 0.2675930487471906, 0.5277954626006968, 0.13163855927405377, 0.2995513368015835, 0.6798143304414437, 0.3865533656266733, 0.200651851269952, 0.007336964783822175, 0.5967900728478439, 0.6503388692376493, 0.6590576244228771, 0.7827046166921947, 0.7154527156905875, 0.5648726528742932], [-0.11106688065023285, 0.8512995555821262, 0.0, 0.21542612485503912, 0.5117623739766104, 0.1396051891727359, 0.23635958207183236, 0.6714342755593734, 0.4255826118671686, 0.20533129113454218, 0.007336964783822175, 0.6161640633475676, 0.6685680131019767, 0.6906437022009598, 0.7978826593904754, 0.7224560777164887, 0.5964196472480988], [0.16292610077967895, 0.9983356774335792, 0.0, 0.2693882586568439, 0.5529672259628026, 0.13427694520925587, 0.2491043339179498, 0.6763368000275141, 0.3990779561475182, 0.22726023897238545, 0.007560346756364078, 0.6035079299399082, 0.6523080261307684, 0.6679189644845704, 0.7850347117203982, 0.7049297249836532, 0.5786746415683267], [0.4544481265719531, 0.9524626303549565, 0.0, 0.2878129333535041, 0.5387042526626817, 0.1359784300183491, 0.22972057654516292, 0.6739036985947602, 0.4106597019522198, 0.22011296103777012, 0.007448685839370306, 0.5904036616129993, 0.6384203360112324, 0.6595113566477355, 0.7883902710337001, 0.710194913377346, 0.5859144427001871], [-0.12665873348925016, 0.8057852587159902, 0.0, 0.2095666637652531, 0.49085451518559997, 0.14517320576205903, 0.15812860559521624, 0.6613508028641406, 0.46448755255973206, 0.20238792176722264, 0.008117752083540042, 0.6277775937219412, 0.6502134587401387, 0.6801484536545231, 0.799457723613337, 0.7189222491191416, 0.6126962408327739], [0.05857062026931947, 0.9361788173456765, 0.0, 0.22678393186724372, 0.5251570296647109, 0.14211523883780575, 0.14620304137915027, 0.663648015721372, 0.4449588462442371, 0.2245153414177372, 0.008006390651371653, 0.6177963623769807, 0.6498623492288378, 0.6694985456188747, 0.7899855369830061, 0.6922355821849859, 0.6022348717717586], [-0.05181856329459489, 0.9113601095250327, 0.0, 0.2695348058818291, 0.5245242163022388, 0.137925786005043, 0.19563789822323016, 0.6711622163157192, 0.4087520247203311, 0.21783158122822277, 0.007448685839370306, 0.6135424706039287, 0.634413265158889, 0.6727515347891937, 0.7914447264819144, 0.695209988827323, 0.595905618805086], [-0.23509136181454204, 0.8919985345625091, 0.0, 0.26229473768723943, 0.5211796838266658, 0.13435275570664676, 0.2946306617883181, 0.6752994492696058, 0.40267359919259205, 0.20812044801023855, 0.007671947615560004, 0.6242867732798729, 0.6470212818393427, 0.6803948388309375, 0.7830935742043392, 0.6949162532695055, 0.593339117230619], [-0.1873164349872556, 0.9523768339981733, 0.0, 0.25992890871064517, 0.5422298041192086, 0.1290196471255376, 0.28067146308340585, 0.6808982366684799, 0.37548904105904146, 0.21526532137994292, 0.007448685839370306, 0.6243164528114824, 0.6420760586767217, 0.6701546067775691, 0.7745516516381789, 0.6687290882981671, 0.5628157215118982]]}