{"labels_1": ["1", "2", "3", "4", "5", "6", "7", "8", "9"], "labels_2": ["1", "2", "3", "4", "5", "6", "7", "8", "9"], "adj_matrix_1": [[0.0, 0.26072, 0.14513, 0.09931, 0.00922, 0.17961, 0.08947, 0.27429, 0.13132], [0.26072, 0.0, 0.13528, 0.31861, 0.25418, 0.09845, 0.18894, 0.2788, 0.14924], [0.14513, 0.13528, 0.0, 0.22815, 0.13674, 0.03844, 0.05884, 0.28771, 0.01496], [0.09931, 0.31861, 0.22815, 0.0, 0.10802, 0.25626, 0.18078, 0.24333, 0.21662], [0.00922, 0.25418, 0.13674, 0.10802, 0.0, 0.17166, 0.08055, 0.27611, 0.12278], [0.17961, 0.09845, 0.03844, 0.25626, 0.17166, 0.0, 0.09649, 0.2867, 0.05329], [0.08947, 0.18894, 0.05884, 0.18078, 0.08055, 0.09649, 0.0, 0.28617, 0.04402], [0.27429, 0.2788, 0.28771, 0.24333, 0.27611, 0.2867, 0.28617, 0.0, 0.28766], [0.13132, 0.14924, 0.01496, 0.21662, 0.12278, 0.05329, 0.04402, 0.28766, 0.0]], "adj_matrix_2": [[0.0, 0.28163, 0.09037, 0.17059, 0.21054, 0.21957, 0.24139, 0.00186, 0.1798], [0.28163, 0.0, 0.26165, 0.22611, 0.19693, 0.18839, 0.1637, 0.28123, 0.21993], [0.09037, 0.26165, 0.0, 0.08755, 0.13522, 0.14661, 0.17545, 0.09213, 0.09829], [0.17059, 0.22611, 0.08755, 0.0, 0.05149, 0.0643, 0.09792, 0.17206, 0.01133], [0.21054, 0.19693, 0.13522, 0.05149, 0.0, 0.01309, 0.04812, 0.21172, 0.04028], [0.21957, 0.18839, 0.14661, 0.0643, 0.01309, 0.0, 0.03518, 0.2208, 0.0532], [0.24139, 0.1637, 0.17545, 0.09792, 0.04812, 0.03518, 0.0, 0.24241, 0.08721], [0.00186, 0.28123, 0.09213, 0.17206, 0.21172, 0.2208, 0.24241, 0.0, 0.18139], [0.1798, 0.21993, 0.09829, 0.01133, 0.04028, 0.0532, 0.08721, 0.18139, 0.0]], "features_1": [[-0.1296606971973704, 0.760995206531857, 0.0, 0.2608349231972302, 0.48203498184029586, 0.14394164557220904, 0.1960325898924232, 0.6656395664050173, 0.4668467676328927, 0.19424039880798283, 0.00822905385914674, 0.6273068421114687, 0.6767881447760368, 0.7025113933762107, 0.8072476861933634, 0.7196359401775665, 0.6395537073789473], [-0.1731797948546605, 0.819434990095822, 0.0, 0.24768542161631554, 0.4979409895562703, 0.14546211155340957, 0.2704936640692296, 0.6670200264693646, 0.466329113572435, 0.20713518690865063, 0.00822905385914674, 0.6408176110898602, 0.685270529945317, 0.7165146242158125, 0.8147210453816444, 0.742088527674204, 0.6403826122449988], [-0.15381616220114447, 0.8810698431497804, 0.0, 0.24294245402796624, 0.5169280133644946, 0.14419343576240795, 0.22704067098588254, 0.6667049795558735, 0.46402039458081323, 0.2197928011045629, 0.007894969482732161, 0.6379245916448717, 0.6787006526084787, 0.6882177188901757, 0.8106714011640782, 0.7413027887976434, 0.64388788864986], [0.007888479591872777, 0.8601299729721986, 0.0, 0.26302241786644254, 0.5096517386250068, 0.14517817426253046, 0.1882185132804331, 0.6637742073668744, 0.476616908508108, 0.21775867713920638, 0.008562602043175715, 0.6174800947150925, 0.6759252044129324, 0.7222498646002616, 0.8098340706693842, 0.7244336083383626, 0.6474050794166177], [0.04146883459741346, 0.8232445218862494, 0.0, 0.23997562330446104, 0.5025169678191997, 0.14200837871436892, 0.30546056168337826, 0.6714224331258349, 0.4443807588047135, 0.202889230639844, 0.008117752083540042, 0.6213704585246711, 0.6767077353025596, 0.7087762309891386, 0.8132677214707933, 0.7317885179534693, 0.6447834441753529], [-0.0913358330439542, 0.8915468008919923, 0.0, 0.2645891722569218, 0.5252889275764039, 0.14109229169851706, 0.27410363713488833, 0.6713148580196451, 0.43362038409466286, 0.2166420637022477, 0.007894969482732161, 0.6285273333602825, 0.6912182083712823, 0.7093765860668984, 0.8081311755848739, 0.7328573092154542, 0.6461526157912535], [0.08530087592334112, 0.8051693490921384, 0.0, 0.23358036622158249, 0.4890055071191387, 0.1487141514876337, 0.17950461676630242, 0.6588540962156564, 0.4938501103599324, 0.20956690350942342, 0.008895616178821175, 0.6298039431745264, 0.6657772283765343, 0.7137381620038724, 0.8146117447478928, 0.7421536040445181, 0.6483236636997549], [0.766395306724029, 0.9790452799464432, 0.0, 0.2261773882269233, 0.5511376454249194, 0.13353348273900828, 0.31465063087094336, 0.6793462420051715, 0.3909220282975536, 0.2205928852454444, 0.007448685839370306, 0.5845583428495256, 0.6575556336178514, 0.6852120842937991, 0.7961839696578003, 0.7421175494489389, 0.609129476548462], [-0.10112166501517139, 0.905086862608417, 0.0, 0.20428483667126315, 0.5325404507530171, 0.13345243392267012, 0.28952229366667837, 0.6789079951581468, 0.3873278569620733, 0.21025086238783652, 0.007783488497544067, 0.6213289040381522, 0.6630529563427637, 0.6986594610118312, 0.7947632916883026, 0.7236942918205942, 0.608388909407361]], "features_2": [[0.5309795161865751, 0.7662629860498603, 0.0, 0.23229890793283184, 0.49043311673200596, 0.13812881113318046, 0.22954981687319959, 0.6711093294007935, 0.46216964069933075, 0.18445792214303913, 0.008062078829516484, 0.613364870285003, 0.6500643650933015, 0.6816697426407755, 0.7983814669923722, 0.7303249131481518, 0.617119656518604], [0.5282029629488898, 0.7408323560219385, 0.0, 0.23337998439987317, 0.484370233476605, 0.13790083605556666, 0.2444588077217503, 0.6720227640981432, 0.44001740941768364, 0.179342237670024, 0.008173410423425675, 0.6001092855613162, 0.6476139307770971, 0.6695707059268593, 0.8001121666944047, 0.7068797424714506, 0.634611476492811], [0.5659653512809082, 0.8858400200656512, 0.0, 0.22521975808706407, 0.5230706136888917, 0.13785211264398556, 0.21020439163295848, 0.6701125382097393, 0.46111900376904336, 0.21067101963308277, 0.00822905385914674, 0.6104541156797763, 0.6426266077384593, 0.6783544769884065, 0.7943612740208562, 0.71185332698719, 0.6171177556392969], [0.5397161011580405, 0.8697990911539007, 0.0, 0.24991528647642744, 0.5108126575171157, 0.14140354102427982, 0.18286493262042355, 0.6642431969876121, 0.4758003398432955, 0.21146095687714572, 0.008673665988278678, 0.6140521504137548, 0.6458109560551799, 0.6753847242201049, 0.7992223552677923, 0.7289092551708591, 0.614476176380592], [0.2176185778870452, 0.8206728420226319, 0.0, 0.23892288205135648, 0.5139908176283706, 0.13154678128705294, 0.3243911798992244, 0.6801375156957677, 0.39234864653160617, 0.18804192631706873, 0.007448685839370306, 0.6065951857850154, 0.6686783848050893, 0.7040303929428477, 0.7925894873624203, 0.7118264319826614, 0.6135972706980024], [0.6949685692640473, 0.9325615450179191, 0.0, 0.23824286735139544, 0.5336208243484075, 0.13709389821400425, 0.1953024821762625, 0.6703322650892091, 0.4466710969282395, 0.21735274341091837, 0.00839589484089287, 0.6050244646208074, 0.6366551946481626, 0.6521321544784306, 0.7899970168980781, 0.7064184720423143, 0.6145348777244798], [0.18776656005213166, 0.9112089968563717, 0.0, 0.24256207601887245, 0.5229386367741604, 0.13626050480273214, 0.22575610615380412, 0.6707836749400811, 0.410886473719023, 0.21409213984660447, 0.007671947615560004, 0.6040663428694177, 0.6428689824546348, 0.6745937726641975, 0.7849420358417137, 0.695481178025413, 0.6043345393068019], [0.04415694194466946, 1.0368820291130538, 0.0, 0.22793824961195755, 0.5708648874652827, 0.12574872882940225, 0.3453839890507048, 0.683628479289093, 0.356060970948082, 0.2224260186838165, 0.007336964783822175, 0.6128173347002019, 0.6463345822733696, 0.6676055170361616, 0.7689562904850124, 0.6946085402995583, 0.586758058404752], [0.48146415790021324, 1.0501857615775996, 0.0, 0.2407563115679535, 0.5667639655850897, 0.12947721836468426, 0.26808075037370716, 0.6791410266815928, 0.3796208432177095, 0.22912240637305747, 0.007894969482732161, 0.6004547647400225, 0.6355586434259227, 0.6603990433854849, 0.7697562648509119, 0.6839445797679642, 0.587955759263525]]}