{"labels_1": ["1", "2", "3", "4", "5", "6", "7", "8", "9"], "labels_2": ["1", "2", "3", "4", "5", "6", "7", "8", "9"], "adj_matrix_1": [[0.0, 0.26072, 0.14513, 0.09931, 0.00922, 0.17961, 0.08947, 0.27429, 0.13132], [0.26072, 0.0, 0.13528, 0.31861, 0.25418, 0.09845, 0.18894, 0.2788, 0.14924], [0.14513, 0.13528, 0.0, 0.22815, 0.13674, 0.03844, 0.05884, 0.28771, 0.01496], [0.09931, 0.31861, 0.22815, 0.0, 0.10802, 0.25626, 0.18078, 0.24333, 0.21662], [0.00922, 0.25418, 0.13674, 0.10802, 0.0, 0.17166, 0.08055, 0.27611, 0.12278], [0.17961, 0.09845, 0.03844, 0.25626, 0.17166, 0.0, 0.09649, 0.2867, 0.05329], [0.08947, 0.18894, 0.05884, 0.18078, 0.08055, 0.09649, 0.0, 0.28617, 0.04402], [0.27429, 0.2788, 0.28771, 0.24333, 0.27611, 0.2867, 0.28617, 0.0, 0.28766], [0.13132, 0.14924, 0.01496, 0.21662, 0.12278, 0.05329, 0.04402, 0.28766, 0.0]], "adj_matrix_2": [[0.0, 0.05031, 0.0994, 0.10274, 0.06968, 0.10397, 0.19768, 0.28941, 0.10946], [0.05031, 0.0, 0.05018, 0.05364, 0.01969, 0.05492, 0.15518, 0.26781, 0.06066], [0.0994, 0.05018, 0.0, 0.0035, 0.03061, 0.00479, 0.10939, 0.24101, 0.01061], [0.10274, 0.05364, 0.0035, 0.0, 0.0341, 0.00129, 0.10612, 0.23903, 0.00712], [0.06968, 0.01969, 0.03061, 0.0341, 0.0, 0.03539, 0.13765, 0.25806, 0.04119], [0.10397, 0.05492, 0.00479, 0.00129, 0.03539, 0.0, 0.10492, 0.23834, 0.00583], [0.19768, 0.15518, 0.10939, 0.10612, 0.13765, 0.10492, 0.0, 0.16386, 0.09944], [0.28941, 0.26781, 0.24101, 0.23903, 0.25806, 0.23834, 0.16386, 0.0, 0.23499], [0.10946, 0.06066, 0.01061, 0.00712, 0.04119, 0.00583, 0.09944, 0.23499, 0.0]], "features_1": [[-0.1296606971973704, 0.760995206531857, 0.0, 0.2608349231972302, 0.48203498184029586, 0.14394164557220904, 0.1960325898924232, 0.6656395664050173, 0.4668467676328927, 0.19424039880798283, 0.00822905385914674, 0.6273068421114687, 0.6767881447760368, 0.7025113933762107, 0.8072476861933634, 0.7196359401775665, 0.6395537073789473], [-0.1731797948546605, 0.819434990095822, 0.0, 0.24768542161631554, 0.4979409895562703, 0.14546211155340957, 0.2704936640692296, 0.6670200264693646, 0.466329113572435, 0.20713518690865063, 0.00822905385914674, 0.6408176110898602, 0.685270529945317, 0.7165146242158125, 0.8147210453816444, 0.742088527674204, 0.6403826122449988], [-0.15381616220114447, 0.8810698431497804, 0.0, 0.24294245402796624, 0.5169280133644946, 0.14419343576240795, 0.22704067098588254, 0.6667049795558735, 0.46402039458081323, 0.2197928011045629, 0.007894969482732161, 0.6379245916448717, 0.6787006526084787, 0.6882177188901757, 0.8106714011640782, 0.7413027887976434, 0.64388788864986], [0.007888479591872777, 0.8601299729721986, 0.0, 0.26302241786644254, 0.5096517386250068, 0.14517817426253046, 0.1882185132804331, 0.6637742073668744, 0.476616908508108, 0.21775867713920638, 0.008562602043175715, 0.6174800947150925, 0.6759252044129324, 0.7222498646002616, 0.8098340706693842, 0.7244336083383626, 0.6474050794166177], [0.04146883459741346, 0.8232445218862494, 0.0, 0.23997562330446104, 0.5025169678191997, 0.14200837871436892, 0.30546056168337826, 0.6714224331258349, 0.4443807588047135, 0.202889230639844, 0.008117752083540042, 0.6213704585246711, 0.6767077353025596, 0.7087762309891386, 0.8132677214707933, 0.7317885179534693, 0.6447834441753529], [-0.0913358330439542, 0.8915468008919923, 0.0, 0.2645891722569218, 0.5252889275764039, 0.14109229169851706, 0.27410363713488833, 0.6713148580196451, 0.43362038409466286, 0.2166420637022477, 0.007894969482732161, 0.6285273333602825, 0.6912182083712823, 0.7093765860668984, 0.8081311755848739, 0.7328573092154542, 0.6461526157912535], [0.08530087592334112, 0.8051693490921384, 0.0, 0.23358036622158249, 0.4890055071191387, 0.1487141514876337, 0.17950461676630242, 0.6588540962156564, 0.4938501103599324, 0.20956690350942342, 0.008895616178821175, 0.6298039431745264, 0.6657772283765343, 0.7137381620038724, 0.8146117447478928, 0.7421536040445181, 0.6483236636997549], [0.766395306724029, 0.9790452799464432, 0.0, 0.2261773882269233, 0.5511376454249194, 0.13353348273900828, 0.31465063087094336, 0.6793462420051715, 0.3909220282975536, 0.2205928852454444, 0.007448685839370306, 0.5845583428495256, 0.6575556336178514, 0.6852120842937991, 0.7961839696578003, 0.7421175494489389, 0.609129476548462], [-0.10112166501517139, 0.905086862608417, 0.0, 0.20428483667126315, 0.5325404507530171, 0.13345243392267012, 0.28952229366667837, 0.6789079951581468, 0.3873278569620733, 0.21025086238783652, 0.007783488497544067, 0.6213289040381522, 0.6630529563427637, 0.6986594610118312, 0.7947632916883026, 0.7236942918205942, 0.608388909407361]], "features_2": [[-0.0334173348343203, 0.9647271497476468, 0.0, 0.20656909693227937, 0.5535490728588942, 0.12699161637418466, 0.33767558201014436, 0.6852301371706613, 0.35197327148824065, 0.21114521417200827, 0.007560346756364078, 0.6145217053133072, 0.6573174552425481, 0.6823355888236505, 0.7810362544420117, 0.6842279757516111, 0.5559109170086082], [0.05102519441954634, 0.8820288260877529, 0.0, 0.18315813301868109, 0.5290474743858045, 0.13347040059414933, 0.3329664705246763, 0.6804479997933955, 0.4002706564659593, 0.20432974920232616, 0.00783923647221818, 0.6151631566699662, 0.6717471746473538, 0.6979813513814298, 0.796233144584673, 0.7075967005740148, 0.5839970906092353], [0.09845987987801097, 1.0730176047209226, 0.0, 0.21385276962522617, 0.5771784997952755, 0.12772393460443277, 0.3222952329509795, 0.6845089737787566, 0.35875266056139665, 0.23231926736928288, 0.007448685839370306, 0.6086981983863144, 0.6432468412569701, 0.672789929532421, 0.7816246260309214, 0.6914875673357309, 0.5623458162513835], [0.08316480966525042, 1.0415653272915697, 0.0, 0.22092813549264884, 0.5666489155064333, 0.131135956498083, 0.34494504146348676, 0.6824976182967772, 0.373803006115931, 0.2308015536518897, 0.007448685839370306, 0.6085834589034578, 0.6587448406044032, 0.6901494591883189, 0.7915454423309393, 0.695008547446222, 0.5681973363727933], [-0.23077187635592633, 0.7632304830747703, 0.0, 0.1720024820040802, 0.4837497116400469, 0.14212293968525136, 0.22720565770029494, 0.669043943738422, 0.4498359085129975, 0.19271270148271769, 0.00822905385914674, 0.626886357168448, 0.6654639427081475, 0.6927036887942314, 0.8051366283968315, 0.7128068288454058, 0.6083199648837103], [0.17648477419514785, 0.9953182101669311, 0.0, 0.22374292226540982, 0.5545212410407764, 0.13163677455479159, 0.28677733343439654, 0.680681049138555, 0.3848802973875567, 0.22469509641682484, 0.007671947615560004, 0.6076668235382812, 0.6406155377683395, 0.6703981608347389, 0.7875815903258083, 0.7020657688969074, 0.5713362346705976], [-0.2387384730434552, 0.9047536213937278, 0.0, 0.20854112143604034, 0.5290498768906648, 0.13615202178162705, 0.35458054817782736, 0.679043898356668, 0.3952630465035296, 0.21283728262779977, 0.007336964783822175, 0.6165186935291911, 0.6983414006940069, 0.7168186123654119, 0.804587857054959, 0.728827791897095, 0.5816776830932701], [0.5871892468832605, 0.8984587855024684, 0.0, 0.30189810705641695, 0.5216480247698855, 0.13329428314750616, 0.24569489898295985, 0.6771148594501839, 0.37971410745874334, 0.20582142312060903, 0.007671947615560004, 0.5884588326734916, 0.6359614044863028, 0.6745129087434295, 0.7840878609704769, 0.6954186261995202, 0.5302410926270372], [0.46826057650239417, 0.8573406416047483, 0.0, 0.2673459518420227, 0.5131924905740947, 0.13412329332748132, 0.2706692893604753, 0.6776269187023077, 0.38935617411239076, 0.1961667803844629, 0.007336964783822175, 0.6091251306224728, 0.6568271279709967, 0.6687111290916515, 0.7909597162855228, 0.7170338399571982, 0.5608833029844629]]}