{"labels_1": ["1", "2", "3", "4", "5", "6", "7", "8", "9"], "labels_2": ["1", "2", "3", "4", "5", "6", "7", "8", "9"], "adj_matrix_1": [[0.0, 0.26072, 0.14513, 0.09931, 0.00922, 0.17961, 0.08947, 0.27429, 0.13132], [0.26072, 0.0, 0.13528, 0.31861, 0.25418, 0.09845, 0.18894, 0.2788, 0.14924], [0.14513, 0.13528, 0.0, 0.22815, 0.13674, 0.03844, 0.05884, 0.28771, 0.01496], [0.09931, 0.31861, 0.22815, 0.0, 0.10802, 0.25626, 0.18078, 0.24333, 0.21662], [0.00922, 0.25418, 0.13674, 0.10802, 0.0, 0.17166, 0.08055, 0.27611, 0.12278], [0.17961, 0.09845, 0.03844, 0.25626, 0.17166, 0.0, 0.09649, 0.2867, 0.05329], [0.08947, 0.18894, 0.05884, 0.18078, 0.08055, 0.09649, 0.0, 0.28617, 0.04402], [0.27429, 0.2788, 0.28771, 0.24333, 0.27611, 0.2867, 0.28617, 0.0, 0.28766], [0.13132, 0.14924, 0.01496, 0.21662, 0.12278, 0.05329, 0.04402, 0.28766, 0.0]], "adj_matrix_2": [[0.0, 0.23373, 0.10398, 0.05082, 0.2352, 0.23201, 0.19755, 0.04446, 0.07679], [0.23373, 0.0, 0.20911, 0.22545, 0.01514, 0.0666, 0.22067, 0.22663, 0.23549], [0.10398, 0.20911, 0.0, 0.05542, 0.20484, 0.18153, 0.26049, 0.06168, 0.17056], [0.05082, 0.22545, 0.05542, 0.0, 0.22429, 0.21166, 0.23218, 0.00645, 0.12426], [0.2352, 0.01514, 0.20484, 0.22429, 0.0, 0.05221, 0.22972, 0.22585, 0.24044], [0.23201, 0.0666, 0.18153, 0.21166, 0.05221, 0.0, 0.25665, 0.21449, 0.25039], [0.19755, 0.22067, 0.26049, 0.23218, 0.22972, 0.25665, 0.0, 0.2283, 0.13292], [0.04446, 0.22663, 0.06168, 0.00645, 0.22585, 0.21449, 0.2283, 0.0, 0.11857], [0.07679, 0.23549, 0.17056, 0.12426, 0.24044, 0.25039, 0.13292, 0.11857, 0.0]], "features_1": [[-0.1296606971973704, 0.760995206531857, 0.0, 0.2608349231972302, 0.48203498184029586, 0.14394164557220904, 0.1960325898924232, 0.6656395664050173, 0.4668467676328927, 0.19424039880798283, 0.00822905385914674, 0.6273068421114687, 0.6767881447760368, 0.7025113933762107, 0.8072476861933634, 0.7196359401775665, 0.6395537073789473], [-0.1731797948546605, 0.819434990095822, 0.0, 0.24768542161631554, 0.4979409895562703, 0.14546211155340957, 0.2704936640692296, 0.6670200264693646, 0.466329113572435, 0.20713518690865063, 0.00822905385914674, 0.6408176110898602, 0.685270529945317, 0.7165146242158125, 0.8147210453816444, 0.742088527674204, 0.6403826122449988], [-0.15381616220114447, 0.8810698431497804, 0.0, 0.24294245402796624, 0.5169280133644946, 0.14419343576240795, 0.22704067098588254, 0.6667049795558735, 0.46402039458081323, 0.2197928011045629, 0.007894969482732161, 0.6379245916448717, 0.6787006526084787, 0.6882177188901757, 0.8106714011640782, 0.7413027887976434, 0.64388788864986], [0.007888479591872777, 0.8601299729721986, 0.0, 0.26302241786644254, 0.5096517386250068, 0.14517817426253046, 0.1882185132804331, 0.6637742073668744, 0.476616908508108, 0.21775867713920638, 0.008562602043175715, 0.6174800947150925, 0.6759252044129324, 0.7222498646002616, 0.8098340706693842, 0.7244336083383626, 0.6474050794166177], [0.04146883459741346, 0.8232445218862494, 0.0, 0.23997562330446104, 0.5025169678191997, 0.14200837871436892, 0.30546056168337826, 0.6714224331258349, 0.4443807588047135, 0.202889230639844, 0.008117752083540042, 0.6213704585246711, 0.6767077353025596, 0.7087762309891386, 0.8132677214707933, 0.7317885179534693, 0.6447834441753529], [-0.0913358330439542, 0.8915468008919923, 0.0, 0.2645891722569218, 0.5252889275764039, 0.14109229169851706, 0.27410363713488833, 0.6713148580196451, 0.43362038409466286, 0.2166420637022477, 0.007894969482732161, 0.6285273333602825, 0.6912182083712823, 0.7093765860668984, 0.8081311755848739, 0.7328573092154542, 0.6461526157912535], [0.08530087592334112, 0.8051693490921384, 0.0, 0.23358036622158249, 0.4890055071191387, 0.1487141514876337, 0.17950461676630242, 0.6588540962156564, 0.4938501103599324, 0.20956690350942342, 0.008895616178821175, 0.6298039431745264, 0.6657772283765343, 0.7137381620038724, 0.8146117447478928, 0.7421536040445181, 0.6483236636997549], [0.766395306724029, 0.9790452799464432, 0.0, 0.2261773882269233, 0.5511376454249194, 0.13353348273900828, 0.31465063087094336, 0.6793462420051715, 0.3909220282975536, 0.2205928852454444, 0.007448685839370306, 0.5845583428495256, 0.6575556336178514, 0.6852120842937991, 0.7961839696578003, 0.7421175494489389, 0.609129476548462], [-0.10112166501517139, 0.905086862608417, 0.0, 0.20428483667126315, 0.5325404507530171, 0.13345243392267012, 0.28952229366667837, 0.6789079951581468, 0.3873278569620733, 0.21025086238783652, 0.007783488497544067, 0.6213289040381522, 0.6630529563427637, 0.6986594610118312, 0.7947632916883026, 0.7236942918205942, 0.608388909407361]], "features_2": [[-0.010161337298527862, 0.7377212361274048, 0.0, 0.2337755671300552, 0.4896184274957912, 0.13194329167930852, 0.23874372894714782, 0.6787089402182007, 0.38519727609884113, 0.17333375820786956, 0.007281081678807366, 0.6123229557001098, 0.6675260510067734, 0.696176234232138, 0.7831103034098422, 0.7192355463022874, 0.6041000142350451], [0.6659701252257415, 0.8061003844976522, 0.0, 0.2531562899880197, 0.5050994407841269, 0.13481439538132142, 0.19768742418611182, 0.6750850829010266, 0.41372527124057146, 0.189969370161154, 0.00783923647221818, 0.5842532461726959, 0.6520460046575579, 0.6890645861265331, 0.784417214205284, 0.6989323760040342, 0.6118572442966365], [0.12082000428884987, 0.854777643533498, 0.0, 0.23364850551437258, 0.5212452559495441, 0.13235344005408312, 0.21870902055403504, 0.6773865175814395, 0.3921907358881127, 0.19842352967092136, 0.007504523810135222, 0.601810899145574, 0.6449108175145544, 0.6685142667168054, 0.7803289267261291, 0.7069004633459647, 0.599663923279604], [0.1192688176312422, 0.8371382969468623, 0.0, 0.2117002288338515, 0.5143879583691533, 0.1336326428202459, 0.24529757849674638, 0.6769057914660741, 0.39934974858005456, 0.1971478545797647, 0.007727725548673403, 0.6075366224291696, 0.6458914873106462, 0.6773425864208958, 0.7878164021071697, 0.7336755544391473, 0.6044229709077721], [1.2078950885451292, 0.8179198127608375, 0.0, 0.255625969094774, 0.5098834219638023, 0.13198500229895205, 0.2603180707578595, 0.6786805779337736, 0.40118151124116297, 0.18674194882313921, 0.008006390651371653, 0.5684901239291156, 0.6558706515693092, 0.6733373330210931, 0.7835131398861473, 0.7102753651260101, 0.5994451896295442], [0.7671887387648111, 0.858793101138824, 0.0, 0.2256492881465891, 0.5203628389641042, 0.13429907680904896, 0.2503211954693668, 0.6760265322100402, 0.4057378421797182, 0.19929795765356317, 0.007560346756364078, 0.5839601006122686, 0.6419195682807834, 0.6806740647962429, 0.7869157462083467, 0.7219369919483654, 0.6066917702293326], [0.12294996368089661, 0.9039884472484434, 0.0, 0.19986747260091753, 0.5254707493789507, 0.13469007343400857, 0.2495702387285199, 0.675918773475819, 0.4136140175297853, 0.21256003808510582, 0.007616154688146137, 0.6151256101979947, 0.6488025322858699, 0.6817093113080747, 0.7904970123087639, 0.7305439413715409, 0.5807621339080901], [0.7364245533234541, 0.9565440250756502, 0.0, 0.2394359767586471, 0.5519113768723636, 0.1242150601420205, 0.3400791939309258, 0.6852826880519818, 0.37099498247635854, 0.20463032704098016, 0.007894969482732161, 0.5862183120069075, 0.6212243571916577, 0.6476283587396716, 0.767154841907148, 0.7080245875699891, 0.5835596831244879], [0.32295693110869284, 1.0859866441881134, 0.0, 0.24156252256176672, 0.5801393881594402, 0.1233891552569231, 0.29302650784396744, 0.6857893859521244, 0.3597645650550336, 0.23112841836284037, 0.007225183508792421, 0.5993221010171348, 0.6427213867007181, 0.6693488510058582, 0.7634284134286499, 0.6863203586118599, 0.5502180742331744]]}