{"labels_1": ["1", "2", "3", "4", "5", "6", "7", "8", "9"], "labels_2": ["1", "2", "3", "4", "5", "6", "7", "8", "9"], "adj_matrix_1": [[0.0, 0.26072, 0.14513, 0.09931, 0.00922, 0.17961, 0.08947, 0.27429, 0.13132], [0.26072, 0.0, 0.13528, 0.31861, 0.25418, 0.09845, 0.18894, 0.2788, 0.14924], [0.14513, 0.13528, 0.0, 0.22815, 0.13674, 0.03844, 0.05884, 0.28771, 0.01496], [0.09931, 0.31861, 0.22815, 0.0, 0.10802, 0.25626, 0.18078, 0.24333, 0.21662], [0.00922, 0.25418, 0.13674, 0.10802, 0.0, 0.17166, 0.08055, 0.27611, 0.12278], [0.17961, 0.09845, 0.03844, 0.25626, 0.17166, 0.0, 0.09649, 0.2867, 0.05329], [0.08947, 0.18894, 0.05884, 0.18078, 0.08055, 0.09649, 0.0, 0.28617, 0.04402], [0.27429, 0.2788, 0.28771, 0.24333, 0.27611, 0.2867, 0.28617, 0.0, 0.28766], [0.13132, 0.14924, 0.01496, 0.21662, 0.12278, 0.05329, 0.04402, 0.28766, 0.0]], "adj_matrix_2": [[0.0, 0.25759, 0.09287, 0.00755, 0.24674, 0.12013, 0.00669, 0.24217, 0.10245], [0.25759, 0.0, 0.31329, 0.26253, 0.01733, 0.32749, 0.25304, 0.0243, 0.17937], [0.09287, 0.31329, 0.0, 0.08552, 0.30607, 0.02822, 0.09936, 0.30302, 0.18881], [0.00755, 0.26253, 0.08552, 0.0, 0.25197, 0.11292, 0.01424, 0.24755, 0.10968], [0.24674, 0.01733, 0.30607, 0.25197, 0.0, 0.32139, 0.24195, 0.00699, 0.16501], [0.12013, 0.32749, 0.02822, 0.11292, 0.32139, 0.0, 0.1265, 0.31878, 0.21316], [0.00669, 0.25304, 0.09936, 0.01424, 0.24195, 0.1265, 0.0, 0.23729, 0.09601], [0.24217, 0.0243, 0.30302, 0.24755, 0.00699, 0.31878, 0.23729, 0.0, 0.1591], [0.10245, 0.17937, 0.18881, 0.10968, 0.16501, 0.21316, 0.09601, 0.1591, 0.0]], "features_1": [[-0.1296606971973704, 0.760995206531857, 0.0, 0.2608349231972302, 0.48203498184029586, 0.14394164557220904, 0.1960325898924232, 0.6656395664050173, 0.4668467676328927, 0.19424039880798283, 0.00822905385914674, 0.6273068421114687, 0.6767881447760368, 0.7025113933762107, 0.8072476861933634, 0.7196359401775665, 0.6395537073789473], [-0.1731797948546605, 0.819434990095822, 0.0, 0.24768542161631554, 0.4979409895562703, 0.14546211155340957, 0.2704936640692296, 0.6670200264693646, 0.466329113572435, 0.20713518690865063, 0.00822905385914674, 0.6408176110898602, 0.685270529945317, 0.7165146242158125, 0.8147210453816444, 0.742088527674204, 0.6403826122449988], [-0.15381616220114447, 0.8810698431497804, 0.0, 0.24294245402796624, 0.5169280133644946, 0.14419343576240795, 0.22704067098588254, 0.6667049795558735, 0.46402039458081323, 0.2197928011045629, 0.007894969482732161, 0.6379245916448717, 0.6787006526084787, 0.6882177188901757, 0.8106714011640782, 0.7413027887976434, 0.64388788864986], [0.007888479591872777, 0.8601299729721986, 0.0, 0.26302241786644254, 0.5096517386250068, 0.14517817426253046, 0.1882185132804331, 0.6637742073668744, 0.476616908508108, 0.21775867713920638, 0.008562602043175715, 0.6174800947150925, 0.6759252044129324, 0.7222498646002616, 0.8098340706693842, 0.7244336083383626, 0.6474050794166177], [0.04146883459741346, 0.8232445218862494, 0.0, 0.23997562330446104, 0.5025169678191997, 0.14200837871436892, 0.30546056168337826, 0.6714224331258349, 0.4443807588047135, 0.202889230639844, 0.008117752083540042, 0.6213704585246711, 0.6767077353025596, 0.7087762309891386, 0.8132677214707933, 0.7317885179534693, 0.6447834441753529], [-0.0913358330439542, 0.8915468008919923, 0.0, 0.2645891722569218, 0.5252889275764039, 0.14109229169851706, 0.27410363713488833, 0.6713148580196451, 0.43362038409466286, 0.2166420637022477, 0.007894969482732161, 0.6285273333602825, 0.6912182083712823, 0.7093765860668984, 0.8081311755848739, 0.7328573092154542, 0.6461526157912535], [0.08530087592334112, 0.8051693490921384, 0.0, 0.23358036622158249, 0.4890055071191387, 0.1487141514876337, 0.17950461676630242, 0.6588540962156564, 0.4938501103599324, 0.20956690350942342, 0.008895616178821175, 0.6298039431745264, 0.6657772283765343, 0.7137381620038724, 0.8146117447478928, 0.7421536040445181, 0.6483236636997549], [0.766395306724029, 0.9790452799464432, 0.0, 0.2261773882269233, 0.5511376454249194, 0.13353348273900828, 0.31465063087094336, 0.6793462420051715, 0.3909220282975536, 0.2205928852454444, 0.007448685839370306, 0.5845583428495256, 0.6575556336178514, 0.6852120842937991, 0.7961839696578003, 0.7421175494489389, 0.609129476548462], [-0.10112166501517139, 0.905086862608417, 0.0, 0.20428483667126315, 0.5325404507530171, 0.13345243392267012, 0.28952229366667837, 0.6789079951581468, 0.3873278569620733, 0.21025086238783652, 0.007783488497544067, 0.6213289040381522, 0.6630529563427637, 0.6986594610118312, 0.7947632916883026, 0.7236942918205942, 0.608388909407361]], "features_2": [[-0.019058255339469365, 0.8602011706948656, 0.0, 0.2503208969291163, 0.5288280837614104, 0.1333948118729569, 0.42214435116225174, 0.6824590870583485, 0.3910770631628657, 0.19929976174333563, 0.007950687539111767, 0.6196208508440386, 0.6625386612365888, 0.6979620769724107, 0.8057355178848976, 0.7167306993703931, 0.5612166310011574], [0.16252304884672153, 0.8388457748512397, 0.0, 0.2590430721257822, 0.5203097258685258, 0.13917854886531664, 0.36654749471547987, 0.6777403406321234, 0.4488925092921914, 0.20387807802677727, 0.008117752083540042, 0.6215771991138397, 0.692274041210122, 0.7217735720605775, 0.8147336220500176, 0.7442776850703172, 0.5906571871143946], [-0.1534463299084563, 0.9718926810577225, 0.0, 0.2650967040767467, 0.5543179784431146, 0.13586368535927928, 0.372596185845287, 0.679713378790155, 0.41192971952659874, 0.22712431565142222, 0.007950687539111767, 0.6316709604604824, 0.6776072496003319, 0.7055167720316361, 0.8064944803908572, 0.7307277767169102, 0.5730629201271522], [0.27578324737198523, 0.9388785742075973, 0.0, 0.2712517128099691, 0.5430346313502984, 0.13875543606122714, 0.3581116179758716, 0.6771304770221374, 0.427008648027392, 0.22030470495089371, 0.00783923647221818, 0.6238224920487174, 0.6772456263705405, 0.7118787494950022, 0.8127146546383857, 0.7389843829709114, 0.593726978712183], [-0.014826323230427096, 0.8330739272671454, 0.0, 0.25419494222571254, 0.5146502548956402, 0.14184183016550983, 0.32103538864997744, 0.6737486139578166, 0.44450965334621495, 0.20537021050243398, 0.008006390651371653, 0.6210698774271806, 0.685607107014217, 0.7158541242896618, 0.8145062089011307, 0.7402302080714679, 0.618099805504399], [-0.041801124354851726, 0.9479017028352068, 0.0, 0.29061727155112277, 0.5447891823596327, 0.13911916749957098, 0.27293926448594164, 0.6740424355030841, 0.42935579760850806, 0.22594953996340794, 0.007894969482732161, 0.6321337832888367, 0.6622758973379931, 0.6995127468503126, 0.8042867463767732, 0.7440851794724548, 0.6107027637890056], [0.12759622531437254, 0.8925044109360435, 0.0, 0.27328088088864294, 0.5187804537554931, 0.14615892699829428, 0.22597357859548312, 0.6651905821495323, 0.4770369338394569, 0.222482104133912, 0.008895616178821175, 0.632042134714937, 0.6721708115369858, 0.7031817369256143, 0.8135944297599895, 0.7304664968836166, 0.6213026001118787], [-0.21509651762837478, 0.9437660520275688, 0.0, 0.23354845726649814, 0.5491640508363017, 0.1322695584074799, 0.33079308596462553, 0.6806021756582997, 0.3811042384063459, 0.21811825036560384, 0.007448685839370306, 0.6202998119881207, 0.6634826876740325, 0.6854513046836747, 0.7918110155564989, 0.6898581004180928, 0.6121634152321778], [-0.2519034363889108, 0.9344257116240948, 0.0, 0.23533985514797434, 0.5390214037663521, 0.13403071470602862, 0.23594056360198365, 0.6765084777605805, 0.4174799063897814, 0.22178911824705527, 0.008117752083540042, 0.6252463491607725, 0.6574983462905214, 0.6812703864481156, 0.7874390998929781, 0.7132753303485697, 0.6143702860815372]]}