{"labels_1": ["1", "2", "3", "4", "5", "6", "7", "8", "9"], "labels_2": ["1", "2", "3", "4", "5", "6", "7", "8", "9"], "adj_matrix_1": [[0.0, 0.26072, 0.14513, 0.09931, 0.00922, 0.17961, 0.08947, 0.27429, 0.13132], [0.26072, 0.0, 0.13528, 0.31861, 0.25418, 0.09845, 0.18894, 0.2788, 0.14924], [0.14513, 0.13528, 0.0, 0.22815, 0.13674, 0.03844, 0.05884, 0.28771, 0.01496], [0.09931, 0.31861, 0.22815, 0.0, 0.10802, 0.25626, 0.18078, 0.24333, 0.21662], [0.00922, 0.25418, 0.13674, 0.10802, 0.0, 0.17166, 0.08055, 0.27611, 0.12278], [0.17961, 0.09845, 0.03844, 0.25626, 0.17166, 0.0, 0.09649, 0.2867, 0.05329], [0.08947, 0.18894, 0.05884, 0.18078, 0.08055, 0.09649, 0.0, 0.28617, 0.04402], [0.27429, 0.2788, 0.28771, 0.24333, 0.27611, 0.2867, 0.28617, 0.0, 0.28766], [0.13132, 0.14924, 0.01496, 0.21662, 0.12278, 0.05329, 0.04402, 0.28766, 0.0]], "adj_matrix_2": [[0.0, 0.25102, 0.1645, 0.31425, 0.17137, 0.15616, 0.25065, 0.26017, 0.21661], [0.25102, 0.0, 0.29328, 0.29191, 0.29417, 0.29227, 0.29732, 0.2966, 0.29713], [0.1645, 0.29328, 0.0, 0.19357, 0.00783, 0.00944, 0.10518, 0.11798, 0.06188], [0.31425, 0.29191, 0.19357, 0.0, 0.1867, 0.20171, 0.09457, 0.08149, 0.13713], [0.17137, 0.29417, 0.00783, 0.1867, 0.0, 0.01727, 0.09764, 0.11049, 0.05414], [0.15616, 0.29227, 0.00944, 0.20171, 0.01727, 0.0, 0.11422, 0.12691, 0.07117], [0.25065, 0.29732, 0.10518, 0.09457, 0.09764, 0.11422, 0.0, 0.01337, 0.04429], [0.26017, 0.2966, 0.11798, 0.08149, 0.11049, 0.12691, 0.01337, 0.0, 0.05755], [0.21661, 0.29713, 0.06188, 0.13713, 0.05414, 0.07117, 0.04429, 0.05755, 0.0]], "features_1": [[-0.1296606971973704, 0.760995206531857, 0.0, 0.2608349231972302, 0.48203498184029586, 0.14394164557220904, 0.1960325898924232, 0.6656395664050173, 0.4668467676328927, 0.19424039880798283, 0.00822905385914674, 0.6273068421114687, 0.6767881447760368, 0.7025113933762107, 0.8072476861933634, 0.7196359401775665, 0.6395537073789473], [-0.1731797948546605, 0.819434990095822, 0.0, 0.24768542161631554, 0.4979409895562703, 0.14546211155340957, 0.2704936640692296, 0.6670200264693646, 0.466329113572435, 0.20713518690865063, 0.00822905385914674, 0.6408176110898602, 0.685270529945317, 0.7165146242158125, 0.8147210453816444, 0.742088527674204, 0.6403826122449988], [-0.15381616220114447, 0.8810698431497804, 0.0, 0.24294245402796624, 0.5169280133644946, 0.14419343576240795, 0.22704067098588254, 0.6667049795558735, 0.46402039458081323, 0.2197928011045629, 0.007894969482732161, 0.6379245916448717, 0.6787006526084787, 0.6882177188901757, 0.8106714011640782, 0.7413027887976434, 0.64388788864986], [0.007888479591872777, 0.8601299729721986, 0.0, 0.26302241786644254, 0.5096517386250068, 0.14517817426253046, 0.1882185132804331, 0.6637742073668744, 0.476616908508108, 0.21775867713920638, 0.008562602043175715, 0.6174800947150925, 0.6759252044129324, 0.7222498646002616, 0.8098340706693842, 0.7244336083383626, 0.6474050794166177], [0.04146883459741346, 0.8232445218862494, 0.0, 0.23997562330446104, 0.5025169678191997, 0.14200837871436892, 0.30546056168337826, 0.6714224331258349, 0.4443807588047135, 0.202889230639844, 0.008117752083540042, 0.6213704585246711, 0.6767077353025596, 0.7087762309891386, 0.8132677214707933, 0.7317885179534693, 0.6447834441753529], [-0.0913358330439542, 0.8915468008919923, 0.0, 0.2645891722569218, 0.5252889275764039, 0.14109229169851706, 0.27410363713488833, 0.6713148580196451, 0.43362038409466286, 0.2166420637022477, 0.007894969482732161, 0.6285273333602825, 0.6912182083712823, 0.7093765860668984, 0.8081311755848739, 0.7328573092154542, 0.6461526157912535], [0.08530087592334112, 0.8051693490921384, 0.0, 0.23358036622158249, 0.4890055071191387, 0.1487141514876337, 0.17950461676630242, 0.6588540962156564, 0.4938501103599324, 0.20956690350942342, 0.008895616178821175, 0.6298039431745264, 0.6657772283765343, 0.7137381620038724, 0.8146117447478928, 0.7421536040445181, 0.6483236636997549], [0.766395306724029, 0.9790452799464432, 0.0, 0.2261773882269233, 0.5511376454249194, 0.13353348273900828, 0.31465063087094336, 0.6793462420051715, 0.3909220282975536, 0.2205928852454444, 0.007448685839370306, 0.5845583428495256, 0.6575556336178514, 0.6852120842937991, 0.7961839696578003, 0.7421175494489389, 0.609129476548462], [-0.10112166501517139, 0.905086862608417, 0.0, 0.20428483667126315, 0.5325404507530171, 0.13345243392267012, 0.28952229366667837, 0.6789079951581468, 0.3873278569620733, 0.21025086238783652, 0.007783488497544067, 0.6213289040381522, 0.6630529563427637, 0.6986594610118312, 0.7947632916883026, 0.7236942918205942, 0.608388909407361]], "features_2": [[-0.17051482757667502, 0.7265755226664075, 0.0, 0.2514475388187569, 0.47605313897083273, 0.14076279625833946, 0.24997028834426516, 0.6712723042971702, 0.43408263364139454, 0.18083924532928441, 0.008117752083540042, 0.6241344922442491, 0.683398850450137, 0.7099470587690282, 0.8065440768183643, 0.7443864543390375, 0.6175390599618328], [0.4421780380202316, 0.7546726750255129, 0.0, 0.2659615820248129, 0.48355974556928205, 0.14113797393611938, 0.2803642748107599, 0.6713470746988007, 0.42842147598888514, 0.1841058168959897, 0.00783923647221818, 0.6019255613698693, 0.6666139870915058, 0.7020907094382557, 0.8085972524209356, 0.726423147087733, 0.6287769983006722], [-0.17835630679904613, 0.8371211384644937, 0.0, 0.25357187495321676, 0.5098055485193033, 0.14000405719537318, 0.27407148437782636, 0.6728807675230781, 0.43260232391421716, 0.20511955967644324, 0.007894969482732161, 0.6340338978631652, 0.675355296809637, 0.7080400778589908, 0.8080170209577052, 0.7392023264434974, 0.622604591376393], [-0.32003019124666077, 0.8147501911717958, 0.0, 0.2301989622233726, 0.5006723622341269, 0.14129325357070366, 0.2522123420415546, 0.6704743319529646, 0.4417705878711422, 0.2030500956571044, 0.008006390651371653, 0.6420648848548611, 0.7004263580714812, 0.7288788419085707, 0.8071660116556842, 0.7359279891966257, 0.6131846432394361], [0.11994949665365873, 0.7606594052504276, 0.0, 0.24241696338095942, 0.4911973359121734, 0.1365970304449481, 0.36735864935659424, 0.6779860727132849, 0.4154684544343461, 0.18115227682461055, 0.007392832833969631, 0.6215031317786492, 0.6834962238822984, 0.7017198586689496, 0.8051929627117852, 0.7231557721421767, 0.6186538388187217], [-0.2206146293341007, 0.8250938494955407, 0.0, 0.2554273425724592, 0.507503414643172, 0.13884872828694814, 0.29260505702557893, 0.6746602463299021, 0.4164075626584327, 0.2002175328753446, 0.007336964783822175, 0.6323337915340825, 0.6771588835459207, 0.6957454053986012, 0.8072359555827423, 0.736847567070716, 0.6233960004345499], [-0.14580546618870338, 0.7980675906519594, 0.0, 0.2020714920308993, 0.49347419971732454, 0.14005414479546746, 0.2513117005492518, 0.6710793681276875, 0.436947120104473, 0.19843952373212814, 0.008451478759474051, 0.6304807046176304, 0.6584510489868167, 0.6953864995872326, 0.8045210959090184, 0.73867105046678, 0.6030619011376844], [-0.1924170418606197, 0.9519480144890753, 0.0, 0.21884756878282816, 0.5489864264887778, 0.12541089438459596, 0.2576088958269011, 0.6845068400732959, 0.34203216224661825, 0.20918109592947398, 0.007225183508792421, 0.6188352470367786, 0.6467741003988479, 0.6693244624793213, 0.7689685805976509, 0.7063861069925054, 0.5616285664956454], [0.10488831574100521, 0.8441893627282364, 0.0, 0.22922371587895526, 0.5183164296635091, 0.13006388410444517, 0.2627163423072503, 0.6808307885488838, 0.36826886021297867, 0.19270464863856218, 0.007616154688146137, 0.6155926792400761, 0.6456344299915914, 0.6747826707647552, 0.7813664167483845, 0.7044337391138736, 0.5801063548716041]]}