{"labels_1": ["1", "2", "3", "4", "5", "6", "7", "8", "9"], "labels_2": ["1", "2", "3", "4", "5", "6", "7", "8", "9"], "adj_matrix_1": [[0.0, 0.26072, 0.14513, 0.09931, 0.00922, 0.17961, 0.08947, 0.27429, 0.13132], [0.26072, 0.0, 0.13528, 0.31861, 0.25418, 0.09845, 0.18894, 0.2788, 0.14924], [0.14513, 0.13528, 0.0, 0.22815, 0.13674, 0.03844, 0.05884, 0.28771, 0.01496], [0.09931, 0.31861, 0.22815, 0.0, 0.10802, 0.25626, 0.18078, 0.24333, 0.21662], [0.00922, 0.25418, 0.13674, 0.10802, 0.0, 0.17166, 0.08055, 0.27611, 0.12278], [0.17961, 0.09845, 0.03844, 0.25626, 0.17166, 0.0, 0.09649, 0.2867, 0.05329], [0.08947, 0.18894, 0.05884, 0.18078, 0.08055, 0.09649, 0.0, 0.28617, 0.04402], [0.27429, 0.2788, 0.28771, 0.24333, 0.27611, 0.2867, 0.28617, 0.0, 0.28766], [0.13132, 0.14924, 0.01496, 0.21662, 0.12278, 0.05329, 0.04402, 0.28766, 0.0]], "adj_matrix_2": [[0.0, 0.06361, 0.01051, 0.27958, 0.04675, 0.09676, 0.25009, 0.20672, 0.32393], [0.06361, 0.0, 0.05321, 0.23425, 0.01702, 0.03386, 0.19935, 0.15054, 0.29378], [0.01051, 0.05321, 0.0, 0.27246, 0.0363, 0.08657, 0.24206, 0.19783, 0.31941], [0.27958, 0.23425, 0.27246, 0.0, 0.2469, 0.20769, 0.04556, 0.10061, 0.10315], [0.04675, 0.01702, 0.0363, 0.2469, 0.0, 0.05078, 0.21338, 0.16596, 0.30247], [0.09676, 0.03386, 0.08657, 0.20769, 0.05078, 0.0, 0.17023, 0.11906, 0.27502], [0.25009, 0.19935, 0.24206, 0.04556, 0.21338, 0.17023, 0.0, 0.05639, 0.1446], [0.20672, 0.15054, 0.19783, 0.10061, 0.16596, 0.11906, 0.05639, 0.0, 0.19184], [0.32393, 0.29378, 0.31941, 0.10315, 0.30247, 0.27502, 0.1446, 0.19184, 0.0]], "features_1": [[-0.1296606971973704, 0.760995206531857, 0.0, 0.2608349231972302, 0.48203498184029586, 0.14394164557220904, 0.1960325898924232, 0.6656395664050173, 0.4668467676328927, 0.19424039880798283, 0.00822905385914674, 0.6273068421114687, 0.6767881447760368, 0.7025113933762107, 0.8072476861933634, 0.7196359401775665, 0.6395537073789473], [-0.1731797948546605, 0.819434990095822, 0.0, 0.24768542161631554, 0.4979409895562703, 0.14546211155340957, 0.2704936640692296, 0.6670200264693646, 0.466329113572435, 0.20713518690865063, 0.00822905385914674, 0.6408176110898602, 0.685270529945317, 0.7165146242158125, 0.8147210453816444, 0.742088527674204, 0.6403826122449988], [-0.15381616220114447, 0.8810698431497804, 0.0, 0.24294245402796624, 0.5169280133644946, 0.14419343576240795, 0.22704067098588254, 0.6667049795558735, 0.46402039458081323, 0.2197928011045629, 0.007894969482732161, 0.6379245916448717, 0.6787006526084787, 0.6882177188901757, 0.8106714011640782, 0.7413027887976434, 0.64388788864986], [0.007888479591872777, 0.8601299729721986, 0.0, 0.26302241786644254, 0.5096517386250068, 0.14517817426253046, 0.1882185132804331, 0.6637742073668744, 0.476616908508108, 0.21775867713920638, 0.008562602043175715, 0.6174800947150925, 0.6759252044129324, 0.7222498646002616, 0.8098340706693842, 0.7244336083383626, 0.6474050794166177], [0.04146883459741346, 0.8232445218862494, 0.0, 0.23997562330446104, 0.5025169678191997, 0.14200837871436892, 0.30546056168337826, 0.6714224331258349, 0.4443807588047135, 0.202889230639844, 0.008117752083540042, 0.6213704585246711, 0.6767077353025596, 0.7087762309891386, 0.8132677214707933, 0.7317885179534693, 0.6447834441753529], [-0.0913358330439542, 0.8915468008919923, 0.0, 0.2645891722569218, 0.5252889275764039, 0.14109229169851706, 0.27410363713488833, 0.6713148580196451, 0.43362038409466286, 0.2166420637022477, 0.007894969482732161, 0.6285273333602825, 0.6912182083712823, 0.7093765860668984, 0.8081311755848739, 0.7328573092154542, 0.6461526157912535], [0.08530087592334112, 0.8051693490921384, 0.0, 0.23358036622158249, 0.4890055071191387, 0.1487141514876337, 0.17950461676630242, 0.6588540962156564, 0.4938501103599324, 0.20956690350942342, 0.008895616178821175, 0.6298039431745264, 0.6657772283765343, 0.7137381620038724, 0.8146117447478928, 0.7421536040445181, 0.6483236636997549], [0.766395306724029, 0.9790452799464432, 0.0, 0.2261773882269233, 0.5511376454249194, 0.13353348273900828, 0.31465063087094336, 0.6793462420051715, 0.3909220282975536, 0.2205928852454444, 0.007448685839370306, 0.5845583428495256, 0.6575556336178514, 0.6852120842937991, 0.7961839696578003, 0.7421175494489389, 0.609129476548462], [-0.10112166501517139, 0.905086862608417, 0.0, 0.20428483667126315, 0.5325404507530171, 0.13345243392267012, 0.28952229366667837, 0.6789079951581468, 0.3873278569620733, 0.21025086238783652, 0.007783488497544067, 0.6213289040381522, 0.6630529563427637, 0.6986594610118312, 0.7947632916883026, 0.7236942918205942, 0.608388909407361]], "features_2": [[-0.028295154444602844, 0.7931577624137031, 0.0, 0.2500959956667957, 0.5165213429769165, 0.13221467679294777, 0.36298395665042305, 0.6833007325710725, 0.3958338356429425, 0.18291615592461463, 0.007894969482732161, 0.6202507514559858, 0.6795131160377128, 0.6955075767114446, 0.8015901661249341, 0.7323155782480754, 0.6329567875695696], [-0.12931429504206537, 0.8503104539382084, 0.0, 0.2620884117575362, 0.5318671193219422, 0.1332399375488853, 0.41750338924433306, 0.6831318775130499, 0.4064264259561896, 0.19785465175535455, 0.00711334193318236, 0.6232539978318903, 0.671093200838006, 0.7005224280036065, 0.8058719026557726, 0.7262049924570306, 0.6286087278857826], [-0.10168970580629288, 0.9611834933157299, 0.0, 0.26190839006148475, 0.561995677639809, 0.13229192147785832, 0.3787735363892907, 0.683744010478913, 0.400270818202338, 0.2183703879036789, 0.007671947615560004, 0.6255162452697258, 0.6831542870875943, 0.7049179571218009, 0.8025665343139499, 0.7143755974877476, 0.6314786722229807], [0.07654305875160805, 0.9302914483762963, 0.0, 0.26111529212393497, 0.5494715080726087, 0.1336293539381667, 0.3462210303948652, 0.6817099735744705, 0.40388395508719, 0.21424758343241423, 0.007783488497544067, 0.6072225456606803, 0.6720675863403659, 0.7046129919580627, 0.8016918475301693, 0.7171413148831788, 0.6324631615565199], [-0.11822795798248986, 0.9004206531819696, 0.0, 0.2615040164578268, 0.548974237587878, 0.12977734860035112, 0.44646892341747774, 0.6856498509821947, 0.3953107246256311, 0.20483769060645685, 0.007448685839370306, 0.6228024709444542, 0.6915419450889629, 0.7167122374855556, 0.8000071640023421, 0.7279577405116932, 0.6268348082842022], [-0.1468109914145992, 1.04312841955029, 0.0, 0.24819459141513847, 0.5839467970710398, 0.12839906040451884, 0.4284049152186604, 0.686650603512813, 0.3833893613734849, 0.229847058319387, 0.00711334193318236, 0.6143227927390762, 0.6791443334330595, 0.7084503626948953, 0.7967638528037728, 0.7140440983166294, 0.6241891006910298], [0.13547928194430536, 0.927251418427526, 0.0, 0.25188613612757305, 0.5414162174545353, 0.13495874888677203, 0.30437678871469276, 0.6790792262700756, 0.41267283204836125, 0.21709312626283617, 0.007894969482732161, 0.6076867429997337, 0.6516473205651591, 0.6908957724794879, 0.798302260685741, 0.7206123357905185, 0.6188019086211318], [0.1814564274024173, 1.0672155873640192, 0.0, 0.24612432809382212, 0.5872505775752092, 0.1253048494348365, 0.3229918091464185, 0.6859561696284731, 0.35648292479587895, 0.22800675400557413, 0.007448685839370306, 0.6005538803736166, 0.6464474730614392, 0.6621154119767066, 0.7776636668614392, 0.6981021528567413, 0.6133274269342667], [0.47007787935463163, 1.0810871689938433, 0.0, 0.24346975218661018, 0.5831354411646811, 0.1259419295862874, 0.2786926682428003, 0.6846232397282241, 0.3427952245094166, 0.22885590836918346, 0.00716927026363523, 0.5871778534803598, 0.6342127251522842, 0.6586429736379897, 0.7721109203109884, 0.6874899025014787, 0.6008812986571885]]}