{"labels_1": ["1", "2", "3", "4", "5", "6", "7", "8", "9"], "labels_2": ["1", "2", "3", "4", "5", "6", "7", "8", "9"], "adj_matrix_1": [[0.0, 0.21339, 0.16074, 0.27576, 0.26463, 0.27469, 0.15399, 0.27568, 0.26788], [0.21339, 0.0, 0.08212, 0.25184, 0.13955, 0.26966, 0.09068, 0.23422, 0.3125], [0.16074, 0.08212, 0.0, 0.28809, 0.2046, 0.29979, 0.00909, 0.27602, 0.32551], [0.27576, 0.25184, 0.28809, 0.0, 0.14147, 0.02868, 0.29047, 0.02611, 0.10825], [0.26463, 0.13955, 0.2046, 0.14147, 0.0, 0.16719, 0.21054, 0.11724, 0.2344], [0.27469, 0.26966, 0.29979, 0.02868, 0.16719, 0.0, 0.30147, 0.05464, 0.08046], [0.15399, 0.09068, 0.00909, 0.29047, 0.21054, 0.30147, 0.0, 0.27903, 0.32529], [0.27568, 0.23422, 0.27602, 0.02611, 0.11724, 0.05464, 0.27903, 0.0, 0.13299], [0.26788, 0.3125, 0.32551, 0.10825, 0.2344, 0.08046, 0.32529, 0.13299, 0.0]], "adj_matrix_2": [[0.0, 0.22939, 0.00549, 0.14814, 0.21006, 0.147, 0.14941, 0.28124, 0.33993], [0.22939, 0.0, 0.22587, 0.28606, 0.027, 0.1035, 0.10087, 0.08328, 0.20828], [0.00549, 0.22587, 0.0, 0.15253, 0.20618, 0.14231, 0.14474, 0.27888, 0.33951], [0.14814, 0.28606, 0.15253, 0.0, 0.27827, 0.24752, 0.24884, 0.30241, 0.30912], [0.21006, 0.027, 0.20618, 0.27827, 0.0, 0.07752, 0.07483, 0.10925, 0.23003], [0.147, 0.1035, 0.14231, 0.24752, 0.07752, 0.0, 0.00277, 0.17982, 0.28451], [0.14941, 0.10087, 0.14474, 0.24884, 0.07483, 0.00277, 0.0, 0.17747, 0.28282], [0.28124, 0.08328, 0.27888, 0.30241, 0.10925, 0.17982, 0.17747, 0.0, 0.13346], [0.33993, 0.20828, 0.33951, 0.30912, 0.23003, 0.28451, 0.28282, 0.13346, 0.0]], "features_1": [[0.43957926451383456, 0.7575331702345146, 0.0, 0.235637337750755, 0.49885764398806165, 0.1345229535641952, 0.3403703951162818, 0.6796439941353425, 0.408381995861262, 0.1780316526784924, 0.007504523810135222, 0.5952490952960572, 0.6589092772431013, 0.6952858029362577, 0.8004185551124265, 0.7182082337550814, 0.6328231121027259], [0.0862689727854975, 0.7355480947092989, 0.0, 0.2222596546252856, 0.4907866502321624, 0.1362224061855503, 0.34837058741405114, 0.6778325527064384, 0.42350844794114173, 0.17628750894548761, 0.007616154688146137, 0.6069532380887817, 0.666606477190139, 0.6971028023581275, 0.8053808262350088, 0.7252181427481162, 0.6419943420503151], [0.2597750402712333, 0.8781985750983026, 0.0, 0.2474527587330205, 0.5379916670706288, 0.13134107674032416, 0.3645953311987455, 0.6826261952892756, 0.38555643106404336, 0.19803842598948318, 0.007057398507269275, 0.5972175974795608, 0.650453005949764, 0.6721322454786558, 0.7965385318634086, 0.7276912125961746, 0.626517831536933], [0.17497164050886838, 0.8509444297418876, 0.0, 0.2356930894553097, 0.5235565646391925, 0.13633434751020887, 0.3407342830052663, 0.6782676537629804, 0.4158376977440936, 0.20095480130254106, 0.00716927026363523, 0.6158937953079018, 0.6771061232443238, 0.7025576403749303, 0.8064352088621646, 0.731650325275699, 0.6374047589436073], [0.08620332992224844, 0.7534284016699334, 0.0, 0.1777506603569147, 0.49666516001973715, 0.13308215709403629, 0.31346223390697503, 0.6801276990544858, 0.3920099987364558, 0.1748531171758123, 0.007671947615560004, 0.6085784120071869, 0.67761191689381, 0.6953908431569877, 0.7970603349615312, 0.7309219966706298, 0.6264094408669707], [-0.11398964890407859, 0.8665215375769889, 0.0, 0.24201943580472995, 0.5332636534901576, 0.1321130039939746, 0.36305349758489813, 0.68186974464269, 0.40183145017737876, 0.20083011850688104, 0.007504523810135222, 0.6182861425026225, 0.6746233853617639, 0.7113288711366589, 0.7982445195344644, 0.7206348588151704, 0.631734118554515], [0.2255291624289586, 0.8528373485647452, 0.0, 0.23872966191758802, 0.5210043419299685, 0.13433025677114493, 0.358577234421044, 0.6800633045145004, 0.39304751169822905, 0.19751481811917704, 0.007504523810135222, 0.607588575175237, 0.6638605989015853, 0.6963194228861079, 0.8035237508620119, 0.718695539000322, 0.6144291229359462], [0.12170003674854302, 0.952392718858278, 0.0, 0.23113097516901487, 0.5462902431593336, 0.12722533389325663, 0.2615076867021422, 0.6827406703727147, 0.3715577853742851, 0.21037211397873956, 0.007671947615560004, 0.6140102116255011, 0.6403141346146397, 0.6614023367085442, 0.7743424618876658, 0.7004794484384237, 0.6067641916428971], [-0.040378809858121034, 0.8845421219318488, 0.0, 0.20679549101132363, 0.5240087556649157, 0.13105236268187778, 0.2786420149751024, 0.6798532407287992, 0.37776632416427924, 0.20246144238053065, 0.007448685839370306, 0.6220106086840753, 0.6483881235992913, 0.6700455371798505, 0.7846426180656647, 0.7286616118578567, 0.6007741339038609]], "features_2": [[0.29153489413399747, 0.8811271299731998, 0.0, 0.2675930487471906, 0.5277954626006968, 0.13163855927405377, 0.2995513368015835, 0.6798143304414437, 0.3865533656266733, 0.200651851269952, 0.007336964783822175, 0.5967900728478439, 0.6503388692376493, 0.6590576244228771, 0.7827046166921947, 0.7154527156905875, 0.5648726528742932], [-0.11106688065023285, 0.8512995555821262, 0.0, 0.21542612485503912, 0.5117623739766104, 0.1396051891727359, 0.23635958207183236, 0.6714342755593734, 0.4255826118671686, 0.20533129113454218, 0.007336964783822175, 0.6161640633475676, 0.6685680131019767, 0.6906437022009598, 0.7978826593904754, 0.7224560777164887, 0.5964196472480988], [0.16292610077967895, 0.9983356774335792, 0.0, 0.2693882586568439, 0.5529672259628026, 0.13427694520925587, 0.2491043339179498, 0.6763368000275141, 0.3990779561475182, 0.22726023897238545, 0.007560346756364078, 0.6035079299399082, 0.6523080261307684, 0.6679189644845704, 0.7850347117203982, 0.7049297249836532, 0.5786746415683267], [0.4544481265719531, 0.9524626303549565, 0.0, 0.2878129333535041, 0.5387042526626817, 0.1359784300183491, 0.22972057654516292, 0.6739036985947602, 0.4106597019522198, 0.22011296103777012, 0.007448685839370306, 0.5904036616129993, 0.6384203360112324, 0.6595113566477355, 0.7883902710337001, 0.710194913377346, 0.5859144427001871], [-0.12665873348925016, 0.8057852587159902, 0.0, 0.2095666637652531, 0.49085451518559997, 0.14517320576205903, 0.15812860559521624, 0.6613508028641406, 0.46448755255973206, 0.20238792176722264, 0.008117752083540042, 0.6277775937219412, 0.6502134587401387, 0.6801484536545231, 0.799457723613337, 0.7189222491191416, 0.6126962408327739], [0.05857062026931947, 0.9361788173456765, 0.0, 0.22678393186724372, 0.5251570296647109, 0.14211523883780575, 0.14620304137915027, 0.663648015721372, 0.4449588462442371, 0.2245153414177372, 0.008006390651371653, 0.6177963623769807, 0.6498623492288378, 0.6694985456188747, 0.7899855369830061, 0.6922355821849859, 0.6022348717717586], [-0.05181856329459489, 0.9113601095250327, 0.0, 0.2695348058818291, 0.5245242163022388, 0.137925786005043, 0.19563789822323016, 0.6711622163157192, 0.4087520247203311, 0.21783158122822277, 0.007448685839370306, 0.6135424706039287, 0.634413265158889, 0.6727515347891937, 0.7914447264819144, 0.695209988827323, 0.595905618805086], [-0.23509136181454204, 0.8919985345625091, 0.0, 0.26229473768723943, 0.5211796838266658, 0.13435275570664676, 0.2946306617883181, 0.6752994492696058, 0.40267359919259205, 0.20812044801023855, 0.007671947615560004, 0.6242867732798729, 0.6470212818393427, 0.6803948388309375, 0.7830935742043392, 0.6949162532695055, 0.593339117230619], [-0.1873164349872556, 0.9523768339981733, 0.0, 0.25992890871064517, 0.5422298041192086, 0.1290196471255376, 0.28067146308340585, 0.6808982366684799, 0.37548904105904146, 0.21526532137994292, 0.007448685839370306, 0.6243164528114824, 0.6420760586767217, 0.6701546067775691, 0.7745516516381789, 0.6687290882981671, 0.5628157215118982]]}