{"labels_1": ["1", "2", "3", "4", "5", "6", "7", "8", "9"], "labels_2": ["1", "2", "3", "4", "5", "6", "7", "8", "9"], "adj_matrix_1": [[0.0, 0.21339, 0.16074, 0.27576, 0.26463, 0.27469, 0.15399, 0.27568, 0.26788], [0.21339, 0.0, 0.08212, 0.25184, 0.13955, 0.26966, 0.09068, 0.23422, 0.3125], [0.16074, 0.08212, 0.0, 0.28809, 0.2046, 0.29979, 0.00909, 0.27602, 0.32551], [0.27576, 0.25184, 0.28809, 0.0, 0.14147, 0.02868, 0.29047, 0.02611, 0.10825], [0.26463, 0.13955, 0.2046, 0.14147, 0.0, 0.16719, 0.21054, 0.11724, 0.2344], [0.27469, 0.26966, 0.29979, 0.02868, 0.16719, 0.0, 0.30147, 0.05464, 0.08046], [0.15399, 0.09068, 0.00909, 0.29047, 0.21054, 0.30147, 0.0, 0.27903, 0.32529], [0.27568, 0.23422, 0.27602, 0.02611, 0.11724, 0.05464, 0.27903, 0.0, 0.13299], [0.26788, 0.3125, 0.32551, 0.10825, 0.2344, 0.08046, 0.32529, 0.13299, 0.0]], "adj_matrix_2": [[0.0, 0.14981, 0.10897, 0.16159, 0.09031, 0.18283, 0.15434, 0.12634, 0.28959], [0.14981, 0.0, 0.04462, 0.27909, 0.06394, 0.0391, 0.2738, 0.25314, 0.36235], [0.10897, 0.04462, 0.0, 0.25091, 0.01961, 0.08289, 0.24498, 0.22169, 0.34895], [0.16159, 0.27909, 0.25091, 0.0, 0.23691, 0.29921, 0.00789, 0.03799, 0.1521], [0.09031, 0.06394, 0.01961, 0.23691, 0.0, 0.10158, 0.23068, 0.20637, 0.34091], [0.18283, 0.0391, 0.08289, 0.29921, 0.10158, 0.0, 0.29463, 0.27654, 0.36897], [0.15434, 0.2738, 0.24498, 0.00789, 0.23068, 0.29463, 0.0, 0.03013, 0.15948], [0.12634, 0.25314, 0.22169, 0.03799, 0.20637, 0.27654, 0.03013, 0.0, 0.187], [0.28959, 0.36235, 0.34895, 0.1521, 0.34091, 0.36897, 0.15948, 0.187, 0.0]], "features_1": [[0.43957926451383456, 0.7575331702345146, 0.0, 0.235637337750755, 0.49885764398806165, 0.1345229535641952, 0.3403703951162818, 0.6796439941353425, 0.408381995861262, 0.1780316526784924, 0.007504523810135222, 0.5952490952960572, 0.6589092772431013, 0.6952858029362577, 0.8004185551124265, 0.7182082337550814, 0.6328231121027259], [0.0862689727854975, 0.7355480947092989, 0.0, 0.2222596546252856, 0.4907866502321624, 0.1362224061855503, 0.34837058741405114, 0.6778325527064384, 0.42350844794114173, 0.17628750894548761, 0.007616154688146137, 0.6069532380887817, 0.666606477190139, 0.6971028023581275, 0.8053808262350088, 0.7252181427481162, 0.6419943420503151], [0.2597750402712333, 0.8781985750983026, 0.0, 0.2474527587330205, 0.5379916670706288, 0.13134107674032416, 0.3645953311987455, 0.6826261952892756, 0.38555643106404336, 0.19803842598948318, 0.007057398507269275, 0.5972175974795608, 0.650453005949764, 0.6721322454786558, 0.7965385318634086, 0.7276912125961746, 0.626517831536933], [0.17497164050886838, 0.8509444297418876, 0.0, 0.2356930894553097, 0.5235565646391925, 0.13633434751020887, 0.3407342830052663, 0.6782676537629804, 0.4158376977440936, 0.20095480130254106, 0.00716927026363523, 0.6158937953079018, 0.6771061232443238, 0.7025576403749303, 0.8064352088621646, 0.731650325275699, 0.6374047589436073], [0.08620332992224844, 0.7534284016699334, 0.0, 0.1777506603569147, 0.49666516001973715, 0.13308215709403629, 0.31346223390697503, 0.6801276990544858, 0.3920099987364558, 0.1748531171758123, 0.007671947615560004, 0.6085784120071869, 0.67761191689381, 0.6953908431569877, 0.7970603349615312, 0.7309219966706298, 0.6264094408669707], [-0.11398964890407859, 0.8665215375769889, 0.0, 0.24201943580472995, 0.5332636534901576, 0.1321130039939746, 0.36305349758489813, 0.68186974464269, 0.40183145017737876, 0.20083011850688104, 0.007504523810135222, 0.6182861425026225, 0.6746233853617639, 0.7113288711366589, 0.7982445195344644, 0.7206348588151704, 0.631734118554515], [0.2255291624289586, 0.8528373485647452, 0.0, 0.23872966191758802, 0.5210043419299685, 0.13433025677114493, 0.358577234421044, 0.6800633045145004, 0.39304751169822905, 0.19751481811917704, 0.007504523810135222, 0.607588575175237, 0.6638605989015853, 0.6963194228861079, 0.8035237508620119, 0.718695539000322, 0.6144291229359462], [0.12170003674854302, 0.952392718858278, 0.0, 0.23113097516901487, 0.5462902431593336, 0.12722533389325663, 0.2615076867021422, 0.6827406703727147, 0.3715577853742851, 0.21037211397873956, 0.007671947615560004, 0.6140102116255011, 0.6403141346146397, 0.6614023367085442, 0.7743424618876658, 0.7004794484384237, 0.6067641916428971], [-0.040378809858121034, 0.8845421219318488, 0.0, 0.20679549101132363, 0.5240087556649157, 0.13105236268187778, 0.2786420149751024, 0.6798532407287992, 0.37776632416427924, 0.20246144238053065, 0.007448685839370306, 0.6220106086840753, 0.6483881235992913, 0.6700455371798505, 0.7846426180656647, 0.7286616118578567, 0.6007741339038609]], "features_2": [[-0.2085740924771291, 0.6641512822963829, 0.0, 0.20102204191219775, 0.4454081224027375, 0.14484916708834905, 0.2493330780705591, 0.6662562935448655, 0.46423507283273424, 0.17207105608269058, 0.00822905385914674, 0.630374597756747, 0.6842511351532529, 0.7191306784998187, 0.8129430300431275, 0.7144393927837475, 0.6345728986124379], [0.29512890986587603, 0.6909783885225582, 0.0, 0.23610292370934657, 0.45652650391010163, 0.1439933929879721, 0.25301869591310366, 0.6666948052751445, 0.4593250272796443, 0.1743688379158641, 0.008006390651371653, 0.6117874779782038, 0.6509319000499185, 0.6941691530556384, 0.80615405271077, 0.7215509938475311, 0.6347198414287832], [0.12489799004573587, 0.8002861733803698, 0.0, 0.22795632860596174, 0.48605219592415194, 0.1456342787262061, 0.22911453289253245, 0.6634753828977618, 0.46120345158979403, 0.20148111734924967, 0.008117752083540042, 0.6203863538557308, 0.6636018750057078, 0.7077438907827757, 0.8074503607570047, 0.7216786599205871, 0.6321103813466474], [-0.3693063846891351, 0.7847602462825715, 0.0, 0.2175704171904245, 0.48151756565762416, 0.146406390063024, 0.23418262052861394, 0.6636120820728943, 0.4667139489282168, 0.20287678380209018, 0.007894969482732161, 0.6428824167887841, 0.6863318221928306, 0.7120956023677771, 0.8142285492410091, 0.7283100247438747, 0.637847057766332], [-0.014898520708819252, 0.7342299554062273, 0.0, 0.23532164784427326, 0.4736538713115028, 0.1427293949061078, 0.2674157589089255, 0.6679017096252702, 0.4447988340576936, 0.1842333089475925, 0.00822905385914674, 0.6232036937385854, 0.6602928265486482, 0.686347324354812, 0.8014407095443371, 0.7274026786883496, 0.6249520456739843], [0.29110439032175783, 0.8124152612344434, 0.0, 0.25263105059128865, 0.4904495231080708, 0.1457850862142307, 0.19409809106835355, 0.6616886805623959, 0.4683975141501293, 0.20434319768693543, 0.008451478759474051, 0.6166931774398448, 0.6511857812322328, 0.6943685961966274, 0.803635568991672, 0.727197836931271, 0.6322633182219429], [-0.2117039046621092, 0.873722839913308, 0.0, 0.23806809595072634, 0.5114694466247773, 0.14087461522443445, 0.23078386154510538, 0.6693478462527102, 0.42764630563292716, 0.2137617104494416, 0.00822905385914674, 0.630724330864918, 0.664252455823344, 0.7065304998409955, 0.8018139424200935, 0.7193075744388644, 0.601786547748876], [-0.23083648536932388, 0.8739100839431508, 0.0, 0.25882426953121207, 0.5179907298194782, 0.13423902154800396, 0.21024113181266274, 0.6750884030706008, 0.3973610826905354, 0.20767941925873057, 0.007783488497544067, 0.6293845192534264, 0.6679408306895316, 0.6936505785066444, 0.7808907306647931, 0.6858647788024002, 0.584984735835372], [-0.3693109631718712, 0.9089519078746893, 0.0, 0.24708883074454657, 0.5259778465809029, 0.13464896439612462, 0.19763331893832756, 0.6745737562919514, 0.4072737758199112, 0.21736041007619789, 0.008173410423425675, 0.6392700022164148, 0.659492816849381, 0.6799494563631957, 0.7820955588187605, 0.6915292054416339, 0.5855948709835208]]}