{"labels_1": ["1", "2", "3", "4", "5", "6", "7", "8", "9"], "labels_2": ["1", "2", "3", "4", "5", "6", "7", "8", "9"], "adj_matrix_1": [[0.0, 0.21339, 0.16074, 0.27576, 0.26463, 0.27469, 0.15399, 0.27568, 0.26788], [0.21339, 0.0, 0.08212, 0.25184, 0.13955, 0.26966, 0.09068, 0.23422, 0.3125], [0.16074, 0.08212, 0.0, 0.28809, 0.2046, 0.29979, 0.00909, 0.27602, 0.32551], [0.27576, 0.25184, 0.28809, 0.0, 0.14147, 0.02868, 0.29047, 0.02611, 0.10825], [0.26463, 0.13955, 0.2046, 0.14147, 0.0, 0.16719, 0.21054, 0.11724, 0.2344], [0.27469, 0.26966, 0.29979, 0.02868, 0.16719, 0.0, 0.30147, 0.05464, 0.08046], [0.15399, 0.09068, 0.00909, 0.29047, 0.21054, 0.30147, 0.0, 0.27903, 0.32529], [0.27568, 0.23422, 0.27602, 0.02611, 0.11724, 0.05464, 0.27903, 0.0, 0.13299], [0.26788, 0.3125, 0.32551, 0.10825, 0.2344, 0.08046, 0.32529, 0.13299, 0.0]], "adj_matrix_2": [[0.0, 0.23373, 0.10398, 0.05082, 0.2352, 0.23201, 0.19755, 0.04446, 0.07679], [0.23373, 0.0, 0.20911, 0.22545, 0.01514, 0.0666, 0.22067, 0.22663, 0.23549], [0.10398, 0.20911, 0.0, 0.05542, 0.20484, 0.18153, 0.26049, 0.06168, 0.17056], [0.05082, 0.22545, 0.05542, 0.0, 0.22429, 0.21166, 0.23218, 0.00645, 0.12426], [0.2352, 0.01514, 0.20484, 0.22429, 0.0, 0.05221, 0.22972, 0.22585, 0.24044], [0.23201, 0.0666, 0.18153, 0.21166, 0.05221, 0.0, 0.25665, 0.21449, 0.25039], [0.19755, 0.22067, 0.26049, 0.23218, 0.22972, 0.25665, 0.0, 0.2283, 0.13292], [0.04446, 0.22663, 0.06168, 0.00645, 0.22585, 0.21449, 0.2283, 0.0, 0.11857], [0.07679, 0.23549, 0.17056, 0.12426, 0.24044, 0.25039, 0.13292, 0.11857, 0.0]], "features_1": [[0.43957926451383456, 0.7575331702345146, 0.0, 0.235637337750755, 0.49885764398806165, 0.1345229535641952, 0.3403703951162818, 0.6796439941353425, 0.408381995861262, 0.1780316526784924, 0.007504523810135222, 0.5952490952960572, 0.6589092772431013, 0.6952858029362577, 0.8004185551124265, 0.7182082337550814, 0.6328231121027259], [0.0862689727854975, 0.7355480947092989, 0.0, 0.2222596546252856, 0.4907866502321624, 0.1362224061855503, 0.34837058741405114, 0.6778325527064384, 0.42350844794114173, 0.17628750894548761, 0.007616154688146137, 0.6069532380887817, 0.666606477190139, 0.6971028023581275, 0.8053808262350088, 0.7252181427481162, 0.6419943420503151], [0.2597750402712333, 0.8781985750983026, 0.0, 0.2474527587330205, 0.5379916670706288, 0.13134107674032416, 0.3645953311987455, 0.6826261952892756, 0.38555643106404336, 0.19803842598948318, 0.007057398507269275, 0.5972175974795608, 0.650453005949764, 0.6721322454786558, 0.7965385318634086, 0.7276912125961746, 0.626517831536933], [0.17497164050886838, 0.8509444297418876, 0.0, 0.2356930894553097, 0.5235565646391925, 0.13633434751020887, 0.3407342830052663, 0.6782676537629804, 0.4158376977440936, 0.20095480130254106, 0.00716927026363523, 0.6158937953079018, 0.6771061232443238, 0.7025576403749303, 0.8064352088621646, 0.731650325275699, 0.6374047589436073], [0.08620332992224844, 0.7534284016699334, 0.0, 0.1777506603569147, 0.49666516001973715, 0.13308215709403629, 0.31346223390697503, 0.6801276990544858, 0.3920099987364558, 0.1748531171758123, 0.007671947615560004, 0.6085784120071869, 0.67761191689381, 0.6953908431569877, 0.7970603349615312, 0.7309219966706298, 0.6264094408669707], [-0.11398964890407859, 0.8665215375769889, 0.0, 0.24201943580472995, 0.5332636534901576, 0.1321130039939746, 0.36305349758489813, 0.68186974464269, 0.40183145017737876, 0.20083011850688104, 0.007504523810135222, 0.6182861425026225, 0.6746233853617639, 0.7113288711366589, 0.7982445195344644, 0.7206348588151704, 0.631734118554515], [0.2255291624289586, 0.8528373485647452, 0.0, 0.23872966191758802, 0.5210043419299685, 0.13433025677114493, 0.358577234421044, 0.6800633045145004, 0.39304751169822905, 0.19751481811917704, 0.007504523810135222, 0.607588575175237, 0.6638605989015853, 0.6963194228861079, 0.8035237508620119, 0.718695539000322, 0.6144291229359462], [0.12170003674854302, 0.952392718858278, 0.0, 0.23113097516901487, 0.5462902431593336, 0.12722533389325663, 0.2615076867021422, 0.6827406703727147, 0.3715577853742851, 0.21037211397873956, 0.007671947615560004, 0.6140102116255011, 0.6403141346146397, 0.6614023367085442, 0.7743424618876658, 0.7004794484384237, 0.6067641916428971], [-0.040378809858121034, 0.8845421219318488, 0.0, 0.20679549101132363, 0.5240087556649157, 0.13105236268187778, 0.2786420149751024, 0.6798532407287992, 0.37776632416427924, 0.20246144238053065, 0.007448685839370306, 0.6220106086840753, 0.6483881235992913, 0.6700455371798505, 0.7846426180656647, 0.7286616118578567, 0.6007741339038609]], "features_2": [[-0.010161337298527862, 0.7377212361274048, 0.0, 0.2337755671300552, 0.4896184274957912, 0.13194329167930852, 0.23874372894714782, 0.6787089402182007, 0.38519727609884113, 0.17333375820786956, 0.007281081678807366, 0.6123229557001098, 0.6675260510067734, 0.696176234232138, 0.7831103034098422, 0.7192355463022874, 0.6041000142350451], [0.6659701252257415, 0.8061003844976522, 0.0, 0.2531562899880197, 0.5050994407841269, 0.13481439538132142, 0.19768742418611182, 0.6750850829010266, 0.41372527124057146, 0.189969370161154, 0.00783923647221818, 0.5842532461726959, 0.6520460046575579, 0.6890645861265331, 0.784417214205284, 0.6989323760040342, 0.6118572442966365], [0.12082000428884987, 0.854777643533498, 0.0, 0.23364850551437258, 0.5212452559495441, 0.13235344005408312, 0.21870902055403504, 0.6773865175814395, 0.3921907358881127, 0.19842352967092136, 0.007504523810135222, 0.601810899145574, 0.6449108175145544, 0.6685142667168054, 0.7803289267261291, 0.7069004633459647, 0.599663923279604], [0.1192688176312422, 0.8371382969468623, 0.0, 0.2117002288338515, 0.5143879583691533, 0.1336326428202459, 0.24529757849674638, 0.6769057914660741, 0.39934974858005456, 0.1971478545797647, 0.007727725548673403, 0.6075366224291696, 0.6458914873106462, 0.6773425864208958, 0.7878164021071697, 0.7336755544391473, 0.6044229709077721], [1.2078950885451292, 0.8179198127608375, 0.0, 0.255625969094774, 0.5098834219638023, 0.13198500229895205, 0.2603180707578595, 0.6786805779337736, 0.40118151124116297, 0.18674194882313921, 0.008006390651371653, 0.5684901239291156, 0.6558706515693092, 0.6733373330210931, 0.7835131398861473, 0.7102753651260101, 0.5994451896295442], [0.7671887387648111, 0.858793101138824, 0.0, 0.2256492881465891, 0.5203628389641042, 0.13429907680904896, 0.2503211954693668, 0.6760265322100402, 0.4057378421797182, 0.19929795765356317, 0.007560346756364078, 0.5839601006122686, 0.6419195682807834, 0.6806740647962429, 0.7869157462083467, 0.7219369919483654, 0.6066917702293326], [0.12294996368089661, 0.9039884472484434, 0.0, 0.19986747260091753, 0.5254707493789507, 0.13469007343400857, 0.2495702387285199, 0.675918773475819, 0.4136140175297853, 0.21256003808510582, 0.007616154688146137, 0.6151256101979947, 0.6488025322858699, 0.6817093113080747, 0.7904970123087639, 0.7305439413715409, 0.5807621339080901], [0.7364245533234541, 0.9565440250756502, 0.0, 0.2394359767586471, 0.5519113768723636, 0.1242150601420205, 0.3400791939309258, 0.6852826880519818, 0.37099498247635854, 0.20463032704098016, 0.007894969482732161, 0.5862183120069075, 0.6212243571916577, 0.6476283587396716, 0.767154841907148, 0.7080245875699891, 0.5835596831244879], [0.32295693110869284, 1.0859866441881134, 0.0, 0.24156252256176672, 0.5801393881594402, 0.1233891552569231, 0.29302650784396744, 0.6857893859521244, 0.3597645650550336, 0.23112841836284037, 0.007225183508792421, 0.5993221010171348, 0.6427213867007181, 0.6693488510058582, 0.7634284134286499, 0.6863203586118599, 0.5502180742331744]]}