{"labels_1": ["1", "2", "3", "4", "5", "6", "7", "8", "9"], "labels_2": ["1", "2", "3", "4", "5", "6", "7", "8", "9"], "adj_matrix_1": [[0.0, 0.21432, 0.13364, 0.04972, 0.20062, 0.15441, 0.05572, 0.1781, 0.24794], [0.21432, 0.0, 0.18775, 0.2109, 0.12932, 0.17612, 0.21203, 0.15747, 0.16692], [0.13364, 0.18775, 0.0, 0.08959, 0.09995, 0.02664, 0.17706, 0.06079, 0.28168], [0.04972, 0.2109, 0.08959, 0.0, 0.17118, 0.11339, 0.10314, 0.14184, 0.26898], [0.20062, 0.12932, 0.09995, 0.17118, 0.0, 0.07571, 0.2255, 0.0423, 0.25472], [0.15441, 0.17612, 0.02664, 0.11339, 0.07571, 0.0, 0.1937, 0.03478, 0.27887], [0.05572, 0.21203, 0.17706, 0.10314, 0.2255, 0.1937, 0.0, 0.21126, 0.21432], [0.1781, 0.15747, 0.06079, 0.14184, 0.0423, 0.03478, 0.21126, 0.0, 0.27081], [0.24794, 0.16692, 0.28168, 0.26898, 0.25472, 0.27887, 0.21432, 0.27081, 0.0]], "adj_matrix_2": [[0.0, 0.28163, 0.09037, 0.17059, 0.21054, 0.21957, 0.24139, 0.00186, 0.1798], [0.28163, 0.0, 0.26165, 0.22611, 0.19693, 0.18839, 0.1637, 0.28123, 0.21993], [0.09037, 0.26165, 0.0, 0.08755, 0.13522, 0.14661, 0.17545, 0.09213, 0.09829], [0.17059, 0.22611, 0.08755, 0.0, 0.05149, 0.0643, 0.09792, 0.17206, 0.01133], [0.21054, 0.19693, 0.13522, 0.05149, 0.0, 0.01309, 0.04812, 0.21172, 0.04028], [0.21957, 0.18839, 0.14661, 0.0643, 0.01309, 0.0, 0.03518, 0.2208, 0.0532], [0.24139, 0.1637, 0.17545, 0.09792, 0.04812, 0.03518, 0.0, 0.24241, 0.08721], [0.00186, 0.28123, 0.09213, 0.17206, 0.21172, 0.2208, 0.24241, 0.0, 0.18139], [0.1798, 0.21993, 0.09829, 0.01133, 0.04028, 0.0532, 0.08721, 0.18139, 0.0]], "features_1": [[1.127787476685012, 0.7979944216959534, 0.0, 0.31373901831112067, 0.5229766551131507, 0.12668756899670217, 0.4276947816332296, 0.6869809129477886, 0.3683172682725986, 0.17292974747590528, 0.00711334193318236, 0.5791614481527536, 0.6461353672345981, 0.6601588030772854, 0.7921747591659397, 0.7312324141638431, 0.6172648794757838], [1.9823008328379972, 0.8506383167969878, 0.0, 0.3518483990620132, 0.5386181438104279, 0.1268283496109242, 0.48407899848347286, 0.6875548933340857, 0.37287930302766914, 0.18129743691671196, 0.007448685839370306, 0.5640050986309717, 0.645152607268583, 0.6645223278435473, 0.795815764198564, 0.7330615604147788, 0.6067484049428898], [1.383066751937923, 0.9341113553036953, 0.0, 0.3187311812136125, 0.5609185825418403, 0.12737559090408082, 0.4582057001238738, 0.6871211770752215, 0.3752773959058082, 0.19911350139101658, 0.007225183508792421, 0.572617294827974, 0.648360627258685, 0.6499340321655014, 0.796687789020055, 0.7496617561476725, 0.6140631516024172], [1.2480685232408826, 0.9001946917106755, 0.0, 0.30159201122282614, 0.5482600838749376, 0.12992907372475632, 0.3957958617994038, 0.6847994080044295, 0.39598406291157673, 0.19790664521953638, 0.007560346756364078, 0.5790450275833952, 0.6613288892783976, 0.681071899666778, 0.797912586151138, 0.7351043679977648, 0.6224009180422951], [2.0494414062703035, 0.8896110405804335, 0.0, 0.34605931226495873, 0.5438874974171419, 0.12851913818322094, 0.3974908525518295, 0.6853085583067906, 0.38483797348140225, 0.19281478156617893, 0.007894969482732161, 0.5701428063820144, 0.6308246369886302, 0.6559614869005419, 0.7922576166104165, 0.7223436119726765, 0.6060806721155977], [1.2315892730750555, 0.9936406449565833, 0.0, 0.3142627989918543, 0.571275175743019, 0.1301143095561198, 0.41414109804574506, 0.6851325672743135, 0.39965634910626213, 0.21757639193710565, 0.007336964783822175, 0.576569751287106, 0.6489076915742055, 0.6656405347701118, 0.7995641022566256, 0.7230140607941262, 0.61901504367531], [0.613557537153036, 0.88034663545061, 0.0, 0.2654101011819214, 0.5349406711378086, 0.13577041780185917, 0.3399131994035571, 0.6795729122601275, 0.4251081665871512, 0.20285229648497505, 0.007783488497544067, 0.5987433813275045, 0.6623072770139812, 0.6836054171323634, 0.8055855799120588, 0.7348845555767918, 0.6309862488825475], [1.2537427781203778, 0.9913887441215381, 0.0, 0.29444914341333256, 0.5658950292568439, 0.12631716906072085, 0.33150124642933676, 0.6854119588468833, 0.37220086021371035, 0.21302803799397774, 0.007392832833969631, 0.5708210664783016, 0.6285691336477012, 0.6529474215082494, 0.78074507672913, 0.7065840014161152, 0.592394849182871], [0.24724390503200233, 0.9278970504896437, 0.0, 0.2550236858768799, 0.5562817572242699, 0.12767064991109062, 0.41679869330504005, 0.6861181653615609, 0.3948289019157296, 0.2070303633948627, 0.007783488497544067, 0.611155525557352, 0.6719285022521095, 0.6953649681178999, 0.7929200618340029, 0.7098349143418475, 0.6063931527660772]], "features_2": [[0.5309795161865751, 0.7662629860498603, 0.0, 0.23229890793283184, 0.49043311673200596, 0.13812881113318046, 0.22954981687319959, 0.6711093294007935, 0.46216964069933075, 0.18445792214303913, 0.008062078829516484, 0.613364870285003, 0.6500643650933015, 0.6816697426407755, 0.7983814669923722, 0.7303249131481518, 0.617119656518604], [0.5282029629488898, 0.7408323560219385, 0.0, 0.23337998439987317, 0.484370233476605, 0.13790083605556666, 0.2444588077217503, 0.6720227640981432, 0.44001740941768364, 0.179342237670024, 0.008173410423425675, 0.6001092855613162, 0.6476139307770971, 0.6695707059268593, 0.8001121666944047, 0.7068797424714506, 0.634611476492811], [0.5659653512809082, 0.8858400200656512, 0.0, 0.22521975808706407, 0.5230706136888917, 0.13785211264398556, 0.21020439163295848, 0.6701125382097393, 0.46111900376904336, 0.21067101963308277, 0.00822905385914674, 0.6104541156797763, 0.6426266077384593, 0.6783544769884065, 0.7943612740208562, 0.71185332698719, 0.6171177556392969], [0.5397161011580405, 0.8697990911539007, 0.0, 0.24991528647642744, 0.5108126575171157, 0.14140354102427982, 0.18286493262042355, 0.6642431969876121, 0.4758003398432955, 0.21146095687714572, 0.008673665988278678, 0.6140521504137548, 0.6458109560551799, 0.6753847242201049, 0.7992223552677923, 0.7289092551708591, 0.614476176380592], [0.2176185778870452, 0.8206728420226319, 0.0, 0.23892288205135648, 0.5139908176283706, 0.13154678128705294, 0.3243911798992244, 0.6801375156957677, 0.39234864653160617, 0.18804192631706873, 0.007448685839370306, 0.6065951857850154, 0.6686783848050893, 0.7040303929428477, 0.7925894873624203, 0.7118264319826614, 0.6135972706980024], [0.6949685692640473, 0.9325615450179191, 0.0, 0.23824286735139544, 0.5336208243484075, 0.13709389821400425, 0.1953024821762625, 0.6703322650892091, 0.4466710969282395, 0.21735274341091837, 0.00839589484089287, 0.6050244646208074, 0.6366551946481626, 0.6521321544784306, 0.7899970168980781, 0.7064184720423143, 0.6145348777244798], [0.18776656005213166, 0.9112089968563717, 0.0, 0.24256207601887245, 0.5229386367741604, 0.13626050480273214, 0.22575610615380412, 0.6707836749400811, 0.410886473719023, 0.21409213984660447, 0.007671947615560004, 0.6040663428694177, 0.6428689824546348, 0.6745937726641975, 0.7849420358417137, 0.695481178025413, 0.6043345393068019], [0.04415694194466946, 1.0368820291130538, 0.0, 0.22793824961195755, 0.5708648874652827, 0.12574872882940225, 0.3453839890507048, 0.683628479289093, 0.356060970948082, 0.2224260186838165, 0.007336964783822175, 0.6128173347002019, 0.6463345822733696, 0.6676055170361616, 0.7689562904850124, 0.6946085402995583, 0.586758058404752], [0.48146415790021324, 1.0501857615775996, 0.0, 0.2407563115679535, 0.5667639655850897, 0.12947721836468426, 0.26808075037370716, 0.6791410266815928, 0.3796208432177095, 0.22912240637305747, 0.007894969482732161, 0.6004547647400225, 0.6355586434259227, 0.6603990433854849, 0.7697562648509119, 0.6839445797679642, 0.587955759263525]]}