{"labels_1": ["1", "2", "3", "4", "5", "6", "7", "8", "9"], "labels_2": ["1", "2", "3", "4", "5", "6", "7", "8", "9"], "adj_matrix_1": [[0.0, 0.21432, 0.13364, 0.04972, 0.20062, 0.15441, 0.05572, 0.1781, 0.24794], [0.21432, 0.0, 0.18775, 0.2109, 0.12932, 0.17612, 0.21203, 0.15747, 0.16692], [0.13364, 0.18775, 0.0, 0.08959, 0.09995, 0.02664, 0.17706, 0.06079, 0.28168], [0.04972, 0.2109, 0.08959, 0.0, 0.17118, 0.11339, 0.10314, 0.14184, 0.26898], [0.20062, 0.12932, 0.09995, 0.17118, 0.0, 0.07571, 0.2255, 0.0423, 0.25472], [0.15441, 0.17612, 0.02664, 0.11339, 0.07571, 0.0, 0.1937, 0.03478, 0.27887], [0.05572, 0.21203, 0.17706, 0.10314, 0.2255, 0.1937, 0.0, 0.21126, 0.21432], [0.1781, 0.15747, 0.06079, 0.14184, 0.0423, 0.03478, 0.21126, 0.0, 0.27081], [0.24794, 0.16692, 0.28168, 0.26898, 0.25472, 0.27887, 0.21432, 0.27081, 0.0]], "adj_matrix_2": [[0.0, 0.18975, 0.08099, 0.0705, 0.16749, 0.1737, 0.22443, 0.06923, 0.09423], [0.18975, 0.0, 0.11406, 0.2487, 0.02448, 0.01769, 0.0394, 0.2477, 0.26691], [0.08099, 0.11406, 0.0, 0.14847, 0.09024, 0.09689, 0.15172, 0.14729, 0.17047], [0.0705, 0.2487, 0.14847, 0.0, 0.22858, 0.23422, 0.27964, 0.00129, 0.02438], [0.16749, 0.02448, 0.09024, 0.22858, 0.0, 0.0068, 0.06374, 0.22755, 0.2477], [0.1737, 0.01769, 0.09689, 0.23422, 0.0068, 0.0, 0.057, 0.23321, 0.2531], [0.22443, 0.0394, 0.15172, 0.27964, 0.06374, 0.057, 0.0, 0.27875, 0.29634], [0.06923, 0.2477, 0.14729, 0.00129, 0.22755, 0.23321, 0.27875, 0.0, 0.02567], [0.09423, 0.26691, 0.17047, 0.02438, 0.2477, 0.2531, 0.29634, 0.02567, 0.0]], "features_1": [[1.127787476685012, 0.7979944216959534, 0.0, 0.31373901831112067, 0.5229766551131507, 0.12668756899670217, 0.4276947816332296, 0.6869809129477886, 0.3683172682725986, 0.17292974747590528, 0.00711334193318236, 0.5791614481527536, 0.6461353672345981, 0.6601588030772854, 0.7921747591659397, 0.7312324141638431, 0.6172648794757838], [1.9823008328379972, 0.8506383167969878, 0.0, 0.3518483990620132, 0.5386181438104279, 0.1268283496109242, 0.48407899848347286, 0.6875548933340857, 0.37287930302766914, 0.18129743691671196, 0.007448685839370306, 0.5640050986309717, 0.645152607268583, 0.6645223278435473, 0.795815764198564, 0.7330615604147788, 0.6067484049428898], [1.383066751937923, 0.9341113553036953, 0.0, 0.3187311812136125, 0.5609185825418403, 0.12737559090408082, 0.4582057001238738, 0.6871211770752215, 0.3752773959058082, 0.19911350139101658, 0.007225183508792421, 0.572617294827974, 0.648360627258685, 0.6499340321655014, 0.796687789020055, 0.7496617561476725, 0.6140631516024172], [1.2480685232408826, 0.9001946917106755, 0.0, 0.30159201122282614, 0.5482600838749376, 0.12992907372475632, 0.3957958617994038, 0.6847994080044295, 0.39598406291157673, 0.19790664521953638, 0.007560346756364078, 0.5790450275833952, 0.6613288892783976, 0.681071899666778, 0.797912586151138, 0.7351043679977648, 0.6224009180422951], [2.0494414062703035, 0.8896110405804335, 0.0, 0.34605931226495873, 0.5438874974171419, 0.12851913818322094, 0.3974908525518295, 0.6853085583067906, 0.38483797348140225, 0.19281478156617893, 0.007894969482732161, 0.5701428063820144, 0.6308246369886302, 0.6559614869005419, 0.7922576166104165, 0.7223436119726765, 0.6060806721155977], [1.2315892730750555, 0.9936406449565833, 0.0, 0.3142627989918543, 0.571275175743019, 0.1301143095561198, 0.41414109804574506, 0.6851325672743135, 0.39965634910626213, 0.21757639193710565, 0.007336964783822175, 0.576569751287106, 0.6489076915742055, 0.6656405347701118, 0.7995641022566256, 0.7230140607941262, 0.61901504367531], [0.613557537153036, 0.88034663545061, 0.0, 0.2654101011819214, 0.5349406711378086, 0.13577041780185917, 0.3399131994035571, 0.6795729122601275, 0.4251081665871512, 0.20285229648497505, 0.007783488497544067, 0.5987433813275045, 0.6623072770139812, 0.6836054171323634, 0.8055855799120588, 0.7348845555767918, 0.6309862488825475], [1.2537427781203778, 0.9913887441215381, 0.0, 0.29444914341333256, 0.5658950292568439, 0.12631716906072085, 0.33150124642933676, 0.6854119588468833, 0.37220086021371035, 0.21302803799397774, 0.007392832833969631, 0.5708210664783016, 0.6285691336477012, 0.6529474215082494, 0.78074507672913, 0.7065840014161152, 0.592394849182871], [0.24724390503200233, 0.9278970504896437, 0.0, 0.2550236858768799, 0.5562817572242699, 0.12767064991109062, 0.41679869330504005, 0.6861181653615609, 0.3948289019157296, 0.2070303633948627, 0.007783488497544067, 0.611155525557352, 0.6719285022521095, 0.6953649681178999, 0.7929200618340029, 0.7098349143418475, 0.6063931527660772]], "features_2": [[-0.19444084345779533, 0.6320055423215392, 0.0, 0.22497466361947882, 0.45909721553203925, 0.1366440203283722, 0.5190559081983672, 0.6800528300164947, 0.3840144797024079, 0.15175025355544958, 0.007392832833969631, 0.619636191316566, 0.6747981319076553, 0.7077783745469124, 0.8063957879384284, 0.7406894844790671, 0.6244731438255804], [-0.3407425906839543, 0.6807623586092266, 0.0, 0.24442152871442874, 0.46906364851746657, 0.137892551161533, 0.42724735395414515, 0.6758582484911811, 0.4055293165144256, 0.16647836366457325, 0.007950687539111767, 0.6425772029045533, 0.6832033419282371, 0.7155372748232651, 0.8004969217756, 0.7194876237022418, 0.6257995669660646], [-0.3368753078510709, 0.7342687884715295, 0.0, 0.2216523873254821, 0.49453228980188335, 0.1363806184850174, 0.5125389011356447, 0.6800300501777874, 0.39523999225692186, 0.1769960048838497, 0.00783923647221818, 0.6342020911440729, 0.6843037273403605, 0.7236233746064374, 0.8055907939101348, 0.7274450371689696, 0.6290827424465786], [-0.2504083899540359, 0.7267401180137468, 0.0, 0.2470853926087871, 0.48943495265008186, 0.13734842352397697, 0.5238881349038784, 0.6800440878187173, 0.39806074710355355, 0.17636109429511726, 0.007727725548673403, 0.6199600036749131, 0.6744474167789297, 0.7206174636224794, 0.8109653984801858, 0.7242171816260313, 0.6252417066528152], [-0.0323738982651407, 0.7173561523170957, 0.0, 0.2334061304125667, 0.4825243368151236, 0.13279831627733388, 0.30994991426303214, 0.6787620378478592, 0.3936699926975784, 0.1693294387955857, 0.007950687539111767, 0.6301170006066248, 0.6779951712178605, 0.6969304127629123, 0.7881931770590072, 0.711905213771084, 0.6077634952693935], [-0.4205822673634625, 0.7559923708942775, 0.0, 0.21842124471996416, 0.4958651940055716, 0.1372670132751656, 0.41180669857213914, 0.6772697275869148, 0.4056820262774643, 0.18439578220227504, 0.007727725548673403, 0.6398801638288496, 0.680348646448079, 0.7115451282871129, 0.8038348627396595, 0.7057420390222539, 0.6283678247944218], [-0.35971925476108213, 0.747316073168612, 0.0, 0.24653907889173912, 0.4860457215121622, 0.14031755205823312, 0.4549622712324428, 0.6756041497703618, 0.41349398267491644, 0.18551919252828664, 0.007504523810135222, 0.6417902615255058, 0.6803232211088912, 0.7171384661370921, 0.8108913291925777, 0.7218727309886183, 0.6215049178875334], [-0.14537637848301, 0.8012789956263361, 0.0, 0.17834684561567277, 0.5045366614823493, 0.12897755613115103, 0.22470900398254515, 0.6805711543889321, 0.35842081611846366, 0.18242989104931517, 0.007671947615560004, 0.616386452883547, 0.6421142335605332, 0.6731127903522575, 0.7730300713659262, 0.6817401725606297, 0.5837064687821637], [-0.1160846727205862, 0.7886584861884954, 0.0, 0.19933004622406056, 0.49494676228109125, 0.1344514941368122, 0.2335058898427583, 0.6754453832246126, 0.3854171714855952, 0.18565140369930466, 0.007504523810135222, 0.6177431450964233, 0.6514430742924614, 0.6769560016546009, 0.7856597152180871, 0.7144820059881715, 0.5956384468310133]]}