{"labels_1": ["1", "2", "3", "4", "5", "6", "7", "8", "9"], "labels_2": ["1", "2", "3", "4", "5", "6", "7", "8", "9"], "adj_matrix_1": [[0.0, 0.21432, 0.13364, 0.04972, 0.20062, 0.15441, 0.05572, 0.1781, 0.24794], [0.21432, 0.0, 0.18775, 0.2109, 0.12932, 0.17612, 0.21203, 0.15747, 0.16692], [0.13364, 0.18775, 0.0, 0.08959, 0.09995, 0.02664, 0.17706, 0.06079, 0.28168], [0.04972, 0.2109, 0.08959, 0.0, 0.17118, 0.11339, 0.10314, 0.14184, 0.26898], [0.20062, 0.12932, 0.09995, 0.17118, 0.0, 0.07571, 0.2255, 0.0423, 0.25472], [0.15441, 0.17612, 0.02664, 0.11339, 0.07571, 0.0, 0.1937, 0.03478, 0.27887], [0.05572, 0.21203, 0.17706, 0.10314, 0.2255, 0.1937, 0.0, 0.21126, 0.21432], [0.1781, 0.15747, 0.06079, 0.14184, 0.0423, 0.03478, 0.21126, 0.0, 0.27081], [0.24794, 0.16692, 0.28168, 0.26898, 0.25472, 0.27887, 0.21432, 0.27081, 0.0]], "adj_matrix_2": [[0.0, 0.3273, 0.19766, 0.06248, 0.23752, 0.16501, 0.30962, 0.1976, 0.26008], [0.3273, 0.0, 0.1778, 0.29308, 0.1317, 0.21122, 0.02921, 0.34614, 0.22817], [0.19766, 0.1778, 0.0, 0.14353, 0.04966, 0.03813, 0.15083, 0.30821, 0.25703], [0.06248, 0.29308, 0.14353, 0.0, 0.18801, 0.10778, 0.27199, 0.23948, 0.26498], [0.23752, 0.1317, 0.04966, 0.18801, 0.0, 0.08722, 0.10353, 0.32318, 0.25063], [0.16501, 0.21122, 0.03813, 0.10778, 0.08722, 0.0, 0.18541, 0.2943, 0.26113], [0.30962, 0.02921, 0.15083, 0.27199, 0.10353, 0.18541, 0.0, 0.34254, 0.23313], [0.1976, 0.34614, 0.30821, 0.23948, 0.32318, 0.2943, 0.34254, 0.0, 0.17733], [0.26008, 0.22817, 0.25703, 0.26498, 0.25063, 0.26113, 0.23313, 0.17733, 0.0]], "features_1": [[1.127787476685012, 0.7979944216959534, 0.0, 0.31373901831112067, 0.5229766551131507, 0.12668756899670217, 0.4276947816332296, 0.6869809129477886, 0.3683172682725986, 0.17292974747590528, 0.00711334193318236, 0.5791614481527536, 0.6461353672345981, 0.6601588030772854, 0.7921747591659397, 0.7312324141638431, 0.6172648794757838], [1.9823008328379972, 0.8506383167969878, 0.0, 0.3518483990620132, 0.5386181438104279, 0.1268283496109242, 0.48407899848347286, 0.6875548933340857, 0.37287930302766914, 0.18129743691671196, 0.007448685839370306, 0.5640050986309717, 0.645152607268583, 0.6645223278435473, 0.795815764198564, 0.7330615604147788, 0.6067484049428898], [1.383066751937923, 0.9341113553036953, 0.0, 0.3187311812136125, 0.5609185825418403, 0.12737559090408082, 0.4582057001238738, 0.6871211770752215, 0.3752773959058082, 0.19911350139101658, 0.007225183508792421, 0.572617294827974, 0.648360627258685, 0.6499340321655014, 0.796687789020055, 0.7496617561476725, 0.6140631516024172], [1.2480685232408826, 0.9001946917106755, 0.0, 0.30159201122282614, 0.5482600838749376, 0.12992907372475632, 0.3957958617994038, 0.6847994080044295, 0.39598406291157673, 0.19790664521953638, 0.007560346756364078, 0.5790450275833952, 0.6613288892783976, 0.681071899666778, 0.797912586151138, 0.7351043679977648, 0.6224009180422951], [2.0494414062703035, 0.8896110405804335, 0.0, 0.34605931226495873, 0.5438874974171419, 0.12851913818322094, 0.3974908525518295, 0.6853085583067906, 0.38483797348140225, 0.19281478156617893, 0.007894969482732161, 0.5701428063820144, 0.6308246369886302, 0.6559614869005419, 0.7922576166104165, 0.7223436119726765, 0.6060806721155977], [1.2315892730750555, 0.9936406449565833, 0.0, 0.3142627989918543, 0.571275175743019, 0.1301143095561198, 0.41414109804574506, 0.6851325672743135, 0.39965634910626213, 0.21757639193710565, 0.007336964783822175, 0.576569751287106, 0.6489076915742055, 0.6656405347701118, 0.7995641022566256, 0.7230140607941262, 0.61901504367531], [0.613557537153036, 0.88034663545061, 0.0, 0.2654101011819214, 0.5349406711378086, 0.13577041780185917, 0.3399131994035571, 0.6795729122601275, 0.4251081665871512, 0.20285229648497505, 0.007783488497544067, 0.5987433813275045, 0.6623072770139812, 0.6836054171323634, 0.8055855799120588, 0.7348845555767918, 0.6309862488825475], [1.2537427781203778, 0.9913887441215381, 0.0, 0.29444914341333256, 0.5658950292568439, 0.12631716906072085, 0.33150124642933676, 0.6854119588468833, 0.37220086021371035, 0.21302803799397774, 0.007392832833969631, 0.5708210664783016, 0.6285691336477012, 0.6529474215082494, 0.78074507672913, 0.7065840014161152, 0.592394849182871], [0.24724390503200233, 0.9278970504896437, 0.0, 0.2550236858768799, 0.5562817572242699, 0.12767064991109062, 0.41679869330504005, 0.6861181653615609, 0.3948289019157296, 0.2070303633948627, 0.007783488497544067, 0.611155525557352, 0.6719285022521095, 0.6953649681178999, 0.7929200618340029, 0.7098349143418475, 0.6063931527660772]], "features_2": [[0.0007862779545213527, 0.9902131293390525, 0.0, 0.20132926234143148, 0.5643122133941326, 0.1266489758679715, 0.35087278181832177, 0.6851180493352891, 0.35994377995622173, 0.21644611982618023, 0.007225183508792421, 0.6123015227903341, 0.6622465155159497, 0.6796377269478875, 0.7778855857567135, 0.6986919160731514, 0.579501376776601], [-0.2878990876095635, 0.9474435802466543, 0.0, 0.18269358353673448, 0.5477405935269576, 0.12831994045913286, 0.28050702131138794, 0.6827006852970177, 0.3594392611144541, 0.21158484124621735, 0.00711334193318236, 0.6285895229695788, 0.6521266513325504, 0.6723622097235664, 0.7799164986595346, 0.68323954558258, 0.5822906607095534], [-0.08923622066296222, 1.1408884702097228, 0.0, 0.18694403478835941, 0.5947538810450428, 0.12823168280583286, 0.32686506418054295, 0.6830434112758563, 0.3665762029129571, 0.2467650018893821, 0.007392832833969631, 0.6200532901001159, 0.6483906577344649, 0.6742265550141291, 0.7764830371424135, 0.6879823491324476, 0.5924090746597264], [-0.031138646864310893, 1.1324484929586, 0.0, 0.2181526545209367, 0.5944343338883613, 0.1298952376164719, 0.37604692338787443, 0.6831011743858018, 0.38259260818801577, 0.24859775466681677, 0.007560346756364078, 0.6118153107178499, 0.6641228489488276, 0.6904163033174343, 0.7867518791321894, 0.696837537989882, 0.605857042480923], [-0.2815559312513152, 0.9773360035739685, 0.0, 0.18225313282482256, 0.5535184836745047, 0.12831542888938655, 0.24682819474806336, 0.6818061043940638, 0.3602185275148959, 0.21933643221813548, 0.00711334193318236, 0.6223574442016904, 0.6475073121127005, 0.6614111043378135, 0.7754010697665714, 0.6949792271078824, 0.583304477692838], [-0.16690496347520556, 1.1049691410390707, 0.0, 0.17493152193524017, 0.5867704644960101, 0.12969696844447984, 0.2914787881676368, 0.6813613738750918, 0.3705836564956482, 0.24323488745696453, 0.007281081678807366, 0.6145566981757371, 0.6494069882535145, 0.6747023914132396, 0.780007181603998, 0.6797378547058406, 0.6059089288549203], [-0.22909166911900058, 1.1243189927397639, 0.0, 0.19448336251102827, 0.5984572577478211, 0.1283522455695424, 0.41289344472547074, 0.6848241078684796, 0.3673400329070047, 0.2447814510162527, 0.00711334193318236, 0.6228708919444212, 0.6698752496051291, 0.683572119618715, 0.7884703628215262, 0.6878879763882234, 0.615968445630928], [0.591165598404463, 1.0385692229047783, 0.0, 0.250482408349535, 0.5708404985798531, 0.12376206227456733, 0.18466677552157834, 0.684199188221751, 0.3328150735284694, 0.21815559498190162, 0.0069454663283523566, 0.5882519686431675, 0.6058121647180243, 0.6243394379364348, 0.7557227875370565, 0.6748012524585624, 0.5511086167019149], [1.5603323058555496, 1.172206635971832, 0.0, 0.3431052591347583, 0.6107368682447454, 0.11967455608356616, 0.26755099195360116, 0.6885040340436894, 0.3327754745929459, 0.2331425462990353, 0.007001439975721224, 0.560157990208205, 0.6176142173359196, 0.643049712287047, 0.7562919644151995, 0.6673476387409412, 0.5687895338155478]]}