{"labels_1": ["1", "2", "3", "4", "5", "6", "7", "8", "9"], "labels_2": ["1", "2", "3", "4", "5", "6", "7", "8", "9"], "adj_matrix_1": [[0.0, 0.21432, 0.13364, 0.04972, 0.20062, 0.15441, 0.05572, 0.1781, 0.24794], [0.21432, 0.0, 0.18775, 0.2109, 0.12932, 0.17612, 0.21203, 0.15747, 0.16692], [0.13364, 0.18775, 0.0, 0.08959, 0.09995, 0.02664, 0.17706, 0.06079, 0.28168], [0.04972, 0.2109, 0.08959, 0.0, 0.17118, 0.11339, 0.10314, 0.14184, 0.26898], [0.20062, 0.12932, 0.09995, 0.17118, 0.0, 0.07571, 0.2255, 0.0423, 0.25472], [0.15441, 0.17612, 0.02664, 0.11339, 0.07571, 0.0, 0.1937, 0.03478, 0.27887], [0.05572, 0.21203, 0.17706, 0.10314, 0.2255, 0.1937, 0.0, 0.21126, 0.21432], [0.1781, 0.15747, 0.06079, 0.14184, 0.0423, 0.03478, 0.21126, 0.0, 0.27081], [0.24794, 0.16692, 0.28168, 0.26898, 0.25472, 0.27887, 0.21432, 0.27081, 0.0]], "adj_matrix_2": [[0.0, 0.08051, 0.2006, 0.16113, 0.25309, 0.1814, 0.12968, 0.26173, 0.06054], [0.08051, 0.0, 0.12717, 0.0842, 0.18695, 0.1061, 0.05085, 0.19719, 0.02025], [0.2006, 0.12717, 0.0, 0.04476, 0.06633, 0.02221, 0.07817, 0.07828, 0.14609], [0.16113, 0.0842, 0.04476, 0.0, 0.1097, 0.02264, 0.03386, 0.12121, 0.10385], [0.25309, 0.18695, 0.06633, 0.1097, 0.0, 0.08797, 0.14141, 0.01224, 0.20419], [0.1814, 0.1061, 0.02221, 0.02264, 0.08797, 0.0, 0.05634, 0.09973, 0.12543], [0.12968, 0.05085, 0.07817, 0.03386, 0.14141, 0.05634, 0.0, 0.15248, 0.07086], [0.26173, 0.19719, 0.07828, 0.12121, 0.01224, 0.09973, 0.15248, 0.0, 0.21409], [0.06054, 0.02025, 0.14609, 0.10385, 0.20419, 0.12543, 0.07086, 0.21409, 0.0]], "features_1": [[1.127787476685012, 0.7979944216959534, 0.0, 0.31373901831112067, 0.5229766551131507, 0.12668756899670217, 0.4276947816332296, 0.6869809129477886, 0.3683172682725986, 0.17292974747590528, 0.00711334193318236, 0.5791614481527536, 0.6461353672345981, 0.6601588030772854, 0.7921747591659397, 0.7312324141638431, 0.6172648794757838], [1.9823008328379972, 0.8506383167969878, 0.0, 0.3518483990620132, 0.5386181438104279, 0.1268283496109242, 0.48407899848347286, 0.6875548933340857, 0.37287930302766914, 0.18129743691671196, 0.007448685839370306, 0.5640050986309717, 0.645152607268583, 0.6645223278435473, 0.795815764198564, 0.7330615604147788, 0.6067484049428898], [1.383066751937923, 0.9341113553036953, 0.0, 0.3187311812136125, 0.5609185825418403, 0.12737559090408082, 0.4582057001238738, 0.6871211770752215, 0.3752773959058082, 0.19911350139101658, 0.007225183508792421, 0.572617294827974, 0.648360627258685, 0.6499340321655014, 0.796687789020055, 0.7496617561476725, 0.6140631516024172], [1.2480685232408826, 0.9001946917106755, 0.0, 0.30159201122282614, 0.5482600838749376, 0.12992907372475632, 0.3957958617994038, 0.6847994080044295, 0.39598406291157673, 0.19790664521953638, 0.007560346756364078, 0.5790450275833952, 0.6613288892783976, 0.681071899666778, 0.797912586151138, 0.7351043679977648, 0.6224009180422951], [2.0494414062703035, 0.8896110405804335, 0.0, 0.34605931226495873, 0.5438874974171419, 0.12851913818322094, 0.3974908525518295, 0.6853085583067906, 0.38483797348140225, 0.19281478156617893, 0.007894969482732161, 0.5701428063820144, 0.6308246369886302, 0.6559614869005419, 0.7922576166104165, 0.7223436119726765, 0.6060806721155977], [1.2315892730750555, 0.9936406449565833, 0.0, 0.3142627989918543, 0.571275175743019, 0.1301143095561198, 0.41414109804574506, 0.6851325672743135, 0.39965634910626213, 0.21757639193710565, 0.007336964783822175, 0.576569751287106, 0.6489076915742055, 0.6656405347701118, 0.7995641022566256, 0.7230140607941262, 0.61901504367531], [0.613557537153036, 0.88034663545061, 0.0, 0.2654101011819214, 0.5349406711378086, 0.13577041780185917, 0.3399131994035571, 0.6795729122601275, 0.4251081665871512, 0.20285229648497505, 0.007783488497544067, 0.5987433813275045, 0.6623072770139812, 0.6836054171323634, 0.8055855799120588, 0.7348845555767918, 0.6309862488825475], [1.2537427781203778, 0.9913887441215381, 0.0, 0.29444914341333256, 0.5658950292568439, 0.12631716906072085, 0.33150124642933676, 0.6854119588468833, 0.37220086021371035, 0.21302803799397774, 0.007392832833969631, 0.5708210664783016, 0.6285691336477012, 0.6529474215082494, 0.78074507672913, 0.7065840014161152, 0.592394849182871], [0.24724390503200233, 0.9278970504896437, 0.0, 0.2550236858768799, 0.5562817572242699, 0.12767064991109062, 0.41679869330504005, 0.6861181653615609, 0.3948289019157296, 0.2070303633948627, 0.007783488497544067, 0.611155525557352, 0.6719285022521095, 0.6953649681178999, 0.7929200618340029, 0.7098349143418475, 0.6063931527660772]], "features_2": [[-0.2169281464983932, 0.8449933417620907, 0.0, 0.2631016057504715, 0.518865077574381, 0.13239784972643326, 0.33744158232414917, 0.6806720269295745, 0.3859561685797419, 0.19343840883747854, 0.00716927026363523, 0.6327731409192636, 0.6683643467441126, 0.6925461186658687, 0.7893250623528687, 0.7066554016850797, 0.5978198531108208], [0.04197825087359641, 0.906129857974319, 0.0, 0.25768703945650095, 0.5269750082121062, 0.13717777743310208, 0.3164129079066932, 0.6734100302441731, 0.4164097869079908, 0.21177350403815942, 0.007727725548673403, 0.6266154149449137, 0.6484428797501702, 0.6779852994751344, 0.7844489548441392, 0.7079196508836837, 0.6138680032482546], [-0.010273235543467596, 0.9629098480908935, 0.0, 0.26022362143392136, 0.5495767285242863, 0.13314492583215323, 0.3673864330010403, 0.6801466052482498, 0.39021553050962665, 0.21645680839996806, 0.007057398507269275, 0.6171179605960022, 0.6595151545624178, 0.6858554815858318, 0.790672161171353, 0.7103266301541766, 0.6042778898396215], [-0.12940901513731884, 0.921566155774946, 0.0, 0.2782067305096617, 0.5349051857514825, 0.1371135757892205, 0.35133373559162706, 0.6765665875862672, 0.41516692318283455, 0.2150852391799234, 0.007392832833969631, 0.6296090216754009, 0.6638258233284566, 0.6899232521236379, 0.7991290394105653, 0.724461220447587, 0.6172389147866504], [0.46237521200944665, 0.9025796272281101, 0.0, 0.2530515037468741, 0.5300401533285777, 0.13763421583300317, 0.4187641101203269, 0.6747960094991827, 0.4305931698283547, 0.21042610680257678, 0.008062078829516484, 0.6102277232238442, 0.6324154901019013, 0.6610464860169869, 0.7890006864125438, 0.7136142639617173, 0.6220781444884529], [0.3261842501519321, 0.980240163712102, 0.0, 0.2591918743029354, 0.553347281171057, 0.13576101764375567, 0.4388016140781126, 0.6778204597514988, 0.4185556340638983, 0.2223807707275569, 0.007727725548673403, 0.612829295891463, 0.6376568307163505, 0.6636040163532295, 0.7905851029903082, 0.7083521612959431, 0.6199231569270311], [-0.06022922916217022, 0.9189214406345876, 0.0, 0.23787374608619868, 0.5347611632945953, 0.13655288409035315, 0.3693030251551043, 0.6766005138434286, 0.41277815779667026, 0.21456048861344845, 0.007950687539111767, 0.6252231577162344, 0.672587648291717, 0.6919369336563586, 0.7995239882538587, 0.7168087474317899, 0.6329415202609651], [0.24663142264566806, 0.9961599238803174, 0.0, 0.2706060343482724, 0.5642349477701927, 0.12761623217068402, 0.48955621314570263, 0.6845888076160924, 0.35555713223926433, 0.21504785034640195, 0.00683347364535547, 0.6005264344835273, 0.6363960250947455, 0.6392506842971073, 0.7770777644645606, 0.7109005746901976, 0.6006932472230974], [-0.11516564823894182, 0.9940749863542127, 0.0, 0.28166198019101935, 0.5595409546810796, 0.1284457233590831, 0.5026293505794669, 0.6838465882016411, 0.35795660633790316, 0.21765133042319995, 0.007281081678807366, 0.6186479132981462, 0.6525330594461507, 0.6661563632353172, 0.777246431869325, 0.699647605209993, 0.6163431810384777]]}