{"labels_1": ["1", "2", "3", "4", "5", "6", "7", "8", "9"], "labels_2": ["1", "2", "3", "4", "5", "6", "7", "8", "9"], "adj_matrix_1": [[0.0, 0.09262, 0.07302, 0.10032, 0.07228, 0.03761, 0.04334, 0.26104, 0.10983], [0.09262, 0.0, 0.02033, 0.00813, 0.0211, 0.05596, 0.05025, 0.21094, 0.01875], [0.07302, 0.02033, 0.0, 0.02844, 0.00077, 0.03589, 0.03013, 0.22369, 0.03896], [0.10032, 0.00813, 0.02844, 0.0, 0.0292, 0.06395, 0.05827, 0.20591, 0.01068], [0.07228, 0.0211, 0.00077, 0.0292, 0.0, 0.03513, 0.02937, 0.22411, 0.03971], [0.03761, 0.05596, 0.03589, 0.06395, 0.03513, 0.0, 0.00579, 0.24374, 0.0743], [0.04334, 0.05025, 0.03013, 0.05827, 0.02937, 0.00579, 0.0, 0.24075, 0.0687], [0.26104, 0.21094, 0.22369, 0.20591, 0.22411, 0.24374, 0.24075, 0.0, 0.19881], [0.10983, 0.01875, 0.03896, 0.01068, 0.03971, 0.0743, 0.0687, 0.19881, 0.0]], "adj_matrix_2": [[0.0, 0.22939, 0.00549, 0.14814, 0.21006, 0.147, 0.14941, 0.28124, 0.33993], [0.22939, 0.0, 0.22587, 0.28606, 0.027, 0.1035, 0.10087, 0.08328, 0.20828], [0.00549, 0.22587, 0.0, 0.15253, 0.20618, 0.14231, 0.14474, 0.27888, 0.33951], [0.14814, 0.28606, 0.15253, 0.0, 0.27827, 0.24752, 0.24884, 0.30241, 0.30912], [0.21006, 0.027, 0.20618, 0.27827, 0.0, 0.07752, 0.07483, 0.10925, 0.23003], [0.147, 0.1035, 0.14231, 0.24752, 0.07752, 0.0, 0.00277, 0.17982, 0.28451], [0.14941, 0.10087, 0.14474, 0.24884, 0.07483, 0.00277, 0.0, 0.17747, 0.28282], [0.28124, 0.08328, 0.27888, 0.30241, 0.10925, 0.17982, 0.17747, 0.0, 0.13346], [0.33993, 0.20828, 0.33951, 0.30912, 0.23003, 0.28451, 0.28282, 0.13346, 0.0]], "features_1": [[-0.19670864905659924, 0.8481357955704365, 0.0, 0.30832686126493275, 0.5414311655758968, 0.1265304973615453, 0.4616176192964986, 0.6867263979474398, 0.37001700948425476, 0.18919716232879158, 0.007057398507269275, 0.6051881112188802, 0.6432442771990695, 0.6622972028116625, 0.7884218452393033, 0.7126082980831512, 0.6067774130463784], [-0.14008501134670004, 0.9098873780342674, 0.0, 0.30992801817618276, 0.5526080017634633, 0.12752046702871384, 0.4051954179446291, 0.6852938565687767, 0.39807155175823583, 0.20691691817232516, 0.007281081678807366, 0.6095265489405222, 0.6734333819704489, 0.7035042812702511, 0.7882584023596639, 0.7116314145880277, 0.62105636803835], [-0.13662724245236024, 1.0462134429140828, 0.0, 0.31062048718382407, 0.5952084272284995, 0.1221310140769098, 0.48981076576754246, 0.689256316070944, 0.35378992092181893, 0.22152745665182128, 0.007057398507269275, 0.6024814516972397, 0.6702642348058524, 0.6909747945544992, 0.782242274429474, 0.7081165535154262, 0.6007552152063987], [-0.14596163561129627, 1.021625362987943, 0.0, 0.31478923998731867, 0.5922648014854567, 0.12260628637150718, 0.5393232527046337, 0.689531389551207, 0.3519745724205192, 0.21654369656029648, 0.006609306440138685, 0.6022963365650185, 0.658902205300607, 0.6752918086731228, 0.7859748895134583, 0.7074645372945787, 0.5983500079439494], [-0.07866136549302816, 1.0273655218109516, 0.0, 0.2653352117797817, 0.5934845314065877, 0.12095375059244576, 0.537494314518051, 0.6903584128267245, 0.36395185148226594, 0.21619417890297732, 0.00683347364535547, 0.603238469695025, 0.6662279940858384, 0.6955411840973338, 0.7833262839652056, 0.7094557943279517, 0.593043509783743], [-0.0830521641765829, 1.2048666216922717, 0.0, 0.280225331099763, 0.6334689183226683, 0.11768729432999131, 0.47903303484956156, 0.6911843644831464, 0.33656498135027935, 0.2414461314916907, 0.00683347364535547, 0.5914961772932337, 0.6573734215648113, 0.669606714997996, 0.7731406103660684, 0.7083944603413589, 0.5873603232876864], [-0.021768680447313837, 1.240421364850867, 0.0, 0.28364199182770156, 0.6468911978091252, 0.11428858646035828, 0.5664849233558023, 0.6924809899474091, 0.31591247280283485, 0.2405829754622053, 0.006384896235913207, 0.589625427258514, 0.6500518783478065, 0.6639070076275356, 0.7697513127632724, 0.7087954820643003, 0.574483626142359], [0.5363005147408471, 1.5094829898934206, 0.0, 0.27738761040439075, 0.6806431025256117, 0.11795846726190427, 0.4666909671856459, 0.6909659477813932, 0.34048503795487406, 0.2843367813354478, 0.006889477554966383, 0.5759359250170721, 0.6346130888883008, 0.6485997041293035, 0.767594892360514, 0.7180682933572149, 0.5779554915546385], [0.3514118610062127, 1.6487993581062401, 0.0, 0.2513298807001905, 0.7065585204341753, 0.11346069959519194, 0.41405012291166016, 0.6921598741631042, 0.29944832850581604, 0.2946869255454194, 0.0064410216040902135, 0.5795847398576814, 0.6270696442458259, 0.6332027759963187, 0.7514088607712569, 0.6646215608310816, 0.5750190468832519]], "features_2": [[0.29153489413399747, 0.8811271299731998, 0.0, 0.2675930487471906, 0.5277954626006968, 0.13163855927405377, 0.2995513368015835, 0.6798143304414437, 0.3865533656266733, 0.200651851269952, 0.007336964783822175, 0.5967900728478439, 0.6503388692376493, 0.6590576244228771, 0.7827046166921947, 0.7154527156905875, 0.5648726528742932], [-0.11106688065023285, 0.8512995555821262, 0.0, 0.21542612485503912, 0.5117623739766104, 0.1396051891727359, 0.23635958207183236, 0.6714342755593734, 0.4255826118671686, 0.20533129113454218, 0.007336964783822175, 0.6161640633475676, 0.6685680131019767, 0.6906437022009598, 0.7978826593904754, 0.7224560777164887, 0.5964196472480988], [0.16292610077967895, 0.9983356774335792, 0.0, 0.2693882586568439, 0.5529672259628026, 0.13427694520925587, 0.2491043339179498, 0.6763368000275141, 0.3990779561475182, 0.22726023897238545, 0.007560346756364078, 0.6035079299399082, 0.6523080261307684, 0.6679189644845704, 0.7850347117203982, 0.7049297249836532, 0.5786746415683267], [0.4544481265719531, 0.9524626303549565, 0.0, 0.2878129333535041, 0.5387042526626817, 0.1359784300183491, 0.22972057654516292, 0.6739036985947602, 0.4106597019522198, 0.22011296103777012, 0.007448685839370306, 0.5904036616129993, 0.6384203360112324, 0.6595113566477355, 0.7883902710337001, 0.710194913377346, 0.5859144427001871], [-0.12665873348925016, 0.8057852587159902, 0.0, 0.2095666637652531, 0.49085451518559997, 0.14517320576205903, 0.15812860559521624, 0.6613508028641406, 0.46448755255973206, 0.20238792176722264, 0.008117752083540042, 0.6277775937219412, 0.6502134587401387, 0.6801484536545231, 0.799457723613337, 0.7189222491191416, 0.6126962408327739], [0.05857062026931947, 0.9361788173456765, 0.0, 0.22678393186724372, 0.5251570296647109, 0.14211523883780575, 0.14620304137915027, 0.663648015721372, 0.4449588462442371, 0.2245153414177372, 0.008006390651371653, 0.6177963623769807, 0.6498623492288378, 0.6694985456188747, 0.7899855369830061, 0.6922355821849859, 0.6022348717717586], [-0.05181856329459489, 0.9113601095250327, 0.0, 0.2695348058818291, 0.5245242163022388, 0.137925786005043, 0.19563789822323016, 0.6711622163157192, 0.4087520247203311, 0.21783158122822277, 0.007448685839370306, 0.6135424706039287, 0.634413265158889, 0.6727515347891937, 0.7914447264819144, 0.695209988827323, 0.595905618805086], [-0.23509136181454204, 0.8919985345625091, 0.0, 0.26229473768723943, 0.5211796838266658, 0.13435275570664676, 0.2946306617883181, 0.6752994492696058, 0.40267359919259205, 0.20812044801023855, 0.007671947615560004, 0.6242867732798729, 0.6470212818393427, 0.6803948388309375, 0.7830935742043392, 0.6949162532695055, 0.593339117230619], [-0.1873164349872556, 0.9523768339981733, 0.0, 0.25992890871064517, 0.5422298041192086, 0.1290196471255376, 0.28067146308340585, 0.6808982366684799, 0.37548904105904146, 0.21526532137994292, 0.007448685839370306, 0.6243164528114824, 0.6420760586767217, 0.6701546067775691, 0.7745516516381789, 0.6687290882981671, 0.5628157215118982]]}