{"labels_1": ["1", "2", "3", "4", "5", "6", "7", "8", "9"], "labels_2": ["1", "2", "3", "4", "5", "6", "7", "8", "9"], "adj_matrix_1": [[0.0, 0.09262, 0.07302, 0.10032, 0.07228, 0.03761, 0.04334, 0.26104, 0.10983], [0.09262, 0.0, 0.02033, 0.00813, 0.0211, 0.05596, 0.05025, 0.21094, 0.01875], [0.07302, 0.02033, 0.0, 0.02844, 0.00077, 0.03589, 0.03013, 0.22369, 0.03896], [0.10032, 0.00813, 0.02844, 0.0, 0.0292, 0.06395, 0.05827, 0.20591, 0.01068], [0.07228, 0.0211, 0.00077, 0.0292, 0.0, 0.03513, 0.02937, 0.22411, 0.03971], [0.03761, 0.05596, 0.03589, 0.06395, 0.03513, 0.0, 0.00579, 0.24374, 0.0743], [0.04334, 0.05025, 0.03013, 0.05827, 0.02937, 0.00579, 0.0, 0.24075, 0.0687], [0.26104, 0.21094, 0.22369, 0.20591, 0.22411, 0.24374, 0.24075, 0.0, 0.19881], [0.10983, 0.01875, 0.03896, 0.01068, 0.03971, 0.0743, 0.0687, 0.19881, 0.0]], "adj_matrix_2": [[0.0, 0.18975, 0.08099, 0.0705, 0.16749, 0.1737, 0.22443, 0.06923, 0.09423], [0.18975, 0.0, 0.11406, 0.2487, 0.02448, 0.01769, 0.0394, 0.2477, 0.26691], [0.08099, 0.11406, 0.0, 0.14847, 0.09024, 0.09689, 0.15172, 0.14729, 0.17047], [0.0705, 0.2487, 0.14847, 0.0, 0.22858, 0.23422, 0.27964, 0.00129, 0.02438], [0.16749, 0.02448, 0.09024, 0.22858, 0.0, 0.0068, 0.06374, 0.22755, 0.2477], [0.1737, 0.01769, 0.09689, 0.23422, 0.0068, 0.0, 0.057, 0.23321, 0.2531], [0.22443, 0.0394, 0.15172, 0.27964, 0.06374, 0.057, 0.0, 0.27875, 0.29634], [0.06923, 0.2477, 0.14729, 0.00129, 0.22755, 0.23321, 0.27875, 0.0, 0.02567], [0.09423, 0.26691, 0.17047, 0.02438, 0.2477, 0.2531, 0.29634, 0.02567, 0.0]], "features_1": [[-0.19670864905659924, 0.8481357955704365, 0.0, 0.30832686126493275, 0.5414311655758968, 0.1265304973615453, 0.4616176192964986, 0.6867263979474398, 0.37001700948425476, 0.18919716232879158, 0.007057398507269275, 0.6051881112188802, 0.6432442771990695, 0.6622972028116625, 0.7884218452393033, 0.7126082980831512, 0.6067774130463784], [-0.14008501134670004, 0.9098873780342674, 0.0, 0.30992801817618276, 0.5526080017634633, 0.12752046702871384, 0.4051954179446291, 0.6852938565687767, 0.39807155175823583, 0.20691691817232516, 0.007281081678807366, 0.6095265489405222, 0.6734333819704489, 0.7035042812702511, 0.7882584023596639, 0.7116314145880277, 0.62105636803835], [-0.13662724245236024, 1.0462134429140828, 0.0, 0.31062048718382407, 0.5952084272284995, 0.1221310140769098, 0.48981076576754246, 0.689256316070944, 0.35378992092181893, 0.22152745665182128, 0.007057398507269275, 0.6024814516972397, 0.6702642348058524, 0.6909747945544992, 0.782242274429474, 0.7081165535154262, 0.6007552152063987], [-0.14596163561129627, 1.021625362987943, 0.0, 0.31478923998731867, 0.5922648014854567, 0.12260628637150718, 0.5393232527046337, 0.689531389551207, 0.3519745724205192, 0.21654369656029648, 0.006609306440138685, 0.6022963365650185, 0.658902205300607, 0.6752918086731228, 0.7859748895134583, 0.7074645372945787, 0.5983500079439494], [-0.07866136549302816, 1.0273655218109516, 0.0, 0.2653352117797817, 0.5934845314065877, 0.12095375059244576, 0.537494314518051, 0.6903584128267245, 0.36395185148226594, 0.21619417890297732, 0.00683347364535547, 0.603238469695025, 0.6662279940858384, 0.6955411840973338, 0.7833262839652056, 0.7094557943279517, 0.593043509783743], [-0.0830521641765829, 1.2048666216922717, 0.0, 0.280225331099763, 0.6334689183226683, 0.11768729432999131, 0.47903303484956156, 0.6911843644831464, 0.33656498135027935, 0.2414461314916907, 0.00683347364535547, 0.5914961772932337, 0.6573734215648113, 0.669606714997996, 0.7731406103660684, 0.7083944603413589, 0.5873603232876864], [-0.021768680447313837, 1.240421364850867, 0.0, 0.28364199182770156, 0.6468911978091252, 0.11428858646035828, 0.5664849233558023, 0.6924809899474091, 0.31591247280283485, 0.2405829754622053, 0.006384896235913207, 0.589625427258514, 0.6500518783478065, 0.6639070076275356, 0.7697513127632724, 0.7087954820643003, 0.574483626142359], [0.5363005147408471, 1.5094829898934206, 0.0, 0.27738761040439075, 0.6806431025256117, 0.11795846726190427, 0.4666909671856459, 0.6909659477813932, 0.34048503795487406, 0.2843367813354478, 0.006889477554966383, 0.5759359250170721, 0.6346130888883008, 0.6485997041293035, 0.767594892360514, 0.7180682933572149, 0.5779554915546385], [0.3514118610062127, 1.6487993581062401, 0.0, 0.2513298807001905, 0.7065585204341753, 0.11346069959519194, 0.41405012291166016, 0.6921598741631042, 0.29944832850581604, 0.2946869255454194, 0.0064410216040902135, 0.5795847398576814, 0.6270696442458259, 0.6332027759963187, 0.7514088607712569, 0.6646215608310816, 0.5750190468832519]], "features_2": [[-0.19444084345779533, 0.6320055423215392, 0.0, 0.22497466361947882, 0.45909721553203925, 0.1366440203283722, 0.5190559081983672, 0.6800528300164947, 0.3840144797024079, 0.15175025355544958, 0.007392832833969631, 0.619636191316566, 0.6747981319076553, 0.7077783745469124, 0.8063957879384284, 0.7406894844790671, 0.6244731438255804], [-0.3407425906839543, 0.6807623586092266, 0.0, 0.24442152871442874, 0.46906364851746657, 0.137892551161533, 0.42724735395414515, 0.6758582484911811, 0.4055293165144256, 0.16647836366457325, 0.007950687539111767, 0.6425772029045533, 0.6832033419282371, 0.7155372748232651, 0.8004969217756, 0.7194876237022418, 0.6257995669660646], [-0.3368753078510709, 0.7342687884715295, 0.0, 0.2216523873254821, 0.49453228980188335, 0.1363806184850174, 0.5125389011356447, 0.6800300501777874, 0.39523999225692186, 0.1769960048838497, 0.00783923647221818, 0.6342020911440729, 0.6843037273403605, 0.7236233746064374, 0.8055907939101348, 0.7274450371689696, 0.6290827424465786], [-0.2504083899540359, 0.7267401180137468, 0.0, 0.2470853926087871, 0.48943495265008186, 0.13734842352397697, 0.5238881349038784, 0.6800440878187173, 0.39806074710355355, 0.17636109429511726, 0.007727725548673403, 0.6199600036749131, 0.6744474167789297, 0.7206174636224794, 0.8109653984801858, 0.7242171816260313, 0.6252417066528152], [-0.0323738982651407, 0.7173561523170957, 0.0, 0.2334061304125667, 0.4825243368151236, 0.13279831627733388, 0.30994991426303214, 0.6787620378478592, 0.3936699926975784, 0.1693294387955857, 0.007950687539111767, 0.6301170006066248, 0.6779951712178605, 0.6969304127629123, 0.7881931770590072, 0.711905213771084, 0.6077634952693935], [-0.4205822673634625, 0.7559923708942775, 0.0, 0.21842124471996416, 0.4958651940055716, 0.1372670132751656, 0.41180669857213914, 0.6772697275869148, 0.4056820262774643, 0.18439578220227504, 0.007727725548673403, 0.6398801638288496, 0.680348646448079, 0.7115451282871129, 0.8038348627396595, 0.7057420390222539, 0.6283678247944218], [-0.35971925476108213, 0.747316073168612, 0.0, 0.24653907889173912, 0.4860457215121622, 0.14031755205823312, 0.4549622712324428, 0.6756041497703618, 0.41349398267491644, 0.18551919252828664, 0.007504523810135222, 0.6417902615255058, 0.6803232211088912, 0.7171384661370921, 0.8108913291925777, 0.7218727309886183, 0.6215049178875334], [-0.14537637848301, 0.8012789956263361, 0.0, 0.17834684561567277, 0.5045366614823493, 0.12897755613115103, 0.22470900398254515, 0.6805711543889321, 0.35842081611846366, 0.18242989104931517, 0.007671947615560004, 0.616386452883547, 0.6421142335605332, 0.6731127903522575, 0.7730300713659262, 0.6817401725606297, 0.5837064687821637], [-0.1160846727205862, 0.7886584861884954, 0.0, 0.19933004622406056, 0.49494676228109125, 0.1344514941368122, 0.2335058898427583, 0.6754453832246126, 0.3854171714855952, 0.18565140369930466, 0.007504523810135222, 0.6177431450964233, 0.6514430742924614, 0.6769560016546009, 0.7856597152180871, 0.7144820059881715, 0.5956384468310133]]}