{"labels_1": ["1", "2", "3", "4", "5", "6", "7", "8", "9"], "labels_2": ["1", "2", "3", "4", "5", "6", "7", "8", "9"], "adj_matrix_1": [[0.0, 0.09262, 0.07302, 0.10032, 0.07228, 0.03761, 0.04334, 0.26104, 0.10983], [0.09262, 0.0, 0.02033, 0.00813, 0.0211, 0.05596, 0.05025, 0.21094, 0.01875], [0.07302, 0.02033, 0.0, 0.02844, 0.00077, 0.03589, 0.03013, 0.22369, 0.03896], [0.10032, 0.00813, 0.02844, 0.0, 0.0292, 0.06395, 0.05827, 0.20591, 0.01068], [0.07228, 0.0211, 0.00077, 0.0292, 0.0, 0.03513, 0.02937, 0.22411, 0.03971], [0.03761, 0.05596, 0.03589, 0.06395, 0.03513, 0.0, 0.00579, 0.24374, 0.0743], [0.04334, 0.05025, 0.03013, 0.05827, 0.02937, 0.00579, 0.0, 0.24075, 0.0687], [0.26104, 0.21094, 0.22369, 0.20591, 0.22411, 0.24374, 0.24075, 0.0, 0.19881], [0.10983, 0.01875, 0.03896, 0.01068, 0.03971, 0.0743, 0.0687, 0.19881, 0.0]], "adj_matrix_2": [[0.0, 0.3273, 0.19766, 0.06248, 0.23752, 0.16501, 0.30962, 0.1976, 0.26008], [0.3273, 0.0, 0.1778, 0.29308, 0.1317, 0.21122, 0.02921, 0.34614, 0.22817], [0.19766, 0.1778, 0.0, 0.14353, 0.04966, 0.03813, 0.15083, 0.30821, 0.25703], [0.06248, 0.29308, 0.14353, 0.0, 0.18801, 0.10778, 0.27199, 0.23948, 0.26498], [0.23752, 0.1317, 0.04966, 0.18801, 0.0, 0.08722, 0.10353, 0.32318, 0.25063], [0.16501, 0.21122, 0.03813, 0.10778, 0.08722, 0.0, 0.18541, 0.2943, 0.26113], [0.30962, 0.02921, 0.15083, 0.27199, 0.10353, 0.18541, 0.0, 0.34254, 0.23313], [0.1976, 0.34614, 0.30821, 0.23948, 0.32318, 0.2943, 0.34254, 0.0, 0.17733], [0.26008, 0.22817, 0.25703, 0.26498, 0.25063, 0.26113, 0.23313, 0.17733, 0.0]], "features_1": [[-0.19670864905659924, 0.8481357955704365, 0.0, 0.30832686126493275, 0.5414311655758968, 0.1265304973615453, 0.4616176192964986, 0.6867263979474398, 0.37001700948425476, 0.18919716232879158, 0.007057398507269275, 0.6051881112188802, 0.6432442771990695, 0.6622972028116625, 0.7884218452393033, 0.7126082980831512, 0.6067774130463784], [-0.14008501134670004, 0.9098873780342674, 0.0, 0.30992801817618276, 0.5526080017634633, 0.12752046702871384, 0.4051954179446291, 0.6852938565687767, 0.39807155175823583, 0.20691691817232516, 0.007281081678807366, 0.6095265489405222, 0.6734333819704489, 0.7035042812702511, 0.7882584023596639, 0.7116314145880277, 0.62105636803835], [-0.13662724245236024, 1.0462134429140828, 0.0, 0.31062048718382407, 0.5952084272284995, 0.1221310140769098, 0.48981076576754246, 0.689256316070944, 0.35378992092181893, 0.22152745665182128, 0.007057398507269275, 0.6024814516972397, 0.6702642348058524, 0.6909747945544992, 0.782242274429474, 0.7081165535154262, 0.6007552152063987], [-0.14596163561129627, 1.021625362987943, 0.0, 0.31478923998731867, 0.5922648014854567, 0.12260628637150718, 0.5393232527046337, 0.689531389551207, 0.3519745724205192, 0.21654369656029648, 0.006609306440138685, 0.6022963365650185, 0.658902205300607, 0.6752918086731228, 0.7859748895134583, 0.7074645372945787, 0.5983500079439494], [-0.07866136549302816, 1.0273655218109516, 0.0, 0.2653352117797817, 0.5934845314065877, 0.12095375059244576, 0.537494314518051, 0.6903584128267245, 0.36395185148226594, 0.21619417890297732, 0.00683347364535547, 0.603238469695025, 0.6662279940858384, 0.6955411840973338, 0.7833262839652056, 0.7094557943279517, 0.593043509783743], [-0.0830521641765829, 1.2048666216922717, 0.0, 0.280225331099763, 0.6334689183226683, 0.11768729432999131, 0.47903303484956156, 0.6911843644831464, 0.33656498135027935, 0.2414461314916907, 0.00683347364535547, 0.5914961772932337, 0.6573734215648113, 0.669606714997996, 0.7731406103660684, 0.7083944603413589, 0.5873603232876864], [-0.021768680447313837, 1.240421364850867, 0.0, 0.28364199182770156, 0.6468911978091252, 0.11428858646035828, 0.5664849233558023, 0.6924809899474091, 0.31591247280283485, 0.2405829754622053, 0.006384896235913207, 0.589625427258514, 0.6500518783478065, 0.6639070076275356, 0.7697513127632724, 0.7087954820643003, 0.574483626142359], [0.5363005147408471, 1.5094829898934206, 0.0, 0.27738761040439075, 0.6806431025256117, 0.11795846726190427, 0.4666909671856459, 0.6909659477813932, 0.34048503795487406, 0.2843367813354478, 0.006889477554966383, 0.5759359250170721, 0.6346130888883008, 0.6485997041293035, 0.767594892360514, 0.7180682933572149, 0.5779554915546385], [0.3514118610062127, 1.6487993581062401, 0.0, 0.2513298807001905, 0.7065585204341753, 0.11346069959519194, 0.41405012291166016, 0.6921598741631042, 0.29944832850581604, 0.2946869255454194, 0.0064410216040902135, 0.5795847398576814, 0.6270696442458259, 0.6332027759963187, 0.7514088607712569, 0.6646215608310816, 0.5750190468832519]], "features_2": [[0.0007862779545213527, 0.9902131293390525, 0.0, 0.20132926234143148, 0.5643122133941326, 0.1266489758679715, 0.35087278181832177, 0.6851180493352891, 0.35994377995622173, 0.21644611982618023, 0.007225183508792421, 0.6123015227903341, 0.6622465155159497, 0.6796377269478875, 0.7778855857567135, 0.6986919160731514, 0.579501376776601], [-0.2878990876095635, 0.9474435802466543, 0.0, 0.18269358353673448, 0.5477405935269576, 0.12831994045913286, 0.28050702131138794, 0.6827006852970177, 0.3594392611144541, 0.21158484124621735, 0.00711334193318236, 0.6285895229695788, 0.6521266513325504, 0.6723622097235664, 0.7799164986595346, 0.68323954558258, 0.5822906607095534], [-0.08923622066296222, 1.1408884702097228, 0.0, 0.18694403478835941, 0.5947538810450428, 0.12823168280583286, 0.32686506418054295, 0.6830434112758563, 0.3665762029129571, 0.2467650018893821, 0.007392832833969631, 0.6200532901001159, 0.6483906577344649, 0.6742265550141291, 0.7764830371424135, 0.6879823491324476, 0.5924090746597264], [-0.031138646864310893, 1.1324484929586, 0.0, 0.2181526545209367, 0.5944343338883613, 0.1298952376164719, 0.37604692338787443, 0.6831011743858018, 0.38259260818801577, 0.24859775466681677, 0.007560346756364078, 0.6118153107178499, 0.6641228489488276, 0.6904163033174343, 0.7867518791321894, 0.696837537989882, 0.605857042480923], [-0.2815559312513152, 0.9773360035739685, 0.0, 0.18225313282482256, 0.5535184836745047, 0.12831542888938655, 0.24682819474806336, 0.6818061043940638, 0.3602185275148959, 0.21933643221813548, 0.00711334193318236, 0.6223574442016904, 0.6475073121127005, 0.6614111043378135, 0.7754010697665714, 0.6949792271078824, 0.583304477692838], [-0.16690496347520556, 1.1049691410390707, 0.0, 0.17493152193524017, 0.5867704644960101, 0.12969696844447984, 0.2914787881676368, 0.6813613738750918, 0.3705836564956482, 0.24323488745696453, 0.007281081678807366, 0.6145566981757371, 0.6494069882535145, 0.6747023914132396, 0.780007181603998, 0.6797378547058406, 0.6059089288549203], [-0.22909166911900058, 1.1243189927397639, 0.0, 0.19448336251102827, 0.5984572577478211, 0.1283522455695424, 0.41289344472547074, 0.6848241078684796, 0.3673400329070047, 0.2447814510162527, 0.00711334193318236, 0.6228708919444212, 0.6698752496051291, 0.683572119618715, 0.7884703628215262, 0.6878879763882234, 0.615968445630928], [0.591165598404463, 1.0385692229047783, 0.0, 0.250482408349535, 0.5708404985798531, 0.12376206227456733, 0.18466677552157834, 0.684199188221751, 0.3328150735284694, 0.21815559498190162, 0.0069454663283523566, 0.5882519686431675, 0.6058121647180243, 0.6243394379364348, 0.7557227875370565, 0.6748012524585624, 0.5511086167019149], [1.5603323058555496, 1.172206635971832, 0.0, 0.3431052591347583, 0.6107368682447454, 0.11967455608356616, 0.26755099195360116, 0.6885040340436894, 0.3327754745929459, 0.2331425462990353, 0.007001439975721224, 0.560157990208205, 0.6176142173359196, 0.643049712287047, 0.7562919644151995, 0.6673476387409412, 0.5687895338155478]]}