{"labels_1": ["1", "2", "3", "4", "5", "6", "7", "8", "9"], "labels_2": ["1", "2", "3", "4", "5", "6", "7", "8", "9"], "adj_matrix_1": [[0.0, 0.07109, 0.04547, 0.2133, 0.29256, 0.17133, 0.25529, 0.28841, 0.01323], [0.07109, 0.0, 0.11243, 0.2383, 0.2605, 0.21146, 0.25945, 0.24137, 0.08324], [0.04547, 0.11243, 0.0, 0.18673, 0.30369, 0.13664, 0.24133, 0.31207, 0.03239], [0.2133, 0.2383, 0.18673, 0.0, 0.25187, 0.06396, 0.08852, 0.32771, 0.20654], [0.29256, 0.2605, 0.30369, 0.25187, 0.0, 0.28484, 0.18652, 0.13069, 0.29677], [0.17133, 0.21146, 0.13664, 0.06396, 0.28484, 0.0, 0.14704, 0.33997, 0.16204], [0.25529, 0.25945, 0.24133, 0.08852, 0.18652, 0.14704, 0.0, 0.28741, 0.25256], [0.28841, 0.24137, 0.31207, 0.32771, 0.13069, 0.33997, 0.28741, 0.0, 0.29646], [0.01323, 0.08324, 0.03239, 0.20654, 0.29677, 0.16204, 0.25256, 0.29646, 0.0]], "adj_matrix_2": [[0.0, 0.24968, 0.0751, 0.13005, 0.05967, 0.19546, 0.29195, 0.28597, 0.33981], [0.24968, 0.0, 0.30797, 0.13327, 0.19901, 0.06471, 0.29394, 0.04944, 0.14174], [0.0751, 0.30797, 0.0, 0.2004, 0.1334, 0.26047, 0.28277, 0.33823, 0.37806], [0.13005, 0.13327, 0.2004, 0.0, 0.07184, 0.07067, 0.30073, 0.17828, 0.25442], [0.05967, 0.19901, 0.1334, 0.07184, 0.0, 0.14037, 0.29734, 0.23963, 0.30409], [0.19546, 0.06471, 0.26047, 0.07067, 0.14037, 0.0, 0.29976, 0.11277, 0.19855], [0.29195, 0.29394, 0.28277, 0.30073, 0.29734, 0.29976, 0.0, 0.28511, 0.25544], [0.28597, 0.04944, 0.33823, 0.17828, 0.23963, 0.11277, 0.28511, 0.0, 0.09533], [0.33981, 0.14174, 0.37806, 0.25442, 0.30409, 0.19855, 0.25544, 0.09533, 0.0]], "features_1": [[0.7081297049676873, 0.8286789059636649, 0.0, 0.2633911123717789, 0.5183752836681853, 0.13149192209516292, 0.22099002149613867, 0.6789159819595776, 0.3944926466830663, 0.18861560980118752, 0.007727725548673403, 0.5825284430160425, 0.6360233988285, 0.6570164751415117, 0.779436898984773, 0.7010803009075579, 0.5962603682147096], [0.32938152025041534, 0.8520599381712969, 0.0, 0.2443524644906556, 0.522198837647138, 0.13299556069019736, 0.2430131439261885, 0.6782226388343073, 0.3920908060868338, 0.19816843222373182, 0.007504523810135222, 0.5980378973666474, 0.6659038044017351, 0.6920643434211134, 0.786743279742376, 0.7162601096529413, 0.5912812470063765], [0.5865923443119381, 0.9832450020523027, 0.0, 0.25221155477232987, 0.5575518548935604, 0.13239195175883692, 0.22535627233386107, 0.6782280689236668, 0.3922350417919436, 0.21965294874918428, 0.007560346756364078, 0.5914023875814833, 0.6270160660329518, 0.6575231185746887, 0.7814783687394629, 0.6991873590505256, 0.5986726450197329], [0.6205663717867624, 1.013755691832557, 0.0, 0.23253853816892306, 0.5620561942112831, 0.1320771304720265, 0.18463565860440667, 0.6772773888777472, 0.39249142003436366, 0.22402666494527224, 0.007671947615560004, 0.5994217881397867, 0.642417169919358, 0.6669626435110646, 0.7762159514655984, 0.6806223183221802, 0.5947893661345581], [-0.15249844423458603, 0.89830781703267, 0.0, 0.20997504842431847, 0.5352457875576141, 0.13171667406944226, 0.2220452824174089, 0.6788659258125067, 0.3857349756218478, 0.20795526467212344, 0.007225183508792421, 0.6225742495188946, 0.6473259608710504, 0.6854389524418398, 0.781006910404343, 0.6916075838235699, 0.5884462464395387], [0.42253746023089844, 1.0368442897963965, 0.0, 0.2207452902720799, 0.5731733048800653, 0.13092646359282636, 0.25014014623856584, 0.6801281847037959, 0.38268745571930407, 0.22774436293001066, 0.007336964783822175, 0.5981030422580886, 0.6490665422837917, 0.6655351536186602, 0.7798194248555422, 0.7010190721826861, 0.6003324275671218], [0.7647462570484715, 1.0828968414492346, 0.0, 0.2705375506135113, 0.5842145173430241, 0.1257932680061017, 0.24158054852700134, 0.6841760930158287, 0.3618047360399548, 0.2249056593799439, 0.007560346756364078, 0.5927241656741424, 0.6309255866568115, 0.6207291711363538, 0.769513377890001, 0.7201533790395056, 0.5894049338626973], [-0.19478240723868057, 1.0444182524525552, 0.0, 0.2356604667963541, 0.578936324715315, 0.12247730240533075, 0.2572749416671513, 0.6866904859667442, 0.3289519808576238, 0.2212760491786394, 0.00711334193318236, 0.6172889567325344, 0.6513440909760978, 0.6672450081188728, 0.7618061443607889, 0.687140370030116, 0.563924234940101], [1.3799543419121516, 1.250956762699562, 0.0, 0.28322377532867415, 0.6295833490999834, 0.11505598747899969, 0.283007842038095, 0.6909088017308547, 0.31319752351937535, 0.2379783790422989, 0.00711334193318236, 0.5589531084319057, 0.6306500756853772, 0.6282658254285844, 0.7453105811485068, 0.6863366664385699, 0.5437037492524949]], "features_2": [[-0.5082215722745911, 0.7962060146594012, 0.0, 0.19953318697717318, 0.5083262249575613, 0.13246806966978045, 0.2637862179438407, 0.6795655796900824, 0.4092256517684385, 0.19117508012578233, 0.007504523810135222, 0.6435032647196905, 0.6573318434322567, 0.688566187273355, 0.7906424125412866, 0.704460415318366, 0.625741323509204], [-0.17037402586234007, 0.8253067644886528, 0.0, 0.17160451415956707, 0.5037197219725974, 0.13749330499639684, 0.16726749321029216, 0.671553161840799, 0.4404755641589395, 0.2023407891089477, 0.00783923647221818, 0.6244097368954953, 0.6428452521557033, 0.6760283602281647, 0.7912563990426115, 0.7019824862934618, 0.6132218637239227], [-0.5872580350055028, 0.9323415326064064, 0.0, 0.17986154487287292, 0.5406301537920983, 0.13382267310244753, 0.23185409089160416, 0.6773399381922214, 0.41231878011343737, 0.2219596093398819, 0.007616154688146137, 0.6449603319885182, 0.655890219567183, 0.692168670075788, 0.7888756188801455, 0.693776593267506, 0.6198499551363362], [-0.4255174585541961, 0.9155094072229387, 0.0, 0.18963978934237796, 0.5367121143052426, 0.13503777628361766, 0.2806023812571567, 0.6770345366939037, 0.4167733468835868, 0.21890574286814912, 0.007616154688146137, 0.6390602281865898, 0.6738965079608836, 0.71014013202987, 0.7971013225042825, 0.7096692912829694, 0.6291497594132787], [-0.28592464604634493, 0.8094093701656313, 0.0, 0.17686619278821547, 0.489352995777097, 0.14048713208602548, 0.10404691178439976, 0.6630125791119574, 0.452117628321107, 0.203094758025395, 0.008284682400665488, 0.6378912802893004, 0.6389600428118144, 0.6782459958824469, 0.7843908573610792, 0.6894060868534057, 0.6074217979030544], [-0.4996663313075711, 0.9502154230659852, 0.0, 0.19040092123164157, 0.5356149615947228, 0.1369647300411887, 0.18160946890391685, 0.6712496057503297, 0.42674559169473625, 0.2304397038478989, 0.007950687539111767, 0.6330180115404929, 0.6383059861363325, 0.6794933280868221, 0.7860962466557188, 0.6946987272519316, 0.6147041769601447], [0.35261784775946525, 0.93206019368151, 0.0, 0.15913173040866016, 0.529891297312734, 0.13818597678937705, 0.25827817994152796, 0.6729320001003982, 0.4231353371743316, 0.21847969282115498, 0.008173410423425675, 0.6033712994198148, 0.660481117529554, 0.6764311228666815, 0.7987129019031438, 0.7153431786720383, 0.6177739486851886], [-0.013585348122000518, 0.9340847646845598, 0.0, 0.20758282378219917, 0.5293204464554392, 0.13356585284367717, 0.17334071303464782, 0.6734133942067155, 0.3931040064784528, 0.21692873885635677, 0.007950687539111767, 0.6135652508329399, 0.641093872293798, 0.6787310462228697, 0.7714148470447076, 0.6861296103123964, 0.5927660126171289], [0.01768874927981834, 0.9499949488010995, 0.0, 0.20367317677946334, 0.5323549316822731, 0.13336956085034693, 0.1793817325598262, 0.6745973418370865, 0.39448323929066986, 0.21944714655541864, 0.007727725548673403, 0.6093588937149885, 0.6355159556591204, 0.6659597366099473, 0.7713583515078704, 0.6956616348085004, 0.582900261437755]]}