{"labels_1": ["1", "2", "3", "4", "5", "6", "7", "8", "9"], "labels_2": ["1", "2", "3", "4", "5", "6", "7", "8", "9"], "adj_matrix_1": [[0.0, 0.07109, 0.04547, 0.2133, 0.29256, 0.17133, 0.25529, 0.28841, 0.01323], [0.07109, 0.0, 0.11243, 0.2383, 0.2605, 0.21146, 0.25945, 0.24137, 0.08324], [0.04547, 0.11243, 0.0, 0.18673, 0.30369, 0.13664, 0.24133, 0.31207, 0.03239], [0.2133, 0.2383, 0.18673, 0.0, 0.25187, 0.06396, 0.08852, 0.32771, 0.20654], [0.29256, 0.2605, 0.30369, 0.25187, 0.0, 0.28484, 0.18652, 0.13069, 0.29677], [0.17133, 0.21146, 0.13664, 0.06396, 0.28484, 0.0, 0.14704, 0.33997, 0.16204], [0.25529, 0.25945, 0.24133, 0.08852, 0.18652, 0.14704, 0.0, 0.28741, 0.25256], [0.28841, 0.24137, 0.31207, 0.32771, 0.13069, 0.33997, 0.28741, 0.0, 0.29646], [0.01323, 0.08324, 0.03239, 0.20654, 0.29677, 0.16204, 0.25256, 0.29646, 0.0]], "adj_matrix_2": [[0.0, 0.2743, 0.15581, 0.10614, 0.26413, 0.16075, 0.28561, 0.12889, 0.34643], [0.2743, 0.0, 0.14275, 0.18941, 0.01499, 0.13781, 0.01766, 0.16876, 0.18824], [0.15581, 0.14275, 0.0, 0.05246, 0.12899, 0.0054, 0.15861, 0.0288, 0.28397], [0.10614, 0.18941, 0.05246, 0.0, 0.17665, 0.0578, 0.20401, 0.02377, 0.30891], [0.26413, 0.01499, 0.12899, 0.17665, 0.0, 0.12397, 0.0326, 0.15552, 0.19976], [0.16075, 0.13781, 0.0054, 0.0578, 0.12397, 0.0, 0.15378, 0.03419, 0.28118], [0.28561, 0.01766, 0.15861, 0.20401, 0.0326, 0.15378, 0.0, 0.18392, 0.17414], [0.12889, 0.16876, 0.0288, 0.02377, 0.15552, 0.03419, 0.18392, 0.0, 0.29831], [0.34643, 0.18824, 0.28397, 0.30891, 0.19976, 0.28118, 0.17414, 0.29831, 0.0]], "features_1": [[0.7081297049676873, 0.8286789059636649, 0.0, 0.2633911123717789, 0.5183752836681853, 0.13149192209516292, 0.22099002149613867, 0.6789159819595776, 0.3944926466830663, 0.18861560980118752, 0.007727725548673403, 0.5825284430160425, 0.6360233988285, 0.6570164751415117, 0.779436898984773, 0.7010803009075579, 0.5962603682147096], [0.32938152025041534, 0.8520599381712969, 0.0, 0.2443524644906556, 0.522198837647138, 0.13299556069019736, 0.2430131439261885, 0.6782226388343073, 0.3920908060868338, 0.19816843222373182, 0.007504523810135222, 0.5980378973666474, 0.6659038044017351, 0.6920643434211134, 0.786743279742376, 0.7162601096529413, 0.5912812470063765], [0.5865923443119381, 0.9832450020523027, 0.0, 0.25221155477232987, 0.5575518548935604, 0.13239195175883692, 0.22535627233386107, 0.6782280689236668, 0.3922350417919436, 0.21965294874918428, 0.007560346756364078, 0.5914023875814833, 0.6270160660329518, 0.6575231185746887, 0.7814783687394629, 0.6991873590505256, 0.5986726450197329], [0.6205663717867624, 1.013755691832557, 0.0, 0.23253853816892306, 0.5620561942112831, 0.1320771304720265, 0.18463565860440667, 0.6772773888777472, 0.39249142003436366, 0.22402666494527224, 0.007671947615560004, 0.5994217881397867, 0.642417169919358, 0.6669626435110646, 0.7762159514655984, 0.6806223183221802, 0.5947893661345581], [-0.15249844423458603, 0.89830781703267, 0.0, 0.20997504842431847, 0.5352457875576141, 0.13171667406944226, 0.2220452824174089, 0.6788659258125067, 0.3857349756218478, 0.20795526467212344, 0.007225183508792421, 0.6225742495188946, 0.6473259608710504, 0.6854389524418398, 0.781006910404343, 0.6916075838235699, 0.5884462464395387], [0.42253746023089844, 1.0368442897963965, 0.0, 0.2207452902720799, 0.5731733048800653, 0.13092646359282636, 0.25014014623856584, 0.6801281847037959, 0.38268745571930407, 0.22774436293001066, 0.007336964783822175, 0.5981030422580886, 0.6490665422837917, 0.6655351536186602, 0.7798194248555422, 0.7010190721826861, 0.6003324275671218], [0.7647462570484715, 1.0828968414492346, 0.0, 0.2705375506135113, 0.5842145173430241, 0.1257932680061017, 0.24158054852700134, 0.6841760930158287, 0.3618047360399548, 0.2249056593799439, 0.007560346756364078, 0.5927241656741424, 0.6309255866568115, 0.6207291711363538, 0.769513377890001, 0.7201533790395056, 0.5894049338626973], [-0.19478240723868057, 1.0444182524525552, 0.0, 0.2356604667963541, 0.578936324715315, 0.12247730240533075, 0.2572749416671513, 0.6866904859667442, 0.3289519808576238, 0.2212760491786394, 0.00711334193318236, 0.6172889567325344, 0.6513440909760978, 0.6672450081188728, 0.7618061443607889, 0.687140370030116, 0.563924234940101], [1.3799543419121516, 1.250956762699562, 0.0, 0.28322377532867415, 0.6295833490999834, 0.11505598747899969, 0.283007842038095, 0.6909088017308547, 0.31319752351937535, 0.2379783790422989, 0.00711334193318236, 0.5589531084319057, 0.6306500756853772, 0.6282658254285844, 0.7453105811485068, 0.6863366664385699, 0.5437037492524949]], "features_2": [[0.0006926397177355881, 0.9304673610887203, 0.0, 0.16527878884145109, 0.5535934001786326, 0.12756357032548338, 0.3817935237588756, 0.6854528435951042, 0.378446552767693, 0.20740409652337144, 0.007616154688146137, 0.6216868761403957, 0.6642924751020488, 0.6824840926362543, 0.7880208900365853, 0.7115337131483392, 0.5927701979616627], [0.13130658403979467, 0.8976778682076312, 0.0, 0.1882199558411018, 0.5418796716215752, 0.13143793699821477, 0.34627487843075644, 0.6820650657537337, 0.3990131022053487, 0.2052042734899946, 0.008173410423425675, 0.6114141122139933, 0.6567443980032437, 0.6730430961552036, 0.7949246646273921, 0.7161015295257952, 0.6130552635634051], [0.07067647882268302, 1.0638483960481213, 0.0, 0.17080450414419343, 0.5860562214947231, 0.1264888027668454, 0.392323555470287, 0.6862003247632553, 0.3708353594973046, 0.23027599025540457, 0.007727725548673403, 0.6151391951601988, 0.6632618143018197, 0.67506661914487, 0.786103707815725, 0.7104032428037307, 0.5918550337222288], [0.0491199133898883, 1.0574807115546498, 0.0, 0.1698519771484506, 0.5818298606887723, 0.12757680729196053, 0.37444366733148016, 0.6854491164176857, 0.36553215979068754, 0.22951885258610338, 0.007225183508792421, 0.6131898949625687, 0.6687705167985109, 0.6909984089564492, 0.7885625829554901, 0.7133079894911833, 0.5877271047144339], [-0.10643052665747543, 0.8559178657685578, 0.0, 0.19622453734570458, 0.5243046585021325, 0.13392058671707202, 0.2884488596400317, 0.6786211959421746, 0.39918576989116694, 0.20179363853882815, 0.00783923647221818, 0.6135083974971596, 0.6552512046019549, 0.6775475210348073, 0.7951390814550241, 0.7094188673884537, 0.6199185133577293], [-0.11590925598067114, 1.0324268484785413, 0.0, 0.176418257978812, 0.5750601794104794, 0.1287072786597487, 0.34212532086685454, 0.6839135051963192, 0.3759939733400215, 0.22915419082887878, 0.007336964783822175, 0.6182321560228723, 0.6566042394714954, 0.6889213970303805, 0.7877461097883166, 0.7083764818937427, 0.6040148161933105], [-0.1518410135755981, 1.0565293648336482, 0.0, 0.1725675548993487, 0.5767233975621293, 0.12427048568846286, 0.3767247557314555, 0.6867184006009381, 0.33869886692185913, 0.22448284285738218, 0.00677745458930179, 0.6086533332509123, 0.649028761440659, 0.6804571429322919, 0.7768813440399843, 0.7140853830673006, 0.5629223041531333], [-0.14371671742453307, 0.9564525428081788, 0.0, 0.2016134258709765, 0.5370444861808249, 0.1312163947089642, 0.17302852850613776, 0.6770035727492019, 0.3613371329120152, 0.21686814135840016, 0.007448685839370306, 0.6192050866524945, 0.6415981427208759, 0.6709727341875862, 0.7714284150174799, 0.6982564599348947, 0.5763418473132147], [0.022174218395131007, 1.056009465024044, 0.0, 0.17617991171679195, 0.563722528980077, 0.12602214032445022, 0.2100581903234165, 0.6823809105611318, 0.3314814655145506, 0.22613247853707819, 0.00711334193318236, 0.6040403903328384, 0.6358556513037348, 0.6486190667077364, 0.7620184894079509, 0.6994430704140435, 0.5552096728617376]]}