{"labels_1": ["1", "2", "3", "4", "5", "6", "7", "8", "9"], "labels_2": ["1", "2", "3", "4", "5", "6", "7", "8", "9"], "adj_matrix_1": [[0.0, 0.11321, 0.147, 0.07806, 0.2952, 0.21727, 0.06803, 0.10941, 0.12465], [0.11321, 0.0, 0.24361, 0.03659, 0.24487, 0.11971, 0.1756, 0.21181, 0.2248], [0.147, 0.24361, 0.0, 0.21543, 0.3269, 0.31393, 0.08179, 0.03972, 0.02377], [0.07806, 0.03659, 0.21543, 0.0, 0.26363, 0.15271, 0.14306, 0.18138, 0.19527], [0.2952, 0.24487, 0.3269, 0.26363, 0.0, 0.16151, 0.31362, 0.32157, 0.32383], [0.21727, 0.11971, 0.31393, 0.15271, 0.16151, 0.0, 0.26563, 0.29192, 0.30103], [0.06803, 0.1756, 0.08179, 0.14306, 0.31362, 0.26563, 0.0, 0.0425, 0.05837], [0.10941, 0.21181, 0.03972, 0.18138, 0.32157, 0.29192, 0.0425, 0.0, 0.016], [0.12465, 0.2248, 0.02377, 0.19527, 0.32383, 0.30103, 0.05837, 0.016, 0.0]], "adj_matrix_2": [[0.0, 0.16559, 0.13058, 0.04836, 0.28154, 0.19566, 0.13994, 0.16586, 0.1764], [0.16559, 0.0, 0.03976, 0.20551, 0.23196, 0.03731, 0.2735, 0.00031, 0.29783], [0.13058, 0.03976, 0.0, 0.17371, 0.24869, 0.07639, 0.2491, 0.04008, 0.27694], [0.04836, 0.20551, 0.17371, 0.0, 0.28544, 0.23216, 0.09407, 0.20584, 0.13244], [0.28154, 0.23196, 0.24869, 0.28544, 0.0, 0.21254, 0.28528, 0.2317, 0.2825], [0.19566, 0.03731, 0.07639, 0.23216, 0.21254, 0.0, 0.29242, 0.03701, 0.31334], [0.13994, 0.2735, 0.2491, 0.09407, 0.28528, 0.29242, 0.0, 0.27381, 0.04008], [0.16586, 0.00031, 0.04008, 0.20584, 0.2317, 0.03701, 0.27381, 0.0, 0.29817], [0.1764, 0.29783, 0.27694, 0.13244, 0.2825, 0.31334, 0.04008, 0.29817, 0.0]], "features_1": [[0.0045628426588226745, 0.7420951384010896, 0.0, 0.20656881398649768, 0.4856881851828809, 0.1389585689263356, 0.24474900056191232, 0.6722119032327529, 0.4272382077782555, 0.1820758269766931, 0.008006390651371653, 0.6221747154596338, 0.6633321135445767, 0.7002183456481779, 0.8011804259201298, 0.7104308428527698, 0.6234907121646419], [0.18513119027252367, 0.7887564747562477, 0.0, 0.20711206007419092, 0.5022561047161866, 0.13584906569771438, 0.2958862406973658, 0.6760918396627271, 0.41757583523172626, 0.18937032109216467, 0.008173410423425675, 0.6089353074348436, 0.6575726201029946, 0.6825524582291889, 0.7968884072451061, 0.7173997845897709, 0.601852524354685], [-0.05651590185366562, 0.883112047901351, 0.0, 0.21276681620725976, 0.5270224551073591, 0.136923624532117, 0.24335501413759672, 0.6741107008713859, 0.420108408716354, 0.2116442070706297, 0.00822905385914674, 0.6289152129088387, 0.6489704563606581, 0.6735176177706642, 0.7956420899780786, 0.7147855921171444, 0.6128787367833772], [0.09154390688531144, 0.8254878657245884, 0.0, 0.217630161602268, 0.505995276582737, 0.1412596466140323, 0.19457283947042542, 0.6678861007622321, 0.444760213966809, 0.2031615321046043, 0.008117752083540042, 0.6208827347641703, 0.6582377741725343, 0.6800137835306533, 0.800363951864058, 0.7144130333356661, 0.6294697022059293], [0.5701500213117918, 0.7992949141475916, 0.0, 0.26785440101330527, 0.5022992996629652, 0.1375612523598852, 0.25988165535876107, 0.6734827541581783, 0.43591960991057066, 0.1934373555725748, 0.008117752083540042, 0.5953312415081631, 0.6602894475201176, 0.6833762906671047, 0.796417576876092, 0.7287352037557826, 0.608441776264042], [0.2938420701263955, 0.9307703782754236, 0.0, 0.20874972909302517, 0.5366717291430645, 0.1377545266332639, 0.24181948737393172, 0.6725835690818946, 0.41562617321082596, 0.21881116247055687, 0.007950687539111767, 0.6010620005385046, 0.6628611561298162, 0.6720616794508765, 0.7940680847325864, 0.7326007223471541, 0.6103039966155339], [0.041535690363890154, 0.8687823934970673, 0.0, 0.21234692948730782, 0.516123721349615, 0.13910684475974852, 0.2067153219757003, 0.669950646639236, 0.4135112978135558, 0.20708502646364102, 0.007783488497544067, 0.6261805092998425, 0.6580007006792427, 0.680180605662528, 0.7945462052187152, 0.721639375056938, 0.620295563196076], [0.0934663688617916, 0.8897971975132455, 0.0, 0.2299271523314552, 0.5263956543796948, 0.1336753018259283, 0.18776621831189502, 0.6751864271595512, 0.40659361462731414, 0.20958717414557637, 0.008117752083540042, 0.6247710250183733, 0.6315590545211589, 0.6496475156510367, 0.7799744710556147, 0.7102357992253777, 0.5924391733700052], [-0.3138820564563547, 0.9336677243275926, 0.0, 0.22600161548039044, 0.5436296696449978, 0.12891206430603336, 0.20738593738136615, 0.6802807824552947, 0.369662384104833, 0.21313591441992608, 0.007448685839370306, 0.6212204095491003, 0.6400663059051656, 0.66180672883197, 0.7714344580412614, 0.6989747342820117, 0.5906360206770678]], "features_2": [[0.009002748814692207, 0.8707778608546131, 0.0, 0.24606623144759612, 0.5228974613953847, 0.13544044333975697, 0.23900029107355678, 0.6737490985125927, 0.4037955748508226, 0.2028011984663627, 0.007783488497544067, 0.6210701610230744, 0.6368349975236004, 0.6555297946534556, 0.7771628960607947, 0.691687945999298, 0.6154424745656865], [0.3504285997935317, 0.857825633076221, 0.0, 0.25013130986839416, 0.5188148219445177, 0.13559283019739551, 0.22380665412611195, 0.6742305385133307, 0.41232433745065733, 0.20092504032045588, 0.008173410423425675, 0.6086682399760015, 0.6433571655191405, 0.6761875944189514, 0.784839966412194, 0.6947948027934449, 0.6135143084518965], [0.01936840767513237, 1.0171798660203082, 0.0, 0.23124586924478285, 0.5621585291914964, 0.13320014995206336, 0.22092776504371373, 0.6764623622158994, 0.3926290374742645, 0.2292286433412427, 0.007616154688146137, 0.6147254770033124, 0.6174022540222049, 0.6521851601743064, 0.7761203960798393, 0.6936581442486706, 0.6111141288299303], [-0.09909258385023145, 1.02129065880191, 0.0, 0.23907324281142744, 0.5616586245813949, 0.13395002060195013, 0.21688984989926183, 0.675687168524055, 0.39333705975887234, 0.231509237897773, 0.007727725548673403, 0.6189359608800848, 0.6341205820673497, 0.6653398942990781, 0.7761395691121404, 0.6880085210922654, 0.6139562964656374], [0.5133338618335803, 0.89396256719786, 0.0, 0.24930908350009934, 0.5303184711982862, 0.13351482830547287, 0.2421131525572811, 0.6773829597006229, 0.39677375361923484, 0.20525094717841919, 0.007727725548673403, 0.5961430637880445, 0.628896994783819, 0.6680964309294926, 0.7866152705383227, 0.7195260475606083, 0.6093892521211108], [0.08478899363840808, 1.0242168836025458, 0.0, 0.23746352435921333, 0.5690712910461077, 0.13105930629992563, 0.25193487859645386, 0.6801301320020429, 0.3848794848097208, 0.22779355118589506, 0.00716927026363523, 0.6129318895268927, 0.6479750957215211, 0.6621350202743728, 0.7815674222887721, 0.7054148545443055, 0.6104619039666153], [-0.12805177980804094, 1.0126039026708253, 0.0, 0.2248074844051883, 0.5684299858274887, 0.12759868579085631, 0.2628048495500728, 0.6832563493105073, 0.3554198481898929, 0.22135925478939922, 0.00716927026363523, 0.6207795445604614, 0.6449812406733199, 0.6692305082077054, 0.7725325180109747, 0.684931744871088, 0.5986350915906686], [0.0847855080835318, 0.9829040350552337, 0.0, 0.19658511061006906, 0.5619845840904757, 0.12711490631289524, 0.28096978321490196, 0.6838350431229908, 0.3512729751153547, 0.21398098700451706, 0.007057398507269275, 0.6016236298873285, 0.6439883541855681, 0.6669546131181849, 0.7783985200013169, 0.705478304533701, 0.598621189892391], [-0.18523103006562458, 1.068962326048775, 0.0, 0.24393703145499446, 0.5871555047742347, 0.12208308659717393, 0.2954453501504254, 0.6874279437085806, 0.328220943970984, 0.22532020315135282, 0.00716927026363523, 0.6149637556992991, 0.6557523616845369, 0.6740387218994314, 0.7664797788279214, 0.6941836189351936, 0.5855967593025911]]}