{"labels_1": ["1", "2", "3", "4", "5", "6", "7", "8", "9"], "labels_2": ["1", "2", "3", "4", "5", "6", "7", "8", "9"], "adj_matrix_1": [[0.0, 0.10645, 0.09697, 0.28194, 0.13538, 0.25059, 0.26456, 0.29448, 0.29461], [0.10645, 0.0, 0.18072, 0.25249, 0.20498, 0.25346, 0.25486, 0.23908, 0.23782], [0.09697, 0.18072, 0.0, 0.26577, 0.0438, 0.20388, 0.22903, 0.308, 0.30994], [0.28194, 0.25249, 0.26577, 0.0, 0.24613, 0.10291, 0.0661, 0.10859, 0.1154], [0.13538, 0.20498, 0.0438, 0.24613, 0.0, 0.17241, 0.20168, 0.30139, 0.30414], [0.25059, 0.25346, 0.20388, 0.10291, 0.17241, 0.0, 0.03811, 0.20105, 0.20687], [0.26456, 0.25486, 0.22903, 0.0661, 0.20168, 0.03811, 0.0, 0.16929, 0.17555], [0.29448, 0.23908, 0.308, 0.10859, 0.30139, 0.20105, 0.16929, 0.0, 0.00718], [0.29461, 0.23782, 0.30994, 0.1154, 0.30414, 0.20687, 0.17555, 0.00718, 0.0]], "adj_matrix_2": [[0.0, 0.16857, 0.03557, 0.09964, 0.19322, 0.01335, 0.18845, 0.15582, 0.19541], [0.16857, 0.0, 0.14597, 0.09253, 0.11152, 0.16048, 0.22545, 0.02237, 0.22514], [0.03557, 0.14597, 0.0, 0.06695, 0.18851, 0.02233, 0.20814, 0.13042, 0.21395], [0.09964, 0.09253, 0.06695, 0.0, 0.16854, 0.08768, 0.23058, 0.07246, 0.23379], [0.19322, 0.11152, 0.18851, 0.16854, 0.0, 0.19174, 0.16735, 0.1277, 0.16449], [0.01335, 0.16048, 0.02233, 0.08768, 0.19174, 0.0, 0.19644, 0.14676, 0.20307], [0.18845, 0.22545, 0.20814, 0.23058, 0.16735, 0.19644, 0.0, 0.23055, 0.01089], [0.15582, 0.02237, 0.13042, 0.07246, 0.1277, 0.14676, 0.23055, 0.0, 0.23109], [0.19541, 0.22514, 0.21395, 0.23379, 0.16449, 0.20307, 0.01089, 0.23109, 0.0]], "features_1": [[0.6394694700071617, 0.8009221466509091, 0.0, 0.3016657882002874, 0.5087832900174284, 0.13554660739187496, 0.3328158777895126, 0.6788009409110807, 0.42801556513227235, 0.19088671226256215, 0.007727725548673403, 0.591837776417115, 0.6500447479179816, 0.6762765802565567, 0.8026153524859401, 0.7198205380172529, 0.6107620267208423], [0.6071762685533564, 0.8085974557451504, 0.0, 0.278982704179828, 0.5069636989093587, 0.1389313526411565, 0.31176408332180755, 0.6755487658530105, 0.44747383471198776, 0.19929748671057612, 0.008673665988278678, 0.5953296233419803, 0.6851953140195025, 0.7237499696780237, 0.8084492572113963, 0.7301670512659649, 0.6098182392841404], [0.6172169927246696, 0.8905724737918489, 0.0, 0.25671136643158693, 0.5314991156626504, 0.13702983407918837, 0.3150797481268697, 0.6774642885171547, 0.4385804287511621, 0.2119419763489816, 0.008507047823598457, 0.5973610322147644, 0.6662886813604488, 0.7009515906202695, 0.8056219751166936, 0.7249710476350111, 0.6219300207679532], [0.7344407828597257, 0.8382543990653647, 0.0, 0.26028127915206667, 0.5138500698707055, 0.14023125567642486, 0.2688685785993101, 0.6735279863048276, 0.45927675225775655, 0.20136846018955712, 0.008507047823598457, 0.6152538847480322, 0.6594501746295648, 0.6802653230365497, 0.8086050609823764, 0.7304294617671921, 0.632806672320416], [0.16090767549730645, 0.7782561172400473, 0.0, 0.21392956762902657, 0.4910383125118857, 0.14207907328240285, 0.2657580649585064, 0.6715727546569749, 0.4514341646390925, 0.1952073935425367, 0.008451478759474051, 0.6216509060199868, 0.6910692942750527, 0.7271147511830885, 0.8111942398453776, 0.7397311761994297, 0.6234523063583634], [0.7049074369904611, 0.8553081238379495, 0.0, 0.22508114748791502, 0.5166348353424425, 0.14105721938326266, 0.26529972427044085, 0.6726787694841272, 0.4594585576935133, 0.20799653210358793, 0.00822905385914674, 0.6129361765064454, 0.677588202073614, 0.7168281201630107, 0.8106241554497762, 0.7281367209363865, 0.6335728567294395], [0.16271933234471359, 0.8437097132776765, 0.0, 0.18495401982960033, 0.5161963586804602, 0.1363720411695233, 0.30618365356199817, 0.6779645081124954, 0.4031542616092596, 0.19726938212494338, 0.007616154688146137, 0.6078100846050343, 0.6655368530215631, 0.687325853060152, 0.8043582641106422, 0.7367022257260171, 0.6175655603854819], [0.022699288215603186, 0.9125722518362879, 0.0, 0.20597731925186744, 0.5408540687939023, 0.1280456781035037, 0.3776690609826197, 0.6845130092607719, 0.3591961171175444, 0.20362234998140782, 0.007504523810135222, 0.6222014941301699, 0.6577219635924348, 0.6850641765591942, 0.7861421000922789, 0.7264964292587575, 0.5543945531109338], [-0.18192472104689816, 0.9611992559156773, 0.0, 0.18572438029547766, 0.5530062890810967, 0.12693264169953047, 0.30684926776384885, 0.6846238580791577, 0.347394804387853, 0.21288218081111654, 0.007281081678807366, 0.6197011252745313, 0.659216016635469, 0.6911010427548835, 0.7795087371887564, 0.6892919206550777, 0.5532407299590801]], "features_2": [[0.487913443782769, 0.7024945372645623, 0.0, 0.15845209795459322, 0.4737971480300568, 0.14333296088943623, 0.2552392504185569, 0.6697591476346992, 0.4472599715130301, 0.174933251202543, 0.008284682400665488, 0.5947484486872696, 0.6577454721571134, 0.6817257770919649, 0.8132415016608382, 0.7404598824290081, 0.6425724734743923], [0.7967458202960667, 0.7230422673287783, 0.0, 0.19432617016159506, 0.47533748495964456, 0.14505929107958868, 0.2130103595431926, 0.66565201098765, 0.4792975611656676, 0.1835822365885742, 0.00839589484089287, 0.5866520365703152, 0.6782325126596762, 0.7122496858707988, 0.8089611913434728, 0.7286198254297838, 0.6390725541106534], [0.34219428863389245, 0.8385205587476499, 0.0, 0.1705881225787173, 0.5129882111894637, 0.14335177133963553, 0.2181737996814576, 0.668014748060922, 0.45175930195248526, 0.20567023771648918, 0.008284682400665488, 0.5964870601396259, 0.6751273860600842, 0.7019463915233944, 0.8075424392200251, 0.7118798097686255, 0.6377878460177504], [0.39111437629748247, 0.8116564419751635, 0.0, 0.1818449986724187, 0.5041116345330093, 0.14502524601332328, 0.241451288359206, 0.6676062781705043, 0.4569037221226744, 0.20267123218770688, 0.008173410423425675, 0.5967876111219566, 0.6798695589964555, 0.7214414457678988, 0.8161639705984606, 0.7460121889670317, 0.6471697236636096], [0.9585586782035587, 0.7575535995156015, 0.0, 0.1954315313316475, 0.48702503804602704, 0.14280133778085743, 0.2354094257320895, 0.6692050882937585, 0.4529816111731646, 0.18752950194067397, 0.007727725548673403, 0.5793639469041576, 0.6697752234860367, 0.7018456105486004, 0.8072088361441894, 0.7109142743630095, 0.6404368740327534], [0.286236730348715, 0.8859594483548107, 0.0, 0.2037976382049761, 0.5282679387957002, 0.14069345772585973, 0.2418609101157621, 0.6718459458854662, 0.4291307350859428, 0.21219793857150804, 0.007504523810135222, 0.5954435191232217, 0.6667464767564358, 0.6985598209538811, 0.8047046559311641, 0.7222060794913057, 0.6371342553118065], [0.08152335214134743, 0.7894588553189761, 0.0, 0.1814165877128925, 0.5059782691012202, 0.1396396782669051, 0.3005574707556796, 0.6749880507354361, 0.42751829581325196, 0.19116660809311514, 0.00783923647221818, 0.6106773298171362, 0.6785105210664518, 0.7235896794673053, 0.8115507223904073, 0.7340127391319031, 0.6384411396333619], [0.6753252591431482, 0.8765100868207873, 0.0, 0.1893988203054209, 0.5290218896431644, 0.1312553307259458, 0.23960831967656304, 0.6797714315555125, 0.3790690695365102, 0.20098696587744702, 0.007616154688146137, 0.5737628964053254, 0.6327332237680072, 0.6728556927469203, 0.7829179505269741, 0.713517033681537, 0.6091756686630023], [0.10017452987995634, 0.9302137377449411, 0.0, 0.16251414682435134, 0.5482735798121964, 0.1279755795275537, 0.2888681519917249, 0.6834468521068526, 0.3567334974032188, 0.2076148311689372, 0.007057398507269275, 0.5937035874646392, 0.6592213536743451, 0.6937981798668372, 0.7812844941640757, 0.6928969363401984, 0.5953175355117637]]}