{"labels_1": ["1", "2", "3", "4", "5", "6", "7", "8", "9"], "labels_2": ["1", "2", "3", "4", "5", "6", "7", "8", "9"], "adj_matrix_1": [[0.0, 0.10645, 0.09697, 0.28194, 0.13538, 0.25059, 0.26456, 0.29448, 0.29461], [0.10645, 0.0, 0.18072, 0.25249, 0.20498, 0.25346, 0.25486, 0.23908, 0.23782], [0.09697, 0.18072, 0.0, 0.26577, 0.0438, 0.20388, 0.22903, 0.308, 0.30994], [0.28194, 0.25249, 0.26577, 0.0, 0.24613, 0.10291, 0.0661, 0.10859, 0.1154], [0.13538, 0.20498, 0.0438, 0.24613, 0.0, 0.17241, 0.20168, 0.30139, 0.30414], [0.25059, 0.25346, 0.20388, 0.10291, 0.17241, 0.0, 0.03811, 0.20105, 0.20687], [0.26456, 0.25486, 0.22903, 0.0661, 0.20168, 0.03811, 0.0, 0.16929, 0.17555], [0.29448, 0.23908, 0.308, 0.10859, 0.30139, 0.20105, 0.16929, 0.0, 0.00718], [0.29461, 0.23782, 0.30994, 0.1154, 0.30414, 0.20687, 0.17555, 0.00718, 0.0]], "adj_matrix_2": [[0.0, 0.33056, 0.03145, 0.21968, 0.05894, 0.07902, 0.34474, 0.35091, 0.17937], [0.33056, 0.0, 0.31007, 0.15221, 0.29111, 0.37665, 0.02924, 0.23936, 0.24668], [0.03145, 0.31007, 0.0, 0.19177, 0.02761, 0.1099, 0.32602, 0.34889, 0.18542], [0.21968, 0.15221, 0.19177, 0.0, 0.1666, 0.28592, 0.17791, 0.31178, 0.22457], [0.05894, 0.29111, 0.02761, 0.1666, 0.0, 0.1366, 0.30859, 0.34651, 0.19093], [0.07902, 0.37665, 0.1099, 0.28592, 0.1366, 0.0, 0.38627, 0.35235, 0.16443], [0.34474, 0.02924, 0.32602, 0.17791, 0.30859, 0.38627, 0.0, 0.22071, 0.24853], [0.35091, 0.23936, 0.34889, 0.31178, 0.34651, 0.35235, 0.22071, 0.0, 0.20251], [0.17937, 0.24668, 0.18542, 0.22457, 0.19093, 0.16443, 0.24853, 0.20251, 0.0]], "features_1": [[0.6394694700071617, 0.8009221466509091, 0.0, 0.3016657882002874, 0.5087832900174284, 0.13554660739187496, 0.3328158777895126, 0.6788009409110807, 0.42801556513227235, 0.19088671226256215, 0.007727725548673403, 0.591837776417115, 0.6500447479179816, 0.6762765802565567, 0.8026153524859401, 0.7198205380172529, 0.6107620267208423], [0.6071762685533564, 0.8085974557451504, 0.0, 0.278982704179828, 0.5069636989093587, 0.1389313526411565, 0.31176408332180755, 0.6755487658530105, 0.44747383471198776, 0.19929748671057612, 0.008673665988278678, 0.5953296233419803, 0.6851953140195025, 0.7237499696780237, 0.8084492572113963, 0.7301670512659649, 0.6098182392841404], [0.6172169927246696, 0.8905724737918489, 0.0, 0.25671136643158693, 0.5314991156626504, 0.13702983407918837, 0.3150797481268697, 0.6774642885171547, 0.4385804287511621, 0.2119419763489816, 0.008507047823598457, 0.5973610322147644, 0.6662886813604488, 0.7009515906202695, 0.8056219751166936, 0.7249710476350111, 0.6219300207679532], [0.7344407828597257, 0.8382543990653647, 0.0, 0.26028127915206667, 0.5138500698707055, 0.14023125567642486, 0.2688685785993101, 0.6735279863048276, 0.45927675225775655, 0.20136846018955712, 0.008507047823598457, 0.6152538847480322, 0.6594501746295648, 0.6802653230365497, 0.8086050609823764, 0.7304294617671921, 0.632806672320416], [0.16090767549730645, 0.7782561172400473, 0.0, 0.21392956762902657, 0.4910383125118857, 0.14207907328240285, 0.2657580649585064, 0.6715727546569749, 0.4514341646390925, 0.1952073935425367, 0.008451478759474051, 0.6216509060199868, 0.6910692942750527, 0.7271147511830885, 0.8111942398453776, 0.7397311761994297, 0.6234523063583634], [0.7049074369904611, 0.8553081238379495, 0.0, 0.22508114748791502, 0.5166348353424425, 0.14105721938326266, 0.26529972427044085, 0.6726787694841272, 0.4594585576935133, 0.20799653210358793, 0.00822905385914674, 0.6129361765064454, 0.677588202073614, 0.7168281201630107, 0.8106241554497762, 0.7281367209363865, 0.6335728567294395], [0.16271933234471359, 0.8437097132776765, 0.0, 0.18495401982960033, 0.5161963586804602, 0.1363720411695233, 0.30618365356199817, 0.6779645081124954, 0.4031542616092596, 0.19726938212494338, 0.007616154688146137, 0.6078100846050343, 0.6655368530215631, 0.687325853060152, 0.8043582641106422, 0.7367022257260171, 0.6175655603854819], [0.022699288215603186, 0.9125722518362879, 0.0, 0.20597731925186744, 0.5408540687939023, 0.1280456781035037, 0.3776690609826197, 0.6845130092607719, 0.3591961171175444, 0.20362234998140782, 0.007504523810135222, 0.6222014941301699, 0.6577219635924348, 0.6850641765591942, 0.7861421000922789, 0.7264964292587575, 0.5543945531109338], [-0.18192472104689816, 0.9611992559156773, 0.0, 0.18572438029547766, 0.5530062890810967, 0.12693264169953047, 0.30684926776384885, 0.6846238580791577, 0.347394804387853, 0.21288218081111654, 0.007281081678807366, 0.6197011252745313, 0.659216016635469, 0.6911010427548835, 0.7795087371887564, 0.6892919206550777, 0.5532407299590801]], "features_2": [[-0.3795991400564094, 0.6448548513883398, 0.0, 0.20988188590713516, 0.45204575854496304, 0.13919151887565284, 0.35438619220060164, 0.6738920810331087, 0.4462400297808964, 0.16068898782565455, 0.007950687539111767, 0.6413556650477401, 0.6751418360277057, 0.7038125363753676, 0.8051446231112237, 0.6852039624700468, 0.6169649376173517], [-0.43356422657037097, 0.6839156001465727, 0.0, 0.22942004356793214, 0.4670938921523728, 0.14116052744790925, 0.32564078642067784, 0.6728484606756802, 0.4500930347035339, 0.17336383327407634, 0.008507047823598457, 0.6342598093367942, 0.6725476993311706, 0.7109379119629283, 0.8108606553527465, 0.7206940043769132, 0.6291428603434981], [-0.27864430034223453, 0.717245379853429, 0.0, 0.2267209539776135, 0.4744659547906981, 0.14331749715366443, 0.37914190076607923, 0.6709182441124364, 0.47448690572207997, 0.1809937108218096, 0.008062078829516484, 0.641472605680447, 0.6721776816349769, 0.6988162991297119, 0.8132739906390174, 0.7288426226277965, 0.630580654810827], [-0.2117157028162331, 0.6641397491050536, 0.0, 0.22172919436428637, 0.45708734284443414, 0.14375301082471595, 0.42801030254658484, 0.6711188774437492, 0.47321961133754353, 0.16880772064566818, 0.008062078829516484, 0.6299513936930425, 0.6932407562731944, 0.7197292582251461, 0.8149572319143663, 0.7369979370916875, 0.6382235497392523], [-0.5475256077527937, 0.6819207839371773, 0.0, 0.24743318630482633, 0.4526041856007925, 0.14960267814984862, 0.245384518851327, 0.6600802068595115, 0.4856472961681202, 0.18171358586198072, 0.008340296057933516, 0.6522278817362515, 0.6929866094250043, 0.7323515686485382, 0.8154907950204344, 0.7256887592166983, 0.640050749653253], [-0.4163456719831711, 0.7157931662574833, 0.0, 0.20912298131198026, 0.46840975313751726, 0.14869941694281297, 0.34271276605509654, 0.6649163106163707, 0.5053609519860964, 0.18860570572534607, 0.008729175733573014, 0.6541086264714426, 0.702108843932106, 0.7285256746626437, 0.8209570380258291, 0.7399980564630726, 0.6467247543976543], [-0.054470551061972294, 0.7026868894728378, 0.0, 0.2192321760103674, 0.46713281266592743, 0.14312215978509657, 0.4793440293582215, 0.6739255445501148, 0.45278303546769516, 0.1750236424131162, 0.008173410423425675, 0.6224980632341213, 0.6967541323127467, 0.7278048176755855, 0.8191384683876746, 0.7392201116239228, 0.621921523053654], [0.4769299969992917, 0.7217929935721947, 0.0, 0.3110463760018538, 0.4590980428403562, 0.14918777709842093, 0.18943223458947073, 0.6573935535886513, 0.48903994222122305, 0.18644125345839568, 0.008618141428105908, 0.6022639295925898, 0.6646666743470109, 0.7008384305526396, 0.8108455898549471, 0.7255178465817279, 0.638582530851007], [0.41050581852400114, 0.7519177167861334, 0.0, 0.24779650159786695, 0.4742760920094594, 0.14139094032902855, 0.2906781529314074, 0.6696040821155724, 0.43191590229402754, 0.18453123698504448, 0.008062078829516484, 0.5963358503326108, 0.6580015838105369, 0.7008511669367447, 0.8061413539180804, 0.7273294907570133, 0.6273052413887797]]}