{"labels_1": ["1", "2", "3", "4", "5", "6", "7", "8", "9"], "labels_2": ["1", "2", "3", "4", "5", "6", "7", "8", "9"], "adj_matrix_1": [[0.0, 0.06409, 0.28594, 0.27269, 0.06577, 0.2504, 0.1098, 0.01734, 0.2857], [0.06409, 0.0, 0.30139, 0.27125, 0.12755, 0.24261, 0.09612, 0.04694, 0.29319], [0.28594, 0.30139, 0.0, 0.10197, 0.26227, 0.14468, 0.19517, 0.29057, 0.04653], [0.27269, 0.27125, 0.10197, 0.0, 0.26864, 0.05226, 0.18469, 0.27246, 0.05847], [0.06577, 0.12755, 0.26227, 0.26864, 0.0, 0.25448, 0.12529, 0.08267, 0.27098], [0.2504, 0.24261, 0.14468, 0.05226, 0.25448, 0.0, 0.16652, 0.24831, 0.10672], [0.1098, 0.09612, 0.19517, 0.18469, 0.12529, 0.16652, 0.0, 0.10574, 0.19414], [0.01734, 0.04694, 0.29057, 0.27246, 0.08267, 0.24831, 0.10574, 0.0, 0.28815], [0.2857, 0.29319, 0.04653, 0.05847, 0.27098, 0.10672, 0.19414, 0.28815, 0.0]], "adj_matrix_2": [[0.0, 0.22775, 0.098, 0.06451, 0.26632, 0.02883, 0.32404, 0.17726, 0.13055], [0.22775, 0.0, 0.23747, 0.21682, 0.08557, 0.23148, 0.15318, 0.19237, 0.20313], [0.098, 0.23747, 0.0, 0.15762, 0.25442, 0.07018, 0.36406, 0.25387, 0.21518], [0.06451, 0.21682, 0.15762, 0.0, 0.26588, 0.09257, 0.2834, 0.1183, 0.06845], [0.26632, 0.08557, 0.25442, 0.26588, 0.0, 0.26449, 0.22218, 0.25415, 0.26044], [0.02883, 0.23148, 0.07018, 0.09257, 0.26449, 0.0, 0.33872, 0.20157, 0.15678], [0.32404, 0.15318, 0.36406, 0.2834, 0.22218, 0.33872, 0.0, 0.18583, 0.23044], [0.17726, 0.19237, 0.25387, 0.1183, 0.25415, 0.20157, 0.18583, 0.0, 0.05136], [0.13055, 0.20313, 0.21518, 0.06845, 0.26044, 0.15678, 0.23044, 0.05136, 0.0]], "features_1": [[-0.241889326327835, 0.9437887283057509, 0.0, 0.24600086324247533, 0.5509570365397446, 0.13347987674781114, 0.33505071044915413, 0.6807989964569343, 0.412962981968235, 0.2205199354242111, 0.007504523810135222, 0.6283370309951892, 0.668895989628701, 0.7109952740687945, 0.7976828430041863, 0.7257082838473863, 0.5912984372312534], [-0.32123693471187753, 0.9249137512691994, 0.0, 0.23293861426165474, 0.5389777183074225, 0.13980645886920712, 0.29828216138904295, 0.6744594049601373, 0.4413958972115608, 0.2243747107426315, 0.007727725548673403, 0.6358472710093983, 0.6776402100804335, 0.6975887667714471, 0.8091306236382866, 0.7277418061663903, 0.6202276027915682], [0.08436721842705985, 1.069827254020132, 0.0, 0.26817261272605025, 0.5773129391391619, 0.1358508013542525, 0.3128779494296289, 0.6783448253871736, 0.43170217450896886, 0.24712559572976933, 0.00783923647221818, 0.6096857592334279, 0.6640626078714256, 0.7020323966037412, 0.7997753054716099, 0.7393313674373506, 0.6060133211244257], [0.4035093192428123, 1.0564776805568183, 0.0, 0.2637445642756234, 0.5699373256740523, 0.1375551200124971, 0.2686578034277652, 0.6755397860461027, 0.4349135477692838, 0.24615566176100812, 0.007950687539111767, 0.6023630733037635, 0.6698994895422619, 0.6934226247153846, 0.7995969306022704, 0.7350382074840716, 0.6048040472236683], [0.08936691859481227, 0.9378940521045882, 0.0, 0.23790138249718942, 0.5434792089875128, 0.1388407272007545, 0.3273860801802371, 0.6764281587092481, 0.4422061911629065, 0.2247058812179059, 0.007727725548673403, 0.6241402546003354, 0.6713432406671196, 0.706343248338034, 0.8104121625880307, 0.7447382955779611, 0.6281250381707941], [0.47293684283373016, 1.070074351495755, 0.0, 0.28919506125071387, 0.5770125567910965, 0.13664824942209292, 0.31456992731698674, 0.6779200271279266, 0.43663558374024203, 0.24665409444386266, 0.007727725548673403, 0.6010223077212058, 0.6685032900031045, 0.7012299699582304, 0.8031178701640589, 0.7200974579884989, 0.6253456118517612], [1.4409093625416292, 1.0389395920472602, 0.0, 0.27114104763900654, 0.5581245960357886, 0.14010771945298592, 0.2250464202214964, 0.6711888778876962, 0.44472395316319746, 0.2410077005619473, 0.007950687539111767, 0.5758104491403675, 0.643230336866723, 0.6676296172752334, 0.7994630702400763, 0.7329472584337876, 0.6176972229624242], [-0.05134729908959157, 1.1209169367041933, 0.0, 0.2460563660797146, 0.6054532101808753, 0.12222156657733567, 0.4589395329184825, 0.689493658396939, 0.3339263644374131, 0.2329188056354281, 0.006609306440138685, 0.6120379048588236, 0.6585315922166146, 0.6647868884549692, 0.7838259224644125, 0.7138919903026212, 0.5875964428366187], [0.29765618755509227, 1.1453772943266467, 0.0, 0.2613482755070338, 0.607430868713322, 0.12271777243460484, 0.4687682287345126, 0.6889814310668415, 0.3441871879339802, 0.2388372613109646, 0.007392832833969631, 0.5888124793109415, 0.6460402359625695, 0.6631174862730915, 0.7793298837662993, 0.713359373320991, 0.5835892271667357]], "features_2": [[0.38677893244823336, 0.7663735598571983, 0.0, 0.22813253243741866, 0.47853550721021304, 0.14585863455879303, 0.235621659336028, 0.6636905269467122, 0.48062531042667067, 0.19510973690502142, 0.008618141428105908, 0.6214376176643803, 0.6634920048827899, 0.70120479792987, 0.8063507025925117, 0.7296561124244687, 0.622867161836086], [1.033237772044994, 0.8113724427234523, 0.0, 0.2555361849041072, 0.49188888794061614, 0.14168674236317264, 0.14787731343245766, 0.6643191432198021, 0.4430618189670841, 0.19620228143358065, 0.00783923647221818, 0.5889265172966707, 0.6345355571087555, 0.6563532274052941, 0.7911231371159161, 0.7169017334734812, 0.6117922826221635], [0.21256110928064942, 0.8678967546412322, 0.0, 0.2217951349639983, 0.5115587994681959, 0.14393608664407562, 0.2774170445072414, 0.6670619787482926, 0.4609557135280764, 0.21516086108567367, 0.008673665988278678, 0.6172889866492213, 0.6616764003652116, 0.6985143561666852, 0.8041564579805881, 0.7235642580180446, 0.6180449642274446], [-0.036064180239934185, 0.8155825323405127, 0.0, 0.20372258773819651, 0.4971023522166934, 0.14437238481399484, 0.2606239773029884, 0.6665881006109703, 0.4693059374543538, 0.20633072772849426, 0.00839589484089287, 0.6291613586088918, 0.670470829450652, 0.709163756595046, 0.8062830340870728, 0.7327163870277307, 0.6156927207536256], [0.4406553198105394, 0.796529455997746, 0.0, 0.24239126398021593, 0.493539232551932, 0.14090999029460793, 0.18022293469412176, 0.6673055585017282, 0.43402583755546087, 0.19571563317682705, 0.00822905385914674, 0.5961891310561585, 0.6492006082805533, 0.6898359192562893, 0.7944027873054091, 0.7147609578036792, 0.6097445050741402], [0.005781244311999778, 0.8682290720109955, 0.0, 0.2049661638049257, 0.5171803822706563, 0.14189344566433168, 0.2960474375057899, 0.6700615106018886, 0.4527083846159856, 0.21436854435307562, 0.008562602043175715, 0.6177404665319082, 0.6745416336576885, 0.7037277665440558, 0.8024487598765675, 0.7323184259253258, 0.6225245555851956], [-0.4991780937355297, 0.7801774981554578, 0.0, 0.17782990182666, 0.4964797428023776, 0.13744499772794846, 0.3128589044978625, 0.6750642412293915, 0.41703363347146305, 0.19167549483435886, 0.007894969482732161, 0.6462229270114177, 0.6741312066422448, 0.6932945319195282, 0.7985477612317824, 0.7152716108842836, 0.6123452553724662], [-0.349139664410433, 0.8888430550222818, 0.0, 0.22001296523452557, 0.5239364217124055, 0.1335957163505535, 0.19948141260254104, 0.6746105258013847, 0.3831480435233614, 0.20909187684364872, 0.007671947615560004, 0.6316310086090984, 0.6404435134711494, 0.6715584994745802, 0.7725666246975447, 0.6926949954660572, 0.5854211734448466], [-0.053942192458173555, 0.8959031165906056, 0.0, 0.2547263965605134, 0.5286414674893699, 0.13167741911879655, 0.2783249889605187, 0.6781014273669228, 0.3708897310506618, 0.20539870420026518, 0.007336964783822175, 0.6179507668187734, 0.6344890343260747, 0.6391972006344615, 0.7744754493422134, 0.7054019934007127, 0.5916835979380327]]}