{"labels_1": ["1", "2", "3", "4", "5", "6", "7", "8", "9"], "labels_2": ["1", "2", "3", "4", "5", "6", "7", "8", "9"], "adj_matrix_1": [[0.0, 0.06409, 0.28594, 0.27269, 0.06577, 0.2504, 0.1098, 0.01734, 0.2857], [0.06409, 0.0, 0.30139, 0.27125, 0.12755, 0.24261, 0.09612, 0.04694, 0.29319], [0.28594, 0.30139, 0.0, 0.10197, 0.26227, 0.14468, 0.19517, 0.29057, 0.04653], [0.27269, 0.27125, 0.10197, 0.0, 0.26864, 0.05226, 0.18469, 0.27246, 0.05847], [0.06577, 0.12755, 0.26227, 0.26864, 0.0, 0.25448, 0.12529, 0.08267, 0.27098], [0.2504, 0.24261, 0.14468, 0.05226, 0.25448, 0.0, 0.16652, 0.24831, 0.10672], [0.1098, 0.09612, 0.19517, 0.18469, 0.12529, 0.16652, 0.0, 0.10574, 0.19414], [0.01734, 0.04694, 0.29057, 0.27246, 0.08267, 0.24831, 0.10574, 0.0, 0.28815], [0.2857, 0.29319, 0.04653, 0.05847, 0.27098, 0.10672, 0.19414, 0.28815, 0.0]], "adj_matrix_2": [[0.0, 0.34604, 0.13954, 0.12154, 0.38962, 0.19082, 0.197, 0.34153, 0.07003], [0.34604, 0.0, 0.27823, 0.34814, 0.12266, 0.23426, 0.31129, 0.0095, 0.32066], [0.13954, 0.27823, 0.0, 0.23354, 0.35903, 0.05958, 0.27182, 0.27113, 0.07343], [0.12154, 0.34814, 0.23354, 0.0, 0.35884, 0.26835, 0.0954, 0.34638, 0.18088], [0.38962, 0.12266, 0.35903, 0.35884, 0.0, 0.32791, 0.30179, 0.13179, 0.38325], [0.19082, 0.23426, 0.05958, 0.26835, 0.32791, 0.0, 0.29023, 0.22629, 0.13029], [0.197, 0.31129, 0.27182, 0.0954, 0.30179, 0.29023, 0.0, 0.31129, 0.23907], [0.34153, 0.0095, 0.27113, 0.34638, 0.13179, 0.22629, 0.31129, 0.0, 0.31504], [0.07003, 0.32066, 0.07343, 0.18088, 0.38325, 0.13029, 0.23907, 0.31504, 0.0]], "features_1": [[-0.241889326327835, 0.9437887283057509, 0.0, 0.24600086324247533, 0.5509570365397446, 0.13347987674781114, 0.33505071044915413, 0.6807989964569343, 0.412962981968235, 0.2205199354242111, 0.007504523810135222, 0.6283370309951892, 0.668895989628701, 0.7109952740687945, 0.7976828430041863, 0.7257082838473863, 0.5912984372312534], [-0.32123693471187753, 0.9249137512691994, 0.0, 0.23293861426165474, 0.5389777183074225, 0.13980645886920712, 0.29828216138904295, 0.6744594049601373, 0.4413958972115608, 0.2243747107426315, 0.007727725548673403, 0.6358472710093983, 0.6776402100804335, 0.6975887667714471, 0.8091306236382866, 0.7277418061663903, 0.6202276027915682], [0.08436721842705985, 1.069827254020132, 0.0, 0.26817261272605025, 0.5773129391391619, 0.1358508013542525, 0.3128779494296289, 0.6783448253871736, 0.43170217450896886, 0.24712559572976933, 0.00783923647221818, 0.6096857592334279, 0.6640626078714256, 0.7020323966037412, 0.7997753054716099, 0.7393313674373506, 0.6060133211244257], [0.4035093192428123, 1.0564776805568183, 0.0, 0.2637445642756234, 0.5699373256740523, 0.1375551200124971, 0.2686578034277652, 0.6755397860461027, 0.4349135477692838, 0.24615566176100812, 0.007950687539111767, 0.6023630733037635, 0.6698994895422619, 0.6934226247153846, 0.7995969306022704, 0.7350382074840716, 0.6048040472236683], [0.08936691859481227, 0.9378940521045882, 0.0, 0.23790138249718942, 0.5434792089875128, 0.1388407272007545, 0.3273860801802371, 0.6764281587092481, 0.4422061911629065, 0.2247058812179059, 0.007727725548673403, 0.6241402546003354, 0.6713432406671196, 0.706343248338034, 0.8104121625880307, 0.7447382955779611, 0.6281250381707941], [0.47293684283373016, 1.070074351495755, 0.0, 0.28919506125071387, 0.5770125567910965, 0.13664824942209292, 0.31456992731698674, 0.6779200271279266, 0.43663558374024203, 0.24665409444386266, 0.007727725548673403, 0.6010223077212058, 0.6685032900031045, 0.7012299699582304, 0.8031178701640589, 0.7200974579884989, 0.6253456118517612], [1.4409093625416292, 1.0389395920472602, 0.0, 0.27114104763900654, 0.5581245960357886, 0.14010771945298592, 0.2250464202214964, 0.6711888778876962, 0.44472395316319746, 0.2410077005619473, 0.007950687539111767, 0.5758104491403675, 0.643230336866723, 0.6676296172752334, 0.7994630702400763, 0.7329472584337876, 0.6176972229624242], [-0.05134729908959157, 1.1209169367041933, 0.0, 0.2460563660797146, 0.6054532101808753, 0.12222156657733567, 0.4589395329184825, 0.689493658396939, 0.3339263644374131, 0.2329188056354281, 0.006609306440138685, 0.6120379048588236, 0.6585315922166146, 0.6647868884549692, 0.7838259224644125, 0.7138919903026212, 0.5875964428366187], [0.29765618755509227, 1.1453772943266467, 0.0, 0.2613482755070338, 0.607430868713322, 0.12271777243460484, 0.4687682287345126, 0.6889814310668415, 0.3441871879339802, 0.2388372613109646, 0.007392832833969631, 0.5888124793109415, 0.6460402359625695, 0.6631174862730915, 0.7793298837662993, 0.713359373320991, 0.5835892271667357]], "features_2": [[0.056926774436183436, 0.8360331468872388, 0.0, 0.2284860914275273, 0.5046233259080881, 0.14360568944276936, 0.19903742441220587, 0.6638474409287474, 0.4635455747630117, 0.20609843451306387, 0.008006390651371653, 0.6250808368932894, 0.6461685033206325, 0.6683051797458558, 0.8010232759703617, 0.7207688964868403, 0.6460662981118312], [-0.3260513743334732, 0.748621816933611, 0.0, 0.2422836432372922, 0.49298060189689374, 0.1385629496963433, 0.3598272763688094, 0.6743319911945924, 0.44005842911060267, 0.18452511922440196, 0.008006390651371653, 0.6382095291449486, 0.6681147971296532, 0.697189074726947, 0.8057853833073257, 0.7022978766296949, 0.6437008528433544], [-0.18558835425242037, 0.9117408651900241, 0.0, 0.2051758467101772, 0.5293336239620351, 0.14305406742659482, 0.24199575094234546, 0.6668861143965736, 0.464738568165195, 0.22482664692185006, 0.00822905385914674, 0.63440662951684, 0.6619153373913306, 0.6914306875051108, 0.8061891836977894, 0.7291791157627356, 0.6514007424570374], [0.08355288141807993, 0.9438601580988116, 0.0, 0.21341779380148126, 0.5275074402245173, 0.14692367701377212, 0.13830354403473777, 0.6573984497339891, 0.4903034856081434, 0.23667170190497733, 0.008562602043175715, 0.6258745211129135, 0.650263776076575, 0.6725104057952376, 0.8012268967938679, 0.7158491212622359, 0.6420252293327804], [-0.584299471811268, 0.7790850063970169, 0.0, 0.24050639409578908, 0.5104942195250157, 0.13370769182776657, 0.41556750848351387, 0.6814144629310722, 0.41706176311538434, 0.18929191337228213, 0.007783488497544067, 0.6460225777060185, 0.682897981174541, 0.708377815020528, 0.805177149537395, 0.7142160775447269, 0.6208946482944091], [-0.028457188723232996, 0.9031722178069218, 0.0, 0.28422130766312365, 0.5281869051424832, 0.14315769204873494, 0.23071455965363513, 0.666988876072176, 0.46830266459773306, 0.22239474434748496, 0.007894969482732161, 0.6275662729420171, 0.6472538385400101, 0.6792423027245021, 0.8080961892808496, 0.7146688914296715, 0.6520610718975443], [0.27626922415683186, 0.9603608910945348, 0.0, 0.2347210634403895, 0.5351244677687773, 0.14349476148751078, 0.17990846437095342, 0.6648355981503999, 0.4724647681917291, 0.23649826574430644, 0.008451478759474051, 0.6075202438729981, 0.6492384566019157, 0.6927873518345342, 0.8011620529760308, 0.7281447287396852, 0.6364329346703677], [-0.21389356403641413, 0.9967386349638682, 0.0, 0.28620083490096354, 0.5686476119780353, 0.12775982866691601, 0.3572390397491027, 0.6849174748067877, 0.3827942938587603, 0.22148308494251578, 0.007281081678807366, 0.6274105061553417, 0.669370163359678, 0.6774108637336392, 0.7876222468124242, 0.698724753649594, 0.5787808127077549], [-0.04342106314639116, 1.067770288174518, 0.0, 0.29016322252260096, 0.5762675907343254, 0.1309669717402755, 0.2884216449958636, 0.6812252386711668, 0.3937610939912646, 0.2383274743449959, 0.007392832833969631, 0.6131624315473392, 0.668439482240502, 0.6930791325180016, 0.7881266301753274, 0.721772608803049, 0.594410966122191]]}