{"labels_1": ["1", "2", "3", "4", "5", "6", "7", "8", "9"], "labels_2": ["1", "2", "3", "4", "5", "6", "7", "8", "9"], "adj_matrix_1": [[0.0, 0.03786, 0.13335, 0.12348, 0.08614, 0.18468, 0.07043, 0.23725, 0.1162], [0.03786, 0.0, 0.09856, 0.15583, 0.04929, 0.15343, 0.10632, 0.24318, 0.14916], [0.13335, 0.09856, 0.0, 0.22812, 0.05069, 0.05983, 0.19132, 0.24613, 0.22355], [0.12348, 0.15583, 0.22812, 0.0, 0.19401, 0.26157, 0.05696, 0.19119, 0.00822], [0.08614, 0.04929, 0.05069, 0.19401, 0.0, 0.10881, 0.15027, 0.24669, 0.1883], [0.18468, 0.15343, 0.05983, 0.26157, 0.10881, 0.0, 0.23376, 0.24125, 0.25843], [0.07043, 0.10632, 0.19132, 0.05696, 0.15027, 0.23376, 0.0, 0.21715, 0.04892], [0.23725, 0.24318, 0.24613, 0.19119, 0.24669, 0.24125, 0.21715, 0.0, 0.19547], [0.1162, 0.14916, 0.22355, 0.00822, 0.1883, 0.25843, 0.04892, 0.19547, 0.0]], "adj_matrix_2": [[0.0, 0.24149, 0.00794, 0.07797, 0.24282, 0.08672, 0.10796, 0.04989, 0.18713], [0.24149, 0.0, 0.23569, 0.29039, 0.00174, 0.29488, 0.15051, 0.2026, 0.06678], [0.00794, 0.23569, 0.0, 0.08563, 0.23703, 0.09429, 0.10043, 0.04201, 0.18042], [0.07797, 0.29039, 0.08563, 0.0, 0.29144, 0.0091, 0.17803, 0.12521, 0.24616], [0.24282, 0.00174, 0.23703, 0.29144, 0.0, 0.29592, 0.15211, 0.2041, 0.0685], [0.08672, 0.29488, 0.09429, 0.0091, 0.29592, 0.0, 0.18541, 0.13348, 0.25203], [0.10796, 0.15051, 0.10043, 0.17803, 0.15211, 0.18541, 0.0, 0.05953, 0.08684], [0.04989, 0.2026, 0.04201, 0.12521, 0.2041, 0.13348, 0.05953, 0.0, 0.14333], [0.18713, 0.06678, 0.18042, 0.24616, 0.0685, 0.25203, 0.08684, 0.14333, 0.0]], "features_1": [[0.5359872899982303, 0.760703742023661, 0.0, 0.23065914205339763, 0.510153225231817, 0.1263961036771841, 0.4651111915932418, 0.6869293761166684, 0.3793376531907311, 0.17152305707664883, 0.007671947615560004, 0.5959242263764932, 0.6622146681480209, 0.6924509118987187, 0.7951919835850245, 0.7242960662867054, 0.5938216221731977], [0.4959127929867222, 0.7749202801568943, 0.0, 0.22305853043829166, 0.5087338333499997, 0.12842293606587268, 0.4258795945877935, 0.6857382736403463, 0.38786766930290795, 0.17541693406734593, 0.00783923647221818, 0.5952275889236622, 0.6662737985114551, 0.6883036653738649, 0.7975049926170014, 0.7274810434212077, 0.5916377123657702], [0.5357484405061212, 0.8749523542611561, 0.0, 0.237411487106483, 0.5462393256578366, 0.12459112427193042, 0.48948719281615566, 0.6882507601309515, 0.3737905321418755, 0.19267396860113384, 0.007671947615560004, 0.5971250097980387, 0.6602710937663943, 0.684163266790933, 0.7928823625878546, 0.7031631196633285, 0.595468084283689], [0.7478073673344987, 0.8560995187575354, 0.0, 0.270636911322521, 0.5374066156918027, 0.12617434969743793, 0.4321315140261355, 0.6865319769695565, 0.37413707440913346, 0.18961080876738978, 0.007448685839370306, 0.5821765536524177, 0.6714222127901773, 0.7007428573046922, 0.7924605182058229, 0.7130533933569101, 0.597237993157957], [0.7083828261402112, 0.8138773477016595, 0.0, 0.24278139340731975, 0.518778771498463, 0.12681807121206592, 0.37921369808070365, 0.6857203913321133, 0.38304022485697997, 0.18169048578752944, 0.008062078829516484, 0.594210373109481, 0.6422386468456469, 0.6646251483363105, 0.7884200173674835, 0.7412069375859004, 0.5827436551545775], [0.4897701220400492, 0.9321920510385449, 0.0, 0.24144795453466145, 0.5609679754237342, 0.12305089273500858, 0.43677708767521467, 0.6885519818701307, 0.36008699846365344, 0.20066521368908474, 0.007225183508792421, 0.6043495506612704, 0.646919387744255, 0.6746264994823225, 0.7846318914499019, 0.7049230725276021, 0.5906351750477223], [0.41513987902406146, 0.8251247540986762, 0.0, 0.23552968536122068, 0.5241787728789301, 0.12749338323270845, 0.37363275623961345, 0.6850254743659914, 0.3587049283078423, 0.18430262941355413, 0.007281081678807366, 0.5920166795286823, 0.6671258869984862, 0.6893455940329383, 0.7905034294071652, 0.7199119281154646, 0.5993828668528458], [1.0263996422440185, 1.0246649128253102, 0.0, 0.2791486228028597, 0.5698691078745628, 0.12666339925230222, 0.2820687177315925, 0.6840187182311785, 0.37377698187819886, 0.22351319944007875, 0.007504523810135222, 0.5755155527892222, 0.6411688871692883, 0.6610402491689994, 0.7760563271802531, 0.7181395599653709, 0.5836545146381186], [0.5969303177640981, 0.9794895115951883, 0.0, 0.2393660435759717, 0.5641618719069865, 0.12439778873498192, 0.30382678904676724, 0.6859320342089437, 0.35599103999327975, 0.211323729158978, 0.00716927026363523, 0.5837136222988795, 0.6420190277626261, 0.675057438992792, 0.7727489435437029, 0.7034473164716113, 0.5839551304593931]], "features_2": [[0.2321322814677913, 0.9404179549492515, 0.0, 0.27451986978798215, 0.5475965371942767, 0.13091730497398904, 0.2982672456957367, 0.6804144403033281, 0.38818329410864094, 0.21122910060905387, 0.007336964783822175, 0.602940835287757, 0.6326907407694922, 0.6504819209128196, 0.7783228076384777, 0.6805741679262597, 0.5766488388689204], [-0.2547378894891472, 0.8868220789630021, 0.0, 0.23419329185102666, 0.5289907464948739, 0.13237111439798904, 0.29140474312974546, 0.678465163803142, 0.3872517874484014, 0.20457623505104316, 0.007281081678807366, 0.6297263590416213, 0.6618771617177773, 0.6754342879860865, 0.7812658562760043, 0.6842183455242882, 0.5764412396120481], [0.047538970450598406, 1.0487264208099338, 0.0, 0.26531689516184037, 0.5725185227166879, 0.13081362296053606, 0.316318433245997, 0.6806281068954589, 0.3763783842041011, 0.23066729118046037, 0.00711334193318236, 0.6053365874033203, 0.6507718477383543, 0.6642507735924367, 0.7777078045570667, 0.6818027992041351, 0.5824885851408399], [0.47500920767045773, 1.0423211916594308, 0.0, 0.27565731292603296, 0.5657528015823325, 0.13314007850882645, 0.2709886444153142, 0.6773709500619661, 0.39250472301919714, 0.23061707471243365, 0.007671947615560004, 0.5992952732263084, 0.640373524842825, 0.6629546594274767, 0.7779533350676596, 0.7139711299992797, 0.5823658690234762], [-0.1842468772678254, 0.8407674289825281, 0.0, 0.2331532114705597, 0.5109368868367553, 0.13547091371158, 0.2498590690114355, 0.6745457690099528, 0.3974415429253251, 0.1980949842452131, 0.007616154688146137, 0.6237215400387828, 0.6533029370685524, 0.6794107008320586, 0.7843259190805084, 0.6817375125723348, 0.5941714748408818], [0.044422673246124145, 0.9620845249342225, 0.0, 0.2429461173421826, 0.5455648365212648, 0.1360797224958659, 0.28888683991406766, 0.6747415519456943, 0.39400399101528705, 0.21987267672686062, 0.007560346756364078, 0.6006978661538835, 0.6387226989926993, 0.6672420010462865, 0.7846250027426752, 0.700405861891007, 0.597435755856803], [-0.06189249936904684, 0.9448408615864523, 0.0, 0.23481675280549952, 0.537600058724665, 0.1360489048489556, 0.2870623789214662, 0.6752991836843512, 0.3950759512748645, 0.22066055349234692, 0.00783923647221818, 0.621392808227045, 0.6743845175144046, 0.6894093665645736, 0.7904458959252433, 0.7072580414296553, 0.5985333375522913], [0.0070618080163815655, 0.7473011043151647, 0.0, 0.21224902327363118, 0.482480992205673, 0.13770573669889502, 0.2508415964047856, 0.6729559693094009, 0.4016264144599653, 0.17828020439903924, 0.007894969482732161, 0.613236825388259, 0.6454172343025543, 0.6493843870706307, 0.7929005950859468, 0.7222417677323782, 0.6087840968973655], [-0.07580449045379911, 0.7810097848099387, 0.0, 0.21085086807576545, 0.49388055087337757, 0.13613558250503696, 0.2828019315205189, 0.6750727006465878, 0.38758394585056455, 0.18445282081682768, 0.007894969482732161, 0.6194272723027843, 0.6476696832265941, 0.6798916762648191, 0.7909523105274993, 0.7167705838953502, 0.5960000044954279]]}