{"labels_1": ["1", "2", "3", "4", "5", "6", "7", "8", "9"], "labels_2": ["1", "2", "3", "4", "5", "6", "7", "8", "9"], "adj_matrix_1": [[0.0, 0.03786, 0.13335, 0.12348, 0.08614, 0.18468, 0.07043, 0.23725, 0.1162], [0.03786, 0.0, 0.09856, 0.15583, 0.04929, 0.15343, 0.10632, 0.24318, 0.14916], [0.13335, 0.09856, 0.0, 0.22812, 0.05069, 0.05983, 0.19132, 0.24613, 0.22355], [0.12348, 0.15583, 0.22812, 0.0, 0.19401, 0.26157, 0.05696, 0.19119, 0.00822], [0.08614, 0.04929, 0.05069, 0.19401, 0.0, 0.10881, 0.15027, 0.24669, 0.1883], [0.18468, 0.15343, 0.05983, 0.26157, 0.10881, 0.0, 0.23376, 0.24125, 0.25843], [0.07043, 0.10632, 0.19132, 0.05696, 0.15027, 0.23376, 0.0, 0.21715, 0.04892], [0.23725, 0.24318, 0.24613, 0.19119, 0.24669, 0.24125, 0.21715, 0.0, 0.19547], [0.1162, 0.14916, 0.22355, 0.00822, 0.1883, 0.25843, 0.04892, 0.19547, 0.0]], "adj_matrix_2": [[0.0, 0.34604, 0.13954, 0.12154, 0.38962, 0.19082, 0.197, 0.34153, 0.07003], [0.34604, 0.0, 0.27823, 0.34814, 0.12266, 0.23426, 0.31129, 0.0095, 0.32066], [0.13954, 0.27823, 0.0, 0.23354, 0.35903, 0.05958, 0.27182, 0.27113, 0.07343], [0.12154, 0.34814, 0.23354, 0.0, 0.35884, 0.26835, 0.0954, 0.34638, 0.18088], [0.38962, 0.12266, 0.35903, 0.35884, 0.0, 0.32791, 0.30179, 0.13179, 0.38325], [0.19082, 0.23426, 0.05958, 0.26835, 0.32791, 0.0, 0.29023, 0.22629, 0.13029], [0.197, 0.31129, 0.27182, 0.0954, 0.30179, 0.29023, 0.0, 0.31129, 0.23907], [0.34153, 0.0095, 0.27113, 0.34638, 0.13179, 0.22629, 0.31129, 0.0, 0.31504], [0.07003, 0.32066, 0.07343, 0.18088, 0.38325, 0.13029, 0.23907, 0.31504, 0.0]], "features_1": [[0.5359872899982303, 0.760703742023661, 0.0, 0.23065914205339763, 0.510153225231817, 0.1263961036771841, 0.4651111915932418, 0.6869293761166684, 0.3793376531907311, 0.17152305707664883, 0.007671947615560004, 0.5959242263764932, 0.6622146681480209, 0.6924509118987187, 0.7951919835850245, 0.7242960662867054, 0.5938216221731977], [0.4959127929867222, 0.7749202801568943, 0.0, 0.22305853043829166, 0.5087338333499997, 0.12842293606587268, 0.4258795945877935, 0.6857382736403463, 0.38786766930290795, 0.17541693406734593, 0.00783923647221818, 0.5952275889236622, 0.6662737985114551, 0.6883036653738649, 0.7975049926170014, 0.7274810434212077, 0.5916377123657702], [0.5357484405061212, 0.8749523542611561, 0.0, 0.237411487106483, 0.5462393256578366, 0.12459112427193042, 0.48948719281615566, 0.6882507601309515, 0.3737905321418755, 0.19267396860113384, 0.007671947615560004, 0.5971250097980387, 0.6602710937663943, 0.684163266790933, 0.7928823625878546, 0.7031631196633285, 0.595468084283689], [0.7478073673344987, 0.8560995187575354, 0.0, 0.270636911322521, 0.5374066156918027, 0.12617434969743793, 0.4321315140261355, 0.6865319769695565, 0.37413707440913346, 0.18961080876738978, 0.007448685839370306, 0.5821765536524177, 0.6714222127901773, 0.7007428573046922, 0.7924605182058229, 0.7130533933569101, 0.597237993157957], [0.7083828261402112, 0.8138773477016595, 0.0, 0.24278139340731975, 0.518778771498463, 0.12681807121206592, 0.37921369808070365, 0.6857203913321133, 0.38304022485697997, 0.18169048578752944, 0.008062078829516484, 0.594210373109481, 0.6422386468456469, 0.6646251483363105, 0.7884200173674835, 0.7412069375859004, 0.5827436551545775], [0.4897701220400492, 0.9321920510385449, 0.0, 0.24144795453466145, 0.5609679754237342, 0.12305089273500858, 0.43677708767521467, 0.6885519818701307, 0.36008699846365344, 0.20066521368908474, 0.007225183508792421, 0.6043495506612704, 0.646919387744255, 0.6746264994823225, 0.7846318914499019, 0.7049230725276021, 0.5906351750477223], [0.41513987902406146, 0.8251247540986762, 0.0, 0.23552968536122068, 0.5241787728789301, 0.12749338323270845, 0.37363275623961345, 0.6850254743659914, 0.3587049283078423, 0.18430262941355413, 0.007281081678807366, 0.5920166795286823, 0.6671258869984862, 0.6893455940329383, 0.7905034294071652, 0.7199119281154646, 0.5993828668528458], [1.0263996422440185, 1.0246649128253102, 0.0, 0.2791486228028597, 0.5698691078745628, 0.12666339925230222, 0.2820687177315925, 0.6840187182311785, 0.37377698187819886, 0.22351319944007875, 0.007504523810135222, 0.5755155527892222, 0.6411688871692883, 0.6610402491689994, 0.7760563271802531, 0.7181395599653709, 0.5836545146381186], [0.5969303177640981, 0.9794895115951883, 0.0, 0.2393660435759717, 0.5641618719069865, 0.12439778873498192, 0.30382678904676724, 0.6859320342089437, 0.35599103999327975, 0.211323729158978, 0.00716927026363523, 0.5837136222988795, 0.6420190277626261, 0.675057438992792, 0.7727489435437029, 0.7034473164716113, 0.5839551304593931]], "features_2": [[0.056926774436183436, 0.8360331468872388, 0.0, 0.2284860914275273, 0.5046233259080881, 0.14360568944276936, 0.19903742441220587, 0.6638474409287474, 0.4635455747630117, 0.20609843451306387, 0.008006390651371653, 0.6250808368932894, 0.6461685033206325, 0.6683051797458558, 0.8010232759703617, 0.7207688964868403, 0.6460662981118312], [-0.3260513743334732, 0.748621816933611, 0.0, 0.2422836432372922, 0.49298060189689374, 0.1385629496963433, 0.3598272763688094, 0.6743319911945924, 0.44005842911060267, 0.18452511922440196, 0.008006390651371653, 0.6382095291449486, 0.6681147971296532, 0.697189074726947, 0.8057853833073257, 0.7022978766296949, 0.6437008528433544], [-0.18558835425242037, 0.9117408651900241, 0.0, 0.2051758467101772, 0.5293336239620351, 0.14305406742659482, 0.24199575094234546, 0.6668861143965736, 0.464738568165195, 0.22482664692185006, 0.00822905385914674, 0.63440662951684, 0.6619153373913306, 0.6914306875051108, 0.8061891836977894, 0.7291791157627356, 0.6514007424570374], [0.08355288141807993, 0.9438601580988116, 0.0, 0.21341779380148126, 0.5275074402245173, 0.14692367701377212, 0.13830354403473777, 0.6573984497339891, 0.4903034856081434, 0.23667170190497733, 0.008562602043175715, 0.6258745211129135, 0.650263776076575, 0.6725104057952376, 0.8012268967938679, 0.7158491212622359, 0.6420252293327804], [-0.584299471811268, 0.7790850063970169, 0.0, 0.24050639409578908, 0.5104942195250157, 0.13370769182776657, 0.41556750848351387, 0.6814144629310722, 0.41706176311538434, 0.18929191337228213, 0.007783488497544067, 0.6460225777060185, 0.682897981174541, 0.708377815020528, 0.805177149537395, 0.7142160775447269, 0.6208946482944091], [-0.028457188723232996, 0.9031722178069218, 0.0, 0.28422130766312365, 0.5281869051424832, 0.14315769204873494, 0.23071455965363513, 0.666988876072176, 0.46830266459773306, 0.22239474434748496, 0.007894969482732161, 0.6275662729420171, 0.6472538385400101, 0.6792423027245021, 0.8080961892808496, 0.7146688914296715, 0.6520610718975443], [0.27626922415683186, 0.9603608910945348, 0.0, 0.2347210634403895, 0.5351244677687773, 0.14349476148751078, 0.17990846437095342, 0.6648355981503999, 0.4724647681917291, 0.23649826574430644, 0.008451478759474051, 0.6075202438729981, 0.6492384566019157, 0.6927873518345342, 0.8011620529760308, 0.7281447287396852, 0.6364329346703677], [-0.21389356403641413, 0.9967386349638682, 0.0, 0.28620083490096354, 0.5686476119780353, 0.12775982866691601, 0.3572390397491027, 0.6849174748067877, 0.3827942938587603, 0.22148308494251578, 0.007281081678807366, 0.6274105061553417, 0.669370163359678, 0.6774108637336392, 0.7876222468124242, 0.698724753649594, 0.5787808127077549], [-0.04342106314639116, 1.067770288174518, 0.0, 0.29016322252260096, 0.5762675907343254, 0.1309669717402755, 0.2884216449958636, 0.6812252386711668, 0.3937610939912646, 0.2383274743449959, 0.007392832833969631, 0.6131624315473392, 0.668439482240502, 0.6930791325180016, 0.7881266301753274, 0.721772608803049, 0.594410966122191]]}