{"labels_1": ["1", "2", "3", "4", "5", "6", "7", "8", "9"], "labels_2": ["1", "2", "3", "4", "5", "6", "7", "8", "9"], "adj_matrix_1": [[0.0, 0.03786, 0.13335, 0.12348, 0.08614, 0.18468, 0.07043, 0.23725, 0.1162], [0.03786, 0.0, 0.09856, 0.15583, 0.04929, 0.15343, 0.10632, 0.24318, 0.14916], [0.13335, 0.09856, 0.0, 0.22812, 0.05069, 0.05983, 0.19132, 0.24613, 0.22355], [0.12348, 0.15583, 0.22812, 0.0, 0.19401, 0.26157, 0.05696, 0.19119, 0.00822], [0.08614, 0.04929, 0.05069, 0.19401, 0.0, 0.10881, 0.15027, 0.24669, 0.1883], [0.18468, 0.15343, 0.05983, 0.26157, 0.10881, 0.0, 0.23376, 0.24125, 0.25843], [0.07043, 0.10632, 0.19132, 0.05696, 0.15027, 0.23376, 0.0, 0.21715, 0.04892], [0.23725, 0.24318, 0.24613, 0.19119, 0.24669, 0.24125, 0.21715, 0.0, 0.19547], [0.1162, 0.14916, 0.22355, 0.00822, 0.1883, 0.25843, 0.04892, 0.19547, 0.0]], "adj_matrix_2": [[0.0, 0.04092, 0.14648, 0.06554, 0.1388, 0.21975, 0.25066, 0.11236, 0.15863], [0.04092, 0.0, 0.10828, 0.10511, 0.10029, 0.18574, 0.21903, 0.07287, 0.12101], [0.14648, 0.10828, 0.0, 0.20289, 0.00837, 0.08356, 0.12109, 0.03656, 0.01333], [0.06554, 0.10511, 0.20289, 0.0, 0.19597, 0.26728, 0.29356, 0.17193, 0.21377], [0.1388, 0.10029, 0.00837, 0.19597, 0.0, 0.09171, 0.12903, 0.02822, 0.02171], [0.21975, 0.18574, 0.08356, 0.26728, 0.09171, 0.0, 0.03873, 0.1189, 0.07048], [0.25066, 0.21903, 0.12109, 0.29356, 0.12903, 0.03873, 0.0, 0.15536, 0.10832], [0.11236, 0.07287, 0.03656, 0.17193, 0.02822, 0.1189, 0.15536, 0.0, 0.04982], [0.15863, 0.12101, 0.01333, 0.21377, 0.02171, 0.07048, 0.10832, 0.04982, 0.0]], "features_1": [[0.5359872899982303, 0.760703742023661, 0.0, 0.23065914205339763, 0.510153225231817, 0.1263961036771841, 0.4651111915932418, 0.6869293761166684, 0.3793376531907311, 0.17152305707664883, 0.007671947615560004, 0.5959242263764932, 0.6622146681480209, 0.6924509118987187, 0.7951919835850245, 0.7242960662867054, 0.5938216221731977], [0.4959127929867222, 0.7749202801568943, 0.0, 0.22305853043829166, 0.5087338333499997, 0.12842293606587268, 0.4258795945877935, 0.6857382736403463, 0.38786766930290795, 0.17541693406734593, 0.00783923647221818, 0.5952275889236622, 0.6662737985114551, 0.6883036653738649, 0.7975049926170014, 0.7274810434212077, 0.5916377123657702], [0.5357484405061212, 0.8749523542611561, 0.0, 0.237411487106483, 0.5462393256578366, 0.12459112427193042, 0.48948719281615566, 0.6882507601309515, 0.3737905321418755, 0.19267396860113384, 0.007671947615560004, 0.5971250097980387, 0.6602710937663943, 0.684163266790933, 0.7928823625878546, 0.7031631196633285, 0.595468084283689], [0.7478073673344987, 0.8560995187575354, 0.0, 0.270636911322521, 0.5374066156918027, 0.12617434969743793, 0.4321315140261355, 0.6865319769695565, 0.37413707440913346, 0.18961080876738978, 0.007448685839370306, 0.5821765536524177, 0.6714222127901773, 0.7007428573046922, 0.7924605182058229, 0.7130533933569101, 0.597237993157957], [0.7083828261402112, 0.8138773477016595, 0.0, 0.24278139340731975, 0.518778771498463, 0.12681807121206592, 0.37921369808070365, 0.6857203913321133, 0.38304022485697997, 0.18169048578752944, 0.008062078829516484, 0.594210373109481, 0.6422386468456469, 0.6646251483363105, 0.7884200173674835, 0.7412069375859004, 0.5827436551545775], [0.4897701220400492, 0.9321920510385449, 0.0, 0.24144795453466145, 0.5609679754237342, 0.12305089273500858, 0.43677708767521467, 0.6885519818701307, 0.36008699846365344, 0.20066521368908474, 0.007225183508792421, 0.6043495506612704, 0.646919387744255, 0.6746264994823225, 0.7846318914499019, 0.7049230725276021, 0.5906351750477223], [0.41513987902406146, 0.8251247540986762, 0.0, 0.23552968536122068, 0.5241787728789301, 0.12749338323270845, 0.37363275623961345, 0.6850254743659914, 0.3587049283078423, 0.18430262941355413, 0.007281081678807366, 0.5920166795286823, 0.6671258869984862, 0.6893455940329383, 0.7905034294071652, 0.7199119281154646, 0.5993828668528458], [1.0263996422440185, 1.0246649128253102, 0.0, 0.2791486228028597, 0.5698691078745628, 0.12666339925230222, 0.2820687177315925, 0.6840187182311785, 0.37377698187819886, 0.22351319944007875, 0.007504523810135222, 0.5755155527892222, 0.6411688871692883, 0.6610402491689994, 0.7760563271802531, 0.7181395599653709, 0.5836545146381186], [0.5969303177640981, 0.9794895115951883, 0.0, 0.2393660435759717, 0.5641618719069865, 0.12439778873498192, 0.30382678904676724, 0.6859320342089437, 0.35599103999327975, 0.211323729158978, 0.00716927026363523, 0.5837136222988795, 0.6420190277626261, 0.675057438992792, 0.7727489435437029, 0.7034473164716113, 0.5839551304593931]], "features_2": [[0.3103253766648666, 0.9874365332061001, 0.0, 0.2230454503909665, 0.5455762620598308, 0.13566594657121225, 0.23212640544531524, 0.6726250967433283, 0.4162663843234886, 0.22866839677606676, 0.008062078829516484, 0.6114339284344985, 0.6203930840346409, 0.6530300345644765, 0.7794398651980753, 0.7155307243785338, 0.5824510036005854], [-0.0547503025180025, 0.9044795469756896, 0.0, 0.17877871865717207, 0.5294068074774774, 0.13891255013309756, 0.2690175886440471, 0.6723916601536826, 0.42975292336243176, 0.21752581371270807, 0.008062078829516484, 0.6269087618033184, 0.6706178673672792, 0.6928696340691266, 0.7996602685438065, 0.7232846192750193, 0.6153138266567353], [0.014890108454873818, 1.0856572601344032, 0.0, 0.19186187437170107, 0.5674676796597022, 0.13724762825794537, 0.2821720311479908, 0.6721921086465629, 0.41814613717964666, 0.25081418644186737, 0.007727725548673403, 0.6246902872654805, 0.6453652208265571, 0.682118151481069, 0.7855713554703152, 0.7222956499507291, 0.5952592535558546], [0.25940360915429794, 1.0399451317991377, 0.0, 0.20360189679660476, 0.5532880930160446, 0.13846610181693178, 0.2300047099496169, 0.6687652750146903, 0.42946624786746135, 0.24330857940959216, 0.008173410423425675, 0.6117184575281629, 0.6482615474144623, 0.6789895795361717, 0.7812167807240583, 0.7138650754899117, 0.5935891293018271], [0.026108296336508907, 0.8093067321921978, 0.0, 0.1972387719036318, 0.49653895419521854, 0.14353802381709144, 0.2350461486031037, 0.6659910495541667, 0.4476246213235455, 0.20088948842111432, 0.007950687539111767, 0.6288121551438, 0.6544468005039031, 0.6970243839648226, 0.8049261112775632, 0.7212661759511599, 0.625209475837928], [-0.15962219717396664, 0.9379007902091432, 0.0, 0.18168445746717754, 0.5355215796169961, 0.14060811646902588, 0.2808736444493974, 0.6692766286122003, 0.42875063388878476, 0.226242165176896, 0.008062078829516484, 0.6331662489801764, 0.6585969183446001, 0.68945315301026, 0.7962240853564381, 0.7125374155842693, 0.6176273835712911], [-0.4331105301669047, 0.9176506842639032, 0.0, 0.1635696966554297, 0.5240194831020915, 0.14272906485858428, 0.26624526648569213, 0.6653353337640735, 0.4400761741125996, 0.22712848510269956, 0.008006390651371653, 0.6399635620519832, 0.6414931704422737, 0.6850189247816453, 0.7912521503020815, 0.6948138480307048, 0.6189649014174071], [0.08991626152625054, 0.8654874681792694, 0.0, 0.27210068724178144, 0.5298426557849588, 0.1287367432828105, 0.3123751533627356, 0.683489510742704, 0.3626918415953575, 0.19271860770889582, 0.00711334193318236, 0.61059132956286, 0.6560107655816879, 0.673353154848792, 0.7856247314778778, 0.711368978036096, 0.5896688155074855], [-0.2179792761655137, 0.8692117284293224, 0.0, 0.24388036874243088, 0.5313656613595545, 0.13148062202838479, 0.31175471306386837, 0.680552195106231, 0.3848946536682747, 0.20098274991472254, 0.00711334193318236, 0.6194401595598986, 0.641834003019396, 0.6661473856645167, 0.7864466841288479, 0.7045137031984395, 0.6127776614256183]]}