{"labels_1": ["1", "2", "3", "4", "5", "6", "7", "8", "9"], "labels_2": ["1", "2", "3", "4", "5", "6", "7", "8", "9"], "adj_matrix_1": [[0.0, 0.12657, 0.09137, 0.01384, 0.1394, 0.12607, 0.24853, 0.01939, 0.14946], [0.12657, 0.0, 0.03736, 0.13908, 0.01404, 0.00053, 0.14368, 0.14402, 0.02527], [0.09137, 0.03736, 0.0, 0.10449, 0.05129, 0.03684, 0.17702, 0.10969, 0.06238], [0.01384, 0.13908, 0.10449, 0.0, 0.15164, 0.1386, 0.25754, 0.00556, 0.1615], [0.1394, 0.01404, 0.05129, 0.15164, 0.0, 0.01457, 0.13072, 0.15647, 0.01125], [0.12607, 0.00053, 0.03684, 0.1386, 0.01457, 0.0, 0.14419, 0.14354, 0.02581], [0.24853, 0.14368, 0.17702, 0.25754, 0.13072, 0.14419, 0.0, 0.26097, 0.12018], [0.01939, 0.14402, 0.10969, 0.00556, 0.15647, 0.14354, 0.26097, 0.0, 0.16622], [0.14946, 0.02527, 0.06238, 0.1615, 0.01125, 0.02581, 0.12018, 0.16622, 0.0]], "adj_matrix_2": [[0.0, 0.22775, 0.098, 0.06451, 0.26632, 0.02883, 0.32404, 0.17726, 0.13055], [0.22775, 0.0, 0.23747, 0.21682, 0.08557, 0.23148, 0.15318, 0.19237, 0.20313], [0.098, 0.23747, 0.0, 0.15762, 0.25442, 0.07018, 0.36406, 0.25387, 0.21518], [0.06451, 0.21682, 0.15762, 0.0, 0.26588, 0.09257, 0.2834, 0.1183, 0.06845], [0.26632, 0.08557, 0.25442, 0.26588, 0.0, 0.26449, 0.22218, 0.25415, 0.26044], [0.02883, 0.23148, 0.07018, 0.09257, 0.26449, 0.0, 0.33872, 0.20157, 0.15678], [0.32404, 0.15318, 0.36406, 0.2834, 0.22218, 0.33872, 0.0, 0.18583, 0.23044], [0.17726, 0.19237, 0.25387, 0.1183, 0.25415, 0.20157, 0.18583, 0.0, 0.05136], [0.13055, 0.20313, 0.21518, 0.06845, 0.26044, 0.15678, 0.23044, 0.05136, 0.0]], "features_1": [[0.14987328124780896, 0.7209193968483375, 0.0, 0.24186410251056653, 0.4689988186996517, 0.14447031158064932, 0.18073864256209832, 0.6639312423308891, 0.474501687331051, 0.1845138075855639, 0.008618141428105908, 0.6195094963823164, 0.6785546917218747, 0.7142429649334644, 0.804611864450484, 0.7125452747772032, 0.6229981032596432], [-0.14332435170563018, 0.6894817331356002, 0.0, 0.18690494846209668, 0.45741455136781867, 0.1467492270350213, 0.22468116634159543, 0.6644320549073435, 0.4806669350400843, 0.17964982769342375, 0.00822905385914674, 0.6332618641890291, 0.6776921249141298, 0.7133649050345671, 0.8153399899981578, 0.7238286089528401, 0.6240412605898288], [0.12169317422913739, 0.8032733945765771, 0.0, 0.2286623174278114, 0.4926959973783438, 0.14571872609815945, 0.17536599287596744, 0.6620985114183832, 0.48258624621850066, 0.20445942867356237, 0.008340296057933516, 0.6228102006473091, 0.6554806035203332, 0.6917261202099604, 0.8059130524187721, 0.7057052323138374, 0.6255199239489513], [-0.04072695466381582, 0.7939790283526892, 0.0, 0.237201838628847, 0.48928974900911626, 0.1468932802013187, 0.15281714663721999, 0.6599173840142156, 0.49034106677125155, 0.20661442488884396, 0.008173410423425675, 0.6204998527536771, 0.6575941013216308, 0.6956497413018197, 0.8058212461462175, 0.7147783053009964, 0.6241703148342179], [-0.025821453054250654, 0.7106438561984407, 0.0, 0.2151394172618207, 0.4656696047687663, 0.1452049387191181, 0.2353767454665075, 0.6666784817311071, 0.4733681990289553, 0.1818351674620764, 0.008340296057933516, 0.625255911252788, 0.6896452311531929, 0.7188304188424732, 0.8137177600062817, 0.7194605022181801, 0.6271619524723908], [0.10718142878861414, 0.792331357643032, 0.0, 0.22872475032785403, 0.4892441909611033, 0.1465129455783306, 0.19181524601852046, 0.661743041935341, 0.4875060624879306, 0.2022493590792538, 0.008451478759474051, 0.6323478451028666, 0.6580263918438355, 0.693641827780574, 0.8091339450497049, 0.7163746344328883, 0.626771293096965], [-0.3456254983896039, 0.8075219738030964, 0.0, 0.19039803715099665, 0.4983221506581468, 0.143097877351989, 0.23065782083914996, 0.6685906957297483, 0.45951956256959403, 0.2059702783447661, 0.008117752083540042, 0.632145665175285, 0.6852102977055394, 0.7344500599175512, 0.8080046299389455, 0.7168001025512476, 0.615717368344509], [0.18852557450424534, 0.7667385591170893, 0.0, 0.19207549999305426, 0.4848715025706634, 0.14141087844705896, 0.24651625403194471, 0.6704095549831837, 0.44715292407155793, 0.18799778552249258, 0.007894969482732161, 0.6109708608775608, 0.6433015745951419, 0.6903152725248192, 0.8054466524235828, 0.7102713189794357, 0.6275147623661883], [0.3306540427956053, 0.8596942831488682, 0.0, 0.2258250441024071, 0.5220861350592544, 0.1348317831855545, 0.32736620074620504, 0.6786619632969253, 0.41097041027285264, 0.20027040612690872, 0.007894969482732161, 0.6127765952990261, 0.6534708164456821, 0.684597684197877, 0.7974945966569941, 0.7146364948179256, 0.5981580841496592]], "features_2": [[0.38677893244823336, 0.7663735598571983, 0.0, 0.22813253243741866, 0.47853550721021304, 0.14585863455879303, 0.235621659336028, 0.6636905269467122, 0.48062531042667067, 0.19510973690502142, 0.008618141428105908, 0.6214376176643803, 0.6634920048827899, 0.70120479792987, 0.8063507025925117, 0.7296561124244687, 0.622867161836086], [1.033237772044994, 0.8113724427234523, 0.0, 0.2555361849041072, 0.49188888794061614, 0.14168674236317264, 0.14787731343245766, 0.6643191432198021, 0.4430618189670841, 0.19620228143358065, 0.00783923647221818, 0.5889265172966707, 0.6345355571087555, 0.6563532274052941, 0.7911231371159161, 0.7169017334734812, 0.6117922826221635], [0.21256110928064942, 0.8678967546412322, 0.0, 0.2217951349639983, 0.5115587994681959, 0.14393608664407562, 0.2774170445072414, 0.6670619787482926, 0.4609557135280764, 0.21516086108567367, 0.008673665988278678, 0.6172889866492213, 0.6616764003652116, 0.6985143561666852, 0.8041564579805881, 0.7235642580180446, 0.6180449642274446], [-0.036064180239934185, 0.8155825323405127, 0.0, 0.20372258773819651, 0.4971023522166934, 0.14437238481399484, 0.2606239773029884, 0.6665881006109703, 0.4693059374543538, 0.20633072772849426, 0.00839589484089287, 0.6291613586088918, 0.670470829450652, 0.709163756595046, 0.8062830340870728, 0.7327163870277307, 0.6156927207536256], [0.4406553198105394, 0.796529455997746, 0.0, 0.24239126398021593, 0.493539232551932, 0.14090999029460793, 0.18022293469412176, 0.6673055585017282, 0.43402583755546087, 0.19571563317682705, 0.00822905385914674, 0.5961891310561585, 0.6492006082805533, 0.6898359192562893, 0.7944027873054091, 0.7147609578036792, 0.6097445050741402], [0.005781244311999778, 0.8682290720109955, 0.0, 0.2049661638049257, 0.5171803822706563, 0.14189344566433168, 0.2960474375057899, 0.6700615106018886, 0.4527083846159856, 0.21436854435307562, 0.008562602043175715, 0.6177404665319082, 0.6745416336576885, 0.7037277665440558, 0.8024487598765675, 0.7323184259253258, 0.6225245555851956], [-0.4991780937355297, 0.7801774981554578, 0.0, 0.17782990182666, 0.4964797428023776, 0.13744499772794846, 0.3128589044978625, 0.6750642412293915, 0.41703363347146305, 0.19167549483435886, 0.007894969482732161, 0.6462229270114177, 0.6741312066422448, 0.6932945319195282, 0.7985477612317824, 0.7152716108842836, 0.6123452553724662], [-0.349139664410433, 0.8888430550222818, 0.0, 0.22001296523452557, 0.5239364217124055, 0.1335957163505535, 0.19948141260254104, 0.6746105258013847, 0.3831480435233614, 0.20909187684364872, 0.007671947615560004, 0.6316310086090984, 0.6404435134711494, 0.6715584994745802, 0.7725666246975447, 0.6926949954660572, 0.5854211734448466], [-0.053942192458173555, 0.8959031165906056, 0.0, 0.2547263965605134, 0.5286414674893699, 0.13167741911879655, 0.2783249889605187, 0.6781014273669228, 0.3708897310506618, 0.20539870420026518, 0.007336964783822175, 0.6179507668187734, 0.6344890343260747, 0.6391972006344615, 0.7744754493422134, 0.7054019934007127, 0.5916835979380327]]}