{"labels_1": ["1", "2", "3", "4", "5", "6", "7", "8", "9"], "labels_2": ["1", "2", "3", "4", "5", "6", "7", "8", "9"], "adj_matrix_1": [[0.0, 0.12657, 0.09137, 0.01384, 0.1394, 0.12607, 0.24853, 0.01939, 0.14946], [0.12657, 0.0, 0.03736, 0.13908, 0.01404, 0.00053, 0.14368, 0.14402, 0.02527], [0.09137, 0.03736, 0.0, 0.10449, 0.05129, 0.03684, 0.17702, 0.10969, 0.06238], [0.01384, 0.13908, 0.10449, 0.0, 0.15164, 0.1386, 0.25754, 0.00556, 0.1615], [0.1394, 0.01404, 0.05129, 0.15164, 0.0, 0.01457, 0.13072, 0.15647, 0.01125], [0.12607, 0.00053, 0.03684, 0.1386, 0.01457, 0.0, 0.14419, 0.14354, 0.02581], [0.24853, 0.14368, 0.17702, 0.25754, 0.13072, 0.14419, 0.0, 0.26097, 0.12018], [0.01939, 0.14402, 0.10969, 0.00556, 0.15647, 0.14354, 0.26097, 0.0, 0.16622], [0.14946, 0.02527, 0.06238, 0.1615, 0.01125, 0.02581, 0.12018, 0.16622, 0.0]], "adj_matrix_2": [[0.0, 0.07185, 0.0363, 0.26089, 0.19153, 0.11207, 0.28291, 0.02791, 0.01391], [0.07185, 0.0, 0.03597, 0.21512, 0.1291, 0.04182, 0.24943, 0.04433, 0.08537], [0.0363, 0.03597, 0.0, 0.23909, 0.16105, 0.07724, 0.26732, 0.00843, 0.0501], [0.26089, 0.21512, 0.23909, 0.0, 0.10611, 0.18408, 0.06227, 0.24428, 0.26832], [0.19153, 0.1291, 0.16105, 0.10611, 0.0, 0.08994, 0.15992, 0.16823, 0.20253], [0.11207, 0.04182, 0.07724, 0.18408, 0.08994, 0.0, 0.22516, 0.0854, 0.12509], [0.28291, 0.24943, 0.26732, 0.06227, 0.15992, 0.22516, 0.0, 0.27106, 0.28792], [0.02791, 0.04433, 0.00843, 0.24428, 0.16823, 0.0854, 0.27106, 0.0, 0.04176], [0.01391, 0.08537, 0.0501, 0.26832, 0.20253, 0.12509, 0.28792, 0.04176, 0.0]], "features_1": [[0.14987328124780896, 0.7209193968483375, 0.0, 0.24186410251056653, 0.4689988186996517, 0.14447031158064932, 0.18073864256209832, 0.6639312423308891, 0.474501687331051, 0.1845138075855639, 0.008618141428105908, 0.6195094963823164, 0.6785546917218747, 0.7142429649334644, 0.804611864450484, 0.7125452747772032, 0.6229981032596432], [-0.14332435170563018, 0.6894817331356002, 0.0, 0.18690494846209668, 0.45741455136781867, 0.1467492270350213, 0.22468116634159543, 0.6644320549073435, 0.4806669350400843, 0.17964982769342375, 0.00822905385914674, 0.6332618641890291, 0.6776921249141298, 0.7133649050345671, 0.8153399899981578, 0.7238286089528401, 0.6240412605898288], [0.12169317422913739, 0.8032733945765771, 0.0, 0.2286623174278114, 0.4926959973783438, 0.14571872609815945, 0.17536599287596744, 0.6620985114183832, 0.48258624621850066, 0.20445942867356237, 0.008340296057933516, 0.6228102006473091, 0.6554806035203332, 0.6917261202099604, 0.8059130524187721, 0.7057052323138374, 0.6255199239489513], [-0.04072695466381582, 0.7939790283526892, 0.0, 0.237201838628847, 0.48928974900911626, 0.1468932802013187, 0.15281714663721999, 0.6599173840142156, 0.49034106677125155, 0.20661442488884396, 0.008173410423425675, 0.6204998527536771, 0.6575941013216308, 0.6956497413018197, 0.8058212461462175, 0.7147783053009964, 0.6241703148342179], [-0.025821453054250654, 0.7106438561984407, 0.0, 0.2151394172618207, 0.4656696047687663, 0.1452049387191181, 0.2353767454665075, 0.6666784817311071, 0.4733681990289553, 0.1818351674620764, 0.008340296057933516, 0.625255911252788, 0.6896452311531929, 0.7188304188424732, 0.8137177600062817, 0.7194605022181801, 0.6271619524723908], [0.10718142878861414, 0.792331357643032, 0.0, 0.22872475032785403, 0.4892441909611033, 0.1465129455783306, 0.19181524601852046, 0.661743041935341, 0.4875060624879306, 0.2022493590792538, 0.008451478759474051, 0.6323478451028666, 0.6580263918438355, 0.693641827780574, 0.8091339450497049, 0.7163746344328883, 0.626771293096965], [-0.3456254983896039, 0.8075219738030964, 0.0, 0.19039803715099665, 0.4983221506581468, 0.143097877351989, 0.23065782083914996, 0.6685906957297483, 0.45951956256959403, 0.2059702783447661, 0.008117752083540042, 0.632145665175285, 0.6852102977055394, 0.7344500599175512, 0.8080046299389455, 0.7168001025512476, 0.615717368344509], [0.18852557450424534, 0.7667385591170893, 0.0, 0.19207549999305426, 0.4848715025706634, 0.14141087844705896, 0.24651625403194471, 0.6704095549831837, 0.44715292407155793, 0.18799778552249258, 0.007894969482732161, 0.6109708608775608, 0.6433015745951419, 0.6903152725248192, 0.8054466524235828, 0.7102713189794357, 0.6275147623661883], [0.3306540427956053, 0.8596942831488682, 0.0, 0.2258250441024071, 0.5220861350592544, 0.1348317831855545, 0.32736620074620504, 0.6786619632969253, 0.41097041027285264, 0.20027040612690872, 0.007894969482732161, 0.6127765952990261, 0.6534708164456821, 0.684597684197877, 0.7974945966569941, 0.7146364948179256, 0.5981580841496592]], "features_2": [[0.18383928232900448, 0.782131770083526, 0.0, 0.2564090056171849, 0.504170409025175, 0.14313283451822886, 0.33838024914398945, 0.6717390746984053, 0.463011569307505, 0.19335301891247503, 0.008618141428105908, 0.618750388855466, 0.6698994654106859, 0.6982108243673237, 0.8134281014076198, 0.7355785141892016, 0.6471051897658084], [0.32327211221938423, 0.8180181688014367, 0.0, 0.28775132887923444, 0.5110097920855554, 0.1405308972581616, 0.3318920235378336, 0.672225698144028, 0.4536840555774091, 0.1995270724216156, 0.008729175733573014, 0.61333691791483, 0.6504861397908009, 0.6783514079593369, 0.8023480485155432, 0.7339612870927276, 0.6287726980541527], [0.1666540846314346, 0.8828336030198639, 0.0, 0.25404487502464235, 0.5335064099889849, 0.14252062613375113, 0.3412798430615361, 0.6723841931862555, 0.4693965017129611, 0.21569021735309302, 0.008173410423425675, 0.6175804524720403, 0.6857777272378869, 0.704970315038046, 0.8123947908321232, 0.737871202391603, 0.6485818483777461], [0.3249555922752765, 0.8445920766566457, 0.0, 0.2699559950134615, 0.5187518287038451, 0.14524086161246208, 0.2939727253846556, 0.6688160289102004, 0.485683934282237, 0.2103564194869607, 0.008507047823598457, 0.6116198282466216, 0.6741583326306809, 0.7054862458041304, 0.8154302360398709, 0.7441371694771776, 0.6565955868699894], [0.37063567986982227, 0.8202913676039718, 0.0, 0.32237878147824545, 0.5060475437201284, 0.14276387398412133, 0.2670259789797029, 0.6683229957658701, 0.468911344854575, 0.2040628940090159, 0.008451478759474051, 0.6100360759198862, 0.6598513158687473, 0.6918339827349849, 0.8024716030843447, 0.710323339539476, 0.6385574169534513], [0.09683380101544525, 0.9100997475916104, 0.0, 0.2635303329254954, 0.5384714731031718, 0.1429236256079499, 0.3177361062982733, 0.6711044729904891, 0.4794814145937656, 0.2258640592169825, 0.009006502581913711, 0.6194716222689833, 0.6649479509739361, 0.6918793068957025, 0.8102013451681107, 0.7509883639163746, 0.6523755222205326], [0.25969996622933733, 0.8667273797060966, 0.0, 0.2551267462485992, 0.5277109198441179, 0.13572336170323002, 0.32657755861335, 0.678534880480468, 0.43738035415350085, 0.2070291911466795, 0.00839589484089287, 0.6123512915503639, 0.6769882932457288, 0.697419097549853, 0.8038432811390098, 0.7279632427706488, 0.6469092446789192], [0.27563547300233093, 0.9490322135263244, 0.0, 0.24954896149407288, 0.5478627396853037, 0.1333454080439465, 0.29968740764719615, 0.6794316640756437, 0.4139370034952985, 0.21855644181038758, 0.007894969482732161, 0.6204218507324817, 0.658729423304525, 0.6903837714558759, 0.7933561205598741, 0.7185755620979115, 0.6309308995534408], [0.38225433066695036, 0.9987157522050026, 0.0, 0.2670715236752124, 0.5617770018931381, 0.1293783522316881, 0.3461264178717762, 0.6833679243453475, 0.394155711500747, 0.22344054495344667, 0.00783923647221818, 0.6119316869217419, 0.6465050865563253, 0.6797971677044663, 0.7894219671370836, 0.7190084299258757, 0.6060895168149932]]}