{"labels_1": ["1", "2", "3", "4", "5", "6", "7", "8", "9"], "labels_2": ["1", "2", "3", "4", "5", "6", "7", "8", "9"], "adj_matrix_1": [[0.0, 0.12657, 0.09137, 0.01384, 0.1394, 0.12607, 0.24853, 0.01939, 0.14946], [0.12657, 0.0, 0.03736, 0.13908, 0.01404, 0.00053, 0.14368, 0.14402, 0.02527], [0.09137, 0.03736, 0.0, 0.10449, 0.05129, 0.03684, 0.17702, 0.10969, 0.06238], [0.01384, 0.13908, 0.10449, 0.0, 0.15164, 0.1386, 0.25754, 0.00556, 0.1615], [0.1394, 0.01404, 0.05129, 0.15164, 0.0, 0.01457, 0.13072, 0.15647, 0.01125], [0.12607, 0.00053, 0.03684, 0.1386, 0.01457, 0.0, 0.14419, 0.14354, 0.02581], [0.24853, 0.14368, 0.17702, 0.25754, 0.13072, 0.14419, 0.0, 0.26097, 0.12018], [0.01939, 0.14402, 0.10969, 0.00556, 0.15647, 0.14354, 0.26097, 0.0, 0.16622], [0.14946, 0.02527, 0.06238, 0.1615, 0.01125, 0.02581, 0.12018, 0.16622, 0.0]], "adj_matrix_2": [[0.0, 0.24149, 0.00794, 0.07797, 0.24282, 0.08672, 0.10796, 0.04989, 0.18713], [0.24149, 0.0, 0.23569, 0.29039, 0.00174, 0.29488, 0.15051, 0.2026, 0.06678], [0.00794, 0.23569, 0.0, 0.08563, 0.23703, 0.09429, 0.10043, 0.04201, 0.18042], [0.07797, 0.29039, 0.08563, 0.0, 0.29144, 0.0091, 0.17803, 0.12521, 0.24616], [0.24282, 0.00174, 0.23703, 0.29144, 0.0, 0.29592, 0.15211, 0.2041, 0.0685], [0.08672, 0.29488, 0.09429, 0.0091, 0.29592, 0.0, 0.18541, 0.13348, 0.25203], [0.10796, 0.15051, 0.10043, 0.17803, 0.15211, 0.18541, 0.0, 0.05953, 0.08684], [0.04989, 0.2026, 0.04201, 0.12521, 0.2041, 0.13348, 0.05953, 0.0, 0.14333], [0.18713, 0.06678, 0.18042, 0.24616, 0.0685, 0.25203, 0.08684, 0.14333, 0.0]], "features_1": [[0.14987328124780896, 0.7209193968483375, 0.0, 0.24186410251056653, 0.4689988186996517, 0.14447031158064932, 0.18073864256209832, 0.6639312423308891, 0.474501687331051, 0.1845138075855639, 0.008618141428105908, 0.6195094963823164, 0.6785546917218747, 0.7142429649334644, 0.804611864450484, 0.7125452747772032, 0.6229981032596432], [-0.14332435170563018, 0.6894817331356002, 0.0, 0.18690494846209668, 0.45741455136781867, 0.1467492270350213, 0.22468116634159543, 0.6644320549073435, 0.4806669350400843, 0.17964982769342375, 0.00822905385914674, 0.6332618641890291, 0.6776921249141298, 0.7133649050345671, 0.8153399899981578, 0.7238286089528401, 0.6240412605898288], [0.12169317422913739, 0.8032733945765771, 0.0, 0.2286623174278114, 0.4926959973783438, 0.14571872609815945, 0.17536599287596744, 0.6620985114183832, 0.48258624621850066, 0.20445942867356237, 0.008340296057933516, 0.6228102006473091, 0.6554806035203332, 0.6917261202099604, 0.8059130524187721, 0.7057052323138374, 0.6255199239489513], [-0.04072695466381582, 0.7939790283526892, 0.0, 0.237201838628847, 0.48928974900911626, 0.1468932802013187, 0.15281714663721999, 0.6599173840142156, 0.49034106677125155, 0.20661442488884396, 0.008173410423425675, 0.6204998527536771, 0.6575941013216308, 0.6956497413018197, 0.8058212461462175, 0.7147783053009964, 0.6241703148342179], [-0.025821453054250654, 0.7106438561984407, 0.0, 0.2151394172618207, 0.4656696047687663, 0.1452049387191181, 0.2353767454665075, 0.6666784817311071, 0.4733681990289553, 0.1818351674620764, 0.008340296057933516, 0.625255911252788, 0.6896452311531929, 0.7188304188424732, 0.8137177600062817, 0.7194605022181801, 0.6271619524723908], [0.10718142878861414, 0.792331357643032, 0.0, 0.22872475032785403, 0.4892441909611033, 0.1465129455783306, 0.19181524601852046, 0.661743041935341, 0.4875060624879306, 0.2022493590792538, 0.008451478759474051, 0.6323478451028666, 0.6580263918438355, 0.693641827780574, 0.8091339450497049, 0.7163746344328883, 0.626771293096965], [-0.3456254983896039, 0.8075219738030964, 0.0, 0.19039803715099665, 0.4983221506581468, 0.143097877351989, 0.23065782083914996, 0.6685906957297483, 0.45951956256959403, 0.2059702783447661, 0.008117752083540042, 0.632145665175285, 0.6852102977055394, 0.7344500599175512, 0.8080046299389455, 0.7168001025512476, 0.615717368344509], [0.18852557450424534, 0.7667385591170893, 0.0, 0.19207549999305426, 0.4848715025706634, 0.14141087844705896, 0.24651625403194471, 0.6704095549831837, 0.44715292407155793, 0.18799778552249258, 0.007894969482732161, 0.6109708608775608, 0.6433015745951419, 0.6903152725248192, 0.8054466524235828, 0.7102713189794357, 0.6275147623661883], [0.3306540427956053, 0.8596942831488682, 0.0, 0.2258250441024071, 0.5220861350592544, 0.1348317831855545, 0.32736620074620504, 0.6786619632969253, 0.41097041027285264, 0.20027040612690872, 0.007894969482732161, 0.6127765952990261, 0.6534708164456821, 0.684597684197877, 0.7974945966569941, 0.7146364948179256, 0.5981580841496592]], "features_2": [[0.2321322814677913, 0.9404179549492515, 0.0, 0.27451986978798215, 0.5475965371942767, 0.13091730497398904, 0.2982672456957367, 0.6804144403033281, 0.38818329410864094, 0.21122910060905387, 0.007336964783822175, 0.602940835287757, 0.6326907407694922, 0.6504819209128196, 0.7783228076384777, 0.6805741679262597, 0.5766488388689204], [-0.2547378894891472, 0.8868220789630021, 0.0, 0.23419329185102666, 0.5289907464948739, 0.13237111439798904, 0.29140474312974546, 0.678465163803142, 0.3872517874484014, 0.20457623505104316, 0.007281081678807366, 0.6297263590416213, 0.6618771617177773, 0.6754342879860865, 0.7812658562760043, 0.6842183455242882, 0.5764412396120481], [0.047538970450598406, 1.0487264208099338, 0.0, 0.26531689516184037, 0.5725185227166879, 0.13081362296053606, 0.316318433245997, 0.6806281068954589, 0.3763783842041011, 0.23066729118046037, 0.00711334193318236, 0.6053365874033203, 0.6507718477383543, 0.6642507735924367, 0.7777078045570667, 0.6818027992041351, 0.5824885851408399], [0.47500920767045773, 1.0423211916594308, 0.0, 0.27565731292603296, 0.5657528015823325, 0.13314007850882645, 0.2709886444153142, 0.6773709500619661, 0.39250472301919714, 0.23061707471243365, 0.007671947615560004, 0.5992952732263084, 0.640373524842825, 0.6629546594274767, 0.7779533350676596, 0.7139711299992797, 0.5823658690234762], [-0.1842468772678254, 0.8407674289825281, 0.0, 0.2331532114705597, 0.5109368868367553, 0.13547091371158, 0.2498590690114355, 0.6745457690099528, 0.3974415429253251, 0.1980949842452131, 0.007616154688146137, 0.6237215400387828, 0.6533029370685524, 0.6794107008320586, 0.7843259190805084, 0.6817375125723348, 0.5941714748408818], [0.044422673246124145, 0.9620845249342225, 0.0, 0.2429461173421826, 0.5455648365212648, 0.1360797224958659, 0.28888683991406766, 0.6747415519456943, 0.39400399101528705, 0.21987267672686062, 0.007560346756364078, 0.6006978661538835, 0.6387226989926993, 0.6672420010462865, 0.7846250027426752, 0.700405861891007, 0.597435755856803], [-0.06189249936904684, 0.9448408615864523, 0.0, 0.23481675280549952, 0.537600058724665, 0.1360489048489556, 0.2870623789214662, 0.6752991836843512, 0.3950759512748645, 0.22066055349234692, 0.00783923647221818, 0.621392808227045, 0.6743845175144046, 0.6894093665645736, 0.7904458959252433, 0.7072580414296553, 0.5985333375522913], [0.0070618080163815655, 0.7473011043151647, 0.0, 0.21224902327363118, 0.482480992205673, 0.13770573669889502, 0.2508415964047856, 0.6729559693094009, 0.4016264144599653, 0.17828020439903924, 0.007894969482732161, 0.613236825388259, 0.6454172343025543, 0.6493843870706307, 0.7929005950859468, 0.7222417677323782, 0.6087840968973655], [-0.07580449045379911, 0.7810097848099387, 0.0, 0.21085086807576545, 0.49388055087337757, 0.13613558250503696, 0.2828019315205189, 0.6750727006465878, 0.38758394585056455, 0.18445282081682768, 0.007894969482732161, 0.6194272723027843, 0.6476696832265941, 0.6798916762648191, 0.7909523105274993, 0.7167705838953502, 0.5960000044954279]]}