{"labels_1": ["1", "2", "3", "4", "5", "6", "7", "8", "9"], "labels_2": ["1", "2", "3", "4", "5", "6", "7", "8", "9"], "adj_matrix_1": [[0.0, 0.12657, 0.09137, 0.01384, 0.1394, 0.12607, 0.24853, 0.01939, 0.14946], [0.12657, 0.0, 0.03736, 0.13908, 0.01404, 0.00053, 0.14368, 0.14402, 0.02527], [0.09137, 0.03736, 0.0, 0.10449, 0.05129, 0.03684, 0.17702, 0.10969, 0.06238], [0.01384, 0.13908, 0.10449, 0.0, 0.15164, 0.1386, 0.25754, 0.00556, 0.1615], [0.1394, 0.01404, 0.05129, 0.15164, 0.0, 0.01457, 0.13072, 0.15647, 0.01125], [0.12607, 0.00053, 0.03684, 0.1386, 0.01457, 0.0, 0.14419, 0.14354, 0.02581], [0.24853, 0.14368, 0.17702, 0.25754, 0.13072, 0.14419, 0.0, 0.26097, 0.12018], [0.01939, 0.14402, 0.10969, 0.00556, 0.15647, 0.14354, 0.26097, 0.0, 0.16622], [0.14946, 0.02527, 0.06238, 0.1615, 0.01125, 0.02581, 0.12018, 0.16622, 0.0]], "adj_matrix_2": [[0.0, 0.31408, 0.20292, 0.25266, 0.27654, 0.34261, 0.05341, 0.02259, 0.20636], [0.31408, 0.0, 0.20306, 0.13601, 0.09288, 0.12161, 0.30304, 0.31558, 0.11568], [0.20292, 0.20306, 0.0, 0.07649, 0.11999, 0.29509, 0.16268, 0.21745, 0.1659], [0.25266, 0.13601, 0.07649, 0.0, 0.04541, 0.24309, 0.22224, 0.26258, 0.14723], [0.27654, 0.09288, 0.11999, 0.04541, 0.0, 0.20653, 0.25241, 0.2837, 0.1364], [0.34261, 0.12161, 0.29509, 0.24309, 0.20653, 0.0, 0.34778, 0.33759, 0.09234], [0.05341, 0.30304, 0.16268, 0.22224, 0.25241, 0.34778, 0.0, 0.07528, 0.20116], [0.02259, 0.31558, 0.21745, 0.26258, 0.2837, 0.33759, 0.07528, 0.0, 0.20691], [0.20636, 0.11568, 0.1659, 0.14723, 0.1364, 0.09234, 0.20116, 0.20691, 0.0]], "features_1": [[0.14987328124780896, 0.7209193968483375, 0.0, 0.24186410251056653, 0.4689988186996517, 0.14447031158064932, 0.18073864256209832, 0.6639312423308891, 0.474501687331051, 0.1845138075855639, 0.008618141428105908, 0.6195094963823164, 0.6785546917218747, 0.7142429649334644, 0.804611864450484, 0.7125452747772032, 0.6229981032596432], [-0.14332435170563018, 0.6894817331356002, 0.0, 0.18690494846209668, 0.45741455136781867, 0.1467492270350213, 0.22468116634159543, 0.6644320549073435, 0.4806669350400843, 0.17964982769342375, 0.00822905385914674, 0.6332618641890291, 0.6776921249141298, 0.7133649050345671, 0.8153399899981578, 0.7238286089528401, 0.6240412605898288], [0.12169317422913739, 0.8032733945765771, 0.0, 0.2286623174278114, 0.4926959973783438, 0.14571872609815945, 0.17536599287596744, 0.6620985114183832, 0.48258624621850066, 0.20445942867356237, 0.008340296057933516, 0.6228102006473091, 0.6554806035203332, 0.6917261202099604, 0.8059130524187721, 0.7057052323138374, 0.6255199239489513], [-0.04072695466381582, 0.7939790283526892, 0.0, 0.237201838628847, 0.48928974900911626, 0.1468932802013187, 0.15281714663721999, 0.6599173840142156, 0.49034106677125155, 0.20661442488884396, 0.008173410423425675, 0.6204998527536771, 0.6575941013216308, 0.6956497413018197, 0.8058212461462175, 0.7147783053009964, 0.6241703148342179], [-0.025821453054250654, 0.7106438561984407, 0.0, 0.2151394172618207, 0.4656696047687663, 0.1452049387191181, 0.2353767454665075, 0.6666784817311071, 0.4733681990289553, 0.1818351674620764, 0.008340296057933516, 0.625255911252788, 0.6896452311531929, 0.7188304188424732, 0.8137177600062817, 0.7194605022181801, 0.6271619524723908], [0.10718142878861414, 0.792331357643032, 0.0, 0.22872475032785403, 0.4892441909611033, 0.1465129455783306, 0.19181524601852046, 0.661743041935341, 0.4875060624879306, 0.2022493590792538, 0.008451478759474051, 0.6323478451028666, 0.6580263918438355, 0.693641827780574, 0.8091339450497049, 0.7163746344328883, 0.626771293096965], [-0.3456254983896039, 0.8075219738030964, 0.0, 0.19039803715099665, 0.4983221506581468, 0.143097877351989, 0.23065782083914996, 0.6685906957297483, 0.45951956256959403, 0.2059702783447661, 0.008117752083540042, 0.632145665175285, 0.6852102977055394, 0.7344500599175512, 0.8080046299389455, 0.7168001025512476, 0.615717368344509], [0.18852557450424534, 0.7667385591170893, 0.0, 0.19207549999305426, 0.4848715025706634, 0.14141087844705896, 0.24651625403194471, 0.6704095549831837, 0.44715292407155793, 0.18799778552249258, 0.007894969482732161, 0.6109708608775608, 0.6433015745951419, 0.6903152725248192, 0.8054466524235828, 0.7102713189794357, 0.6275147623661883], [0.3306540427956053, 0.8596942831488682, 0.0, 0.2258250441024071, 0.5220861350592544, 0.1348317831855545, 0.32736620074620504, 0.6786619632969253, 0.41097041027285264, 0.20027040612690872, 0.007894969482732161, 0.6127765952990261, 0.6534708164456821, 0.684597684197877, 0.7974945966569941, 0.7146364948179256, 0.5981580841496592]], "features_2": [[0.499493100270723, 0.6317196286531586, 0.0, 0.27775216366560196, 0.4540589921695957, 0.14401394598936193, 0.33269542889958215, 0.670859849270687, 0.47840042619288226, 0.16169238246305806, 0.008618141428105908, 0.6072956877070057, 0.6656324532691423, 0.7078224241215914, 0.8207978491325715, 0.7245656307739222, 0.6533999134792929], [-0.1968082329945453, 0.6897497626650039, 0.0, 0.2945122681895287, 0.4700591116285878, 0.1443832015751082, 0.29386055889487894, 0.6689022999999574, 0.48017150235817985, 0.178283603733157, 0.008284682400665488, 0.6349875390453197, 0.6609993418506812, 0.6791589821300282, 0.8141459549616304, 0.7194188668167794, 0.6452682547821972], [0.05458670317673908, 0.7314560359562663, 0.0, 0.2720588234019923, 0.4893800028046644, 0.14375534054194564, 0.38224528439845284, 0.6713382245513022, 0.4692200121177552, 0.18608932983673498, 0.00839589484089287, 0.6244680643955176, 0.6904328215653637, 0.733537929837714, 0.8177251120078335, 0.7387031827186576, 0.6495796194042939], [0.014079949838352146, 0.6995949612349736, 0.0, 0.2279928960089667, 0.4784821002300864, 0.14475066759008826, 0.3772306397999479, 0.6721541477470291, 0.4669919631810817, 0.17843068595359757, 0.008062078829516484, 0.6282604370483669, 0.7028859811690028, 0.7344005878454806, 0.8285699193926263, 0.7380469572174785, 0.655005306998681], [-0.32560146162921155, 0.7287007854467038, 0.0, 0.23131101098985532, 0.48335224462547516, 0.14157375010854772, 0.32108220950659644, 0.6725158132978513, 0.45504218301930877, 0.18595473592052647, 0.00839589484089287, 0.6285275295765778, 0.677971760255629, 0.7099467356954039, 0.8108573682894996, 0.7264481790980345, 0.6446521654321474], [-0.2604212240574153, 0.7423945095886056, 0.0, 0.2381354414859257, 0.49255563156006865, 0.14294263635221874, 0.4007790453201373, 0.6728721439653816, 0.45521063169954834, 0.18852794729860434, 0.008284682400665488, 0.6420726309260143, 0.6949503329477545, 0.7129790074940515, 0.8178383850486308, 0.7287405142415169, 0.6478798220209723], [0.2897741558104072, 0.7080480889058821, 0.0, 0.22121105890905796, 0.4746896185974758, 0.1434432588296676, 0.36063654656388167, 0.6722953628993695, 0.46001513302057795, 0.1772114951895396, 0.008173410423425675, 0.616558959849673, 0.6695299889832874, 0.7079704761549879, 0.8234384991147, 0.734111984261866, 0.6495451521898743], [0.3533860717177033, 0.838593189734646, 0.0, 0.2166020950019455, 0.516734963822025, 0.13392895736965932, 0.35961107281941623, 0.6794540908481812, 0.384468023508985, 0.19409052035935304, 0.007504523810135222, 0.5900383426834759, 0.6554707560075, 0.6848890691130104, 0.7965951348743432, 0.7056279544902364, 0.607654172872117], [1.010411335316217, 0.7494915804336588, 0.0, 0.23084087107050819, 0.48751935519341627, 0.13802522904698294, 0.33206163409026035, 0.6756851014789211, 0.4095380229296066, 0.17650440636864984, 0.007727725548673403, 0.5832244365077415, 0.6524622628865724, 0.6851589102062381, 0.8066265821323931, 0.7513847212109493, 0.6265421756674918]]}