{"labels_1": ["1", "2", "3", "4", "5", "6", "7", "8", "9"], "labels_2": ["1", "2", "3", "4", "5", "6", "7", "8", "9"], "adj_matrix_1": [[0.0, 0.12657, 0.09137, 0.01384, 0.1394, 0.12607, 0.24853, 0.01939, 0.14946], [0.12657, 0.0, 0.03736, 0.13908, 0.01404, 0.00053, 0.14368, 0.14402, 0.02527], [0.09137, 0.03736, 0.0, 0.10449, 0.05129, 0.03684, 0.17702, 0.10969, 0.06238], [0.01384, 0.13908, 0.10449, 0.0, 0.15164, 0.1386, 0.25754, 0.00556, 0.1615], [0.1394, 0.01404, 0.05129, 0.15164, 0.0, 0.01457, 0.13072, 0.15647, 0.01125], [0.12607, 0.00053, 0.03684, 0.1386, 0.01457, 0.0, 0.14419, 0.14354, 0.02581], [0.24853, 0.14368, 0.17702, 0.25754, 0.13072, 0.14419, 0.0, 0.26097, 0.12018], [0.01939, 0.14402, 0.10969, 0.00556, 0.15647, 0.14354, 0.26097, 0.0, 0.16622], [0.14946, 0.02527, 0.06238, 0.1615, 0.01125, 0.02581, 0.12018, 0.16622, 0.0]], "adj_matrix_2": [[0.0, 0.28071, 0.00967, 0.10113, 0.10361, 0.0289, 0.21387, 0.02993, 0.07088], [0.28071, 0.0, 0.28783, 0.34524, 0.19402, 0.25854, 0.38532, 0.30206, 0.32827], [0.00967, 0.28783, 0.0, 0.09181, 0.11291, 0.03854, 0.20619, 0.02028, 0.06138], [0.10113, 0.34524, 0.09181, 0.0, 0.19691, 0.12856, 0.1261, 0.07208, 0.03116], [0.10361, 0.19402, 0.11291, 0.19691, 0.0, 0.07548, 0.28797, 0.13211, 0.16993], [0.0289, 0.25854, 0.03854, 0.12856, 0.07548, 0.0, 0.23593, 0.05865, 0.09903], [0.21387, 0.38532, 0.20619, 0.1261, 0.28797, 0.23593, 0.0, 0.18969, 0.15424], [0.02993, 0.30206, 0.02028, 0.07208, 0.13211, 0.05865, 0.18969, 0.0, 0.04131], [0.07088, 0.32827, 0.06138, 0.03116, 0.16993, 0.09903, 0.15424, 0.04131, 0.0]], "features_1": [[0.14987328124780896, 0.7209193968483375, 0.0, 0.24186410251056653, 0.4689988186996517, 0.14447031158064932, 0.18073864256209832, 0.6639312423308891, 0.474501687331051, 0.1845138075855639, 0.008618141428105908, 0.6195094963823164, 0.6785546917218747, 0.7142429649334644, 0.804611864450484, 0.7125452747772032, 0.6229981032596432], [-0.14332435170563018, 0.6894817331356002, 0.0, 0.18690494846209668, 0.45741455136781867, 0.1467492270350213, 0.22468116634159543, 0.6644320549073435, 0.4806669350400843, 0.17964982769342375, 0.00822905385914674, 0.6332618641890291, 0.6776921249141298, 0.7133649050345671, 0.8153399899981578, 0.7238286089528401, 0.6240412605898288], [0.12169317422913739, 0.8032733945765771, 0.0, 0.2286623174278114, 0.4926959973783438, 0.14571872609815945, 0.17536599287596744, 0.6620985114183832, 0.48258624621850066, 0.20445942867356237, 0.008340296057933516, 0.6228102006473091, 0.6554806035203332, 0.6917261202099604, 0.8059130524187721, 0.7057052323138374, 0.6255199239489513], [-0.04072695466381582, 0.7939790283526892, 0.0, 0.237201838628847, 0.48928974900911626, 0.1468932802013187, 0.15281714663721999, 0.6599173840142156, 0.49034106677125155, 0.20661442488884396, 0.008173410423425675, 0.6204998527536771, 0.6575941013216308, 0.6956497413018197, 0.8058212461462175, 0.7147783053009964, 0.6241703148342179], [-0.025821453054250654, 0.7106438561984407, 0.0, 0.2151394172618207, 0.4656696047687663, 0.1452049387191181, 0.2353767454665075, 0.6666784817311071, 0.4733681990289553, 0.1818351674620764, 0.008340296057933516, 0.625255911252788, 0.6896452311531929, 0.7188304188424732, 0.8137177600062817, 0.7194605022181801, 0.6271619524723908], [0.10718142878861414, 0.792331357643032, 0.0, 0.22872475032785403, 0.4892441909611033, 0.1465129455783306, 0.19181524601852046, 0.661743041935341, 0.4875060624879306, 0.2022493590792538, 0.008451478759474051, 0.6323478451028666, 0.6580263918438355, 0.693641827780574, 0.8091339450497049, 0.7163746344328883, 0.626771293096965], [-0.3456254983896039, 0.8075219738030964, 0.0, 0.19039803715099665, 0.4983221506581468, 0.143097877351989, 0.23065782083914996, 0.6685906957297483, 0.45951956256959403, 0.2059702783447661, 0.008117752083540042, 0.632145665175285, 0.6852102977055394, 0.7344500599175512, 0.8080046299389455, 0.7168001025512476, 0.615717368344509], [0.18852557450424534, 0.7667385591170893, 0.0, 0.19207549999305426, 0.4848715025706634, 0.14141087844705896, 0.24651625403194471, 0.6704095549831837, 0.44715292407155793, 0.18799778552249258, 0.007894969482732161, 0.6109708608775608, 0.6433015745951419, 0.6903152725248192, 0.8054466524235828, 0.7102713189794357, 0.6275147623661883], [0.3306540427956053, 0.8596942831488682, 0.0, 0.2258250441024071, 0.5220861350592544, 0.1348317831855545, 0.32736620074620504, 0.6786619632969253, 0.41097041027285264, 0.20027040612690872, 0.007894969482732161, 0.6127765952990261, 0.6534708164456821, 0.684597684197877, 0.7974945966569941, 0.7146364948179256, 0.5981580841496592]], "features_2": [[-0.28192127464791694, 0.767769918103098, 0.0, 0.17499716662975667, 0.48581541512397325, 0.14451169176378464, 0.24425591839571795, 0.6662006056677691, 0.4634517553812594, 0.1960731070410151, 0.008006390651371653, 0.638870029943087, 0.6781921760758899, 0.7084411088278978, 0.8075867253341038, 0.7316124000984777, 0.6314056315281705], [-0.49797112948138444, 0.7998903883093389, 0.0, 0.19168184887752795, 0.4915500631057287, 0.1470852812815494, 0.16719565348022628, 0.6610773720370164, 0.4777668714821559, 0.20723107815941488, 0.008173410423425675, 0.6536919917841479, 0.6786575032301042, 0.7049229596480767, 0.8076909092618538, 0.7442775049378009, 0.6379134283534571], [-0.13856246869479216, 0.9229676895841765, 0.0, 0.18915613525612932, 0.52595863764378, 0.14536561518921287, 0.20274922585903354, 0.6637128206972539, 0.4707459537963776, 0.2298479855053006, 0.00822905385914674, 0.6325717227134371, 0.6604243381322671, 0.6808026816244244, 0.8049511255634941, 0.7214195319649058, 0.6293976985967734], [-0.012828562687747347, 0.8956130948001525, 0.0, 0.1920193708247201, 0.5160047097455361, 0.1472979507756398, 0.16047765309475182, 0.6600337881501191, 0.47698632183200984, 0.22586002137137973, 0.008284682400665488, 0.6279224447610665, 0.6673638062179853, 0.7014554936433531, 0.8062548230980944, 0.7390557683577962, 0.6243250894382202], [-0.4067745094283559, 0.8625885410510862, 0.0, 0.18628408082435424, 0.5135261988656614, 0.1419912354698811, 0.21760899799964478, 0.6691106540620556, 0.43772444138303057, 0.2132255113673247, 0.007225183508792421, 0.6395835642655194, 0.6640086628966726, 0.7019507588267049, 0.8034572045677657, 0.7216508320943351, 0.636542477595353], [-0.13479482037513701, 0.9540236569548031, 0.0, 0.20615239313110356, 0.5305397440993298, 0.1470817705243168, 0.1442216389664736, 0.6595751859994161, 0.4752370215058872, 0.23751952627198758, 0.00822905385914674, 0.6379360487349204, 0.6732602328250893, 0.6982550866947115, 0.8036252091551195, 0.7258815837992023, 0.627658220123865], [0.27885233983206614, 0.9194776225032208, 0.0, 0.22699565789225465, 0.5188077603365994, 0.14774970607300947, 0.1388744787698002, 0.6584323577501676, 0.4860491596112344, 0.23030133005529363, 0.008284682400665488, 0.6212608921343283, 0.6463975215467298, 0.6859071390934924, 0.8039202175760332, 0.7384703886514863, 0.626003024773606], [-0.0918007880649081, 0.9005715166897197, 0.0, 0.25587236266490304, 0.5278233388912672, 0.1360048435163138, 0.21633930994561013, 0.6744574345131109, 0.3991868231905167, 0.2110282289410983, 0.00716927026363523, 0.6232952731403605, 0.6443397841376883, 0.6820725692916859, 0.7898708442501321, 0.7112712821925765, 0.6219781352773327], [0.19368217253404518, 0.9450479181565673, 0.0, 0.25530533338443745, 0.5313184081577899, 0.13878116663129758, 0.16173796999229423, 0.6692720188411447, 0.4342329087259458, 0.22553494399055096, 0.00783923647221818, 0.6182345381779206, 0.6500567529477004, 0.6891650263103869, 0.7879483763251937, 0.6954529240313942, 0.614970542874118]]}