{"labels_1": ["1", "2", "3", "4", "5", "6", "7", "8", "9"], "labels_2": ["1", "2", "3", "4", "5", "6", "7", "8", "9"], "adj_matrix_1": [[0.0, 0.31401, 0.13285, 0.00484, 0.22176, 0.1763, 0.14636, 0.02024, 0.31201], [0.31401, 0.0, 0.34681, 0.31554, 0.18023, 0.35287, 0.2426, 0.31975, 0.01192], [0.13285, 0.34681, 0.0, 0.12828, 0.31551, 0.04649, 0.26085, 0.11351, 0.34912], [0.00484, 0.31554, 0.12828, 0.0, 0.22555, 0.17194, 0.15083, 0.01541, 0.31391], [0.22176, 0.18023, 0.31551, 0.22555, 0.0, 0.34181, 0.08862, 0.23715, 0.17099], [0.1763, 0.35287, 0.04649, 0.17194, 0.34181, 0.0, 0.29523, 0.15777, 0.35649], [0.14636, 0.2426, 0.26085, 0.15083, 0.08862, 0.29523, 0.0, 0.16477, 0.23627], [0.02024, 0.31975, 0.11351, 0.01541, 0.23715, 0.15777, 0.16477, 0.0, 0.31927], [0.31201, 0.01192, 0.34912, 0.31391, 0.17099, 0.35649, 0.23627, 0.31927, 0.0]], "adj_matrix_2": [[0.0, 0.22775, 0.098, 0.06451, 0.26632, 0.02883, 0.32404, 0.17726, 0.13055], [0.22775, 0.0, 0.23747, 0.21682, 0.08557, 0.23148, 0.15318, 0.19237, 0.20313], [0.098, 0.23747, 0.0, 0.15762, 0.25442, 0.07018, 0.36406, 0.25387, 0.21518], [0.06451, 0.21682, 0.15762, 0.0, 0.26588, 0.09257, 0.2834, 0.1183, 0.06845], [0.26632, 0.08557, 0.25442, 0.26588, 0.0, 0.26449, 0.22218, 0.25415, 0.26044], [0.02883, 0.23148, 0.07018, 0.09257, 0.26449, 0.0, 0.33872, 0.20157, 0.15678], [0.32404, 0.15318, 0.36406, 0.2834, 0.22218, 0.33872, 0.0, 0.18583, 0.23044], [0.17726, 0.19237, 0.25387, 0.1183, 0.25415, 0.20157, 0.18583, 0.0, 0.05136], [0.13055, 0.20313, 0.21518, 0.06845, 0.26044, 0.15678, 0.23044, 0.05136, 0.0]], "features_1": [[-0.37524679304273034, 0.7289735152542853, 0.0, 0.24556520696043707, 0.4802577289614695, 0.13843732637807754, 0.32005128341478367, 0.6761463392961297, 0.4229722488547787, 0.18129266916285225, 0.007727725548673403, 0.6294771727834023, 0.6984172539745649, 0.7308351456680585, 0.8094939930393843, 0.7144954626763965, 0.6221775523517987], [0.09788141839676712, 0.7618883984856823, 0.0, 0.2724617748609361, 0.4806859846472414, 0.142435627662893, 0.23904825647182193, 0.6677097928130253, 0.44224069336633587, 0.19075855869214564, 0.008062078829516484, 0.6173214808166572, 0.6706659579048385, 0.6897097666911938, 0.8040019239558227, 0.7201898983042007, 0.6200561513493049], [-0.3546530797944061, 0.8585550112542306, 0.0, 0.2299620909098907, 0.5179333752495585, 0.1378964214549585, 0.32518759307677386, 0.6760022203395941, 0.4189134761708817, 0.2088357836963053, 0.007727725548673403, 0.6381860877638732, 0.6875409439679467, 0.7164092784770746, 0.8055689621143574, 0.7262972070178788, 0.6140271054933133], [-0.2317136562844433, 0.8203048537742011, 0.0, 0.2788500419698323, 0.5037662290204891, 0.14114781866514794, 0.2813378873189329, 0.6726488467929567, 0.43683194004588866, 0.20377526952205893, 0.008062078829516484, 0.6313191113340293, 0.6789250900030127, 0.7147139556155558, 0.8114040035728748, 0.7337662257920825, 0.6233849036411727], [0.16317004679283587, 0.8178651265854532, 0.0, 0.24886483618275848, 0.496777595885906, 0.14269313620600213, 0.18896090949350536, 0.6654004979613845, 0.45326230740031215, 0.20359438501076776, 0.00839589484089287, 0.6223880309103333, 0.6577274914803458, 0.6887723254867469, 0.7972316327539237, 0.7254588931134183, 0.6174179314642226], [-0.3376956677175498, 0.89885805803688, 0.0, 0.238926697508487, 0.5245493040536277, 0.14010792810323744, 0.2631813178954118, 0.6719221532048283, 0.42949577313645526, 0.2193948515599704, 0.007950687539111767, 0.6398606087977039, 0.6768052918192641, 0.7069284968093984, 0.803342912711566, 0.7322293056095278, 0.6244050248158837], [0.07545932921960352, 0.9749403184464828, 0.0, 0.22545507434753778, 0.5450923595227711, 0.13492619943776268, 0.2812247530406495, 0.6771825106458949, 0.41099052043381845, 0.2252992640794631, 0.007560346756364078, 0.6178994501544319, 0.6533637314704727, 0.6810098283944227, 0.7933241158758096, 0.7096514410690196, 0.5942189599311979], [0.0640121387377608, 1.1058311386362605, 0.0, 0.23001738681449704, 0.5785149071131238, 0.13144361509920066, 0.2402862997771585, 0.6794109600443002, 0.39472633155226156, 0.24595984183015007, 0.007727725548673403, 0.6240767628252173, 0.6719876954394487, 0.6755834028054369, 0.7803531347580532, 0.7226744947693925, 0.5985690816742081], [0.5820515820756329, 1.1537531882195586, 0.0, 0.2486439779910009, 0.5897132256050471, 0.12793225660286406, 0.2249944634608397, 0.6818214826584671, 0.36707197595121266, 0.24620244007052783, 0.00711334193318236, 0.5914890727488706, 0.6360981281944448, 0.6681368592701455, 0.7695728329822779, 0.6933049992829172, 0.5839269379844222]], "features_2": [[0.38677893244823336, 0.7663735598571983, 0.0, 0.22813253243741866, 0.47853550721021304, 0.14585863455879303, 0.235621659336028, 0.6636905269467122, 0.48062531042667067, 0.19510973690502142, 0.008618141428105908, 0.6214376176643803, 0.6634920048827899, 0.70120479792987, 0.8063507025925117, 0.7296561124244687, 0.622867161836086], [1.033237772044994, 0.8113724427234523, 0.0, 0.2555361849041072, 0.49188888794061614, 0.14168674236317264, 0.14787731343245766, 0.6643191432198021, 0.4430618189670841, 0.19620228143358065, 0.00783923647221818, 0.5889265172966707, 0.6345355571087555, 0.6563532274052941, 0.7911231371159161, 0.7169017334734812, 0.6117922826221635], [0.21256110928064942, 0.8678967546412322, 0.0, 0.2217951349639983, 0.5115587994681959, 0.14393608664407562, 0.2774170445072414, 0.6670619787482926, 0.4609557135280764, 0.21516086108567367, 0.008673665988278678, 0.6172889866492213, 0.6616764003652116, 0.6985143561666852, 0.8041564579805881, 0.7235642580180446, 0.6180449642274446], [-0.036064180239934185, 0.8155825323405127, 0.0, 0.20372258773819651, 0.4971023522166934, 0.14437238481399484, 0.2606239773029884, 0.6665881006109703, 0.4693059374543538, 0.20633072772849426, 0.00839589484089287, 0.6291613586088918, 0.670470829450652, 0.709163756595046, 0.8062830340870728, 0.7327163870277307, 0.6156927207536256], [0.4406553198105394, 0.796529455997746, 0.0, 0.24239126398021593, 0.493539232551932, 0.14090999029460793, 0.18022293469412176, 0.6673055585017282, 0.43402583755546087, 0.19571563317682705, 0.00822905385914674, 0.5961891310561585, 0.6492006082805533, 0.6898359192562893, 0.7944027873054091, 0.7147609578036792, 0.6097445050741402], [0.005781244311999778, 0.8682290720109955, 0.0, 0.2049661638049257, 0.5171803822706563, 0.14189344566433168, 0.2960474375057899, 0.6700615106018886, 0.4527083846159856, 0.21436854435307562, 0.008562602043175715, 0.6177404665319082, 0.6745416336576885, 0.7037277665440558, 0.8024487598765675, 0.7323184259253258, 0.6225245555851956], [-0.4991780937355297, 0.7801774981554578, 0.0, 0.17782990182666, 0.4964797428023776, 0.13744499772794846, 0.3128589044978625, 0.6750642412293915, 0.41703363347146305, 0.19167549483435886, 0.007894969482732161, 0.6462229270114177, 0.6741312066422448, 0.6932945319195282, 0.7985477612317824, 0.7152716108842836, 0.6123452553724662], [-0.349139664410433, 0.8888430550222818, 0.0, 0.22001296523452557, 0.5239364217124055, 0.1335957163505535, 0.19948141260254104, 0.6746105258013847, 0.3831480435233614, 0.20909187684364872, 0.007671947615560004, 0.6316310086090984, 0.6404435134711494, 0.6715584994745802, 0.7725666246975447, 0.6926949954660572, 0.5854211734448466], [-0.053942192458173555, 0.8959031165906056, 0.0, 0.2547263965605134, 0.5286414674893699, 0.13167741911879655, 0.2783249889605187, 0.6781014273669228, 0.3708897310506618, 0.20539870420026518, 0.007336964783822175, 0.6179507668187734, 0.6344890343260747, 0.6391972006344615, 0.7744754493422134, 0.7054019934007127, 0.5916835979380327]]}