{"labels_1": ["1", "2", "3", "4", "5", "6", "7", "8", "9"], "labels_2": ["1", "2", "3", "4", "5", "6", "7", "8", "9"], "adj_matrix_1": [[0.0, 0.17357, 0.09002, 0.03791, 0.25826, 0.12555, 0.11647, 0.2493, 0.02052], [0.17357, 0.0, 0.24188, 0.14022, 0.27046, 0.2639, 0.06303, 0.29246, 0.15583], [0.09002, 0.24188, 0.0, 0.12545, 0.22916, 0.03837, 0.1948, 0.20193, 0.10935], [0.03791, 0.14022, 0.12545, 0.0, 0.26506, 0.15886, 0.08035, 0.26349, 0.01747], [0.25826, 0.27046, 0.22916, 0.26506, 0.0, 0.21095, 0.27149, 0.06152, 0.26213], [0.12555, 0.2639, 0.03837, 0.15886, 0.21095, 0.0, 0.2223, 0.17614, 0.14381], [0.11647, 0.06303, 0.1948, 0.08035, 0.27149, 0.2223, 0.0, 0.28411, 0.09715], [0.2493, 0.29246, 0.20193, 0.26349, 0.06152, 0.17614, 0.28411, 0.0, 0.25733], [0.02052, 0.15583, 0.10935, 0.01747, 0.26213, 0.14381, 0.09715, 0.25733, 0.0]], "adj_matrix_2": [[0.0, 0.10946, 0.01361, 0.21496, 0.11094, 0.07732, 0.23017, 0.089, 0.14994], [0.10946, 0.0, 0.09621, 0.11388, 0.00155, 0.03287, 0.13129, 0.02098, 0.04254], [0.01361, 0.09621, 0.0, 0.20308, 0.09773, 0.0639, 0.21863, 0.07566, 0.13714], [0.21496, 0.11388, 0.20308, 0.0, 0.11239, 0.14498, 0.01839, 0.13377, 0.07248], [0.11094, 0.00155, 0.09773, 0.11239, 0.0, 0.03442, 0.12983, 0.02253, 0.04101], [0.07732, 0.03287, 0.0639, 0.14498, 0.03442, 0.0, 0.16185, 0.01192, 0.07512], [0.23017, 0.13129, 0.21863, 0.01839, 0.12983, 0.16185, 0.0, 0.15086, 0.09043], [0.089, 0.02098, 0.07566, 0.13377, 0.02253, 0.01192, 0.15086, 0.0, 0.06337], [0.14994, 0.04254, 0.13714, 0.07248, 0.04101, 0.07512, 0.09043, 0.06337, 0.0]], "features_1": [[-0.15235190076268035, 0.7171978388998883, 0.0, 0.21888867303671883, 0.4882049149470964, 0.1336713766014962, 0.4661303464833523, 0.6801437045232739, 0.4116017460510819, 0.17193215147087204, 0.007671947615560004, 0.6159685968425199, 0.6542462805132491, 0.6872174723762711, 0.7928907126818846, 0.7037673986367654, 0.6180107576930509], [-0.026381871185519046, 0.7335633526513677, 0.0, 0.23103502004977478, 0.4897837091559867, 0.13528017753868418, 0.3695599820409036, 0.6773742022844094, 0.4255114636111694, 0.17734824908514235, 0.008117752083540042, 0.6254410755898832, 0.6594291396417765, 0.6945409090085491, 0.7955249900249418, 0.7028985355201272, 0.6233767030333855], [0.03854626434041819, 0.8298868460705767, 0.0, 0.24555031112294212, 0.5235406794368688, 0.13374187339702764, 0.4917036604742947, 0.6802107812592949, 0.40580608101269755, 0.19412626729376847, 0.007783488497544067, 0.6127981204398529, 0.6651436554358053, 0.6819014445272608, 0.7924183683652596, 0.7045337861605441, 0.6219528098495015], [0.005112143198724439, 0.823669020542513, 0.0, 0.24301688010264222, 0.5172566746241614, 0.13512589202139766, 0.3918027503422678, 0.6775667536119765, 0.42080359581568727, 0.197603941042777, 0.008062078829516484, 0.6137485527707853, 0.6446794602583493, 0.6846294755389365, 0.7930755561909968, 0.7127586066259248, 0.6247397077767589], [0.5029355931487824, 0.8111318113391246, 0.0, 0.26623727000837377, 0.5148470013660806, 0.13222965515493626, 0.3061939261536416, 0.6795711649098164, 0.3898231744857936, 0.18757498420723207, 0.007560346756364078, 0.5890654208493125, 0.6550116032010451, 0.6807286990644766, 0.7878472599999604, 0.7077674853974536, 0.6186264296754757], [0.336313106667554, 0.9020065412760576, 0.0, 0.2449203393453745, 0.5424942900148926, 0.13332521594475794, 0.4449781526902562, 0.6799694888711494, 0.41103353965546696, 0.2076128903332386, 0.007894969482732161, 0.6008513217004756, 0.648651277327881, 0.6830864070285141, 0.7895070520870273, 0.7055926007677146, 0.6234591725579475], [0.024960346824449697, 0.8274197605718037, 0.0, 0.2150977964281575, 0.5202049040001312, 0.13289571479893822, 0.302193676860783, 0.6791686494218434, 0.40064209288556696, 0.19381244050114654, 0.007392832833969631, 0.6226356515747247, 0.6556031232987265, 0.6894424925440252, 0.7897609362438898, 0.6968310539817545, 0.6171841666380952], [1.1003000882694858, 0.95099125920012, 0.0, 0.2843733963952844, 0.5694259201034299, 0.12220171396330021, 0.4627691770503162, 0.6890625593887452, 0.35356622006052874, 0.19906215318513687, 0.007225183508792421, 0.5697117752663834, 0.6248280113237518, 0.6486237517363486, 0.7776550673761594, 0.696259584982028, 0.582919296923383], [-0.0030727308714717516, 0.8997693986482566, 0.0, 0.19391170302072347, 0.5469539009796404, 0.12715979637354874, 0.328264058635299, 0.6848082566472746, 0.38184211647957844, 0.20149526584784572, 0.007225183508792421, 0.6059639050512926, 0.6512821439679367, 0.6752273057347753, 0.7820385384347294, 0.7020133895095697, 0.6004498005282015]], "features_2": [[-0.2130723940128374, 0.7720694378826604, 0.0, 0.18232935323456986, 0.473153878652347, 0.14692184693808102, 0.19126731444846926, 0.660001803182222, 0.48859365325905024, 0.20016259213871956, 0.008451478759474051, 0.6500027112122924, 0.665658157951231, 0.6925557270457348, 0.8055972510472764, 0.7369431419103689, 0.6212802862450248], [-0.2975078618056952, 0.8360286520159974, 0.0, 0.17729866441125774, 0.4857318829644832, 0.15238910747369747, 0.16877600048628735, 0.6517073654041565, 0.5300842284588503, 0.2225869243899441, 0.008895616178821175, 0.6482088871386553, 0.6696950287929405, 0.7021997932057878, 0.8100670845570191, 0.7140882407354856, 0.6302823623932338], [-0.2261076472076815, 0.9116415736967913, 0.0, 0.19936517454031238, 0.5126737043732262, 0.14660997820268717, 0.21757118048355722, 0.6609436218299202, 0.4892160144291353, 0.2318635203902395, 0.008451478759474051, 0.6462265671602823, 0.6717777117931014, 0.6906980747896267, 0.8039209772222848, 0.7186089203137481, 0.6240535293773691], [-0.027610683114736023, 0.8576909166686767, 0.0, 0.2078613704511192, 0.5003654335844375, 0.14553573325586208, 0.23330772038684416, 0.6634863732440877, 0.47431996739049387, 0.2183404395205768, 0.008117752083540042, 0.6332450968856493, 0.6720698875546267, 0.6987952336244826, 0.8083370505311801, 0.7266443380712726, 0.6233784823946651], [-0.3767589084969134, 0.9022772265171688, 0.0, 0.1882126834824025, 0.5069515572702267, 0.15009036317792743, 0.23887756565988383, 0.6566637013896047, 0.5021713218678274, 0.23511126264061288, 0.008673665988278678, 0.6503447998549075, 0.6746653504879561, 0.7135470010658712, 0.8067652502741399, 0.7140860495627269, 0.6328304240328027], [-0.2832366151897183, 0.9732315677784953, 0.0, 0.21794310747009296, 0.5334119226758653, 0.14383069255455766, 0.28137325163024085, 0.6667905988585521, 0.47074263023596075, 0.24226834717884138, 0.008673665988278678, 0.6459237300762664, 0.666956643044335, 0.704647728998114, 0.8041760424336155, 0.7199332756803043, 0.6265825056463524], [-0.12058347745135478, 0.9160288385214204, 0.0, 0.23840127870209152, 0.5132361106253085, 0.14706825599019194, 0.30601537682742685, 0.6631112183551235, 0.4688981263631138, 0.2312361095321065, 0.008562602043175715, 0.643033408100409, 0.6781403535396147, 0.7070500857289367, 0.809203070009575, 0.7319220564804138, 0.6290341932467451], [-0.14136302877095153, 1.041559328267112, 0.0, 0.23787085003061523, 0.5555624452673195, 0.13651939530355287, 0.46321464832926224, 0.6761241830868171, 0.40156458594722766, 0.2408681201247198, 0.007783488497544067, 0.6271181545609892, 0.6542706072802925, 0.6849427841649569, 0.7888980948910448, 0.7211734792236011, 0.5977714478592251], [-0.11669051853722134, 1.0503820523873522, 0.0, 0.26103989685026596, 0.5596251356479435, 0.13526976372690913, 0.46335869056175694, 0.6779344481084411, 0.3907995799133426, 0.2386994617924616, 0.007894969482732161, 0.6294745959903159, 0.6545027197445482, 0.6460666492359569, 0.7900594970942207, 0.7106493037702195, 0.600317814120923]]}