{"labels_1": ["1", "2", "3", "4", "5", "6", "7", "8", "9"], "labels_2": ["1", "2", "3", "4", "5", "6", "7", "8", "9"], "adj_matrix_1": [[0.0, 0.31401, 0.13285, 0.00484, 0.22176, 0.1763, 0.14636, 0.02024, 0.31201], [0.31401, 0.0, 0.34681, 0.31554, 0.18023, 0.35287, 0.2426, 0.31975, 0.01192], [0.13285, 0.34681, 0.0, 0.12828, 0.31551, 0.04649, 0.26085, 0.11351, 0.34912], [0.00484, 0.31554, 0.12828, 0.0, 0.22555, 0.17194, 0.15083, 0.01541, 0.31391], [0.22176, 0.18023, 0.31551, 0.22555, 0.0, 0.34181, 0.08862, 0.23715, 0.17099], [0.1763, 0.35287, 0.04649, 0.17194, 0.34181, 0.0, 0.29523, 0.15777, 0.35649], [0.14636, 0.2426, 0.26085, 0.15083, 0.08862, 0.29523, 0.0, 0.16477, 0.23627], [0.02024, 0.31975, 0.11351, 0.01541, 0.23715, 0.15777, 0.16477, 0.0, 0.31927], [0.31201, 0.01192, 0.34912, 0.31391, 0.17099, 0.35649, 0.23627, 0.31927, 0.0]], "adj_matrix_2": [[0.0, 0.00141, 0.04612, 0.15852, 0.17873, 0.01276, 0.18028, 0.13083, 0.05371], [0.00141, 0.0, 0.0475, 0.15973, 0.17765, 0.01135, 0.18144, 0.13211, 0.0551], [0.04612, 0.0475, 0.0, 0.11694, 0.21194, 0.05869, 0.14038, 0.08759, 0.00775], [0.15852, 0.15973, 0.11694, 0.0, 0.27774, 0.16943, 0.02537, 0.03083, 0.10969], [0.17873, 0.17765, 0.21194, 0.27774, 0.0, 0.1687, 0.288, 0.26333, 0.21684], [0.01276, 0.01135, 0.05869, 0.16943, 0.1687, 0.0, 0.19072, 0.14236, 0.06626], [0.18028, 0.18144, 0.14038, 0.02537, 0.288, 0.19072, 0.0, 0.05601, 0.13338], [0.13083, 0.13211, 0.08759, 0.03083, 0.26333, 0.14236, 0.05601, 0.0, 0.08013], [0.05371, 0.0551, 0.00775, 0.10969, 0.21684, 0.06626, 0.13338, 0.08013, 0.0]], "features_1": [[-0.37524679304273034, 0.7289735152542853, 0.0, 0.24556520696043707, 0.4802577289614695, 0.13843732637807754, 0.32005128341478367, 0.6761463392961297, 0.4229722488547787, 0.18129266916285225, 0.007727725548673403, 0.6294771727834023, 0.6984172539745649, 0.7308351456680585, 0.8094939930393843, 0.7144954626763965, 0.6221775523517987], [0.09788141839676712, 0.7618883984856823, 0.0, 0.2724617748609361, 0.4806859846472414, 0.142435627662893, 0.23904825647182193, 0.6677097928130253, 0.44224069336633587, 0.19075855869214564, 0.008062078829516484, 0.6173214808166572, 0.6706659579048385, 0.6897097666911938, 0.8040019239558227, 0.7201898983042007, 0.6200561513493049], [-0.3546530797944061, 0.8585550112542306, 0.0, 0.2299620909098907, 0.5179333752495585, 0.1378964214549585, 0.32518759307677386, 0.6760022203395941, 0.4189134761708817, 0.2088357836963053, 0.007727725548673403, 0.6381860877638732, 0.6875409439679467, 0.7164092784770746, 0.8055689621143574, 0.7262972070178788, 0.6140271054933133], [-0.2317136562844433, 0.8203048537742011, 0.0, 0.2788500419698323, 0.5037662290204891, 0.14114781866514794, 0.2813378873189329, 0.6726488467929567, 0.43683194004588866, 0.20377526952205893, 0.008062078829516484, 0.6313191113340293, 0.6789250900030127, 0.7147139556155558, 0.8114040035728748, 0.7337662257920825, 0.6233849036411727], [0.16317004679283587, 0.8178651265854532, 0.0, 0.24886483618275848, 0.496777595885906, 0.14269313620600213, 0.18896090949350536, 0.6654004979613845, 0.45326230740031215, 0.20359438501076776, 0.00839589484089287, 0.6223880309103333, 0.6577274914803458, 0.6887723254867469, 0.7972316327539237, 0.7254588931134183, 0.6174179314642226], [-0.3376956677175498, 0.89885805803688, 0.0, 0.238926697508487, 0.5245493040536277, 0.14010792810323744, 0.2631813178954118, 0.6719221532048283, 0.42949577313645526, 0.2193948515599704, 0.007950687539111767, 0.6398606087977039, 0.6768052918192641, 0.7069284968093984, 0.803342912711566, 0.7322293056095278, 0.6244050248158837], [0.07545932921960352, 0.9749403184464828, 0.0, 0.22545507434753778, 0.5450923595227711, 0.13492619943776268, 0.2812247530406495, 0.6771825106458949, 0.41099052043381845, 0.2252992640794631, 0.007560346756364078, 0.6178994501544319, 0.6533637314704727, 0.6810098283944227, 0.7933241158758096, 0.7096514410690196, 0.5942189599311979], [0.0640121387377608, 1.1058311386362605, 0.0, 0.23001738681449704, 0.5785149071131238, 0.13144361509920066, 0.2402862997771585, 0.6794109600443002, 0.39472633155226156, 0.24595984183015007, 0.007727725548673403, 0.6240767628252173, 0.6719876954394487, 0.6755834028054369, 0.7803531347580532, 0.7226744947693925, 0.5985690816742081], [0.5820515820756329, 1.1537531882195586, 0.0, 0.2486439779910009, 0.5897132256050471, 0.12793225660286406, 0.2249944634608397, 0.6818214826584671, 0.36707197595121266, 0.24620244007052783, 0.00711334193318236, 0.5914890727488706, 0.6360981281944448, 0.6681368592701455, 0.7695728329822779, 0.6933049992829172, 0.5839269379844222]], "features_2": [[0.18642626960828146, 0.806310073008187, 0.0, 0.232570855906383, 0.5113289673372274, 0.13756830975108414, 0.3188557829974862, 0.6771461892798705, 0.43110179572805296, 0.19200680203180176, 0.008006390651371653, 0.6159659337531946, 0.6768566922142364, 0.6808786319488064, 0.8083684363738396, 0.7344932071906299, 0.6313091525865671], [-0.005075752977328207, 0.8173438961263012, 0.0, 0.2158694022382185, 0.5136996585636915, 0.1372756382450132, 0.3282908562750201, 0.6777151328074328, 0.4266051422100543, 0.19598234980423856, 0.00783923647221818, 0.6125425665311446, 0.6814944656763854, 0.7070830303072477, 0.8089456938080003, 0.7282252926939831, 0.6157496895172662], [0.24487837513235444, 0.9306774864673725, 0.0, 0.22882464239994849, 0.545436760277443, 0.13729569528249932, 0.3436139625892004, 0.6782688610623221, 0.4389457422792582, 0.21916389391017055, 0.008117752083540042, 0.6129531273031086, 0.6730827065238995, 0.6878681096260826, 0.8110404010097595, 0.7324569769355801, 0.6250781743925116], [-0.03576397798484221, 0.9438273996095156, 0.0, 0.21214515616691876, 0.5379171547819858, 0.14108590116961392, 0.24852513765798107, 0.6708428841792717, 0.45246270056553617, 0.22752557544187746, 0.008062078829516484, 0.6301250128852456, 0.6749467986989707, 0.691271202938378, 0.8057555355167231, 0.7156357180660946, 0.6270613010742663], [0.2086216334398001, 0.8582304276418999, 0.0, 0.2070669781398051, 0.522273051549144, 0.13588471130748175, 0.30643806698151865, 0.6780657075961313, 0.4215139030206936, 0.2029735616976629, 0.007950687539111767, 0.607942358104689, 0.6717946900470992, 0.7020724654945919, 0.8026298062782713, 0.7252516904385558, 0.6076643935585101], [0.4506751905892754, 1.012561647576919, 0.0, 0.24220749548141357, 0.5605873285804416, 0.137008611100855, 0.2968898281998854, 0.6768544975036497, 0.43874086316629257, 0.23386898142770063, 0.007727725548673403, 0.6062604962281748, 0.6645166924932547, 0.6881976178187784, 0.8043469542418172, 0.7345290080196267, 0.6162820629463782], [0.004724073666963591, 1.0104650595511215, 0.0, 0.23833122576369944, 0.5520872619765781, 0.1359153540056108, 0.2422891839534728, 0.6750847193860372, 0.41948468863556987, 0.2374013552367169, 0.008173410423425675, 0.6184953781538682, 0.6585802989889923, 0.6978171105072536, 0.7931104874398829, 0.7176363492455717, 0.6043759491524533], [0.11545549990313209, 1.0359162744113553, 0.0, 0.19049311857926823, 0.5736867260482115, 0.12552483891413635, 0.3076060339256891, 0.6854457232766409, 0.3437432437074104, 0.22039610161441714, 0.007057398507269275, 0.6034609653997984, 0.6372793320495153, 0.6489458040021878, 0.777056242736505, 0.6905759131931284, 0.573682041166906], [0.02899562956586621, 1.1036732913876723, 0.0, 0.19861035473440256, 0.588346018928978, 0.12433416449915835, 0.2519389630742488, 0.6852713196741315, 0.3353611207880909, 0.23313484837571297, 0.006889477554966383, 0.6076924882715073, 0.6486121647825327, 0.6671017029055624, 0.7674825175403228, 0.6824223902186868, 0.5651567549369332]]}