{"labels_1": ["1", "2", "3", "4", "5", "6", "7", "8", "9"], "labels_2": ["1", "2", "3", "4", "5", "6", "7", "8", "9"], "adj_matrix_1": [[0.0, 0.31401, 0.13285, 0.00484, 0.22176, 0.1763, 0.14636, 0.02024, 0.31201], [0.31401, 0.0, 0.34681, 0.31554, 0.18023, 0.35287, 0.2426, 0.31975, 0.01192], [0.13285, 0.34681, 0.0, 0.12828, 0.31551, 0.04649, 0.26085, 0.11351, 0.34912], [0.00484, 0.31554, 0.12828, 0.0, 0.22555, 0.17194, 0.15083, 0.01541, 0.31391], [0.22176, 0.18023, 0.31551, 0.22555, 0.0, 0.34181, 0.08862, 0.23715, 0.17099], [0.1763, 0.35287, 0.04649, 0.17194, 0.34181, 0.0, 0.29523, 0.15777, 0.35649], [0.14636, 0.2426, 0.26085, 0.15083, 0.08862, 0.29523, 0.0, 0.16477, 0.23627], [0.02024, 0.31975, 0.11351, 0.01541, 0.23715, 0.15777, 0.16477, 0.0, 0.31927], [0.31201, 0.01192, 0.34912, 0.31391, 0.17099, 0.35649, 0.23627, 0.31927, 0.0]], "adj_matrix_2": [[0.0, 0.04092, 0.14648, 0.06554, 0.1388, 0.21975, 0.25066, 0.11236, 0.15863], [0.04092, 0.0, 0.10828, 0.10511, 0.10029, 0.18574, 0.21903, 0.07287, 0.12101], [0.14648, 0.10828, 0.0, 0.20289, 0.00837, 0.08356, 0.12109, 0.03656, 0.01333], [0.06554, 0.10511, 0.20289, 0.0, 0.19597, 0.26728, 0.29356, 0.17193, 0.21377], [0.1388, 0.10029, 0.00837, 0.19597, 0.0, 0.09171, 0.12903, 0.02822, 0.02171], [0.21975, 0.18574, 0.08356, 0.26728, 0.09171, 0.0, 0.03873, 0.1189, 0.07048], [0.25066, 0.21903, 0.12109, 0.29356, 0.12903, 0.03873, 0.0, 0.15536, 0.10832], [0.11236, 0.07287, 0.03656, 0.17193, 0.02822, 0.1189, 0.15536, 0.0, 0.04982], [0.15863, 0.12101, 0.01333, 0.21377, 0.02171, 0.07048, 0.10832, 0.04982, 0.0]], "features_1": [[-0.37524679304273034, 0.7289735152542853, 0.0, 0.24556520696043707, 0.4802577289614695, 0.13843732637807754, 0.32005128341478367, 0.6761463392961297, 0.4229722488547787, 0.18129266916285225, 0.007727725548673403, 0.6294771727834023, 0.6984172539745649, 0.7308351456680585, 0.8094939930393843, 0.7144954626763965, 0.6221775523517987], [0.09788141839676712, 0.7618883984856823, 0.0, 0.2724617748609361, 0.4806859846472414, 0.142435627662893, 0.23904825647182193, 0.6677097928130253, 0.44224069336633587, 0.19075855869214564, 0.008062078829516484, 0.6173214808166572, 0.6706659579048385, 0.6897097666911938, 0.8040019239558227, 0.7201898983042007, 0.6200561513493049], [-0.3546530797944061, 0.8585550112542306, 0.0, 0.2299620909098907, 0.5179333752495585, 0.1378964214549585, 0.32518759307677386, 0.6760022203395941, 0.4189134761708817, 0.2088357836963053, 0.007727725548673403, 0.6381860877638732, 0.6875409439679467, 0.7164092784770746, 0.8055689621143574, 0.7262972070178788, 0.6140271054933133], [-0.2317136562844433, 0.8203048537742011, 0.0, 0.2788500419698323, 0.5037662290204891, 0.14114781866514794, 0.2813378873189329, 0.6726488467929567, 0.43683194004588866, 0.20377526952205893, 0.008062078829516484, 0.6313191113340293, 0.6789250900030127, 0.7147139556155558, 0.8114040035728748, 0.7337662257920825, 0.6233849036411727], [0.16317004679283587, 0.8178651265854532, 0.0, 0.24886483618275848, 0.496777595885906, 0.14269313620600213, 0.18896090949350536, 0.6654004979613845, 0.45326230740031215, 0.20359438501076776, 0.00839589484089287, 0.6223880309103333, 0.6577274914803458, 0.6887723254867469, 0.7972316327539237, 0.7254588931134183, 0.6174179314642226], [-0.3376956677175498, 0.89885805803688, 0.0, 0.238926697508487, 0.5245493040536277, 0.14010792810323744, 0.2631813178954118, 0.6719221532048283, 0.42949577313645526, 0.2193948515599704, 0.007950687539111767, 0.6398606087977039, 0.6768052918192641, 0.7069284968093984, 0.803342912711566, 0.7322293056095278, 0.6244050248158837], [0.07545932921960352, 0.9749403184464828, 0.0, 0.22545507434753778, 0.5450923595227711, 0.13492619943776268, 0.2812247530406495, 0.6771825106458949, 0.41099052043381845, 0.2252992640794631, 0.007560346756364078, 0.6178994501544319, 0.6533637314704727, 0.6810098283944227, 0.7933241158758096, 0.7096514410690196, 0.5942189599311979], [0.0640121387377608, 1.1058311386362605, 0.0, 0.23001738681449704, 0.5785149071131238, 0.13144361509920066, 0.2402862997771585, 0.6794109600443002, 0.39472633155226156, 0.24595984183015007, 0.007727725548673403, 0.6240767628252173, 0.6719876954394487, 0.6755834028054369, 0.7803531347580532, 0.7226744947693925, 0.5985690816742081], [0.5820515820756329, 1.1537531882195586, 0.0, 0.2486439779910009, 0.5897132256050471, 0.12793225660286406, 0.2249944634608397, 0.6818214826584671, 0.36707197595121266, 0.24620244007052783, 0.00711334193318236, 0.5914890727488706, 0.6360981281944448, 0.6681368592701455, 0.7695728329822779, 0.6933049992829172, 0.5839269379844222]], "features_2": [[0.3103253766648666, 0.9874365332061001, 0.0, 0.2230454503909665, 0.5455762620598308, 0.13566594657121225, 0.23212640544531524, 0.6726250967433283, 0.4162663843234886, 0.22866839677606676, 0.008062078829516484, 0.6114339284344985, 0.6203930840346409, 0.6530300345644765, 0.7794398651980753, 0.7155307243785338, 0.5824510036005854], [-0.0547503025180025, 0.9044795469756896, 0.0, 0.17877871865717207, 0.5294068074774774, 0.13891255013309756, 0.2690175886440471, 0.6723916601536826, 0.42975292336243176, 0.21752581371270807, 0.008062078829516484, 0.6269087618033184, 0.6706178673672792, 0.6928696340691266, 0.7996602685438065, 0.7232846192750193, 0.6153138266567353], [0.014890108454873818, 1.0856572601344032, 0.0, 0.19186187437170107, 0.5674676796597022, 0.13724762825794537, 0.2821720311479908, 0.6721921086465629, 0.41814613717964666, 0.25081418644186737, 0.007727725548673403, 0.6246902872654805, 0.6453652208265571, 0.682118151481069, 0.7855713554703152, 0.7222956499507291, 0.5952592535558546], [0.25940360915429794, 1.0399451317991377, 0.0, 0.20360189679660476, 0.5532880930160446, 0.13846610181693178, 0.2300047099496169, 0.6687652750146903, 0.42946624786746135, 0.24330857940959216, 0.008173410423425675, 0.6117184575281629, 0.6482615474144623, 0.6789895795361717, 0.7812167807240583, 0.7138650754899117, 0.5935891293018271], [0.026108296336508907, 0.8093067321921978, 0.0, 0.1972387719036318, 0.49653895419521854, 0.14353802381709144, 0.2350461486031037, 0.6659910495541667, 0.4476246213235455, 0.20088948842111432, 0.007950687539111767, 0.6288121551438, 0.6544468005039031, 0.6970243839648226, 0.8049261112775632, 0.7212661759511599, 0.625209475837928], [-0.15962219717396664, 0.9379007902091432, 0.0, 0.18168445746717754, 0.5355215796169961, 0.14060811646902588, 0.2808736444493974, 0.6692766286122003, 0.42875063388878476, 0.226242165176896, 0.008062078829516484, 0.6331662489801764, 0.6585969183446001, 0.68945315301026, 0.7962240853564381, 0.7125374155842693, 0.6176273835712911], [-0.4331105301669047, 0.9176506842639032, 0.0, 0.1635696966554297, 0.5240194831020915, 0.14272906485858428, 0.26624526648569213, 0.6653353337640735, 0.4400761741125996, 0.22712848510269956, 0.008006390651371653, 0.6399635620519832, 0.6414931704422737, 0.6850189247816453, 0.7912521503020815, 0.6948138480307048, 0.6189649014174071], [0.08991626152625054, 0.8654874681792694, 0.0, 0.27210068724178144, 0.5298426557849588, 0.1287367432828105, 0.3123751533627356, 0.683489510742704, 0.3626918415953575, 0.19271860770889582, 0.00711334193318236, 0.61059132956286, 0.6560107655816879, 0.673353154848792, 0.7856247314778778, 0.711368978036096, 0.5896688155074855], [-0.2179792761655137, 0.8692117284293224, 0.0, 0.24388036874243088, 0.5313656613595545, 0.13148062202838479, 0.31175471306386837, 0.680552195106231, 0.3848946536682747, 0.20098274991472254, 0.00711334193318236, 0.6194401595598986, 0.641834003019396, 0.6661473856645167, 0.7864466841288479, 0.7045137031984395, 0.6127776614256183]]}