{"labels_1": ["1", "2", "3", "4", "5", "6", "7", "8", "9"], "labels_2": ["1", "2", "3", "4", "5", "6", "7", "8", "9"], "adj_matrix_1": [[0.0, 0.03248, 0.02831, 0.21783, 0.21802, 0.21871, 0.08874, 0.14869, 0.30978], [0.03248, 0.0, 0.06037, 0.20218, 0.23806, 0.23862, 0.11875, 0.17505, 0.31639], [0.02831, 0.06037, 0.0, 0.22914, 0.19802, 0.19884, 0.06148, 0.12391, 0.30091], [0.21783, 0.20218, 0.22914, 0.0, 0.25967, 0.2595, 0.24724, 0.25741, 0.24224], [0.21802, 0.23806, 0.19802, 0.25967, 0.0, 0.00107, 0.1476, 0.08661, 0.15571], [0.21871, 0.23862, 0.19884, 0.2595, 0.00107, 0.0, 0.14853, 0.08764, 0.15481], [0.08874, 0.11875, 0.06148, 0.24724, 0.1476, 0.14853, 0.0, 0.06552, 0.27165], [0.14869, 0.17505, 0.12391, 0.25741, 0.08661, 0.08764, 0.06552, 0.0, 0.22823], [0.30978, 0.31639, 0.30091, 0.24224, 0.15571, 0.15481, 0.27165, 0.22823, 0.0]], "adj_matrix_2": [[0.0, 0.16857, 0.03557, 0.09964, 0.19322, 0.01335, 0.18845, 0.15582, 0.19541], [0.16857, 0.0, 0.14597, 0.09253, 0.11152, 0.16048, 0.22545, 0.02237, 0.22514], [0.03557, 0.14597, 0.0, 0.06695, 0.18851, 0.02233, 0.20814, 0.13042, 0.21395], [0.09964, 0.09253, 0.06695, 0.0, 0.16854, 0.08768, 0.23058, 0.07246, 0.23379], [0.19322, 0.11152, 0.18851, 0.16854, 0.0, 0.19174, 0.16735, 0.1277, 0.16449], [0.01335, 0.16048, 0.02233, 0.08768, 0.19174, 0.0, 0.19644, 0.14676, 0.20307], [0.18845, 0.22545, 0.20814, 0.23058, 0.16735, 0.19644, 0.0, 0.23055, 0.01089], [0.15582, 0.02237, 0.13042, 0.07246, 0.1277, 0.14676, 0.23055, 0.0, 0.23109], [0.19541, 0.22514, 0.21395, 0.23379, 0.16449, 0.20307, 0.01089, 0.23109, 0.0]], "features_1": [[0.33177485143444185, 0.8789480664576621, 0.0, 0.27874155416134416, 0.5145024257514145, 0.13443523804459204, 0.15320672559845933, 0.6725604119776595, 0.38551870678963107, 0.20323539608047025, 0.00783923647221818, 0.5932106922048579, 0.6304450417563463, 0.6667127703758687, 0.7758843039835224, 0.7017559052862495, 0.5859624742223395], [0.5362818588534433, 0.8248896602913611, 0.0, 0.2749763657702375, 0.49828000307161646, 0.13722217372690626, 0.17838740334488462, 0.6706655792321119, 0.41539144107371007, 0.19769147367272288, 0.008117752083540042, 0.6139973845437421, 0.6310872999700264, 0.6719752789243311, 0.7878204983356916, 0.6966404888503913, 0.6089794080909303], [0.19940342768617292, 0.988857214358745, 0.0, 0.2740414816144259, 0.5434407385076339, 0.13375196123474428, 0.16907114950909943, 0.674061694152059, 0.38969094487861167, 0.2263806896182874, 0.007950687539111767, 0.6026033423479225, 0.642587182549485, 0.6683681050670934, 0.7773978200112247, 0.6967845042095369, 0.5877675237438467], [0.9211724556673317, 0.9895605226210301, 0.0, 0.31681099459289397, 0.5415943892897992, 0.13317889876774883, 0.1463232716467388, 0.6735644296363585, 0.38225679194160245, 0.22107194952678544, 0.007727725548673403, 0.5790738483655256, 0.6355879018913685, 0.6481537628171393, 0.7708990947028321, 0.6957050280577004, 0.5600785252975561], [0.1988447683433998, 0.8296274172940762, 0.0, 0.26084195678612665, 0.4990254499030996, 0.1358060921821892, 0.22426522142571842, 0.6730150482963625, 0.39887698895299484, 0.19641473486239436, 0.008340296057933516, 0.6130171470632519, 0.6402726621242248, 0.6757189729387101, 0.7867552420360547, 0.7136677934214699, 0.5997007594454179], [-0.04757364285311416, 0.9562800269444385, 0.0, 0.23762086933171114, 0.536292556451551, 0.13338043038643585, 0.217569743856361, 0.6754225772372136, 0.38357788885928223, 0.22052968765088443, 0.007560346756364078, 0.6166685690618476, 0.6659069701963316, 0.6817986630151265, 0.7806711844396741, 0.7010804499137051, 0.5747358157651997], [0.3792968889702202, 0.9081363798838591, 0.0, 0.2901865902625598, 0.5245997794484312, 0.13182091176203997, 0.3172335646840523, 0.6777581372125786, 0.3756411392678527, 0.20627910056756127, 0.007448685839370306, 0.6090390056368757, 0.627140120017322, 0.6327886338142058, 0.7749775410767407, 0.7233536308274672, 0.5285739521835932], [0.010039119540123487, 0.9247249891253572, 0.0, 0.2530798161536603, 0.5288006885369609, 0.12936683653518505, 0.2641905221877828, 0.6794216308602424, 0.3552102317521266, 0.20857173028450826, 0.007560346756364078, 0.6111991064451692, 0.642156281234793, 0.6628360167561848, 0.7681160959345105, 0.707857016093473, 0.543289537674366], [-0.08849320509903835, 1.01467082829474, 0.0, 0.2457329495903499, 0.5523261474615123, 0.12720241629831602, 0.26664975623817355, 0.6810700795491885, 0.338714781467923, 0.2225697794365753, 0.007504523810135222, 0.6192063326117416, 0.6306546215748544, 0.6447594064054412, 0.7560796172002705, 0.6827472561079194, 0.5170404285888087]], "features_2": [[0.487913443782769, 0.7024945372645623, 0.0, 0.15845209795459322, 0.4737971480300568, 0.14333296088943623, 0.2552392504185569, 0.6697591476346992, 0.4472599715130301, 0.174933251202543, 0.008284682400665488, 0.5947484486872696, 0.6577454721571134, 0.6817257770919649, 0.8132415016608382, 0.7404598824290081, 0.6425724734743923], [0.7967458202960667, 0.7230422673287783, 0.0, 0.19432617016159506, 0.47533748495964456, 0.14505929107958868, 0.2130103595431926, 0.66565201098765, 0.4792975611656676, 0.1835822365885742, 0.00839589484089287, 0.5866520365703152, 0.6782325126596762, 0.7122496858707988, 0.8089611913434728, 0.7286198254297838, 0.6390725541106534], [0.34219428863389245, 0.8385205587476499, 0.0, 0.1705881225787173, 0.5129882111894637, 0.14335177133963553, 0.2181737996814576, 0.668014748060922, 0.45175930195248526, 0.20567023771648918, 0.008284682400665488, 0.5964870601396259, 0.6751273860600842, 0.7019463915233944, 0.8075424392200251, 0.7118798097686255, 0.6377878460177504], [0.39111437629748247, 0.8116564419751635, 0.0, 0.1818449986724187, 0.5041116345330093, 0.14502524601332328, 0.241451288359206, 0.6676062781705043, 0.4569037221226744, 0.20267123218770688, 0.008173410423425675, 0.5967876111219566, 0.6798695589964555, 0.7214414457678988, 0.8161639705984606, 0.7460121889670317, 0.6471697236636096], [0.9585586782035587, 0.7575535995156015, 0.0, 0.1954315313316475, 0.48702503804602704, 0.14280133778085743, 0.2354094257320895, 0.6692050882937585, 0.4529816111731646, 0.18752950194067397, 0.007727725548673403, 0.5793639469041576, 0.6697752234860367, 0.7018456105486004, 0.8072088361441894, 0.7109142743630095, 0.6404368740327534], [0.286236730348715, 0.8859594483548107, 0.0, 0.2037976382049761, 0.5282679387957002, 0.14069345772585973, 0.2418609101157621, 0.6718459458854662, 0.4291307350859428, 0.21219793857150804, 0.007504523810135222, 0.5954435191232217, 0.6667464767564358, 0.6985598209538811, 0.8047046559311641, 0.7222060794913057, 0.6371342553118065], [0.08152335214134743, 0.7894588553189761, 0.0, 0.1814165877128925, 0.5059782691012202, 0.1396396782669051, 0.3005574707556796, 0.6749880507354361, 0.42751829581325196, 0.19116660809311514, 0.00783923647221818, 0.6106773298171362, 0.6785105210664518, 0.7235896794673053, 0.8115507223904073, 0.7340127391319031, 0.6384411396333619], [0.6753252591431482, 0.8765100868207873, 0.0, 0.1893988203054209, 0.5290218896431644, 0.1312553307259458, 0.23960831967656304, 0.6797714315555125, 0.3790690695365102, 0.20098696587744702, 0.007616154688146137, 0.5737628964053254, 0.6327332237680072, 0.6728556927469203, 0.7829179505269741, 0.713517033681537, 0.6091756686630023], [0.10017452987995634, 0.9302137377449411, 0.0, 0.16251414682435134, 0.5482735798121964, 0.1279755795275537, 0.2888681519917249, 0.6834468521068526, 0.3567334974032188, 0.2076148311689372, 0.007057398507269275, 0.5937035874646392, 0.6592213536743451, 0.6937981798668372, 0.7812844941640757, 0.6928969363401984, 0.5953175355117637]]}