{"labels_1": ["1", "2", "3", "4", "5", "6", "7", "8", "9"], "labels_2": ["1", "2", "3", "4", "5", "6", "7", "8", "9"], "adj_matrix_1": [[0.0, 0.03248, 0.02831, 0.21783, 0.21802, 0.21871, 0.08874, 0.14869, 0.30978], [0.03248, 0.0, 0.06037, 0.20218, 0.23806, 0.23862, 0.11875, 0.17505, 0.31639], [0.02831, 0.06037, 0.0, 0.22914, 0.19802, 0.19884, 0.06148, 0.12391, 0.30091], [0.21783, 0.20218, 0.22914, 0.0, 0.25967, 0.2595, 0.24724, 0.25741, 0.24224], [0.21802, 0.23806, 0.19802, 0.25967, 0.0, 0.00107, 0.1476, 0.08661, 0.15571], [0.21871, 0.23862, 0.19884, 0.2595, 0.00107, 0.0, 0.14853, 0.08764, 0.15481], [0.08874, 0.11875, 0.06148, 0.24724, 0.1476, 0.14853, 0.0, 0.06552, 0.27165], [0.14869, 0.17505, 0.12391, 0.25741, 0.08661, 0.08764, 0.06552, 0.0, 0.22823], [0.30978, 0.31639, 0.30091, 0.24224, 0.15571, 0.15481, 0.27165, 0.22823, 0.0]], "adj_matrix_2": [[0.0, 0.18338, 0.02597, 0.11095, 0.25072, 0.18543, 0.19128, 0.22743, 0.23251], [0.18338, 0.0, 0.20204, 0.08613, 0.14797, 0.00287, 0.01131, 0.07345, 0.20522], [0.02597, 0.20204, 0.0, 0.13442, 0.25663, 0.20404, 0.20921, 0.2407, 0.23041], [0.11095, 0.08613, 0.13442, 0.0, 0.2053, 0.08884, 0.09665, 0.15083, 0.22809], [0.25072, 0.14797, 0.25663, 0.2053, 0.0, 0.14567, 0.13916, 0.08459, 0.10513], [0.18543, 0.00287, 0.20404, 0.08884, 0.14567, 0.0, 0.00844, 0.07074, 0.20405], [0.19128, 0.01131, 0.20921, 0.09665, 0.13916, 0.00844, 0.0, 0.06264, 0.20075], [0.22743, 0.07345, 0.2407, 0.15083, 0.08459, 0.07074, 0.06264, 0.0, 0.16855], [0.23251, 0.20522, 0.23041, 0.22809, 0.10513, 0.20405, 0.20075, 0.16855, 0.0]], "features_1": [[0.33177485143444185, 0.8789480664576621, 0.0, 0.27874155416134416, 0.5145024257514145, 0.13443523804459204, 0.15320672559845933, 0.6725604119776595, 0.38551870678963107, 0.20323539608047025, 0.00783923647221818, 0.5932106922048579, 0.6304450417563463, 0.6667127703758687, 0.7758843039835224, 0.7017559052862495, 0.5859624742223395], [0.5362818588534433, 0.8248896602913611, 0.0, 0.2749763657702375, 0.49828000307161646, 0.13722217372690626, 0.17838740334488462, 0.6706655792321119, 0.41539144107371007, 0.19769147367272288, 0.008117752083540042, 0.6139973845437421, 0.6310872999700264, 0.6719752789243311, 0.7878204983356916, 0.6966404888503913, 0.6089794080909303], [0.19940342768617292, 0.988857214358745, 0.0, 0.2740414816144259, 0.5434407385076339, 0.13375196123474428, 0.16907114950909943, 0.674061694152059, 0.38969094487861167, 0.2263806896182874, 0.007950687539111767, 0.6026033423479225, 0.642587182549485, 0.6683681050670934, 0.7773978200112247, 0.6967845042095369, 0.5877675237438467], [0.9211724556673317, 0.9895605226210301, 0.0, 0.31681099459289397, 0.5415943892897992, 0.13317889876774883, 0.1463232716467388, 0.6735644296363585, 0.38225679194160245, 0.22107194952678544, 0.007727725548673403, 0.5790738483655256, 0.6355879018913685, 0.6481537628171393, 0.7708990947028321, 0.6957050280577004, 0.5600785252975561], [0.1988447683433998, 0.8296274172940762, 0.0, 0.26084195678612665, 0.4990254499030996, 0.1358060921821892, 0.22426522142571842, 0.6730150482963625, 0.39887698895299484, 0.19641473486239436, 0.008340296057933516, 0.6130171470632519, 0.6402726621242248, 0.6757189729387101, 0.7867552420360547, 0.7136677934214699, 0.5997007594454179], [-0.04757364285311416, 0.9562800269444385, 0.0, 0.23762086933171114, 0.536292556451551, 0.13338043038643585, 0.217569743856361, 0.6754225772372136, 0.38357788885928223, 0.22052968765088443, 0.007560346756364078, 0.6166685690618476, 0.6659069701963316, 0.6817986630151265, 0.7806711844396741, 0.7010804499137051, 0.5747358157651997], [0.3792968889702202, 0.9081363798838591, 0.0, 0.2901865902625598, 0.5245997794484312, 0.13182091176203997, 0.3172335646840523, 0.6777581372125786, 0.3756411392678527, 0.20627910056756127, 0.007448685839370306, 0.6090390056368757, 0.627140120017322, 0.6327886338142058, 0.7749775410767407, 0.7233536308274672, 0.5285739521835932], [0.010039119540123487, 0.9247249891253572, 0.0, 0.2530798161536603, 0.5288006885369609, 0.12936683653518505, 0.2641905221877828, 0.6794216308602424, 0.3552102317521266, 0.20857173028450826, 0.007560346756364078, 0.6111991064451692, 0.642156281234793, 0.6628360167561848, 0.7681160959345105, 0.707857016093473, 0.543289537674366], [-0.08849320509903835, 1.01467082829474, 0.0, 0.2457329495903499, 0.5523261474615123, 0.12720241629831602, 0.26664975623817355, 0.6810700795491885, 0.338714781467923, 0.2225697794365753, 0.007504523810135222, 0.6192063326117416, 0.6306546215748544, 0.6447594064054412, 0.7560796172002705, 0.6827472561079194, 0.5170404285888087]], "features_2": [[0.4981299288491634, 0.9393441182999617, 0.0, 0.1747507960859613, 0.5135150327701131, 0.15141004381519868, 0.05522604717941491, 0.6448443621261593, 0.5086245119594297, 0.23434626383655366, 0.00839589484089287, 0.6135309689266344, 0.6400769580140421, 0.6690743151578613, 0.7965438507867416, 0.7196866478083003, 0.6265978826837962], [0.43631824555882837, 0.9249533011742636, 0.0, 0.2044620665814185, 0.5260699125466286, 0.1438243392775287, 0.2059907786207525, 0.664453142954395, 0.457703039404604, 0.2206747502216586, 0.008173410423425675, 0.6017364965160077, 0.65640886025268, 0.6888595856000367, 0.7995889594715038, 0.7333734133313363, 0.6185455624387444], [0.5183304878103119, 1.0867194038462997, 0.0, 0.1815225577453077, 0.553616622246422, 0.14784543886016502, 0.09698238113341233, 0.6532230386607362, 0.48915778235857865, 0.2586514080538336, 0.008618141428105908, 0.6108747151892198, 0.6443861923569986, 0.6684325468387249, 0.7948845830853435, 0.7201069184128789, 0.6210273595656234], [0.5812560688979338, 1.0527586966719997, 0.0, 0.17581324593299957, 0.5393644497229316, 0.15231336954145758, 0.0471438490819807, 0.6427997697411764, 0.5129882485870976, 0.25695256693504476, 0.008507047823598457, 0.6096246763084325, 0.6288247822862945, 0.6633475596847914, 0.795899648753385, 0.7163412826023101, 0.6292591680588819], [0.7198274317689544, 0.9718893283862221, 0.0, 0.21316702351497685, 0.5366276836169499, 0.14385767337327993, 0.19929417390842802, 0.6642351784185934, 0.45286039281635104, 0.22778229255592808, 0.007727725548673403, 0.5872057854836057, 0.6491560974310334, 0.6810988420437707, 0.7966537332531344, 0.7364424300157667, 0.6042362995155519], [0.7610286405499567, 1.1168583149777398, 0.0, 0.20244127940891704, 0.5655980982657955, 0.14556952341132728, 0.1489432853878462, 0.6593993735871495, 0.4625896144917807, 0.25883277064421173, 0.007616154688146137, 0.595536688827214, 0.6413204762131125, 0.6790726637750715, 0.7952437814632677, 0.7201844507292784, 0.6210973424054461], [0.5471350274878293, 0.975171437365737, 0.0, 0.20910271125199867, 0.5268672639075018, 0.14980366489080538, 0.09650208951876707, 0.6507502109903017, 0.4873378333587677, 0.2393591963252153, 0.00839589484089287, 0.6039122029484065, 0.6364792759268617, 0.6800971965160356, 0.7964054550172704, 0.7169126587723664, 0.6307277962823438], [0.5702675735692062, 1.1286723193221047, 0.0, 0.2068682798600438, 0.5747875128352281, 0.13762554194032456, 0.15688637894055973, 0.6700298019113251, 0.40082436878825844, 0.25064250910198216, 0.007616154688146137, 0.5883544962888037, 0.6299479510012279, 0.6600137175109814, 0.7809051753686365, 0.6842931272940185, 0.5980517920427274], [1.195729748771603, 1.0988404286705762, 0.0, 0.2580978749724345, 0.5678567550891097, 0.13839662553956894, 0.15191193431084998, 0.6686298428862353, 0.4164934552235462, 0.24602345286541571, 0.007727725548673403, 0.5775278876443983, 0.624562578249736, 0.6407636355998725, 0.7805931229511448, 0.6895035549514833, 0.6019323572449862]]}