{"labels_1": ["1", "2", "3", "4", "5", "6", "7", "8", "9"], "labels_2": ["1", "2", "3", "4", "5", "6", "7", "8", "9"], "adj_matrix_1": [[0.0, 0.03248, 0.02831, 0.21783, 0.21802, 0.21871, 0.08874, 0.14869, 0.30978], [0.03248, 0.0, 0.06037, 0.20218, 0.23806, 0.23862, 0.11875, 0.17505, 0.31639], [0.02831, 0.06037, 0.0, 0.22914, 0.19802, 0.19884, 0.06148, 0.12391, 0.30091], [0.21783, 0.20218, 0.22914, 0.0, 0.25967, 0.2595, 0.24724, 0.25741, 0.24224], [0.21802, 0.23806, 0.19802, 0.25967, 0.0, 0.00107, 0.1476, 0.08661, 0.15571], [0.21871, 0.23862, 0.19884, 0.2595, 0.00107, 0.0, 0.14853, 0.08764, 0.15481], [0.08874, 0.11875, 0.06148, 0.24724, 0.1476, 0.14853, 0.0, 0.06552, 0.27165], [0.14869, 0.17505, 0.12391, 0.25741, 0.08661, 0.08764, 0.06552, 0.0, 0.22823], [0.30978, 0.31639, 0.30091, 0.24224, 0.15571, 0.15481, 0.27165, 0.22823, 0.0]], "adj_matrix_2": [[0.0, 0.04092, 0.14648, 0.06554, 0.1388, 0.21975, 0.25066, 0.11236, 0.15863], [0.04092, 0.0, 0.10828, 0.10511, 0.10029, 0.18574, 0.21903, 0.07287, 0.12101], [0.14648, 0.10828, 0.0, 0.20289, 0.00837, 0.08356, 0.12109, 0.03656, 0.01333], [0.06554, 0.10511, 0.20289, 0.0, 0.19597, 0.26728, 0.29356, 0.17193, 0.21377], [0.1388, 0.10029, 0.00837, 0.19597, 0.0, 0.09171, 0.12903, 0.02822, 0.02171], [0.21975, 0.18574, 0.08356, 0.26728, 0.09171, 0.0, 0.03873, 0.1189, 0.07048], [0.25066, 0.21903, 0.12109, 0.29356, 0.12903, 0.03873, 0.0, 0.15536, 0.10832], [0.11236, 0.07287, 0.03656, 0.17193, 0.02822, 0.1189, 0.15536, 0.0, 0.04982], [0.15863, 0.12101, 0.01333, 0.21377, 0.02171, 0.07048, 0.10832, 0.04982, 0.0]], "features_1": [[0.33177485143444185, 0.8789480664576621, 0.0, 0.27874155416134416, 0.5145024257514145, 0.13443523804459204, 0.15320672559845933, 0.6725604119776595, 0.38551870678963107, 0.20323539608047025, 0.00783923647221818, 0.5932106922048579, 0.6304450417563463, 0.6667127703758687, 0.7758843039835224, 0.7017559052862495, 0.5859624742223395], [0.5362818588534433, 0.8248896602913611, 0.0, 0.2749763657702375, 0.49828000307161646, 0.13722217372690626, 0.17838740334488462, 0.6706655792321119, 0.41539144107371007, 0.19769147367272288, 0.008117752083540042, 0.6139973845437421, 0.6310872999700264, 0.6719752789243311, 0.7878204983356916, 0.6966404888503913, 0.6089794080909303], [0.19940342768617292, 0.988857214358745, 0.0, 0.2740414816144259, 0.5434407385076339, 0.13375196123474428, 0.16907114950909943, 0.674061694152059, 0.38969094487861167, 0.2263806896182874, 0.007950687539111767, 0.6026033423479225, 0.642587182549485, 0.6683681050670934, 0.7773978200112247, 0.6967845042095369, 0.5877675237438467], [0.9211724556673317, 0.9895605226210301, 0.0, 0.31681099459289397, 0.5415943892897992, 0.13317889876774883, 0.1463232716467388, 0.6735644296363585, 0.38225679194160245, 0.22107194952678544, 0.007727725548673403, 0.5790738483655256, 0.6355879018913685, 0.6481537628171393, 0.7708990947028321, 0.6957050280577004, 0.5600785252975561], [0.1988447683433998, 0.8296274172940762, 0.0, 0.26084195678612665, 0.4990254499030996, 0.1358060921821892, 0.22426522142571842, 0.6730150482963625, 0.39887698895299484, 0.19641473486239436, 0.008340296057933516, 0.6130171470632519, 0.6402726621242248, 0.6757189729387101, 0.7867552420360547, 0.7136677934214699, 0.5997007594454179], [-0.04757364285311416, 0.9562800269444385, 0.0, 0.23762086933171114, 0.536292556451551, 0.13338043038643585, 0.217569743856361, 0.6754225772372136, 0.38357788885928223, 0.22052968765088443, 0.007560346756364078, 0.6166685690618476, 0.6659069701963316, 0.6817986630151265, 0.7806711844396741, 0.7010804499137051, 0.5747358157651997], [0.3792968889702202, 0.9081363798838591, 0.0, 0.2901865902625598, 0.5245997794484312, 0.13182091176203997, 0.3172335646840523, 0.6777581372125786, 0.3756411392678527, 0.20627910056756127, 0.007448685839370306, 0.6090390056368757, 0.627140120017322, 0.6327886338142058, 0.7749775410767407, 0.7233536308274672, 0.5285739521835932], [0.010039119540123487, 0.9247249891253572, 0.0, 0.2530798161536603, 0.5288006885369609, 0.12936683653518505, 0.2641905221877828, 0.6794216308602424, 0.3552102317521266, 0.20857173028450826, 0.007560346756364078, 0.6111991064451692, 0.642156281234793, 0.6628360167561848, 0.7681160959345105, 0.707857016093473, 0.543289537674366], [-0.08849320509903835, 1.01467082829474, 0.0, 0.2457329495903499, 0.5523261474615123, 0.12720241629831602, 0.26664975623817355, 0.6810700795491885, 0.338714781467923, 0.2225697794365753, 0.007504523810135222, 0.6192063326117416, 0.6306546215748544, 0.6447594064054412, 0.7560796172002705, 0.6827472561079194, 0.5170404285888087]], "features_2": [[0.3103253766648666, 0.9874365332061001, 0.0, 0.2230454503909665, 0.5455762620598308, 0.13566594657121225, 0.23212640544531524, 0.6726250967433283, 0.4162663843234886, 0.22866839677606676, 0.008062078829516484, 0.6114339284344985, 0.6203930840346409, 0.6530300345644765, 0.7794398651980753, 0.7155307243785338, 0.5824510036005854], [-0.0547503025180025, 0.9044795469756896, 0.0, 0.17877871865717207, 0.5294068074774774, 0.13891255013309756, 0.2690175886440471, 0.6723916601536826, 0.42975292336243176, 0.21752581371270807, 0.008062078829516484, 0.6269087618033184, 0.6706178673672792, 0.6928696340691266, 0.7996602685438065, 0.7232846192750193, 0.6153138266567353], [0.014890108454873818, 1.0856572601344032, 0.0, 0.19186187437170107, 0.5674676796597022, 0.13724762825794537, 0.2821720311479908, 0.6721921086465629, 0.41814613717964666, 0.25081418644186737, 0.007727725548673403, 0.6246902872654805, 0.6453652208265571, 0.682118151481069, 0.7855713554703152, 0.7222956499507291, 0.5952592535558546], [0.25940360915429794, 1.0399451317991377, 0.0, 0.20360189679660476, 0.5532880930160446, 0.13846610181693178, 0.2300047099496169, 0.6687652750146903, 0.42946624786746135, 0.24330857940959216, 0.008173410423425675, 0.6117184575281629, 0.6482615474144623, 0.6789895795361717, 0.7812167807240583, 0.7138650754899117, 0.5935891293018271], [0.026108296336508907, 0.8093067321921978, 0.0, 0.1972387719036318, 0.49653895419521854, 0.14353802381709144, 0.2350461486031037, 0.6659910495541667, 0.4476246213235455, 0.20088948842111432, 0.007950687539111767, 0.6288121551438, 0.6544468005039031, 0.6970243839648226, 0.8049261112775632, 0.7212661759511599, 0.625209475837928], [-0.15962219717396664, 0.9379007902091432, 0.0, 0.18168445746717754, 0.5355215796169961, 0.14060811646902588, 0.2808736444493974, 0.6692766286122003, 0.42875063388878476, 0.226242165176896, 0.008062078829516484, 0.6331662489801764, 0.6585969183446001, 0.68945315301026, 0.7962240853564381, 0.7125374155842693, 0.6176273835712911], [-0.4331105301669047, 0.9176506842639032, 0.0, 0.1635696966554297, 0.5240194831020915, 0.14272906485858428, 0.26624526648569213, 0.6653353337640735, 0.4400761741125996, 0.22712848510269956, 0.008006390651371653, 0.6399635620519832, 0.6414931704422737, 0.6850189247816453, 0.7912521503020815, 0.6948138480307048, 0.6189649014174071], [0.08991626152625054, 0.8654874681792694, 0.0, 0.27210068724178144, 0.5298426557849588, 0.1287367432828105, 0.3123751533627356, 0.683489510742704, 0.3626918415953575, 0.19271860770889582, 0.00711334193318236, 0.61059132956286, 0.6560107655816879, 0.673353154848792, 0.7856247314778778, 0.711368978036096, 0.5896688155074855], [-0.2179792761655137, 0.8692117284293224, 0.0, 0.24388036874243088, 0.5313656613595545, 0.13148062202838479, 0.31175471306386837, 0.680552195106231, 0.3848946536682747, 0.20098274991472254, 0.00711334193318236, 0.6194401595598986, 0.641834003019396, 0.6661473856645167, 0.7864466841288479, 0.7045137031984395, 0.6127776614256183]]}