{"labels_1": ["1", "2", "3", "4", "5", "6", "7", "8", "9"], "labels_2": ["1", "2", "3", "4", "5", "6", "7", "8", "9"], "adj_matrix_1": [[0.0, 0.03248, 0.02831, 0.21783, 0.21802, 0.21871, 0.08874, 0.14869, 0.30978], [0.03248, 0.0, 0.06037, 0.20218, 0.23806, 0.23862, 0.11875, 0.17505, 0.31639], [0.02831, 0.06037, 0.0, 0.22914, 0.19802, 0.19884, 0.06148, 0.12391, 0.30091], [0.21783, 0.20218, 0.22914, 0.0, 0.25967, 0.2595, 0.24724, 0.25741, 0.24224], [0.21802, 0.23806, 0.19802, 0.25967, 0.0, 0.00107, 0.1476, 0.08661, 0.15571], [0.21871, 0.23862, 0.19884, 0.2595, 0.00107, 0.0, 0.14853, 0.08764, 0.15481], [0.08874, 0.11875, 0.06148, 0.24724, 0.1476, 0.14853, 0.0, 0.06552, 0.27165], [0.14869, 0.17505, 0.12391, 0.25741, 0.08661, 0.08764, 0.06552, 0.0, 0.22823], [0.30978, 0.31639, 0.30091, 0.24224, 0.15571, 0.15481, 0.27165, 0.22823, 0.0]], "adj_matrix_2": [[0.0, 0.28071, 0.00967, 0.10113, 0.10361, 0.0289, 0.21387, 0.02993, 0.07088], [0.28071, 0.0, 0.28783, 0.34524, 0.19402, 0.25854, 0.38532, 0.30206, 0.32827], [0.00967, 0.28783, 0.0, 0.09181, 0.11291, 0.03854, 0.20619, 0.02028, 0.06138], [0.10113, 0.34524, 0.09181, 0.0, 0.19691, 0.12856, 0.1261, 0.07208, 0.03116], [0.10361, 0.19402, 0.11291, 0.19691, 0.0, 0.07548, 0.28797, 0.13211, 0.16993], [0.0289, 0.25854, 0.03854, 0.12856, 0.07548, 0.0, 0.23593, 0.05865, 0.09903], [0.21387, 0.38532, 0.20619, 0.1261, 0.28797, 0.23593, 0.0, 0.18969, 0.15424], [0.02993, 0.30206, 0.02028, 0.07208, 0.13211, 0.05865, 0.18969, 0.0, 0.04131], [0.07088, 0.32827, 0.06138, 0.03116, 0.16993, 0.09903, 0.15424, 0.04131, 0.0]], "features_1": [[0.33177485143444185, 0.8789480664576621, 0.0, 0.27874155416134416, 0.5145024257514145, 0.13443523804459204, 0.15320672559845933, 0.6725604119776595, 0.38551870678963107, 0.20323539608047025, 0.00783923647221818, 0.5932106922048579, 0.6304450417563463, 0.6667127703758687, 0.7758843039835224, 0.7017559052862495, 0.5859624742223395], [0.5362818588534433, 0.8248896602913611, 0.0, 0.2749763657702375, 0.49828000307161646, 0.13722217372690626, 0.17838740334488462, 0.6706655792321119, 0.41539144107371007, 0.19769147367272288, 0.008117752083540042, 0.6139973845437421, 0.6310872999700264, 0.6719752789243311, 0.7878204983356916, 0.6966404888503913, 0.6089794080909303], [0.19940342768617292, 0.988857214358745, 0.0, 0.2740414816144259, 0.5434407385076339, 0.13375196123474428, 0.16907114950909943, 0.674061694152059, 0.38969094487861167, 0.2263806896182874, 0.007950687539111767, 0.6026033423479225, 0.642587182549485, 0.6683681050670934, 0.7773978200112247, 0.6967845042095369, 0.5877675237438467], [0.9211724556673317, 0.9895605226210301, 0.0, 0.31681099459289397, 0.5415943892897992, 0.13317889876774883, 0.1463232716467388, 0.6735644296363585, 0.38225679194160245, 0.22107194952678544, 0.007727725548673403, 0.5790738483655256, 0.6355879018913685, 0.6481537628171393, 0.7708990947028321, 0.6957050280577004, 0.5600785252975561], [0.1988447683433998, 0.8296274172940762, 0.0, 0.26084195678612665, 0.4990254499030996, 0.1358060921821892, 0.22426522142571842, 0.6730150482963625, 0.39887698895299484, 0.19641473486239436, 0.008340296057933516, 0.6130171470632519, 0.6402726621242248, 0.6757189729387101, 0.7867552420360547, 0.7136677934214699, 0.5997007594454179], [-0.04757364285311416, 0.9562800269444385, 0.0, 0.23762086933171114, 0.536292556451551, 0.13338043038643585, 0.217569743856361, 0.6754225772372136, 0.38357788885928223, 0.22052968765088443, 0.007560346756364078, 0.6166685690618476, 0.6659069701963316, 0.6817986630151265, 0.7806711844396741, 0.7010804499137051, 0.5747358157651997], [0.3792968889702202, 0.9081363798838591, 0.0, 0.2901865902625598, 0.5245997794484312, 0.13182091176203997, 0.3172335646840523, 0.6777581372125786, 0.3756411392678527, 0.20627910056756127, 0.007448685839370306, 0.6090390056368757, 0.627140120017322, 0.6327886338142058, 0.7749775410767407, 0.7233536308274672, 0.5285739521835932], [0.010039119540123487, 0.9247249891253572, 0.0, 0.2530798161536603, 0.5288006885369609, 0.12936683653518505, 0.2641905221877828, 0.6794216308602424, 0.3552102317521266, 0.20857173028450826, 0.007560346756364078, 0.6111991064451692, 0.642156281234793, 0.6628360167561848, 0.7681160959345105, 0.707857016093473, 0.543289537674366], [-0.08849320509903835, 1.01467082829474, 0.0, 0.2457329495903499, 0.5523261474615123, 0.12720241629831602, 0.26664975623817355, 0.6810700795491885, 0.338714781467923, 0.2225697794365753, 0.007504523810135222, 0.6192063326117416, 0.6306546215748544, 0.6447594064054412, 0.7560796172002705, 0.6827472561079194, 0.5170404285888087]], "features_2": [[-0.28192127464791694, 0.767769918103098, 0.0, 0.17499716662975667, 0.48581541512397325, 0.14451169176378464, 0.24425591839571795, 0.6662006056677691, 0.4634517553812594, 0.1960731070410151, 0.008006390651371653, 0.638870029943087, 0.6781921760758899, 0.7084411088278978, 0.8075867253341038, 0.7316124000984777, 0.6314056315281705], [-0.49797112948138444, 0.7998903883093389, 0.0, 0.19168184887752795, 0.4915500631057287, 0.1470852812815494, 0.16719565348022628, 0.6610773720370164, 0.4777668714821559, 0.20723107815941488, 0.008173410423425675, 0.6536919917841479, 0.6786575032301042, 0.7049229596480767, 0.8076909092618538, 0.7442775049378009, 0.6379134283534571], [-0.13856246869479216, 0.9229676895841765, 0.0, 0.18915613525612932, 0.52595863764378, 0.14536561518921287, 0.20274922585903354, 0.6637128206972539, 0.4707459537963776, 0.2298479855053006, 0.00822905385914674, 0.6325717227134371, 0.6604243381322671, 0.6808026816244244, 0.8049511255634941, 0.7214195319649058, 0.6293976985967734], [-0.012828562687747347, 0.8956130948001525, 0.0, 0.1920193708247201, 0.5160047097455361, 0.1472979507756398, 0.16047765309475182, 0.6600337881501191, 0.47698632183200984, 0.22586002137137973, 0.008284682400665488, 0.6279224447610665, 0.6673638062179853, 0.7014554936433531, 0.8062548230980944, 0.7390557683577962, 0.6243250894382202], [-0.4067745094283559, 0.8625885410510862, 0.0, 0.18628408082435424, 0.5135261988656614, 0.1419912354698811, 0.21760899799964478, 0.6691106540620556, 0.43772444138303057, 0.2132255113673247, 0.007225183508792421, 0.6395835642655194, 0.6640086628966726, 0.7019507588267049, 0.8034572045677657, 0.7216508320943351, 0.636542477595353], [-0.13479482037513701, 0.9540236569548031, 0.0, 0.20615239313110356, 0.5305397440993298, 0.1470817705243168, 0.1442216389664736, 0.6595751859994161, 0.4752370215058872, 0.23751952627198758, 0.00822905385914674, 0.6379360487349204, 0.6732602328250893, 0.6982550866947115, 0.8036252091551195, 0.7258815837992023, 0.627658220123865], [0.27885233983206614, 0.9194776225032208, 0.0, 0.22699565789225465, 0.5188077603365994, 0.14774970607300947, 0.1388744787698002, 0.6584323577501676, 0.4860491596112344, 0.23030133005529363, 0.008284682400665488, 0.6212608921343283, 0.6463975215467298, 0.6859071390934924, 0.8039202175760332, 0.7384703886514863, 0.626003024773606], [-0.0918007880649081, 0.9005715166897197, 0.0, 0.25587236266490304, 0.5278233388912672, 0.1360048435163138, 0.21633930994561013, 0.6744574345131109, 0.3991868231905167, 0.2110282289410983, 0.00716927026363523, 0.6232952731403605, 0.6443397841376883, 0.6820725692916859, 0.7898708442501321, 0.7112712821925765, 0.6219781352773327], [0.19368217253404518, 0.9450479181565673, 0.0, 0.25530533338443745, 0.5313184081577899, 0.13878116663129758, 0.16173796999229423, 0.6692720188411447, 0.4342329087259458, 0.22553494399055096, 0.00783923647221818, 0.6182345381779206, 0.6500567529477004, 0.6891650263103869, 0.7879483763251937, 0.6954529240313942, 0.614970542874118]]}