{"labels_1": ["1", "2", "3", "4", "5", "6", "7", "8", "9"], "labels_2": ["1", "2", "3", "4", "5", "6", "7", "8", "9"], "adj_matrix_1": [[0.0, 0.34481, 0.09967, 0.00881, 0.05549, 0.17214, 0.07724, 0.28133, 0.04755], [0.34481, 0.0, 0.29706, 0.34197, 0.32229, 0.24056, 0.31071, 0.11136, 0.32617], [0.09967, 0.29706, 0.0, 0.09132, 0.04552, 0.07933, 0.02337, 0.21123, 0.05347], [0.00881, 0.34197, 0.09132, 0.0, 0.04681, 0.16473, 0.0687, 0.27637, 0.03884], [0.05549, 0.32229, 0.04552, 0.04681, 0.0, 0.12276, 0.02227, 0.24584, 0.00804], [0.17214, 0.24056, 0.07933, 0.16473, 0.12276, 0.0, 0.10183, 0.14154, 0.13019], [0.07724, 0.31071, 0.02337, 0.0687, 0.02227, 0.10183, 0.0, 0.22953, 0.03028], [0.28133, 0.11136, 0.21123, 0.27637, 0.24584, 0.14154, 0.22953, 0.0, 0.25151], [0.04755, 0.32617, 0.05347, 0.03884, 0.00804, 0.13019, 0.03028, 0.25151, 0.0]], "adj_matrix_2": [[0.0, 0.10946, 0.01361, 0.21496, 0.11094, 0.07732, 0.23017, 0.089, 0.14994], [0.10946, 0.0, 0.09621, 0.11388, 0.00155, 0.03287, 0.13129, 0.02098, 0.04254], [0.01361, 0.09621, 0.0, 0.20308, 0.09773, 0.0639, 0.21863, 0.07566, 0.13714], [0.21496, 0.11388, 0.20308, 0.0, 0.11239, 0.14498, 0.01839, 0.13377, 0.07248], [0.11094, 0.00155, 0.09773, 0.11239, 0.0, 0.03442, 0.12983, 0.02253, 0.04101], [0.07732, 0.03287, 0.0639, 0.14498, 0.03442, 0.0, 0.16185, 0.01192, 0.07512], [0.23017, 0.13129, 0.21863, 0.01839, 0.12983, 0.16185, 0.0, 0.15086, 0.09043], [0.089, 0.02098, 0.07566, 0.13377, 0.02253, 0.01192, 0.15086, 0.0, 0.06337], [0.14994, 0.04254, 0.13714, 0.07248, 0.04101, 0.07512, 0.09043, 0.06337, 0.0]], "features_1": [[-0.003340765481288699, 0.7917845998620909, 0.0, 0.21654455074955178, 0.5056809083459574, 0.1335673216526493, 0.3331551246236799, 0.6800035340324642, 0.40105039675063425, 0.18859180795285324, 0.007616154688146137, 0.6030269790243641, 0.6634489472881707, 0.7012640519300519, 0.799154038002388, 0.7246617148945771, 0.6250739967593931], [-0.22005283195581216, 0.8142551826457222, 0.0, 0.147494862489712, 0.511359258687581, 0.1342642914977908, 0.3227567516251277, 0.6793171882353812, 0.39465701301408074, 0.1924411932408685, 0.007671947615560004, 0.631821377943748, 0.6790959627724898, 0.6977168762500106, 0.7999551635248308, 0.7044161140898545, 0.6190851844449525], [-0.05635785247804437, 0.9220180748286354, 0.0, 0.19314554031674705, 0.5405055670855802, 0.13458515484195285, 0.30373222122749793, 0.678732096342161, 0.4046395216923997, 0.21529175538125345, 0.007671947615560004, 0.6109234322884647, 0.6715575507976788, 0.71107069674885, 0.7990447712229528, 0.7291887699011694, 0.6264101740729157], [0.089034402657731, 0.8820366823845727, 0.0, 0.23022249735956454, 0.5275560550024527, 0.13617789809574526, 0.3151826245761519, 0.6775664976026641, 0.4197691274172417, 0.20971628691663113, 0.007950687539111767, 0.6050128815027178, 0.6513135324879862, 0.7006030777990331, 0.8046172727067373, 0.7281268547455639, 0.6297494354506169], [0.12649500846197803, 0.8536014924366222, 0.0, 0.141190883166574, 0.5259872386596169, 0.1327959343372621, 0.3242312175601107, 0.6808638732023262, 0.39359998725517387, 0.19695329189136923, 0.007560346756364078, 0.604189801461319, 0.6604821962400683, 0.6785540372313942, 0.7983516048454685, 0.7109889090734566, 0.6117717778465163], [-0.04335731864332937, 0.9472726579994133, 0.0, 0.16311385560357253, 0.5506168922981307, 0.133633971614583, 0.31300846946880084, 0.6798041491674088, 0.40299010692996395, 0.2185140658321174, 0.007671947615560004, 0.6175035466832446, 0.6640879597639341, 0.7043513921036388, 0.7983926203359215, 0.7201007876953843, 0.6263636469748263], [0.09893626006927336, 0.9132939019781399, 0.0, 0.16827120338802778, 0.5354004386671447, 0.1358200462809273, 0.3094329193596913, 0.6777336054774618, 0.4194425747292989, 0.21405585268684435, 0.008062078829516484, 0.6097933220429228, 0.6689134249297937, 0.7033468103463016, 0.8015971011051801, 0.7134697482369765, 0.6133851639002258], [-0.04437708769321347, 0.9330545507548551, 0.0, 0.15853672523781065, 0.5517740965076683, 0.1281507365555225, 0.31174145480412746, 0.6836404947780739, 0.3771285984957895, 0.20839899078717217, 0.007504523810135222, 0.6209210823112246, 0.668140016033328, 0.686258221100018, 0.7848586525934794, 0.7016490885604593, 0.5969465908835785], [0.11380458579424069, 0.9379504642126876, 0.0, 0.17528896299593416, 0.5495691812622961, 0.12747526162466827, 0.28499262664788605, 0.6833746651814849, 0.36289348018600975, 0.20550487941015239, 0.00711334193318236, 0.6104370238208929, 0.6532267967378655, 0.6651452310730839, 0.7790810256892747, 0.6870792124501028, 0.5969243957394217]], "features_2": [[-0.2130723940128374, 0.7720694378826604, 0.0, 0.18232935323456986, 0.473153878652347, 0.14692184693808102, 0.19126731444846926, 0.660001803182222, 0.48859365325905024, 0.20016259213871956, 0.008451478759474051, 0.6500027112122924, 0.665658157951231, 0.6925557270457348, 0.8055972510472764, 0.7369431419103689, 0.6212802862450248], [-0.2975078618056952, 0.8360286520159974, 0.0, 0.17729866441125774, 0.4857318829644832, 0.15238910747369747, 0.16877600048628735, 0.6517073654041565, 0.5300842284588503, 0.2225869243899441, 0.008895616178821175, 0.6482088871386553, 0.6696950287929405, 0.7021997932057878, 0.8100670845570191, 0.7140882407354856, 0.6302823623932338], [-0.2261076472076815, 0.9116415736967913, 0.0, 0.19936517454031238, 0.5126737043732262, 0.14660997820268717, 0.21757118048355722, 0.6609436218299202, 0.4892160144291353, 0.2318635203902395, 0.008451478759474051, 0.6462265671602823, 0.6717777117931014, 0.6906980747896267, 0.8039209772222848, 0.7186089203137481, 0.6240535293773691], [-0.027610683114736023, 0.8576909166686767, 0.0, 0.2078613704511192, 0.5003654335844375, 0.14553573325586208, 0.23330772038684416, 0.6634863732440877, 0.47431996739049387, 0.2183404395205768, 0.008117752083540042, 0.6332450968856493, 0.6720698875546267, 0.6987952336244826, 0.8083370505311801, 0.7266443380712726, 0.6233784823946651], [-0.3767589084969134, 0.9022772265171688, 0.0, 0.1882126834824025, 0.5069515572702267, 0.15009036317792743, 0.23887756565988383, 0.6566637013896047, 0.5021713218678274, 0.23511126264061288, 0.008673665988278678, 0.6503447998549075, 0.6746653504879561, 0.7135470010658712, 0.8067652502741399, 0.7140860495627269, 0.6328304240328027], [-0.2832366151897183, 0.9732315677784953, 0.0, 0.21794310747009296, 0.5334119226758653, 0.14383069255455766, 0.28137325163024085, 0.6667905988585521, 0.47074263023596075, 0.24226834717884138, 0.008673665988278678, 0.6459237300762664, 0.666956643044335, 0.704647728998114, 0.8041760424336155, 0.7199332756803043, 0.6265825056463524], [-0.12058347745135478, 0.9160288385214204, 0.0, 0.23840127870209152, 0.5132361106253085, 0.14706825599019194, 0.30601537682742685, 0.6631112183551235, 0.4688981263631138, 0.2312361095321065, 0.008562602043175715, 0.643033408100409, 0.6781403535396147, 0.7070500857289367, 0.809203070009575, 0.7319220564804138, 0.6290341932467451], [-0.14136302877095153, 1.041559328267112, 0.0, 0.23787085003061523, 0.5555624452673195, 0.13651939530355287, 0.46321464832926224, 0.6761241830868171, 0.40156458594722766, 0.2408681201247198, 0.007783488497544067, 0.6271181545609892, 0.6542706072802925, 0.6849427841649569, 0.7888980948910448, 0.7211734792236011, 0.5977714478592251], [-0.11669051853722134, 1.0503820523873522, 0.0, 0.26103989685026596, 0.5596251356479435, 0.13526976372690913, 0.46335869056175694, 0.6779344481084411, 0.3907995799133426, 0.2386994617924616, 0.007894969482732161, 0.6294745959903159, 0.6545027197445482, 0.6460666492359569, 0.7900594970942207, 0.7106493037702195, 0.600317814120923]]}