{"labels_1": ["1", "2", "3", "4", "5", "6", "7", "8", "9"], "labels_2": ["1", "2", "3", "4", "5", "6", "7", "8", "9"], "adj_matrix_1": [[0.0, 0.11321, 0.147, 0.07806, 0.2952, 0.21727, 0.06803, 0.10941, 0.12465], [0.11321, 0.0, 0.24361, 0.03659, 0.24487, 0.11971, 0.1756, 0.21181, 0.2248], [0.147, 0.24361, 0.0, 0.21543, 0.3269, 0.31393, 0.08179, 0.03972, 0.02377], [0.07806, 0.03659, 0.21543, 0.0, 0.26363, 0.15271, 0.14306, 0.18138, 0.19527], [0.2952, 0.24487, 0.3269, 0.26363, 0.0, 0.16151, 0.31362, 0.32157, 0.32383], [0.21727, 0.11971, 0.31393, 0.15271, 0.16151, 0.0, 0.26563, 0.29192, 0.30103], [0.06803, 0.1756, 0.08179, 0.14306, 0.31362, 0.26563, 0.0, 0.0425, 0.05837], [0.10941, 0.21181, 0.03972, 0.18138, 0.32157, 0.29192, 0.0425, 0.0, 0.016], [0.12465, 0.2248, 0.02377, 0.19527, 0.32383, 0.30103, 0.05837, 0.016, 0.0]], "adj_matrix_2": [[0.0, 0.10946, 0.01361, 0.21496, 0.11094, 0.07732, 0.23017, 0.089, 0.14994], [0.10946, 0.0, 0.09621, 0.11388, 0.00155, 0.03287, 0.13129, 0.02098, 0.04254], [0.01361, 0.09621, 0.0, 0.20308, 0.09773, 0.0639, 0.21863, 0.07566, 0.13714], [0.21496, 0.11388, 0.20308, 0.0, 0.11239, 0.14498, 0.01839, 0.13377, 0.07248], [0.11094, 0.00155, 0.09773, 0.11239, 0.0, 0.03442, 0.12983, 0.02253, 0.04101], [0.07732, 0.03287, 0.0639, 0.14498, 0.03442, 0.0, 0.16185, 0.01192, 0.07512], [0.23017, 0.13129, 0.21863, 0.01839, 0.12983, 0.16185, 0.0, 0.15086, 0.09043], [0.089, 0.02098, 0.07566, 0.13377, 0.02253, 0.01192, 0.15086, 0.0, 0.06337], [0.14994, 0.04254, 0.13714, 0.07248, 0.04101, 0.07512, 0.09043, 0.06337, 0.0]], "features_1": [[0.0045628426588226745, 0.7420951384010896, 0.0, 0.20656881398649768, 0.4856881851828809, 0.1389585689263356, 0.24474900056191232, 0.6722119032327529, 0.4272382077782555, 0.1820758269766931, 0.008006390651371653, 0.6221747154596338, 0.6633321135445767, 0.7002183456481779, 0.8011804259201298, 0.7104308428527698, 0.6234907121646419], [0.18513119027252367, 0.7887564747562477, 0.0, 0.20711206007419092, 0.5022561047161866, 0.13584906569771438, 0.2958862406973658, 0.6760918396627271, 0.41757583523172626, 0.18937032109216467, 0.008173410423425675, 0.6089353074348436, 0.6575726201029946, 0.6825524582291889, 0.7968884072451061, 0.7173997845897709, 0.601852524354685], [-0.05651590185366562, 0.883112047901351, 0.0, 0.21276681620725976, 0.5270224551073591, 0.136923624532117, 0.24335501413759672, 0.6741107008713859, 0.420108408716354, 0.2116442070706297, 0.00822905385914674, 0.6289152129088387, 0.6489704563606581, 0.6735176177706642, 0.7956420899780786, 0.7147855921171444, 0.6128787367833772], [0.09154390688531144, 0.8254878657245884, 0.0, 0.217630161602268, 0.505995276582737, 0.1412596466140323, 0.19457283947042542, 0.6678861007622321, 0.444760213966809, 0.2031615321046043, 0.008117752083540042, 0.6208827347641703, 0.6582377741725343, 0.6800137835306533, 0.800363951864058, 0.7144130333356661, 0.6294697022059293], [0.5701500213117918, 0.7992949141475916, 0.0, 0.26785440101330527, 0.5022992996629652, 0.1375612523598852, 0.25988165535876107, 0.6734827541581783, 0.43591960991057066, 0.1934373555725748, 0.008117752083540042, 0.5953312415081631, 0.6602894475201176, 0.6833762906671047, 0.796417576876092, 0.7287352037557826, 0.608441776264042], [0.2938420701263955, 0.9307703782754236, 0.0, 0.20874972909302517, 0.5366717291430645, 0.1377545266332639, 0.24181948737393172, 0.6725835690818946, 0.41562617321082596, 0.21881116247055687, 0.007950687539111767, 0.6010620005385046, 0.6628611561298162, 0.6720616794508765, 0.7940680847325864, 0.7326007223471541, 0.6103039966155339], [0.041535690363890154, 0.8687823934970673, 0.0, 0.21234692948730782, 0.516123721349615, 0.13910684475974852, 0.2067153219757003, 0.669950646639236, 0.4135112978135558, 0.20708502646364102, 0.007783488497544067, 0.6261805092998425, 0.6580007006792427, 0.680180605662528, 0.7945462052187152, 0.721639375056938, 0.620295563196076], [0.0934663688617916, 0.8897971975132455, 0.0, 0.2299271523314552, 0.5263956543796948, 0.1336753018259283, 0.18776621831189502, 0.6751864271595512, 0.40659361462731414, 0.20958717414557637, 0.008117752083540042, 0.6247710250183733, 0.6315590545211589, 0.6496475156510367, 0.7799744710556147, 0.7102357992253777, 0.5924391733700052], [-0.3138820564563547, 0.9336677243275926, 0.0, 0.22600161548039044, 0.5436296696449978, 0.12891206430603336, 0.20738593738136615, 0.6802807824552947, 0.369662384104833, 0.21313591441992608, 0.007448685839370306, 0.6212204095491003, 0.6400663059051656, 0.66180672883197, 0.7714344580412614, 0.6989747342820117, 0.5906360206770678]], "features_2": [[-0.2130723940128374, 0.7720694378826604, 0.0, 0.18232935323456986, 0.473153878652347, 0.14692184693808102, 0.19126731444846926, 0.660001803182222, 0.48859365325905024, 0.20016259213871956, 0.008451478759474051, 0.6500027112122924, 0.665658157951231, 0.6925557270457348, 0.8055972510472764, 0.7369431419103689, 0.6212802862450248], [-0.2975078618056952, 0.8360286520159974, 0.0, 0.17729866441125774, 0.4857318829644832, 0.15238910747369747, 0.16877600048628735, 0.6517073654041565, 0.5300842284588503, 0.2225869243899441, 0.008895616178821175, 0.6482088871386553, 0.6696950287929405, 0.7021997932057878, 0.8100670845570191, 0.7140882407354856, 0.6302823623932338], [-0.2261076472076815, 0.9116415736967913, 0.0, 0.19936517454031238, 0.5126737043732262, 0.14660997820268717, 0.21757118048355722, 0.6609436218299202, 0.4892160144291353, 0.2318635203902395, 0.008451478759474051, 0.6462265671602823, 0.6717777117931014, 0.6906980747896267, 0.8039209772222848, 0.7186089203137481, 0.6240535293773691], [-0.027610683114736023, 0.8576909166686767, 0.0, 0.2078613704511192, 0.5003654335844375, 0.14553573325586208, 0.23330772038684416, 0.6634863732440877, 0.47431996739049387, 0.2183404395205768, 0.008117752083540042, 0.6332450968856493, 0.6720698875546267, 0.6987952336244826, 0.8083370505311801, 0.7266443380712726, 0.6233784823946651], [-0.3767589084969134, 0.9022772265171688, 0.0, 0.1882126834824025, 0.5069515572702267, 0.15009036317792743, 0.23887756565988383, 0.6566637013896047, 0.5021713218678274, 0.23511126264061288, 0.008673665988278678, 0.6503447998549075, 0.6746653504879561, 0.7135470010658712, 0.8067652502741399, 0.7140860495627269, 0.6328304240328027], [-0.2832366151897183, 0.9732315677784953, 0.0, 0.21794310747009296, 0.5334119226758653, 0.14383069255455766, 0.28137325163024085, 0.6667905988585521, 0.47074263023596075, 0.24226834717884138, 0.008673665988278678, 0.6459237300762664, 0.666956643044335, 0.704647728998114, 0.8041760424336155, 0.7199332756803043, 0.6265825056463524], [-0.12058347745135478, 0.9160288385214204, 0.0, 0.23840127870209152, 0.5132361106253085, 0.14706825599019194, 0.30601537682742685, 0.6631112183551235, 0.4688981263631138, 0.2312361095321065, 0.008562602043175715, 0.643033408100409, 0.6781403535396147, 0.7070500857289367, 0.809203070009575, 0.7319220564804138, 0.6290341932467451], [-0.14136302877095153, 1.041559328267112, 0.0, 0.23787085003061523, 0.5555624452673195, 0.13651939530355287, 0.46321464832926224, 0.6761241830868171, 0.40156458594722766, 0.2408681201247198, 0.007783488497544067, 0.6271181545609892, 0.6542706072802925, 0.6849427841649569, 0.7888980948910448, 0.7211734792236011, 0.5977714478592251], [-0.11669051853722134, 1.0503820523873522, 0.0, 0.26103989685026596, 0.5596251356479435, 0.13526976372690913, 0.46335869056175694, 0.6779344481084411, 0.3907995799133426, 0.2386994617924616, 0.007894969482732161, 0.6294745959903159, 0.6545027197445482, 0.6460666492359569, 0.7900594970942207, 0.7106493037702195, 0.600317814120923]]}