{"labels_1": ["1", "2", "3", "4", "5", "6", "7", "8", "9"], "labels_2": ["1", "2", "3", "4", "5", "6", "7", "8", "9"], "adj_matrix_1": [[0.0, 0.17357, 0.09002, 0.03791, 0.25826, 0.12555, 0.11647, 0.2493, 0.02052], [0.17357, 0.0, 0.24188, 0.14022, 0.27046, 0.2639, 0.06303, 0.29246, 0.15583], [0.09002, 0.24188, 0.0, 0.12545, 0.22916, 0.03837, 0.1948, 0.20193, 0.10935], [0.03791, 0.14022, 0.12545, 0.0, 0.26506, 0.15886, 0.08035, 0.26349, 0.01747], [0.25826, 0.27046, 0.22916, 0.26506, 0.0, 0.21095, 0.27149, 0.06152, 0.26213], [0.12555, 0.2639, 0.03837, 0.15886, 0.21095, 0.0, 0.2223, 0.17614, 0.14381], [0.11647, 0.06303, 0.1948, 0.08035, 0.27149, 0.2223, 0.0, 0.28411, 0.09715], [0.2493, 0.29246, 0.20193, 0.26349, 0.06152, 0.17614, 0.28411, 0.0, 0.25733], [0.02052, 0.15583, 0.10935, 0.01747, 0.26213, 0.14381, 0.09715, 0.25733, 0.0]], "adj_matrix_2": [[0.0, 0.04763, 0.25803, 0.08408, 0.10921, 0.13537, 0.08408, 0.07501, 0.26338], [0.04763, 0.0, 0.29111, 0.1301, 0.06249, 0.17926, 0.13011, 0.12136, 0.29572], [0.25803, 0.29111, 0.0, 0.19147, 0.32966, 0.14452, 0.19146, 0.19897, 0.00811], [0.08408, 0.1301, 0.19147, 0.0, 0.18808, 0.05343, 1e-05, 0.00919, 0.19805], [0.10921, 0.06249, 0.32966, 0.18808, 0.0, 0.2336, 0.18809, 0.17994, 0.33325], [0.13537, 0.17926, 0.14452, 0.05343, 0.2336, 0.0, 0.05342, 0.06249, 0.15175], [0.08408, 0.13011, 0.19146, 1e-05, 0.18809, 0.05342, 0.0, 0.0092, 0.19804], [0.07501, 0.12136, 0.19897, 0.00919, 0.17994, 0.06249, 0.0092, 0.0, 0.20547], [0.26338, 0.29572, 0.00811, 0.19805, 0.33325, 0.15175, 0.19804, 0.20547, 0.0]], "features_1": [[-0.15235190076268035, 0.7171978388998883, 0.0, 0.21888867303671883, 0.4882049149470964, 0.1336713766014962, 0.4661303464833523, 0.6801437045232739, 0.4116017460510819, 0.17193215147087204, 0.007671947615560004, 0.6159685968425199, 0.6542462805132491, 0.6872174723762711, 0.7928907126818846, 0.7037673986367654, 0.6180107576930509], [-0.026381871185519046, 0.7335633526513677, 0.0, 0.23103502004977478, 0.4897837091559867, 0.13528017753868418, 0.3695599820409036, 0.6773742022844094, 0.4255114636111694, 0.17734824908514235, 0.008117752083540042, 0.6254410755898832, 0.6594291396417765, 0.6945409090085491, 0.7955249900249418, 0.7028985355201272, 0.6233767030333855], [0.03854626434041819, 0.8298868460705767, 0.0, 0.24555031112294212, 0.5235406794368688, 0.13374187339702764, 0.4917036604742947, 0.6802107812592949, 0.40580608101269755, 0.19412626729376847, 0.007783488497544067, 0.6127981204398529, 0.6651436554358053, 0.6819014445272608, 0.7924183683652596, 0.7045337861605441, 0.6219528098495015], [0.005112143198724439, 0.823669020542513, 0.0, 0.24301688010264222, 0.5172566746241614, 0.13512589202139766, 0.3918027503422678, 0.6775667536119765, 0.42080359581568727, 0.197603941042777, 0.008062078829516484, 0.6137485527707853, 0.6446794602583493, 0.6846294755389365, 0.7930755561909968, 0.7127586066259248, 0.6247397077767589], [0.5029355931487824, 0.8111318113391246, 0.0, 0.26623727000837377, 0.5148470013660806, 0.13222965515493626, 0.3061939261536416, 0.6795711649098164, 0.3898231744857936, 0.18757498420723207, 0.007560346756364078, 0.5890654208493125, 0.6550116032010451, 0.6807286990644766, 0.7878472599999604, 0.7077674853974536, 0.6186264296754757], [0.336313106667554, 0.9020065412760576, 0.0, 0.2449203393453745, 0.5424942900148926, 0.13332521594475794, 0.4449781526902562, 0.6799694888711494, 0.41103353965546696, 0.2076128903332386, 0.007894969482732161, 0.6008513217004756, 0.648651277327881, 0.6830864070285141, 0.7895070520870273, 0.7055926007677146, 0.6234591725579475], [0.024960346824449697, 0.8274197605718037, 0.0, 0.2150977964281575, 0.5202049040001312, 0.13289571479893822, 0.302193676860783, 0.6791686494218434, 0.40064209288556696, 0.19381244050114654, 0.007392832833969631, 0.6226356515747247, 0.6556031232987265, 0.6894424925440252, 0.7897609362438898, 0.6968310539817545, 0.6171841666380952], [1.1003000882694858, 0.95099125920012, 0.0, 0.2843733963952844, 0.5694259201034299, 0.12220171396330021, 0.4627691770503162, 0.6890625593887452, 0.35356622006052874, 0.19906215318513687, 0.007225183508792421, 0.5697117752663834, 0.6248280113237518, 0.6486237517363486, 0.7776550673761594, 0.696259584982028, 0.582919296923383], [-0.0030727308714717516, 0.8997693986482566, 0.0, 0.19391170302072347, 0.5469539009796404, 0.12715979637354874, 0.328264058635299, 0.6848082566472746, 0.38184211647957844, 0.20149526584784572, 0.007225183508792421, 0.6059639050512926, 0.6512821439679367, 0.6752273057347753, 0.7820385384347294, 0.7020133895095697, 0.6004498005282015]], "features_2": [[-0.2455550667799753, 0.7057833364442436, 0.0, 0.21378233257110585, 0.47580563634091805, 0.1387160818582631, 0.3796916686642007, 0.6777587688317956, 0.4342559395184944, 0.1742801038121189, 0.007950687539111767, 0.6394945277623898, 0.6987933515729323, 0.7151147832545686, 0.8161369750572973, 0.7456957660883353, 0.6124571940895487], [-0.3054031062022764, 0.8268249764731831, 0.0, 0.18995818326030628, 0.5144637672999678, 0.13569539415906662, 0.428719889629145, 0.6812214418693665, 0.4122152827099359, 0.1972309012298057, 0.007504523810135222, 0.6308544590999472, 0.6913628581598108, 0.7080930142443432, 0.811406368061261, 0.7256790277879855, 0.5856987340034138], [-0.1792669466846597, 0.8412364565195944, 0.0, 0.2059507566985386, 0.515058484499614, 0.1388876185147796, 0.36337602943576075, 0.6771636637791748, 0.4317596342882426, 0.20451921853003485, 0.00783923647221818, 0.6244777349208204, 0.6888073285692015, 0.7133274861928571, 0.8142449197339467, 0.7232333932674557, 0.6143939413476254], [-0.15399186943531928, 0.7619889515949988, 0.0, 0.19924423302824734, 0.48915612904683337, 0.14181501714409006, 0.33046920430959403, 0.6738663758299765, 0.4462504418858353, 0.18968844171136912, 0.007894969482732161, 0.6302759394290982, 0.6882054530008214, 0.7188965097753307, 0.819502511094888, 0.7340701705534491, 0.6311985725621309], [-0.2094323647782237, 0.9115320177003445, 0.0, 0.20102778241313324, 0.5454564968490666, 0.12942437941153065, 0.4880221491717286, 0.6862425008707151, 0.3759695864114341, 0.20680783181122409, 0.007504523810135222, 0.6271540434123017, 0.6792089460555627, 0.6906476725823175, 0.801779447344431, 0.7287118280754218, 0.5731818936952798], [-0.1707300947518866, 0.8989405849327886, 0.0, 0.19724405537327738, 0.5308537545732265, 0.13685936664815312, 0.3746683949702067, 0.6790799180389675, 0.41850238531190254, 0.21369933625878468, 0.007616154688146137, 0.6230211195646911, 0.6820366984378541, 0.7092875546191753, 0.8100040271627656, 0.7470469825753339, 0.6079520445004979], [0.19263902636365549, 0.7784544107414221, 0.0, 0.23518082648124675, 0.48400552754810466, 0.14673610563399203, 0.2601188295467104, 0.6670970176781638, 0.4910160644588364, 0.19901924958132144, 0.008784670673857464, 0.6301812406005554, 0.6708099596260924, 0.7053403048051703, 0.8208021431265167, 0.7435867057332646, 0.6330784337554484], [-0.17578256424115413, 1.0715637428285059, 0.0, 0.25611381642016523, 0.5924772191965603, 0.11792888592922927, 0.4543132060031837, 0.690789804420505, 0.30359457493329245, 0.21989671921222675, 0.00683347364535547, 0.6121022606508468, 0.6581873753497792, 0.6646421188814764, 0.7681935388986094, 0.6936878668910509, 0.5467447317862354], [-0.16334838723125955, 0.8936401124998689, 0.0, 0.20293979398524015, 0.5393888383162863, 0.1265810953908973, 0.42696459796118374, 0.6866359509390456, 0.35779776571325916, 0.19954184709967682, 0.00716927026363523, 0.6087738915786098, 0.6652923185223729, 0.7007362228233021, 0.7904314202184901, 0.7129202751769966, 0.5814729926127753]]}