{"labels_1": ["1", "2", "3", "4", "5", "6", "7", "8", "9"], "labels_2": ["1", "2", "3", "4", "5", "6", "7", "8", "9"], "adj_matrix_1": [[0.0, 0.34481, 0.09967, 0.00881, 0.05549, 0.17214, 0.07724, 0.28133, 0.04755], [0.34481, 0.0, 0.29706, 0.34197, 0.32229, 0.24056, 0.31071, 0.11136, 0.32617], [0.09967, 0.29706, 0.0, 0.09132, 0.04552, 0.07933, 0.02337, 0.21123, 0.05347], [0.00881, 0.34197, 0.09132, 0.0, 0.04681, 0.16473, 0.0687, 0.27637, 0.03884], [0.05549, 0.32229, 0.04552, 0.04681, 0.0, 0.12276, 0.02227, 0.24584, 0.00804], [0.17214, 0.24056, 0.07933, 0.16473, 0.12276, 0.0, 0.10183, 0.14154, 0.13019], [0.07724, 0.31071, 0.02337, 0.0687, 0.02227, 0.10183, 0.0, 0.22953, 0.03028], [0.28133, 0.11136, 0.21123, 0.27637, 0.24584, 0.14154, 0.22953, 0.0, 0.25151], [0.04755, 0.32617, 0.05347, 0.03884, 0.00804, 0.13019, 0.03028, 0.25151, 0.0]], "adj_matrix_2": [[0.0, 0.00141, 0.04612, 0.15852, 0.17873, 0.01276, 0.18028, 0.13083, 0.05371], [0.00141, 0.0, 0.0475, 0.15973, 0.17765, 0.01135, 0.18144, 0.13211, 0.0551], [0.04612, 0.0475, 0.0, 0.11694, 0.21194, 0.05869, 0.14038, 0.08759, 0.00775], [0.15852, 0.15973, 0.11694, 0.0, 0.27774, 0.16943, 0.02537, 0.03083, 0.10969], [0.17873, 0.17765, 0.21194, 0.27774, 0.0, 0.1687, 0.288, 0.26333, 0.21684], [0.01276, 0.01135, 0.05869, 0.16943, 0.1687, 0.0, 0.19072, 0.14236, 0.06626], [0.18028, 0.18144, 0.14038, 0.02537, 0.288, 0.19072, 0.0, 0.05601, 0.13338], [0.13083, 0.13211, 0.08759, 0.03083, 0.26333, 0.14236, 0.05601, 0.0, 0.08013], [0.05371, 0.0551, 0.00775, 0.10969, 0.21684, 0.06626, 0.13338, 0.08013, 0.0]], "features_1": [[-0.003340765481288699, 0.7917845998620909, 0.0, 0.21654455074955178, 0.5056809083459574, 0.1335673216526493, 0.3331551246236799, 0.6800035340324642, 0.40105039675063425, 0.18859180795285324, 0.007616154688146137, 0.6030269790243641, 0.6634489472881707, 0.7012640519300519, 0.799154038002388, 0.7246617148945771, 0.6250739967593931], [-0.22005283195581216, 0.8142551826457222, 0.0, 0.147494862489712, 0.511359258687581, 0.1342642914977908, 0.3227567516251277, 0.6793171882353812, 0.39465701301408074, 0.1924411932408685, 0.007671947615560004, 0.631821377943748, 0.6790959627724898, 0.6977168762500106, 0.7999551635248308, 0.7044161140898545, 0.6190851844449525], [-0.05635785247804437, 0.9220180748286354, 0.0, 0.19314554031674705, 0.5405055670855802, 0.13458515484195285, 0.30373222122749793, 0.678732096342161, 0.4046395216923997, 0.21529175538125345, 0.007671947615560004, 0.6109234322884647, 0.6715575507976788, 0.71107069674885, 0.7990447712229528, 0.7291887699011694, 0.6264101740729157], [0.089034402657731, 0.8820366823845727, 0.0, 0.23022249735956454, 0.5275560550024527, 0.13617789809574526, 0.3151826245761519, 0.6775664976026641, 0.4197691274172417, 0.20971628691663113, 0.007950687539111767, 0.6050128815027178, 0.6513135324879862, 0.7006030777990331, 0.8046172727067373, 0.7281268547455639, 0.6297494354506169], [0.12649500846197803, 0.8536014924366222, 0.0, 0.141190883166574, 0.5259872386596169, 0.1327959343372621, 0.3242312175601107, 0.6808638732023262, 0.39359998725517387, 0.19695329189136923, 0.007560346756364078, 0.604189801461319, 0.6604821962400683, 0.6785540372313942, 0.7983516048454685, 0.7109889090734566, 0.6117717778465163], [-0.04335731864332937, 0.9472726579994133, 0.0, 0.16311385560357253, 0.5506168922981307, 0.133633971614583, 0.31300846946880084, 0.6798041491674088, 0.40299010692996395, 0.2185140658321174, 0.007671947615560004, 0.6175035466832446, 0.6640879597639341, 0.7043513921036388, 0.7983926203359215, 0.7201007876953843, 0.6263636469748263], [0.09893626006927336, 0.9132939019781399, 0.0, 0.16827120338802778, 0.5354004386671447, 0.1358200462809273, 0.3094329193596913, 0.6777336054774618, 0.4194425747292989, 0.21405585268684435, 0.008062078829516484, 0.6097933220429228, 0.6689134249297937, 0.7033468103463016, 0.8015971011051801, 0.7134697482369765, 0.6133851639002258], [-0.04437708769321347, 0.9330545507548551, 0.0, 0.15853672523781065, 0.5517740965076683, 0.1281507365555225, 0.31174145480412746, 0.6836404947780739, 0.3771285984957895, 0.20839899078717217, 0.007504523810135222, 0.6209210823112246, 0.668140016033328, 0.686258221100018, 0.7848586525934794, 0.7016490885604593, 0.5969465908835785], [0.11380458579424069, 0.9379504642126876, 0.0, 0.17528896299593416, 0.5495691812622961, 0.12747526162466827, 0.28499262664788605, 0.6833746651814849, 0.36289348018600975, 0.20550487941015239, 0.00711334193318236, 0.6104370238208929, 0.6532267967378655, 0.6651452310730839, 0.7790810256892747, 0.6870792124501028, 0.5969243957394217]], "features_2": [[0.18642626960828146, 0.806310073008187, 0.0, 0.232570855906383, 0.5113289673372274, 0.13756830975108414, 0.3188557829974862, 0.6771461892798705, 0.43110179572805296, 0.19200680203180176, 0.008006390651371653, 0.6159659337531946, 0.6768566922142364, 0.6808786319488064, 0.8083684363738396, 0.7344932071906299, 0.6313091525865671], [-0.005075752977328207, 0.8173438961263012, 0.0, 0.2158694022382185, 0.5136996585636915, 0.1372756382450132, 0.3282908562750201, 0.6777151328074328, 0.4266051422100543, 0.19598234980423856, 0.00783923647221818, 0.6125425665311446, 0.6814944656763854, 0.7070830303072477, 0.8089456938080003, 0.7282252926939831, 0.6157496895172662], [0.24487837513235444, 0.9306774864673725, 0.0, 0.22882464239994849, 0.545436760277443, 0.13729569528249932, 0.3436139625892004, 0.6782688610623221, 0.4389457422792582, 0.21916389391017055, 0.008117752083540042, 0.6129531273031086, 0.6730827065238995, 0.6878681096260826, 0.8110404010097595, 0.7324569769355801, 0.6250781743925116], [-0.03576397798484221, 0.9438273996095156, 0.0, 0.21214515616691876, 0.5379171547819858, 0.14108590116961392, 0.24852513765798107, 0.6708428841792717, 0.45246270056553617, 0.22752557544187746, 0.008062078829516484, 0.6301250128852456, 0.6749467986989707, 0.691271202938378, 0.8057555355167231, 0.7156357180660946, 0.6270613010742663], [0.2086216334398001, 0.8582304276418999, 0.0, 0.2070669781398051, 0.522273051549144, 0.13588471130748175, 0.30643806698151865, 0.6780657075961313, 0.4215139030206936, 0.2029735616976629, 0.007950687539111767, 0.607942358104689, 0.6717946900470992, 0.7020724654945919, 0.8026298062782713, 0.7252516904385558, 0.6076643935585101], [0.4506751905892754, 1.012561647576919, 0.0, 0.24220749548141357, 0.5605873285804416, 0.137008611100855, 0.2968898281998854, 0.6768544975036497, 0.43874086316629257, 0.23386898142770063, 0.007727725548673403, 0.6062604962281748, 0.6645166924932547, 0.6881976178187784, 0.8043469542418172, 0.7345290080196267, 0.6162820629463782], [0.004724073666963591, 1.0104650595511215, 0.0, 0.23833122576369944, 0.5520872619765781, 0.1359153540056108, 0.2422891839534728, 0.6750847193860372, 0.41948468863556987, 0.2374013552367169, 0.008173410423425675, 0.6184953781538682, 0.6585802989889923, 0.6978171105072536, 0.7931104874398829, 0.7176363492455717, 0.6043759491524533], [0.11545549990313209, 1.0359162744113553, 0.0, 0.19049311857926823, 0.5736867260482115, 0.12552483891413635, 0.3076060339256891, 0.6854457232766409, 0.3437432437074104, 0.22039610161441714, 0.007057398507269275, 0.6034609653997984, 0.6372793320495153, 0.6489458040021878, 0.777056242736505, 0.6905759131931284, 0.573682041166906], [0.02899562956586621, 1.1036732913876723, 0.0, 0.19861035473440256, 0.588346018928978, 0.12433416449915835, 0.2519389630742488, 0.6852713196741315, 0.3353611207880909, 0.23313484837571297, 0.006889477554966383, 0.6076924882715073, 0.6486121647825327, 0.6671017029055624, 0.7674825175403228, 0.6824223902186868, 0.5651567549369332]]}