{"labels_1": ["1", "2", "3", "4", "5", "6", "7", "8", "9"], "labels_2": ["1", "2", "3", "4", "5", "6", "7", "8", "9"], "adj_matrix_1": [[0.0, 0.17357, 0.09002, 0.03791, 0.25826, 0.12555, 0.11647, 0.2493, 0.02052], [0.17357, 0.0, 0.24188, 0.14022, 0.27046, 0.2639, 0.06303, 0.29246, 0.15583], [0.09002, 0.24188, 0.0, 0.12545, 0.22916, 0.03837, 0.1948, 0.20193, 0.10935], [0.03791, 0.14022, 0.12545, 0.0, 0.26506, 0.15886, 0.08035, 0.26349, 0.01747], [0.25826, 0.27046, 0.22916, 0.26506, 0.0, 0.21095, 0.27149, 0.06152, 0.26213], [0.12555, 0.2639, 0.03837, 0.15886, 0.21095, 0.0, 0.2223, 0.17614, 0.14381], [0.11647, 0.06303, 0.1948, 0.08035, 0.27149, 0.2223, 0.0, 0.28411, 0.09715], [0.2493, 0.29246, 0.20193, 0.26349, 0.06152, 0.17614, 0.28411, 0.0, 0.25733], [0.02052, 0.15583, 0.10935, 0.01747, 0.26213, 0.14381, 0.09715, 0.25733, 0.0]], "adj_matrix_2": [[0.0, 0.24149, 0.00794, 0.07797, 0.24282, 0.08672, 0.10796, 0.04989, 0.18713], [0.24149, 0.0, 0.23569, 0.29039, 0.00174, 0.29488, 0.15051, 0.2026, 0.06678], [0.00794, 0.23569, 0.0, 0.08563, 0.23703, 0.09429, 0.10043, 0.04201, 0.18042], [0.07797, 0.29039, 0.08563, 0.0, 0.29144, 0.0091, 0.17803, 0.12521, 0.24616], [0.24282, 0.00174, 0.23703, 0.29144, 0.0, 0.29592, 0.15211, 0.2041, 0.0685], [0.08672, 0.29488, 0.09429, 0.0091, 0.29592, 0.0, 0.18541, 0.13348, 0.25203], [0.10796, 0.15051, 0.10043, 0.17803, 0.15211, 0.18541, 0.0, 0.05953, 0.08684], [0.04989, 0.2026, 0.04201, 0.12521, 0.2041, 0.13348, 0.05953, 0.0, 0.14333], [0.18713, 0.06678, 0.18042, 0.24616, 0.0685, 0.25203, 0.08684, 0.14333, 0.0]], "features_1": [[-0.15235190076268035, 0.7171978388998883, 0.0, 0.21888867303671883, 0.4882049149470964, 0.1336713766014962, 0.4661303464833523, 0.6801437045232739, 0.4116017460510819, 0.17193215147087204, 0.007671947615560004, 0.6159685968425199, 0.6542462805132491, 0.6872174723762711, 0.7928907126818846, 0.7037673986367654, 0.6180107576930509], [-0.026381871185519046, 0.7335633526513677, 0.0, 0.23103502004977478, 0.4897837091559867, 0.13528017753868418, 0.3695599820409036, 0.6773742022844094, 0.4255114636111694, 0.17734824908514235, 0.008117752083540042, 0.6254410755898832, 0.6594291396417765, 0.6945409090085491, 0.7955249900249418, 0.7028985355201272, 0.6233767030333855], [0.03854626434041819, 0.8298868460705767, 0.0, 0.24555031112294212, 0.5235406794368688, 0.13374187339702764, 0.4917036604742947, 0.6802107812592949, 0.40580608101269755, 0.19412626729376847, 0.007783488497544067, 0.6127981204398529, 0.6651436554358053, 0.6819014445272608, 0.7924183683652596, 0.7045337861605441, 0.6219528098495015], [0.005112143198724439, 0.823669020542513, 0.0, 0.24301688010264222, 0.5172566746241614, 0.13512589202139766, 0.3918027503422678, 0.6775667536119765, 0.42080359581568727, 0.197603941042777, 0.008062078829516484, 0.6137485527707853, 0.6446794602583493, 0.6846294755389365, 0.7930755561909968, 0.7127586066259248, 0.6247397077767589], [0.5029355931487824, 0.8111318113391246, 0.0, 0.26623727000837377, 0.5148470013660806, 0.13222965515493626, 0.3061939261536416, 0.6795711649098164, 0.3898231744857936, 0.18757498420723207, 0.007560346756364078, 0.5890654208493125, 0.6550116032010451, 0.6807286990644766, 0.7878472599999604, 0.7077674853974536, 0.6186264296754757], [0.336313106667554, 0.9020065412760576, 0.0, 0.2449203393453745, 0.5424942900148926, 0.13332521594475794, 0.4449781526902562, 0.6799694888711494, 0.41103353965546696, 0.2076128903332386, 0.007894969482732161, 0.6008513217004756, 0.648651277327881, 0.6830864070285141, 0.7895070520870273, 0.7055926007677146, 0.6234591725579475], [0.024960346824449697, 0.8274197605718037, 0.0, 0.2150977964281575, 0.5202049040001312, 0.13289571479893822, 0.302193676860783, 0.6791686494218434, 0.40064209288556696, 0.19381244050114654, 0.007392832833969631, 0.6226356515747247, 0.6556031232987265, 0.6894424925440252, 0.7897609362438898, 0.6968310539817545, 0.6171841666380952], [1.1003000882694858, 0.95099125920012, 0.0, 0.2843733963952844, 0.5694259201034299, 0.12220171396330021, 0.4627691770503162, 0.6890625593887452, 0.35356622006052874, 0.19906215318513687, 0.007225183508792421, 0.5697117752663834, 0.6248280113237518, 0.6486237517363486, 0.7776550673761594, 0.696259584982028, 0.582919296923383], [-0.0030727308714717516, 0.8997693986482566, 0.0, 0.19391170302072347, 0.5469539009796404, 0.12715979637354874, 0.328264058635299, 0.6848082566472746, 0.38184211647957844, 0.20149526584784572, 0.007225183508792421, 0.6059639050512926, 0.6512821439679367, 0.6752273057347753, 0.7820385384347294, 0.7020133895095697, 0.6004498005282015]], "features_2": [[0.2321322814677913, 0.9404179549492515, 0.0, 0.27451986978798215, 0.5475965371942767, 0.13091730497398904, 0.2982672456957367, 0.6804144403033281, 0.38818329410864094, 0.21122910060905387, 0.007336964783822175, 0.602940835287757, 0.6326907407694922, 0.6504819209128196, 0.7783228076384777, 0.6805741679262597, 0.5766488388689204], [-0.2547378894891472, 0.8868220789630021, 0.0, 0.23419329185102666, 0.5289907464948739, 0.13237111439798904, 0.29140474312974546, 0.678465163803142, 0.3872517874484014, 0.20457623505104316, 0.007281081678807366, 0.6297263590416213, 0.6618771617177773, 0.6754342879860865, 0.7812658562760043, 0.6842183455242882, 0.5764412396120481], [0.047538970450598406, 1.0487264208099338, 0.0, 0.26531689516184037, 0.5725185227166879, 0.13081362296053606, 0.316318433245997, 0.6806281068954589, 0.3763783842041011, 0.23066729118046037, 0.00711334193318236, 0.6053365874033203, 0.6507718477383543, 0.6642507735924367, 0.7777078045570667, 0.6818027992041351, 0.5824885851408399], [0.47500920767045773, 1.0423211916594308, 0.0, 0.27565731292603296, 0.5657528015823325, 0.13314007850882645, 0.2709886444153142, 0.6773709500619661, 0.39250472301919714, 0.23061707471243365, 0.007671947615560004, 0.5992952732263084, 0.640373524842825, 0.6629546594274767, 0.7779533350676596, 0.7139711299992797, 0.5823658690234762], [-0.1842468772678254, 0.8407674289825281, 0.0, 0.2331532114705597, 0.5109368868367553, 0.13547091371158, 0.2498590690114355, 0.6745457690099528, 0.3974415429253251, 0.1980949842452131, 0.007616154688146137, 0.6237215400387828, 0.6533029370685524, 0.6794107008320586, 0.7843259190805084, 0.6817375125723348, 0.5941714748408818], [0.044422673246124145, 0.9620845249342225, 0.0, 0.2429461173421826, 0.5455648365212648, 0.1360797224958659, 0.28888683991406766, 0.6747415519456943, 0.39400399101528705, 0.21987267672686062, 0.007560346756364078, 0.6006978661538835, 0.6387226989926993, 0.6672420010462865, 0.7846250027426752, 0.700405861891007, 0.597435755856803], [-0.06189249936904684, 0.9448408615864523, 0.0, 0.23481675280549952, 0.537600058724665, 0.1360489048489556, 0.2870623789214662, 0.6752991836843512, 0.3950759512748645, 0.22066055349234692, 0.00783923647221818, 0.621392808227045, 0.6743845175144046, 0.6894093665645736, 0.7904458959252433, 0.7072580414296553, 0.5985333375522913], [0.0070618080163815655, 0.7473011043151647, 0.0, 0.21224902327363118, 0.482480992205673, 0.13770573669889502, 0.2508415964047856, 0.6729559693094009, 0.4016264144599653, 0.17828020439903924, 0.007894969482732161, 0.613236825388259, 0.6454172343025543, 0.6493843870706307, 0.7929005950859468, 0.7222417677323782, 0.6087840968973655], [-0.07580449045379911, 0.7810097848099387, 0.0, 0.21085086807576545, 0.49388055087337757, 0.13613558250503696, 0.2828019315205189, 0.6750727006465878, 0.38758394585056455, 0.18445282081682768, 0.007894969482732161, 0.6194272723027843, 0.6476696832265941, 0.6798916762648191, 0.7909523105274993, 0.7167705838953502, 0.5960000044954279]]}