{"labels_1": ["1", "2", "3", "4", "5", "6", "7", "8", "9"], "labels_2": ["1", "2", "3", "4", "5", "6", "7", "8", "9"], "adj_matrix_1": [[0.0, 0.25188, 0.03223, 0.12828, 0.11595, 0.11326, 0.12807, 0.33831, 0.10871], [0.25188, 0.0, 0.27675, 0.34486, 0.15104, 0.33459, 0.13928, 0.14725, 0.15757], [0.03223, 0.27675, 0.0, 0.09696, 0.14672, 0.08175, 0.15857, 0.35388, 0.13973], [0.12828, 0.34486, 0.09696, 0.0, 0.23532, 0.01545, 0.24595, 0.39252, 0.229], [0.11595, 0.15104, 0.14672, 0.23532, 0.0, 0.22171, 0.01269, 0.26968, 0.0074], [0.11326, 0.33459, 0.08175, 0.01545, 0.22171, 0.0, 0.2326, 0.38709, 0.2154], [0.12807, 0.13928, 0.15857, 0.24595, 0.01269, 0.2326, 0.0, 0.26107, 0.02008], [0.33831, 0.14725, 0.35388, 0.39252, 0.26968, 0.38709, 0.26107, 0.0, 0.27457], [0.10871, 0.15757, 0.13973, 0.229, 0.0074, 0.2154, 0.02008, 0.27457, 0.0]], "adj_matrix_2": [[0.0, 0.10946, 0.01361, 0.21496, 0.11094, 0.07732, 0.23017, 0.089, 0.14994], [0.10946, 0.0, 0.09621, 0.11388, 0.00155, 0.03287, 0.13129, 0.02098, 0.04254], [0.01361, 0.09621, 0.0, 0.20308, 0.09773, 0.0639, 0.21863, 0.07566, 0.13714], [0.21496, 0.11388, 0.20308, 0.0, 0.11239, 0.14498, 0.01839, 0.13377, 0.07248], [0.11094, 0.00155, 0.09773, 0.11239, 0.0, 0.03442, 0.12983, 0.02253, 0.04101], [0.07732, 0.03287, 0.0639, 0.14498, 0.03442, 0.0, 0.16185, 0.01192, 0.07512], [0.23017, 0.13129, 0.21863, 0.01839, 0.12983, 0.16185, 0.0, 0.15086, 0.09043], [0.089, 0.02098, 0.07566, 0.13377, 0.02253, 0.01192, 0.15086, 0.0, 0.06337], [0.14994, 0.04254, 0.13714, 0.07248, 0.04101, 0.07512, 0.09043, 0.06337, 0.0]], "features_1": [[-0.3901998108685776, 0.8360680064011722, 0.0, 0.2157232819669807, 0.5243046876505468, 0.1324149054170766, 0.2856055363486469, 0.6802778964871186, 0.3871861114768731, 0.1966482273338106, 0.007727725548673403, 0.6305066823675485, 0.6753819687269479, 0.706094451942625, 0.7915628458617919, 0.7063373562281053, 0.6117176249714983], [-0.029789185095181914, 0.8869380175363839, 0.0, 0.2328288099494839, 0.5351252556613273, 0.13291479669548842, 0.23949120314722663, 0.6782838274462069, 0.3953075444084071, 0.20496097218192522, 0.007727725548673403, 0.6224448206774675, 0.6577086939414639, 0.6890722225179156, 0.7865819626446443, 0.6961196717462793, 0.6220239532586422], [-0.47960876201299785, 1.0003261006017075, 0.0, 0.2246164928335583, 0.5651424215245159, 0.13332603547846658, 0.25218109581220816, 0.6787313541528905, 0.404258146606683, 0.23364716997710278, 0.00783923647221818, 0.640628746276062, 0.6725610857420543, 0.6999022075450763, 0.7893794096573108, 0.6833681140966554, 0.6138396502652042], [-0.5144966826167825, 0.9609925854973583, 0.0, 0.23032342800858113, 0.5540920984397131, 0.13464733617705113, 0.2519335148066034, 0.6774783718882982, 0.41473226476858005, 0.22885072388377714, 0.007616154688146137, 0.6433903433061023, 0.6695589274863997, 0.6951745888008587, 0.7926327956305008, 0.6897175586438997, 0.6145401597496778], [-0.09602316668948996, 0.95119180025281, 0.0, 0.22722206875988588, 0.551103442252816, 0.1330408636038616, 0.2163137567267917, 0.6777424812693366, 0.39208439747492885, 0.21628927991701574, 0.00716927026363523, 0.6200989959462975, 0.6530387493106073, 0.6657690446976806, 0.7839656061747872, 0.699480757243281, 0.6145549267894347], [-0.4136944713090105, 1.1035672040411266, 0.0, 0.2457527140976023, 0.590275929569898, 0.13218153845041905, 0.24090138583622647, 0.679549268157851, 0.4019859367307561, 0.24957413138788098, 0.007727725548673403, 0.6385924016760449, 0.6763044621871642, 0.691125811116266, 0.7850106858821424, 0.6921043028138424, 0.6063795951936934], [-0.12048339206515912, 1.045215747374757, 0.0, 0.21777450879576749, 0.5765034372552715, 0.13159945925376962, 0.24777409659304298, 0.6800040771809313, 0.39244848097767493, 0.23550823607366178, 0.007783488497544067, 0.6259479180887282, 0.646834312488117, 0.6795968377288377, 0.7845802050939151, 0.702277829051122, 0.6089680163311944], [-0.13343836861197378, 1.2779359768162362, 0.0, 0.23327026157366748, 0.6290736919692078, 0.12241284945704667, 0.20284369186489143, 0.6861145776205162, 0.3382747837768032, 0.26323219001905995, 0.00711334193318236, 0.604049089721002, 0.6300683338188506, 0.6531858280895032, 0.7549811091431549, 0.6569035145467336, 0.5854163484083029], [-0.06679604148067142, 1.2764245691286327, 0.0, 0.20540108632039697, 0.638161019766725, 0.11909569574472784, 0.3149986177978171, 0.6894400612895694, 0.32764401267081356, 0.25463824433286564, 0.00677745458930179, 0.613332418243913, 0.638845612264903, 0.6445020075846846, 0.7593567861046193, 0.6819046385289316, 0.5780291079837123]], "features_2": [[-0.2130723940128374, 0.7720694378826604, 0.0, 0.18232935323456986, 0.473153878652347, 0.14692184693808102, 0.19126731444846926, 0.660001803182222, 0.48859365325905024, 0.20016259213871956, 0.008451478759474051, 0.6500027112122924, 0.665658157951231, 0.6925557270457348, 0.8055972510472764, 0.7369431419103689, 0.6212802862450248], [-0.2975078618056952, 0.8360286520159974, 0.0, 0.17729866441125774, 0.4857318829644832, 0.15238910747369747, 0.16877600048628735, 0.6517073654041565, 0.5300842284588503, 0.2225869243899441, 0.008895616178821175, 0.6482088871386553, 0.6696950287929405, 0.7021997932057878, 0.8100670845570191, 0.7140882407354856, 0.6302823623932338], [-0.2261076472076815, 0.9116415736967913, 0.0, 0.19936517454031238, 0.5126737043732262, 0.14660997820268717, 0.21757118048355722, 0.6609436218299202, 0.4892160144291353, 0.2318635203902395, 0.008451478759474051, 0.6462265671602823, 0.6717777117931014, 0.6906980747896267, 0.8039209772222848, 0.7186089203137481, 0.6240535293773691], [-0.027610683114736023, 0.8576909166686767, 0.0, 0.2078613704511192, 0.5003654335844375, 0.14553573325586208, 0.23330772038684416, 0.6634863732440877, 0.47431996739049387, 0.2183404395205768, 0.008117752083540042, 0.6332450968856493, 0.6720698875546267, 0.6987952336244826, 0.8083370505311801, 0.7266443380712726, 0.6233784823946651], [-0.3767589084969134, 0.9022772265171688, 0.0, 0.1882126834824025, 0.5069515572702267, 0.15009036317792743, 0.23887756565988383, 0.6566637013896047, 0.5021713218678274, 0.23511126264061288, 0.008673665988278678, 0.6503447998549075, 0.6746653504879561, 0.7135470010658712, 0.8067652502741399, 0.7140860495627269, 0.6328304240328027], [-0.2832366151897183, 0.9732315677784953, 0.0, 0.21794310747009296, 0.5334119226758653, 0.14383069255455766, 0.28137325163024085, 0.6667905988585521, 0.47074263023596075, 0.24226834717884138, 0.008673665988278678, 0.6459237300762664, 0.666956643044335, 0.704647728998114, 0.8041760424336155, 0.7199332756803043, 0.6265825056463524], [-0.12058347745135478, 0.9160288385214204, 0.0, 0.23840127870209152, 0.5132361106253085, 0.14706825599019194, 0.30601537682742685, 0.6631112183551235, 0.4688981263631138, 0.2312361095321065, 0.008562602043175715, 0.643033408100409, 0.6781403535396147, 0.7070500857289367, 0.809203070009575, 0.7319220564804138, 0.6290341932467451], [-0.14136302877095153, 1.041559328267112, 0.0, 0.23787085003061523, 0.5555624452673195, 0.13651939530355287, 0.46321464832926224, 0.6761241830868171, 0.40156458594722766, 0.2408681201247198, 0.007783488497544067, 0.6271181545609892, 0.6542706072802925, 0.6849427841649569, 0.7888980948910448, 0.7211734792236011, 0.5977714478592251], [-0.11669051853722134, 1.0503820523873522, 0.0, 0.26103989685026596, 0.5596251356479435, 0.13526976372690913, 0.46335869056175694, 0.6779344481084411, 0.3907995799133426, 0.2386994617924616, 0.007894969482732161, 0.6294745959903159, 0.6545027197445482, 0.6460666492359569, 0.7900594970942207, 0.7106493037702195, 0.600317814120923]]}