{"labels_1": ["1", "2", "3", "4", "5", "6", "7", "8", "9"], "labels_2": ["1", "2", "3", "4", "5", "6", "7", "8", "9"], "adj_matrix_1": [[0.0, 0.25188, 0.03223, 0.12828, 0.11595, 0.11326, 0.12807, 0.33831, 0.10871], [0.25188, 0.0, 0.27675, 0.34486, 0.15104, 0.33459, 0.13928, 0.14725, 0.15757], [0.03223, 0.27675, 0.0, 0.09696, 0.14672, 0.08175, 0.15857, 0.35388, 0.13973], [0.12828, 0.34486, 0.09696, 0.0, 0.23532, 0.01545, 0.24595, 0.39252, 0.229], [0.11595, 0.15104, 0.14672, 0.23532, 0.0, 0.22171, 0.01269, 0.26968, 0.0074], [0.11326, 0.33459, 0.08175, 0.01545, 0.22171, 0.0, 0.2326, 0.38709, 0.2154], [0.12807, 0.13928, 0.15857, 0.24595, 0.01269, 0.2326, 0.0, 0.26107, 0.02008], [0.33831, 0.14725, 0.35388, 0.39252, 0.26968, 0.38709, 0.26107, 0.0, 0.27457], [0.10871, 0.15757, 0.13973, 0.229, 0.0074, 0.2154, 0.02008, 0.27457, 0.0]], "adj_matrix_2": [[0.0, 0.07185, 0.0363, 0.26089, 0.19153, 0.11207, 0.28291, 0.02791, 0.01391], [0.07185, 0.0, 0.03597, 0.21512, 0.1291, 0.04182, 0.24943, 0.04433, 0.08537], [0.0363, 0.03597, 0.0, 0.23909, 0.16105, 0.07724, 0.26732, 0.00843, 0.0501], [0.26089, 0.21512, 0.23909, 0.0, 0.10611, 0.18408, 0.06227, 0.24428, 0.26832], [0.19153, 0.1291, 0.16105, 0.10611, 0.0, 0.08994, 0.15992, 0.16823, 0.20253], [0.11207, 0.04182, 0.07724, 0.18408, 0.08994, 0.0, 0.22516, 0.0854, 0.12509], [0.28291, 0.24943, 0.26732, 0.06227, 0.15992, 0.22516, 0.0, 0.27106, 0.28792], [0.02791, 0.04433, 0.00843, 0.24428, 0.16823, 0.0854, 0.27106, 0.0, 0.04176], [0.01391, 0.08537, 0.0501, 0.26832, 0.20253, 0.12509, 0.28792, 0.04176, 0.0]], "features_1": [[-0.3901998108685776, 0.8360680064011722, 0.0, 0.2157232819669807, 0.5243046876505468, 0.1324149054170766, 0.2856055363486469, 0.6802778964871186, 0.3871861114768731, 0.1966482273338106, 0.007727725548673403, 0.6305066823675485, 0.6753819687269479, 0.706094451942625, 0.7915628458617919, 0.7063373562281053, 0.6117176249714983], [-0.029789185095181914, 0.8869380175363839, 0.0, 0.2328288099494839, 0.5351252556613273, 0.13291479669548842, 0.23949120314722663, 0.6782838274462069, 0.3953075444084071, 0.20496097218192522, 0.007727725548673403, 0.6224448206774675, 0.6577086939414639, 0.6890722225179156, 0.7865819626446443, 0.6961196717462793, 0.6220239532586422], [-0.47960876201299785, 1.0003261006017075, 0.0, 0.2246164928335583, 0.5651424215245159, 0.13332603547846658, 0.25218109581220816, 0.6787313541528905, 0.404258146606683, 0.23364716997710278, 0.00783923647221818, 0.640628746276062, 0.6725610857420543, 0.6999022075450763, 0.7893794096573108, 0.6833681140966554, 0.6138396502652042], [-0.5144966826167825, 0.9609925854973583, 0.0, 0.23032342800858113, 0.5540920984397131, 0.13464733617705113, 0.2519335148066034, 0.6774783718882982, 0.41473226476858005, 0.22885072388377714, 0.007616154688146137, 0.6433903433061023, 0.6695589274863997, 0.6951745888008587, 0.7926327956305008, 0.6897175586438997, 0.6145401597496778], [-0.09602316668948996, 0.95119180025281, 0.0, 0.22722206875988588, 0.551103442252816, 0.1330408636038616, 0.2163137567267917, 0.6777424812693366, 0.39208439747492885, 0.21628927991701574, 0.00716927026363523, 0.6200989959462975, 0.6530387493106073, 0.6657690446976806, 0.7839656061747872, 0.699480757243281, 0.6145549267894347], [-0.4136944713090105, 1.1035672040411266, 0.0, 0.2457527140976023, 0.590275929569898, 0.13218153845041905, 0.24090138583622647, 0.679549268157851, 0.4019859367307561, 0.24957413138788098, 0.007727725548673403, 0.6385924016760449, 0.6763044621871642, 0.691125811116266, 0.7850106858821424, 0.6921043028138424, 0.6063795951936934], [-0.12048339206515912, 1.045215747374757, 0.0, 0.21777450879576749, 0.5765034372552715, 0.13159945925376962, 0.24777409659304298, 0.6800040771809313, 0.39244848097767493, 0.23550823607366178, 0.007783488497544067, 0.6259479180887282, 0.646834312488117, 0.6795968377288377, 0.7845802050939151, 0.702277829051122, 0.6089680163311944], [-0.13343836861197378, 1.2779359768162362, 0.0, 0.23327026157366748, 0.6290736919692078, 0.12241284945704667, 0.20284369186489143, 0.6861145776205162, 0.3382747837768032, 0.26323219001905995, 0.00711334193318236, 0.604049089721002, 0.6300683338188506, 0.6531858280895032, 0.7549811091431549, 0.6569035145467336, 0.5854163484083029], [-0.06679604148067142, 1.2764245691286327, 0.0, 0.20540108632039697, 0.638161019766725, 0.11909569574472784, 0.3149986177978171, 0.6894400612895694, 0.32764401267081356, 0.25463824433286564, 0.00677745458930179, 0.613332418243913, 0.638845612264903, 0.6445020075846846, 0.7593567861046193, 0.6819046385289316, 0.5780291079837123]], "features_2": [[0.18383928232900448, 0.782131770083526, 0.0, 0.2564090056171849, 0.504170409025175, 0.14313283451822886, 0.33838024914398945, 0.6717390746984053, 0.463011569307505, 0.19335301891247503, 0.008618141428105908, 0.618750388855466, 0.6698994654106859, 0.6982108243673237, 0.8134281014076198, 0.7355785141892016, 0.6471051897658084], [0.32327211221938423, 0.8180181688014367, 0.0, 0.28775132887923444, 0.5110097920855554, 0.1405308972581616, 0.3318920235378336, 0.672225698144028, 0.4536840555774091, 0.1995270724216156, 0.008729175733573014, 0.61333691791483, 0.6504861397908009, 0.6783514079593369, 0.8023480485155432, 0.7339612870927276, 0.6287726980541527], [0.1666540846314346, 0.8828336030198639, 0.0, 0.25404487502464235, 0.5335064099889849, 0.14252062613375113, 0.3412798430615361, 0.6723841931862555, 0.4693965017129611, 0.21569021735309302, 0.008173410423425675, 0.6175804524720403, 0.6857777272378869, 0.704970315038046, 0.8123947908321232, 0.737871202391603, 0.6485818483777461], [0.3249555922752765, 0.8445920766566457, 0.0, 0.2699559950134615, 0.5187518287038451, 0.14524086161246208, 0.2939727253846556, 0.6688160289102004, 0.485683934282237, 0.2103564194869607, 0.008507047823598457, 0.6116198282466216, 0.6741583326306809, 0.7054862458041304, 0.8154302360398709, 0.7441371694771776, 0.6565955868699894], [0.37063567986982227, 0.8202913676039718, 0.0, 0.32237878147824545, 0.5060475437201284, 0.14276387398412133, 0.2670259789797029, 0.6683229957658701, 0.468911344854575, 0.2040628940090159, 0.008451478759474051, 0.6100360759198862, 0.6598513158687473, 0.6918339827349849, 0.8024716030843447, 0.710323339539476, 0.6385574169534513], [0.09683380101544525, 0.9100997475916104, 0.0, 0.2635303329254954, 0.5384714731031718, 0.1429236256079499, 0.3177361062982733, 0.6711044729904891, 0.4794814145937656, 0.2258640592169825, 0.009006502581913711, 0.6194716222689833, 0.6649479509739361, 0.6918793068957025, 0.8102013451681107, 0.7509883639163746, 0.6523755222205326], [0.25969996622933733, 0.8667273797060966, 0.0, 0.2551267462485992, 0.5277109198441179, 0.13572336170323002, 0.32657755861335, 0.678534880480468, 0.43738035415350085, 0.2070291911466795, 0.00839589484089287, 0.6123512915503639, 0.6769882932457288, 0.697419097549853, 0.8038432811390098, 0.7279632427706488, 0.6469092446789192], [0.27563547300233093, 0.9490322135263244, 0.0, 0.24954896149407288, 0.5478627396853037, 0.1333454080439465, 0.29968740764719615, 0.6794316640756437, 0.4139370034952985, 0.21855644181038758, 0.007894969482732161, 0.6204218507324817, 0.658729423304525, 0.6903837714558759, 0.7933561205598741, 0.7185755620979115, 0.6309308995534408], [0.38225433066695036, 0.9987157522050026, 0.0, 0.2670715236752124, 0.5617770018931381, 0.1293783522316881, 0.3461264178717762, 0.6833679243453475, 0.394155711500747, 0.22344054495344667, 0.00783923647221818, 0.6119316869217419, 0.6465050865563253, 0.6797971677044663, 0.7894219671370836, 0.7190084299258757, 0.6060895168149932]]}