{"labels_1": ["1", "2", "3", "4", "5", "6", "7", "8", "9"], "labels_2": ["1", "2", "3", "4", "5", "6", "7", "8", "9"], "adj_matrix_1": [[0.0, 0.25188, 0.03223, 0.12828, 0.11595, 0.11326, 0.12807, 0.33831, 0.10871], [0.25188, 0.0, 0.27675, 0.34486, 0.15104, 0.33459, 0.13928, 0.14725, 0.15757], [0.03223, 0.27675, 0.0, 0.09696, 0.14672, 0.08175, 0.15857, 0.35388, 0.13973], [0.12828, 0.34486, 0.09696, 0.0, 0.23532, 0.01545, 0.24595, 0.39252, 0.229], [0.11595, 0.15104, 0.14672, 0.23532, 0.0, 0.22171, 0.01269, 0.26968, 0.0074], [0.11326, 0.33459, 0.08175, 0.01545, 0.22171, 0.0, 0.2326, 0.38709, 0.2154], [0.12807, 0.13928, 0.15857, 0.24595, 0.01269, 0.2326, 0.0, 0.26107, 0.02008], [0.33831, 0.14725, 0.35388, 0.39252, 0.26968, 0.38709, 0.26107, 0.0, 0.27457], [0.10871, 0.15757, 0.13973, 0.229, 0.0074, 0.2154, 0.02008, 0.27457, 0.0]], "adj_matrix_2": [[0.0, 0.34604, 0.13954, 0.12154, 0.38962, 0.19082, 0.197, 0.34153, 0.07003], [0.34604, 0.0, 0.27823, 0.34814, 0.12266, 0.23426, 0.31129, 0.0095, 0.32066], [0.13954, 0.27823, 0.0, 0.23354, 0.35903, 0.05958, 0.27182, 0.27113, 0.07343], [0.12154, 0.34814, 0.23354, 0.0, 0.35884, 0.26835, 0.0954, 0.34638, 0.18088], [0.38962, 0.12266, 0.35903, 0.35884, 0.0, 0.32791, 0.30179, 0.13179, 0.38325], [0.19082, 0.23426, 0.05958, 0.26835, 0.32791, 0.0, 0.29023, 0.22629, 0.13029], [0.197, 0.31129, 0.27182, 0.0954, 0.30179, 0.29023, 0.0, 0.31129, 0.23907], [0.34153, 0.0095, 0.27113, 0.34638, 0.13179, 0.22629, 0.31129, 0.0, 0.31504], [0.07003, 0.32066, 0.07343, 0.18088, 0.38325, 0.13029, 0.23907, 0.31504, 0.0]], "features_1": [[-0.3901998108685776, 0.8360680064011722, 0.0, 0.2157232819669807, 0.5243046876505468, 0.1324149054170766, 0.2856055363486469, 0.6802778964871186, 0.3871861114768731, 0.1966482273338106, 0.007727725548673403, 0.6305066823675485, 0.6753819687269479, 0.706094451942625, 0.7915628458617919, 0.7063373562281053, 0.6117176249714983], [-0.029789185095181914, 0.8869380175363839, 0.0, 0.2328288099494839, 0.5351252556613273, 0.13291479669548842, 0.23949120314722663, 0.6782838274462069, 0.3953075444084071, 0.20496097218192522, 0.007727725548673403, 0.6224448206774675, 0.6577086939414639, 0.6890722225179156, 0.7865819626446443, 0.6961196717462793, 0.6220239532586422], [-0.47960876201299785, 1.0003261006017075, 0.0, 0.2246164928335583, 0.5651424215245159, 0.13332603547846658, 0.25218109581220816, 0.6787313541528905, 0.404258146606683, 0.23364716997710278, 0.00783923647221818, 0.640628746276062, 0.6725610857420543, 0.6999022075450763, 0.7893794096573108, 0.6833681140966554, 0.6138396502652042], [-0.5144966826167825, 0.9609925854973583, 0.0, 0.23032342800858113, 0.5540920984397131, 0.13464733617705113, 0.2519335148066034, 0.6774783718882982, 0.41473226476858005, 0.22885072388377714, 0.007616154688146137, 0.6433903433061023, 0.6695589274863997, 0.6951745888008587, 0.7926327956305008, 0.6897175586438997, 0.6145401597496778], [-0.09602316668948996, 0.95119180025281, 0.0, 0.22722206875988588, 0.551103442252816, 0.1330408636038616, 0.2163137567267917, 0.6777424812693366, 0.39208439747492885, 0.21628927991701574, 0.00716927026363523, 0.6200989959462975, 0.6530387493106073, 0.6657690446976806, 0.7839656061747872, 0.699480757243281, 0.6145549267894347], [-0.4136944713090105, 1.1035672040411266, 0.0, 0.2457527140976023, 0.590275929569898, 0.13218153845041905, 0.24090138583622647, 0.679549268157851, 0.4019859367307561, 0.24957413138788098, 0.007727725548673403, 0.6385924016760449, 0.6763044621871642, 0.691125811116266, 0.7850106858821424, 0.6921043028138424, 0.6063795951936934], [-0.12048339206515912, 1.045215747374757, 0.0, 0.21777450879576749, 0.5765034372552715, 0.13159945925376962, 0.24777409659304298, 0.6800040771809313, 0.39244848097767493, 0.23550823607366178, 0.007783488497544067, 0.6259479180887282, 0.646834312488117, 0.6795968377288377, 0.7845802050939151, 0.702277829051122, 0.6089680163311944], [-0.13343836861197378, 1.2779359768162362, 0.0, 0.23327026157366748, 0.6290736919692078, 0.12241284945704667, 0.20284369186489143, 0.6861145776205162, 0.3382747837768032, 0.26323219001905995, 0.00711334193318236, 0.604049089721002, 0.6300683338188506, 0.6531858280895032, 0.7549811091431549, 0.6569035145467336, 0.5854163484083029], [-0.06679604148067142, 1.2764245691286327, 0.0, 0.20540108632039697, 0.638161019766725, 0.11909569574472784, 0.3149986177978171, 0.6894400612895694, 0.32764401267081356, 0.25463824433286564, 0.00677745458930179, 0.613332418243913, 0.638845612264903, 0.6445020075846846, 0.7593567861046193, 0.6819046385289316, 0.5780291079837123]], "features_2": [[0.056926774436183436, 0.8360331468872388, 0.0, 0.2284860914275273, 0.5046233259080881, 0.14360568944276936, 0.19903742441220587, 0.6638474409287474, 0.4635455747630117, 0.20609843451306387, 0.008006390651371653, 0.6250808368932894, 0.6461685033206325, 0.6683051797458558, 0.8010232759703617, 0.7207688964868403, 0.6460662981118312], [-0.3260513743334732, 0.748621816933611, 0.0, 0.2422836432372922, 0.49298060189689374, 0.1385629496963433, 0.3598272763688094, 0.6743319911945924, 0.44005842911060267, 0.18452511922440196, 0.008006390651371653, 0.6382095291449486, 0.6681147971296532, 0.697189074726947, 0.8057853833073257, 0.7022978766296949, 0.6437008528433544], [-0.18558835425242037, 0.9117408651900241, 0.0, 0.2051758467101772, 0.5293336239620351, 0.14305406742659482, 0.24199575094234546, 0.6668861143965736, 0.464738568165195, 0.22482664692185006, 0.00822905385914674, 0.63440662951684, 0.6619153373913306, 0.6914306875051108, 0.8061891836977894, 0.7291791157627356, 0.6514007424570374], [0.08355288141807993, 0.9438601580988116, 0.0, 0.21341779380148126, 0.5275074402245173, 0.14692367701377212, 0.13830354403473777, 0.6573984497339891, 0.4903034856081434, 0.23667170190497733, 0.008562602043175715, 0.6258745211129135, 0.650263776076575, 0.6725104057952376, 0.8012268967938679, 0.7158491212622359, 0.6420252293327804], [-0.584299471811268, 0.7790850063970169, 0.0, 0.24050639409578908, 0.5104942195250157, 0.13370769182776657, 0.41556750848351387, 0.6814144629310722, 0.41706176311538434, 0.18929191337228213, 0.007783488497544067, 0.6460225777060185, 0.682897981174541, 0.708377815020528, 0.805177149537395, 0.7142160775447269, 0.6208946482944091], [-0.028457188723232996, 0.9031722178069218, 0.0, 0.28422130766312365, 0.5281869051424832, 0.14315769204873494, 0.23071455965363513, 0.666988876072176, 0.46830266459773306, 0.22239474434748496, 0.007894969482732161, 0.6275662729420171, 0.6472538385400101, 0.6792423027245021, 0.8080961892808496, 0.7146688914296715, 0.6520610718975443], [0.27626922415683186, 0.9603608910945348, 0.0, 0.2347210634403895, 0.5351244677687773, 0.14349476148751078, 0.17990846437095342, 0.6648355981503999, 0.4724647681917291, 0.23649826574430644, 0.008451478759474051, 0.6075202438729981, 0.6492384566019157, 0.6927873518345342, 0.8011620529760308, 0.7281447287396852, 0.6364329346703677], [-0.21389356403641413, 0.9967386349638682, 0.0, 0.28620083490096354, 0.5686476119780353, 0.12775982866691601, 0.3572390397491027, 0.6849174748067877, 0.3827942938587603, 0.22148308494251578, 0.007281081678807366, 0.6274105061553417, 0.669370163359678, 0.6774108637336392, 0.7876222468124242, 0.698724753649594, 0.5787808127077549], [-0.04342106314639116, 1.067770288174518, 0.0, 0.29016322252260096, 0.5762675907343254, 0.1309669717402755, 0.2884216449958636, 0.6812252386711668, 0.3937610939912646, 0.2383274743449959, 0.007392832833969631, 0.6131624315473392, 0.668439482240502, 0.6930791325180016, 0.7881266301753274, 0.721772608803049, 0.594410966122191]]}