{"labels_1": ["1", "2", "3", "4", "5", "6", "7", "8", "9"], "labels_2": ["1", "2", "3", "4", "5", "6", "7", "8", "9"], "adj_matrix_1": [[0.0, 0.17357, 0.09002, 0.03791, 0.25826, 0.12555, 0.11647, 0.2493, 0.02052], [0.17357, 0.0, 0.24188, 0.14022, 0.27046, 0.2639, 0.06303, 0.29246, 0.15583], [0.09002, 0.24188, 0.0, 0.12545, 0.22916, 0.03837, 0.1948, 0.20193, 0.10935], [0.03791, 0.14022, 0.12545, 0.0, 0.26506, 0.15886, 0.08035, 0.26349, 0.01747], [0.25826, 0.27046, 0.22916, 0.26506, 0.0, 0.21095, 0.27149, 0.06152, 0.26213], [0.12555, 0.2639, 0.03837, 0.15886, 0.21095, 0.0, 0.2223, 0.17614, 0.14381], [0.11647, 0.06303, 0.1948, 0.08035, 0.27149, 0.2223, 0.0, 0.28411, 0.09715], [0.2493, 0.29246, 0.20193, 0.26349, 0.06152, 0.17614, 0.28411, 0.0, 0.25733], [0.02052, 0.15583, 0.10935, 0.01747, 0.26213, 0.14381, 0.09715, 0.25733, 0.0]], "adj_matrix_2": [[0.0, 0.28071, 0.00967, 0.10113, 0.10361, 0.0289, 0.21387, 0.02993, 0.07088], [0.28071, 0.0, 0.28783, 0.34524, 0.19402, 0.25854, 0.38532, 0.30206, 0.32827], [0.00967, 0.28783, 0.0, 0.09181, 0.11291, 0.03854, 0.20619, 0.02028, 0.06138], [0.10113, 0.34524, 0.09181, 0.0, 0.19691, 0.12856, 0.1261, 0.07208, 0.03116], [0.10361, 0.19402, 0.11291, 0.19691, 0.0, 0.07548, 0.28797, 0.13211, 0.16993], [0.0289, 0.25854, 0.03854, 0.12856, 0.07548, 0.0, 0.23593, 0.05865, 0.09903], [0.21387, 0.38532, 0.20619, 0.1261, 0.28797, 0.23593, 0.0, 0.18969, 0.15424], [0.02993, 0.30206, 0.02028, 0.07208, 0.13211, 0.05865, 0.18969, 0.0, 0.04131], [0.07088, 0.32827, 0.06138, 0.03116, 0.16993, 0.09903, 0.15424, 0.04131, 0.0]], "features_1": [[-0.15235190076268035, 0.7171978388998883, 0.0, 0.21888867303671883, 0.4882049149470964, 0.1336713766014962, 0.4661303464833523, 0.6801437045232739, 0.4116017460510819, 0.17193215147087204, 0.007671947615560004, 0.6159685968425199, 0.6542462805132491, 0.6872174723762711, 0.7928907126818846, 0.7037673986367654, 0.6180107576930509], [-0.026381871185519046, 0.7335633526513677, 0.0, 0.23103502004977478, 0.4897837091559867, 0.13528017753868418, 0.3695599820409036, 0.6773742022844094, 0.4255114636111694, 0.17734824908514235, 0.008117752083540042, 0.6254410755898832, 0.6594291396417765, 0.6945409090085491, 0.7955249900249418, 0.7028985355201272, 0.6233767030333855], [0.03854626434041819, 0.8298868460705767, 0.0, 0.24555031112294212, 0.5235406794368688, 0.13374187339702764, 0.4917036604742947, 0.6802107812592949, 0.40580608101269755, 0.19412626729376847, 0.007783488497544067, 0.6127981204398529, 0.6651436554358053, 0.6819014445272608, 0.7924183683652596, 0.7045337861605441, 0.6219528098495015], [0.005112143198724439, 0.823669020542513, 0.0, 0.24301688010264222, 0.5172566746241614, 0.13512589202139766, 0.3918027503422678, 0.6775667536119765, 0.42080359581568727, 0.197603941042777, 0.008062078829516484, 0.6137485527707853, 0.6446794602583493, 0.6846294755389365, 0.7930755561909968, 0.7127586066259248, 0.6247397077767589], [0.5029355931487824, 0.8111318113391246, 0.0, 0.26623727000837377, 0.5148470013660806, 0.13222965515493626, 0.3061939261536416, 0.6795711649098164, 0.3898231744857936, 0.18757498420723207, 0.007560346756364078, 0.5890654208493125, 0.6550116032010451, 0.6807286990644766, 0.7878472599999604, 0.7077674853974536, 0.6186264296754757], [0.336313106667554, 0.9020065412760576, 0.0, 0.2449203393453745, 0.5424942900148926, 0.13332521594475794, 0.4449781526902562, 0.6799694888711494, 0.41103353965546696, 0.2076128903332386, 0.007894969482732161, 0.6008513217004756, 0.648651277327881, 0.6830864070285141, 0.7895070520870273, 0.7055926007677146, 0.6234591725579475], [0.024960346824449697, 0.8274197605718037, 0.0, 0.2150977964281575, 0.5202049040001312, 0.13289571479893822, 0.302193676860783, 0.6791686494218434, 0.40064209288556696, 0.19381244050114654, 0.007392832833969631, 0.6226356515747247, 0.6556031232987265, 0.6894424925440252, 0.7897609362438898, 0.6968310539817545, 0.6171841666380952], [1.1003000882694858, 0.95099125920012, 0.0, 0.2843733963952844, 0.5694259201034299, 0.12220171396330021, 0.4627691770503162, 0.6890625593887452, 0.35356622006052874, 0.19906215318513687, 0.007225183508792421, 0.5697117752663834, 0.6248280113237518, 0.6486237517363486, 0.7776550673761594, 0.696259584982028, 0.582919296923383], [-0.0030727308714717516, 0.8997693986482566, 0.0, 0.19391170302072347, 0.5469539009796404, 0.12715979637354874, 0.328264058635299, 0.6848082566472746, 0.38184211647957844, 0.20149526584784572, 0.007225183508792421, 0.6059639050512926, 0.6512821439679367, 0.6752273057347753, 0.7820385384347294, 0.7020133895095697, 0.6004498005282015]], "features_2": [[-0.28192127464791694, 0.767769918103098, 0.0, 0.17499716662975667, 0.48581541512397325, 0.14451169176378464, 0.24425591839571795, 0.6662006056677691, 0.4634517553812594, 0.1960731070410151, 0.008006390651371653, 0.638870029943087, 0.6781921760758899, 0.7084411088278978, 0.8075867253341038, 0.7316124000984777, 0.6314056315281705], [-0.49797112948138444, 0.7998903883093389, 0.0, 0.19168184887752795, 0.4915500631057287, 0.1470852812815494, 0.16719565348022628, 0.6610773720370164, 0.4777668714821559, 0.20723107815941488, 0.008173410423425675, 0.6536919917841479, 0.6786575032301042, 0.7049229596480767, 0.8076909092618538, 0.7442775049378009, 0.6379134283534571], [-0.13856246869479216, 0.9229676895841765, 0.0, 0.18915613525612932, 0.52595863764378, 0.14536561518921287, 0.20274922585903354, 0.6637128206972539, 0.4707459537963776, 0.2298479855053006, 0.00822905385914674, 0.6325717227134371, 0.6604243381322671, 0.6808026816244244, 0.8049511255634941, 0.7214195319649058, 0.6293976985967734], [-0.012828562687747347, 0.8956130948001525, 0.0, 0.1920193708247201, 0.5160047097455361, 0.1472979507756398, 0.16047765309475182, 0.6600337881501191, 0.47698632183200984, 0.22586002137137973, 0.008284682400665488, 0.6279224447610665, 0.6673638062179853, 0.7014554936433531, 0.8062548230980944, 0.7390557683577962, 0.6243250894382202], [-0.4067745094283559, 0.8625885410510862, 0.0, 0.18628408082435424, 0.5135261988656614, 0.1419912354698811, 0.21760899799964478, 0.6691106540620556, 0.43772444138303057, 0.2132255113673247, 0.007225183508792421, 0.6395835642655194, 0.6640086628966726, 0.7019507588267049, 0.8034572045677657, 0.7216508320943351, 0.636542477595353], [-0.13479482037513701, 0.9540236569548031, 0.0, 0.20615239313110356, 0.5305397440993298, 0.1470817705243168, 0.1442216389664736, 0.6595751859994161, 0.4752370215058872, 0.23751952627198758, 0.00822905385914674, 0.6379360487349204, 0.6732602328250893, 0.6982550866947115, 0.8036252091551195, 0.7258815837992023, 0.627658220123865], [0.27885233983206614, 0.9194776225032208, 0.0, 0.22699565789225465, 0.5188077603365994, 0.14774970607300947, 0.1388744787698002, 0.6584323577501676, 0.4860491596112344, 0.23030133005529363, 0.008284682400665488, 0.6212608921343283, 0.6463975215467298, 0.6859071390934924, 0.8039202175760332, 0.7384703886514863, 0.626003024773606], [-0.0918007880649081, 0.9005715166897197, 0.0, 0.25587236266490304, 0.5278233388912672, 0.1360048435163138, 0.21633930994561013, 0.6744574345131109, 0.3991868231905167, 0.2110282289410983, 0.00716927026363523, 0.6232952731403605, 0.6443397841376883, 0.6820725692916859, 0.7898708442501321, 0.7112712821925765, 0.6219781352773327], [0.19368217253404518, 0.9450479181565673, 0.0, 0.25530533338443745, 0.5313184081577899, 0.13878116663129758, 0.16173796999229423, 0.6692720188411447, 0.4342329087259458, 0.22553494399055096, 0.00783923647221818, 0.6182345381779206, 0.6500567529477004, 0.6891650263103869, 0.7879483763251937, 0.6954529240313942, 0.614970542874118]]}