{"labels_1": ["1", "2", "3", "4", "5", "6", "7", "8", "9"], "labels_2": ["1", "2", "3", "4", "5", "6", "7", "8", "9"], "adj_matrix_1": [[0.0, 0.38699, 0.19785, 0.06759, 0.27441, 0.27114, 0.37467, 0.30024, 0.3393], [0.38699, 0.0, 0.30794, 0.3666, 0.25261, 0.2554, 0.10257, 0.22696, 0.17693], [0.19785, 0.30794, 0.0, 0.13463, 0.09118, 0.087, 0.24961, 0.12546, 0.18318], [0.06759, 0.3666, 0.13463, 0.0, 0.21775, 0.21414, 0.33933, 0.24705, 0.29317], [0.27441, 0.25261, 0.09118, 0.21775, 0.0, 0.0043, 0.17496, 0.0357, 0.09808], [0.27114, 0.2554, 0.087, 0.21414, 0.0043, 0.0, 0.17869, 0.03999, 0.10226], [0.37467, 0.10257, 0.24961, 0.33933, 0.17496, 0.17869, 0.0, 0.14304, 0.0831], [0.30024, 0.22696, 0.12546, 0.24705, 0.0357, 0.03999, 0.14304, 0.0, 0.06333], [0.3393, 0.17693, 0.18318, 0.29317, 0.09808, 0.10226, 0.0831, 0.06333, 0.0]], "adj_matrix_2": [[0.0, 0.22775, 0.098, 0.06451, 0.26632, 0.02883, 0.32404, 0.17726, 0.13055], [0.22775, 0.0, 0.23747, 0.21682, 0.08557, 0.23148, 0.15318, 0.19237, 0.20313], [0.098, 0.23747, 0.0, 0.15762, 0.25442, 0.07018, 0.36406, 0.25387, 0.21518], [0.06451, 0.21682, 0.15762, 0.0, 0.26588, 0.09257, 0.2834, 0.1183, 0.06845], [0.26632, 0.08557, 0.25442, 0.26588, 0.0, 0.26449, 0.22218, 0.25415, 0.26044], [0.02883, 0.23148, 0.07018, 0.09257, 0.26449, 0.0, 0.33872, 0.20157, 0.15678], [0.32404, 0.15318, 0.36406, 0.2834, 0.22218, 0.33872, 0.0, 0.18583, 0.23044], [0.17726, 0.19237, 0.25387, 0.1183, 0.25415, 0.20157, 0.18583, 0.0, 0.05136], [0.13055, 0.20313, 0.21518, 0.06845, 0.26044, 0.15678, 0.23044, 0.05136, 0.0]], "features_1": [[-0.38471817932201224, 0.6642505815645539, 0.0, 0.16100212720394302, 0.46056291907096264, 0.14164918631428353, 0.30154046455135697, 0.6736429731410731, 0.4464161490583478, 0.16638517455893687, 0.007894969482732161, 0.6448058756807675, 0.6778346050860256, 0.7053655143797517, 0.8146806238367724, 0.7329736898924291, 0.6287847780869177], [0.0950272132047778, 0.616573976295208, 0.0, 0.20899978625612167, 0.43851415167223723, 0.1465960622124897, 0.27704872529535507, 0.6683809771394914, 0.4929636120499654, 0.15781417018716914, 0.008340296057933516, 0.6211511574468913, 0.6643877853018252, 0.7099758720651683, 0.8252712172076047, 0.7555128175666737, 0.6571111661792243], [-0.24199236920537937, 0.7493968695499923, 0.0, 0.17865754970338435, 0.49134414167868234, 0.140778153914741, 0.3028825057766859, 0.6749322652981362, 0.44444140799700005, 0.18465412700650607, 0.007448685839370306, 0.6311695656376317, 0.6662446471127108, 0.684236743433046, 0.814402753721685, 0.7304212164725477, 0.6407383292536231], [-0.4648801871147161, 0.7866937566462873, 0.0, 0.1506395392016469, 0.4983047020851995, 0.14092836216938395, 0.2404986410990652, 0.6716188861141879, 0.44668697691617587, 0.19659217721005473, 0.007671947615560004, 0.6419558517138255, 0.6755960561099418, 0.7033646688594898, 0.8085569336386966, 0.7185654171679035, 0.629148021070589], [-0.004806251309575682, 0.6985465737483144, 0.0, 0.19493308702454545, 0.46763076728818975, 0.14396017988811616, 0.2862749454447382, 0.670503140386371, 0.48942786673836713, 0.1776169380862327, 0.008451478759474051, 0.630244600710606, 0.6856876982401117, 0.7230457524065613, 0.8196164248097917, 0.7331034141798837, 0.6493735274950971], [-0.3992990207279079, 0.7932971893619688, 0.0, 0.17549106207400253, 0.5065514696239796, 0.1393685943797196, 0.2882216962425993, 0.6750688224624526, 0.44865899070619886, 0.19602413865528434, 0.007560346756364078, 0.6369325249211437, 0.6781921558404028, 0.7124930219997029, 0.8113938277109262, 0.7103925689095713, 0.6405753195811723], [0.1290199774713643, 0.8249343712540299, 0.0, 0.2795337675602558, 0.5162375229345315, 0.1350741335504538, 0.29373129735631026, 0.6776316399041706, 0.4164024758710021, 0.19652110669026257, 0.008062078829516484, 0.6153042033006881, 0.6547829270791999, 0.6870317940640528, 0.7988452440154454, 0.7093188168269843, 0.6146201534291555], [0.10832656210062153, 0.9939693718968764, 0.0, 0.2205313349542036, 0.5665009435621956, 0.12853080677928788, 0.39736251444840676, 0.6847095925509887, 0.3959392276337863, 0.22109633837327425, 0.007616154688146137, 0.6113385599904146, 0.6608597827092756, 0.6778835445059245, 0.7931202065088458, 0.7277971967726841, 0.611309143778955], [0.06391362663249422, 1.1095219598368755, 0.0, 0.238805773242248, 0.5983436323820268, 0.12560564355560255, 0.3926040917495797, 0.6867110105768743, 0.3682790714345725, 0.23744743297758286, 0.007057398507269275, 0.604099594239536, 0.6587722530925265, 0.6866002002385255, 0.7854668300509673, 0.7139621315931896, 0.5809916091213931]], "features_2": [[0.38677893244823336, 0.7663735598571983, 0.0, 0.22813253243741866, 0.47853550721021304, 0.14585863455879303, 0.235621659336028, 0.6636905269467122, 0.48062531042667067, 0.19510973690502142, 0.008618141428105908, 0.6214376176643803, 0.6634920048827899, 0.70120479792987, 0.8063507025925117, 0.7296561124244687, 0.622867161836086], [1.033237772044994, 0.8113724427234523, 0.0, 0.2555361849041072, 0.49188888794061614, 0.14168674236317264, 0.14787731343245766, 0.6643191432198021, 0.4430618189670841, 0.19620228143358065, 0.00783923647221818, 0.5889265172966707, 0.6345355571087555, 0.6563532274052941, 0.7911231371159161, 0.7169017334734812, 0.6117922826221635], [0.21256110928064942, 0.8678967546412322, 0.0, 0.2217951349639983, 0.5115587994681959, 0.14393608664407562, 0.2774170445072414, 0.6670619787482926, 0.4609557135280764, 0.21516086108567367, 0.008673665988278678, 0.6172889866492213, 0.6616764003652116, 0.6985143561666852, 0.8041564579805881, 0.7235642580180446, 0.6180449642274446], [-0.036064180239934185, 0.8155825323405127, 0.0, 0.20372258773819651, 0.4971023522166934, 0.14437238481399484, 0.2606239773029884, 0.6665881006109703, 0.4693059374543538, 0.20633072772849426, 0.00839589484089287, 0.6291613586088918, 0.670470829450652, 0.709163756595046, 0.8062830340870728, 0.7327163870277307, 0.6156927207536256], [0.4406553198105394, 0.796529455997746, 0.0, 0.24239126398021593, 0.493539232551932, 0.14090999029460793, 0.18022293469412176, 0.6673055585017282, 0.43402583755546087, 0.19571563317682705, 0.00822905385914674, 0.5961891310561585, 0.6492006082805533, 0.6898359192562893, 0.7944027873054091, 0.7147609578036792, 0.6097445050741402], [0.005781244311999778, 0.8682290720109955, 0.0, 0.2049661638049257, 0.5171803822706563, 0.14189344566433168, 0.2960474375057899, 0.6700615106018886, 0.4527083846159856, 0.21436854435307562, 0.008562602043175715, 0.6177404665319082, 0.6745416336576885, 0.7037277665440558, 0.8024487598765675, 0.7323184259253258, 0.6225245555851956], [-0.4991780937355297, 0.7801774981554578, 0.0, 0.17782990182666, 0.4964797428023776, 0.13744499772794846, 0.3128589044978625, 0.6750642412293915, 0.41703363347146305, 0.19167549483435886, 0.007894969482732161, 0.6462229270114177, 0.6741312066422448, 0.6932945319195282, 0.7985477612317824, 0.7152716108842836, 0.6123452553724662], [-0.349139664410433, 0.8888430550222818, 0.0, 0.22001296523452557, 0.5239364217124055, 0.1335957163505535, 0.19948141260254104, 0.6746105258013847, 0.3831480435233614, 0.20909187684364872, 0.007671947615560004, 0.6316310086090984, 0.6404435134711494, 0.6715584994745802, 0.7725666246975447, 0.6926949954660572, 0.5854211734448466], [-0.053942192458173555, 0.8959031165906056, 0.0, 0.2547263965605134, 0.5286414674893699, 0.13167741911879655, 0.2783249889605187, 0.6781014273669228, 0.3708897310506618, 0.20539870420026518, 0.007336964783822175, 0.6179507668187734, 0.6344890343260747, 0.6391972006344615, 0.7744754493422134, 0.7054019934007127, 0.5916835979380327]]}