{"labels_1": ["1", "2", "3", "4", "5", "6", "7", "8", "9"], "labels_2": ["1", "2", "3", "4", "5", "6", "7", "8", "9"], "adj_matrix_1": [[0.0, 0.11321, 0.147, 0.07806, 0.2952, 0.21727, 0.06803, 0.10941, 0.12465], [0.11321, 0.0, 0.24361, 0.03659, 0.24487, 0.11971, 0.1756, 0.21181, 0.2248], [0.147, 0.24361, 0.0, 0.21543, 0.3269, 0.31393, 0.08179, 0.03972, 0.02377], [0.07806, 0.03659, 0.21543, 0.0, 0.26363, 0.15271, 0.14306, 0.18138, 0.19527], [0.2952, 0.24487, 0.3269, 0.26363, 0.0, 0.16151, 0.31362, 0.32157, 0.32383], [0.21727, 0.11971, 0.31393, 0.15271, 0.16151, 0.0, 0.26563, 0.29192, 0.30103], [0.06803, 0.1756, 0.08179, 0.14306, 0.31362, 0.26563, 0.0, 0.0425, 0.05837], [0.10941, 0.21181, 0.03972, 0.18138, 0.32157, 0.29192, 0.0425, 0.0, 0.016], [0.12465, 0.2248, 0.02377, 0.19527, 0.32383, 0.30103, 0.05837, 0.016, 0.0]], "adj_matrix_2": [[0.0, 0.02362, 0.07365, 0.07654, 0.09983, 0.24729, 0.04273, 0.10698, 0.0004], [0.02362, 0.0, 0.05058, 0.05352, 0.07737, 0.2381, 0.01922, 0.12877, 0.02402], [0.07365, 0.05058, 0.0, 0.00299, 0.0275, 0.21383, 0.03155, 0.17256, 0.07404], [0.07654, 0.05352, 0.00299, 0.0, 0.02453, 0.21224, 0.03452, 0.17494, 0.07692], [0.09983, 0.07737, 0.0275, 0.02453, 0.0, 0.19809, 0.05871, 0.19393, 0.10018], [0.24729, 0.2381, 0.21383, 0.21224, 0.19809, 0.0, 0.22967, 0.27419, 0.24735], [0.04273, 0.01922, 0.03155, 0.03452, 0.05871, 0.22967, 0.0, 0.14586, 0.04312], [0.10698, 0.12877, 0.17256, 0.17494, 0.19393, 0.27419, 0.14586, 0.0, 0.10664], [0.0004, 0.02402, 0.07404, 0.07692, 0.10018, 0.24735, 0.04312, 0.10664, 0.0]], "features_1": [[0.0045628426588226745, 0.7420951384010896, 0.0, 0.20656881398649768, 0.4856881851828809, 0.1389585689263356, 0.24474900056191232, 0.6722119032327529, 0.4272382077782555, 0.1820758269766931, 0.008006390651371653, 0.6221747154596338, 0.6633321135445767, 0.7002183456481779, 0.8011804259201298, 0.7104308428527698, 0.6234907121646419], [0.18513119027252367, 0.7887564747562477, 0.0, 0.20711206007419092, 0.5022561047161866, 0.13584906569771438, 0.2958862406973658, 0.6760918396627271, 0.41757583523172626, 0.18937032109216467, 0.008173410423425675, 0.6089353074348436, 0.6575726201029946, 0.6825524582291889, 0.7968884072451061, 0.7173997845897709, 0.601852524354685], [-0.05651590185366562, 0.883112047901351, 0.0, 0.21276681620725976, 0.5270224551073591, 0.136923624532117, 0.24335501413759672, 0.6741107008713859, 0.420108408716354, 0.2116442070706297, 0.00822905385914674, 0.6289152129088387, 0.6489704563606581, 0.6735176177706642, 0.7956420899780786, 0.7147855921171444, 0.6128787367833772], [0.09154390688531144, 0.8254878657245884, 0.0, 0.217630161602268, 0.505995276582737, 0.1412596466140323, 0.19457283947042542, 0.6678861007622321, 0.444760213966809, 0.2031615321046043, 0.008117752083540042, 0.6208827347641703, 0.6582377741725343, 0.6800137835306533, 0.800363951864058, 0.7144130333356661, 0.6294697022059293], [0.5701500213117918, 0.7992949141475916, 0.0, 0.26785440101330527, 0.5022992996629652, 0.1375612523598852, 0.25988165535876107, 0.6734827541581783, 0.43591960991057066, 0.1934373555725748, 0.008117752083540042, 0.5953312415081631, 0.6602894475201176, 0.6833762906671047, 0.796417576876092, 0.7287352037557826, 0.608441776264042], [0.2938420701263955, 0.9307703782754236, 0.0, 0.20874972909302517, 0.5366717291430645, 0.1377545266332639, 0.24181948737393172, 0.6725835690818946, 0.41562617321082596, 0.21881116247055687, 0.007950687539111767, 0.6010620005385046, 0.6628611561298162, 0.6720616794508765, 0.7940680847325864, 0.7326007223471541, 0.6103039966155339], [0.041535690363890154, 0.8687823934970673, 0.0, 0.21234692948730782, 0.516123721349615, 0.13910684475974852, 0.2067153219757003, 0.669950646639236, 0.4135112978135558, 0.20708502646364102, 0.007783488497544067, 0.6261805092998425, 0.6580007006792427, 0.680180605662528, 0.7945462052187152, 0.721639375056938, 0.620295563196076], [0.0934663688617916, 0.8897971975132455, 0.0, 0.2299271523314552, 0.5263956543796948, 0.1336753018259283, 0.18776621831189502, 0.6751864271595512, 0.40659361462731414, 0.20958717414557637, 0.008117752083540042, 0.6247710250183733, 0.6315590545211589, 0.6496475156510367, 0.7799744710556147, 0.7102357992253777, 0.5924391733700052], [-0.3138820564563547, 0.9336677243275926, 0.0, 0.22600161548039044, 0.5436296696449978, 0.12891206430603336, 0.20738593738136615, 0.6802807824552947, 0.369662384104833, 0.21313591441992608, 0.007448685839370306, 0.6212204095491003, 0.6400663059051656, 0.66180672883197, 0.7714344580412614, 0.6989747342820117, 0.5906360206770678]], "features_2": [[0.25475170530341806, 0.8773014609185512, 0.0, 0.2269932553694934, 0.523443962961812, 0.13630886061100664, 0.2644604330079666, 0.6762642535102542, 0.421540240384777, 0.2068601514814854, 0.008117752083540042, 0.6047479575627639, 0.6551011922304425, 0.6785866819611158, 0.7971532040196663, 0.7221183957976874, 0.6145575612768066], [0.4516946932968553, 0.892099379748261, 0.0, 0.2199009337673723, 0.5219565496708849, 0.13941492322191962, 0.22985843281779808, 0.6713985745116404, 0.43174919167536885, 0.2131351678696498, 0.00783923647221818, 0.6045536628298576, 0.647473458105115, 0.6652450797246012, 0.7978059530696604, 0.7165200126572554, 0.6154723831876852], [0.2906405465857418, 0.9919347386863283, 0.0, 0.24034048545107609, 0.5526221227436858, 0.13663056577680927, 0.26968586333781486, 0.6760719605413337, 0.4210043437988016, 0.23029810719388188, 0.007671947615560004, 0.6011516065500491, 0.6644165808317177, 0.6656334447624646, 0.7991574529921108, 0.7216643801696075, 0.6229478536443749], [0.3732224961681485, 0.935326748889389, 0.0, 0.22544516204260562, 0.5338363685991966, 0.13965103085438546, 0.23341336692854425, 0.6721121201890141, 0.4323530562039497, 0.22294454342561432, 0.008340296057933516, 0.6004616920355825, 0.6711656556238683, 0.696597442752098, 0.8023163610263075, 0.7325206229996095, 0.6227459856831948], [0.20253077567194655, 0.9010112043173312, 0.0, 0.20185145550374392, 0.5220686341463279, 0.14032042703649106, 0.24846819100707762, 0.66916286473765, 0.4369894326110173, 0.21446920268842318, 0.007894969482732161, 0.6108110529039519, 0.6597423480138085, 0.6650269480438942, 0.7922273883531765, 0.7107325259869204, 0.6060704303830082], [0.8990267680627069, 0.9889374501772651, 0.0, 0.22906333253992642, 0.5484692443285225, 0.13916669293520725, 0.23467628009515024, 0.672207866130387, 0.4288137986907614, 0.22920647844858544, 0.007727725548673403, 0.581451834521626, 0.6488389347491392, 0.6519619437494828, 0.7986217633602842, 0.7152299596876776, 0.6264819994999856], [0.4755226893587534, 0.8773038603935194, 0.0, 0.21001769811052268, 0.5185745511941445, 0.1409940484825387, 0.2484718908595866, 0.6701701201540311, 0.4250796017290881, 0.20796743235240456, 0.007727725548673403, 0.6020402765057771, 0.6427594285632698, 0.675623404601913, 0.801179802707239, 0.7184197633035111, 0.6213870067239282], [0.1609466992168751, 1.0317393152454744, 0.0, 0.23880525220729382, 0.567044136977201, 0.1288191841692473, 0.3586898551517422, 0.682146948719826, 0.3779578338837699, 0.22471558894014199, 0.007225183508792421, 0.6118456354456845, 0.6326989882486149, 0.6142262700682257, 0.7726121313782457, 0.6950556138284696, 0.5853110888982275], [0.8355069180018502, 0.9947698137773459, 0.0, 0.2543829584166574, 0.5640212644084478, 0.1280262508058869, 0.48820322060421406, 0.6846721430343667, 0.376405567236342, 0.21177974916469045, 0.007616154688146137, 0.58984547803019, 0.625189839604818, 0.6401633140613355, 0.7774636322869669, 0.7152870092927388, 0.598217610340104]]}