{"labels_1": ["1", "2", "3", "4", "5", "6", "7", "8", "9"], "labels_2": ["1", "2", "3", "4", "5", "6", "7", "8", "9"], "adj_matrix_1": [[0.0, 0.15364, 0.02386, 0.28616, 0.04569, 0.22956, 0.06061, 0.28735, 0.2592], [0.15364, 0.0, 0.1324, 0.16847, 0.11212, 0.286, 0.09779, 0.17028, 0.13083], [0.02386, 0.1324, 0.0, 0.27256, 0.02196, 0.24135, 0.03704, 0.27389, 0.24356], [0.28616, 0.16847, 0.27256, 0.0, 0.25855, 0.29914, 0.24818, 0.00204, 0.04087], [0.04569, 0.11212, 0.02196, 0.25855, 0.0, 0.25117, 0.01515, 0.25995, 0.22783], [0.22956, 0.286, 0.24135, 0.29914, 0.25117, 0.0, 0.25731, 0.29894, 0.29932], [0.06061, 0.09779, 0.03704, 0.24818, 0.01515, 0.25731, 0.0, 0.24964, 0.21634], [0.28735, 0.17028, 0.27389, 0.00204, 0.25995, 0.29894, 0.24964, 0.0, 0.0429], [0.2592, 0.13083, 0.24356, 0.04087, 0.22783, 0.29932, 0.21634, 0.0429, 0.0]], "adj_matrix_2": [[0.0, 0.24149, 0.00794, 0.07797, 0.24282, 0.08672, 0.10796, 0.04989, 0.18713], [0.24149, 0.0, 0.23569, 0.29039, 0.00174, 0.29488, 0.15051, 0.2026, 0.06678], [0.00794, 0.23569, 0.0, 0.08563, 0.23703, 0.09429, 0.10043, 0.04201, 0.18042], [0.07797, 0.29039, 0.08563, 0.0, 0.29144, 0.0091, 0.17803, 0.12521, 0.24616], [0.24282, 0.00174, 0.23703, 0.29144, 0.0, 0.29592, 0.15211, 0.2041, 0.0685], [0.08672, 0.29488, 0.09429, 0.0091, 0.29592, 0.0, 0.18541, 0.13348, 0.25203], [0.10796, 0.15051, 0.10043, 0.17803, 0.15211, 0.18541, 0.0, 0.05953, 0.08684], [0.04989, 0.2026, 0.04201, 0.12521, 0.2041, 0.13348, 0.05953, 0.0, 0.14333], [0.18713, 0.06678, 0.18042, 0.24616, 0.0685, 0.25203, 0.08684, 0.14333, 0.0]], "features_1": [[0.09126029532533586, 0.8641089625099209, 0.0, 0.26157004652860455, 0.5358027619392114, 0.13100296436217637, 0.35814995763220664, 0.6828658349499961, 0.3848795257105486, 0.1978020742665909, 0.007671947615560004, 0.6071041595786348, 0.6411074155089783, 0.6691212250916901, 0.7954857376727845, 0.7018956150496971, 0.6076360547380107], [-0.12581685003091536, 0.8951801020824679, 0.0, 0.27551950808212416, 0.5474397034255079, 0.13009540796883312, 0.39515533008164994, 0.6843180303030201, 0.3830603867374256, 0.20407459771706704, 0.007448685839370306, 0.6128169125048841, 0.6695271107439339, 0.6849008973744738, 0.7960315620782629, 0.6933336523824208, 0.5952232799766412], [0.21276264750149831, 0.9595901276480239, 0.0, 0.2603677326139055, 0.563891792253721, 0.13167974688551906, 0.4090557545264403, 0.6836207085390629, 0.39158999375542836, 0.21562113691663343, 0.007448685839370306, 0.6076848424929071, 0.6720171193500662, 0.6985387051241994, 0.802835244716718, 0.697392415111228, 0.6199991665547863], [-0.04400477395267366, 0.9280921958930568, 0.0, 0.22195724261727645, 0.5462821854656389, 0.13522926586869125, 0.34588605287844415, 0.679464863158921, 0.4086335619436372, 0.2164118376335904, 0.007560346756364078, 0.6263895645490454, 0.6767263800583139, 0.7015256079504153, 0.805189348114815, 0.7126778468195055, 0.6355120309852048], [0.154936940032536, 0.8838843314042727, 0.0, 0.22309840076482873, 0.5368034952404332, 0.13365379203128935, 0.32715928197977034, 0.6803021983926968, 0.38770117619008637, 0.2036341367786969, 0.007225183508792421, 0.6023632089462878, 0.6486156867875681, 0.6755983431128952, 0.7981358536307579, 0.7180488557539644, 0.6185982578933842], [0.24316068457405837, 0.9539357078158789, 0.0, 0.2316484363865404, 0.5579114258787563, 0.1353672699197183, 0.3547087208882978, 0.6795063686521259, 0.39722752204600864, 0.21747353836728078, 0.007783488497544067, 0.5993313069004547, 0.6566821643781666, 0.6789465020865888, 0.806633499262411, 0.6943210910093608, 0.6427234010084321], [0.16623114731469268, 0.849406116059871, 0.0, 0.24023104636923506, 0.5212719348270418, 0.13793689734504494, 0.36610936683599105, 0.6782497238156766, 0.4191243670340834, 0.20238927143103003, 0.008006390651371653, 0.6103765018113663, 0.6821809062499075, 0.7009809854763825, 0.813375811003868, 0.7333683524240597, 0.6343396326784385], [-0.31640175289828854, 0.9979837453956399, 0.0, 0.2522443771008355, 0.5611354544474745, 0.12797494084314268, 0.2768277864700323, 0.683244577710159, 0.36077396563832353, 0.22354309907961056, 0.007336964783822175, 0.6301864236347567, 0.6553928009900095, 0.67134498165526, 0.7790481163213772, 0.7048228932759227, 0.6037162900276479], [0.05675864505763073, 0.9207919040801895, 0.0, 0.26140291178407604, 0.5348357260837565, 0.13299896495181882, 0.24272260430841328, 0.6781633514060502, 0.3931062584642029, 0.21339749494516402, 0.007336964783822175, 0.6223526640859038, 0.6634949385043839, 0.6918639601765189, 0.7877383313091225, 0.7292101536442397, 0.6249255792790711]], "features_2": [[0.2321322814677913, 0.9404179549492515, 0.0, 0.27451986978798215, 0.5475965371942767, 0.13091730497398904, 0.2982672456957367, 0.6804144403033281, 0.38818329410864094, 0.21122910060905387, 0.007336964783822175, 0.602940835287757, 0.6326907407694922, 0.6504819209128196, 0.7783228076384777, 0.6805741679262597, 0.5766488388689204], [-0.2547378894891472, 0.8868220789630021, 0.0, 0.23419329185102666, 0.5289907464948739, 0.13237111439798904, 0.29140474312974546, 0.678465163803142, 0.3872517874484014, 0.20457623505104316, 0.007281081678807366, 0.6297263590416213, 0.6618771617177773, 0.6754342879860865, 0.7812658562760043, 0.6842183455242882, 0.5764412396120481], [0.047538970450598406, 1.0487264208099338, 0.0, 0.26531689516184037, 0.5725185227166879, 0.13081362296053606, 0.316318433245997, 0.6806281068954589, 0.3763783842041011, 0.23066729118046037, 0.00711334193318236, 0.6053365874033203, 0.6507718477383543, 0.6642507735924367, 0.7777078045570667, 0.6818027992041351, 0.5824885851408399], [0.47500920767045773, 1.0423211916594308, 0.0, 0.27565731292603296, 0.5657528015823325, 0.13314007850882645, 0.2709886444153142, 0.6773709500619661, 0.39250472301919714, 0.23061707471243365, 0.007671947615560004, 0.5992952732263084, 0.640373524842825, 0.6629546594274767, 0.7779533350676596, 0.7139711299992797, 0.5823658690234762], [-0.1842468772678254, 0.8407674289825281, 0.0, 0.2331532114705597, 0.5109368868367553, 0.13547091371158, 0.2498590690114355, 0.6745457690099528, 0.3974415429253251, 0.1980949842452131, 0.007616154688146137, 0.6237215400387828, 0.6533029370685524, 0.6794107008320586, 0.7843259190805084, 0.6817375125723348, 0.5941714748408818], [0.044422673246124145, 0.9620845249342225, 0.0, 0.2429461173421826, 0.5455648365212648, 0.1360797224958659, 0.28888683991406766, 0.6747415519456943, 0.39400399101528705, 0.21987267672686062, 0.007560346756364078, 0.6006978661538835, 0.6387226989926993, 0.6672420010462865, 0.7846250027426752, 0.700405861891007, 0.597435755856803], [-0.06189249936904684, 0.9448408615864523, 0.0, 0.23481675280549952, 0.537600058724665, 0.1360489048489556, 0.2870623789214662, 0.6752991836843512, 0.3950759512748645, 0.22066055349234692, 0.00783923647221818, 0.621392808227045, 0.6743845175144046, 0.6894093665645736, 0.7904458959252433, 0.7072580414296553, 0.5985333375522913], [0.0070618080163815655, 0.7473011043151647, 0.0, 0.21224902327363118, 0.482480992205673, 0.13770573669889502, 0.2508415964047856, 0.6729559693094009, 0.4016264144599653, 0.17828020439903924, 0.007894969482732161, 0.613236825388259, 0.6454172343025543, 0.6493843870706307, 0.7929005950859468, 0.7222417677323782, 0.6087840968973655], [-0.07580449045379911, 0.7810097848099387, 0.0, 0.21085086807576545, 0.49388055087337757, 0.13613558250503696, 0.2828019315205189, 0.6750727006465878, 0.38758394585056455, 0.18445282081682768, 0.007894969482732161, 0.6194272723027843, 0.6476696832265941, 0.6798916762648191, 0.7909523105274993, 0.7167705838953502, 0.5960000044954279]]}