{"labels_1": ["1", "2", "3", "4", "5", "6", "7", "8", "9"], "labels_2": ["1", "2", "3", "4", "5", "6", "7", "8", "9"], "adj_matrix_1": [[0.0, 0.15364, 0.02386, 0.28616, 0.04569, 0.22956, 0.06061, 0.28735, 0.2592], [0.15364, 0.0, 0.1324, 0.16847, 0.11212, 0.286, 0.09779, 0.17028, 0.13083], [0.02386, 0.1324, 0.0, 0.27256, 0.02196, 0.24135, 0.03704, 0.27389, 0.24356], [0.28616, 0.16847, 0.27256, 0.0, 0.25855, 0.29914, 0.24818, 0.00204, 0.04087], [0.04569, 0.11212, 0.02196, 0.25855, 0.0, 0.25117, 0.01515, 0.25995, 0.22783], [0.22956, 0.286, 0.24135, 0.29914, 0.25117, 0.0, 0.25731, 0.29894, 0.29932], [0.06061, 0.09779, 0.03704, 0.24818, 0.01515, 0.25731, 0.0, 0.24964, 0.21634], [0.28735, 0.17028, 0.27389, 0.00204, 0.25995, 0.29894, 0.24964, 0.0, 0.0429], [0.2592, 0.13083, 0.24356, 0.04087, 0.22783, 0.29932, 0.21634, 0.0429, 0.0]], "adj_matrix_2": [[0.0, 0.00141, 0.04612, 0.15852, 0.17873, 0.01276, 0.18028, 0.13083, 0.05371], [0.00141, 0.0, 0.0475, 0.15973, 0.17765, 0.01135, 0.18144, 0.13211, 0.0551], [0.04612, 0.0475, 0.0, 0.11694, 0.21194, 0.05869, 0.14038, 0.08759, 0.00775], [0.15852, 0.15973, 0.11694, 0.0, 0.27774, 0.16943, 0.02537, 0.03083, 0.10969], [0.17873, 0.17765, 0.21194, 0.27774, 0.0, 0.1687, 0.288, 0.26333, 0.21684], [0.01276, 0.01135, 0.05869, 0.16943, 0.1687, 0.0, 0.19072, 0.14236, 0.06626], [0.18028, 0.18144, 0.14038, 0.02537, 0.288, 0.19072, 0.0, 0.05601, 0.13338], [0.13083, 0.13211, 0.08759, 0.03083, 0.26333, 0.14236, 0.05601, 0.0, 0.08013], [0.05371, 0.0551, 0.00775, 0.10969, 0.21684, 0.06626, 0.13338, 0.08013, 0.0]], "features_1": [[0.09126029532533586, 0.8641089625099209, 0.0, 0.26157004652860455, 0.5358027619392114, 0.13100296436217637, 0.35814995763220664, 0.6828658349499961, 0.3848795257105486, 0.1978020742665909, 0.007671947615560004, 0.6071041595786348, 0.6411074155089783, 0.6691212250916901, 0.7954857376727845, 0.7018956150496971, 0.6076360547380107], [-0.12581685003091536, 0.8951801020824679, 0.0, 0.27551950808212416, 0.5474397034255079, 0.13009540796883312, 0.39515533008164994, 0.6843180303030201, 0.3830603867374256, 0.20407459771706704, 0.007448685839370306, 0.6128169125048841, 0.6695271107439339, 0.6849008973744738, 0.7960315620782629, 0.6933336523824208, 0.5952232799766412], [0.21276264750149831, 0.9595901276480239, 0.0, 0.2603677326139055, 0.563891792253721, 0.13167974688551906, 0.4090557545264403, 0.6836207085390629, 0.39158999375542836, 0.21562113691663343, 0.007448685839370306, 0.6076848424929071, 0.6720171193500662, 0.6985387051241994, 0.802835244716718, 0.697392415111228, 0.6199991665547863], [-0.04400477395267366, 0.9280921958930568, 0.0, 0.22195724261727645, 0.5462821854656389, 0.13522926586869125, 0.34588605287844415, 0.679464863158921, 0.4086335619436372, 0.2164118376335904, 0.007560346756364078, 0.6263895645490454, 0.6767263800583139, 0.7015256079504153, 0.805189348114815, 0.7126778468195055, 0.6355120309852048], [0.154936940032536, 0.8838843314042727, 0.0, 0.22309840076482873, 0.5368034952404332, 0.13365379203128935, 0.32715928197977034, 0.6803021983926968, 0.38770117619008637, 0.2036341367786969, 0.007225183508792421, 0.6023632089462878, 0.6486156867875681, 0.6755983431128952, 0.7981358536307579, 0.7180488557539644, 0.6185982578933842], [0.24316068457405837, 0.9539357078158789, 0.0, 0.2316484363865404, 0.5579114258787563, 0.1353672699197183, 0.3547087208882978, 0.6795063686521259, 0.39722752204600864, 0.21747353836728078, 0.007783488497544067, 0.5993313069004547, 0.6566821643781666, 0.6789465020865888, 0.806633499262411, 0.6943210910093608, 0.6427234010084321], [0.16623114731469268, 0.849406116059871, 0.0, 0.24023104636923506, 0.5212719348270418, 0.13793689734504494, 0.36610936683599105, 0.6782497238156766, 0.4191243670340834, 0.20238927143103003, 0.008006390651371653, 0.6103765018113663, 0.6821809062499075, 0.7009809854763825, 0.813375811003868, 0.7333683524240597, 0.6343396326784385], [-0.31640175289828854, 0.9979837453956399, 0.0, 0.2522443771008355, 0.5611354544474745, 0.12797494084314268, 0.2768277864700323, 0.683244577710159, 0.36077396563832353, 0.22354309907961056, 0.007336964783822175, 0.6301864236347567, 0.6553928009900095, 0.67134498165526, 0.7790481163213772, 0.7048228932759227, 0.6037162900276479], [0.05675864505763073, 0.9207919040801895, 0.0, 0.26140291178407604, 0.5348357260837565, 0.13299896495181882, 0.24272260430841328, 0.6781633514060502, 0.3931062584642029, 0.21339749494516402, 0.007336964783822175, 0.6223526640859038, 0.6634949385043839, 0.6918639601765189, 0.7877383313091225, 0.7292101536442397, 0.6249255792790711]], "features_2": [[0.18642626960828146, 0.806310073008187, 0.0, 0.232570855906383, 0.5113289673372274, 0.13756830975108414, 0.3188557829974862, 0.6771461892798705, 0.43110179572805296, 0.19200680203180176, 0.008006390651371653, 0.6159659337531946, 0.6768566922142364, 0.6808786319488064, 0.8083684363738396, 0.7344932071906299, 0.6313091525865671], [-0.005075752977328207, 0.8173438961263012, 0.0, 0.2158694022382185, 0.5136996585636915, 0.1372756382450132, 0.3282908562750201, 0.6777151328074328, 0.4266051422100543, 0.19598234980423856, 0.00783923647221818, 0.6125425665311446, 0.6814944656763854, 0.7070830303072477, 0.8089456938080003, 0.7282252926939831, 0.6157496895172662], [0.24487837513235444, 0.9306774864673725, 0.0, 0.22882464239994849, 0.545436760277443, 0.13729569528249932, 0.3436139625892004, 0.6782688610623221, 0.4389457422792582, 0.21916389391017055, 0.008117752083540042, 0.6129531273031086, 0.6730827065238995, 0.6878681096260826, 0.8110404010097595, 0.7324569769355801, 0.6250781743925116], [-0.03576397798484221, 0.9438273996095156, 0.0, 0.21214515616691876, 0.5379171547819858, 0.14108590116961392, 0.24852513765798107, 0.6708428841792717, 0.45246270056553617, 0.22752557544187746, 0.008062078829516484, 0.6301250128852456, 0.6749467986989707, 0.691271202938378, 0.8057555355167231, 0.7156357180660946, 0.6270613010742663], [0.2086216334398001, 0.8582304276418999, 0.0, 0.2070669781398051, 0.522273051549144, 0.13588471130748175, 0.30643806698151865, 0.6780657075961313, 0.4215139030206936, 0.2029735616976629, 0.007950687539111767, 0.607942358104689, 0.6717946900470992, 0.7020724654945919, 0.8026298062782713, 0.7252516904385558, 0.6076643935585101], [0.4506751905892754, 1.012561647576919, 0.0, 0.24220749548141357, 0.5605873285804416, 0.137008611100855, 0.2968898281998854, 0.6768544975036497, 0.43874086316629257, 0.23386898142770063, 0.007727725548673403, 0.6062604962281748, 0.6645166924932547, 0.6881976178187784, 0.8043469542418172, 0.7345290080196267, 0.6162820629463782], [0.004724073666963591, 1.0104650595511215, 0.0, 0.23833122576369944, 0.5520872619765781, 0.1359153540056108, 0.2422891839534728, 0.6750847193860372, 0.41948468863556987, 0.2374013552367169, 0.008173410423425675, 0.6184953781538682, 0.6585802989889923, 0.6978171105072536, 0.7931104874398829, 0.7176363492455717, 0.6043759491524533], [0.11545549990313209, 1.0359162744113553, 0.0, 0.19049311857926823, 0.5736867260482115, 0.12552483891413635, 0.3076060339256891, 0.6854457232766409, 0.3437432437074104, 0.22039610161441714, 0.007057398507269275, 0.6034609653997984, 0.6372793320495153, 0.6489458040021878, 0.777056242736505, 0.6905759131931284, 0.573682041166906], [0.02899562956586621, 1.1036732913876723, 0.0, 0.19861035473440256, 0.588346018928978, 0.12433416449915835, 0.2519389630742488, 0.6852713196741315, 0.3353611207880909, 0.23313484837571297, 0.006889477554966383, 0.6076924882715073, 0.6486121647825327, 0.6671017029055624, 0.7674825175403228, 0.6824223902186868, 0.5651567549369332]]}