{"labels_1": ["1", "2", "3", "4", "5", "6", "7", "8", "9"], "labels_2": ["1", "2", "3", "4", "5", "6", "7", "8", "9"], "adj_matrix_1": [[0.0, 0.15364, 0.02386, 0.28616, 0.04569, 0.22956, 0.06061, 0.28735, 0.2592], [0.15364, 0.0, 0.1324, 0.16847, 0.11212, 0.286, 0.09779, 0.17028, 0.13083], [0.02386, 0.1324, 0.0, 0.27256, 0.02196, 0.24135, 0.03704, 0.27389, 0.24356], [0.28616, 0.16847, 0.27256, 0.0, 0.25855, 0.29914, 0.24818, 0.00204, 0.04087], [0.04569, 0.11212, 0.02196, 0.25855, 0.0, 0.25117, 0.01515, 0.25995, 0.22783], [0.22956, 0.286, 0.24135, 0.29914, 0.25117, 0.0, 0.25731, 0.29894, 0.29932], [0.06061, 0.09779, 0.03704, 0.24818, 0.01515, 0.25731, 0.0, 0.24964, 0.21634], [0.28735, 0.17028, 0.27389, 0.00204, 0.25995, 0.29894, 0.24964, 0.0, 0.0429], [0.2592, 0.13083, 0.24356, 0.04087, 0.22783, 0.29932, 0.21634, 0.0429, 0.0]], "adj_matrix_2": [[0.0, 0.04092, 0.14648, 0.06554, 0.1388, 0.21975, 0.25066, 0.11236, 0.15863], [0.04092, 0.0, 0.10828, 0.10511, 0.10029, 0.18574, 0.21903, 0.07287, 0.12101], [0.14648, 0.10828, 0.0, 0.20289, 0.00837, 0.08356, 0.12109, 0.03656, 0.01333], [0.06554, 0.10511, 0.20289, 0.0, 0.19597, 0.26728, 0.29356, 0.17193, 0.21377], [0.1388, 0.10029, 0.00837, 0.19597, 0.0, 0.09171, 0.12903, 0.02822, 0.02171], [0.21975, 0.18574, 0.08356, 0.26728, 0.09171, 0.0, 0.03873, 0.1189, 0.07048], [0.25066, 0.21903, 0.12109, 0.29356, 0.12903, 0.03873, 0.0, 0.15536, 0.10832], [0.11236, 0.07287, 0.03656, 0.17193, 0.02822, 0.1189, 0.15536, 0.0, 0.04982], [0.15863, 0.12101, 0.01333, 0.21377, 0.02171, 0.07048, 0.10832, 0.04982, 0.0]], "features_1": [[0.09126029532533586, 0.8641089625099209, 0.0, 0.26157004652860455, 0.5358027619392114, 0.13100296436217637, 0.35814995763220664, 0.6828658349499961, 0.3848795257105486, 0.1978020742665909, 0.007671947615560004, 0.6071041595786348, 0.6411074155089783, 0.6691212250916901, 0.7954857376727845, 0.7018956150496971, 0.6076360547380107], [-0.12581685003091536, 0.8951801020824679, 0.0, 0.27551950808212416, 0.5474397034255079, 0.13009540796883312, 0.39515533008164994, 0.6843180303030201, 0.3830603867374256, 0.20407459771706704, 0.007448685839370306, 0.6128169125048841, 0.6695271107439339, 0.6849008973744738, 0.7960315620782629, 0.6933336523824208, 0.5952232799766412], [0.21276264750149831, 0.9595901276480239, 0.0, 0.2603677326139055, 0.563891792253721, 0.13167974688551906, 0.4090557545264403, 0.6836207085390629, 0.39158999375542836, 0.21562113691663343, 0.007448685839370306, 0.6076848424929071, 0.6720171193500662, 0.6985387051241994, 0.802835244716718, 0.697392415111228, 0.6199991665547863], [-0.04400477395267366, 0.9280921958930568, 0.0, 0.22195724261727645, 0.5462821854656389, 0.13522926586869125, 0.34588605287844415, 0.679464863158921, 0.4086335619436372, 0.2164118376335904, 0.007560346756364078, 0.6263895645490454, 0.6767263800583139, 0.7015256079504153, 0.805189348114815, 0.7126778468195055, 0.6355120309852048], [0.154936940032536, 0.8838843314042727, 0.0, 0.22309840076482873, 0.5368034952404332, 0.13365379203128935, 0.32715928197977034, 0.6803021983926968, 0.38770117619008637, 0.2036341367786969, 0.007225183508792421, 0.6023632089462878, 0.6486156867875681, 0.6755983431128952, 0.7981358536307579, 0.7180488557539644, 0.6185982578933842], [0.24316068457405837, 0.9539357078158789, 0.0, 0.2316484363865404, 0.5579114258787563, 0.1353672699197183, 0.3547087208882978, 0.6795063686521259, 0.39722752204600864, 0.21747353836728078, 0.007783488497544067, 0.5993313069004547, 0.6566821643781666, 0.6789465020865888, 0.806633499262411, 0.6943210910093608, 0.6427234010084321], [0.16623114731469268, 0.849406116059871, 0.0, 0.24023104636923506, 0.5212719348270418, 0.13793689734504494, 0.36610936683599105, 0.6782497238156766, 0.4191243670340834, 0.20238927143103003, 0.008006390651371653, 0.6103765018113663, 0.6821809062499075, 0.7009809854763825, 0.813375811003868, 0.7333683524240597, 0.6343396326784385], [-0.31640175289828854, 0.9979837453956399, 0.0, 0.2522443771008355, 0.5611354544474745, 0.12797494084314268, 0.2768277864700323, 0.683244577710159, 0.36077396563832353, 0.22354309907961056, 0.007336964783822175, 0.6301864236347567, 0.6553928009900095, 0.67134498165526, 0.7790481163213772, 0.7048228932759227, 0.6037162900276479], [0.05675864505763073, 0.9207919040801895, 0.0, 0.26140291178407604, 0.5348357260837565, 0.13299896495181882, 0.24272260430841328, 0.6781633514060502, 0.3931062584642029, 0.21339749494516402, 0.007336964783822175, 0.6223526640859038, 0.6634949385043839, 0.6918639601765189, 0.7877383313091225, 0.7292101536442397, 0.6249255792790711]], "features_2": [[0.3103253766648666, 0.9874365332061001, 0.0, 0.2230454503909665, 0.5455762620598308, 0.13566594657121225, 0.23212640544531524, 0.6726250967433283, 0.4162663843234886, 0.22866839677606676, 0.008062078829516484, 0.6114339284344985, 0.6203930840346409, 0.6530300345644765, 0.7794398651980753, 0.7155307243785338, 0.5824510036005854], [-0.0547503025180025, 0.9044795469756896, 0.0, 0.17877871865717207, 0.5294068074774774, 0.13891255013309756, 0.2690175886440471, 0.6723916601536826, 0.42975292336243176, 0.21752581371270807, 0.008062078829516484, 0.6269087618033184, 0.6706178673672792, 0.6928696340691266, 0.7996602685438065, 0.7232846192750193, 0.6153138266567353], [0.014890108454873818, 1.0856572601344032, 0.0, 0.19186187437170107, 0.5674676796597022, 0.13724762825794537, 0.2821720311479908, 0.6721921086465629, 0.41814613717964666, 0.25081418644186737, 0.007727725548673403, 0.6246902872654805, 0.6453652208265571, 0.682118151481069, 0.7855713554703152, 0.7222956499507291, 0.5952592535558546], [0.25940360915429794, 1.0399451317991377, 0.0, 0.20360189679660476, 0.5532880930160446, 0.13846610181693178, 0.2300047099496169, 0.6687652750146903, 0.42946624786746135, 0.24330857940959216, 0.008173410423425675, 0.6117184575281629, 0.6482615474144623, 0.6789895795361717, 0.7812167807240583, 0.7138650754899117, 0.5935891293018271], [0.026108296336508907, 0.8093067321921978, 0.0, 0.1972387719036318, 0.49653895419521854, 0.14353802381709144, 0.2350461486031037, 0.6659910495541667, 0.4476246213235455, 0.20088948842111432, 0.007950687539111767, 0.6288121551438, 0.6544468005039031, 0.6970243839648226, 0.8049261112775632, 0.7212661759511599, 0.625209475837928], [-0.15962219717396664, 0.9379007902091432, 0.0, 0.18168445746717754, 0.5355215796169961, 0.14060811646902588, 0.2808736444493974, 0.6692766286122003, 0.42875063388878476, 0.226242165176896, 0.008062078829516484, 0.6331662489801764, 0.6585969183446001, 0.68945315301026, 0.7962240853564381, 0.7125374155842693, 0.6176273835712911], [-0.4331105301669047, 0.9176506842639032, 0.0, 0.1635696966554297, 0.5240194831020915, 0.14272906485858428, 0.26624526648569213, 0.6653353337640735, 0.4400761741125996, 0.22712848510269956, 0.008006390651371653, 0.6399635620519832, 0.6414931704422737, 0.6850189247816453, 0.7912521503020815, 0.6948138480307048, 0.6189649014174071], [0.08991626152625054, 0.8654874681792694, 0.0, 0.27210068724178144, 0.5298426557849588, 0.1287367432828105, 0.3123751533627356, 0.683489510742704, 0.3626918415953575, 0.19271860770889582, 0.00711334193318236, 0.61059132956286, 0.6560107655816879, 0.673353154848792, 0.7856247314778778, 0.711368978036096, 0.5896688155074855], [-0.2179792761655137, 0.8692117284293224, 0.0, 0.24388036874243088, 0.5313656613595545, 0.13148062202838479, 0.31175471306386837, 0.680552195106231, 0.3848946536682747, 0.20098274991472254, 0.00711334193318236, 0.6194401595598986, 0.641834003019396, 0.6661473856645167, 0.7864466841288479, 0.7045137031984395, 0.6127776614256183]]}