{"labels_1": ["1", "2", "3", "4", "5", "6", "7", "8", "9"], "labels_2": ["1", "2", "3", "4", "5", "6", "7", "8", "9"], "adj_matrix_1": [[0.0, 0.15364, 0.02386, 0.28616, 0.04569, 0.22956, 0.06061, 0.28735, 0.2592], [0.15364, 0.0, 0.1324, 0.16847, 0.11212, 0.286, 0.09779, 0.17028, 0.13083], [0.02386, 0.1324, 0.0, 0.27256, 0.02196, 0.24135, 0.03704, 0.27389, 0.24356], [0.28616, 0.16847, 0.27256, 0.0, 0.25855, 0.29914, 0.24818, 0.00204, 0.04087], [0.04569, 0.11212, 0.02196, 0.25855, 0.0, 0.25117, 0.01515, 0.25995, 0.22783], [0.22956, 0.286, 0.24135, 0.29914, 0.25117, 0.0, 0.25731, 0.29894, 0.29932], [0.06061, 0.09779, 0.03704, 0.24818, 0.01515, 0.25731, 0.0, 0.24964, 0.21634], [0.28735, 0.17028, 0.27389, 0.00204, 0.25995, 0.29894, 0.24964, 0.0, 0.0429], [0.2592, 0.13083, 0.24356, 0.04087, 0.22783, 0.29932, 0.21634, 0.0429, 0.0]], "adj_matrix_2": [[0.0, 0.33056, 0.03145, 0.21968, 0.05894, 0.07902, 0.34474, 0.35091, 0.17937], [0.33056, 0.0, 0.31007, 0.15221, 0.29111, 0.37665, 0.02924, 0.23936, 0.24668], [0.03145, 0.31007, 0.0, 0.19177, 0.02761, 0.1099, 0.32602, 0.34889, 0.18542], [0.21968, 0.15221, 0.19177, 0.0, 0.1666, 0.28592, 0.17791, 0.31178, 0.22457], [0.05894, 0.29111, 0.02761, 0.1666, 0.0, 0.1366, 0.30859, 0.34651, 0.19093], [0.07902, 0.37665, 0.1099, 0.28592, 0.1366, 0.0, 0.38627, 0.35235, 0.16443], [0.34474, 0.02924, 0.32602, 0.17791, 0.30859, 0.38627, 0.0, 0.22071, 0.24853], [0.35091, 0.23936, 0.34889, 0.31178, 0.34651, 0.35235, 0.22071, 0.0, 0.20251], [0.17937, 0.24668, 0.18542, 0.22457, 0.19093, 0.16443, 0.24853, 0.20251, 0.0]], "features_1": [[0.09126029532533586, 0.8641089625099209, 0.0, 0.26157004652860455, 0.5358027619392114, 0.13100296436217637, 0.35814995763220664, 0.6828658349499961, 0.3848795257105486, 0.1978020742665909, 0.007671947615560004, 0.6071041595786348, 0.6411074155089783, 0.6691212250916901, 0.7954857376727845, 0.7018956150496971, 0.6076360547380107], [-0.12581685003091536, 0.8951801020824679, 0.0, 0.27551950808212416, 0.5474397034255079, 0.13009540796883312, 0.39515533008164994, 0.6843180303030201, 0.3830603867374256, 0.20407459771706704, 0.007448685839370306, 0.6128169125048841, 0.6695271107439339, 0.6849008973744738, 0.7960315620782629, 0.6933336523824208, 0.5952232799766412], [0.21276264750149831, 0.9595901276480239, 0.0, 0.2603677326139055, 0.563891792253721, 0.13167974688551906, 0.4090557545264403, 0.6836207085390629, 0.39158999375542836, 0.21562113691663343, 0.007448685839370306, 0.6076848424929071, 0.6720171193500662, 0.6985387051241994, 0.802835244716718, 0.697392415111228, 0.6199991665547863], [-0.04400477395267366, 0.9280921958930568, 0.0, 0.22195724261727645, 0.5462821854656389, 0.13522926586869125, 0.34588605287844415, 0.679464863158921, 0.4086335619436372, 0.2164118376335904, 0.007560346756364078, 0.6263895645490454, 0.6767263800583139, 0.7015256079504153, 0.805189348114815, 0.7126778468195055, 0.6355120309852048], [0.154936940032536, 0.8838843314042727, 0.0, 0.22309840076482873, 0.5368034952404332, 0.13365379203128935, 0.32715928197977034, 0.6803021983926968, 0.38770117619008637, 0.2036341367786969, 0.007225183508792421, 0.6023632089462878, 0.6486156867875681, 0.6755983431128952, 0.7981358536307579, 0.7180488557539644, 0.6185982578933842], [0.24316068457405837, 0.9539357078158789, 0.0, 0.2316484363865404, 0.5579114258787563, 0.1353672699197183, 0.3547087208882978, 0.6795063686521259, 0.39722752204600864, 0.21747353836728078, 0.007783488497544067, 0.5993313069004547, 0.6566821643781666, 0.6789465020865888, 0.806633499262411, 0.6943210910093608, 0.6427234010084321], [0.16623114731469268, 0.849406116059871, 0.0, 0.24023104636923506, 0.5212719348270418, 0.13793689734504494, 0.36610936683599105, 0.6782497238156766, 0.4191243670340834, 0.20238927143103003, 0.008006390651371653, 0.6103765018113663, 0.6821809062499075, 0.7009809854763825, 0.813375811003868, 0.7333683524240597, 0.6343396326784385], [-0.31640175289828854, 0.9979837453956399, 0.0, 0.2522443771008355, 0.5611354544474745, 0.12797494084314268, 0.2768277864700323, 0.683244577710159, 0.36077396563832353, 0.22354309907961056, 0.007336964783822175, 0.6301864236347567, 0.6553928009900095, 0.67134498165526, 0.7790481163213772, 0.7048228932759227, 0.6037162900276479], [0.05675864505763073, 0.9207919040801895, 0.0, 0.26140291178407604, 0.5348357260837565, 0.13299896495181882, 0.24272260430841328, 0.6781633514060502, 0.3931062584642029, 0.21339749494516402, 0.007336964783822175, 0.6223526640859038, 0.6634949385043839, 0.6918639601765189, 0.7877383313091225, 0.7292101536442397, 0.6249255792790711]], "features_2": [[-0.3795991400564094, 0.6448548513883398, 0.0, 0.20988188590713516, 0.45204575854496304, 0.13919151887565284, 0.35438619220060164, 0.6738920810331087, 0.4462400297808964, 0.16068898782565455, 0.007950687539111767, 0.6413556650477401, 0.6751418360277057, 0.7038125363753676, 0.8051446231112237, 0.6852039624700468, 0.6169649376173517], [-0.43356422657037097, 0.6839156001465727, 0.0, 0.22942004356793214, 0.4670938921523728, 0.14116052744790925, 0.32564078642067784, 0.6728484606756802, 0.4500930347035339, 0.17336383327407634, 0.008507047823598457, 0.6342598093367942, 0.6725476993311706, 0.7109379119629283, 0.8108606553527465, 0.7206940043769132, 0.6291428603434981], [-0.27864430034223453, 0.717245379853429, 0.0, 0.2267209539776135, 0.4744659547906981, 0.14331749715366443, 0.37914190076607923, 0.6709182441124364, 0.47448690572207997, 0.1809937108218096, 0.008062078829516484, 0.641472605680447, 0.6721776816349769, 0.6988162991297119, 0.8132739906390174, 0.7288426226277965, 0.630580654810827], [-0.2117157028162331, 0.6641397491050536, 0.0, 0.22172919436428637, 0.45708734284443414, 0.14375301082471595, 0.42801030254658484, 0.6711188774437492, 0.47321961133754353, 0.16880772064566818, 0.008062078829516484, 0.6299513936930425, 0.6932407562731944, 0.7197292582251461, 0.8149572319143663, 0.7369979370916875, 0.6382235497392523], [-0.5475256077527937, 0.6819207839371773, 0.0, 0.24743318630482633, 0.4526041856007925, 0.14960267814984862, 0.245384518851327, 0.6600802068595115, 0.4856472961681202, 0.18171358586198072, 0.008340296057933516, 0.6522278817362515, 0.6929866094250043, 0.7323515686485382, 0.8154907950204344, 0.7256887592166983, 0.640050749653253], [-0.4163456719831711, 0.7157931662574833, 0.0, 0.20912298131198026, 0.46840975313751726, 0.14869941694281297, 0.34271276605509654, 0.6649163106163707, 0.5053609519860964, 0.18860570572534607, 0.008729175733573014, 0.6541086264714426, 0.702108843932106, 0.7285256746626437, 0.8209570380258291, 0.7399980564630726, 0.6467247543976543], [-0.054470551061972294, 0.7026868894728378, 0.0, 0.2192321760103674, 0.46713281266592743, 0.14312215978509657, 0.4793440293582215, 0.6739255445501148, 0.45278303546769516, 0.1750236424131162, 0.008173410423425675, 0.6224980632341213, 0.6967541323127467, 0.7278048176755855, 0.8191384683876746, 0.7392201116239228, 0.621921523053654], [0.4769299969992917, 0.7217929935721947, 0.0, 0.3110463760018538, 0.4590980428403562, 0.14918777709842093, 0.18943223458947073, 0.6573935535886513, 0.48903994222122305, 0.18644125345839568, 0.008618141428105908, 0.6022639295925898, 0.6646666743470109, 0.7008384305526396, 0.8108455898549471, 0.7255178465817279, 0.638582530851007], [0.41050581852400114, 0.7519177167861334, 0.0, 0.24779650159786695, 0.4742760920094594, 0.14139094032902855, 0.2906781529314074, 0.6696040821155724, 0.43191590229402754, 0.18453123698504448, 0.008062078829516484, 0.5963358503326108, 0.6580015838105369, 0.7008511669367447, 0.8061413539180804, 0.7273294907570133, 0.6273052413887797]]}