{"labels_1": ["1", "2", "3", "4", "5", "6", "7", "8", "9"], "labels_2": ["1", "2", "3", "4", "5", "6", "7", "8", "9"], "adj_matrix_1": [[0.0, 0.27539, 0.21846, 0.14976, 0.33423, 0.3409, 0.32497, 0.33099, 0.3317], [0.27539, 0.0, 0.07723, 0.15136, 0.22484, 0.1611, 0.09732, 0.23171, 0.11747], [0.21846, 0.07723, 0.0, 0.0782, 0.26823, 0.22179, 0.16776, 0.27241, 0.18541], [0.14976, 0.15136, 0.0782, 0.0, 0.30031, 0.27243, 0.23054, 0.30177, 0.24483], [0.33423, 0.22484, 0.26823, 0.30031, 0.0, 0.08845, 0.15206, 0.01251, 0.13362], [0.3409, 0.1611, 0.22179, 0.27243, 0.08845, 0.0, 0.07084, 0.10005, 0.04969], [0.32497, 0.09732, 0.16776, 0.23054, 0.15206, 0.07084, 0.0, 0.16201, 0.02164], [0.33099, 0.23171, 0.27241, 0.30177, 0.01251, 0.10005, 0.16201, 0.0, 0.14416], [0.3317, 0.11747, 0.18541, 0.24483, 0.13362, 0.04969, 0.02164, 0.14416, 0.0]], "adj_matrix_2": [[0.0, 0.02362, 0.07365, 0.07654, 0.09983, 0.24729, 0.04273, 0.10698, 0.0004], [0.02362, 0.0, 0.05058, 0.05352, 0.07737, 0.2381, 0.01922, 0.12877, 0.02402], [0.07365, 0.05058, 0.0, 0.00299, 0.0275, 0.21383, 0.03155, 0.17256, 0.07404], [0.07654, 0.05352, 0.00299, 0.0, 0.02453, 0.21224, 0.03452, 0.17494, 0.07692], [0.09983, 0.07737, 0.0275, 0.02453, 0.0, 0.19809, 0.05871, 0.19393, 0.10018], [0.24729, 0.2381, 0.21383, 0.21224, 0.19809, 0.0, 0.22967, 0.27419, 0.24735], [0.04273, 0.01922, 0.03155, 0.03452, 0.05871, 0.22967, 0.0, 0.14586, 0.04312], [0.10698, 0.12877, 0.17256, 0.17494, 0.19393, 0.27419, 0.14586, 0.0, 0.10664], [0.0004, 0.02402, 0.07404, 0.07692, 0.10018, 0.24735, 0.04312, 0.10664, 0.0]], "features_1": [[-8.063402573244005e-05, 0.8194981056957037, 0.0, 0.22515225738311206, 0.5105484946846582, 0.1349128831035431, 0.26480934237521864, 0.676280167394454, 0.41571017195507043, 0.19289460551884052, 0.007560346756364078, 0.6280199321555375, 0.6595596155987005, 0.6856155689918751, 0.7915674630551391, 0.7329433757681424, 0.6153801177743767], [0.26661225524373044, 0.9223621041396135, 0.0, 0.20057791475574693, 0.5314629057153538, 0.13608108003624045, 0.16955021583480773, 0.6720149440906005, 0.42239019403338807, 0.2166927989292058, 0.008117752083540042, 0.609605089203539, 0.6455619788425219, 0.6804675769894486, 0.7838619669901116, 0.7151476614978312, 0.6059806928554509], [0.1337000676311182, 0.9695806069360137, 0.0, 0.23347448589915518, 0.5490496087566593, 0.13421705604541648, 0.23761026370926075, 0.676182780901676, 0.4084768519315114, 0.2217790591665212, 0.007560346756364078, 0.6097872543495022, 0.6387816033373535, 0.6621627534199482, 0.7878138056363222, 0.7291367729707156, 0.6126927551248759], [0.02886730623493028, 0.9196235422918024, 0.0, 0.24040710099322626, 0.5358225142503512, 0.13511215800995974, 0.24973418411787662, 0.6757753216079794, 0.41319799279302827, 0.21348524868661833, 0.007783488497544067, 0.6179748910085587, 0.6677161222863822, 0.6882014089961589, 0.7924898646164061, 0.7324769585741818, 0.6173186113709938], [0.8748110821937449, 0.9393252102350411, 0.0, 0.23392607020246953, 0.5335952624464988, 0.13741067120881392, 0.16546559676831835, 0.6705592981005866, 0.42463298178097, 0.21762509021922694, 0.007894969482732161, 0.5912246409909352, 0.6360070143790013, 0.6619812438707338, 0.7867122070012617, 0.7138592547348909, 0.608745896977456], [0.3777272362244042, 1.0118840983008452, 0.0, 0.2480730754622168, 0.5599743002400807, 0.13371712080046166, 0.2184528930268911, 0.6764014706487357, 0.4023703378614676, 0.22798054914684518, 0.007448685839370306, 0.5952635423361223, 0.6383144178123835, 0.6683227706368998, 0.7856374057487652, 0.7207664842142437, 0.613005026391826], [0.6938410397390569, 0.9298324444416405, 0.0, 0.2764658770832972, 0.5385021465632864, 0.13337799694373514, 0.2585749735850314, 0.6777390478175531, 0.4043199686177792, 0.2122907808841754, 0.00783923647221818, 0.600968239914849, 0.6371895182374196, 0.6742920234738273, 0.7901712117466165, 0.7109757758490378, 0.6095297397772848], [0.9893380806151955, 1.0017061103091331, 0.0, 0.27808863814128215, 0.5628331550381975, 0.1281039219690852, 0.25507925989001945, 0.6823310003565912, 0.36232422722978974, 0.21464326663180988, 0.0069454663283523566, 0.5773942182185152, 0.6369001047208254, 0.6411832306507923, 0.7770874626068155, 0.7006974368950274, 0.5968181940316649], [0.40023101426824104, 1.0775957578307749, 0.0, 0.28615420958577553, 0.5877038066695026, 0.12057482310352889, 0.29624876639657316, 0.6881718038698441, 0.32082450433478815, 0.2213947672669876, 0.0069454663283523566, 0.5909104209508054, 0.6373239501264706, 0.6578930658861216, 0.7618060189876443, 0.694840236875692, 0.5608856872011617]], "features_2": [[0.25475170530341806, 0.8773014609185512, 0.0, 0.2269932553694934, 0.523443962961812, 0.13630886061100664, 0.2644604330079666, 0.6762642535102542, 0.421540240384777, 0.2068601514814854, 0.008117752083540042, 0.6047479575627639, 0.6551011922304425, 0.6785866819611158, 0.7971532040196663, 0.7221183957976874, 0.6145575612768066], [0.4516946932968553, 0.892099379748261, 0.0, 0.2199009337673723, 0.5219565496708849, 0.13941492322191962, 0.22985843281779808, 0.6713985745116404, 0.43174919167536885, 0.2131351678696498, 0.00783923647221818, 0.6045536628298576, 0.647473458105115, 0.6652450797246012, 0.7978059530696604, 0.7165200126572554, 0.6154723831876852], [0.2906405465857418, 0.9919347386863283, 0.0, 0.24034048545107609, 0.5526221227436858, 0.13663056577680927, 0.26968586333781486, 0.6760719605413337, 0.4210043437988016, 0.23029810719388188, 0.007671947615560004, 0.6011516065500491, 0.6644165808317177, 0.6656334447624646, 0.7991574529921108, 0.7216643801696075, 0.6229478536443749], [0.3732224961681485, 0.935326748889389, 0.0, 0.22544516204260562, 0.5338363685991966, 0.13965103085438546, 0.23341336692854425, 0.6721121201890141, 0.4323530562039497, 0.22294454342561432, 0.008340296057933516, 0.6004616920355825, 0.6711656556238683, 0.696597442752098, 0.8023163610263075, 0.7325206229996095, 0.6227459856831948], [0.20253077567194655, 0.9010112043173312, 0.0, 0.20185145550374392, 0.5220686341463279, 0.14032042703649106, 0.24846819100707762, 0.66916286473765, 0.4369894326110173, 0.21446920268842318, 0.007894969482732161, 0.6108110529039519, 0.6597423480138085, 0.6650269480438942, 0.7922273883531765, 0.7107325259869204, 0.6060704303830082], [0.8990267680627069, 0.9889374501772651, 0.0, 0.22906333253992642, 0.5484692443285225, 0.13916669293520725, 0.23467628009515024, 0.672207866130387, 0.4288137986907614, 0.22920647844858544, 0.007727725548673403, 0.581451834521626, 0.6488389347491392, 0.6519619437494828, 0.7986217633602842, 0.7152299596876776, 0.6264819994999856], [0.4755226893587534, 0.8773038603935194, 0.0, 0.21001769811052268, 0.5185745511941445, 0.1409940484825387, 0.2484718908595866, 0.6701701201540311, 0.4250796017290881, 0.20796743235240456, 0.007727725548673403, 0.6020402765057771, 0.6427594285632698, 0.675623404601913, 0.801179802707239, 0.7184197633035111, 0.6213870067239282], [0.1609466992168751, 1.0317393152454744, 0.0, 0.23880525220729382, 0.567044136977201, 0.1288191841692473, 0.3586898551517422, 0.682146948719826, 0.3779578338837699, 0.22471558894014199, 0.007225183508792421, 0.6118456354456845, 0.6326989882486149, 0.6142262700682257, 0.7726121313782457, 0.6950556138284696, 0.5853110888982275], [0.8355069180018502, 0.9947698137773459, 0.0, 0.2543829584166574, 0.5640212644084478, 0.1280262508058869, 0.48820322060421406, 0.6846721430343667, 0.376405567236342, 0.21177974916469045, 0.007616154688146137, 0.58984547803019, 0.625189839604818, 0.6401633140613355, 0.7774636322869669, 0.7152870092927388, 0.598217610340104]]}