{"labels_1": ["1", "2", "3", "4", "5", "6", "7", "8", "9"], "labels_2": ["1", "2", "3", "4", "5", "6", "7", "8", "9"], "adj_matrix_1": [[0.0, 0.27539, 0.21846, 0.14976, 0.33423, 0.3409, 0.32497, 0.33099, 0.3317], [0.27539, 0.0, 0.07723, 0.15136, 0.22484, 0.1611, 0.09732, 0.23171, 0.11747], [0.21846, 0.07723, 0.0, 0.0782, 0.26823, 0.22179, 0.16776, 0.27241, 0.18541], [0.14976, 0.15136, 0.0782, 0.0, 0.30031, 0.27243, 0.23054, 0.30177, 0.24483], [0.33423, 0.22484, 0.26823, 0.30031, 0.0, 0.08845, 0.15206, 0.01251, 0.13362], [0.3409, 0.1611, 0.22179, 0.27243, 0.08845, 0.0, 0.07084, 0.10005, 0.04969], [0.32497, 0.09732, 0.16776, 0.23054, 0.15206, 0.07084, 0.0, 0.16201, 0.02164], [0.33099, 0.23171, 0.27241, 0.30177, 0.01251, 0.10005, 0.16201, 0.0, 0.14416], [0.3317, 0.11747, 0.18541, 0.24483, 0.13362, 0.04969, 0.02164, 0.14416, 0.0]], "adj_matrix_2": [[0.0, 0.04763, 0.25803, 0.08408, 0.10921, 0.13537, 0.08408, 0.07501, 0.26338], [0.04763, 0.0, 0.29111, 0.1301, 0.06249, 0.17926, 0.13011, 0.12136, 0.29572], [0.25803, 0.29111, 0.0, 0.19147, 0.32966, 0.14452, 0.19146, 0.19897, 0.00811], [0.08408, 0.1301, 0.19147, 0.0, 0.18808, 0.05343, 1e-05, 0.00919, 0.19805], [0.10921, 0.06249, 0.32966, 0.18808, 0.0, 0.2336, 0.18809, 0.17994, 0.33325], [0.13537, 0.17926, 0.14452, 0.05343, 0.2336, 0.0, 0.05342, 0.06249, 0.15175], [0.08408, 0.13011, 0.19146, 1e-05, 0.18809, 0.05342, 0.0, 0.0092, 0.19804], [0.07501, 0.12136, 0.19897, 0.00919, 0.17994, 0.06249, 0.0092, 0.0, 0.20547], [0.26338, 0.29572, 0.00811, 0.19805, 0.33325, 0.15175, 0.19804, 0.20547, 0.0]], "features_1": [[-8.063402573244005e-05, 0.8194981056957037, 0.0, 0.22515225738311206, 0.5105484946846582, 0.1349128831035431, 0.26480934237521864, 0.676280167394454, 0.41571017195507043, 0.19289460551884052, 0.007560346756364078, 0.6280199321555375, 0.6595596155987005, 0.6856155689918751, 0.7915674630551391, 0.7329433757681424, 0.6153801177743767], [0.26661225524373044, 0.9223621041396135, 0.0, 0.20057791475574693, 0.5314629057153538, 0.13608108003624045, 0.16955021583480773, 0.6720149440906005, 0.42239019403338807, 0.2166927989292058, 0.008117752083540042, 0.609605089203539, 0.6455619788425219, 0.6804675769894486, 0.7838619669901116, 0.7151476614978312, 0.6059806928554509], [0.1337000676311182, 0.9695806069360137, 0.0, 0.23347448589915518, 0.5490496087566593, 0.13421705604541648, 0.23761026370926075, 0.676182780901676, 0.4084768519315114, 0.2217790591665212, 0.007560346756364078, 0.6097872543495022, 0.6387816033373535, 0.6621627534199482, 0.7878138056363222, 0.7291367729707156, 0.6126927551248759], [0.02886730623493028, 0.9196235422918024, 0.0, 0.24040710099322626, 0.5358225142503512, 0.13511215800995974, 0.24973418411787662, 0.6757753216079794, 0.41319799279302827, 0.21348524868661833, 0.007783488497544067, 0.6179748910085587, 0.6677161222863822, 0.6882014089961589, 0.7924898646164061, 0.7324769585741818, 0.6173186113709938], [0.8748110821937449, 0.9393252102350411, 0.0, 0.23392607020246953, 0.5335952624464988, 0.13741067120881392, 0.16546559676831835, 0.6705592981005866, 0.42463298178097, 0.21762509021922694, 0.007894969482732161, 0.5912246409909352, 0.6360070143790013, 0.6619812438707338, 0.7867122070012617, 0.7138592547348909, 0.608745896977456], [0.3777272362244042, 1.0118840983008452, 0.0, 0.2480730754622168, 0.5599743002400807, 0.13371712080046166, 0.2184528930268911, 0.6764014706487357, 0.4023703378614676, 0.22798054914684518, 0.007448685839370306, 0.5952635423361223, 0.6383144178123835, 0.6683227706368998, 0.7856374057487652, 0.7207664842142437, 0.613005026391826], [0.6938410397390569, 0.9298324444416405, 0.0, 0.2764658770832972, 0.5385021465632864, 0.13337799694373514, 0.2585749735850314, 0.6777390478175531, 0.4043199686177792, 0.2122907808841754, 0.00783923647221818, 0.600968239914849, 0.6371895182374196, 0.6742920234738273, 0.7901712117466165, 0.7109757758490378, 0.6095297397772848], [0.9893380806151955, 1.0017061103091331, 0.0, 0.27808863814128215, 0.5628331550381975, 0.1281039219690852, 0.25507925989001945, 0.6823310003565912, 0.36232422722978974, 0.21464326663180988, 0.0069454663283523566, 0.5773942182185152, 0.6369001047208254, 0.6411832306507923, 0.7770874626068155, 0.7006974368950274, 0.5968181940316649], [0.40023101426824104, 1.0775957578307749, 0.0, 0.28615420958577553, 0.5877038066695026, 0.12057482310352889, 0.29624876639657316, 0.6881718038698441, 0.32082450433478815, 0.2213947672669876, 0.0069454663283523566, 0.5909104209508054, 0.6373239501264706, 0.6578930658861216, 0.7618060189876443, 0.694840236875692, 0.5608856872011617]], "features_2": [[-0.2455550667799753, 0.7057833364442436, 0.0, 0.21378233257110585, 0.47580563634091805, 0.1387160818582631, 0.3796916686642007, 0.6777587688317956, 0.4342559395184944, 0.1742801038121189, 0.007950687539111767, 0.6394945277623898, 0.6987933515729323, 0.7151147832545686, 0.8161369750572973, 0.7456957660883353, 0.6124571940895487], [-0.3054031062022764, 0.8268249764731831, 0.0, 0.18995818326030628, 0.5144637672999678, 0.13569539415906662, 0.428719889629145, 0.6812214418693665, 0.4122152827099359, 0.1972309012298057, 0.007504523810135222, 0.6308544590999472, 0.6913628581598108, 0.7080930142443432, 0.811406368061261, 0.7256790277879855, 0.5856987340034138], [-0.1792669466846597, 0.8412364565195944, 0.0, 0.2059507566985386, 0.515058484499614, 0.1388876185147796, 0.36337602943576075, 0.6771636637791748, 0.4317596342882426, 0.20451921853003485, 0.00783923647221818, 0.6244777349208204, 0.6888073285692015, 0.7133274861928571, 0.8142449197339467, 0.7232333932674557, 0.6143939413476254], [-0.15399186943531928, 0.7619889515949988, 0.0, 0.19924423302824734, 0.48915612904683337, 0.14181501714409006, 0.33046920430959403, 0.6738663758299765, 0.4462504418858353, 0.18968844171136912, 0.007894969482732161, 0.6302759394290982, 0.6882054530008214, 0.7188965097753307, 0.819502511094888, 0.7340701705534491, 0.6311985725621309], [-0.2094323647782237, 0.9115320177003445, 0.0, 0.20102778241313324, 0.5454564968490666, 0.12942437941153065, 0.4880221491717286, 0.6862425008707151, 0.3759695864114341, 0.20680783181122409, 0.007504523810135222, 0.6271540434123017, 0.6792089460555627, 0.6906476725823175, 0.801779447344431, 0.7287118280754218, 0.5731818936952798], [-0.1707300947518866, 0.8989405849327886, 0.0, 0.19724405537327738, 0.5308537545732265, 0.13685936664815312, 0.3746683949702067, 0.6790799180389675, 0.41850238531190254, 0.21369933625878468, 0.007616154688146137, 0.6230211195646911, 0.6820366984378541, 0.7092875546191753, 0.8100040271627656, 0.7470469825753339, 0.6079520445004979], [0.19263902636365549, 0.7784544107414221, 0.0, 0.23518082648124675, 0.48400552754810466, 0.14673610563399203, 0.2601188295467104, 0.6670970176781638, 0.4910160644588364, 0.19901924958132144, 0.008784670673857464, 0.6301812406005554, 0.6708099596260924, 0.7053403048051703, 0.8208021431265167, 0.7435867057332646, 0.6330784337554484], [-0.17578256424115413, 1.0715637428285059, 0.0, 0.25611381642016523, 0.5924772191965603, 0.11792888592922927, 0.4543132060031837, 0.690789804420505, 0.30359457493329245, 0.21989671921222675, 0.00683347364535547, 0.6121022606508468, 0.6581873753497792, 0.6646421188814764, 0.7681935388986094, 0.6936878668910509, 0.5467447317862354], [-0.16334838723125955, 0.8936401124998689, 0.0, 0.20293979398524015, 0.5393888383162863, 0.1265810953908973, 0.42696459796118374, 0.6866359509390456, 0.35779776571325916, 0.19954184709967682, 0.00716927026363523, 0.6087738915786098, 0.6652923185223729, 0.7007362228233021, 0.7904314202184901, 0.7129202751769966, 0.5814729926127753]]}