{"labels_1": ["1", "2", "3", "4", "5", "6", "7", "8", "9"], "labels_2": ["1", "2", "3", "4", "5", "6", "7", "8", "9"], "adj_matrix_1": [[0.0, 0.27539, 0.21846, 0.14976, 0.33423, 0.3409, 0.32497, 0.33099, 0.3317], [0.27539, 0.0, 0.07723, 0.15136, 0.22484, 0.1611, 0.09732, 0.23171, 0.11747], [0.21846, 0.07723, 0.0, 0.0782, 0.26823, 0.22179, 0.16776, 0.27241, 0.18541], [0.14976, 0.15136, 0.0782, 0.0, 0.30031, 0.27243, 0.23054, 0.30177, 0.24483], [0.33423, 0.22484, 0.26823, 0.30031, 0.0, 0.08845, 0.15206, 0.01251, 0.13362], [0.3409, 0.1611, 0.22179, 0.27243, 0.08845, 0.0, 0.07084, 0.10005, 0.04969], [0.32497, 0.09732, 0.16776, 0.23054, 0.15206, 0.07084, 0.0, 0.16201, 0.02164], [0.33099, 0.23171, 0.27241, 0.30177, 0.01251, 0.10005, 0.16201, 0.0, 0.14416], [0.3317, 0.11747, 0.18541, 0.24483, 0.13362, 0.04969, 0.02164, 0.14416, 0.0]], "adj_matrix_2": [[0.0, 0.00141, 0.04612, 0.15852, 0.17873, 0.01276, 0.18028, 0.13083, 0.05371], [0.00141, 0.0, 0.0475, 0.15973, 0.17765, 0.01135, 0.18144, 0.13211, 0.0551], [0.04612, 0.0475, 0.0, 0.11694, 0.21194, 0.05869, 0.14038, 0.08759, 0.00775], [0.15852, 0.15973, 0.11694, 0.0, 0.27774, 0.16943, 0.02537, 0.03083, 0.10969], [0.17873, 0.17765, 0.21194, 0.27774, 0.0, 0.1687, 0.288, 0.26333, 0.21684], [0.01276, 0.01135, 0.05869, 0.16943, 0.1687, 0.0, 0.19072, 0.14236, 0.06626], [0.18028, 0.18144, 0.14038, 0.02537, 0.288, 0.19072, 0.0, 0.05601, 0.13338], [0.13083, 0.13211, 0.08759, 0.03083, 0.26333, 0.14236, 0.05601, 0.0, 0.08013], [0.05371, 0.0551, 0.00775, 0.10969, 0.21684, 0.06626, 0.13338, 0.08013, 0.0]], "features_1": [[-8.063402573244005e-05, 0.8194981056957037, 0.0, 0.22515225738311206, 0.5105484946846582, 0.1349128831035431, 0.26480934237521864, 0.676280167394454, 0.41571017195507043, 0.19289460551884052, 0.007560346756364078, 0.6280199321555375, 0.6595596155987005, 0.6856155689918751, 0.7915674630551391, 0.7329433757681424, 0.6153801177743767], [0.26661225524373044, 0.9223621041396135, 0.0, 0.20057791475574693, 0.5314629057153538, 0.13608108003624045, 0.16955021583480773, 0.6720149440906005, 0.42239019403338807, 0.2166927989292058, 0.008117752083540042, 0.609605089203539, 0.6455619788425219, 0.6804675769894486, 0.7838619669901116, 0.7151476614978312, 0.6059806928554509], [0.1337000676311182, 0.9695806069360137, 0.0, 0.23347448589915518, 0.5490496087566593, 0.13421705604541648, 0.23761026370926075, 0.676182780901676, 0.4084768519315114, 0.2217790591665212, 0.007560346756364078, 0.6097872543495022, 0.6387816033373535, 0.6621627534199482, 0.7878138056363222, 0.7291367729707156, 0.6126927551248759], [0.02886730623493028, 0.9196235422918024, 0.0, 0.24040710099322626, 0.5358225142503512, 0.13511215800995974, 0.24973418411787662, 0.6757753216079794, 0.41319799279302827, 0.21348524868661833, 0.007783488497544067, 0.6179748910085587, 0.6677161222863822, 0.6882014089961589, 0.7924898646164061, 0.7324769585741818, 0.6173186113709938], [0.8748110821937449, 0.9393252102350411, 0.0, 0.23392607020246953, 0.5335952624464988, 0.13741067120881392, 0.16546559676831835, 0.6705592981005866, 0.42463298178097, 0.21762509021922694, 0.007894969482732161, 0.5912246409909352, 0.6360070143790013, 0.6619812438707338, 0.7867122070012617, 0.7138592547348909, 0.608745896977456], [0.3777272362244042, 1.0118840983008452, 0.0, 0.2480730754622168, 0.5599743002400807, 0.13371712080046166, 0.2184528930268911, 0.6764014706487357, 0.4023703378614676, 0.22798054914684518, 0.007448685839370306, 0.5952635423361223, 0.6383144178123835, 0.6683227706368998, 0.7856374057487652, 0.7207664842142437, 0.613005026391826], [0.6938410397390569, 0.9298324444416405, 0.0, 0.2764658770832972, 0.5385021465632864, 0.13337799694373514, 0.2585749735850314, 0.6777390478175531, 0.4043199686177792, 0.2122907808841754, 0.00783923647221818, 0.600968239914849, 0.6371895182374196, 0.6742920234738273, 0.7901712117466165, 0.7109757758490378, 0.6095297397772848], [0.9893380806151955, 1.0017061103091331, 0.0, 0.27808863814128215, 0.5628331550381975, 0.1281039219690852, 0.25507925989001945, 0.6823310003565912, 0.36232422722978974, 0.21464326663180988, 0.0069454663283523566, 0.5773942182185152, 0.6369001047208254, 0.6411832306507923, 0.7770874626068155, 0.7006974368950274, 0.5968181940316649], [0.40023101426824104, 1.0775957578307749, 0.0, 0.28615420958577553, 0.5877038066695026, 0.12057482310352889, 0.29624876639657316, 0.6881718038698441, 0.32082450433478815, 0.2213947672669876, 0.0069454663283523566, 0.5909104209508054, 0.6373239501264706, 0.6578930658861216, 0.7618060189876443, 0.694840236875692, 0.5608856872011617]], "features_2": [[0.18642626960828146, 0.806310073008187, 0.0, 0.232570855906383, 0.5113289673372274, 0.13756830975108414, 0.3188557829974862, 0.6771461892798705, 0.43110179572805296, 0.19200680203180176, 0.008006390651371653, 0.6159659337531946, 0.6768566922142364, 0.6808786319488064, 0.8083684363738396, 0.7344932071906299, 0.6313091525865671], [-0.005075752977328207, 0.8173438961263012, 0.0, 0.2158694022382185, 0.5136996585636915, 0.1372756382450132, 0.3282908562750201, 0.6777151328074328, 0.4266051422100543, 0.19598234980423856, 0.00783923647221818, 0.6125425665311446, 0.6814944656763854, 0.7070830303072477, 0.8089456938080003, 0.7282252926939831, 0.6157496895172662], [0.24487837513235444, 0.9306774864673725, 0.0, 0.22882464239994849, 0.545436760277443, 0.13729569528249932, 0.3436139625892004, 0.6782688610623221, 0.4389457422792582, 0.21916389391017055, 0.008117752083540042, 0.6129531273031086, 0.6730827065238995, 0.6878681096260826, 0.8110404010097595, 0.7324569769355801, 0.6250781743925116], [-0.03576397798484221, 0.9438273996095156, 0.0, 0.21214515616691876, 0.5379171547819858, 0.14108590116961392, 0.24852513765798107, 0.6708428841792717, 0.45246270056553617, 0.22752557544187746, 0.008062078829516484, 0.6301250128852456, 0.6749467986989707, 0.691271202938378, 0.8057555355167231, 0.7156357180660946, 0.6270613010742663], [0.2086216334398001, 0.8582304276418999, 0.0, 0.2070669781398051, 0.522273051549144, 0.13588471130748175, 0.30643806698151865, 0.6780657075961313, 0.4215139030206936, 0.2029735616976629, 0.007950687539111767, 0.607942358104689, 0.6717946900470992, 0.7020724654945919, 0.8026298062782713, 0.7252516904385558, 0.6076643935585101], [0.4506751905892754, 1.012561647576919, 0.0, 0.24220749548141357, 0.5605873285804416, 0.137008611100855, 0.2968898281998854, 0.6768544975036497, 0.43874086316629257, 0.23386898142770063, 0.007727725548673403, 0.6062604962281748, 0.6645166924932547, 0.6881976178187784, 0.8043469542418172, 0.7345290080196267, 0.6162820629463782], [0.004724073666963591, 1.0104650595511215, 0.0, 0.23833122576369944, 0.5520872619765781, 0.1359153540056108, 0.2422891839534728, 0.6750847193860372, 0.41948468863556987, 0.2374013552367169, 0.008173410423425675, 0.6184953781538682, 0.6585802989889923, 0.6978171105072536, 0.7931104874398829, 0.7176363492455717, 0.6043759491524533], [0.11545549990313209, 1.0359162744113553, 0.0, 0.19049311857926823, 0.5736867260482115, 0.12552483891413635, 0.3076060339256891, 0.6854457232766409, 0.3437432437074104, 0.22039610161441714, 0.007057398507269275, 0.6034609653997984, 0.6372793320495153, 0.6489458040021878, 0.777056242736505, 0.6905759131931284, 0.573682041166906], [0.02899562956586621, 1.1036732913876723, 0.0, 0.19861035473440256, 0.588346018928978, 0.12433416449915835, 0.2519389630742488, 0.6852713196741315, 0.3353611207880909, 0.23313484837571297, 0.006889477554966383, 0.6076924882715073, 0.6486121647825327, 0.6671017029055624, 0.7674825175403228, 0.6824223902186868, 0.5651567549369332]]}