{"labels_1": ["1", "2", "3", "4", "5", "6", "7", "8", "9"], "labels_2": ["1", "2", "3", "4", "5", "6", "7", "8", "9"], "adj_matrix_1": [[0.0, 0.11321, 0.147, 0.07806, 0.2952, 0.21727, 0.06803, 0.10941, 0.12465], [0.11321, 0.0, 0.24361, 0.03659, 0.24487, 0.11971, 0.1756, 0.21181, 0.2248], [0.147, 0.24361, 0.0, 0.21543, 0.3269, 0.31393, 0.08179, 0.03972, 0.02377], [0.07806, 0.03659, 0.21543, 0.0, 0.26363, 0.15271, 0.14306, 0.18138, 0.19527], [0.2952, 0.24487, 0.3269, 0.26363, 0.0, 0.16151, 0.31362, 0.32157, 0.32383], [0.21727, 0.11971, 0.31393, 0.15271, 0.16151, 0.0, 0.26563, 0.29192, 0.30103], [0.06803, 0.1756, 0.08179, 0.14306, 0.31362, 0.26563, 0.0, 0.0425, 0.05837], [0.10941, 0.21181, 0.03972, 0.18138, 0.32157, 0.29192, 0.0425, 0.0, 0.016], [0.12465, 0.2248, 0.02377, 0.19527, 0.32383, 0.30103, 0.05837, 0.016, 0.0]], "adj_matrix_2": [[0.0, 0.31408, 0.20292, 0.25266, 0.27654, 0.34261, 0.05341, 0.02259, 0.20636], [0.31408, 0.0, 0.20306, 0.13601, 0.09288, 0.12161, 0.30304, 0.31558, 0.11568], [0.20292, 0.20306, 0.0, 0.07649, 0.11999, 0.29509, 0.16268, 0.21745, 0.1659], [0.25266, 0.13601, 0.07649, 0.0, 0.04541, 0.24309, 0.22224, 0.26258, 0.14723], [0.27654, 0.09288, 0.11999, 0.04541, 0.0, 0.20653, 0.25241, 0.2837, 0.1364], [0.34261, 0.12161, 0.29509, 0.24309, 0.20653, 0.0, 0.34778, 0.33759, 0.09234], [0.05341, 0.30304, 0.16268, 0.22224, 0.25241, 0.34778, 0.0, 0.07528, 0.20116], [0.02259, 0.31558, 0.21745, 0.26258, 0.2837, 0.33759, 0.07528, 0.0, 0.20691], [0.20636, 0.11568, 0.1659, 0.14723, 0.1364, 0.09234, 0.20116, 0.20691, 0.0]], "features_1": [[0.0045628426588226745, 0.7420951384010896, 0.0, 0.20656881398649768, 0.4856881851828809, 0.1389585689263356, 0.24474900056191232, 0.6722119032327529, 0.4272382077782555, 0.1820758269766931, 0.008006390651371653, 0.6221747154596338, 0.6633321135445767, 0.7002183456481779, 0.8011804259201298, 0.7104308428527698, 0.6234907121646419], [0.18513119027252367, 0.7887564747562477, 0.0, 0.20711206007419092, 0.5022561047161866, 0.13584906569771438, 0.2958862406973658, 0.6760918396627271, 0.41757583523172626, 0.18937032109216467, 0.008173410423425675, 0.6089353074348436, 0.6575726201029946, 0.6825524582291889, 0.7968884072451061, 0.7173997845897709, 0.601852524354685], [-0.05651590185366562, 0.883112047901351, 0.0, 0.21276681620725976, 0.5270224551073591, 0.136923624532117, 0.24335501413759672, 0.6741107008713859, 0.420108408716354, 0.2116442070706297, 0.00822905385914674, 0.6289152129088387, 0.6489704563606581, 0.6735176177706642, 0.7956420899780786, 0.7147855921171444, 0.6128787367833772], [0.09154390688531144, 0.8254878657245884, 0.0, 0.217630161602268, 0.505995276582737, 0.1412596466140323, 0.19457283947042542, 0.6678861007622321, 0.444760213966809, 0.2031615321046043, 0.008117752083540042, 0.6208827347641703, 0.6582377741725343, 0.6800137835306533, 0.800363951864058, 0.7144130333356661, 0.6294697022059293], [0.5701500213117918, 0.7992949141475916, 0.0, 0.26785440101330527, 0.5022992996629652, 0.1375612523598852, 0.25988165535876107, 0.6734827541581783, 0.43591960991057066, 0.1934373555725748, 0.008117752083540042, 0.5953312415081631, 0.6602894475201176, 0.6833762906671047, 0.796417576876092, 0.7287352037557826, 0.608441776264042], [0.2938420701263955, 0.9307703782754236, 0.0, 0.20874972909302517, 0.5366717291430645, 0.1377545266332639, 0.24181948737393172, 0.6725835690818946, 0.41562617321082596, 0.21881116247055687, 0.007950687539111767, 0.6010620005385046, 0.6628611561298162, 0.6720616794508765, 0.7940680847325864, 0.7326007223471541, 0.6103039966155339], [0.041535690363890154, 0.8687823934970673, 0.0, 0.21234692948730782, 0.516123721349615, 0.13910684475974852, 0.2067153219757003, 0.669950646639236, 0.4135112978135558, 0.20708502646364102, 0.007783488497544067, 0.6261805092998425, 0.6580007006792427, 0.680180605662528, 0.7945462052187152, 0.721639375056938, 0.620295563196076], [0.0934663688617916, 0.8897971975132455, 0.0, 0.2299271523314552, 0.5263956543796948, 0.1336753018259283, 0.18776621831189502, 0.6751864271595512, 0.40659361462731414, 0.20958717414557637, 0.008117752083540042, 0.6247710250183733, 0.6315590545211589, 0.6496475156510367, 0.7799744710556147, 0.7102357992253777, 0.5924391733700052], [-0.3138820564563547, 0.9336677243275926, 0.0, 0.22600161548039044, 0.5436296696449978, 0.12891206430603336, 0.20738593738136615, 0.6802807824552947, 0.369662384104833, 0.21313591441992608, 0.007448685839370306, 0.6212204095491003, 0.6400663059051656, 0.66180672883197, 0.7714344580412614, 0.6989747342820117, 0.5906360206770678]], "features_2": [[0.499493100270723, 0.6317196286531586, 0.0, 0.27775216366560196, 0.4540589921695957, 0.14401394598936193, 0.33269542889958215, 0.670859849270687, 0.47840042619288226, 0.16169238246305806, 0.008618141428105908, 0.6072956877070057, 0.6656324532691423, 0.7078224241215914, 0.8207978491325715, 0.7245656307739222, 0.6533999134792929], [-0.1968082329945453, 0.6897497626650039, 0.0, 0.2945122681895287, 0.4700591116285878, 0.1443832015751082, 0.29386055889487894, 0.6689022999999574, 0.48017150235817985, 0.178283603733157, 0.008284682400665488, 0.6349875390453197, 0.6609993418506812, 0.6791589821300282, 0.8141459549616304, 0.7194188668167794, 0.6452682547821972], [0.05458670317673908, 0.7314560359562663, 0.0, 0.2720588234019923, 0.4893800028046644, 0.14375534054194564, 0.38224528439845284, 0.6713382245513022, 0.4692200121177552, 0.18608932983673498, 0.00839589484089287, 0.6244680643955176, 0.6904328215653637, 0.733537929837714, 0.8177251120078335, 0.7387031827186576, 0.6495796194042939], [0.014079949838352146, 0.6995949612349736, 0.0, 0.2279928960089667, 0.4784821002300864, 0.14475066759008826, 0.3772306397999479, 0.6721541477470291, 0.4669919631810817, 0.17843068595359757, 0.008062078829516484, 0.6282604370483669, 0.7028859811690028, 0.7344005878454806, 0.8285699193926263, 0.7380469572174785, 0.655005306998681], [-0.32560146162921155, 0.7287007854467038, 0.0, 0.23131101098985532, 0.48335224462547516, 0.14157375010854772, 0.32108220950659644, 0.6725158132978513, 0.45504218301930877, 0.18595473592052647, 0.00839589484089287, 0.6285275295765778, 0.677971760255629, 0.7099467356954039, 0.8108573682894996, 0.7264481790980345, 0.6446521654321474], [-0.2604212240574153, 0.7423945095886056, 0.0, 0.2381354414859257, 0.49255563156006865, 0.14294263635221874, 0.4007790453201373, 0.6728721439653816, 0.45521063169954834, 0.18852794729860434, 0.008284682400665488, 0.6420726309260143, 0.6949503329477545, 0.7129790074940515, 0.8178383850486308, 0.7287405142415169, 0.6478798220209723], [0.2897741558104072, 0.7080480889058821, 0.0, 0.22121105890905796, 0.4746896185974758, 0.1434432588296676, 0.36063654656388167, 0.6722953628993695, 0.46001513302057795, 0.1772114951895396, 0.008173410423425675, 0.616558959849673, 0.6695299889832874, 0.7079704761549879, 0.8234384991147, 0.734111984261866, 0.6495451521898743], [0.3533860717177033, 0.838593189734646, 0.0, 0.2166020950019455, 0.516734963822025, 0.13392895736965932, 0.35961107281941623, 0.6794540908481812, 0.384468023508985, 0.19409052035935304, 0.007504523810135222, 0.5900383426834759, 0.6554707560075, 0.6848890691130104, 0.7965951348743432, 0.7056279544902364, 0.607654172872117], [1.010411335316217, 0.7494915804336588, 0.0, 0.23084087107050819, 0.48751935519341627, 0.13802522904698294, 0.33206163409026035, 0.6756851014789211, 0.4095380229296066, 0.17650440636864984, 0.007727725548673403, 0.5832244365077415, 0.6524622628865724, 0.6851589102062381, 0.8066265821323931, 0.7513847212109493, 0.6265421756674918]]}