{"labels_1": ["1", "2", "3", "4", "5", "6", "7", "8", "9"], "labels_2": ["1", "2", "3", "4", "5", "6", "7", "8", "9"], "adj_matrix_1": [[0.0, 0.19819, 0.1069, 0.01987, 0.00644, 0.09305, 0.10399, 0.30158, 0.26188], [0.19819, 0.0, 0.10174, 0.21413, 0.19288, 0.2686, 0.27619, 0.19371, 0.09273], [0.1069, 0.10174, 0.0, 0.12571, 0.10075, 0.19249, 0.20217, 0.25749, 0.18413], [0.01987, 0.21413, 0.12571, 0.0, 0.02629, 0.07366, 0.08475, 0.30736, 0.27392], [0.00644, 0.19288, 0.10075, 0.02629, 0.0, 0.09928, 0.11018, 0.29956, 0.25784], [0.09305, 0.2686, 0.19249, 0.07366, 0.09928, 0.0, 0.01131, 0.32359, 0.31295], [0.10399, 0.27619, 0.20217, 0.08475, 0.11018, 0.01131, 0.0, 0.32539, 0.31813], [0.30158, 0.19371, 0.25749, 0.30736, 0.29956, 0.32359, 0.32539, 0.0, 0.1171], [0.26188, 0.09273, 0.18413, 0.27392, 0.25784, 0.31295, 0.31813, 0.1171, 0.0]], "adj_matrix_2": [[0.0, 0.10946, 0.01361, 0.21496, 0.11094, 0.07732, 0.23017, 0.089, 0.14994], [0.10946, 0.0, 0.09621, 0.11388, 0.00155, 0.03287, 0.13129, 0.02098, 0.04254], [0.01361, 0.09621, 0.0, 0.20308, 0.09773, 0.0639, 0.21863, 0.07566, 0.13714], [0.21496, 0.11388, 0.20308, 0.0, 0.11239, 0.14498, 0.01839, 0.13377, 0.07248], [0.11094, 0.00155, 0.09773, 0.11239, 0.0, 0.03442, 0.12983, 0.02253, 0.04101], [0.07732, 0.03287, 0.0639, 0.14498, 0.03442, 0.0, 0.16185, 0.01192, 0.07512], [0.23017, 0.13129, 0.21863, 0.01839, 0.12983, 0.16185, 0.0, 0.15086, 0.09043], [0.089, 0.02098, 0.07566, 0.13377, 0.02253, 0.01192, 0.15086, 0.0, 0.06337], [0.14994, 0.04254, 0.13714, 0.07248, 0.04101, 0.07512, 0.09043, 0.06337, 0.0]], "features_1": [[0.018139403099572515, 0.833562813173857, 0.0, 0.23958785616140904, 0.5187381139739, 0.133765070231328, 0.30886453722037643, 0.6790087217065319, 0.4024334720047915, 0.19558024175520927, 0.007392832833969631, 0.6200921507221131, 0.6579467290469033, 0.680638511030709, 0.7955080322940916, 0.7118327298461753, 0.6211381684067804], [0.2725234148773419, 0.8084543028010885, 0.0, 0.23536415200881164, 0.5050013318187512, 0.13837125036744505, 0.30267050025590125, 0.6736533188755399, 0.4239522244806728, 0.19289185742361625, 0.007783488497544067, 0.6084029178227293, 0.6688253739749063, 0.6938648449195683, 0.8010612798934091, 0.7216522358673471, 0.6410311912310582], [-0.14627424515567888, 0.9625768607097767, 0.0, 0.22466388416989913, 0.5497949733485389, 0.13535959777965217, 0.29338744903309644, 0.6767810177934925, 0.41260997561443613, 0.2258791500197732, 0.007671947615560004, 0.6197018811463342, 0.6486407690971298, 0.6917309503274821, 0.7950358774579164, 0.7091973916843142, 0.6298418344821911], [-0.18776888810746506, 0.907025208719389, 0.0, 0.19469675633113956, 0.5331403667712984, 0.1376237539960617, 0.25065816338446256, 0.6739418380909635, 0.42934818266365915, 0.21915871988938607, 0.008062078829516484, 0.6239573602009147, 0.6681736116364534, 0.7047915010896041, 0.7982378222563979, 0.6945179462305997, 0.6300870647100195], [-0.09222539899532389, 0.8658810984811347, 0.0, 0.24249970586363334, 0.5201459258968764, 0.13738962369858937, 0.28927150479446195, 0.674592154469025, 0.4240099900292613, 0.206687552481156, 0.007894969482732161, 0.6201798802988465, 0.6587908021194525, 0.6760667625848654, 0.7989052358069807, 0.7150586870109277, 0.6153354276202398], [-0.3107926116701507, 0.9560286802714564, 0.0, 0.1973180761742065, 0.5450077181534841, 0.13857262886650795, 0.2558794258563644, 0.6733649240304693, 0.43461338436844876, 0.23066517756682514, 0.00822905385914674, 0.6331976677702924, 0.673720143751273, 0.6999741586932852, 0.8008438352087133, 0.7059605419850641, 0.6429265777422443], [-0.35793713581213904, 0.9647253366855433, 0.0, 0.1693702817337501, 0.5460925642681289, 0.13630452360131298, 0.24336607655363524, 0.6756255607921476, 0.406475988605866, 0.22849679574129378, 0.007894969482732161, 0.6327505716436383, 0.680594915278099, 0.7207635286669164, 0.7948062063724908, 0.7248406104848019, 0.6126569092575959], [0.5127401927924766, 1.0513273383555617, 0.0, 0.25414039434215735, 0.5797286158597273, 0.12732002365628045, 0.3353053347036514, 0.6842247916183903, 0.37596419874113085, 0.22653882803471181, 0.007616154688146137, 0.5948117928546497, 0.6444541544713981, 0.6594188347280322, 0.7845459478809305, 0.7121920784979241, 0.5834384471005353], [0.631410113668383, 1.0273101543795486, 0.0, 0.24095551159718231, 0.5699948375775281, 0.13094135157481168, 0.2632287344964247, 0.6804080437554283, 0.38678420294638527, 0.22815770592705809, 0.007671947615560004, 0.5922720999212681, 0.6290208199712435, 0.6585052957005323, 0.7846346162383696, 0.7070462135379606, 0.6154273852985559]], "features_2": [[-0.2130723940128374, 0.7720694378826604, 0.0, 0.18232935323456986, 0.473153878652347, 0.14692184693808102, 0.19126731444846926, 0.660001803182222, 0.48859365325905024, 0.20016259213871956, 0.008451478759474051, 0.6500027112122924, 0.665658157951231, 0.6925557270457348, 0.8055972510472764, 0.7369431419103689, 0.6212802862450248], [-0.2975078618056952, 0.8360286520159974, 0.0, 0.17729866441125774, 0.4857318829644832, 0.15238910747369747, 0.16877600048628735, 0.6517073654041565, 0.5300842284588503, 0.2225869243899441, 0.008895616178821175, 0.6482088871386553, 0.6696950287929405, 0.7021997932057878, 0.8100670845570191, 0.7140882407354856, 0.6302823623932338], [-0.2261076472076815, 0.9116415736967913, 0.0, 0.19936517454031238, 0.5126737043732262, 0.14660997820268717, 0.21757118048355722, 0.6609436218299202, 0.4892160144291353, 0.2318635203902395, 0.008451478759474051, 0.6462265671602823, 0.6717777117931014, 0.6906980747896267, 0.8039209772222848, 0.7186089203137481, 0.6240535293773691], [-0.027610683114736023, 0.8576909166686767, 0.0, 0.2078613704511192, 0.5003654335844375, 0.14553573325586208, 0.23330772038684416, 0.6634863732440877, 0.47431996739049387, 0.2183404395205768, 0.008117752083540042, 0.6332450968856493, 0.6720698875546267, 0.6987952336244826, 0.8083370505311801, 0.7266443380712726, 0.6233784823946651], [-0.3767589084969134, 0.9022772265171688, 0.0, 0.1882126834824025, 0.5069515572702267, 0.15009036317792743, 0.23887756565988383, 0.6566637013896047, 0.5021713218678274, 0.23511126264061288, 0.008673665988278678, 0.6503447998549075, 0.6746653504879561, 0.7135470010658712, 0.8067652502741399, 0.7140860495627269, 0.6328304240328027], [-0.2832366151897183, 0.9732315677784953, 0.0, 0.21794310747009296, 0.5334119226758653, 0.14383069255455766, 0.28137325163024085, 0.6667905988585521, 0.47074263023596075, 0.24226834717884138, 0.008673665988278678, 0.6459237300762664, 0.666956643044335, 0.704647728998114, 0.8041760424336155, 0.7199332756803043, 0.6265825056463524], [-0.12058347745135478, 0.9160288385214204, 0.0, 0.23840127870209152, 0.5132361106253085, 0.14706825599019194, 0.30601537682742685, 0.6631112183551235, 0.4688981263631138, 0.2312361095321065, 0.008562602043175715, 0.643033408100409, 0.6781403535396147, 0.7070500857289367, 0.809203070009575, 0.7319220564804138, 0.6290341932467451], [-0.14136302877095153, 1.041559328267112, 0.0, 0.23787085003061523, 0.5555624452673195, 0.13651939530355287, 0.46321464832926224, 0.6761241830868171, 0.40156458594722766, 0.2408681201247198, 0.007783488497544067, 0.6271181545609892, 0.6542706072802925, 0.6849427841649569, 0.7888980948910448, 0.7211734792236011, 0.5977714478592251], [-0.11669051853722134, 1.0503820523873522, 0.0, 0.26103989685026596, 0.5596251356479435, 0.13526976372690913, 0.46335869056175694, 0.6779344481084411, 0.3907995799133426, 0.2386994617924616, 0.007894969482732161, 0.6294745959903159, 0.6545027197445482, 0.6460666492359569, 0.7900594970942207, 0.7106493037702195, 0.600317814120923]]}