{"labels_1": ["1", "2", "3", "4", "5", "6", "7", "8", "9"], "labels_2": ["1", "2", "3", "4", "5", "6", "7", "8", "9"], "adj_matrix_1": [[0.0, 0.19819, 0.1069, 0.01987, 0.00644, 0.09305, 0.10399, 0.30158, 0.26188], [0.19819, 0.0, 0.10174, 0.21413, 0.19288, 0.2686, 0.27619, 0.19371, 0.09273], [0.1069, 0.10174, 0.0, 0.12571, 0.10075, 0.19249, 0.20217, 0.25749, 0.18413], [0.01987, 0.21413, 0.12571, 0.0, 0.02629, 0.07366, 0.08475, 0.30736, 0.27392], [0.00644, 0.19288, 0.10075, 0.02629, 0.0, 0.09928, 0.11018, 0.29956, 0.25784], [0.09305, 0.2686, 0.19249, 0.07366, 0.09928, 0.0, 0.01131, 0.32359, 0.31295], [0.10399, 0.27619, 0.20217, 0.08475, 0.11018, 0.01131, 0.0, 0.32539, 0.31813], [0.30158, 0.19371, 0.25749, 0.30736, 0.29956, 0.32359, 0.32539, 0.0, 0.1171], [0.26188, 0.09273, 0.18413, 0.27392, 0.25784, 0.31295, 0.31813, 0.1171, 0.0]], "adj_matrix_2": [[0.0, 0.07185, 0.0363, 0.26089, 0.19153, 0.11207, 0.28291, 0.02791, 0.01391], [0.07185, 0.0, 0.03597, 0.21512, 0.1291, 0.04182, 0.24943, 0.04433, 0.08537], [0.0363, 0.03597, 0.0, 0.23909, 0.16105, 0.07724, 0.26732, 0.00843, 0.0501], [0.26089, 0.21512, 0.23909, 0.0, 0.10611, 0.18408, 0.06227, 0.24428, 0.26832], [0.19153, 0.1291, 0.16105, 0.10611, 0.0, 0.08994, 0.15992, 0.16823, 0.20253], [0.11207, 0.04182, 0.07724, 0.18408, 0.08994, 0.0, 0.22516, 0.0854, 0.12509], [0.28291, 0.24943, 0.26732, 0.06227, 0.15992, 0.22516, 0.0, 0.27106, 0.28792], [0.02791, 0.04433, 0.00843, 0.24428, 0.16823, 0.0854, 0.27106, 0.0, 0.04176], [0.01391, 0.08537, 0.0501, 0.26832, 0.20253, 0.12509, 0.28792, 0.04176, 0.0]], "features_1": [[0.018139403099572515, 0.833562813173857, 0.0, 0.23958785616140904, 0.5187381139739, 0.133765070231328, 0.30886453722037643, 0.6790087217065319, 0.4024334720047915, 0.19558024175520927, 0.007392832833969631, 0.6200921507221131, 0.6579467290469033, 0.680638511030709, 0.7955080322940916, 0.7118327298461753, 0.6211381684067804], [0.2725234148773419, 0.8084543028010885, 0.0, 0.23536415200881164, 0.5050013318187512, 0.13837125036744505, 0.30267050025590125, 0.6736533188755399, 0.4239522244806728, 0.19289185742361625, 0.007783488497544067, 0.6084029178227293, 0.6688253739749063, 0.6938648449195683, 0.8010612798934091, 0.7216522358673471, 0.6410311912310582], [-0.14627424515567888, 0.9625768607097767, 0.0, 0.22466388416989913, 0.5497949733485389, 0.13535959777965217, 0.29338744903309644, 0.6767810177934925, 0.41260997561443613, 0.2258791500197732, 0.007671947615560004, 0.6197018811463342, 0.6486407690971298, 0.6917309503274821, 0.7950358774579164, 0.7091973916843142, 0.6298418344821911], [-0.18776888810746506, 0.907025208719389, 0.0, 0.19469675633113956, 0.5331403667712984, 0.1376237539960617, 0.25065816338446256, 0.6739418380909635, 0.42934818266365915, 0.21915871988938607, 0.008062078829516484, 0.6239573602009147, 0.6681736116364534, 0.7047915010896041, 0.7982378222563979, 0.6945179462305997, 0.6300870647100195], [-0.09222539899532389, 0.8658810984811347, 0.0, 0.24249970586363334, 0.5201459258968764, 0.13738962369858937, 0.28927150479446195, 0.674592154469025, 0.4240099900292613, 0.206687552481156, 0.007894969482732161, 0.6201798802988465, 0.6587908021194525, 0.6760667625848654, 0.7989052358069807, 0.7150586870109277, 0.6153354276202398], [-0.3107926116701507, 0.9560286802714564, 0.0, 0.1973180761742065, 0.5450077181534841, 0.13857262886650795, 0.2558794258563644, 0.6733649240304693, 0.43461338436844876, 0.23066517756682514, 0.00822905385914674, 0.6331976677702924, 0.673720143751273, 0.6999741586932852, 0.8008438352087133, 0.7059605419850641, 0.6429265777422443], [-0.35793713581213904, 0.9647253366855433, 0.0, 0.1693702817337501, 0.5460925642681289, 0.13630452360131298, 0.24336607655363524, 0.6756255607921476, 0.406475988605866, 0.22849679574129378, 0.007894969482732161, 0.6327505716436383, 0.680594915278099, 0.7207635286669164, 0.7948062063724908, 0.7248406104848019, 0.6126569092575959], [0.5127401927924766, 1.0513273383555617, 0.0, 0.25414039434215735, 0.5797286158597273, 0.12732002365628045, 0.3353053347036514, 0.6842247916183903, 0.37596419874113085, 0.22653882803471181, 0.007616154688146137, 0.5948117928546497, 0.6444541544713981, 0.6594188347280322, 0.7845459478809305, 0.7121920784979241, 0.5834384471005353], [0.631410113668383, 1.0273101543795486, 0.0, 0.24095551159718231, 0.5699948375775281, 0.13094135157481168, 0.2632287344964247, 0.6804080437554283, 0.38678420294638527, 0.22815770592705809, 0.007671947615560004, 0.5922720999212681, 0.6290208199712435, 0.6585052957005323, 0.7846346162383696, 0.7070462135379606, 0.6154273852985559]], "features_2": [[0.18383928232900448, 0.782131770083526, 0.0, 0.2564090056171849, 0.504170409025175, 0.14313283451822886, 0.33838024914398945, 0.6717390746984053, 0.463011569307505, 0.19335301891247503, 0.008618141428105908, 0.618750388855466, 0.6698994654106859, 0.6982108243673237, 0.8134281014076198, 0.7355785141892016, 0.6471051897658084], [0.32327211221938423, 0.8180181688014367, 0.0, 0.28775132887923444, 0.5110097920855554, 0.1405308972581616, 0.3318920235378336, 0.672225698144028, 0.4536840555774091, 0.1995270724216156, 0.008729175733573014, 0.61333691791483, 0.6504861397908009, 0.6783514079593369, 0.8023480485155432, 0.7339612870927276, 0.6287726980541527], [0.1666540846314346, 0.8828336030198639, 0.0, 0.25404487502464235, 0.5335064099889849, 0.14252062613375113, 0.3412798430615361, 0.6723841931862555, 0.4693965017129611, 0.21569021735309302, 0.008173410423425675, 0.6175804524720403, 0.6857777272378869, 0.704970315038046, 0.8123947908321232, 0.737871202391603, 0.6485818483777461], [0.3249555922752765, 0.8445920766566457, 0.0, 0.2699559950134615, 0.5187518287038451, 0.14524086161246208, 0.2939727253846556, 0.6688160289102004, 0.485683934282237, 0.2103564194869607, 0.008507047823598457, 0.6116198282466216, 0.6741583326306809, 0.7054862458041304, 0.8154302360398709, 0.7441371694771776, 0.6565955868699894], [0.37063567986982227, 0.8202913676039718, 0.0, 0.32237878147824545, 0.5060475437201284, 0.14276387398412133, 0.2670259789797029, 0.6683229957658701, 0.468911344854575, 0.2040628940090159, 0.008451478759474051, 0.6100360759198862, 0.6598513158687473, 0.6918339827349849, 0.8024716030843447, 0.710323339539476, 0.6385574169534513], [0.09683380101544525, 0.9100997475916104, 0.0, 0.2635303329254954, 0.5384714731031718, 0.1429236256079499, 0.3177361062982733, 0.6711044729904891, 0.4794814145937656, 0.2258640592169825, 0.009006502581913711, 0.6194716222689833, 0.6649479509739361, 0.6918793068957025, 0.8102013451681107, 0.7509883639163746, 0.6523755222205326], [0.25969996622933733, 0.8667273797060966, 0.0, 0.2551267462485992, 0.5277109198441179, 0.13572336170323002, 0.32657755861335, 0.678534880480468, 0.43738035415350085, 0.2070291911466795, 0.00839589484089287, 0.6123512915503639, 0.6769882932457288, 0.697419097549853, 0.8038432811390098, 0.7279632427706488, 0.6469092446789192], [0.27563547300233093, 0.9490322135263244, 0.0, 0.24954896149407288, 0.5478627396853037, 0.1333454080439465, 0.29968740764719615, 0.6794316640756437, 0.4139370034952985, 0.21855644181038758, 0.007894969482732161, 0.6204218507324817, 0.658729423304525, 0.6903837714558759, 0.7933561205598741, 0.7185755620979115, 0.6309308995534408], [0.38225433066695036, 0.9987157522050026, 0.0, 0.2670715236752124, 0.5617770018931381, 0.1293783522316881, 0.3461264178717762, 0.6833679243453475, 0.394155711500747, 0.22344054495344667, 0.00783923647221818, 0.6119316869217419, 0.6465050865563253, 0.6797971677044663, 0.7894219671370836, 0.7190084299258757, 0.6060895168149932]]}