{"labels_1": ["1", "2", "3", "4", "5", "6", "7", "8", "9"], "labels_2": ["1", "2", "3", "4", "5", "6", "7", "8", "9"], "adj_matrix_1": [[0.0, 0.19819, 0.1069, 0.01987, 0.00644, 0.09305, 0.10399, 0.30158, 0.26188], [0.19819, 0.0, 0.10174, 0.21413, 0.19288, 0.2686, 0.27619, 0.19371, 0.09273], [0.1069, 0.10174, 0.0, 0.12571, 0.10075, 0.19249, 0.20217, 0.25749, 0.18413], [0.01987, 0.21413, 0.12571, 0.0, 0.02629, 0.07366, 0.08475, 0.30736, 0.27392], [0.00644, 0.19288, 0.10075, 0.02629, 0.0, 0.09928, 0.11018, 0.29956, 0.25784], [0.09305, 0.2686, 0.19249, 0.07366, 0.09928, 0.0, 0.01131, 0.32359, 0.31295], [0.10399, 0.27619, 0.20217, 0.08475, 0.11018, 0.01131, 0.0, 0.32539, 0.31813], [0.30158, 0.19371, 0.25749, 0.30736, 0.29956, 0.32359, 0.32539, 0.0, 0.1171], [0.26188, 0.09273, 0.18413, 0.27392, 0.25784, 0.31295, 0.31813, 0.1171, 0.0]], "adj_matrix_2": [[0.0, 0.31408, 0.20292, 0.25266, 0.27654, 0.34261, 0.05341, 0.02259, 0.20636], [0.31408, 0.0, 0.20306, 0.13601, 0.09288, 0.12161, 0.30304, 0.31558, 0.11568], [0.20292, 0.20306, 0.0, 0.07649, 0.11999, 0.29509, 0.16268, 0.21745, 0.1659], [0.25266, 0.13601, 0.07649, 0.0, 0.04541, 0.24309, 0.22224, 0.26258, 0.14723], [0.27654, 0.09288, 0.11999, 0.04541, 0.0, 0.20653, 0.25241, 0.2837, 0.1364], [0.34261, 0.12161, 0.29509, 0.24309, 0.20653, 0.0, 0.34778, 0.33759, 0.09234], [0.05341, 0.30304, 0.16268, 0.22224, 0.25241, 0.34778, 0.0, 0.07528, 0.20116], [0.02259, 0.31558, 0.21745, 0.26258, 0.2837, 0.33759, 0.07528, 0.0, 0.20691], [0.20636, 0.11568, 0.1659, 0.14723, 0.1364, 0.09234, 0.20116, 0.20691, 0.0]], "features_1": [[0.018139403099572515, 0.833562813173857, 0.0, 0.23958785616140904, 0.5187381139739, 0.133765070231328, 0.30886453722037643, 0.6790087217065319, 0.4024334720047915, 0.19558024175520927, 0.007392832833969631, 0.6200921507221131, 0.6579467290469033, 0.680638511030709, 0.7955080322940916, 0.7118327298461753, 0.6211381684067804], [0.2725234148773419, 0.8084543028010885, 0.0, 0.23536415200881164, 0.5050013318187512, 0.13837125036744505, 0.30267050025590125, 0.6736533188755399, 0.4239522244806728, 0.19289185742361625, 0.007783488497544067, 0.6084029178227293, 0.6688253739749063, 0.6938648449195683, 0.8010612798934091, 0.7216522358673471, 0.6410311912310582], [-0.14627424515567888, 0.9625768607097767, 0.0, 0.22466388416989913, 0.5497949733485389, 0.13535959777965217, 0.29338744903309644, 0.6767810177934925, 0.41260997561443613, 0.2258791500197732, 0.007671947615560004, 0.6197018811463342, 0.6486407690971298, 0.6917309503274821, 0.7950358774579164, 0.7091973916843142, 0.6298418344821911], [-0.18776888810746506, 0.907025208719389, 0.0, 0.19469675633113956, 0.5331403667712984, 0.1376237539960617, 0.25065816338446256, 0.6739418380909635, 0.42934818266365915, 0.21915871988938607, 0.008062078829516484, 0.6239573602009147, 0.6681736116364534, 0.7047915010896041, 0.7982378222563979, 0.6945179462305997, 0.6300870647100195], [-0.09222539899532389, 0.8658810984811347, 0.0, 0.24249970586363334, 0.5201459258968764, 0.13738962369858937, 0.28927150479446195, 0.674592154469025, 0.4240099900292613, 0.206687552481156, 0.007894969482732161, 0.6201798802988465, 0.6587908021194525, 0.6760667625848654, 0.7989052358069807, 0.7150586870109277, 0.6153354276202398], [-0.3107926116701507, 0.9560286802714564, 0.0, 0.1973180761742065, 0.5450077181534841, 0.13857262886650795, 0.2558794258563644, 0.6733649240304693, 0.43461338436844876, 0.23066517756682514, 0.00822905385914674, 0.6331976677702924, 0.673720143751273, 0.6999741586932852, 0.8008438352087133, 0.7059605419850641, 0.6429265777422443], [-0.35793713581213904, 0.9647253366855433, 0.0, 0.1693702817337501, 0.5460925642681289, 0.13630452360131298, 0.24336607655363524, 0.6756255607921476, 0.406475988605866, 0.22849679574129378, 0.007894969482732161, 0.6327505716436383, 0.680594915278099, 0.7207635286669164, 0.7948062063724908, 0.7248406104848019, 0.6126569092575959], [0.5127401927924766, 1.0513273383555617, 0.0, 0.25414039434215735, 0.5797286158597273, 0.12732002365628045, 0.3353053347036514, 0.6842247916183903, 0.37596419874113085, 0.22653882803471181, 0.007616154688146137, 0.5948117928546497, 0.6444541544713981, 0.6594188347280322, 0.7845459478809305, 0.7121920784979241, 0.5834384471005353], [0.631410113668383, 1.0273101543795486, 0.0, 0.24095551159718231, 0.5699948375775281, 0.13094135157481168, 0.2632287344964247, 0.6804080437554283, 0.38678420294638527, 0.22815770592705809, 0.007671947615560004, 0.5922720999212681, 0.6290208199712435, 0.6585052957005323, 0.7846346162383696, 0.7070462135379606, 0.6154273852985559]], "features_2": [[0.499493100270723, 0.6317196286531586, 0.0, 0.27775216366560196, 0.4540589921695957, 0.14401394598936193, 0.33269542889958215, 0.670859849270687, 0.47840042619288226, 0.16169238246305806, 0.008618141428105908, 0.6072956877070057, 0.6656324532691423, 0.7078224241215914, 0.8207978491325715, 0.7245656307739222, 0.6533999134792929], [-0.1968082329945453, 0.6897497626650039, 0.0, 0.2945122681895287, 0.4700591116285878, 0.1443832015751082, 0.29386055889487894, 0.6689022999999574, 0.48017150235817985, 0.178283603733157, 0.008284682400665488, 0.6349875390453197, 0.6609993418506812, 0.6791589821300282, 0.8141459549616304, 0.7194188668167794, 0.6452682547821972], [0.05458670317673908, 0.7314560359562663, 0.0, 0.2720588234019923, 0.4893800028046644, 0.14375534054194564, 0.38224528439845284, 0.6713382245513022, 0.4692200121177552, 0.18608932983673498, 0.00839589484089287, 0.6244680643955176, 0.6904328215653637, 0.733537929837714, 0.8177251120078335, 0.7387031827186576, 0.6495796194042939], [0.014079949838352146, 0.6995949612349736, 0.0, 0.2279928960089667, 0.4784821002300864, 0.14475066759008826, 0.3772306397999479, 0.6721541477470291, 0.4669919631810817, 0.17843068595359757, 0.008062078829516484, 0.6282604370483669, 0.7028859811690028, 0.7344005878454806, 0.8285699193926263, 0.7380469572174785, 0.655005306998681], [-0.32560146162921155, 0.7287007854467038, 0.0, 0.23131101098985532, 0.48335224462547516, 0.14157375010854772, 0.32108220950659644, 0.6725158132978513, 0.45504218301930877, 0.18595473592052647, 0.00839589484089287, 0.6285275295765778, 0.677971760255629, 0.7099467356954039, 0.8108573682894996, 0.7264481790980345, 0.6446521654321474], [-0.2604212240574153, 0.7423945095886056, 0.0, 0.2381354414859257, 0.49255563156006865, 0.14294263635221874, 0.4007790453201373, 0.6728721439653816, 0.45521063169954834, 0.18852794729860434, 0.008284682400665488, 0.6420726309260143, 0.6949503329477545, 0.7129790074940515, 0.8178383850486308, 0.7287405142415169, 0.6478798220209723], [0.2897741558104072, 0.7080480889058821, 0.0, 0.22121105890905796, 0.4746896185974758, 0.1434432588296676, 0.36063654656388167, 0.6722953628993695, 0.46001513302057795, 0.1772114951895396, 0.008173410423425675, 0.616558959849673, 0.6695299889832874, 0.7079704761549879, 0.8234384991147, 0.734111984261866, 0.6495451521898743], [0.3533860717177033, 0.838593189734646, 0.0, 0.2166020950019455, 0.516734963822025, 0.13392895736965932, 0.35961107281941623, 0.6794540908481812, 0.384468023508985, 0.19409052035935304, 0.007504523810135222, 0.5900383426834759, 0.6554707560075, 0.6848890691130104, 0.7965951348743432, 0.7056279544902364, 0.607654172872117], [1.010411335316217, 0.7494915804336588, 0.0, 0.23084087107050819, 0.48751935519341627, 0.13802522904698294, 0.33206163409026035, 0.6756851014789211, 0.4095380229296066, 0.17650440636864984, 0.007727725548673403, 0.5832244365077415, 0.6524622628865724, 0.6851589102062381, 0.8066265821323931, 0.7513847212109493, 0.6265421756674918]]}