{"labels_1": ["1", "2", "3", "4", "5", "6", "7", "8", "9"], "labels_2": ["1", "2", "3", "4", "5", "6", "7", "8", "9"], "adj_matrix_1": [[0.0, 0.14878, 0.01776, 0.10216, 0.17385, 0.20302, 0.16326, 0.25049, 0.13624], [0.14878, 0.0, 0.16396, 0.05142, 0.03033, 0.06897, 0.01731, 0.14755, 0.0143], [0.01776, 0.16396, 0.0, 0.11876, 0.18808, 0.21569, 0.17801, 0.25904, 0.15198], [0.10216, 0.05142, 0.11876, 0.0, 0.08092, 0.11747, 0.06835, 0.18752, 0.03729], [0.17385, 0.03033, 0.18808, 0.08092, 0.0, 0.03925, 0.01306, 0.12182, 0.04451], [0.20302, 0.06897, 0.21569, 0.11747, 0.03925, 0.0, 0.0521, 0.08602, 0.08269], [0.16326, 0.01731, 0.17801, 0.06835, 0.01306, 0.0521, 0.0, 0.13315, 0.03159], [0.25049, 0.14755, 0.25904, 0.18752, 0.12182, 0.08602, 0.13315, 0.0, 0.15926], [0.13624, 0.0143, 0.15198, 0.03729, 0.04451, 0.08269, 0.03159, 0.15926, 0.0]], "adj_matrix_2": [[0.0, 0.23445, 0.19632, 0.21156, 0.21302, 0.24155, 0.27325, 0.14582, 0.20108], [0.23445, 0.0, 0.22865, 0.22309, 0.03725, 0.20485, 0.17483, 0.20602, 0.19439], [0.19632, 0.22865, 0.0, 0.02174, 0.22731, 0.07175, 0.348, 0.28987, 0.31848], [0.21156, 0.22309, 0.02174, 0.0, 0.22451, 0.05063, 0.34667, 0.29677, 0.322], [0.21302, 0.03725, 0.22731, 0.22451, 0.0, 0.2137, 0.14785, 0.18065, 0.16758], [0.24155, 0.20485, 0.07175, 0.05063, 0.2137, 0.0, 0.33774, 0.3069, 0.32394], [0.27325, 0.17483, 0.348, 0.34667, 0.14785, 0.33774, 0.0, 0.15135, 0.09168], [0.14582, 0.20602, 0.28987, 0.29677, 0.18065, 0.3069, 0.15135, 0.0, 0.06231], [0.20108, 0.19439, 0.31848, 0.322, 0.16758, 0.32394, 0.09168, 0.06231, 0.0]], "features_1": [[0.5324844195730427, 1.1782670354347633, 0.0, 0.19982511762313382, 0.630592752010873, 0.1147401608677448, 0.3635213618802219, 0.6916395028998481, 0.30282170418061494, 0.22583496131689995, 0.006721420376576193, 0.5928385753929064, 0.6151511180835851, 0.6091691600466727, 0.753307119927838, 0.6634335457000943, 0.5849136332089478], [0.6062887920159019, 1.2156746817384647, 0.0, 0.22912883078979132, 0.626626350448292, 0.12025940180411832, 0.28765015036611885, 0.6885950509238719, 0.3299754749696542, 0.24108035185223486, 0.007057398507269275, 0.5844887297843093, 0.6272550968542824, 0.6264898054424877, 0.7605463745616152, 0.6889288666175006, 0.5989698429575142], [0.3834299437276294, 1.3201150912462332, 0.0, 0.23866286936683895, 0.653008145635223, 0.11659095306146776, 0.3252285752181706, 0.6907221742099653, 0.31017754911171513, 0.2539534299469062, 0.00683347364535547, 0.5886614106476911, 0.6219907755731321, 0.6401669486515643, 0.7532757058818633, 0.6607210284751873, 0.5906368681398231], [0.6918567511674496, 1.3472306374005658, 0.0, 0.23740356283036373, 0.6573563351167812, 0.11405733469927165, 0.31794893046171213, 0.6915110921629517, 0.29735184675616, 0.25123305806994134, 0.0069454663283523566, 0.5853442254926855, 0.6134326694745585, 0.6179790211982217, 0.7443489659907188, 0.6577799338538947, 0.5764499515242544], [0.8534438219243885, 1.3965684687532909, 0.0, 0.25885013883110625, 0.6601328449733067, 0.11723270252017429, 0.32080445247124845, 0.690371531452544, 0.31783582557942336, 0.2610349326229009, 0.007281081678807366, 0.5740685638975762, 0.611218692650682, 0.5945512819596072, 0.7542831619109944, 0.6695098962850184, 0.5833204303176546], [0.2346936227477836, 1.409750220475761, 0.0, 0.22119225896474246, 0.6710935486471147, 0.11641272279672295, 0.37450296384516263, 0.6912232521764368, 0.3089778244246286, 0.2665608574813867, 0.006497131753992358, 0.5863106692982119, 0.6204856570815603, 0.640852699288681, 0.7585105434841931, 0.6951898190937172, 0.5921437062107283], [0.9348191588115724, 1.5067075938765626, 0.0, 0.23800394325794583, 0.6830909360828546, 0.11301090993047455, 0.3840484373804564, 0.6920588226027347, 0.28386840678572267, 0.2679428764277345, 0.006160242374180447, 0.5663633137425279, 0.6279023166577166, 0.6313965470406577, 0.7455941721056669, 0.663616423467309, 0.5687219264389973], [1.000623372703557, 1.6117574815009525, 0.0, 0.26270404375517226, 0.7038821890506235, 0.11216210190103412, 0.34770699731191, 0.6923675969809556, 0.29090593071450077, 0.2824872100830931, 0.006160242374180447, 0.564058922353945, 0.617701199856364, 0.6219864794501382, 0.7438511286772338, 0.6389757236700978, 0.5647891569541462], [0.4525159524169551, 1.5112928690954777, 0.0, 0.25021073912476527, 0.6894935658490906, 0.11117162154203422, 0.39455774366980945, 0.6926963713929398, 0.27680752492169414, 0.26777858246455644, 0.005822803276368971, 0.5724903961880083, 0.6144412958895297, 0.6199540177688754, 0.746814036181062, 0.6487125077397043, 0.5655868768946951]], "features_2": [[0.2867388030486473, 1.1536629779963314, 0.0, 0.20927684243511416, 0.5971640987441726, 0.13321551807783405, 0.34296874961292545, 0.6793864609063276, 0.4026762156025092, 0.25233108883371314, 0.007281081678807366, 0.6057007727671502, 0.6506500271467123, 0.681898887461035, 0.7824608649581591, 0.6909897582806244, 0.611285235821964], [0.7111424444892851, 1.25509481913622, 0.0, 0.2618911611263508, 0.6193889437155561, 0.12941113813151708, 0.36599480926458694, 0.6834490587098829, 0.3813060121350724, 0.26178632144335046, 0.00711334193318236, 0.5768945009518553, 0.6526051467030543, 0.662606577706359, 0.7827923805675829, 0.7160531006232898, 0.5958168522476337], [0.25132814845255824, 1.293181773111744, 0.0, 0.22506449581478152, 0.6283815438404201, 0.13128069783980814, 0.4274931729750378, 0.682155718136044, 0.3846061066036426, 0.2726289622573439, 0.007281081678807366, 0.5915040679988135, 0.6573737379009457, 0.6712091377032192, 0.7807722599246352, 0.684882664842078, 0.6109949532056321], [0.1945796206353827, 1.2817793968682432, 0.0, 0.24100325398891173, 0.6320870835768488, 0.12637118874097628, 0.49048360198622587, 0.6862207015885566, 0.35771315705105744, 0.26191573405035173, 0.006721420376576193, 0.5837459802728797, 0.6481018982678829, 0.6573027823727841, 0.7733431657597704, 0.666655268502472, 0.5992364912423754], [0.799682748332958, 1.753959512286224, 0.0, 0.2733121193679674, 0.7134530239063939, 0.11688109018149052, 0.48629811081701463, 0.6914418014971704, 0.2986837202734771, 0.3115714269239942, 0.006328755639155359, 0.5673698403372698, 0.6292651917298288, 0.6419640299100836, 0.7651395619190818, 0.6804553124962096, 0.5486659182299156], [0.26780350136240694, 1.4643771491511581, 0.0, 0.21397078782867504, 0.6704658541577652, 0.12409464521068789, 0.6048876133284764, 0.688369829731725, 0.3376618793277253, 0.28496259727324236, 0.006497131753992358, 0.5767066091622355, 0.6526293368061471, 0.6647606093473012, 0.7712380953360471, 0.6783649912627755, 0.5972661101965099], [-0.367926265743145, 1.715076258392181, 0.0, 0.2165761596443757, 0.7169685540718302, 0.11212842069062395, 0.710643960056774, 0.6928894838941733, 0.27662169309356655, 0.305015238118874, 0.006104040759826512, 0.6089969483297062, 0.6424209563241682, 0.6473160675724942, 0.7511837091621772, 0.6540587384341537, 0.5093849760317938], [0.010366455029146682, 1.8530004302638445, 0.0, 0.24716899675691298, 0.7494092039663065, 0.10813101623798158, 0.8616601715205284, 0.6930993713511746, 0.26880571673473863, 0.3084935933941275, 0.005879081395912644, 0.5864202562466954, 0.6453424263637628, 0.6423512854196182, 0.7458692649164036, 0.6576089564848422, 0.5166865469795975], [-0.2570865958265669, 1.6313927644018542, 0.0, 0.2359533313621126, 0.7118605613747337, 0.11145550695978965, 0.8688221435388683, 0.6930755284168733, 0.27423922999066286, 0.2878121485103735, 0.005991591679928909, 0.5988700052292377, 0.6424529361686336, 0.6429874459573723, 0.7489446663010005, 0.6631553334719618, 0.5372987950635514]]}