{"labels_1": ["1", "2", "3", "4", "5", "6", "7", "8", "9"], "labels_2": ["1", "2", "3", "4", "5", "6", "7", "8", "9"], "adj_matrix_1": [[0.0, 0.09546, 0.21875, 0.03465, 0.20578, 0.17437, 0.18473, 0.00875, 0.151], [0.09546, 0.0, 0.25263, 0.1272, 0.24946, 0.2342, 0.10053, 0.08715, 0.06107], [0.21875, 0.25263, 0.0, 0.20097, 0.03015, 0.08098, 0.26568, 0.2224, 0.26304], [0.03465, 0.1272, 0.20097, 0.0, 0.18456, 0.14779, 0.20995, 0.04328, 0.17916], [0.20578, 0.24946, 0.03015, 0.18456, 0.0, 0.05229, 0.27207, 0.21052, 0.26577], [0.17437, 0.2342, 0.08098, 0.14779, 0.05229, 0.0, 0.27316, 0.18045, 0.26055], [0.18473, 0.10053, 0.26568, 0.20995, 0.27207, 0.27316, 0.0, 0.17831, 0.04094], [0.00875, 0.08715, 0.2224, 0.04328, 0.21052, 0.18045, 0.17831, 0.0, 0.14364], [0.151, 0.06107, 0.26304, 0.17916, 0.26577, 0.26055, 0.04094, 0.14364, 0.0]], "adj_matrix_2": [[0.0, 0.10947, 0.14038, 0.25604, 0.1322, 0.29929, 0.3442, 0.26675, 0.34038], [0.10947, 0.0, 0.03249, 0.16352, 0.02391, 0.21944, 0.29491, 0.17695, 0.2856], [0.14038, 0.03249, 0.0, 0.13379, 0.00858, 0.19279, 0.27674, 0.14786, 0.26584], [0.25604, 0.16352, 0.13379, 0.0, 0.14153, 0.06696, 0.18046, 0.01549, 0.16338], [0.1322, 0.02391, 0.00858, 0.14153, 0.0, 0.19979, 0.28133, 0.15577, 0.27109], [0.29929, 0.21944, 0.19279, 0.06696, 0.19979, 0.0, 0.12208, 0.05167, 0.10283], [0.3442, 0.29491, 0.27674, 0.18046, 0.28133, 0.12208, 0.0, 0.16738, 0.02089], [0.26675, 0.17695, 0.14786, 0.01549, 0.15577, 0.05167, 0.16738, 0.0, 0.14995], [0.34038, 0.2856, 0.26584, 0.16338, 0.27109, 0.10283, 0.02089, 0.14995, 0.0]], "features_1": [[0.17648469566563696, 1.1178552116911473, 0.0, 0.2603513329028335, 0.6006109054050683, 0.1235858828891808, 0.34316938265159325, 0.6866251484819043, 0.35608366477617026, 0.23559211664072532, 0.007281081678807366, 0.593828035652014, 0.6378081074195162, 0.6669306661792872, 0.7670848051548355, 0.671816135613234, 0.6043290356880967], [0.10608278508719104, 1.1370937790379416, 0.0, 0.23400193755638668, 0.5948366357712037, 0.13089990096031565, 0.299175384611943, 0.6803003428878797, 0.39303798431789305, 0.24773418184637097, 0.00716927026363523, 0.6158666199443297, 0.6309531108602856, 0.6424036266392384, 0.7779590620150574, 0.6968493277924317, 0.5979878042262947], [0.33388676716367494, 1.2136183225756838, 0.0, 0.264580616495552, 0.617635531390958, 0.12571478301375197, 0.40617240356428397, 0.6854913873691574, 0.362200944342145, 0.2530039021794701, 0.00716927026363523, 0.5921966524223734, 0.6329850464430081, 0.6570496492846183, 0.7704847027916472, 0.6830914326288311, 0.6035463389445376], [0.1079179867107718, 1.182462225050046, 0.0, 0.24615758759233886, 0.608633509916591, 0.12686282973998897, 0.3139796823540607, 0.6841353507718433, 0.3707935930385551, 0.24953227639755227, 0.00711334193318236, 0.599917761411995, 0.6229803675328376, 0.6475753714025978, 0.7731845485293397, 0.6768960948831779, 0.6189031425803813], [0.8060959325946846, 1.3266370433328925, 0.0, 0.2378104193828587, 0.637521467295515, 0.12619461337038185, 0.3791829662558463, 0.6856334630982, 0.36042913882148575, 0.26292903655455446, 0.007057398507269275, 0.5852522036296004, 0.6445930346017769, 0.617431205042958, 0.775162317482174, 0.700023986167028, 0.5767342633083223], [0.4857171295577376, 1.2112912667429483, 0.0, 0.26162313268735526, 0.6194256656783732, 0.1258589074847748, 0.5166194401422466, 0.6861932384914047, 0.3574217316252206, 0.24733890421468874, 0.007057398507269275, 0.579528729071713, 0.6352053062059048, 0.6424289604212167, 0.7730478426316547, 0.676812217995894, 0.6127413111627871], [0.3322738542282062, 1.55503532134516, 0.0, 0.18985257459022534, 0.6776846027029428, 0.12257137261483238, 0.3803341431698115, 0.6887151870255473, 0.3473006846398117, 0.29703078582249365, 0.00677745458930179, 0.61177290544122, 0.6428153861358714, 0.6449969069832878, 0.7771941941710515, 0.6930024345924178, 0.5742051884683117], [0.5449851870030606, 1.3850424015575742, 0.0, 0.30607167595341933, 0.6631062703258328, 0.11740228554102622, 0.4453288810624656, 0.6910069383323489, 0.32386088529345414, 0.2628818668642785, 0.006609306440138685, 0.5831716039661878, 0.625693112717078, 0.625173598869908, 0.7614095231642922, 0.6782663397280523, 0.5670727084903573], [0.07059634431302175, 1.339694511154301, 0.0, 0.2552102316877746, 0.6526136967488827, 0.11719785102367075, 0.36894385629576687, 0.6908400164602757, 0.32754133313678624, 0.26266597634907174, 0.00677745458930179, 0.5971595141979014, 0.6300055101219851, 0.6504950859938939, 0.7598043219170054, 0.6646617876866465, 0.569684760863005]], "features_2": [[-0.26179921119195937, 1.0679516735215302, 0.0, 0.15437306307995655, 0.5854828970565696, 0.12677426774062314, 0.2887357518295026, 0.6845520661042508, 0.3626282885432235, 0.23112113323032202, 0.00683347364535547, 0.6216864423369421, 0.6559924481647766, 0.6759458182013989, 0.7763990681127266, 0.6816423194434027, 0.6042926230883043], [-0.2706753906165753, 1.1591824549813194, 0.0, 0.16944261731290086, 0.5944456313798593, 0.132841854690098, 0.22159979927588652, 0.678173046697927, 0.39687887303170566, 0.2577137168929602, 0.007560346756364078, 0.6218981886730739, 0.6362406812314586, 0.6779333910574713, 0.7823018235372121, 0.6905554399886569, 0.5954684375827887], [-0.0679972346552975, 1.1907092728806887, 0.0, 0.19771360197494897, 0.6140877648348897, 0.12643136240996233, 0.2751680950987314, 0.684502261144297, 0.36157344281354487, 0.25056590415207247, 0.006889477554966383, 0.6111846375810512, 0.6492224859589989, 0.6536954215863623, 0.7738281583375617, 0.6801199607554864, 0.607071876035504], [0.028840195433233795, 1.159696074020943, 0.0, 0.1953330375347161, 0.6074512754092023, 0.12597702032733848, 0.2656849854792675, 0.6845603672251586, 0.366875296694251, 0.24543314971803998, 0.007057398507269275, 0.604465757675404, 0.650112892481107, 0.6777272040205309, 0.7717864976126083, 0.6721580116956813, 0.6031803011435299], [0.19420773254418844, 1.4973005767883254, 0.0, 0.2056257791035737, 0.664239830537117, 0.1243396168040759, 0.33909824013584355, 0.6868732835385752, 0.33618387658033067, 0.29204198661463066, 0.0064410216040902135, 0.6145329571634901, 0.6370563345617793, 0.6521517288229283, 0.7745934759853343, 0.6783219147593531, 0.5564327553252236], [0.035834429743840435, 1.328440716271374, 0.0, 0.214846477683167, 0.6504949878193532, 0.1190689565559132, 0.31985561950993074, 0.6894474964533955, 0.32312791361498117, 0.2616760131145961, 0.006609306440138685, 0.5944671437174938, 0.642964038638039, 0.6633586365642481, 0.7601571137050602, 0.6745029124037515, 0.5825706904887987], [0.16154826865702532, 1.3513539166184514, 0.0, 0.2843059139582208, 0.6454169347656118, 0.12415548701271104, 0.30684704868456336, 0.6864053779405351, 0.3593814276209206, 0.275866518471936, 0.0069454663283523566, 0.5991588089090383, 0.6545522808374327, 0.6885347444518507, 0.7722000860824564, 0.6867961497090911, 0.5647586632930177], [0.3068009512321779, 1.6055190068890772, 0.0, 0.2513696885264384, 0.7078722752358751, 0.10605963163762376, 0.40401935437302683, 0.6931380272835399, 0.24036591369916716, 0.27271245602198757, 0.005710201030130202, 0.578097234083593, 0.6285777021982589, 0.6320113848833286, 0.7241516772558312, 0.6379943170710438, 0.49812211021379016], [0.2809210408445817, 1.483084352516803, 0.0, 0.25645674011150466, 0.6869737714064601, 0.11040112502828629, 0.5102866023769395, 0.6927773452606565, 0.28636787731997404, 0.26667970771603366, 0.006721420376576193, 0.5747628426218201, 0.6261005545758698, 0.6317024789034739, 0.7393511827903194, 0.6649617354909517, 0.5169174084301337]]}