{"labels_1": ["1", "2", "3", "4", "5", "6", "7", "8", "9"], "labels_2": ["1", "2", "3", "4", "5", "6", "7", "8", "9"], "adj_matrix_1": [[0.0, 0.09546, 0.21875, 0.03465, 0.20578, 0.17437, 0.18473, 0.00875, 0.151], [0.09546, 0.0, 0.25263, 0.1272, 0.24946, 0.2342, 0.10053, 0.08715, 0.06107], [0.21875, 0.25263, 0.0, 0.20097, 0.03015, 0.08098, 0.26568, 0.2224, 0.26304], [0.03465, 0.1272, 0.20097, 0.0, 0.18456, 0.14779, 0.20995, 0.04328, 0.17916], [0.20578, 0.24946, 0.03015, 0.18456, 0.0, 0.05229, 0.27207, 0.21052, 0.26577], [0.17437, 0.2342, 0.08098, 0.14779, 0.05229, 0.0, 0.27316, 0.18045, 0.26055], [0.18473, 0.10053, 0.26568, 0.20995, 0.27207, 0.27316, 0.0, 0.17831, 0.04094], [0.00875, 0.08715, 0.2224, 0.04328, 0.21052, 0.18045, 0.17831, 0.0, 0.14364], [0.151, 0.06107, 0.26304, 0.17916, 0.26577, 0.26055, 0.04094, 0.14364, 0.0]], "adj_matrix_2": [[0.0, 0.13327, 0.09742, 0.01789, 0.17889, 0.17748, 0.05857, 0.18375, 0.18558], [0.13327, 0.0, 0.04458, 0.12001, 0.26716, 0.06968, 0.08462, 0.26814, 0.0852], [0.09742, 0.04458, 0.0, 0.08178, 0.24539, 0.11001, 0.04225, 0.24807, 0.12392], [0.01789, 0.12001, 0.08178, 0.0, 0.19164, 0.16892, 0.04146, 0.19629, 0.17819], [0.17889, 0.26716, 0.24539, 0.19164, 0.0, 0.28778, 0.22096, 0.01948, 0.28968], [0.17748, 0.06968, 0.11001, 0.16892, 0.28778, 0.0, 0.14307, 0.28535, 0.01662], [0.05857, 0.08462, 0.04225, 0.04146, 0.22096, 0.14307, 0.0, 0.22462, 0.15483], [0.18375, 0.26814, 0.24807, 0.19629, 0.01948, 0.28535, 0.22462, 0.0, 0.28639], [0.18558, 0.0852, 0.12392, 0.17819, 0.28968, 0.01662, 0.15483, 0.28639, 0.0]], "features_1": [[0.17648469566563696, 1.1178552116911473, 0.0, 0.2603513329028335, 0.6006109054050683, 0.1235858828891808, 0.34316938265159325, 0.6866251484819043, 0.35608366477617026, 0.23559211664072532, 0.007281081678807366, 0.593828035652014, 0.6378081074195162, 0.6669306661792872, 0.7670848051548355, 0.671816135613234, 0.6043290356880967], [0.10608278508719104, 1.1370937790379416, 0.0, 0.23400193755638668, 0.5948366357712037, 0.13089990096031565, 0.299175384611943, 0.6803003428878797, 0.39303798431789305, 0.24773418184637097, 0.00716927026363523, 0.6158666199443297, 0.6309531108602856, 0.6424036266392384, 0.7779590620150574, 0.6968493277924317, 0.5979878042262947], [0.33388676716367494, 1.2136183225756838, 0.0, 0.264580616495552, 0.617635531390958, 0.12571478301375197, 0.40617240356428397, 0.6854913873691574, 0.362200944342145, 0.2530039021794701, 0.00716927026363523, 0.5921966524223734, 0.6329850464430081, 0.6570496492846183, 0.7704847027916472, 0.6830914326288311, 0.6035463389445376], [0.1079179867107718, 1.182462225050046, 0.0, 0.24615758759233886, 0.608633509916591, 0.12686282973998897, 0.3139796823540607, 0.6841353507718433, 0.3707935930385551, 0.24953227639755227, 0.00711334193318236, 0.599917761411995, 0.6229803675328376, 0.6475753714025978, 0.7731845485293397, 0.6768960948831779, 0.6189031425803813], [0.8060959325946846, 1.3266370433328925, 0.0, 0.2378104193828587, 0.637521467295515, 0.12619461337038185, 0.3791829662558463, 0.6856334630982, 0.36042913882148575, 0.26292903655455446, 0.007057398507269275, 0.5852522036296004, 0.6445930346017769, 0.617431205042958, 0.775162317482174, 0.700023986167028, 0.5767342633083223], [0.4857171295577376, 1.2112912667429483, 0.0, 0.26162313268735526, 0.6194256656783732, 0.1258589074847748, 0.5166194401422466, 0.6861932384914047, 0.3574217316252206, 0.24733890421468874, 0.007057398507269275, 0.579528729071713, 0.6352053062059048, 0.6424289604212167, 0.7730478426316547, 0.676812217995894, 0.6127413111627871], [0.3322738542282062, 1.55503532134516, 0.0, 0.18985257459022534, 0.6776846027029428, 0.12257137261483238, 0.3803341431698115, 0.6887151870255473, 0.3473006846398117, 0.29703078582249365, 0.00677745458930179, 0.61177290544122, 0.6428153861358714, 0.6449969069832878, 0.7771941941710515, 0.6930024345924178, 0.5742051884683117], [0.5449851870030606, 1.3850424015575742, 0.0, 0.30607167595341933, 0.6631062703258328, 0.11740228554102622, 0.4453288810624656, 0.6910069383323489, 0.32386088529345414, 0.2628818668642785, 0.006609306440138685, 0.5831716039661878, 0.625693112717078, 0.625173598869908, 0.7614095231642922, 0.6782663397280523, 0.5670727084903573], [0.07059634431302175, 1.339694511154301, 0.0, 0.2552102316877746, 0.6526136967488827, 0.11719785102367075, 0.36894385629576687, 0.6908400164602757, 0.32754133313678624, 0.26266597634907174, 0.00677745458930179, 0.5971595141979014, 0.6300055101219851, 0.6504950859938939, 0.7598043219170054, 0.6646617876866465, 0.569684760863005]], "features_2": [[0.9614114768625845, 1.482210163478563, 0.0, 0.23586241509065195, 0.6457513717258592, 0.14282491065027925, 0.29506885517600734, 0.6727698241530866, 0.467531480990111, 0.31977563795596464, 0.007727725548673403, 0.5868776007851313, 0.6813449482321725, 0.7094907517021021, 0.8192663074173494, 0.7213601463267483, 0.6510464695198326], [0.7792018985438247, 1.5281526109067194, 0.0, 0.2428915167220828, 0.6450305240579499, 0.14291904371913158, 0.25848591978213376, 0.6702368909916846, 0.46259170006800066, 0.3289668977872935, 0.008006390651371653, 0.5902513889771992, 0.6744304250424535, 0.6930848267017801, 0.8152528860839304, 0.7239780069160621, 0.6378618074601916], [0.8697561578572581, 1.531962724900245, 0.0, 0.2218496715088598, 0.6495985346440158, 0.1440691116153234, 0.25270484966645484, 0.6692477875444505, 0.47905581000325914, 0.33105716121565276, 0.00839589484089287, 0.594722612103491, 0.671825705008507, 0.7042626164640563, 0.8162134616912556, 0.7189718303309349, 0.6437357168846336], [0.893955972605033, 1.5283280369003338, 0.0, 0.24526996181027994, 0.6486765482618383, 0.14499910581391512, 0.24614100033435307, 0.6682925123799072, 0.4879613033086101, 0.3335703018500151, 0.008451478759474051, 0.5962762395938324, 0.6673576152542299, 0.7075455095561397, 0.8173652221547065, 0.7065410890987633, 0.6408411479423729], [0.20302033393151397, 1.8281528548999677, 0.0, 0.27258762170565637, 0.7046423636430666, 0.1298790865859153, 0.4272513975937578, 0.6851891703983142, 0.3833495918964098, 0.35274124036181975, 0.007336964783822175, 0.6120622049461684, 0.6672432663957504, 0.6890349348036252, 0.8022995445343025, 0.7027492343699578, 0.5889019109120699], [0.7818070612884558, 1.5592309269617626, 0.0, 0.23764549629054058, 0.6578166573377043, 0.14184305890670076, 0.2845435534636273, 0.6726049331987791, 0.4752251007458328, 0.3341867557833498, 0.008173410423425675, 0.6020501570432772, 0.6690421930416884, 0.6918688361460184, 0.8152860262167579, 0.7203348716261442, 0.631209265853887], [0.7474877783602714, 1.9157116633141194, 0.0, 0.2476764615961996, 0.7122744770260157, 0.13816653876134455, 0.3520289995395139, 0.6786788859865053, 0.4512657491719163, 0.3795777025355913, 0.008117752083540042, 0.5998676065939545, 0.6487580018109745, 0.6857404308616755, 0.8137870698416299, 0.7235386627673184, 0.5832642284512174], [0.3276195119008256, 1.713751364145052, 0.0, 0.2822529200512367, 0.7024477314002139, 0.1280835735227941, 0.5142872316235426, 0.6876729219203388, 0.39166251459784274, 0.3352884169310879, 0.007448685839370306, 0.607770429118311, 0.6766592607314178, 0.697091240768042, 0.8040061473058376, 0.7014152713271435, 0.588995392387303], [0.3278951133497934, 1.526610534960092, 0.0, 0.2465840309728331, 0.6620872484037772, 0.13779484800518801, 0.372917191654129, 0.6793889736726645, 0.4512801988743307, 0.32827284200534157, 0.008284682400665488, 0.6031693931163358, 0.6801256163337517, 0.7080784277853761, 0.8160009646465631, 0.710376950531059, 0.6116530548500322]]}