{"labels_1": ["1", "2", "3", "4", "5", "6", "7", "8", "9"], "labels_2": ["1", "2", "3", "4", "5", "6", "7", "8", "9"], "adj_matrix_1": [[0.0, 0.09546, 0.21875, 0.03465, 0.20578, 0.17437, 0.18473, 0.00875, 0.151], [0.09546, 0.0, 0.25263, 0.1272, 0.24946, 0.2342, 0.10053, 0.08715, 0.06107], [0.21875, 0.25263, 0.0, 0.20097, 0.03015, 0.08098, 0.26568, 0.2224, 0.26304], [0.03465, 0.1272, 0.20097, 0.0, 0.18456, 0.14779, 0.20995, 0.04328, 0.17916], [0.20578, 0.24946, 0.03015, 0.18456, 0.0, 0.05229, 0.27207, 0.21052, 0.26577], [0.17437, 0.2342, 0.08098, 0.14779, 0.05229, 0.0, 0.27316, 0.18045, 0.26055], [0.18473, 0.10053, 0.26568, 0.20995, 0.27207, 0.27316, 0.0, 0.17831, 0.04094], [0.00875, 0.08715, 0.2224, 0.04328, 0.21052, 0.18045, 0.17831, 0.0, 0.14364], [0.151, 0.06107, 0.26304, 0.17916, 0.26577, 0.26055, 0.04094, 0.14364, 0.0]], "adj_matrix_2": [[0.0, 0.25629, 0.0319, 0.06033, 0.01694, 0.06057, 0.25064, 0.09352, 0.18576], [0.25629, 0.0, 0.23752, 0.28274, 0.26499, 0.2178, 0.00832, 0.19182, 0.09815], [0.0319, 0.23752, 0.0, 0.09094, 0.04866, 0.02907, 0.23146, 0.0629, 0.16018], [0.06033, 0.28274, 0.09094, 0.0, 0.04373, 0.11773, 0.27833, 0.14775, 0.22719], [0.01694, 0.26499, 0.04866, 0.04373, 0.0, 0.07697, 0.2598, 0.10929, 0.19841], [0.06057, 0.2178, 0.02907, 0.11773, 0.07697, 0.0, 0.21134, 0.03423, 0.135], [0.25064, 0.00832, 0.23146, 0.27833, 0.2598, 0.21134, 0.0, 0.18483, 0.09011], [0.09352, 0.19182, 0.0629, 0.14775, 0.10929, 0.03423, 0.18483, 0.0, 0.10354], [0.18576, 0.09815, 0.16018, 0.22719, 0.19841, 0.135, 0.09011, 0.10354, 0.0]], "features_1": [[0.17648469566563696, 1.1178552116911473, 0.0, 0.2603513329028335, 0.6006109054050683, 0.1235858828891808, 0.34316938265159325, 0.6866251484819043, 0.35608366477617026, 0.23559211664072532, 0.007281081678807366, 0.593828035652014, 0.6378081074195162, 0.6669306661792872, 0.7670848051548355, 0.671816135613234, 0.6043290356880967], [0.10608278508719104, 1.1370937790379416, 0.0, 0.23400193755638668, 0.5948366357712037, 0.13089990096031565, 0.299175384611943, 0.6803003428878797, 0.39303798431789305, 0.24773418184637097, 0.00716927026363523, 0.6158666199443297, 0.6309531108602856, 0.6424036266392384, 0.7779590620150574, 0.6968493277924317, 0.5979878042262947], [0.33388676716367494, 1.2136183225756838, 0.0, 0.264580616495552, 0.617635531390958, 0.12571478301375197, 0.40617240356428397, 0.6854913873691574, 0.362200944342145, 0.2530039021794701, 0.00716927026363523, 0.5921966524223734, 0.6329850464430081, 0.6570496492846183, 0.7704847027916472, 0.6830914326288311, 0.6035463389445376], [0.1079179867107718, 1.182462225050046, 0.0, 0.24615758759233886, 0.608633509916591, 0.12686282973998897, 0.3139796823540607, 0.6841353507718433, 0.3707935930385551, 0.24953227639755227, 0.00711334193318236, 0.599917761411995, 0.6229803675328376, 0.6475753714025978, 0.7731845485293397, 0.6768960948831779, 0.6189031425803813], [0.8060959325946846, 1.3266370433328925, 0.0, 0.2378104193828587, 0.637521467295515, 0.12619461337038185, 0.3791829662558463, 0.6856334630982, 0.36042913882148575, 0.26292903655455446, 0.007057398507269275, 0.5852522036296004, 0.6445930346017769, 0.617431205042958, 0.775162317482174, 0.700023986167028, 0.5767342633083223], [0.4857171295577376, 1.2112912667429483, 0.0, 0.26162313268735526, 0.6194256656783732, 0.1258589074847748, 0.5166194401422466, 0.6861932384914047, 0.3574217316252206, 0.24733890421468874, 0.007057398507269275, 0.579528729071713, 0.6352053062059048, 0.6424289604212167, 0.7730478426316547, 0.676812217995894, 0.6127413111627871], [0.3322738542282062, 1.55503532134516, 0.0, 0.18985257459022534, 0.6776846027029428, 0.12257137261483238, 0.3803341431698115, 0.6887151870255473, 0.3473006846398117, 0.29703078582249365, 0.00677745458930179, 0.61177290544122, 0.6428153861358714, 0.6449969069832878, 0.7771941941710515, 0.6930024345924178, 0.5742051884683117], [0.5449851870030606, 1.3850424015575742, 0.0, 0.30607167595341933, 0.6631062703258328, 0.11740228554102622, 0.4453288810624656, 0.6910069383323489, 0.32386088529345414, 0.2628818668642785, 0.006609306440138685, 0.5831716039661878, 0.625693112717078, 0.625173598869908, 0.7614095231642922, 0.6782663397280523, 0.5670727084903573], [0.07059634431302175, 1.339694511154301, 0.0, 0.2552102316877746, 0.6526136967488827, 0.11719785102367075, 0.36894385629576687, 0.6908400164602757, 0.32754133313678624, 0.26266597634907174, 0.00677745458930179, 0.5971595141979014, 0.6300055101219851, 0.6504950859938939, 0.7598043219170054, 0.6646617876866465, 0.569684760863005]], "features_2": [[0.25124899740193163, 1.0209932299843028, 0.0, 0.2725465902899984, 0.5857795237028617, 0.12244680110401666, 0.27101371395388013, 0.6868240111821314, 0.3502509060464687, 0.21442345602797053, 0.00683347364535547, 0.5964972412089968, 0.6266860918607962, 0.6530305437988784, 0.7609115123217192, 0.6780992023334355, 0.595790435474166], [-0.10750575085587188, 1.0162230371866001, 0.0, 0.2702477597191561, 0.574946050082331, 0.13107638272851774, 0.23264843307970864, 0.6802945683367556, 0.40001573409111124, 0.23006686828709655, 0.007616154688146137, 0.6141636880602768, 0.648660588353934, 0.6692052165186368, 0.7791658688198427, 0.6852438879519062, 0.6091617944752803], [0.3000155401638871, 1.1370759129442722, 0.0, 0.2834920831659696, 0.6112032684061067, 0.12247587440579391, 0.3054991694363963, 0.6874257011947481, 0.3486350594928307, 0.2336990245499484, 0.0069454663283523566, 0.5954694894671797, 0.6409228354196362, 0.6484370329453539, 0.7655447090947843, 0.6774657867879055, 0.6043061166419899], [0.49652680692018203, 1.0596025791483432, 0.0, 0.2725956302536815, 0.5960127858942048, 0.12284270754122265, 0.3205494271875665, 0.687361448592535, 0.34393534431924677, 0.21843921798602706, 0.006384896235913207, 0.5891264921815895, 0.6283601660558469, 0.6493637873148635, 0.7678078550309482, 0.6771895171195846, 0.6025476566313996], [0.20800529952593072, 1.12087227890385, 0.0, 0.29408845234238984, 0.6074474493816634, 0.12466324414974822, 0.37021657597855795, 0.6875190980927108, 0.36169164013151756, 0.23624198011046427, 0.007057398507269275, 0.6007646471418644, 0.6375986729676933, 0.6512857682990296, 0.7805488467156088, 0.6794544452708694, 0.585800598433521], [0.25989325429694654, 1.2019937115553, 0.0, 0.2685806757871786, 0.6307463061348967, 0.12055051971412412, 0.4175237144319645, 0.6896723251051788, 0.32812813826384946, 0.24034971769841218, 0.006721420376576193, 0.590091682132448, 0.627246201055579, 0.6582638990284689, 0.7699158106682474, 0.6704170887320359, 0.5995815791230533], [0.06890294773888561, 1.296035927508535, 0.0, 0.20237531191588246, 0.6494533751944667, 0.11919279711336507, 0.5842550648666908, 0.6912032759043154, 0.323038095657326, 0.2529678753592961, 0.006384896235913207, 0.6015127271423544, 0.6521632200165245, 0.6424471754292886, 0.7769852557423035, 0.6775099127957179, 0.5466605261537514], [-0.15600215301622855, 1.172328387104574, 0.0, 0.2334194507297702, 0.6438989899115336, 0.10872706195975827, 0.5630655530843299, 0.6931421596720866, 0.281248557766973, 0.22038053009157865, 0.006272599803500922, 0.5978464349539045, 0.6595180828073015, 0.6647097854901152, 0.7506579144421636, 0.6702141567261856, 0.5318409227423969], [0.11456461148195807, 1.1497027841727243, 0.0, 0.21926783826407753, 0.6285242534705558, 0.11455690860439995, 0.4977749424506818, 0.692297159809538, 0.3131021777596368, 0.22476130960557095, 0.006384896235913207, 0.5943235188800391, 0.651941757522317, 0.6594635175440213, 0.7650058458670356, 0.6703972186811747, 0.5726875301551431]]}