{"labels_1": ["1", "2", "3", "4", "5", "6", "7", "8", "9"], "labels_2": ["1", "2", "3", "4", "5", "6", "7", "8", "9"], "adj_matrix_1": [[0.0, 0.17668, 0.00417, 0.03562, 0.16735, 0.09966, 0.06277, 0.14707, 0.04581], [0.17668, 0.0, 0.17326, 0.14624, 0.01098, 0.08498, 0.12123, 0.03401, 0.13704], [0.00417, 0.17326, 0.0, 0.03148, 0.16387, 0.09576, 0.05872, 0.14351, 0.0417], [0.03562, 0.14624, 0.03148, 0.0, 0.13633, 0.0654, 0.02754, 0.11498, 0.01029], [0.16735, 0.01098, 0.16387, 0.13633, 0.0, 0.07433, 0.11098, 0.02308, 0.127], [0.09966, 0.08498, 0.09576, 0.0654, 0.07433, 0.0, 0.03823, 0.05164, 0.05532], [0.06277, 0.12123, 0.05872, 0.02754, 0.11098, 0.03823, 0.0, 0.08899, 0.01728], [0.14707, 0.03401, 0.14351, 0.11498, 0.02308, 0.05164, 0.08899, 0.0, 0.10539], [0.04581, 0.13704, 0.0417, 0.01029, 0.127, 0.05532, 0.01728, 0.10539, 0.0]], "adj_matrix_2": [[0.0, 0.13327, 0.09742, 0.01789, 0.17889, 0.17748, 0.05857, 0.18375, 0.18558], [0.13327, 0.0, 0.04458, 0.12001, 0.26716, 0.06968, 0.08462, 0.26814, 0.0852], [0.09742, 0.04458, 0.0, 0.08178, 0.24539, 0.11001, 0.04225, 0.24807, 0.12392], [0.01789, 0.12001, 0.08178, 0.0, 0.19164, 0.16892, 0.04146, 0.19629, 0.17819], [0.17889, 0.26716, 0.24539, 0.19164, 0.0, 0.28778, 0.22096, 0.01948, 0.28968], [0.17748, 0.06968, 0.11001, 0.16892, 0.28778, 0.0, 0.14307, 0.28535, 0.01662], [0.05857, 0.08462, 0.04225, 0.04146, 0.22096, 0.14307, 0.0, 0.22462, 0.15483], [0.18375, 0.26814, 0.24807, 0.19629, 0.01948, 0.28535, 0.22462, 0.0, 0.28639], [0.18558, 0.0852, 0.12392, 0.17819, 0.28968, 0.01662, 0.15483, 0.28639, 0.0]], "features_1": [[1.0163147204872667, 1.0149624926117777, 0.0, 0.22056582294227817, 0.5884658108603256, 0.12686488974758403, 0.37457611312503547, 0.6861050441401672, 0.38623895016098864, 0.21480312687538605, 0.007448685839370306, 0.5903364212528621, 0.6475376988837069, 0.659281232544324, 0.7881014463692324, 0.7111405775083994, 0.6103357133760935], [0.39429987483462536, 0.9930243636341836, 0.0, 0.21322771045763245, 0.5639022231448328, 0.13424687101737773, 0.22977776065818317, 0.6771449762408819, 0.4242597120010372, 0.22574820128065443, 0.007783488497544067, 0.6171675567602191, 0.6481792621327627, 0.6622280009818351, 0.7895790754691856, 0.6966426997175025, 0.6227229974287235], [0.5809930277614574, 1.118698078242739, 0.0, 0.23549498725976456, 0.6000156615297659, 0.12937792526691533, 0.30205032979090163, 0.6830909838150994, 0.3848088808956458, 0.23974460952628207, 0.007225183508792421, 0.5953678367347521, 0.6361247605518009, 0.6468890039793195, 0.7861794069826831, 0.6808634883257675, 0.6098758551191074], [0.714327644832184, 1.1142735140964926, 0.0, 0.2620489273375658, 0.6009544561230055, 0.127643723658921, 0.3126806348080059, 0.6843802102289582, 0.3823784584631833, 0.2364743443320756, 0.007225183508792421, 0.5922655826150343, 0.6461535389066397, 0.6567076792410498, 0.7828704322660727, 0.6949931135007263, 0.5963913517131163], [0.2778344033710418, 1.0715992257107254, 0.0, 0.23431040679493403, 0.5817250458862397, 0.13015868815808693, 0.2715421339736587, 0.6812496704616806, 0.403466583617313, 0.23589746918449261, 0.007894969482732161, 0.6165379811722489, 0.6453572513396671, 0.6559785822816304, 0.7842231245551889, 0.6919754159515575, 0.6074336296362915], [0.308088095539782, 1.178877448687071, 0.0, 0.2027013871021366, 0.6051633624438995, 0.13082046099550176, 0.2502225585085746, 0.6805801199703827, 0.38901797382419456, 0.2519666673258538, 0.007448685839370306, 0.6056365628335729, 0.6428730132578875, 0.6531797018563326, 0.7833781095788719, 0.7039989731493077, 0.6024454742281031], [0.6954452593461751, 1.2383483107970588, 0.0, 0.25400833163310793, 0.6237255601060798, 0.1274939201474168, 0.3274660787830257, 0.6845220607931639, 0.3758749753323485, 0.253751732519355, 0.007392832833969631, 0.6008495855229383, 0.6433102559671181, 0.6295592855398148, 0.7814635772654934, 0.6918024212386086, 0.584055178347151], [0.16377690340017503, 1.3033810002334323, 0.0, 0.21989735204726213, 0.6366630583593955, 0.1255176176783231, 0.26061869479207755, 0.6847387366853951, 0.3680894567105635, 0.26609742917827384, 0.007336964783822175, 0.5991939534343893, 0.6274880271795484, 0.6328224178119962, 0.7713176987415931, 0.6855692126717092, 0.5784230356495972], [0.2749941706362913, 1.157520631477886, 0.0, 0.21709975890433053, 0.6000594923183702, 0.12988159921331255, 0.2151665370982819, 0.6801706463386381, 0.38739884826700544, 0.24715114446747055, 0.007336964783822175, 0.6081429557858069, 0.6365643192169388, 0.6355060154144341, 0.7764941811414996, 0.6785143182012626, 0.5908012208168703]], "features_2": [[0.9614114768625845, 1.482210163478563, 0.0, 0.23586241509065195, 0.6457513717258592, 0.14282491065027925, 0.29506885517600734, 0.6727698241530866, 0.467531480990111, 0.31977563795596464, 0.007727725548673403, 0.5868776007851313, 0.6813449482321725, 0.7094907517021021, 0.8192663074173494, 0.7213601463267483, 0.6510464695198326], [0.7792018985438247, 1.5281526109067194, 0.0, 0.2428915167220828, 0.6450305240579499, 0.14291904371913158, 0.25848591978213376, 0.6702368909916846, 0.46259170006800066, 0.3289668977872935, 0.008006390651371653, 0.5902513889771992, 0.6744304250424535, 0.6930848267017801, 0.8152528860839304, 0.7239780069160621, 0.6378618074601916], [0.8697561578572581, 1.531962724900245, 0.0, 0.2218496715088598, 0.6495985346440158, 0.1440691116153234, 0.25270484966645484, 0.6692477875444505, 0.47905581000325914, 0.33105716121565276, 0.00839589484089287, 0.594722612103491, 0.671825705008507, 0.7042626164640563, 0.8162134616912556, 0.7189718303309349, 0.6437357168846336], [0.893955972605033, 1.5283280369003338, 0.0, 0.24526996181027994, 0.6486765482618383, 0.14499910581391512, 0.24614100033435307, 0.6682925123799072, 0.4879613033086101, 0.3335703018500151, 0.008451478759474051, 0.5962762395938324, 0.6673576152542299, 0.7075455095561397, 0.8173652221547065, 0.7065410890987633, 0.6408411479423729], [0.20302033393151397, 1.8281528548999677, 0.0, 0.27258762170565637, 0.7046423636430666, 0.1298790865859153, 0.4272513975937578, 0.6851891703983142, 0.3833495918964098, 0.35274124036181975, 0.007336964783822175, 0.6120622049461684, 0.6672432663957504, 0.6890349348036252, 0.8022995445343025, 0.7027492343699578, 0.5889019109120699], [0.7818070612884558, 1.5592309269617626, 0.0, 0.23764549629054058, 0.6578166573377043, 0.14184305890670076, 0.2845435534636273, 0.6726049331987791, 0.4752251007458328, 0.3341867557833498, 0.008173410423425675, 0.6020501570432772, 0.6690421930416884, 0.6918688361460184, 0.8152860262167579, 0.7203348716261442, 0.631209265853887], [0.7474877783602714, 1.9157116633141194, 0.0, 0.2476764615961996, 0.7122744770260157, 0.13816653876134455, 0.3520289995395139, 0.6786788859865053, 0.4512657491719163, 0.3795777025355913, 0.008117752083540042, 0.5998676065939545, 0.6487580018109745, 0.6857404308616755, 0.8137870698416299, 0.7235386627673184, 0.5832642284512174], [0.3276195119008256, 1.713751364145052, 0.0, 0.2822529200512367, 0.7024477314002139, 0.1280835735227941, 0.5142872316235426, 0.6876729219203388, 0.39166251459784274, 0.3352884169310879, 0.007448685839370306, 0.607770429118311, 0.6766592607314178, 0.697091240768042, 0.8040061473058376, 0.7014152713271435, 0.588995392387303], [0.3278951133497934, 1.526610534960092, 0.0, 0.2465840309728331, 0.6620872484037772, 0.13779484800518801, 0.372917191654129, 0.6793889736726645, 0.4512801988743307, 0.32827284200534157, 0.008284682400665488, 0.6031693931163358, 0.6801256163337517, 0.7080784277853761, 0.8160009646465631, 0.710376950531059, 0.6116530548500322]]}