{"labels_1": ["1", "2", "3", "4", "5", "6", "7", "8", "9"], "labels_2": ["1", "2", "3", "4", "5", "6", "7", "8", "9"], "adj_matrix_1": [[0.0, 0.17668, 0.00417, 0.03562, 0.16735, 0.09966, 0.06277, 0.14707, 0.04581], [0.17668, 0.0, 0.17326, 0.14624, 0.01098, 0.08498, 0.12123, 0.03401, 0.13704], [0.00417, 0.17326, 0.0, 0.03148, 0.16387, 0.09576, 0.05872, 0.14351, 0.0417], [0.03562, 0.14624, 0.03148, 0.0, 0.13633, 0.0654, 0.02754, 0.11498, 0.01029], [0.16735, 0.01098, 0.16387, 0.13633, 0.0, 0.07433, 0.11098, 0.02308, 0.127], [0.09966, 0.08498, 0.09576, 0.0654, 0.07433, 0.0, 0.03823, 0.05164, 0.05532], [0.06277, 0.12123, 0.05872, 0.02754, 0.11098, 0.03823, 0.0, 0.08899, 0.01728], [0.14707, 0.03401, 0.14351, 0.11498, 0.02308, 0.05164, 0.08899, 0.0, 0.10539], [0.04581, 0.13704, 0.0417, 0.01029, 0.127, 0.05532, 0.01728, 0.10539, 0.0]], "adj_matrix_2": [[0.0, 0.03926, 0.13696, 0.05475, 0.11001, 0.07755, 0.23607, 0.25048, 0.24234], [0.03926, 0.0, 0.10043, 0.01567, 0.14558, 0.11484, 0.2554, 0.25049, 0.25972], [0.13696, 0.10043, 0.0, 0.0854, 0.22704, 0.20257, 0.29064, 0.24185, 0.29017], [0.05475, 0.01567, 0.0854, 0.0, 0.15915, 0.12922, 0.26216, 0.24989, 0.26571], [0.11001, 0.14558, 0.22704, 0.15915, 0.0, 0.03444, 0.1619, 0.2336, 0.17258], [0.07755, 0.11484, 0.20257, 0.12922, 0.03444, 0.0, 0.18762, 0.24192, 0.19713], [0.23607, 0.2554, 0.29064, 0.26216, 0.1619, 0.18762, 0.0, 0.1481, 0.01516], [0.25048, 0.25049, 0.24185, 0.24989, 0.2336, 0.24192, 0.1481, 0.0, 0.13707], [0.24234, 0.25972, 0.29017, 0.26571, 0.17258, 0.19713, 0.01516, 0.13707, 0.0]], "features_1": [[1.0163147204872667, 1.0149624926117777, 0.0, 0.22056582294227817, 0.5884658108603256, 0.12686488974758403, 0.37457611312503547, 0.6861050441401672, 0.38623895016098864, 0.21480312687538605, 0.007448685839370306, 0.5903364212528621, 0.6475376988837069, 0.659281232544324, 0.7881014463692324, 0.7111405775083994, 0.6103357133760935], [0.39429987483462536, 0.9930243636341836, 0.0, 0.21322771045763245, 0.5639022231448328, 0.13424687101737773, 0.22977776065818317, 0.6771449762408819, 0.4242597120010372, 0.22574820128065443, 0.007783488497544067, 0.6171675567602191, 0.6481792621327627, 0.6622280009818351, 0.7895790754691856, 0.6966426997175025, 0.6227229974287235], [0.5809930277614574, 1.118698078242739, 0.0, 0.23549498725976456, 0.6000156615297659, 0.12937792526691533, 0.30205032979090163, 0.6830909838150994, 0.3848088808956458, 0.23974460952628207, 0.007225183508792421, 0.5953678367347521, 0.6361247605518009, 0.6468890039793195, 0.7861794069826831, 0.6808634883257675, 0.6098758551191074], [0.714327644832184, 1.1142735140964926, 0.0, 0.2620489273375658, 0.6009544561230055, 0.127643723658921, 0.3126806348080059, 0.6843802102289582, 0.3823784584631833, 0.2364743443320756, 0.007225183508792421, 0.5922655826150343, 0.6461535389066397, 0.6567076792410498, 0.7828704322660727, 0.6949931135007263, 0.5963913517131163], [0.2778344033710418, 1.0715992257107254, 0.0, 0.23431040679493403, 0.5817250458862397, 0.13015868815808693, 0.2715421339736587, 0.6812496704616806, 0.403466583617313, 0.23589746918449261, 0.007894969482732161, 0.6165379811722489, 0.6453572513396671, 0.6559785822816304, 0.7842231245551889, 0.6919754159515575, 0.6074336296362915], [0.308088095539782, 1.178877448687071, 0.0, 0.2027013871021366, 0.6051633624438995, 0.13082046099550176, 0.2502225585085746, 0.6805801199703827, 0.38901797382419456, 0.2519666673258538, 0.007448685839370306, 0.6056365628335729, 0.6428730132578875, 0.6531797018563326, 0.7833781095788719, 0.7039989731493077, 0.6024454742281031], [0.6954452593461751, 1.2383483107970588, 0.0, 0.25400833163310793, 0.6237255601060798, 0.1274939201474168, 0.3274660787830257, 0.6845220607931639, 0.3758749753323485, 0.253751732519355, 0.007392832833969631, 0.6008495855229383, 0.6433102559671181, 0.6295592855398148, 0.7814635772654934, 0.6918024212386086, 0.584055178347151], [0.16377690340017503, 1.3033810002334323, 0.0, 0.21989735204726213, 0.6366630583593955, 0.1255176176783231, 0.26061869479207755, 0.6847387366853951, 0.3680894567105635, 0.26609742917827384, 0.007336964783822175, 0.5991939534343893, 0.6274880271795484, 0.6328224178119962, 0.7713176987415931, 0.6855692126717092, 0.5784230356495972], [0.2749941706362913, 1.157520631477886, 0.0, 0.21709975890433053, 0.6000594923183702, 0.12988159921331255, 0.2151665370982819, 0.6801706463386381, 0.38739884826700544, 0.24715114446747055, 0.007336964783822175, 0.6081429557858069, 0.6365643192169388, 0.6355060154144341, 0.7764941811414996, 0.6785143182012626, 0.5908012208168703]], "features_2": [[0.36729717735697864, 1.2279473777980336, 0.0, 0.19822806416249347, 0.6161119901774665, 0.1326636304232291, 0.3033574773544984, 0.6806561177854257, 0.41040854925744785, 0.2636710269591871, 0.007950687539111767, 0.6000569066443031, 0.6520589782259283, 0.6584941661804934, 0.7891624798080659, 0.7040196733247265, 0.6158586730635753], [0.08280723888166053, 1.299756139855956, 0.0, 0.1803867457267184, 0.6173718743382134, 0.13962841517702268, 0.22288677093839623, 0.6726538748947366, 0.4486261730011558, 0.2884735214576837, 0.007727725548673403, 0.6154779694738979, 0.6568125928498031, 0.6687272114097776, 0.7967614968894793, 0.6943333793054558, 0.5906578616234895], [0.12325309363856052, 1.405480539795628, 0.0, 0.1840708599288841, 0.6501084984699859, 0.13100079051592683, 0.314330441468573, 0.6826625596823882, 0.4028134550845883, 0.29186955481190124, 0.007336964783822175, 0.6078298577100272, 0.6536027541660351, 0.6690496289808848, 0.7880852819816794, 0.7102510544524399, 0.6052969828741116], [0.04885044955179074, 1.3253682860064921, 0.0, 0.1993415405810015, 0.6402055008810593, 0.12747022123571655, 0.35231720430645697, 0.6855595183529815, 0.3868553771082428, 0.2738729998805154, 0.007504523810135222, 0.6034711189164927, 0.635649566481624, 0.6512606640868953, 0.7846878848717879, 0.7042869214033695, 0.6112685391996906], [0.5089599840736758, 1.7052885583372148, 0.0, 0.22463279498327743, 0.6912233497090579, 0.12746271587462651, 0.3983086389057142, 0.6861686022524383, 0.36055536084015705, 0.3212514953114507, 0.00711334193318236, 0.6159031644900135, 0.631225051381547, 0.6370879822376382, 0.7874531629216404, 0.6826716733740973, 0.515131570386525], [0.18744150980965069, 1.4672694385305032, 0.0, 0.2096007165736374, 0.6710187826741612, 0.1252178588908019, 0.4778512007915808, 0.6882474719178824, 0.37295581970394, 0.29179633173024877, 0.007001439975721224, 0.596047443466942, 0.6655656099936711, 0.6845463173184552, 0.7844296435691128, 0.6955433430924354, 0.5953740146627461], [1.0459186755431178, 1.642355097437639, 0.0, 0.2812359364184212, 0.6945471214952986, 0.12307757159960439, 0.4704853275931562, 0.6893310468617003, 0.33997353300210564, 0.29942829622161393, 0.006889477554966383, 0.5861080134599819, 0.6342139911641875, 0.6231636342563296, 0.7850416313983849, 0.7097122691240898, 0.5600988924950101], [0.5254092933337389, 1.3042733329728788, 0.0, 0.24554858137256197, 0.6392477277083182, 0.12112877874562689, 0.5436833494970358, 0.6896729759815721, 0.3232341898989415, 0.255435443336949, 0.00655322669591385, 0.5848715885763456, 0.638638839335217, 0.6349157476782591, 0.7707760518409309, 0.7133420486364572, 0.561307002758485], [0.15836388966369475, 1.3688702820906, 0.0, 0.2429332845526932, 0.6639928595662223, 0.11546312037009368, 0.6653101589971435, 0.6923676406266774, 0.3049706772361127, 0.25839859926061925, 0.005991591679928909, 0.5837858097786004, 0.6522431111708736, 0.6565513561256732, 0.7682631753791894, 0.6907527850145432, 0.5573709578654714]]}