{"labels_1": ["1", "2", "3", "4", "5", "6", "7", "8", "9"], "labels_2": ["1", "2", "3", "4", "5", "6", "7", "8", "9"], "adj_matrix_1": [[0.0, 0.04368, 0.09771, 0.07911, 0.05687, 0.14988, 0.10688, 0.12993, 0.29322], [0.04368, 0.0, 0.1379, 0.12031, 0.01352, 0.18636, 0.06545, 0.16799, 0.31221], [0.09771, 0.1379, 0.0, 0.01941, 0.14963, 0.05651, 0.19175, 0.0345, 0.22985], [0.07911, 0.12031, 0.01941, 0.0, 0.13245, 0.07552, 0.17648, 0.05373, 0.24422], [0.05687, 0.01352, 0.14963, 0.13245, 0.0, 0.1968, 0.05248, 0.17886, 0.31718], [0.14988, 0.18636, 0.05651, 0.07552, 0.1968, 0.0, 0.2327, 0.02221, 0.18358], [0.10688, 0.06545, 0.19175, 0.17648, 0.05248, 0.2327, 0.0, 0.21725, 0.32872], [0.12993, 0.16799, 0.0345, 0.05373, 0.17886, 0.02221, 0.21725, 0.0, 0.20235], [0.29322, 0.31221, 0.22985, 0.24422, 0.31718, 0.18358, 0.32872, 0.20235, 0.0]], "adj_matrix_2": [[0.0, 0.30978, 0.30401, 0.03265, 0.1786, 0.24353, 0.30971, 0.2626, 0.05654], [0.30978, 0.0, 0.04476, 0.29988, 0.33695, 0.16591, 0.00292, 0.14043, 0.29154], [0.30401, 0.04476, 0.0, 0.29022, 0.35077, 0.12879, 0.04188, 0.10074, 0.27892], [0.03265, 0.29988, 0.29022, 0.0, 0.20724, 0.2193, 0.29956, 0.2405, 0.02405], [0.1786, 0.33695, 0.35077, 0.20724, 0.0, 0.34918, 0.33824, 0.35537, 0.22723], [0.24353, 0.16591, 0.12879, 0.2193, 0.34918, 0.0, 0.16368, 0.03083, 0.20042], [0.30971, 0.00292, 0.04188, 0.29956, 0.33824, 0.16368, 0.0, 0.13801, 0.29099], [0.2626, 0.14043, 0.10074, 0.2405, 0.35537, 0.03083, 0.13801, 0.0, 0.22312], [0.05654, 0.29154, 0.27892, 0.02405, 0.22723, 0.20042, 0.29099, 0.22312, 0.0]], "features_1": [[0.18808085547592635, 1.2356279447445686, 0.0, 0.23705271106754194, 0.6174576032369934, 0.12977251096854756, 0.28830623790975596, 0.6812989639130593, 0.3867800294673891, 0.2651150106297786, 0.007336964783822175, 0.596682376472923, 0.6322932045294581, 0.6566818085609936, 0.7699061049707782, 0.6916119367784028, 0.5785989174975428], [-0.019004483603596523, 1.2803008636711686, 0.0, 0.2073261524032711, 0.6196673003948638, 0.13170580118215608, 0.2473320470199873, 0.6794388148593146, 0.39217132477693073, 0.2752471247689974, 0.007001439975721224, 0.614290935500815, 0.6435219407482485, 0.6794206297026318, 0.7766593761050156, 0.689950676485489, 0.5877864913407375], [0.18812709877901224, 1.3672634982443677, 0.0, 0.21920865745199128, 0.6430883367048923, 0.1283340103105451, 0.31953489409651326, 0.6830994367919597, 0.37374826778495396, 0.2816287525917849, 0.00711334193318236, 0.6014105103312959, 0.6522098230724589, 0.6683356874580646, 0.7704270979805603, 0.693786186267842, 0.5801652759308455], [0.24559853260129838, 1.3888441773111795, 0.0, 0.21359187548696035, 0.6563169620970926, 0.12239879738775514, 0.3757534480440704, 0.6882013823092468, 0.34668371510489426, 0.2748722808177162, 0.007225183508792421, 0.5938698977658037, 0.6377527973290926, 0.6537570182053453, 0.7654894632569837, 0.6866698520777285, 0.5522089466101706], [-0.06009519317327916, 1.778910497759232, 0.0, 0.17726296415635076, 0.7056693957867617, 0.12394392394317784, 0.35761217012058283, 0.6876815499220321, 0.3570545803034342, 0.33733949390270457, 0.00677745458930179, 0.6141601287219163, 0.643499251404788, 0.6508280740557553, 0.7754980760561073, 0.702511715493751, 0.5110259772604462], [0.1238357905950016, 1.377442291942273, 0.0, 0.21200106198032626, 0.6495982155007781, 0.12700121698317726, 0.4253408390921372, 0.6856250997301437, 0.37721352761876425, 0.2811917517848772, 0.007336964783822175, 0.606662663099311, 0.6466293663919394, 0.6569892569372098, 0.777057525343193, 0.6943486180242875, 0.5896175330161126], [0.3209811004860157, 1.9527428309866666, 0.0, 0.24468882260808486, 0.7480215025031949, 0.11205988242728473, 0.5580789357295167, 0.6928488738301143, 0.29825000078137354, 0.33240625466672347, 0.006328755639155359, 0.5864330084208578, 0.6434066752540613, 0.6457791164635991, 0.7577521232795988, 0.6757949563640976, 0.4700522131917666], [0.21758411703878933, 1.3138776044972225, 0.0, 0.22818065003138954, 0.6387268603647316, 0.1282484614013314, 0.33059302775176463, 0.6848326810216497, 0.3656774926576909, 0.2707021521085753, 0.006328755639155359, 0.6055110410279945, 0.6461178044693792, 0.6770862019154837, 0.7819952775710938, 0.6847805532357624, 0.5954384590894363], [-0.2814307904358162, 1.4013417811106155, 0.0, 0.22564422281332708, 0.6642347196853565, 0.11920177125775974, 0.46512056229310017, 0.69061904681295, 0.32224643659075625, 0.273560724416382, 0.006328755639155359, 0.6123940102770185, 0.6483979171074418, 0.661649952866217, 0.768962997143831, 0.6480882850534887, 0.5577110490322421]], "features_2": [[-0.31294423878009425, 1.2650341384819204, 0.0, 0.1583742392660296, 0.6391065725878615, 0.12051788581167934, 0.45866809924859736, 0.6894439979097862, 0.3330816844081552, 0.2522355929670641, 0.006721420376576193, 0.609901340655131, 0.6343621463921584, 0.6419219072837006, 0.7592693897664945, 0.6450712452793955, 0.5828800490125753], [0.03999441782119062, 1.3478194400766228, 0.0, 0.1810698630849025, 0.6506149408747662, 0.12217404740868221, 0.4141789302007467, 0.6885780065138798, 0.34403319030927504, 0.2676946322946545, 0.00677745458930179, 0.5912778322536743, 0.6482859888740555, 0.6635335548396725, 0.7659919405809011, 0.6747915842114363, 0.5824117844495725], [-0.05831124887030725, 1.3838524059681017, 0.0, 0.15495116575611814, 0.6590757765636931, 0.12195738521078747, 0.41673154488421177, 0.6884132430779007, 0.3434505124977283, 0.2741920072461308, 0.00683347364535547, 0.5917153773083805, 0.6399499505823191, 0.6614455732015556, 0.7620385064778702, 0.6568028821104135, 0.5864651527699957], [-0.2363447013477855, 1.2942727804598586, 0.0, 0.15981291780226078, 0.6418743500095937, 0.12357816063787755, 0.3942329932251617, 0.6873299952347942, 0.354839862528777, 0.2646615176113156, 0.0069454663283523566, 0.6077749044364753, 0.6586976308049695, 0.6751031286842119, 0.7658330859812363, 0.6483368239466235, 0.599344265877811], [-0.11187004223231778, 1.498553584871224, 0.0, 0.19624887288940118, 0.6848063352438474, 0.11595599200160837, 0.5238366529825683, 0.6919663414093966, 0.31671802191098997, 0.27907447710283617, 0.00655322669591385, 0.6104506890765136, 0.6322007587683696, 0.6379566701813945, 0.7645623440059026, 0.6848754499220807, 0.5640631677747048], [-0.17422655444097712, 1.4033359086956279, 0.0, 0.1418903118200986, 0.6704048833645481, 0.1187116745627103, 0.5508335839664937, 0.6908686572176139, 0.3312965188869481, 0.2724729197761433, 0.006497131753992358, 0.5950103986069772, 0.6270172407954522, 0.6526982507707472, 0.7623630515717497, 0.6661053658526646, 0.5787887730945335], [-0.056556992058566014, 1.4155335131103393, 0.0, 0.18608317914895123, 0.660710332121544, 0.1261265098468586, 0.465956580937317, 0.6872444057355416, 0.3729953559996815, 0.28882799366634604, 0.0069454663283523566, 0.6051824442064913, 0.6461608537812192, 0.6790181682484602, 0.7829145308814704, 0.677604267143974, 0.5816327240879811], [0.2908015790327698, 1.463923098236813, 0.0, 0.2078056906772497, 0.6845734310026467, 0.11558650290591375, 0.5856440748404694, 0.6920801105816765, 0.30934973908247376, 0.26906860005800737, 0.00683347364535547, 0.585476828119674, 0.6364684159113808, 0.6455504488048804, 0.7543289033575161, 0.6776325588709986, 0.5746877960602004], [-0.12285346120528429, 1.2277897545287417, 0.0, 0.18442888260098242, 0.6415775621229253, 0.1190461209126828, 0.6588131975564352, 0.69123101374884, 0.33187535083005937, 0.24495471291013748, 0.00716927026363523, 0.6073343590982758, 0.6406265139998513, 0.6573183188851027, 0.7660595301386072, 0.6985953697696006, 0.5788958190210011]]}