{"labels_1": ["1", "2", "3", "4", "5", "6", "7", "8", "9"], "labels_2": ["1", "2", "3", "4", "5", "6", "7", "8", "9"], "adj_matrix_1": [[0.0, 0.04368, 0.09771, 0.07911, 0.05687, 0.14988, 0.10688, 0.12993, 0.29322], [0.04368, 0.0, 0.1379, 0.12031, 0.01352, 0.18636, 0.06545, 0.16799, 0.31221], [0.09771, 0.1379, 0.0, 0.01941, 0.14963, 0.05651, 0.19175, 0.0345, 0.22985], [0.07911, 0.12031, 0.01941, 0.0, 0.13245, 0.07552, 0.17648, 0.05373, 0.24422], [0.05687, 0.01352, 0.14963, 0.13245, 0.0, 0.1968, 0.05248, 0.17886, 0.31718], [0.14988, 0.18636, 0.05651, 0.07552, 0.1968, 0.0, 0.2327, 0.02221, 0.18358], [0.10688, 0.06545, 0.19175, 0.17648, 0.05248, 0.2327, 0.0, 0.21725, 0.32872], [0.12993, 0.16799, 0.0345, 0.05373, 0.17886, 0.02221, 0.21725, 0.0, 0.20235], [0.29322, 0.31221, 0.22985, 0.24422, 0.31718, 0.18358, 0.32872, 0.20235, 0.0]], "adj_matrix_2": [[0.0, 0.15326, 0.05439, 0.11705, 0.00802, 0.17084, 0.04756, 0.16009, 0.18439], [0.15326, 0.0, 0.10327, 0.04006, 0.16008, 0.28716, 0.10947, 0.00798, 0.03724], [0.05439, 0.10327, 0.0, 0.06467, 0.06226, 0.21678, 0.00683, 0.11073, 0.13744], [0.11705, 0.04006, 0.06467, 0.0, 0.12441, 0.26365, 0.07124, 0.04794, 0.07663], [0.00802, 0.16008, 0.06226, 0.12441, 0.0, 0.16375, 0.05556, 0.16703, 0.19076], [0.17084, 0.28716, 0.21678, 0.26365, 0.16375, 0.0, 0.21129, 0.29142, 0.30482], [0.04756, 0.10947, 0.00683, 0.07124, 0.05556, 0.21129, 0.0, 0.11703, 0.14332], [0.16009, 0.00798, 0.11073, 0.04794, 0.16703, 0.29142, 0.11703, 0.0, 0.02931], [0.18439, 0.03724, 0.13744, 0.07663, 0.19076, 0.30482, 0.14332, 0.02931, 0.0]], "features_1": [[0.18808085547592635, 1.2356279447445686, 0.0, 0.23705271106754194, 0.6174576032369934, 0.12977251096854756, 0.28830623790975596, 0.6812989639130593, 0.3867800294673891, 0.2651150106297786, 0.007336964783822175, 0.596682376472923, 0.6322932045294581, 0.6566818085609936, 0.7699061049707782, 0.6916119367784028, 0.5785989174975428], [-0.019004483603596523, 1.2803008636711686, 0.0, 0.2073261524032711, 0.6196673003948638, 0.13170580118215608, 0.2473320470199873, 0.6794388148593146, 0.39217132477693073, 0.2752471247689974, 0.007001439975721224, 0.614290935500815, 0.6435219407482485, 0.6794206297026318, 0.7766593761050156, 0.689950676485489, 0.5877864913407375], [0.18812709877901224, 1.3672634982443677, 0.0, 0.21920865745199128, 0.6430883367048923, 0.1283340103105451, 0.31953489409651326, 0.6830994367919597, 0.37374826778495396, 0.2816287525917849, 0.00711334193318236, 0.6014105103312959, 0.6522098230724589, 0.6683356874580646, 0.7704270979805603, 0.693786186267842, 0.5801652759308455], [0.24559853260129838, 1.3888441773111795, 0.0, 0.21359187548696035, 0.6563169620970926, 0.12239879738775514, 0.3757534480440704, 0.6882013823092468, 0.34668371510489426, 0.2748722808177162, 0.007225183508792421, 0.5938698977658037, 0.6377527973290926, 0.6537570182053453, 0.7654894632569837, 0.6866698520777285, 0.5522089466101706], [-0.06009519317327916, 1.778910497759232, 0.0, 0.17726296415635076, 0.7056693957867617, 0.12394392394317784, 0.35761217012058283, 0.6876815499220321, 0.3570545803034342, 0.33733949390270457, 0.00677745458930179, 0.6141601287219163, 0.643499251404788, 0.6508280740557553, 0.7754980760561073, 0.702511715493751, 0.5110259772604462], [0.1238357905950016, 1.377442291942273, 0.0, 0.21200106198032626, 0.6495982155007781, 0.12700121698317726, 0.4253408390921372, 0.6856250997301437, 0.37721352761876425, 0.2811917517848772, 0.007336964783822175, 0.606662663099311, 0.6466293663919394, 0.6569892569372098, 0.777057525343193, 0.6943486180242875, 0.5896175330161126], [0.3209811004860157, 1.9527428309866666, 0.0, 0.24468882260808486, 0.7480215025031949, 0.11205988242728473, 0.5580789357295167, 0.6928488738301143, 0.29825000078137354, 0.33240625466672347, 0.006328755639155359, 0.5864330084208578, 0.6434066752540613, 0.6457791164635991, 0.7577521232795988, 0.6757949563640976, 0.4700522131917666], [0.21758411703878933, 1.3138776044972225, 0.0, 0.22818065003138954, 0.6387268603647316, 0.1282484614013314, 0.33059302775176463, 0.6848326810216497, 0.3656774926576909, 0.2707021521085753, 0.006328755639155359, 0.6055110410279945, 0.6461178044693792, 0.6770862019154837, 0.7819952775710938, 0.6847805532357624, 0.5954384590894363], [-0.2814307904358162, 1.4013417811106155, 0.0, 0.22564422281332708, 0.6642347196853565, 0.11920177125775974, 0.46512056229310017, 0.69061904681295, 0.32224643659075625, 0.273560724416382, 0.006328755639155359, 0.6123940102770185, 0.6483979171074418, 0.661649952866217, 0.768962997143831, 0.6480882850534887, 0.5577110490322421]], "features_2": [[0.08874283381129366, 1.2303468717586339, 0.0, 0.1943455306432468, 0.6070391430160582, 0.1289397770132723, 0.10694995133854449, 0.6787772421443973, 0.3757198894167453, 0.26405925489215676, 0.00783923647221818, 0.614206626329239, 0.6330792595634769, 0.6582702843074983, 0.7563569893995499, 0.6727199730840183, 0.5829705770444792], [0.09710052870000485, 1.298034897030242, 0.0, 0.18782604825331062, 0.6181028881432978, 0.13080472302262613, 0.1293288245735802, 0.6774258715453012, 0.37833035634772494, 0.27635589229118773, 0.007616154688146137, 0.6087024774230272, 0.6206450673257673, 0.6426395018440179, 0.7654558888451681, 0.6863753060940806, 0.5933482405671721], [0.08231130258145347, 1.3416963415942469, 0.0, 0.2185276339346877, 0.6315995121951464, 0.12860615092792715, 0.12647519598246076, 0.6800205188784312, 0.3770535848773291, 0.2822556847128952, 0.007616154688146137, 0.606651595525129, 0.6437139248434423, 0.6543646331240074, 0.7597781302105747, 0.6640151396606606, 0.5896064040257211], [0.1768335716942957, 1.3281105727117053, 0.0, 0.23090694525188118, 0.6243706778596094, 0.13019158876545267, 0.09663629877650806, 0.6772852721118645, 0.3807291341435286, 0.2799144874939772, 0.007392832833969631, 0.6062413700166078, 0.6213401704751054, 0.6305948806699813, 0.7584979803288203, 0.6816624077729477, 0.5832245170327162], [0.22408330213716443, 1.557782984760962, 0.0, 0.19029738979773625, 0.6766716327775908, 0.12337416487513257, 0.33789057213072554, 0.6877367445538237, 0.3327413433001598, 0.2991301773134143, 0.006497131753992358, 0.6133557108137191, 0.6492521269759419, 0.649604920288334, 0.7751425940927513, 0.6975301551651769, 0.5509536694932816], [-0.05386657337891876, 1.3253418530785124, 0.0, 0.22667041004252178, 0.6409741081844033, 0.1253560310763672, 0.2624143905803386, 0.6854026584468822, 0.35545400887640977, 0.26880936976664893, 0.00683347364535547, 0.6180146216248237, 0.6231654248913688, 0.6422645970190675, 0.7666741083253649, 0.6873167327150017, 0.5960165846736327], [-0.19695414976652303, 1.698590060453332, 0.0, 0.2093083480038761, 0.6884742670347085, 0.1286618884021646, 0.2610417691846131, 0.6828934579972084, 0.3702224677981969, 0.3373708222758547, 0.00716927026363523, 0.6187133388480852, 0.6422271311925705, 0.6655853170103673, 0.779135603484157, 0.6712557944297252, 0.5591491947237269], [0.7483123403719807, 1.5201273197779288, 0.0, 0.25759045520457563, 0.695273353109393, 0.11220988970865627, 0.4550826636790674, 0.6927263437864186, 0.3236921725567705, 0.2800057575959958, 0.007281081678807366, 0.5844870184316084, 0.6304962590702434, 0.6348239442237036, 0.7546184545653878, 0.6623352411367692, 0.5248848344988173], [0.14480766875676654, 1.4060994865859855, 0.0, 0.27331714587068556, 0.6653972235079685, 0.11839992774068052, 0.4066943826823014, 0.6905866140585981, 0.3296092802884252, 0.27422200948313225, 0.00683347364535547, 0.5950537241746274, 0.6389092750283564, 0.6616693293690793, 0.7625271981586581, 0.664198083325588, 0.563552511276697]]}