{"labels_1": ["1", "2", "3", "4", "5", "6", "7", "8", "9"], "labels_2": ["1", "2", "3", "4", "5", "6", "7", "8", "9"], "adj_matrix_1": [[0.0, 0.04368, 0.09771, 0.07911, 0.05687, 0.14988, 0.10688, 0.12993, 0.29322], [0.04368, 0.0, 0.1379, 0.12031, 0.01352, 0.18636, 0.06545, 0.16799, 0.31221], [0.09771, 0.1379, 0.0, 0.01941, 0.14963, 0.05651, 0.19175, 0.0345, 0.22985], [0.07911, 0.12031, 0.01941, 0.0, 0.13245, 0.07552, 0.17648, 0.05373, 0.24422], [0.05687, 0.01352, 0.14963, 0.13245, 0.0, 0.1968, 0.05248, 0.17886, 0.31718], [0.14988, 0.18636, 0.05651, 0.07552, 0.1968, 0.0, 0.2327, 0.02221, 0.18358], [0.10688, 0.06545, 0.19175, 0.17648, 0.05248, 0.2327, 0.0, 0.21725, 0.32872], [0.12993, 0.16799, 0.0345, 0.05373, 0.17886, 0.02221, 0.21725, 0.0, 0.20235], [0.29322, 0.31221, 0.22985, 0.24422, 0.31718, 0.18358, 0.32872, 0.20235, 0.0]], "adj_matrix_2": [[0.0, 0.17682, 0.12596, 0.14172, 0.15914, 0.13885, 0.09442, 0.26624, 0.32717], [0.17682, 0.0, 0.26732, 0.2771, 0.28725, 0.2753, 0.09158, 0.21476, 0.36636], [0.12596, 0.26732, 0.0, 0.01703, 0.03629, 0.01392, 0.20791, 0.26565, 0.24131], [0.14172, 0.2771, 0.01703, 0.0, 0.01932, 0.00311, 0.22122, 0.26424, 0.22742], [0.15914, 0.28725, 0.03629, 0.01932, 0.0, 0.02242, 0.23585, 0.26195, 0.21116], [0.13885, 0.2753, 0.01392, 0.00311, 0.02242, 0.0, 0.21884, 0.26444, 0.23001], [0.09442, 0.09158, 0.20791, 0.22122, 0.23585, 0.21884, 0.0, 0.2489, 0.36267], [0.26624, 0.21476, 0.26565, 0.26424, 0.26195, 0.26444, 0.2489, 0.0, 0.22817], [0.32717, 0.36636, 0.24131, 0.22742, 0.21116, 0.23001, 0.36267, 0.22817, 0.0]], "features_1": [[0.18808085547592635, 1.2356279447445686, 0.0, 0.23705271106754194, 0.6174576032369934, 0.12977251096854756, 0.28830623790975596, 0.6812989639130593, 0.3867800294673891, 0.2651150106297786, 0.007336964783822175, 0.596682376472923, 0.6322932045294581, 0.6566818085609936, 0.7699061049707782, 0.6916119367784028, 0.5785989174975428], [-0.019004483603596523, 1.2803008636711686, 0.0, 0.2073261524032711, 0.6196673003948638, 0.13170580118215608, 0.2473320470199873, 0.6794388148593146, 0.39217132477693073, 0.2752471247689974, 0.007001439975721224, 0.614290935500815, 0.6435219407482485, 0.6794206297026318, 0.7766593761050156, 0.689950676485489, 0.5877864913407375], [0.18812709877901224, 1.3672634982443677, 0.0, 0.21920865745199128, 0.6430883367048923, 0.1283340103105451, 0.31953489409651326, 0.6830994367919597, 0.37374826778495396, 0.2816287525917849, 0.00711334193318236, 0.6014105103312959, 0.6522098230724589, 0.6683356874580646, 0.7704270979805603, 0.693786186267842, 0.5801652759308455], [0.24559853260129838, 1.3888441773111795, 0.0, 0.21359187548696035, 0.6563169620970926, 0.12239879738775514, 0.3757534480440704, 0.6882013823092468, 0.34668371510489426, 0.2748722808177162, 0.007225183508792421, 0.5938698977658037, 0.6377527973290926, 0.6537570182053453, 0.7654894632569837, 0.6866698520777285, 0.5522089466101706], [-0.06009519317327916, 1.778910497759232, 0.0, 0.17726296415635076, 0.7056693957867617, 0.12394392394317784, 0.35761217012058283, 0.6876815499220321, 0.3570545803034342, 0.33733949390270457, 0.00677745458930179, 0.6141601287219163, 0.643499251404788, 0.6508280740557553, 0.7754980760561073, 0.702511715493751, 0.5110259772604462], [0.1238357905950016, 1.377442291942273, 0.0, 0.21200106198032626, 0.6495982155007781, 0.12700121698317726, 0.4253408390921372, 0.6856250997301437, 0.37721352761876425, 0.2811917517848772, 0.007336964783822175, 0.606662663099311, 0.6466293663919394, 0.6569892569372098, 0.777057525343193, 0.6943486180242875, 0.5896175330161126], [0.3209811004860157, 1.9527428309866666, 0.0, 0.24468882260808486, 0.7480215025031949, 0.11205988242728473, 0.5580789357295167, 0.6928488738301143, 0.29825000078137354, 0.33240625466672347, 0.006328755639155359, 0.5864330084208578, 0.6434066752540613, 0.6457791164635991, 0.7577521232795988, 0.6757949563640976, 0.4700522131917666], [0.21758411703878933, 1.3138776044972225, 0.0, 0.22818065003138954, 0.6387268603647316, 0.1282484614013314, 0.33059302775176463, 0.6848326810216497, 0.3656774926576909, 0.2707021521085753, 0.006328755639155359, 0.6055110410279945, 0.6461178044693792, 0.6770862019154837, 0.7819952775710938, 0.6847805532357624, 0.5954384590894363], [-0.2814307904358162, 1.4013417811106155, 0.0, 0.22564422281332708, 0.6642347196853565, 0.11920177125775974, 0.46512056229310017, 0.69061904681295, 0.32224643659075625, 0.273560724416382, 0.006328755639155359, 0.6123940102770185, 0.6483979171074418, 0.661649952866217, 0.768962997143831, 0.6480882850534887, 0.5577110490322421]], "features_2": [[0.2967879228167636, 1.2201634084818331, 0.0, 0.30336076565244946, 0.625883113388332, 0.12473578461509466, 0.31597080977863856, 0.6865680517557797, 0.3728837807257215, 0.252325149185044, 0.007448685839370306, 0.598952647967053, 0.6438427613154787, 0.6584065390701548, 0.7709356688504917, 0.6934897611312079, 0.5903204431781675], [0.16159181019102498, 1.2160783150720902, 0.0, 0.26802925419750445, 0.615740142963567, 0.13078952993423776, 0.23471614685745976, 0.680990510831763, 0.4052014073732464, 0.26423477684828933, 0.00783923647221818, 0.6017815675888252, 0.6653609831028882, 0.6799963415979312, 0.7778944156814351, 0.6946883279102952, 0.5960227714821373], [0.037821832597664695, 1.3132439425445959, 0.0, 0.28689285812597387, 0.6408636709569048, 0.12551046333797145, 0.33411550374722837, 0.6862713630407421, 0.375007060981595, 0.2691838319656594, 0.00716927026363523, 0.612591266191588, 0.6435486226110773, 0.6535415974832522, 0.7715214335439351, 0.6897458994383667, 0.5913764245365953], [0.05367666809897642, 1.3140850641658468, 0.0, 0.2754813485322022, 0.6430141565593804, 0.12463580382629297, 0.4249231848082296, 0.6874624484935327, 0.36374307441622444, 0.26716375598193, 0.006889477554966383, 0.607144141733388, 0.6460701051852669, 0.6763694146251975, 0.7717816931261388, 0.679442806565549, 0.579847924826267], [0.01954274291609792, 1.459626746049766, 0.0, 0.2138842433321148, 0.6725053566140703, 0.11843977883149301, 0.4335862653212047, 0.6910053645893144, 0.3384853454231924, 0.2826511725752221, 0.007057398507269275, 0.6045789276058864, 0.6657789691937857, 0.6715746953058176, 0.7686794562267973, 0.6973462253449646, 0.5178972938404921], [-0.05169752755202728, 1.34411173779852, 0.0, 0.2634105969476619, 0.6543994123924336, 0.12040485210777505, 0.44257752016676266, 0.6899905564060869, 0.3410620387361447, 0.2666941044034692, 0.007504523810135222, 0.6105935068189539, 0.6510139094006416, 0.656900565133545, 0.7666989305511841, 0.6955920014535963, 0.5847736870670442], [-0.0548011339967327, 1.6716695711230085, 0.0, 0.24148344514754624, 0.7031453941690666, 0.11901923871110899, 0.5188578552970412, 0.6909383334823391, 0.3266607604222369, 0.31014556947762983, 0.006328755639155359, 0.6031949919415762, 0.6315473707537578, 0.6592186527369572, 0.7707051850844889, 0.6849482510824758, 0.5216672652136454], [0.8195152088341189, 1.3733374105101785, 0.0, 0.31673277906006, 0.6734837529091192, 0.11131671977248488, 0.5056920423866451, 0.6929366256719094, 0.3195386385312058, 0.25871346523597927, 0.00711334193318236, 0.5615285855672831, 0.6339593680767893, 0.6521172195512546, 0.7559723844918929, 0.6416422031660869, 0.5837607817557383], [-0.4369293675249284, 1.356104790718733, 0.0, 0.22248049863017863, 0.66730713662037, 0.11109338226291979, 0.5302619085649652, 0.6929231807403211, 0.2871396957923633, 0.25498961287772537, 0.005822803276368971, 0.6115700372337909, 0.6509079970771695, 0.6578518171815744, 0.7534463934352337, 0.665778083978208, 0.5567826929718626]]}