{"labels_1": ["1", "2", "3", "4", "5", "6", "7", "8", "9"], "labels_2": ["1", "2", "3", "4", "5", "6", "7", "8", "9"], "adj_matrix_1": [[0.0, 0.04368, 0.09771, 0.07911, 0.05687, 0.14988, 0.10688, 0.12993, 0.29322], [0.04368, 0.0, 0.1379, 0.12031, 0.01352, 0.18636, 0.06545, 0.16799, 0.31221], [0.09771, 0.1379, 0.0, 0.01941, 0.14963, 0.05651, 0.19175, 0.0345, 0.22985], [0.07911, 0.12031, 0.01941, 0.0, 0.13245, 0.07552, 0.17648, 0.05373, 0.24422], [0.05687, 0.01352, 0.14963, 0.13245, 0.0, 0.1968, 0.05248, 0.17886, 0.31718], [0.14988, 0.18636, 0.05651, 0.07552, 0.1968, 0.0, 0.2327, 0.02221, 0.18358], [0.10688, 0.06545, 0.19175, 0.17648, 0.05248, 0.2327, 0.0, 0.21725, 0.32872], [0.12993, 0.16799, 0.0345, 0.05373, 0.17886, 0.02221, 0.21725, 0.0, 0.20235], [0.29322, 0.31221, 0.22985, 0.24422, 0.31718, 0.18358, 0.32872, 0.20235, 0.0]], "adj_matrix_2": [[0.0, 0.10212, 0.07213, 0.06048, 0.02798, 0.16857, 0.2638, 0.17339, 0.17396], [0.10212, 0.0, 0.03078, 0.04258, 0.12868, 0.07065, 0.31387, 0.25454, 0.25497], [0.07213, 0.03078, 0.0, 0.01185, 0.09936, 0.10075, 0.30082, 0.23203, 0.23245], [0.06048, 0.04258, 0.01185, 0.0, 0.08789, 0.11215, 0.29543, 0.22298, 0.22343], [0.02798, 0.12868, 0.09936, 0.08789, 0.0, 0.19321, 0.24693, 0.14896, 0.14946], [0.16857, 0.07065, 0.10075, 0.11215, 0.19321, 0.0, 0.338, 0.30111, 0.30131], [0.2638, 0.31387, 0.30082, 0.29543, 0.24693, 0.338, 0.0, 0.12857, 0.12808], [0.17339, 0.25454, 0.23203, 0.22298, 0.14896, 0.30111, 0.12857, 0.0, 0.0006], [0.17396, 0.25497, 0.23245, 0.22343, 0.14946, 0.30131, 0.12808, 0.0006, 0.0]], "features_1": [[0.18808085547592635, 1.2356279447445686, 0.0, 0.23705271106754194, 0.6174576032369934, 0.12977251096854756, 0.28830623790975596, 0.6812989639130593, 0.3867800294673891, 0.2651150106297786, 0.007336964783822175, 0.596682376472923, 0.6322932045294581, 0.6566818085609936, 0.7699061049707782, 0.6916119367784028, 0.5785989174975428], [-0.019004483603596523, 1.2803008636711686, 0.0, 0.2073261524032711, 0.6196673003948638, 0.13170580118215608, 0.2473320470199873, 0.6794388148593146, 0.39217132477693073, 0.2752471247689974, 0.007001439975721224, 0.614290935500815, 0.6435219407482485, 0.6794206297026318, 0.7766593761050156, 0.689950676485489, 0.5877864913407375], [0.18812709877901224, 1.3672634982443677, 0.0, 0.21920865745199128, 0.6430883367048923, 0.1283340103105451, 0.31953489409651326, 0.6830994367919597, 0.37374826778495396, 0.2816287525917849, 0.00711334193318236, 0.6014105103312959, 0.6522098230724589, 0.6683356874580646, 0.7704270979805603, 0.693786186267842, 0.5801652759308455], [0.24559853260129838, 1.3888441773111795, 0.0, 0.21359187548696035, 0.6563169620970926, 0.12239879738775514, 0.3757534480440704, 0.6882013823092468, 0.34668371510489426, 0.2748722808177162, 0.007225183508792421, 0.5938698977658037, 0.6377527973290926, 0.6537570182053453, 0.7654894632569837, 0.6866698520777285, 0.5522089466101706], [-0.06009519317327916, 1.778910497759232, 0.0, 0.17726296415635076, 0.7056693957867617, 0.12394392394317784, 0.35761217012058283, 0.6876815499220321, 0.3570545803034342, 0.33733949390270457, 0.00677745458930179, 0.6141601287219163, 0.643499251404788, 0.6508280740557553, 0.7754980760561073, 0.702511715493751, 0.5110259772604462], [0.1238357905950016, 1.377442291942273, 0.0, 0.21200106198032626, 0.6495982155007781, 0.12700121698317726, 0.4253408390921372, 0.6856250997301437, 0.37721352761876425, 0.2811917517848772, 0.007336964783822175, 0.606662663099311, 0.6466293663919394, 0.6569892569372098, 0.777057525343193, 0.6943486180242875, 0.5896175330161126], [0.3209811004860157, 1.9527428309866666, 0.0, 0.24468882260808486, 0.7480215025031949, 0.11205988242728473, 0.5580789357295167, 0.6928488738301143, 0.29825000078137354, 0.33240625466672347, 0.006328755639155359, 0.5864330084208578, 0.6434066752540613, 0.6457791164635991, 0.7577521232795988, 0.6757949563640976, 0.4700522131917666], [0.21758411703878933, 1.3138776044972225, 0.0, 0.22818065003138954, 0.6387268603647316, 0.1282484614013314, 0.33059302775176463, 0.6848326810216497, 0.3656774926576909, 0.2707021521085753, 0.006328755639155359, 0.6055110410279945, 0.6461178044693792, 0.6770862019154837, 0.7819952775710938, 0.6847805532357624, 0.5954384590894363], [-0.2814307904358162, 1.4013417811106155, 0.0, 0.22564422281332708, 0.6642347196853565, 0.11920177125775974, 0.46512056229310017, 0.69061904681295, 0.32224643659075625, 0.273560724416382, 0.006328755639155359, 0.6123940102770185, 0.6483979171074418, 0.661649952866217, 0.768962997143831, 0.6480882850534887, 0.5577110490322421]], "features_2": [[-0.2594398503915385, 1.12271418338025, 0.0, 0.29675517661541245, 0.6066731211969304, 0.12357022077338188, 0.36754914881833545, 0.6872685929973721, 0.34897846143194644, 0.23884861400416768, 0.006721420376576193, 0.6061682834829922, 0.6443203484115988, 0.671349950305191, 0.7718325202308579, 0.6872613023662874, 0.6184514657711556], [-0.19657637968253505, 1.1410524441048984, 0.0, 0.25329772263792494, 0.6147409059058935, 0.12140295006584223, 0.432792456436777, 0.6895281824301989, 0.34333412000821983, 0.2362526574100976, 0.00716927026363523, 0.6121050499075693, 0.6523464808230988, 0.6673472237378592, 0.7770117218626678, 0.6794873667094721, 0.6098676130540082], [-0.2834601064718356, 1.245997409260881, 0.0, 0.2825089146834629, 0.635886365960571, 0.12038868740988234, 0.3939299756781466, 0.6897267621264056, 0.3355075699322245, 0.25431153481234103, 0.0069454663283523566, 0.6065289296140328, 0.6508114914016183, 0.6755795881639327, 0.77113483607057, 0.7024211229747452, 0.6099783539181244], [-0.20154631665809886, 1.2117796933984346, 0.0, 0.2821836124506239, 0.6220779678080205, 0.12302089951751359, 0.36633364592624673, 0.6875887878398457, 0.3434338002229538, 0.25180065036323507, 0.0069454663283523566, 0.6079090099610682, 0.6446396279432676, 0.6634990772269547, 0.771224141584065, 0.6893744382606921, 0.6131843495410678], [0.02969650166555393, 1.3422315856438038, 0.0, 0.2211241278876198, 0.6615784678768428, 0.11372070143286508, 0.6097836448223163, 0.6926419563207746, 0.2902428448239871, 0.25175868751136843, 0.006384896235913207, 0.5947198921404462, 0.6460883815806385, 0.6366493507851563, 0.7644309301633869, 0.651976888992258, 0.5494123031772624], [-0.3628117454476256, 1.3066891869646837, 0.0, 0.27198311063046476, 0.6515274738577033, 0.11549257831303719, 0.4703082434241189, 0.6919289316615079, 0.3095921097622707, 0.25679999495703476, 0.00677745458930179, 0.6114806606995389, 0.6461652020848169, 0.668720810054393, 0.7648441496304924, 0.6864028502608461, 0.5960232676435352], [0.43702684299139305, 1.3766709672894957, 0.0, 0.3008274949139126, 0.6526649341907867, 0.12019203575523438, 0.3931307317413527, 0.6895944446676578, 0.32495013807048134, 0.2684914265959031, 0.006384896235913207, 0.5949268914667958, 0.6332073675499134, 0.6399947058665388, 0.7712795284583616, 0.6924490305198289, 0.5915014470560043], [0.5172455516874956, 1.4599560078582432, 0.0, 0.27448963909922347, 0.6893416818624561, 0.10783775733207979, 0.5753842108983243, 0.6931452026753611, 0.27625960523702964, 0.2586064111753259, 0.006272599803500922, 0.5769706962985497, 0.6291939813369265, 0.6389888623583309, 0.7455605291644866, 0.6480762446912807, 0.5636415793481022], [0.05989026304473466, 1.318457178582649, 0.0, 0.25386443020813143, 0.6598260959343052, 0.11143672890907913, 0.534648172979162, 0.6928650775732292, 0.28755193469732654, 0.24479692236248174, 0.006384896235913207, 0.5796116875056221, 0.6428737110533601, 0.6357497675737406, 0.7579389571388916, 0.6809059314535081, 0.5729481027756771]]}