{"labels_1": ["1", "2", "3", "4", "5", "6", "7", "8", "9"], "labels_2": ["1", "2", "3", "4", "5", "6", "7", "8", "9"], "adj_matrix_1": [[0.0, 0.30799, 0.04448, 0.06497, 0.30251, 0.07397, 0.10649, 0.12536, 0.13093], [0.30799, 0.0, 0.31199, 0.31332, 0.11857, 0.31346, 0.28484, 0.31222, 0.27712], [0.04448, 0.31199, 0.0, 0.02068, 0.32064, 0.02981, 0.14848, 0.08251, 0.17172], [0.06497, 0.31332, 0.02068, 0.0, 0.32789, 0.00915, 0.1673, 0.06215, 0.18993], [0.30251, 0.11857, 0.32064, 0.32789, 0.0, 0.33097, 0.24477, 0.34558, 0.22786], [0.07397, 0.31346, 0.02981, 0.00915, 0.33097, 0.0, 0.17558, 0.05314, 0.19787], [0.10649, 0.28484, 0.14848, 0.1673, 0.24477, 0.17558, 0.0, 0.22166, 0.02585], [0.12536, 0.31222, 0.08251, 0.06215, 0.34558, 0.05314, 0.22166, 0.0, 0.24181], [0.13093, 0.27712, 0.17172, 0.18993, 0.22786, 0.19787, 0.02585, 0.24181, 0.0]], "adj_matrix_2": [[0.0, 0.30978, 0.30401, 0.03265, 0.1786, 0.24353, 0.30971, 0.2626, 0.05654], [0.30978, 0.0, 0.04476, 0.29988, 0.33695, 0.16591, 0.00292, 0.14043, 0.29154], [0.30401, 0.04476, 0.0, 0.29022, 0.35077, 0.12879, 0.04188, 0.10074, 0.27892], [0.03265, 0.29988, 0.29022, 0.0, 0.20724, 0.2193, 0.29956, 0.2405, 0.02405], [0.1786, 0.33695, 0.35077, 0.20724, 0.0, 0.34918, 0.33824, 0.35537, 0.22723], [0.24353, 0.16591, 0.12879, 0.2193, 0.34918, 0.0, 0.16368, 0.03083, 0.20042], [0.30971, 0.00292, 0.04188, 0.29956, 0.33824, 0.16368, 0.0, 0.13801, 0.29099], [0.2626, 0.14043, 0.10074, 0.2405, 0.35537, 0.03083, 0.13801, 0.0, 0.22312], [0.05654, 0.29154, 0.27892, 0.02405, 0.22723, 0.20042, 0.29099, 0.22312, 0.0]], "features_1": [[-0.2050623018691562, 1.0961640452001677, 0.0, 0.25884695609740516, 0.5926917571510597, 0.12515204414233172, 0.35885242318346683, 0.6853056276072715, 0.34946621121424926, 0.2351807176784806, 0.007336964783822175, 0.6142315272541805, 0.649336065511815, 0.6784750250846113, 0.7637912894189365, 0.6733847474620369, 0.589335843373821], [0.3652658986416286, 1.1834394272259894, 0.0, 0.26624695025185874, 0.6041098649083961, 0.1289964210393671, 0.33750323813804994, 0.6830107767548893, 0.3848930539213855, 0.2556842860569246, 0.00783923647221818, 0.596563972279553, 0.6281711666015025, 0.6478080530212367, 0.7769342801530721, 0.6885394129754616, 0.5745182763609475], [-0.21423493266140303, 1.2117865040107056, 0.0, 0.25129146816285713, 0.6127403861480007, 0.12617471329654428, 0.27707860033777576, 0.6839182852144186, 0.3539459950737516, 0.25723619994393543, 0.007001439975721224, 0.6197125277243654, 0.6427789320817685, 0.6585203670783014, 0.7651574762298826, 0.6702326820785054, 0.5980995347490247], [-0.34632097213440316, 1.1424015937968883, 0.0, 0.2571380019534277, 0.6005857737622571, 0.12421359876828741, 0.3210203069976842, 0.68527882264776, 0.3353751244972556, 0.2426157200697734, 0.007225183508792421, 0.6229083730925928, 0.6201534256728545, 0.6446125628405874, 0.7573679247513591, 0.6630990242274396, 0.589324448683266], [0.8281541137011748, 1.5880760547387154, 0.0, 0.23580735176680717, 0.6831522419441155, 0.12060049453870297, 0.41102836720630054, 0.6896200482807142, 0.34002342482419556, 0.297262691808011, 0.00711334193318236, 0.589343426078087, 0.618951910739827, 0.6241220754436456, 0.7696027588528765, 0.6772558798519138, 0.5223452713909458], [-0.13473383060667654, 1.2371899529456463, 0.0, 0.22174137193658253, 0.6275995711800175, 0.12255654832542551, 0.34403106020818724, 0.6877785782880395, 0.35223895615429046, 0.2572447571907188, 0.007281081678807366, 0.619255557896611, 0.6553769881065039, 0.679388606776064, 0.7687537456145066, 0.6708195271563451, 0.6003455257464023], [0.23441876433795672, 1.5380028405561323, 0.0, 0.19277886323440643, 0.6802377323314635, 0.12055158263984597, 0.422944162349831, 0.6895965372200812, 0.32842642647682707, 0.2907924241870341, 0.00683347364535547, 0.5994058055871896, 0.6407058012968467, 0.6450632391534032, 0.7700958083135953, 0.6970162526665271, 0.5737119517614843], [-0.16492262612731823, 1.6349818222490347, 0.0, 0.2554525238031379, 0.7144017129551743, 0.10385722422804346, 0.38244731709230706, 0.6930631710456673, 0.25866599702964965, 0.28135610601683836, 0.006272599803500922, 0.5996821827721903, 0.6457409400265792, 0.6429258292834023, 0.7220528081875396, 0.6255520324804691, 0.5047167057988756], [-0.1631332111376076, 1.4226056929549544, 0.0, 0.24323917626078767, 0.6780597998488554, 0.1102275029712792, 0.4558485154431338, 0.6929195845616961, 0.2785722363820762, 0.26006392344600315, 0.0064410216040902135, 0.5957743829103579, 0.6351415242888602, 0.6479863383820127, 0.748070828397419, 0.6594054083290237, 0.5229564871012786]], "features_2": [[-0.31294423878009425, 1.2650341384819204, 0.0, 0.1583742392660296, 0.6391065725878615, 0.12051788581167934, 0.45866809924859736, 0.6894439979097862, 0.3330816844081552, 0.2522355929670641, 0.006721420376576193, 0.609901340655131, 0.6343621463921584, 0.6419219072837006, 0.7592693897664945, 0.6450712452793955, 0.5828800490125753], [0.03999441782119062, 1.3478194400766228, 0.0, 0.1810698630849025, 0.6506149408747662, 0.12217404740868221, 0.4141789302007467, 0.6885780065138798, 0.34403319030927504, 0.2676946322946545, 0.00677745458930179, 0.5912778322536743, 0.6482859888740555, 0.6635335548396725, 0.7659919405809011, 0.6747915842114363, 0.5824117844495725], [-0.05831124887030725, 1.3838524059681017, 0.0, 0.15495116575611814, 0.6590757765636931, 0.12195738521078747, 0.41673154488421177, 0.6884132430779007, 0.3434505124977283, 0.2741920072461308, 0.00683347364535547, 0.5917153773083805, 0.6399499505823191, 0.6614455732015556, 0.7620385064778702, 0.6568028821104135, 0.5864651527699957], [-0.2363447013477855, 1.2942727804598586, 0.0, 0.15981291780226078, 0.6418743500095937, 0.12357816063787755, 0.3942329932251617, 0.6873299952347942, 0.354839862528777, 0.2646615176113156, 0.0069454663283523566, 0.6077749044364753, 0.6586976308049695, 0.6751031286842119, 0.7658330859812363, 0.6483368239466235, 0.599344265877811], [-0.11187004223231778, 1.498553584871224, 0.0, 0.19624887288940118, 0.6848063352438474, 0.11595599200160837, 0.5238366529825683, 0.6919663414093966, 0.31671802191098997, 0.27907447710283617, 0.00655322669591385, 0.6104506890765136, 0.6322007587683696, 0.6379566701813945, 0.7645623440059026, 0.6848754499220807, 0.5640631677747048], [-0.17422655444097712, 1.4033359086956279, 0.0, 0.1418903118200986, 0.6704048833645481, 0.1187116745627103, 0.5508335839664937, 0.6908686572176139, 0.3312965188869481, 0.2724729197761433, 0.006497131753992358, 0.5950103986069772, 0.6270172407954522, 0.6526982507707472, 0.7623630515717497, 0.6661053658526646, 0.5787887730945335], [-0.056556992058566014, 1.4155335131103393, 0.0, 0.18608317914895123, 0.660710332121544, 0.1261265098468586, 0.465956580937317, 0.6872444057355416, 0.3729953559996815, 0.28882799366634604, 0.0069454663283523566, 0.6051824442064913, 0.6461608537812192, 0.6790181682484602, 0.7829145308814704, 0.677604267143974, 0.5816327240879811], [0.2908015790327698, 1.463923098236813, 0.0, 0.2078056906772497, 0.6845734310026467, 0.11558650290591375, 0.5856440748404694, 0.6920801105816765, 0.30934973908247376, 0.26906860005800737, 0.00683347364535547, 0.585476828119674, 0.6364684159113808, 0.6455504488048804, 0.7543289033575161, 0.6776325588709986, 0.5746877960602004], [-0.12285346120528429, 1.2277897545287417, 0.0, 0.18442888260098242, 0.6415775621229253, 0.1190461209126828, 0.6588131975564352, 0.69123101374884, 0.33187535083005937, 0.24495471291013748, 0.00716927026363523, 0.6073343590982758, 0.6406265139998513, 0.6573183188851027, 0.7660595301386072, 0.6985953697696006, 0.5788958190210011]]}