{"labels_1": ["1", "2", "3", "4", "5", "6", "7", "8", "9"], "labels_2": ["1", "2", "3", "4", "5", "6", "7", "8", "9"], "adj_matrix_1": [[0.0, 0.30799, 0.04448, 0.06497, 0.30251, 0.07397, 0.10649, 0.12536, 0.13093], [0.30799, 0.0, 0.31199, 0.31332, 0.11857, 0.31346, 0.28484, 0.31222, 0.27712], [0.04448, 0.31199, 0.0, 0.02068, 0.32064, 0.02981, 0.14848, 0.08251, 0.17172], [0.06497, 0.31332, 0.02068, 0.0, 0.32789, 0.00915, 0.1673, 0.06215, 0.18993], [0.30251, 0.11857, 0.32064, 0.32789, 0.0, 0.33097, 0.24477, 0.34558, 0.22786], [0.07397, 0.31346, 0.02981, 0.00915, 0.33097, 0.0, 0.17558, 0.05314, 0.19787], [0.10649, 0.28484, 0.14848, 0.1673, 0.24477, 0.17558, 0.0, 0.22166, 0.02585], [0.12536, 0.31222, 0.08251, 0.06215, 0.34558, 0.05314, 0.22166, 0.0, 0.24181], [0.13093, 0.27712, 0.17172, 0.18993, 0.22786, 0.19787, 0.02585, 0.24181, 0.0]], "adj_matrix_2": [[0.0, 0.07637, 0.09732, 0.05816, 0.19258, 0.2162, 0.05764, 0.12399, 0.13117], [0.07637, 0.0, 0.02343, 0.01939, 0.14972, 0.19245, 0.01941, 0.05499, 0.06403], [0.09732, 0.02343, 0.0, 0.04259, 0.13221, 0.18017, 0.04257, 0.03208, 0.04145], [0.05816, 0.01939, 0.04259, 0.0, 0.16278, 0.20136, 0.00014, 0.07338, 0.08219], [0.19258, 0.14972, 0.13221, 0.16278, 0.0, 0.06565, 0.1623, 0.10541, 0.09692], [0.2162, 0.19245, 0.18017, 0.20136, 0.06565, 0.0, 0.20137, 0.15932, 0.15261], [0.05764, 0.01941, 0.04257, 0.00014, 0.1623, 0.20137, 0.0, 0.07319, 0.0822], [0.12399, 0.05499, 0.03208, 0.07338, 0.10541, 0.15932, 0.07319, 0.0, 0.00953], [0.13117, 0.06403, 0.04145, 0.08219, 0.09692, 0.15261, 0.0822, 0.00953, 0.0]], "features_1": [[-0.2050623018691562, 1.0961640452001677, 0.0, 0.25884695609740516, 0.5926917571510597, 0.12515204414233172, 0.35885242318346683, 0.6853056276072715, 0.34946621121424926, 0.2351807176784806, 0.007336964783822175, 0.6142315272541805, 0.649336065511815, 0.6784750250846113, 0.7637912894189365, 0.6733847474620369, 0.589335843373821], [0.3652658986416286, 1.1834394272259894, 0.0, 0.26624695025185874, 0.6041098649083961, 0.1289964210393671, 0.33750323813804994, 0.6830107767548893, 0.3848930539213855, 0.2556842860569246, 0.00783923647221818, 0.596563972279553, 0.6281711666015025, 0.6478080530212367, 0.7769342801530721, 0.6885394129754616, 0.5745182763609475], [-0.21423493266140303, 1.2117865040107056, 0.0, 0.25129146816285713, 0.6127403861480007, 0.12617471329654428, 0.27707860033777576, 0.6839182852144186, 0.3539459950737516, 0.25723619994393543, 0.007001439975721224, 0.6197125277243654, 0.6427789320817685, 0.6585203670783014, 0.7651574762298826, 0.6702326820785054, 0.5980995347490247], [-0.34632097213440316, 1.1424015937968883, 0.0, 0.2571380019534277, 0.6005857737622571, 0.12421359876828741, 0.3210203069976842, 0.68527882264776, 0.3353751244972556, 0.2426157200697734, 0.007225183508792421, 0.6229083730925928, 0.6201534256728545, 0.6446125628405874, 0.7573679247513591, 0.6630990242274396, 0.589324448683266], [0.8281541137011748, 1.5880760547387154, 0.0, 0.23580735176680717, 0.6831522419441155, 0.12060049453870297, 0.41102836720630054, 0.6896200482807142, 0.34002342482419556, 0.297262691808011, 0.00711334193318236, 0.589343426078087, 0.618951910739827, 0.6241220754436456, 0.7696027588528765, 0.6772558798519138, 0.5223452713909458], [-0.13473383060667654, 1.2371899529456463, 0.0, 0.22174137193658253, 0.6275995711800175, 0.12255654832542551, 0.34403106020818724, 0.6877785782880395, 0.35223895615429046, 0.2572447571907188, 0.007281081678807366, 0.619255557896611, 0.6553769881065039, 0.679388606776064, 0.7687537456145066, 0.6708195271563451, 0.6003455257464023], [0.23441876433795672, 1.5380028405561323, 0.0, 0.19277886323440643, 0.6802377323314635, 0.12055158263984597, 0.422944162349831, 0.6895965372200812, 0.32842642647682707, 0.2907924241870341, 0.00683347364535547, 0.5994058055871896, 0.6407058012968467, 0.6450632391534032, 0.7700958083135953, 0.6970162526665271, 0.5737119517614843], [-0.16492262612731823, 1.6349818222490347, 0.0, 0.2554525238031379, 0.7144017129551743, 0.10385722422804346, 0.38244731709230706, 0.6930631710456673, 0.25866599702964965, 0.28135610601683836, 0.006272599803500922, 0.5996821827721903, 0.6457409400265792, 0.6429258292834023, 0.7220528081875396, 0.6255520324804691, 0.5047167057988756], [-0.1631332111376076, 1.4226056929549544, 0.0, 0.24323917626078767, 0.6780597998488554, 0.1102275029712792, 0.4558485154431338, 0.6929195845616961, 0.2785722363820762, 0.26006392344600315, 0.0064410216040902135, 0.5957743829103579, 0.6351415242888602, 0.6479863383820127, 0.748070828397419, 0.6594054083290237, 0.5229564871012786]], "features_2": [[2.129602152996159, 1.2470591671241675, 0.0, 0.2963571722082068, 0.6287936969998505, 0.12447607761331986, 0.4834632327346732, 0.6882806992480628, 0.36575382568158576, 0.24688986243781086, 0.007001439975721224, 0.5751749273453808, 0.6416336628203704, 0.6464816786368786, 0.7925354765284054, 0.719893296190231, 0.6159999171849432], [1.1066476742156182, 1.1811522382429722, 0.0, 0.35710974344901625, 0.5945553435206633, 0.1365867135499178, 0.2886132093667804, 0.6766646736564105, 0.45137188738233647, 0.26033726847714367, 0.007783488497544067, 0.5912820590583525, 0.647280296284346, 0.6559413186160661, 0.8035298203572386, 0.710347101252465, 0.6374317327306611], [1.7043177884255032, 1.3510563396634518, 0.0, 0.3120849993152573, 0.6474940671101476, 0.12355460170737258, 0.4409044908140878, 0.6885815951520989, 0.3585135129010639, 0.2614059748437092, 0.007001439975721224, 0.5790212302559377, 0.6194566290117542, 0.6275241077955183, 0.7886339497962942, 0.7181083832733619, 0.6134393661245866], [1.8379235101657585, 1.415317046551158, 0.0, 0.27302250180065435, 0.659412351229006, 0.12254096861622985, 0.43616392540408955, 0.6888707275917092, 0.351976476730425, 0.26984098145129076, 0.0066653709969386465, 0.5674260384963934, 0.6316913461631609, 0.6199759035024218, 0.7851800305078909, 0.7055416704694456, 0.6081020135610554], [0.8189824425462064, 1.22737822108549, 0.0, 0.2891025857662239, 0.6070021768910983, 0.13410750232993773, 0.33158937546729417, 0.680375171474549, 0.42084498856234487, 0.26440834274127756, 0.007560346756364078, 0.5938730822600997, 0.6361388368887338, 0.6597723913558399, 0.8024959847477462, 0.7177699295019384, 0.6347131555033464], [1.3084312720542828, 1.4384798941680685, 0.0, 0.28491067593415415, 0.6632469138902702, 0.12279226236802071, 0.4196622977862667, 0.6891297470068692, 0.35126484527411383, 0.27378690430801456, 0.0064410216040902135, 0.5814700209910133, 0.6418950052171, 0.6463657847460962, 0.7860097480650102, 0.7057120432985036, 0.6204960668315994], [0.5115886769701672, 1.8847195985414944, 0.0, 0.24567250900825013, 0.7275988267999777, 0.11901348207952654, 0.49132198077838324, 0.6908274976262099, 0.31756373515633207, 0.33753279880688924, 0.006328755639155359, 0.5745394046541341, 0.6360950553220462, 0.6677726430337313, 0.7782531293759414, 0.6887785273565088, 0.5536657647918732], [1.5100039772197418, 1.2656679519161025, 0.0, 0.2736735289674189, 0.6276468359504334, 0.1268567341756629, 0.4301365399321114, 0.6870075665192742, 0.3953929649294663, 0.258639465779434, 0.007225183508792421, 0.5761814246155557, 0.6436307702236478, 0.6602244806148774, 0.7960263877506969, 0.7239287826350055, 0.629888022214565], [1.3663383142774252, 1.4753078907816144, 0.0, 0.2817816319376721, 0.6687091951439769, 0.121374613147394, 0.4485675454577908, 0.6897202832424627, 0.33655811660497337, 0.27874258679609465, 0.0064410216040902135, 0.5653173602668611, 0.6252985672803095, 0.644032731734016, 0.7831498296942725, 0.7188030018807655, 0.6085168157630589]]}