{"labels_1": ["1", "2", "3", "4", "5", "6", "7", "8", "9"], "labels_2": ["1", "2", "3", "4", "5", "6", "7", "8", "9"], "adj_matrix_1": [[0.0, 0.30799, 0.04448, 0.06497, 0.30251, 0.07397, 0.10649, 0.12536, 0.13093], [0.30799, 0.0, 0.31199, 0.31332, 0.11857, 0.31346, 0.28484, 0.31222, 0.27712], [0.04448, 0.31199, 0.0, 0.02068, 0.32064, 0.02981, 0.14848, 0.08251, 0.17172], [0.06497, 0.31332, 0.02068, 0.0, 0.32789, 0.00915, 0.1673, 0.06215, 0.18993], [0.30251, 0.11857, 0.32064, 0.32789, 0.0, 0.33097, 0.24477, 0.34558, 0.22786], [0.07397, 0.31346, 0.02981, 0.00915, 0.33097, 0.0, 0.17558, 0.05314, 0.19787], [0.10649, 0.28484, 0.14848, 0.1673, 0.24477, 0.17558, 0.0, 0.22166, 0.02585], [0.12536, 0.31222, 0.08251, 0.06215, 0.34558, 0.05314, 0.22166, 0.0, 0.24181], [0.13093, 0.27712, 0.17172, 0.18993, 0.22786, 0.19787, 0.02585, 0.24181, 0.0]], "adj_matrix_2": [[0.0, 0.24926, 0.15423, 0.19039, 0.26197, 0.27249, 0.30197, 0.31369, 0.25356], [0.24926, 0.0, 0.10906, 0.07039, 0.01709, 0.03137, 0.07597, 0.29209, 0.00571], [0.15423, 0.10906, 0.0, 0.03977, 0.12518, 0.13858, 0.17892, 0.31115, 0.11448], [0.19039, 0.07039, 0.03977, 0.0, 0.08698, 0.10087, 0.14311, 0.30633, 0.07594], [0.26197, 0.01709, 0.12518, 0.08698, 0.0, 0.01429, 0.05925, 0.287, 0.0114], [0.27249, 0.03137, 0.13858, 0.10087, 0.01429, 0.0, 0.0451, 0.28311, 0.02568], [0.30197, 0.07597, 0.17892, 0.14311, 0.05925, 0.0451, 0.0, 0.26666, 0.07044], [0.31369, 0.29209, 0.31115, 0.30633, 0.287, 0.28311, 0.26666, 0.0, 0.29044], [0.25356, 0.00571, 0.11448, 0.07594, 0.0114, 0.02568, 0.07044, 0.29044, 0.0]], "features_1": [[-0.2050623018691562, 1.0961640452001677, 0.0, 0.25884695609740516, 0.5926917571510597, 0.12515204414233172, 0.35885242318346683, 0.6853056276072715, 0.34946621121424926, 0.2351807176784806, 0.007336964783822175, 0.6142315272541805, 0.649336065511815, 0.6784750250846113, 0.7637912894189365, 0.6733847474620369, 0.589335843373821], [0.3652658986416286, 1.1834394272259894, 0.0, 0.26624695025185874, 0.6041098649083961, 0.1289964210393671, 0.33750323813804994, 0.6830107767548893, 0.3848930539213855, 0.2556842860569246, 0.00783923647221818, 0.596563972279553, 0.6281711666015025, 0.6478080530212367, 0.7769342801530721, 0.6885394129754616, 0.5745182763609475], [-0.21423493266140303, 1.2117865040107056, 0.0, 0.25129146816285713, 0.6127403861480007, 0.12617471329654428, 0.27707860033777576, 0.6839182852144186, 0.3539459950737516, 0.25723619994393543, 0.007001439975721224, 0.6197125277243654, 0.6427789320817685, 0.6585203670783014, 0.7651574762298826, 0.6702326820785054, 0.5980995347490247], [-0.34632097213440316, 1.1424015937968883, 0.0, 0.2571380019534277, 0.6005857737622571, 0.12421359876828741, 0.3210203069976842, 0.68527882264776, 0.3353751244972556, 0.2426157200697734, 0.007225183508792421, 0.6229083730925928, 0.6201534256728545, 0.6446125628405874, 0.7573679247513591, 0.6630990242274396, 0.589324448683266], [0.8281541137011748, 1.5880760547387154, 0.0, 0.23580735176680717, 0.6831522419441155, 0.12060049453870297, 0.41102836720630054, 0.6896200482807142, 0.34002342482419556, 0.297262691808011, 0.00711334193318236, 0.589343426078087, 0.618951910739827, 0.6241220754436456, 0.7696027588528765, 0.6772558798519138, 0.5223452713909458], [-0.13473383060667654, 1.2371899529456463, 0.0, 0.22174137193658253, 0.6275995711800175, 0.12255654832542551, 0.34403106020818724, 0.6877785782880395, 0.35223895615429046, 0.2572447571907188, 0.007281081678807366, 0.619255557896611, 0.6553769881065039, 0.679388606776064, 0.7687537456145066, 0.6708195271563451, 0.6003455257464023], [0.23441876433795672, 1.5380028405561323, 0.0, 0.19277886323440643, 0.6802377323314635, 0.12055158263984597, 0.422944162349831, 0.6895965372200812, 0.32842642647682707, 0.2907924241870341, 0.00683347364535547, 0.5994058055871896, 0.6407058012968467, 0.6450632391534032, 0.7700958083135953, 0.6970162526665271, 0.5737119517614843], [-0.16492262612731823, 1.6349818222490347, 0.0, 0.2554525238031379, 0.7144017129551743, 0.10385722422804346, 0.38244731709230706, 0.6930631710456673, 0.25866599702964965, 0.28135610601683836, 0.006272599803500922, 0.5996821827721903, 0.6457409400265792, 0.6429258292834023, 0.7220528081875396, 0.6255520324804691, 0.5047167057988756], [-0.1631332111376076, 1.4226056929549544, 0.0, 0.24323917626078767, 0.6780597998488554, 0.1102275029712792, 0.4558485154431338, 0.6929195845616961, 0.2785722363820762, 0.26006392344600315, 0.0064410216040902135, 0.5957743829103579, 0.6351415242888602, 0.6479863383820127, 0.748070828397419, 0.6594054083290237, 0.5229564871012786]], "features_2": [[-0.5079530334973139, 0.9622777870184336, 0.0, 0.16682645946740987, 0.5509896426553877, 0.1350927716972621, 0.26538665263993766, 0.6762560792812249, 0.4045639671117489, 0.22598251634731548, 0.007671947615560004, 0.6365691513417149, 0.6587114667119444, 0.684161881570953, 0.7836986662115151, 0.665816214385893, 0.5956055298334592], [-0.08128796827941231, 1.094003800626365, 0.0, 0.22349371831213738, 0.5882607457090311, 0.13036086319778703, 0.3567235596347594, 0.6829174747686555, 0.39375135938522154, 0.2394969838396228, 0.007671947615560004, 0.6185092655777962, 0.654331200361437, 0.690176177922454, 0.7869161747691873, 0.7016653421943972, 0.5774361495108672], [-0.23167526619601064, 1.0883326942445608, 0.0, 0.20402483535343055, 0.5859745930097093, 0.13096801581178807, 0.3504429775389724, 0.6816707641127707, 0.37048234597051977, 0.23859094684081916, 0.007225183508792421, 0.6230370374205414, 0.6559585838516083, 0.6660123718074075, 0.7816273054669574, 0.686051472819952, 0.5991112545488498], [0.04854539416507775, 1.0264604529204702, 0.0, 0.23291856551257262, 0.5717891836414318, 0.13105298024872764, 0.3387616289649884, 0.6817848953866323, 0.3745640620094619, 0.22430684702698866, 0.007001439975721224, 0.6169245697476684, 0.6534689336542998, 0.6757082815850726, 0.7819233304302652, 0.7015361373790141, 0.5880894422071588], [-0.1432520129403474, 1.4527011675007497, 0.0, 0.25996027454427345, 0.6646783037229687, 0.11867112988299894, 0.46646515937314703, 0.6906173543781428, 0.3197155467304813, 0.27932417717536207, 0.00655322669591385, 0.6107692350585257, 0.6375475407849249, 0.6419433156126261, 0.766587594908572, 0.6893945772950008, 0.503366720800951], [0.24747385912964504, 1.1739180801651983, 0.0, 0.2567933084087735, 0.6149704682037085, 0.12355636866281174, 0.5183165640606852, 0.6885500478649744, 0.3287194736406207, 0.2353580249503624, 0.0064410216040902135, 0.6002727765888456, 0.655020977850502, 0.6588328608303032, 0.7732466029555222, 0.6920719370764633, 0.571299639952191], [0.20584659904148106, 1.444177366405628, 0.0, 0.25011370921104814, 0.6666173253979156, 0.11899092286636162, 0.45472510321904663, 0.6909649497005075, 0.32353955289223535, 0.27484694136478494, 0.0066653709969386465, 0.5991900678301763, 0.6427564840401302, 0.653843243304916, 0.7698907030711927, 0.678930111161501, 0.48380764510460134], [0.09059410554750702, 1.368494204584867, 0.0, 0.25666796291306015, 0.6685700541124224, 0.108842984124146, 0.6048270143962057, 0.693117862984883, 0.26430485455430697, 0.2470329138744063, 0.006047823865199753, 0.577363458917473, 0.633838317247713, 0.6416553399711448, 0.7381994167021769, 0.6402784079085068, 0.5084944526735742], [-0.1423985012506641, 1.3113131316183992, 0.0, 0.2340816002529246, 0.6573852581670041, 0.10921408942045645, 0.48125546368088407, 0.6930745567547454, 0.26940783747759145, 0.23971775379767557, 0.005822803276368971, 0.5960440878551179, 0.6373946903412455, 0.6459141269968778, 0.7413319372315621, 0.6549886625335866, 0.4796745530668457]]}