{"labels_1": ["1", "2", "3", "4", "5", "6", "7", "8", "9"], "labels_2": ["1", "2", "3", "4", "5", "6", "7", "8", "9"], "adj_matrix_1": [[0.0, 0.30799, 0.04448, 0.06497, 0.30251, 0.07397, 0.10649, 0.12536, 0.13093], [0.30799, 0.0, 0.31199, 0.31332, 0.11857, 0.31346, 0.28484, 0.31222, 0.27712], [0.04448, 0.31199, 0.0, 0.02068, 0.32064, 0.02981, 0.14848, 0.08251, 0.17172], [0.06497, 0.31332, 0.02068, 0.0, 0.32789, 0.00915, 0.1673, 0.06215, 0.18993], [0.30251, 0.11857, 0.32064, 0.32789, 0.0, 0.33097, 0.24477, 0.34558, 0.22786], [0.07397, 0.31346, 0.02981, 0.00915, 0.33097, 0.0, 0.17558, 0.05314, 0.19787], [0.10649, 0.28484, 0.14848, 0.1673, 0.24477, 0.17558, 0.0, 0.22166, 0.02585], [0.12536, 0.31222, 0.08251, 0.06215, 0.34558, 0.05314, 0.22166, 0.0, 0.24181], [0.13093, 0.27712, 0.17172, 0.18993, 0.22786, 0.19787, 0.02585, 0.24181, 0.0]], "adj_matrix_2": [[0.0, 0.10212, 0.07213, 0.06048, 0.02798, 0.16857, 0.2638, 0.17339, 0.17396], [0.10212, 0.0, 0.03078, 0.04258, 0.12868, 0.07065, 0.31387, 0.25454, 0.25497], [0.07213, 0.03078, 0.0, 0.01185, 0.09936, 0.10075, 0.30082, 0.23203, 0.23245], [0.06048, 0.04258, 0.01185, 0.0, 0.08789, 0.11215, 0.29543, 0.22298, 0.22343], [0.02798, 0.12868, 0.09936, 0.08789, 0.0, 0.19321, 0.24693, 0.14896, 0.14946], [0.16857, 0.07065, 0.10075, 0.11215, 0.19321, 0.0, 0.338, 0.30111, 0.30131], [0.2638, 0.31387, 0.30082, 0.29543, 0.24693, 0.338, 0.0, 0.12857, 0.12808], [0.17339, 0.25454, 0.23203, 0.22298, 0.14896, 0.30111, 0.12857, 0.0, 0.0006], [0.17396, 0.25497, 0.23245, 0.22343, 0.14946, 0.30131, 0.12808, 0.0006, 0.0]], "features_1": [[-0.2050623018691562, 1.0961640452001677, 0.0, 0.25884695609740516, 0.5926917571510597, 0.12515204414233172, 0.35885242318346683, 0.6853056276072715, 0.34946621121424926, 0.2351807176784806, 0.007336964783822175, 0.6142315272541805, 0.649336065511815, 0.6784750250846113, 0.7637912894189365, 0.6733847474620369, 0.589335843373821], [0.3652658986416286, 1.1834394272259894, 0.0, 0.26624695025185874, 0.6041098649083961, 0.1289964210393671, 0.33750323813804994, 0.6830107767548893, 0.3848930539213855, 0.2556842860569246, 0.00783923647221818, 0.596563972279553, 0.6281711666015025, 0.6478080530212367, 0.7769342801530721, 0.6885394129754616, 0.5745182763609475], [-0.21423493266140303, 1.2117865040107056, 0.0, 0.25129146816285713, 0.6127403861480007, 0.12617471329654428, 0.27707860033777576, 0.6839182852144186, 0.3539459950737516, 0.25723619994393543, 0.007001439975721224, 0.6197125277243654, 0.6427789320817685, 0.6585203670783014, 0.7651574762298826, 0.6702326820785054, 0.5980995347490247], [-0.34632097213440316, 1.1424015937968883, 0.0, 0.2571380019534277, 0.6005857737622571, 0.12421359876828741, 0.3210203069976842, 0.68527882264776, 0.3353751244972556, 0.2426157200697734, 0.007225183508792421, 0.6229083730925928, 0.6201534256728545, 0.6446125628405874, 0.7573679247513591, 0.6630990242274396, 0.589324448683266], [0.8281541137011748, 1.5880760547387154, 0.0, 0.23580735176680717, 0.6831522419441155, 0.12060049453870297, 0.41102836720630054, 0.6896200482807142, 0.34002342482419556, 0.297262691808011, 0.00711334193318236, 0.589343426078087, 0.618951910739827, 0.6241220754436456, 0.7696027588528765, 0.6772558798519138, 0.5223452713909458], [-0.13473383060667654, 1.2371899529456463, 0.0, 0.22174137193658253, 0.6275995711800175, 0.12255654832542551, 0.34403106020818724, 0.6877785782880395, 0.35223895615429046, 0.2572447571907188, 0.007281081678807366, 0.619255557896611, 0.6553769881065039, 0.679388606776064, 0.7687537456145066, 0.6708195271563451, 0.6003455257464023], [0.23441876433795672, 1.5380028405561323, 0.0, 0.19277886323440643, 0.6802377323314635, 0.12055158263984597, 0.422944162349831, 0.6895965372200812, 0.32842642647682707, 0.2907924241870341, 0.00683347364535547, 0.5994058055871896, 0.6407058012968467, 0.6450632391534032, 0.7700958083135953, 0.6970162526665271, 0.5737119517614843], [-0.16492262612731823, 1.6349818222490347, 0.0, 0.2554525238031379, 0.7144017129551743, 0.10385722422804346, 0.38244731709230706, 0.6930631710456673, 0.25866599702964965, 0.28135610601683836, 0.006272599803500922, 0.5996821827721903, 0.6457409400265792, 0.6429258292834023, 0.7220528081875396, 0.6255520324804691, 0.5047167057988756], [-0.1631332111376076, 1.4226056929549544, 0.0, 0.24323917626078767, 0.6780597998488554, 0.1102275029712792, 0.4558485154431338, 0.6929195845616961, 0.2785722363820762, 0.26006392344600315, 0.0064410216040902135, 0.5957743829103579, 0.6351415242888602, 0.6479863383820127, 0.748070828397419, 0.6594054083290237, 0.5229564871012786]], "features_2": [[-0.2594398503915385, 1.12271418338025, 0.0, 0.29675517661541245, 0.6066731211969304, 0.12357022077338188, 0.36754914881833545, 0.6872685929973721, 0.34897846143194644, 0.23884861400416768, 0.006721420376576193, 0.6061682834829922, 0.6443203484115988, 0.671349950305191, 0.7718325202308579, 0.6872613023662874, 0.6184514657711556], [-0.19657637968253505, 1.1410524441048984, 0.0, 0.25329772263792494, 0.6147409059058935, 0.12140295006584223, 0.432792456436777, 0.6895281824301989, 0.34333412000821983, 0.2362526574100976, 0.00716927026363523, 0.6121050499075693, 0.6523464808230988, 0.6673472237378592, 0.7770117218626678, 0.6794873667094721, 0.6098676130540082], [-0.2834601064718356, 1.245997409260881, 0.0, 0.2825089146834629, 0.635886365960571, 0.12038868740988234, 0.3939299756781466, 0.6897267621264056, 0.3355075699322245, 0.25431153481234103, 0.0069454663283523566, 0.6065289296140328, 0.6508114914016183, 0.6755795881639327, 0.77113483607057, 0.7024211229747452, 0.6099783539181244], [-0.20154631665809886, 1.2117796933984346, 0.0, 0.2821836124506239, 0.6220779678080205, 0.12302089951751359, 0.36633364592624673, 0.6875887878398457, 0.3434338002229538, 0.25180065036323507, 0.0069454663283523566, 0.6079090099610682, 0.6446396279432676, 0.6634990772269547, 0.771224141584065, 0.6893744382606921, 0.6131843495410678], [0.02969650166555393, 1.3422315856438038, 0.0, 0.2211241278876198, 0.6615784678768428, 0.11372070143286508, 0.6097836448223163, 0.6926419563207746, 0.2902428448239871, 0.25175868751136843, 0.006384896235913207, 0.5947198921404462, 0.6460883815806385, 0.6366493507851563, 0.7644309301633869, 0.651976888992258, 0.5494123031772624], [-0.3628117454476256, 1.3066891869646837, 0.0, 0.27198311063046476, 0.6515274738577033, 0.11549257831303719, 0.4703082434241189, 0.6919289316615079, 0.3095921097622707, 0.25679999495703476, 0.00677745458930179, 0.6114806606995389, 0.6461652020848169, 0.668720810054393, 0.7648441496304924, 0.6864028502608461, 0.5960232676435352], [0.43702684299139305, 1.3766709672894957, 0.0, 0.3008274949139126, 0.6526649341907867, 0.12019203575523438, 0.3931307317413527, 0.6895944446676578, 0.32495013807048134, 0.2684914265959031, 0.006384896235913207, 0.5949268914667958, 0.6332073675499134, 0.6399947058665388, 0.7712795284583616, 0.6924490305198289, 0.5915014470560043], [0.5172455516874956, 1.4599560078582432, 0.0, 0.27448963909922347, 0.6893416818624561, 0.10783775733207979, 0.5753842108983243, 0.6931452026753611, 0.27625960523702964, 0.2586064111753259, 0.006272599803500922, 0.5769706962985497, 0.6291939813369265, 0.6389888623583309, 0.7455605291644866, 0.6480762446912807, 0.5636415793481022], [0.05989026304473466, 1.318457178582649, 0.0, 0.25386443020813143, 0.6598260959343052, 0.11143672890907913, 0.534648172979162, 0.6928650775732292, 0.28755193469732654, 0.24479692236248174, 0.006384896235913207, 0.5796116875056221, 0.6428737110533601, 0.6357497675737406, 0.7579389571388916, 0.6809059314535081, 0.5729481027756771]]}