{"labels_1": ["1", "2", "3", "4", "5", "6", "7", "8", "9"], "labels_2": ["1", "2", "3", "4", "5", "6", "7", "8", "9"], "adj_matrix_1": [[0.0, 0.09279, 0.19958, 0.15148, 0.32688, 0.04045, 0.33584, 0.05331, 0.0902], [0.09279, 0.0, 0.11327, 0.0612, 0.26772, 0.05286, 0.32714, 0.03999, 0.00262], [0.19958, 0.11327, 0.0, 0.05331, 0.17791, 0.16303, 0.30126, 0.15104, 0.11573], [0.15148, 0.0612, 0.05331, 0.0, 0.22193, 0.11295, 0.31569, 0.10042, 0.06376], [0.32688, 0.26772, 0.17791, 0.22193, 0.0, 0.30294, 0.20953, 0.29475, 0.26967], [0.04045, 0.05286, 0.16303, 0.11295, 0.30294, 0.0, 0.33317, 0.01295, 0.05026], [0.33584, 0.32714, 0.30126, 0.31569, 0.20953, 0.33317, 0.0, 0.33192, 0.32742], [0.05331, 0.03999, 0.15104, 0.10042, 0.29475, 0.01295, 0.33192, 0.0, 0.03739], [0.0902, 0.00262, 0.11573, 0.06376, 0.26967, 0.05026, 0.32742, 0.03739, 0.0]], "adj_matrix_2": [[0.0, 0.13709, 0.03176, 0.17058, 0.33962, 0.29915, 0.26339, 0.35426, 0.27187], [0.13709, 0.0, 0.16687, 0.03613, 0.25728, 0.19258, 0.27882, 0.31008, 0.28483], [0.03176, 0.16687, 0.0, 0.19925, 0.35461, 0.31973, 0.25845, 0.36063, 0.26727], [0.17058, 0.03613, 0.19925, 0.0, 0.23103, 0.161, 0.2809, 0.29385, 0.2861], [0.33962, 0.25728, 0.35461, 0.23103, 0.0, 0.08647, 0.24396, 0.11372, 0.24046], [0.29915, 0.19258, 0.31973, 0.161, 0.08647, 0.0, 0.2697, 0.18854, 0.26973], [0.26339, 0.27882, 0.25845, 0.2809, 0.24396, 0.2697, 0.0, 0.18421, 0.01245], [0.35426, 0.31008, 0.36063, 0.29385, 0.11372, 0.18854, 0.18421, 0.0, 0.17623], [0.27187, 0.28483, 0.26727, 0.2861, 0.24046, 0.26973, 0.01245, 0.17623, 0.0]], "features_1": [[-0.296808645344687, 1.0206124278854714, 0.0, 0.2617586525594581, 0.5811394421461175, 0.13219447934332573, 0.4560363126164454, 0.6827930447297463, 0.4084124304077261, 0.2323393130046616, 0.007504523810135222, 0.6297061878905199, 0.6622829724097484, 0.689125820360164, 0.7924645512482016, 0.7150992415041817, 0.6288759103362139], [-0.26700377916632734, 1.1567978641068495, 0.0, 0.2705718696550707, 0.6023748474573942, 0.1320358995535154, 0.34874395413326836, 0.6817624057410826, 0.4060259995698081, 0.2607510443620351, 0.007894969482732161, 0.6254021118853312, 0.6695902560719408, 0.6992759025013187, 0.7928958701364515, 0.709126521897545, 0.608473038857325], [-0.21333475948717595, 1.15588923256617, 0.0, 0.2560351575759541, 0.6063869221259947, 0.13053172160875673, 0.3823898135033815, 0.6830691976628401, 0.3876845831736915, 0.25403052497429646, 0.007336964783822175, 0.6212050047460034, 0.662409251913169, 0.6807909246388593, 0.7880683160782319, 0.6917707910903897, 0.6184867044781626], [-0.3576132293545662, 1.1245437558059295, 0.0, 0.25785860961175167, 0.5994955666552163, 0.12997147054519373, 0.44735771911898753, 0.6837332486968131, 0.3783106329555228, 0.2464825637497321, 0.007281081678807366, 0.6174383501685226, 0.6439904258821345, 0.6696742525539627, 0.7860126503612002, 0.6830787886611659, 0.615321126236871], [0.13629006998400728, 1.5957830724669109, 0.0, 0.24880531349687696, 0.6933181297152183, 0.11709629288344404, 0.48893536096318113, 0.6915804981957319, 0.31516600479900125, 0.2968061306535297, 0.006609306440138685, 0.6018702257109241, 0.6561094282594316, 0.6733540619348812, 0.771705552283847, 0.6930903149195514, 0.519106196877686], [-0.2754320799504084, 1.2524820838985802, 0.0, 0.2495603890842219, 0.6366448931295986, 0.12172967588734597, 0.46697221706053893, 0.6896506140805803, 0.35322958996265696, 0.2592568756346094, 0.0069454663283523566, 0.6206890640052434, 0.6642769047632405, 0.6752199662305273, 0.7790438340410687, 0.6740884566940953, 0.5907781282093155], [0.4300262551298384, 1.5426333767026679, 0.0, 0.24256616864839228, 0.680658916159756, 0.12176299061734394, 0.48536307702018033, 0.6896693815098704, 0.3298682813882794, 0.2900058755650783, 0.006721420376576193, 0.59866930096191, 0.6296554370098091, 0.6480586630592776, 0.7786335045244012, 0.7005891752472365, 0.5358952136365145], [-0.2614242077800073, 1.3167207064828932, 0.0, 0.25017305140495727, 0.657673326254455, 0.11219138886049451, 0.4881449096118281, 0.6927298352707246, 0.29647597489786315, 0.25138202142056, 0.006328755639155359, 0.6078693439474256, 0.6366138446588472, 0.6648744031498939, 0.7558553364928781, 0.6721793276479577, 0.5216128787857758], [-0.10449232336260117, 1.3370587940387837, 0.0, 0.2822738132707858, 0.6640079632058955, 0.10953136283272955, 0.5731978738986598, 0.6930750971531303, 0.28151346657820686, 0.24741985587092175, 0.005710201030130202, 0.6038328769350039, 0.6477482991013787, 0.6395030979804479, 0.7517512558187366, 0.6859050305139811, 0.5141747765261746]], "features_2": [[-0.3166720955590496, 1.1637031030861928, 0.0, 0.18894833092596422, 0.6334813825063424, 0.11846227641684394, 0.6684114970592369, 0.6919829090219926, 0.3362626822614254, 0.23292544211917243, 0.0066653709969386465, 0.6171541585361289, 0.6682701052667624, 0.6672668445294417, 0.7770769652524461, 0.6937852194238124, 0.5794316362778292], [-0.22921850098387875, 1.2948166128006646, 0.0, 0.18120220763979597, 0.6432973410394836, 0.12897932516297544, 0.540023332288834, 0.6872562380179963, 0.39075514399147515, 0.2716114963944012, 0.007225183508792421, 0.6202086767126247, 0.6685309474193526, 0.6928240056872104, 0.7938433917775934, 0.7127914151650645, 0.5855148368913466], [-0.18189261662596357, 1.2658690822481473, 0.0, 0.19630275602763772, 0.6496972418314738, 0.12148180446455487, 0.656163403735551, 0.6910438978548532, 0.35003151364889584, 0.2521904440663225, 0.00655322669591385, 0.618283294980366, 0.6562206347658741, 0.6635340354360647, 0.7808996111417612, 0.7138102776864411, 0.577030872478422], [-0.09042402635145885, 1.2269320467354148, 0.0, 0.20274363373806653, 0.6464238792462325, 0.11733596007003316, 0.6760407429758019, 0.6921890883470416, 0.3345018442490151, 0.24176191543326309, 0.006384896235913207, 0.6083914162482098, 0.6587324109441834, 0.6620366969868411, 0.7739558441494255, 0.6914062403980924, 0.5763582856336967], [0.0403830316772944, 1.7274021718783688, 0.0, 0.19968676522301576, 0.7082335989641638, 0.12322466858201148, 0.5531272208555216, 0.6896360323167843, 0.3410327127868562, 0.3226699511441471, 0.0066653709969386465, 0.5994472260984314, 0.6472341073147414, 0.6648558755029343, 0.7834412236351874, 0.6945651892583755, 0.5515267808572363], [0.10603471598331815, 1.3151034100038714, 0.0, 0.22820920214926674, 0.6635064980099756, 0.11779544231340013, 0.7845795257375471, 0.6924021063696679, 0.3425404774212133, 0.2547165344407074, 0.007057398507269275, 0.6044484683156544, 0.6650937255007037, 0.6831939538378791, 0.7787958056076891, 0.7023131796128249, 0.5671520589242561], [0.1920274845954224, 1.3733435776645067, 0.0, 0.19927434999161503, 0.6646536396736554, 0.11729159688887271, 0.6111608207025355, 0.6917546437519554, 0.33217376156201484, 0.26290638063619864, 0.006721420376576193, 0.5918318108392806, 0.656336319808234, 0.6675367156793449, 0.7741653989543369, 0.6853360432125213, 0.5865867861101028], [0.9415718150432144, 1.4475039802875405, 0.0, 0.2567207013212631, 0.6818128747077253, 0.11235179847363343, 0.5415714439516549, 0.6927447233787971, 0.3144170917416942, 0.2620089268849992, 0.006272599803500922, 0.5797457074154844, 0.6326758775150332, 0.6357797517425088, 0.7583393606936304, 0.6867424536921891, 0.5409522219652775], [1.1505488167342417, 1.283537888283874, 0.0, 0.30984181128658483, 0.6552940486165643, 0.11259831006290871, 0.6360480791955994, 0.6927890209154017, 0.33725193543506937, 0.24165409401879212, 0.007057398507269275, 0.5738866202354307, 0.6297036184243379, 0.6466639783545957, 0.7633896807435189, 0.6975189656219352, 0.5569344607207355]]}