{"labels_1": ["1", "2", "3", "4", "5", "6", "7", "8", "9"], "labels_2": ["1", "2", "3", "4", "5", "6", "7", "8", "9"], "adj_matrix_1": [[0.0, 0.09279, 0.19958, 0.15148, 0.32688, 0.04045, 0.33584, 0.05331, 0.0902], [0.09279, 0.0, 0.11327, 0.0612, 0.26772, 0.05286, 0.32714, 0.03999, 0.00262], [0.19958, 0.11327, 0.0, 0.05331, 0.17791, 0.16303, 0.30126, 0.15104, 0.11573], [0.15148, 0.0612, 0.05331, 0.0, 0.22193, 0.11295, 0.31569, 0.10042, 0.06376], [0.32688, 0.26772, 0.17791, 0.22193, 0.0, 0.30294, 0.20953, 0.29475, 0.26967], [0.04045, 0.05286, 0.16303, 0.11295, 0.30294, 0.0, 0.33317, 0.01295, 0.05026], [0.33584, 0.32714, 0.30126, 0.31569, 0.20953, 0.33317, 0.0, 0.33192, 0.32742], [0.05331, 0.03999, 0.15104, 0.10042, 0.29475, 0.01295, 0.33192, 0.0, 0.03739], [0.0902, 0.00262, 0.11573, 0.06376, 0.26967, 0.05026, 0.32742, 0.03739, 0.0]], "adj_matrix_2": [[0.0, 0.17682, 0.12596, 0.14172, 0.15914, 0.13885, 0.09442, 0.26624, 0.32717], [0.17682, 0.0, 0.26732, 0.2771, 0.28725, 0.2753, 0.09158, 0.21476, 0.36636], [0.12596, 0.26732, 0.0, 0.01703, 0.03629, 0.01392, 0.20791, 0.26565, 0.24131], [0.14172, 0.2771, 0.01703, 0.0, 0.01932, 0.00311, 0.22122, 0.26424, 0.22742], [0.15914, 0.28725, 0.03629, 0.01932, 0.0, 0.02242, 0.23585, 0.26195, 0.21116], [0.13885, 0.2753, 0.01392, 0.00311, 0.02242, 0.0, 0.21884, 0.26444, 0.23001], [0.09442, 0.09158, 0.20791, 0.22122, 0.23585, 0.21884, 0.0, 0.2489, 0.36267], [0.26624, 0.21476, 0.26565, 0.26424, 0.26195, 0.26444, 0.2489, 0.0, 0.22817], [0.32717, 0.36636, 0.24131, 0.22742, 0.21116, 0.23001, 0.36267, 0.22817, 0.0]], "features_1": [[-0.296808645344687, 1.0206124278854714, 0.0, 0.2617586525594581, 0.5811394421461175, 0.13219447934332573, 0.4560363126164454, 0.6827930447297463, 0.4084124304077261, 0.2323393130046616, 0.007504523810135222, 0.6297061878905199, 0.6622829724097484, 0.689125820360164, 0.7924645512482016, 0.7150992415041817, 0.6288759103362139], [-0.26700377916632734, 1.1567978641068495, 0.0, 0.2705718696550707, 0.6023748474573942, 0.1320358995535154, 0.34874395413326836, 0.6817624057410826, 0.4060259995698081, 0.2607510443620351, 0.007894969482732161, 0.6254021118853312, 0.6695902560719408, 0.6992759025013187, 0.7928958701364515, 0.709126521897545, 0.608473038857325], [-0.21333475948717595, 1.15588923256617, 0.0, 0.2560351575759541, 0.6063869221259947, 0.13053172160875673, 0.3823898135033815, 0.6830691976628401, 0.3876845831736915, 0.25403052497429646, 0.007336964783822175, 0.6212050047460034, 0.662409251913169, 0.6807909246388593, 0.7880683160782319, 0.6917707910903897, 0.6184867044781626], [-0.3576132293545662, 1.1245437558059295, 0.0, 0.25785860961175167, 0.5994955666552163, 0.12997147054519373, 0.44735771911898753, 0.6837332486968131, 0.3783106329555228, 0.2464825637497321, 0.007281081678807366, 0.6174383501685226, 0.6439904258821345, 0.6696742525539627, 0.7860126503612002, 0.6830787886611659, 0.615321126236871], [0.13629006998400728, 1.5957830724669109, 0.0, 0.24880531349687696, 0.6933181297152183, 0.11709629288344404, 0.48893536096318113, 0.6915804981957319, 0.31516600479900125, 0.2968061306535297, 0.006609306440138685, 0.6018702257109241, 0.6561094282594316, 0.6733540619348812, 0.771705552283847, 0.6930903149195514, 0.519106196877686], [-0.2754320799504084, 1.2524820838985802, 0.0, 0.2495603890842219, 0.6366448931295986, 0.12172967588734597, 0.46697221706053893, 0.6896506140805803, 0.35322958996265696, 0.2592568756346094, 0.0069454663283523566, 0.6206890640052434, 0.6642769047632405, 0.6752199662305273, 0.7790438340410687, 0.6740884566940953, 0.5907781282093155], [0.4300262551298384, 1.5426333767026679, 0.0, 0.24256616864839228, 0.680658916159756, 0.12176299061734394, 0.48536307702018033, 0.6896693815098704, 0.3298682813882794, 0.2900058755650783, 0.006721420376576193, 0.59866930096191, 0.6296554370098091, 0.6480586630592776, 0.7786335045244012, 0.7005891752472365, 0.5358952136365145], [-0.2614242077800073, 1.3167207064828932, 0.0, 0.25017305140495727, 0.657673326254455, 0.11219138886049451, 0.4881449096118281, 0.6927298352707246, 0.29647597489786315, 0.25138202142056, 0.006328755639155359, 0.6078693439474256, 0.6366138446588472, 0.6648744031498939, 0.7558553364928781, 0.6721793276479577, 0.5216128787857758], [-0.10449232336260117, 1.3370587940387837, 0.0, 0.2822738132707858, 0.6640079632058955, 0.10953136283272955, 0.5731978738986598, 0.6930750971531303, 0.28151346657820686, 0.24741985587092175, 0.005710201030130202, 0.6038328769350039, 0.6477482991013787, 0.6395030979804479, 0.7517512558187366, 0.6859050305139811, 0.5141747765261746]], "features_2": [[0.2967879228167636, 1.2201634084818331, 0.0, 0.30336076565244946, 0.625883113388332, 0.12473578461509466, 0.31597080977863856, 0.6865680517557797, 0.3728837807257215, 0.252325149185044, 0.007448685839370306, 0.598952647967053, 0.6438427613154787, 0.6584065390701548, 0.7709356688504917, 0.6934897611312079, 0.5903204431781675], [0.16159181019102498, 1.2160783150720902, 0.0, 0.26802925419750445, 0.615740142963567, 0.13078952993423776, 0.23471614685745976, 0.680990510831763, 0.4052014073732464, 0.26423477684828933, 0.00783923647221818, 0.6017815675888252, 0.6653609831028882, 0.6799963415979312, 0.7778944156814351, 0.6946883279102952, 0.5960227714821373], [0.037821832597664695, 1.3132439425445959, 0.0, 0.28689285812597387, 0.6408636709569048, 0.12551046333797145, 0.33411550374722837, 0.6862713630407421, 0.375007060981595, 0.2691838319656594, 0.00716927026363523, 0.612591266191588, 0.6435486226110773, 0.6535415974832522, 0.7715214335439351, 0.6897458994383667, 0.5913764245365953], [0.05367666809897642, 1.3140850641658468, 0.0, 0.2754813485322022, 0.6430141565593804, 0.12463580382629297, 0.4249231848082296, 0.6874624484935327, 0.36374307441622444, 0.26716375598193, 0.006889477554966383, 0.607144141733388, 0.6460701051852669, 0.6763694146251975, 0.7717816931261388, 0.679442806565549, 0.579847924826267], [0.01954274291609792, 1.459626746049766, 0.0, 0.2138842433321148, 0.6725053566140703, 0.11843977883149301, 0.4335862653212047, 0.6910053645893144, 0.3384853454231924, 0.2826511725752221, 0.007057398507269275, 0.6045789276058864, 0.6657789691937857, 0.6715746953058176, 0.7686794562267973, 0.6973462253449646, 0.5178972938404921], [-0.05169752755202728, 1.34411173779852, 0.0, 0.2634105969476619, 0.6543994123924336, 0.12040485210777505, 0.44257752016676266, 0.6899905564060869, 0.3410620387361447, 0.2666941044034692, 0.007504523810135222, 0.6105935068189539, 0.6510139094006416, 0.656900565133545, 0.7666989305511841, 0.6955920014535963, 0.5847736870670442], [-0.0548011339967327, 1.6716695711230085, 0.0, 0.24148344514754624, 0.7031453941690666, 0.11901923871110899, 0.5188578552970412, 0.6909383334823391, 0.3266607604222369, 0.31014556947762983, 0.006328755639155359, 0.6031949919415762, 0.6315473707537578, 0.6592186527369572, 0.7707051850844889, 0.6849482510824758, 0.5216672652136454], [0.8195152088341189, 1.3733374105101785, 0.0, 0.31673277906006, 0.6734837529091192, 0.11131671977248488, 0.5056920423866451, 0.6929366256719094, 0.3195386385312058, 0.25871346523597927, 0.00711334193318236, 0.5615285855672831, 0.6339593680767893, 0.6521172195512546, 0.7559723844918929, 0.6416422031660869, 0.5837607817557383], [-0.4369293675249284, 1.356104790718733, 0.0, 0.22248049863017863, 0.66730713662037, 0.11109338226291979, 0.5302619085649652, 0.6929231807403211, 0.2871396957923633, 0.25498961287772537, 0.005822803276368971, 0.6115700372337909, 0.6509079970771695, 0.6578518171815744, 0.7534463934352337, 0.665778083978208, 0.5567826929718626]]}