{"labels_1": ["1", "2", "3", "4", "5", "6", "7", "8", "9"], "labels_2": ["1", "2", "3", "4", "5", "6", "7", "8", "9"], "adj_matrix_1": [[0.0, 0.09279, 0.19958, 0.15148, 0.32688, 0.04045, 0.33584, 0.05331, 0.0902], [0.09279, 0.0, 0.11327, 0.0612, 0.26772, 0.05286, 0.32714, 0.03999, 0.00262], [0.19958, 0.11327, 0.0, 0.05331, 0.17791, 0.16303, 0.30126, 0.15104, 0.11573], [0.15148, 0.0612, 0.05331, 0.0, 0.22193, 0.11295, 0.31569, 0.10042, 0.06376], [0.32688, 0.26772, 0.17791, 0.22193, 0.0, 0.30294, 0.20953, 0.29475, 0.26967], [0.04045, 0.05286, 0.16303, 0.11295, 0.30294, 0.0, 0.33317, 0.01295, 0.05026], [0.33584, 0.32714, 0.30126, 0.31569, 0.20953, 0.33317, 0.0, 0.33192, 0.32742], [0.05331, 0.03999, 0.15104, 0.10042, 0.29475, 0.01295, 0.33192, 0.0, 0.03739], [0.0902, 0.00262, 0.11573, 0.06376, 0.26967, 0.05026, 0.32742, 0.03739, 0.0]], "adj_matrix_2": [[0.0, 0.13327, 0.09742, 0.01789, 0.17889, 0.17748, 0.05857, 0.18375, 0.18558], [0.13327, 0.0, 0.04458, 0.12001, 0.26716, 0.06968, 0.08462, 0.26814, 0.0852], [0.09742, 0.04458, 0.0, 0.08178, 0.24539, 0.11001, 0.04225, 0.24807, 0.12392], [0.01789, 0.12001, 0.08178, 0.0, 0.19164, 0.16892, 0.04146, 0.19629, 0.17819], [0.17889, 0.26716, 0.24539, 0.19164, 0.0, 0.28778, 0.22096, 0.01948, 0.28968], [0.17748, 0.06968, 0.11001, 0.16892, 0.28778, 0.0, 0.14307, 0.28535, 0.01662], [0.05857, 0.08462, 0.04225, 0.04146, 0.22096, 0.14307, 0.0, 0.22462, 0.15483], [0.18375, 0.26814, 0.24807, 0.19629, 0.01948, 0.28535, 0.22462, 0.0, 0.28639], [0.18558, 0.0852, 0.12392, 0.17819, 0.28968, 0.01662, 0.15483, 0.28639, 0.0]], "features_1": [[-0.296808645344687, 1.0206124278854714, 0.0, 0.2617586525594581, 0.5811394421461175, 0.13219447934332573, 0.4560363126164454, 0.6827930447297463, 0.4084124304077261, 0.2323393130046616, 0.007504523810135222, 0.6297061878905199, 0.6622829724097484, 0.689125820360164, 0.7924645512482016, 0.7150992415041817, 0.6288759103362139], [-0.26700377916632734, 1.1567978641068495, 0.0, 0.2705718696550707, 0.6023748474573942, 0.1320358995535154, 0.34874395413326836, 0.6817624057410826, 0.4060259995698081, 0.2607510443620351, 0.007894969482732161, 0.6254021118853312, 0.6695902560719408, 0.6992759025013187, 0.7928958701364515, 0.709126521897545, 0.608473038857325], [-0.21333475948717595, 1.15588923256617, 0.0, 0.2560351575759541, 0.6063869221259947, 0.13053172160875673, 0.3823898135033815, 0.6830691976628401, 0.3876845831736915, 0.25403052497429646, 0.007336964783822175, 0.6212050047460034, 0.662409251913169, 0.6807909246388593, 0.7880683160782319, 0.6917707910903897, 0.6184867044781626], [-0.3576132293545662, 1.1245437558059295, 0.0, 0.25785860961175167, 0.5994955666552163, 0.12997147054519373, 0.44735771911898753, 0.6837332486968131, 0.3783106329555228, 0.2464825637497321, 0.007281081678807366, 0.6174383501685226, 0.6439904258821345, 0.6696742525539627, 0.7860126503612002, 0.6830787886611659, 0.615321126236871], [0.13629006998400728, 1.5957830724669109, 0.0, 0.24880531349687696, 0.6933181297152183, 0.11709629288344404, 0.48893536096318113, 0.6915804981957319, 0.31516600479900125, 0.2968061306535297, 0.006609306440138685, 0.6018702257109241, 0.6561094282594316, 0.6733540619348812, 0.771705552283847, 0.6930903149195514, 0.519106196877686], [-0.2754320799504084, 1.2524820838985802, 0.0, 0.2495603890842219, 0.6366448931295986, 0.12172967588734597, 0.46697221706053893, 0.6896506140805803, 0.35322958996265696, 0.2592568756346094, 0.0069454663283523566, 0.6206890640052434, 0.6642769047632405, 0.6752199662305273, 0.7790438340410687, 0.6740884566940953, 0.5907781282093155], [0.4300262551298384, 1.5426333767026679, 0.0, 0.24256616864839228, 0.680658916159756, 0.12176299061734394, 0.48536307702018033, 0.6896693815098704, 0.3298682813882794, 0.2900058755650783, 0.006721420376576193, 0.59866930096191, 0.6296554370098091, 0.6480586630592776, 0.7786335045244012, 0.7005891752472365, 0.5358952136365145], [-0.2614242077800073, 1.3167207064828932, 0.0, 0.25017305140495727, 0.657673326254455, 0.11219138886049451, 0.4881449096118281, 0.6927298352707246, 0.29647597489786315, 0.25138202142056, 0.006328755639155359, 0.6078693439474256, 0.6366138446588472, 0.6648744031498939, 0.7558553364928781, 0.6721793276479577, 0.5216128787857758], [-0.10449232336260117, 1.3370587940387837, 0.0, 0.2822738132707858, 0.6640079632058955, 0.10953136283272955, 0.5731978738986598, 0.6930750971531303, 0.28151346657820686, 0.24741985587092175, 0.005710201030130202, 0.6038328769350039, 0.6477482991013787, 0.6395030979804479, 0.7517512558187366, 0.6859050305139811, 0.5141747765261746]], "features_2": [[0.9614114768625845, 1.482210163478563, 0.0, 0.23586241509065195, 0.6457513717258592, 0.14282491065027925, 0.29506885517600734, 0.6727698241530866, 0.467531480990111, 0.31977563795596464, 0.007727725548673403, 0.5868776007851313, 0.6813449482321725, 0.7094907517021021, 0.8192663074173494, 0.7213601463267483, 0.6510464695198326], [0.7792018985438247, 1.5281526109067194, 0.0, 0.2428915167220828, 0.6450305240579499, 0.14291904371913158, 0.25848591978213376, 0.6702368909916846, 0.46259170006800066, 0.3289668977872935, 0.008006390651371653, 0.5902513889771992, 0.6744304250424535, 0.6930848267017801, 0.8152528860839304, 0.7239780069160621, 0.6378618074601916], [0.8697561578572581, 1.531962724900245, 0.0, 0.2218496715088598, 0.6495985346440158, 0.1440691116153234, 0.25270484966645484, 0.6692477875444505, 0.47905581000325914, 0.33105716121565276, 0.00839589484089287, 0.594722612103491, 0.671825705008507, 0.7042626164640563, 0.8162134616912556, 0.7189718303309349, 0.6437357168846336], [0.893955972605033, 1.5283280369003338, 0.0, 0.24526996181027994, 0.6486765482618383, 0.14499910581391512, 0.24614100033435307, 0.6682925123799072, 0.4879613033086101, 0.3335703018500151, 0.008451478759474051, 0.5962762395938324, 0.6673576152542299, 0.7075455095561397, 0.8173652221547065, 0.7065410890987633, 0.6408411479423729], [0.20302033393151397, 1.8281528548999677, 0.0, 0.27258762170565637, 0.7046423636430666, 0.1298790865859153, 0.4272513975937578, 0.6851891703983142, 0.3833495918964098, 0.35274124036181975, 0.007336964783822175, 0.6120622049461684, 0.6672432663957504, 0.6890349348036252, 0.8022995445343025, 0.7027492343699578, 0.5889019109120699], [0.7818070612884558, 1.5592309269617626, 0.0, 0.23764549629054058, 0.6578166573377043, 0.14184305890670076, 0.2845435534636273, 0.6726049331987791, 0.4752251007458328, 0.3341867557833498, 0.008173410423425675, 0.6020501570432772, 0.6690421930416884, 0.6918688361460184, 0.8152860262167579, 0.7203348716261442, 0.631209265853887], [0.7474877783602714, 1.9157116633141194, 0.0, 0.2476764615961996, 0.7122744770260157, 0.13816653876134455, 0.3520289995395139, 0.6786788859865053, 0.4512657491719163, 0.3795777025355913, 0.008117752083540042, 0.5998676065939545, 0.6487580018109745, 0.6857404308616755, 0.8137870698416299, 0.7235386627673184, 0.5832642284512174], [0.3276195119008256, 1.713751364145052, 0.0, 0.2822529200512367, 0.7024477314002139, 0.1280835735227941, 0.5142872316235426, 0.6876729219203388, 0.39166251459784274, 0.3352884169310879, 0.007448685839370306, 0.607770429118311, 0.6766592607314178, 0.697091240768042, 0.8040061473058376, 0.7014152713271435, 0.588995392387303], [0.3278951133497934, 1.526610534960092, 0.0, 0.2465840309728331, 0.6620872484037772, 0.13779484800518801, 0.372917191654129, 0.6793889736726645, 0.4512801988743307, 0.32827284200534157, 0.008284682400665488, 0.6031693931163358, 0.6801256163337517, 0.7080784277853761, 0.8160009646465631, 0.710376950531059, 0.6116530548500322]]}