{"labels_1": ["1", "2", "3", "4", "5", "6", "7", "8", "9"], "labels_2": ["1", "2", "3", "4", "5", "6", "7", "8", "9"], "adj_matrix_1": [[0.0, 0.06948, 0.11139, 0.20395, 0.21443, 0.14078, 0.16625, 0.26247, 0.04236], [0.06948, 0.0, 0.04395, 0.14949, 0.26281, 0.07595, 0.22204, 0.23865, 0.02757], [0.11139, 0.04395, 0.0, 0.1108, 0.28643, 0.03271, 0.25122, 0.2179, 0.071], [0.20395, 0.14949, 0.1108, 0.0, 0.31598, 0.08025, 0.29753, 0.14187, 0.17195], [0.21443, 0.26281, 0.28643, 0.31598, 0.0, 0.2999, 0.05723, 0.2802, 0.24547], [0.14078, 0.07595, 0.03271, 0.08025, 0.2999, 0.0, 0.26919, 0.1994, 0.10217], [0.16625, 0.22204, 0.25122, 0.29753, 0.05723, 0.26919, 0.0, 0.28253, 0.20143], [0.26247, 0.23865, 0.2179, 0.14187, 0.2802, 0.1994, 0.28253, 0.0, 0.24935], [0.04236, 0.02757, 0.071, 0.17195, 0.24547, 0.10217, 0.20143, 0.24935, 0.0]], "adj_matrix_2": [[0.0, 0.10947, 0.14038, 0.25604, 0.1322, 0.29929, 0.3442, 0.26675, 0.34038], [0.10947, 0.0, 0.03249, 0.16352, 0.02391, 0.21944, 0.29491, 0.17695, 0.2856], [0.14038, 0.03249, 0.0, 0.13379, 0.00858, 0.19279, 0.27674, 0.14786, 0.26584], [0.25604, 0.16352, 0.13379, 0.0, 0.14153, 0.06696, 0.18046, 0.01549, 0.16338], [0.1322, 0.02391, 0.00858, 0.14153, 0.0, 0.19979, 0.28133, 0.15577, 0.27109], [0.29929, 0.21944, 0.19279, 0.06696, 0.19979, 0.0, 0.12208, 0.05167, 0.10283], [0.3442, 0.29491, 0.27674, 0.18046, 0.28133, 0.12208, 0.0, 0.16738, 0.02089], [0.26675, 0.17695, 0.14786, 0.01549, 0.15577, 0.05167, 0.16738, 0.0, 0.14995], [0.34038, 0.2856, 0.26584, 0.16338, 0.27109, 0.10283, 0.02089, 0.14995, 0.0]], "features_1": [[0.08318843121195618, 1.0582977896158066, 0.0, 0.2840317249274344, 0.5895392959414929, 0.12715609507017983, 0.4429104491584205, 0.6860147263048979, 0.374331643948175, 0.227345969575788, 0.007336964783822175, 0.6104728790285543, 0.651410599341475, 0.6560176250677927, 0.7771192005772624, 0.6915032422127642, 0.5822236059058874], [0.29599470727773314, 1.1026167407959917, 0.0, 0.3082748077182782, 0.5913727874117289, 0.1311247547706016, 0.30286229114589036, 0.6818047191401568, 0.40698141099866225, 0.24037792585609763, 0.007560346756364078, 0.6054666192551199, 0.6423075257188601, 0.6595472412901566, 0.7837895350031955, 0.7134415316907374, 0.5677548272293614], [0.17038695314235097, 1.1842869460258272, 0.0, 0.3038446966887212, 0.6134449433799097, 0.12777930743095278, 0.3641769080320024, 0.684981869322778, 0.3879333285223683, 0.25290140540207995, 0.007448685839370306, 0.6070218055939813, 0.6491893395220307, 0.6567664996842277, 0.7777826399634178, 0.7037508843059375, 0.5737535221404182], [0.18074512452764901, 1.118151443861687, 0.0, 0.29267981792817765, 0.5975585499501271, 0.1293466811708029, 0.3680669724594843, 0.6836650082643672, 0.3985278725258865, 0.2466807319103994, 0.007727725548673403, 0.6092657344908969, 0.6576804906387127, 0.6768613380506133, 0.778800168248069, 0.6947964976444341, 0.5772792216379258], [0.12262732510103103, 1.4246255931997418, 0.0, 0.23939165285564387, 0.6632567792821917, 0.12111611679746793, 0.4207823308482602, 0.6896510250600448, 0.33185501979768905, 0.2745416419292308, 0.00711334193318236, 0.6125504897592502, 0.6544876882637727, 0.6358975279251979, 0.7748187826631555, 0.6910097734028406, 0.5263816324530601], [0.397351750415202, 1.2357874522632257, 0.0, 0.3112345292591412, 0.6311248730348806, 0.12176554336463848, 0.3778251852147008, 0.6888838032099704, 0.35840597910153726, 0.2494648671450972, 0.00711334193318236, 0.5939715307552971, 0.6413007581366734, 0.6379446706152249, 0.7694836531765414, 0.7071137245104413, 0.5671465312444003], [0.06373714440947165, 1.2957179330090536, 0.0, 0.21889575859582755, 0.6336735548882959, 0.1251731917820093, 0.42737482855658515, 0.6871213945587256, 0.35355950359991795, 0.2642074525395848, 0.007001439975721224, 0.6099153363245442, 0.6498484187940834, 0.6699054100327849, 0.7789342900053774, 0.7101249641066133, 0.5663149601605408], [0.6571976540603939, 1.406079990237268, 0.0, 0.29476567829934114, 0.6734831479822326, 0.10925356437409564, 0.3910033731632069, 0.6929136376947023, 0.28538924088450646, 0.25562008601474373, 0.006497131753992358, 0.5687679449624978, 0.6143475901811057, 0.6258569921151776, 0.7365805818934098, 0.6686428456931859, 0.49439058953572207], [0.2433337368499, 1.2207355811298966, 0.0, 0.24629773171958433, 0.6314410462945521, 0.11695308334391079, 0.46431515676326923, 0.691061439960069, 0.31980940815818704, 0.23955369571364216, 0.007001439975721224, 0.5905425858646005, 0.6285707564741311, 0.6507382003844849, 0.7586784799021802, 0.6647239752124562, 0.5450286586528621]], "features_2": [[-0.26179921119195937, 1.0679516735215302, 0.0, 0.15437306307995655, 0.5854828970565696, 0.12677426774062314, 0.2887357518295026, 0.6845520661042508, 0.3626282885432235, 0.23112113323032202, 0.00683347364535547, 0.6216864423369421, 0.6559924481647766, 0.6759458182013989, 0.7763990681127266, 0.6816423194434027, 0.6042926230883043], [-0.2706753906165753, 1.1591824549813194, 0.0, 0.16944261731290086, 0.5944456313798593, 0.132841854690098, 0.22159979927588652, 0.678173046697927, 0.39687887303170566, 0.2577137168929602, 0.007560346756364078, 0.6218981886730739, 0.6362406812314586, 0.6779333910574713, 0.7823018235372121, 0.6905554399886569, 0.5954684375827887], [-0.0679972346552975, 1.1907092728806887, 0.0, 0.19771360197494897, 0.6140877648348897, 0.12643136240996233, 0.2751680950987314, 0.684502261144297, 0.36157344281354487, 0.25056590415207247, 0.006889477554966383, 0.6111846375810512, 0.6492224859589989, 0.6536954215863623, 0.7738281583375617, 0.6801199607554864, 0.607071876035504], [0.028840195433233795, 1.159696074020943, 0.0, 0.1953330375347161, 0.6074512754092023, 0.12597702032733848, 0.2656849854792675, 0.6845603672251586, 0.366875296694251, 0.24543314971803998, 0.007057398507269275, 0.604465757675404, 0.650112892481107, 0.6777272040205309, 0.7717864976126083, 0.6721580116956813, 0.6031803011435299], [0.19420773254418844, 1.4973005767883254, 0.0, 0.2056257791035737, 0.664239830537117, 0.1243396168040759, 0.33909824013584355, 0.6868732835385752, 0.33618387658033067, 0.29204198661463066, 0.0064410216040902135, 0.6145329571634901, 0.6370563345617793, 0.6521517288229283, 0.7745934759853343, 0.6783219147593531, 0.5564327553252236], [0.035834429743840435, 1.328440716271374, 0.0, 0.214846477683167, 0.6504949878193532, 0.1190689565559132, 0.31985561950993074, 0.6894474964533955, 0.32312791361498117, 0.2616760131145961, 0.006609306440138685, 0.5944671437174938, 0.642964038638039, 0.6633586365642481, 0.7601571137050602, 0.6745029124037515, 0.5825706904887987], [0.16154826865702532, 1.3513539166184514, 0.0, 0.2843059139582208, 0.6454169347656118, 0.12415548701271104, 0.30684704868456336, 0.6864053779405351, 0.3593814276209206, 0.275866518471936, 0.0069454663283523566, 0.5991588089090383, 0.6545522808374327, 0.6885347444518507, 0.7722000860824564, 0.6867961497090911, 0.5647586632930177], [0.3068009512321779, 1.6055190068890772, 0.0, 0.2513696885264384, 0.7078722752358751, 0.10605963163762376, 0.40401935437302683, 0.6931380272835399, 0.24036591369916716, 0.27271245602198757, 0.005710201030130202, 0.578097234083593, 0.6285777021982589, 0.6320113848833286, 0.7241516772558312, 0.6379943170710438, 0.49812211021379016], [0.2809210408445817, 1.483084352516803, 0.0, 0.25645674011150466, 0.6869737714064601, 0.11040112502828629, 0.5102866023769395, 0.6927773452606565, 0.28636787731997404, 0.26667970771603366, 0.006721420376576193, 0.5747628426218201, 0.6261005545758698, 0.6317024789034739, 0.7393511827903194, 0.6649617354909517, 0.5169174084301337]]}