{"labels_1": ["1", "2", "3", "4", "5", "6", "7", "8", "9"], "labels_2": ["1", "2", "3", "4", "5", "6", "7", "8", "9"], "adj_matrix_1": [[0.0, 0.06948, 0.11139, 0.20395, 0.21443, 0.14078, 0.16625, 0.26247, 0.04236], [0.06948, 0.0, 0.04395, 0.14949, 0.26281, 0.07595, 0.22204, 0.23865, 0.02757], [0.11139, 0.04395, 0.0, 0.1108, 0.28643, 0.03271, 0.25122, 0.2179, 0.071], [0.20395, 0.14949, 0.1108, 0.0, 0.31598, 0.08025, 0.29753, 0.14187, 0.17195], [0.21443, 0.26281, 0.28643, 0.31598, 0.0, 0.2999, 0.05723, 0.2802, 0.24547], [0.14078, 0.07595, 0.03271, 0.08025, 0.2999, 0.0, 0.26919, 0.1994, 0.10217], [0.16625, 0.22204, 0.25122, 0.29753, 0.05723, 0.26919, 0.0, 0.28253, 0.20143], [0.26247, 0.23865, 0.2179, 0.14187, 0.2802, 0.1994, 0.28253, 0.0, 0.24935], [0.04236, 0.02757, 0.071, 0.17195, 0.24547, 0.10217, 0.20143, 0.24935, 0.0]], "adj_matrix_2": [[0.0, 0.17682, 0.12596, 0.14172, 0.15914, 0.13885, 0.09442, 0.26624, 0.32717], [0.17682, 0.0, 0.26732, 0.2771, 0.28725, 0.2753, 0.09158, 0.21476, 0.36636], [0.12596, 0.26732, 0.0, 0.01703, 0.03629, 0.01392, 0.20791, 0.26565, 0.24131], [0.14172, 0.2771, 0.01703, 0.0, 0.01932, 0.00311, 0.22122, 0.26424, 0.22742], [0.15914, 0.28725, 0.03629, 0.01932, 0.0, 0.02242, 0.23585, 0.26195, 0.21116], [0.13885, 0.2753, 0.01392, 0.00311, 0.02242, 0.0, 0.21884, 0.26444, 0.23001], [0.09442, 0.09158, 0.20791, 0.22122, 0.23585, 0.21884, 0.0, 0.2489, 0.36267], [0.26624, 0.21476, 0.26565, 0.26424, 0.26195, 0.26444, 0.2489, 0.0, 0.22817], [0.32717, 0.36636, 0.24131, 0.22742, 0.21116, 0.23001, 0.36267, 0.22817, 0.0]], "features_1": [[0.08318843121195618, 1.0582977896158066, 0.0, 0.2840317249274344, 0.5895392959414929, 0.12715609507017983, 0.4429104491584205, 0.6860147263048979, 0.374331643948175, 0.227345969575788, 0.007336964783822175, 0.6104728790285543, 0.651410599341475, 0.6560176250677927, 0.7771192005772624, 0.6915032422127642, 0.5822236059058874], [0.29599470727773314, 1.1026167407959917, 0.0, 0.3082748077182782, 0.5913727874117289, 0.1311247547706016, 0.30286229114589036, 0.6818047191401568, 0.40698141099866225, 0.24037792585609763, 0.007560346756364078, 0.6054666192551199, 0.6423075257188601, 0.6595472412901566, 0.7837895350031955, 0.7134415316907374, 0.5677548272293614], [0.17038695314235097, 1.1842869460258272, 0.0, 0.3038446966887212, 0.6134449433799097, 0.12777930743095278, 0.3641769080320024, 0.684981869322778, 0.3879333285223683, 0.25290140540207995, 0.007448685839370306, 0.6070218055939813, 0.6491893395220307, 0.6567664996842277, 0.7777826399634178, 0.7037508843059375, 0.5737535221404182], [0.18074512452764901, 1.118151443861687, 0.0, 0.29267981792817765, 0.5975585499501271, 0.1293466811708029, 0.3680669724594843, 0.6836650082643672, 0.3985278725258865, 0.2466807319103994, 0.007727725548673403, 0.6092657344908969, 0.6576804906387127, 0.6768613380506133, 0.778800168248069, 0.6947964976444341, 0.5772792216379258], [0.12262732510103103, 1.4246255931997418, 0.0, 0.23939165285564387, 0.6632567792821917, 0.12111611679746793, 0.4207823308482602, 0.6896510250600448, 0.33185501979768905, 0.2745416419292308, 0.00711334193318236, 0.6125504897592502, 0.6544876882637727, 0.6358975279251979, 0.7748187826631555, 0.6910097734028406, 0.5263816324530601], [0.397351750415202, 1.2357874522632257, 0.0, 0.3112345292591412, 0.6311248730348806, 0.12176554336463848, 0.3778251852147008, 0.6888838032099704, 0.35840597910153726, 0.2494648671450972, 0.00711334193318236, 0.5939715307552971, 0.6413007581366734, 0.6379446706152249, 0.7694836531765414, 0.7071137245104413, 0.5671465312444003], [0.06373714440947165, 1.2957179330090536, 0.0, 0.21889575859582755, 0.6336735548882959, 0.1251731917820093, 0.42737482855658515, 0.6871213945587256, 0.35355950359991795, 0.2642074525395848, 0.007001439975721224, 0.6099153363245442, 0.6498484187940834, 0.6699054100327849, 0.7789342900053774, 0.7101249641066133, 0.5663149601605408], [0.6571976540603939, 1.406079990237268, 0.0, 0.29476567829934114, 0.6734831479822326, 0.10925356437409564, 0.3910033731632069, 0.6929136376947023, 0.28538924088450646, 0.25562008601474373, 0.006497131753992358, 0.5687679449624978, 0.6143475901811057, 0.6258569921151776, 0.7365805818934098, 0.6686428456931859, 0.49439058953572207], [0.2433337368499, 1.2207355811298966, 0.0, 0.24629773171958433, 0.6314410462945521, 0.11695308334391079, 0.46431515676326923, 0.691061439960069, 0.31980940815818704, 0.23955369571364216, 0.007001439975721224, 0.5905425858646005, 0.6285707564741311, 0.6507382003844849, 0.7586784799021802, 0.6647239752124562, 0.5450286586528621]], "features_2": [[0.2967879228167636, 1.2201634084818331, 0.0, 0.30336076565244946, 0.625883113388332, 0.12473578461509466, 0.31597080977863856, 0.6865680517557797, 0.3728837807257215, 0.252325149185044, 0.007448685839370306, 0.598952647967053, 0.6438427613154787, 0.6584065390701548, 0.7709356688504917, 0.6934897611312079, 0.5903204431781675], [0.16159181019102498, 1.2160783150720902, 0.0, 0.26802925419750445, 0.615740142963567, 0.13078952993423776, 0.23471614685745976, 0.680990510831763, 0.4052014073732464, 0.26423477684828933, 0.00783923647221818, 0.6017815675888252, 0.6653609831028882, 0.6799963415979312, 0.7778944156814351, 0.6946883279102952, 0.5960227714821373], [0.037821832597664695, 1.3132439425445959, 0.0, 0.28689285812597387, 0.6408636709569048, 0.12551046333797145, 0.33411550374722837, 0.6862713630407421, 0.375007060981595, 0.2691838319656594, 0.00716927026363523, 0.612591266191588, 0.6435486226110773, 0.6535415974832522, 0.7715214335439351, 0.6897458994383667, 0.5913764245365953], [0.05367666809897642, 1.3140850641658468, 0.0, 0.2754813485322022, 0.6430141565593804, 0.12463580382629297, 0.4249231848082296, 0.6874624484935327, 0.36374307441622444, 0.26716375598193, 0.006889477554966383, 0.607144141733388, 0.6460701051852669, 0.6763694146251975, 0.7717816931261388, 0.679442806565549, 0.579847924826267], [0.01954274291609792, 1.459626746049766, 0.0, 0.2138842433321148, 0.6725053566140703, 0.11843977883149301, 0.4335862653212047, 0.6910053645893144, 0.3384853454231924, 0.2826511725752221, 0.007057398507269275, 0.6045789276058864, 0.6657789691937857, 0.6715746953058176, 0.7686794562267973, 0.6973462253449646, 0.5178972938404921], [-0.05169752755202728, 1.34411173779852, 0.0, 0.2634105969476619, 0.6543994123924336, 0.12040485210777505, 0.44257752016676266, 0.6899905564060869, 0.3410620387361447, 0.2666941044034692, 0.007504523810135222, 0.6105935068189539, 0.6510139094006416, 0.656900565133545, 0.7666989305511841, 0.6955920014535963, 0.5847736870670442], [-0.0548011339967327, 1.6716695711230085, 0.0, 0.24148344514754624, 0.7031453941690666, 0.11901923871110899, 0.5188578552970412, 0.6909383334823391, 0.3266607604222369, 0.31014556947762983, 0.006328755639155359, 0.6031949919415762, 0.6315473707537578, 0.6592186527369572, 0.7707051850844889, 0.6849482510824758, 0.5216672652136454], [0.8195152088341189, 1.3733374105101785, 0.0, 0.31673277906006, 0.6734837529091192, 0.11131671977248488, 0.5056920423866451, 0.6929366256719094, 0.3195386385312058, 0.25871346523597927, 0.00711334193318236, 0.5615285855672831, 0.6339593680767893, 0.6521172195512546, 0.7559723844918929, 0.6416422031660869, 0.5837607817557383], [-0.4369293675249284, 1.356104790718733, 0.0, 0.22248049863017863, 0.66730713662037, 0.11109338226291979, 0.5302619085649652, 0.6929231807403211, 0.2871396957923633, 0.25498961287772537, 0.005822803276368971, 0.6115700372337909, 0.6509079970771695, 0.6578518171815744, 0.7534463934352337, 0.665778083978208, 0.5567826929718626]]}