{"labels_1": ["1", "2", "3", "4", "5", "6", "7", "8", "9"], "labels_2": ["1", "2", "3", "4", "5", "6", "7", "8", "9"], "adj_matrix_1": [[0.0, 0.06948, 0.11139, 0.20395, 0.21443, 0.14078, 0.16625, 0.26247, 0.04236], [0.06948, 0.0, 0.04395, 0.14949, 0.26281, 0.07595, 0.22204, 0.23865, 0.02757], [0.11139, 0.04395, 0.0, 0.1108, 0.28643, 0.03271, 0.25122, 0.2179, 0.071], [0.20395, 0.14949, 0.1108, 0.0, 0.31598, 0.08025, 0.29753, 0.14187, 0.17195], [0.21443, 0.26281, 0.28643, 0.31598, 0.0, 0.2999, 0.05723, 0.2802, 0.24547], [0.14078, 0.07595, 0.03271, 0.08025, 0.2999, 0.0, 0.26919, 0.1994, 0.10217], [0.16625, 0.22204, 0.25122, 0.29753, 0.05723, 0.26919, 0.0, 0.28253, 0.20143], [0.26247, 0.23865, 0.2179, 0.14187, 0.2802, 0.1994, 0.28253, 0.0, 0.24935], [0.04236, 0.02757, 0.071, 0.17195, 0.24547, 0.10217, 0.20143, 0.24935, 0.0]], "adj_matrix_2": [[0.0, 0.13327, 0.09742, 0.01789, 0.17889, 0.17748, 0.05857, 0.18375, 0.18558], [0.13327, 0.0, 0.04458, 0.12001, 0.26716, 0.06968, 0.08462, 0.26814, 0.0852], [0.09742, 0.04458, 0.0, 0.08178, 0.24539, 0.11001, 0.04225, 0.24807, 0.12392], [0.01789, 0.12001, 0.08178, 0.0, 0.19164, 0.16892, 0.04146, 0.19629, 0.17819], [0.17889, 0.26716, 0.24539, 0.19164, 0.0, 0.28778, 0.22096, 0.01948, 0.28968], [0.17748, 0.06968, 0.11001, 0.16892, 0.28778, 0.0, 0.14307, 0.28535, 0.01662], [0.05857, 0.08462, 0.04225, 0.04146, 0.22096, 0.14307, 0.0, 0.22462, 0.15483], [0.18375, 0.26814, 0.24807, 0.19629, 0.01948, 0.28535, 0.22462, 0.0, 0.28639], [0.18558, 0.0852, 0.12392, 0.17819, 0.28968, 0.01662, 0.15483, 0.28639, 0.0]], "features_1": [[0.08318843121195618, 1.0582977896158066, 0.0, 0.2840317249274344, 0.5895392959414929, 0.12715609507017983, 0.4429104491584205, 0.6860147263048979, 0.374331643948175, 0.227345969575788, 0.007336964783822175, 0.6104728790285543, 0.651410599341475, 0.6560176250677927, 0.7771192005772624, 0.6915032422127642, 0.5822236059058874], [0.29599470727773314, 1.1026167407959917, 0.0, 0.3082748077182782, 0.5913727874117289, 0.1311247547706016, 0.30286229114589036, 0.6818047191401568, 0.40698141099866225, 0.24037792585609763, 0.007560346756364078, 0.6054666192551199, 0.6423075257188601, 0.6595472412901566, 0.7837895350031955, 0.7134415316907374, 0.5677548272293614], [0.17038695314235097, 1.1842869460258272, 0.0, 0.3038446966887212, 0.6134449433799097, 0.12777930743095278, 0.3641769080320024, 0.684981869322778, 0.3879333285223683, 0.25290140540207995, 0.007448685839370306, 0.6070218055939813, 0.6491893395220307, 0.6567664996842277, 0.7777826399634178, 0.7037508843059375, 0.5737535221404182], [0.18074512452764901, 1.118151443861687, 0.0, 0.29267981792817765, 0.5975585499501271, 0.1293466811708029, 0.3680669724594843, 0.6836650082643672, 0.3985278725258865, 0.2466807319103994, 0.007727725548673403, 0.6092657344908969, 0.6576804906387127, 0.6768613380506133, 0.778800168248069, 0.6947964976444341, 0.5772792216379258], [0.12262732510103103, 1.4246255931997418, 0.0, 0.23939165285564387, 0.6632567792821917, 0.12111611679746793, 0.4207823308482602, 0.6896510250600448, 0.33185501979768905, 0.2745416419292308, 0.00711334193318236, 0.6125504897592502, 0.6544876882637727, 0.6358975279251979, 0.7748187826631555, 0.6910097734028406, 0.5263816324530601], [0.397351750415202, 1.2357874522632257, 0.0, 0.3112345292591412, 0.6311248730348806, 0.12176554336463848, 0.3778251852147008, 0.6888838032099704, 0.35840597910153726, 0.2494648671450972, 0.00711334193318236, 0.5939715307552971, 0.6413007581366734, 0.6379446706152249, 0.7694836531765414, 0.7071137245104413, 0.5671465312444003], [0.06373714440947165, 1.2957179330090536, 0.0, 0.21889575859582755, 0.6336735548882959, 0.1251731917820093, 0.42737482855658515, 0.6871213945587256, 0.35355950359991795, 0.2642074525395848, 0.007001439975721224, 0.6099153363245442, 0.6498484187940834, 0.6699054100327849, 0.7789342900053774, 0.7101249641066133, 0.5663149601605408], [0.6571976540603939, 1.406079990237268, 0.0, 0.29476567829934114, 0.6734831479822326, 0.10925356437409564, 0.3910033731632069, 0.6929136376947023, 0.28538924088450646, 0.25562008601474373, 0.006497131753992358, 0.5687679449624978, 0.6143475901811057, 0.6258569921151776, 0.7365805818934098, 0.6686428456931859, 0.49439058953572207], [0.2433337368499, 1.2207355811298966, 0.0, 0.24629773171958433, 0.6314410462945521, 0.11695308334391079, 0.46431515676326923, 0.691061439960069, 0.31980940815818704, 0.23955369571364216, 0.007001439975721224, 0.5905425858646005, 0.6285707564741311, 0.6507382003844849, 0.7586784799021802, 0.6647239752124562, 0.5450286586528621]], "features_2": [[0.9614114768625845, 1.482210163478563, 0.0, 0.23586241509065195, 0.6457513717258592, 0.14282491065027925, 0.29506885517600734, 0.6727698241530866, 0.467531480990111, 0.31977563795596464, 0.007727725548673403, 0.5868776007851313, 0.6813449482321725, 0.7094907517021021, 0.8192663074173494, 0.7213601463267483, 0.6510464695198326], [0.7792018985438247, 1.5281526109067194, 0.0, 0.2428915167220828, 0.6450305240579499, 0.14291904371913158, 0.25848591978213376, 0.6702368909916846, 0.46259170006800066, 0.3289668977872935, 0.008006390651371653, 0.5902513889771992, 0.6744304250424535, 0.6930848267017801, 0.8152528860839304, 0.7239780069160621, 0.6378618074601916], [0.8697561578572581, 1.531962724900245, 0.0, 0.2218496715088598, 0.6495985346440158, 0.1440691116153234, 0.25270484966645484, 0.6692477875444505, 0.47905581000325914, 0.33105716121565276, 0.00839589484089287, 0.594722612103491, 0.671825705008507, 0.7042626164640563, 0.8162134616912556, 0.7189718303309349, 0.6437357168846336], [0.893955972605033, 1.5283280369003338, 0.0, 0.24526996181027994, 0.6486765482618383, 0.14499910581391512, 0.24614100033435307, 0.6682925123799072, 0.4879613033086101, 0.3335703018500151, 0.008451478759474051, 0.5962762395938324, 0.6673576152542299, 0.7075455095561397, 0.8173652221547065, 0.7065410890987633, 0.6408411479423729], [0.20302033393151397, 1.8281528548999677, 0.0, 0.27258762170565637, 0.7046423636430666, 0.1298790865859153, 0.4272513975937578, 0.6851891703983142, 0.3833495918964098, 0.35274124036181975, 0.007336964783822175, 0.6120622049461684, 0.6672432663957504, 0.6890349348036252, 0.8022995445343025, 0.7027492343699578, 0.5889019109120699], [0.7818070612884558, 1.5592309269617626, 0.0, 0.23764549629054058, 0.6578166573377043, 0.14184305890670076, 0.2845435534636273, 0.6726049331987791, 0.4752251007458328, 0.3341867557833498, 0.008173410423425675, 0.6020501570432772, 0.6690421930416884, 0.6918688361460184, 0.8152860262167579, 0.7203348716261442, 0.631209265853887], [0.7474877783602714, 1.9157116633141194, 0.0, 0.2476764615961996, 0.7122744770260157, 0.13816653876134455, 0.3520289995395139, 0.6786788859865053, 0.4512657491719163, 0.3795777025355913, 0.008117752083540042, 0.5998676065939545, 0.6487580018109745, 0.6857404308616755, 0.8137870698416299, 0.7235386627673184, 0.5832642284512174], [0.3276195119008256, 1.713751364145052, 0.0, 0.2822529200512367, 0.7024477314002139, 0.1280835735227941, 0.5142872316235426, 0.6876729219203388, 0.39166251459784274, 0.3352884169310879, 0.007448685839370306, 0.607770429118311, 0.6766592607314178, 0.697091240768042, 0.8040061473058376, 0.7014152713271435, 0.588995392387303], [0.3278951133497934, 1.526610534960092, 0.0, 0.2465840309728331, 0.6620872484037772, 0.13779484800518801, 0.372917191654129, 0.6793889736726645, 0.4512801988743307, 0.32827284200534157, 0.008284682400665488, 0.6031693931163358, 0.6801256163337517, 0.7080784277853761, 0.8160009646465631, 0.710376950531059, 0.6116530548500322]]}