{"labels_1": ["1", "2", "3", "4", "5", "6", "7", "8", "9"], "labels_2": ["1", "2", "3", "4", "5", "6", "7", "8", "9"], "adj_matrix_1": [[0.0, 0.03613, 0.16274, 0.02444, 0.08338, 0.16486, 0.25737, 0.0011, 0.04147], [0.03613, 0.0, 0.19348, 0.06031, 0.11777, 0.19546, 0.2809, 0.03716, 0.07699], [0.16274, 0.19348, 0.0, 0.14085, 0.0842, 0.00243, 0.11434, 0.16177, 0.12497], [0.02444, 0.06031, 0.14085, 0.0, 0.05955, 0.14307, 0.24, 0.02332, 0.01715], [0.08338, 0.11777, 0.0842, 0.05955, 0.0, 0.08658, 0.19197, 0.08239, 0.04261], [0.16486, 0.19546, 0.00243, 0.14307, 0.08658, 0.0, 0.11206, 0.16398, 0.12727], [0.25737, 0.2809, 0.11434, 0.24, 0.19197, 0.11206, 0.0, 0.25741, 0.2272], [0.0011, 0.03716, 0.16177, 0.02332, 0.08239, 0.16398, 0.25741, 0.0, 0.04043], [0.04147, 0.07699, 0.12497, 0.01715, 0.04261, 0.12727, 0.2272, 0.04043, 0.0]], "adj_matrix_2": [[0.0, 0.30978, 0.30401, 0.03265, 0.1786, 0.24353, 0.30971, 0.2626, 0.05654], [0.30978, 0.0, 0.04476, 0.29988, 0.33695, 0.16591, 0.00292, 0.14043, 0.29154], [0.30401, 0.04476, 0.0, 0.29022, 0.35077, 0.12879, 0.04188, 0.10074, 0.27892], [0.03265, 0.29988, 0.29022, 0.0, 0.20724, 0.2193, 0.29956, 0.2405, 0.02405], [0.1786, 0.33695, 0.35077, 0.20724, 0.0, 0.34918, 0.33824, 0.35537, 0.22723], [0.24353, 0.16591, 0.12879, 0.2193, 0.34918, 0.0, 0.16368, 0.03083, 0.20042], [0.30971, 0.00292, 0.04188, 0.29956, 0.33824, 0.16368, 0.0, 0.13801, 0.29099], [0.2626, 0.14043, 0.10074, 0.2405, 0.35537, 0.03083, 0.13801, 0.0, 0.22312], [0.05654, 0.29154, 0.27892, 0.02405, 0.22723, 0.20042, 0.29099, 0.22312, 0.0]], "features_1": [[0.032754352850295376, 1.1821113958492913, 0.0, 0.2022658082648027, 0.6196857238459846, 0.12778602613518786, 0.3839214617006668, 0.6855633597575845, 0.3960604780582886, 0.25192400320530073, 0.00716927026363523, 0.6081404140085422, 0.6676891633260097, 0.6933366283202921, 0.7847040229340739, 0.6957268585227034, 0.5822075646966429], [-0.06615864094373203, 1.2089701760569782, 0.0, 0.2707101505198697, 0.6221567387532089, 0.12996500206914707, 0.3488957827534698, 0.6841135125008618, 0.40971853927156276, 0.2626484376607201, 0.007448685839370306, 0.616861629021761, 0.662725238685284, 0.69546657582853, 0.7877583214742363, 0.6869293278018772, 0.5840864992136475], [-0.11471925126979299, 1.294971313731979, 0.0, 0.20760288062077423, 0.6418538208719968, 0.1263490565209785, 0.36642218164074764, 0.6863243943320363, 0.3844744380656042, 0.26941374577707733, 0.00711334193318236, 0.6144966185425043, 0.6510739955228532, 0.6807848234127455, 0.7796430516696372, 0.7117806155568094, 0.5786449710749694], [-0.12217476074157885, 1.300988687900074, 0.0, 0.21560874247917874, 0.6466969148535596, 0.12272892141138159, 0.42626195415478774, 0.6888169004602288, 0.35877441684492695, 0.26413968916785313, 0.0069454663283523566, 0.6054516019694391, 0.6440691250112611, 0.6762013318784176, 0.77684050225586, 0.6927012705056717, 0.5790248429798831], [0.1442930981795718, 1.4616776948189178, 0.0, 0.30616609188232186, 0.677692193630409, 0.12022377684654428, 0.45872088421287527, 0.690530297379245, 0.34503139399910054, 0.2814191977396787, 0.007001439975721224, 0.6046770996658424, 0.6589450598719436, 0.6682695644137299, 0.7730685002123292, 0.6850685293081226, 0.579079651674977], [-0.05069246257208926, 1.3662193400095048, 0.0, 0.24341692256747827, 0.6670436350406036, 0.11993427762486017, 0.4847268844340945, 0.6907697367405143, 0.34774161956990013, 0.26852089604934526, 0.006889477554966383, 0.6058767998089674, 0.6472287731057603, 0.6716023615731695, 0.7736804739791201, 0.6960219609726404, 0.5651288415683756], [-0.18343449594923644, 1.6686948793784024, 0.0, 0.23042653644087943, 0.7155250711708002, 0.11040243372880595, 0.5522370575158255, 0.6930258299711598, 0.2874085114385767, 0.2944737164791542, 0.005822803276368971, 0.6060323383567465, 0.644789881222857, 0.6532586505862523, 0.7574612299705993, 0.6647732338799623, 0.5129792955964185], [0.3134247374298247, 1.637639218841545, 0.0, 0.2980525210011335, 0.7209862809205461, 0.10462149962619781, 0.4815797315665584, 0.6930581458303402, 0.24881419411808836, 0.27525933778828593, 0.005710201030130202, 0.5792507437775094, 0.6240319623758854, 0.6244419085225178, 0.7317959604248263, 0.6443420877140779, 0.4971494028369171], [0.079613455732777, 1.5371053285367478, 0.0, 0.2722834103586043, 0.70534157450142, 0.10469848667669204, 0.5213006553304318, 0.6930435343141965, 0.2564605161053952, 0.2644089500086766, 0.005710201030130202, 0.5869080050486497, 0.6383643324218197, 0.6320633446038911, 0.7365363048548944, 0.6482926101618616, 0.5014293729557568]], "features_2": [[-0.31294423878009425, 1.2650341384819204, 0.0, 0.1583742392660296, 0.6391065725878615, 0.12051788581167934, 0.45866809924859736, 0.6894439979097862, 0.3330816844081552, 0.2522355929670641, 0.006721420376576193, 0.609901340655131, 0.6343621463921584, 0.6419219072837006, 0.7592693897664945, 0.6450712452793955, 0.5828800490125753], [0.03999441782119062, 1.3478194400766228, 0.0, 0.1810698630849025, 0.6506149408747662, 0.12217404740868221, 0.4141789302007467, 0.6885780065138798, 0.34403319030927504, 0.2676946322946545, 0.00677745458930179, 0.5912778322536743, 0.6482859888740555, 0.6635335548396725, 0.7659919405809011, 0.6747915842114363, 0.5824117844495725], [-0.05831124887030725, 1.3838524059681017, 0.0, 0.15495116575611814, 0.6590757765636931, 0.12195738521078747, 0.41673154488421177, 0.6884132430779007, 0.3434505124977283, 0.2741920072461308, 0.00683347364535547, 0.5917153773083805, 0.6399499505823191, 0.6614455732015556, 0.7620385064778702, 0.6568028821104135, 0.5864651527699957], [-0.2363447013477855, 1.2942727804598586, 0.0, 0.15981291780226078, 0.6418743500095937, 0.12357816063787755, 0.3942329932251617, 0.6873299952347942, 0.354839862528777, 0.2646615176113156, 0.0069454663283523566, 0.6077749044364753, 0.6586976308049695, 0.6751031286842119, 0.7658330859812363, 0.6483368239466235, 0.599344265877811], [-0.11187004223231778, 1.498553584871224, 0.0, 0.19624887288940118, 0.6848063352438474, 0.11595599200160837, 0.5238366529825683, 0.6919663414093966, 0.31671802191098997, 0.27907447710283617, 0.00655322669591385, 0.6104506890765136, 0.6322007587683696, 0.6379566701813945, 0.7645623440059026, 0.6848754499220807, 0.5640631677747048], [-0.17422655444097712, 1.4033359086956279, 0.0, 0.1418903118200986, 0.6704048833645481, 0.1187116745627103, 0.5508335839664937, 0.6908686572176139, 0.3312965188869481, 0.2724729197761433, 0.006497131753992358, 0.5950103986069772, 0.6270172407954522, 0.6526982507707472, 0.7623630515717497, 0.6661053658526646, 0.5787887730945335], [-0.056556992058566014, 1.4155335131103393, 0.0, 0.18608317914895123, 0.660710332121544, 0.1261265098468586, 0.465956580937317, 0.6872444057355416, 0.3729953559996815, 0.28882799366634604, 0.0069454663283523566, 0.6051824442064913, 0.6461608537812192, 0.6790181682484602, 0.7829145308814704, 0.677604267143974, 0.5816327240879811], [0.2908015790327698, 1.463923098236813, 0.0, 0.2078056906772497, 0.6845734310026467, 0.11558650290591375, 0.5856440748404694, 0.6920801105816765, 0.30934973908247376, 0.26906860005800737, 0.00683347364535547, 0.585476828119674, 0.6364684159113808, 0.6455504488048804, 0.7543289033575161, 0.6776325588709986, 0.5746877960602004], [-0.12285346120528429, 1.2277897545287417, 0.0, 0.18442888260098242, 0.6415775621229253, 0.1190461209126828, 0.6588131975564352, 0.69123101374884, 0.33187535083005937, 0.24495471291013748, 0.00716927026363523, 0.6073343590982758, 0.6406265139998513, 0.6573183188851027, 0.7660595301386072, 0.6985953697696006, 0.5788958190210011]]}