{"labels_1": ["1", "2", "3", "4", "5", "6", "7", "8", "9"], "labels_2": ["1", "2", "3", "4", "5", "6", "7", "8", "9"], "adj_matrix_1": [[0.0, 0.02389, 0.08715, 0.0838, 0.11402, 0.02724, 0.27474, 0.12714, 0.10649], [0.02389, 0.0, 0.10994, 0.10666, 0.13609, 0.05097, 0.28296, 0.14871, 0.12871], [0.08715, 0.10994, 0.0, 0.00347, 0.02835, 0.06061, 0.23422, 0.04254, 0.0204], [0.0838, 0.10666, 0.00347, 0.0, 0.0318, 0.0572, 0.23613, 0.04598, 0.02386], [0.11402, 0.13609, 0.02835, 0.0318, 0.0, 0.08813, 0.21762, 0.01429, 0.00796], [0.02724, 0.05097, 0.06061, 0.0572, 0.08813, 0.0, 0.26393, 0.10176, 0.08048], [0.27474, 0.28296, 0.23422, 0.23613, 0.21762, 0.26393, 0.0, 0.2086, 0.22236], [0.12714, 0.14871, 0.04254, 0.04598, 0.01429, 0.10176, 0.2086, 0.0, 0.02225], [0.10649, 0.12871, 0.0204, 0.02386, 0.00796, 0.08048, 0.22236, 0.02225, 0.0]], "adj_matrix_2": [[0.0, 0.30978, 0.30401, 0.03265, 0.1786, 0.24353, 0.30971, 0.2626, 0.05654], [0.30978, 0.0, 0.04476, 0.29988, 0.33695, 0.16591, 0.00292, 0.14043, 0.29154], [0.30401, 0.04476, 0.0, 0.29022, 0.35077, 0.12879, 0.04188, 0.10074, 0.27892], [0.03265, 0.29988, 0.29022, 0.0, 0.20724, 0.2193, 0.29956, 0.2405, 0.02405], [0.1786, 0.33695, 0.35077, 0.20724, 0.0, 0.34918, 0.33824, 0.35537, 0.22723], [0.24353, 0.16591, 0.12879, 0.2193, 0.34918, 0.0, 0.16368, 0.03083, 0.20042], [0.30971, 0.00292, 0.04188, 0.29956, 0.33824, 0.16368, 0.0, 0.13801, 0.29099], [0.2626, 0.14043, 0.10074, 0.2405, 0.35537, 0.03083, 0.13801, 0.0, 0.22312], [0.05654, 0.29154, 0.27892, 0.02405, 0.22723, 0.20042, 0.29099, 0.22312, 0.0]], "features_1": [[-0.0014949823668812812, 1.3179888135243922, 0.0, 0.28886464847009635, 0.643147470423261, 0.12124895225020464, 0.4723298417130728, 0.6883649716390201, 0.33261880744473604, 0.26423859271121986, 0.007001439975721224, 0.6063642789298265, 0.6467708702774988, 0.6714767930326989, 0.757773986043976, 0.6667661603481568, 0.5685473531335212], [0.13759745742023943, 1.2239300222848724, 0.0, 0.2665162827171491, 0.6266234261865159, 0.12183911558984842, 0.5113567185349283, 0.6885373567727581, 0.3357705780308209, 0.24652421888680975, 0.00711334193318236, 0.6011129625426102, 0.6260550740956119, 0.6449881981313711, 0.7621786073464464, 0.6696630416360236, 0.5820930703462274], [0.03870878883554196, 1.4368259810542872, 0.0, 0.2485102095005579, 0.6622205379249517, 0.1204469823535806, 0.43515467399634955, 0.6885616525610508, 0.33455004888979656, 0.2799561223170135, 0.006889477554966383, 0.60119491768922, 0.6321892532250157, 0.6478553240042765, 0.7560489108471676, 0.6717916370083361, 0.5667582078763251], [0.32879460149321815, 1.4655530705965871, 0.0, 0.24992741714616362, 0.6677729740620965, 0.11896959444487987, 0.4542954129937414, 0.6892583603985063, 0.3210585810140041, 0.27597708867830617, 0.0064410216040902135, 0.586145334528515, 0.6190618674817896, 0.6235783912543256, 0.7493895126894293, 0.6711584469095087, 0.5613657045628346], [0.2694536757510275, 1.371500432192335, 0.0, 0.24925273865258915, 0.6580068532194592, 0.11613588178092644, 0.5849239474948064, 0.6914489841308316, 0.297536571800042, 0.25687236549316017, 0.0064410216040902135, 0.5930290655967183, 0.6249871232142803, 0.6223036861815702, 0.7522565180971383, 0.6787659281349026, 0.5604708263067437], [0.3694377142250871, 1.493370822152789, 0.0, 0.2519387300780968, 0.6754959488289058, 0.11929668269479791, 0.5605773704175881, 0.6897848727489769, 0.323884762726, 0.2791139558614606, 0.007001439975721224, 0.5872774258685027, 0.6273449043753311, 0.6388351912062054, 0.7532475817870686, 0.6678261112566085, 0.564679880100471], [0.5069844320656167, 1.6883755825797442, 0.0, 0.3035448447487138, 0.7054811914890323, 0.11821068695873835, 0.5832431025973832, 0.6905934419312179, 0.3126332136598029, 0.3074865471079171, 0.006889477554966383, 0.5712508832876892, 0.6320470162949513, 0.6301843613431103, 0.7524081507150102, 0.6868581326022072, 0.5469297831360338], [0.26764964653648926, 1.6258875953965695, 0.0, 0.2824194579157432, 0.7047499992554395, 0.11306098697919244, 0.5688588586998684, 0.692361607294736, 0.28785878574024215, 0.2901572831732093, 0.006216428718621936, 0.5907900021481334, 0.6124091616367908, 0.6379107981367174, 0.7422872460448525, 0.6596857023123527, 0.5411137924596808], [0.39858644159471623, 1.6918992772468475, 0.0, 0.2653446771471123, 0.7092290864467938, 0.11555244349548828, 0.637379210918715, 0.6915950755763677, 0.3010686064564838, 0.3019840587579061, 0.006328755639155359, 0.5799526456792428, 0.6278610385147453, 0.6363252641520256, 0.7422880901808122, 0.6755292122483185, 0.5376125742953257]], "features_2": [[-0.31294423878009425, 1.2650341384819204, 0.0, 0.1583742392660296, 0.6391065725878615, 0.12051788581167934, 0.45866809924859736, 0.6894439979097862, 0.3330816844081552, 0.2522355929670641, 0.006721420376576193, 0.609901340655131, 0.6343621463921584, 0.6419219072837006, 0.7592693897664945, 0.6450712452793955, 0.5828800490125753], [0.03999441782119062, 1.3478194400766228, 0.0, 0.1810698630849025, 0.6506149408747662, 0.12217404740868221, 0.4141789302007467, 0.6885780065138798, 0.34403319030927504, 0.2676946322946545, 0.00677745458930179, 0.5912778322536743, 0.6482859888740555, 0.6635335548396725, 0.7659919405809011, 0.6747915842114363, 0.5824117844495725], [-0.05831124887030725, 1.3838524059681017, 0.0, 0.15495116575611814, 0.6590757765636931, 0.12195738521078747, 0.41673154488421177, 0.6884132430779007, 0.3434505124977283, 0.2741920072461308, 0.00683347364535547, 0.5917153773083805, 0.6399499505823191, 0.6614455732015556, 0.7620385064778702, 0.6568028821104135, 0.5864651527699957], [-0.2363447013477855, 1.2942727804598586, 0.0, 0.15981291780226078, 0.6418743500095937, 0.12357816063787755, 0.3942329932251617, 0.6873299952347942, 0.354839862528777, 0.2646615176113156, 0.0069454663283523566, 0.6077749044364753, 0.6586976308049695, 0.6751031286842119, 0.7658330859812363, 0.6483368239466235, 0.599344265877811], [-0.11187004223231778, 1.498553584871224, 0.0, 0.19624887288940118, 0.6848063352438474, 0.11595599200160837, 0.5238366529825683, 0.6919663414093966, 0.31671802191098997, 0.27907447710283617, 0.00655322669591385, 0.6104506890765136, 0.6322007587683696, 0.6379566701813945, 0.7645623440059026, 0.6848754499220807, 0.5640631677747048], [-0.17422655444097712, 1.4033359086956279, 0.0, 0.1418903118200986, 0.6704048833645481, 0.1187116745627103, 0.5508335839664937, 0.6908686572176139, 0.3312965188869481, 0.2724729197761433, 0.006497131753992358, 0.5950103986069772, 0.6270172407954522, 0.6526982507707472, 0.7623630515717497, 0.6661053658526646, 0.5787887730945335], [-0.056556992058566014, 1.4155335131103393, 0.0, 0.18608317914895123, 0.660710332121544, 0.1261265098468586, 0.465956580937317, 0.6872444057355416, 0.3729953559996815, 0.28882799366634604, 0.0069454663283523566, 0.6051824442064913, 0.6461608537812192, 0.6790181682484602, 0.7829145308814704, 0.677604267143974, 0.5816327240879811], [0.2908015790327698, 1.463923098236813, 0.0, 0.2078056906772497, 0.6845734310026467, 0.11558650290591375, 0.5856440748404694, 0.6920801105816765, 0.30934973908247376, 0.26906860005800737, 0.00683347364535547, 0.585476828119674, 0.6364684159113808, 0.6455504488048804, 0.7543289033575161, 0.6776325588709986, 0.5746877960602004], [-0.12285346120528429, 1.2277897545287417, 0.0, 0.18442888260098242, 0.6415775621229253, 0.1190461209126828, 0.6588131975564352, 0.69123101374884, 0.33187535083005937, 0.24495471291013748, 0.00716927026363523, 0.6073343590982758, 0.6406265139998513, 0.6573183188851027, 0.7660595301386072, 0.6985953697696006, 0.5788958190210011]]}