{"labels_1": ["1", "2", "3", "4", "5", "6", "7", "8", "9"], "labels_2": ["1", "2", "3", "4", "5", "6", "7", "8", "9"], "adj_matrix_1": [[0.0, 0.08837, 0.01767, 0.30229, 0.1464, 0.30543, 0.17468, 0.31686, 0.22253], [0.08837, 0.0, 0.10477, 0.26765, 0.20865, 0.27278, 0.09708, 0.29162, 0.15599], [0.01767, 0.10477, 0.0, 0.30576, 0.13198, 0.30856, 0.18797, 0.31854, 0.23303], [0.30229, 0.26765, 0.30576, 0.0, 0.28903, 0.00865, 0.20076, 0.04139, 0.1452], [0.1464, 0.20865, 0.13198, 0.28903, 0.0, 0.28879, 0.25418, 0.28785, 0.27312], [0.30543, 0.27278, 0.30856, 0.00865, 0.28879, 0.0, 0.20787, 0.0328, 0.15308], [0.17468, 0.09708, 0.18797, 0.20076, 0.25418, 0.20787, 0.0, 0.23377, 0.06455], [0.31686, 0.29162, 0.31854, 0.04139, 0.28785, 0.0328, 0.23377, 0.0, 0.18225], [0.22253, 0.15599, 0.23303, 0.1452, 0.27312, 0.15308, 0.06455, 0.18225, 0.0]], "adj_matrix_2": [[0.0, 0.10235, 0.13681, 0.13972, 0.22764, 0.00943, 0.0146, 0.16064, 0.30916], [0.10235, 0.0, 0.03728, 0.04042, 0.14309, 0.09346, 0.08851, 0.23444, 0.24844], [0.13681, 0.03728, 0.0, 0.00316, 0.10847, 0.1284, 0.12368, 0.25541, 0.2201], [0.13972, 0.04042, 0.00316, 0.0, 0.1054, 0.13129, 0.12657, 0.25727, 0.21755], [0.22764, 0.14309, 0.10847, 0.1054, 0.0, 0.22128, 0.21757, 0.30134, 0.12274], [0.00943, 0.09346, 0.1284, 0.13129, 0.22128, 0.0, 0.00519, 0.16802, 0.3051], [0.0146, 0.08851, 0.12368, 0.12657, 0.21757, 0.00519, 0.0, 0.172, 0.30267], [0.16064, 0.23444, 0.25541, 0.25727, 0.30134, 0.16802, 0.172, 0.0, 0.33092], [0.30916, 0.24844, 0.2201, 0.21755, 0.12274, 0.3051, 0.30267, 0.33092, 0.0]], "features_1": [[0.24240005542031673, 1.011471130746082, 0.0, 0.25340075346393, 0.5795792471024774, 0.12509814896272567, 0.43208072903134465, 0.686588999946605, 0.35403373373984603, 0.21321757275291042, 0.007001439975721224, 0.5964225319510281, 0.6362164092143185, 0.6370909771569323, 0.7706590441654708, 0.7037610231661261, 0.5968853327390142], [0.39975167758378616, 0.9676011815728413, 0.0, 0.2605707220182681, 0.5566731448625163, 0.13180831402994758, 0.3195792972553285, 0.6799042069721791, 0.3801640280026761, 0.21108037343778685, 0.007225183508792421, 0.5905759593753301, 0.6385098786803289, 0.6486723365385183, 0.7748935566194309, 0.6932622640699582, 0.5966230836036099], [0.3637786809088466, 1.1294421970092965, 0.0, 0.2654674261884807, 0.6029085879325123, 0.12476997954298373, 0.302965171619045, 0.6856801086181971, 0.3532245893804731, 0.2325196758568444, 0.00711334193318236, 0.5917134148468113, 0.6260126208613443, 0.6333632956507037, 0.7645765611579475, 0.6761221634101342, 0.5888263892170744], [-0.066112194057244, 1.1042869906734318, 0.0, 0.23284048272146887, 0.5998455762881885, 0.12425611994402731, 0.34928198901161595, 0.686787793885069, 0.3460647054200672, 0.2306443011494126, 0.006889477554966383, 0.6102628538921939, 0.6395729672454497, 0.6658828121789286, 0.7699226124013754, 0.6957805329432395, 0.5827202028061559], [1.403879260870056, 1.0946195142300674, 0.0, 0.27772204234097797, 0.5900542086704423, 0.1254362757747082, 0.32253426626270854, 0.6856244656701906, 0.35248718254913514, 0.22005095508236017, 0.007001439975721224, 0.5853463031780248, 0.6162501872546338, 0.6241607784453677, 0.7735070540420975, 0.7007911724842744, 0.5748400954161543], [0.002668144776811321, 1.1991782309243417, 0.0, 0.2267450653610788, 0.6270981357396938, 0.11999728533347348, 0.34395237782592003, 0.6895440759816635, 0.3345706004586406, 0.23816709543503656, 0.00655322669591385, 0.6059993338476239, 0.6451920594031463, 0.6493298481614979, 0.7644822766973149, 0.686257016067903, 0.5782804767547605], [0.3961488784334377, 1.4000632944182896, 0.0, 0.21464926768030115, 0.6627889026380088, 0.11977378034170967, 0.5026038458712165, 0.6904128380837562, 0.32364147064962956, 0.2692678670635209, 0.0066653709969386465, 0.5940107356437649, 0.6353129376415553, 0.6481485405417905, 0.7701155541473083, 0.6999536202127954, 0.5152050686082652], [-0.18472394707585948, 1.2681070222532282, 0.0, 0.2485687927570964, 0.6519675953466715, 0.11148708975505983, 0.5019753864927224, 0.6929282167491504, 0.2895406176692885, 0.23713581599452938, 0.0064410216040902135, 0.6001450726168729, 0.6387628871731948, 0.6281357343721786, 0.7543032615079158, 0.6719203047530113, 0.5146281518274507], [0.013510269782891271, 1.2644081543000205, 0.0, 0.246644729228799, 0.6505686774186589, 0.11202311790738667, 0.4879711284921022, 0.6928245276844367, 0.2816764645401042, 0.23557227469139885, 0.006216428718621936, 0.5819469600810121, 0.6372249642809412, 0.6590742064878808, 0.7576641597598683, 0.6639983684183409, 0.4964557530185498]], "features_2": [[0.6154703270025683, 1.2613069647424893, 0.0, 0.28853067877865296, 0.6241476037204254, 0.12513452612820974, 0.22013391394142373, 0.6847137193162491, 0.362819633177593, 0.25762432552020287, 0.00716927026363523, 0.5972591158304412, 0.6198770332335007, 0.6334847499774484, 0.7646111985407673, 0.6869574586493022, 0.6018555059034888], [0.2368847545016206, 1.3786362313393268, 0.0, 0.2737547544558674, 0.6454609294394688, 0.12460431286713561, 0.356029513687632, 0.6858575208935149, 0.36297355239399987, 0.27906298051944733, 0.007225183508792421, 0.5981965772181435, 0.6397642516208362, 0.6422226648101075, 0.7661295330592275, 0.6949428847384109, 0.593057017795543], [0.4201068898157252, 1.4391985967027627, 0.0, 0.27313229338688233, 0.6528178965926994, 0.12600467031783077, 0.20081826422370597, 0.6839042758377256, 0.368580413727325, 0.28948752069130856, 0.00716927026363523, 0.6039478565040093, 0.6236030428916326, 0.6284933125164269, 0.7630300498565479, 0.6941061328773801, 0.5966768078376765], [0.862676764368155, 1.3203547948288095, 0.0, 0.26667203680706564, 0.6307365126564284, 0.1283603743001293, 0.18135568253057102, 0.681363592409268, 0.38572558587630623, 0.2708001741870736, 0.007281081678807366, 0.6020211062422605, 0.6362837580207809, 0.6350001537718374, 0.7667955833125631, 0.6958106607195628, 0.6006160394082201], [-0.12801540113267773, 1.6110267161894187, 0.0, 0.25429222725242323, 0.6900819762563614, 0.11865016159380257, 0.6819018072685843, 0.690644928634185, 0.3048595310413631, 0.29976086262166857, 0.00655322669591385, 0.6064140551911128, 0.6345264042720304, 0.6491319513193418, 0.7550779594937347, 0.6733899859574006, 0.5339115107125186], [0.5386040865479234, 1.4782610001436367, 0.0, 0.2574824848510843, 0.6645182826795054, 0.12317224821712344, 0.23968169941376657, 0.6864274144592648, 0.36326981928642255, 0.29237541694239333, 0.00716927026363523, 0.6076481331942043, 0.627579340814686, 0.6406148649563173, 0.7604501614578776, 0.6616291345468026, 0.5933322998152625], [0.7593432146706385, 1.5477383177170179, 0.0, 0.24973468946611815, 0.6701891969985044, 0.12784664313608507, 0.2627965769697461, 0.6834690633960543, 0.3865647144721931, 0.304611960899265, 0.007392832833969631, 0.5953339483135389, 0.6318843918767186, 0.6409915848524586, 0.7770148346723722, 0.7015306701387781, 0.5688739151471253], [0.02395488631028231, 1.2756718387588777, 0.0, 0.19109701096374052, 0.641528553376433, 0.11409092661383491, 0.39713950960900846, 0.6916413836641373, 0.30192194466617406, 0.24832735293269814, 0.0064410216040902135, 0.586066593691144, 0.6417240960890229, 0.6680077183270406, 0.7471793055696009, 0.6491524491435225, 0.5621998039391736], [-0.14572497838741238, 1.2636795976476667, 0.0, 0.2189133277094145, 0.6368704453885627, 0.11752754079554355, 0.3352671308137644, 0.6901145627030532, 0.33797049438012117, 0.253170840589791, 0.00683347364535547, 0.6170393459002343, 0.6431866438807672, 0.6649101557807156, 0.7577035707591806, 0.6713328403047967, 0.5744945753291038]]}