{"labels_1": ["1", "2", "3", "4", "5", "6", "7", "8", "9"], "labels_2": ["1", "2", "3", "4", "5", "6", "7", "8", "9"], "adj_matrix_1": [[0.0, 0.03613, 0.16274, 0.02444, 0.08338, 0.16486, 0.25737, 0.0011, 0.04147], [0.03613, 0.0, 0.19348, 0.06031, 0.11777, 0.19546, 0.2809, 0.03716, 0.07699], [0.16274, 0.19348, 0.0, 0.14085, 0.0842, 0.00243, 0.11434, 0.16177, 0.12497], [0.02444, 0.06031, 0.14085, 0.0, 0.05955, 0.14307, 0.24, 0.02332, 0.01715], [0.08338, 0.11777, 0.0842, 0.05955, 0.0, 0.08658, 0.19197, 0.08239, 0.04261], [0.16486, 0.19546, 0.00243, 0.14307, 0.08658, 0.0, 0.11206, 0.16398, 0.12727], [0.25737, 0.2809, 0.11434, 0.24, 0.19197, 0.11206, 0.0, 0.25741, 0.2272], [0.0011, 0.03716, 0.16177, 0.02332, 0.08239, 0.16398, 0.25741, 0.0, 0.04043], [0.04147, 0.07699, 0.12497, 0.01715, 0.04261, 0.12727, 0.2272, 0.04043, 0.0]], "adj_matrix_2": [[0.0, 0.23445, 0.19632, 0.21156, 0.21302, 0.24155, 0.27325, 0.14582, 0.20108], [0.23445, 0.0, 0.22865, 0.22309, 0.03725, 0.20485, 0.17483, 0.20602, 0.19439], [0.19632, 0.22865, 0.0, 0.02174, 0.22731, 0.07175, 0.348, 0.28987, 0.31848], [0.21156, 0.22309, 0.02174, 0.0, 0.22451, 0.05063, 0.34667, 0.29677, 0.322], [0.21302, 0.03725, 0.22731, 0.22451, 0.0, 0.2137, 0.14785, 0.18065, 0.16758], [0.24155, 0.20485, 0.07175, 0.05063, 0.2137, 0.0, 0.33774, 0.3069, 0.32394], [0.27325, 0.17483, 0.348, 0.34667, 0.14785, 0.33774, 0.0, 0.15135, 0.09168], [0.14582, 0.20602, 0.28987, 0.29677, 0.18065, 0.3069, 0.15135, 0.0, 0.06231], [0.20108, 0.19439, 0.31848, 0.322, 0.16758, 0.32394, 0.09168, 0.06231, 0.0]], "features_1": [[0.032754352850295376, 1.1821113958492913, 0.0, 0.2022658082648027, 0.6196857238459846, 0.12778602613518786, 0.3839214617006668, 0.6855633597575845, 0.3960604780582886, 0.25192400320530073, 0.00716927026363523, 0.6081404140085422, 0.6676891633260097, 0.6933366283202921, 0.7847040229340739, 0.6957268585227034, 0.5822075646966429], [-0.06615864094373203, 1.2089701760569782, 0.0, 0.2707101505198697, 0.6221567387532089, 0.12996500206914707, 0.3488957827534698, 0.6841135125008618, 0.40971853927156276, 0.2626484376607201, 0.007448685839370306, 0.616861629021761, 0.662725238685284, 0.69546657582853, 0.7877583214742363, 0.6869293278018772, 0.5840864992136475], [-0.11471925126979299, 1.294971313731979, 0.0, 0.20760288062077423, 0.6418538208719968, 0.1263490565209785, 0.36642218164074764, 0.6863243943320363, 0.3844744380656042, 0.26941374577707733, 0.00711334193318236, 0.6144966185425043, 0.6510739955228532, 0.6807848234127455, 0.7796430516696372, 0.7117806155568094, 0.5786449710749694], [-0.12217476074157885, 1.300988687900074, 0.0, 0.21560874247917874, 0.6466969148535596, 0.12272892141138159, 0.42626195415478774, 0.6888169004602288, 0.35877441684492695, 0.26413968916785313, 0.0069454663283523566, 0.6054516019694391, 0.6440691250112611, 0.6762013318784176, 0.77684050225586, 0.6927012705056717, 0.5790248429798831], [0.1442930981795718, 1.4616776948189178, 0.0, 0.30616609188232186, 0.677692193630409, 0.12022377684654428, 0.45872088421287527, 0.690530297379245, 0.34503139399910054, 0.2814191977396787, 0.007001439975721224, 0.6046770996658424, 0.6589450598719436, 0.6682695644137299, 0.7730685002123292, 0.6850685293081226, 0.579079651674977], [-0.05069246257208926, 1.3662193400095048, 0.0, 0.24341692256747827, 0.6670436350406036, 0.11993427762486017, 0.4847268844340945, 0.6907697367405143, 0.34774161956990013, 0.26852089604934526, 0.006889477554966383, 0.6058767998089674, 0.6472287731057603, 0.6716023615731695, 0.7736804739791201, 0.6960219609726404, 0.5651288415683756], [-0.18343449594923644, 1.6686948793784024, 0.0, 0.23042653644087943, 0.7155250711708002, 0.11040243372880595, 0.5522370575158255, 0.6930258299711598, 0.2874085114385767, 0.2944737164791542, 0.005822803276368971, 0.6060323383567465, 0.644789881222857, 0.6532586505862523, 0.7574612299705993, 0.6647732338799623, 0.5129792955964185], [0.3134247374298247, 1.637639218841545, 0.0, 0.2980525210011335, 0.7209862809205461, 0.10462149962619781, 0.4815797315665584, 0.6930581458303402, 0.24881419411808836, 0.27525933778828593, 0.005710201030130202, 0.5792507437775094, 0.6240319623758854, 0.6244419085225178, 0.7317959604248263, 0.6443420877140779, 0.4971494028369171], [0.079613455732777, 1.5371053285367478, 0.0, 0.2722834103586043, 0.70534157450142, 0.10469848667669204, 0.5213006553304318, 0.6930435343141965, 0.2564605161053952, 0.2644089500086766, 0.005710201030130202, 0.5869080050486497, 0.6383643324218197, 0.6320633446038911, 0.7365363048548944, 0.6482926101618616, 0.5014293729557568]], "features_2": [[0.2867388030486473, 1.1536629779963314, 0.0, 0.20927684243511416, 0.5971640987441726, 0.13321551807783405, 0.34296874961292545, 0.6793864609063276, 0.4026762156025092, 0.25233108883371314, 0.007281081678807366, 0.6057007727671502, 0.6506500271467123, 0.681898887461035, 0.7824608649581591, 0.6909897582806244, 0.611285235821964], [0.7111424444892851, 1.25509481913622, 0.0, 0.2618911611263508, 0.6193889437155561, 0.12941113813151708, 0.36599480926458694, 0.6834490587098829, 0.3813060121350724, 0.26178632144335046, 0.00711334193318236, 0.5768945009518553, 0.6526051467030543, 0.662606577706359, 0.7827923805675829, 0.7160531006232898, 0.5958168522476337], [0.25132814845255824, 1.293181773111744, 0.0, 0.22506449581478152, 0.6283815438404201, 0.13128069783980814, 0.4274931729750378, 0.682155718136044, 0.3846061066036426, 0.2726289622573439, 0.007281081678807366, 0.5915040679988135, 0.6573737379009457, 0.6712091377032192, 0.7807722599246352, 0.684882664842078, 0.6109949532056321], [0.1945796206353827, 1.2817793968682432, 0.0, 0.24100325398891173, 0.6320870835768488, 0.12637118874097628, 0.49048360198622587, 0.6862207015885566, 0.35771315705105744, 0.26191573405035173, 0.006721420376576193, 0.5837459802728797, 0.6481018982678829, 0.6573027823727841, 0.7733431657597704, 0.666655268502472, 0.5992364912423754], [0.799682748332958, 1.753959512286224, 0.0, 0.2733121193679674, 0.7134530239063939, 0.11688109018149052, 0.48629811081701463, 0.6914418014971704, 0.2986837202734771, 0.3115714269239942, 0.006328755639155359, 0.5673698403372698, 0.6292651917298288, 0.6419640299100836, 0.7651395619190818, 0.6804553124962096, 0.5486659182299156], [0.26780350136240694, 1.4643771491511581, 0.0, 0.21397078782867504, 0.6704658541577652, 0.12409464521068789, 0.6048876133284764, 0.688369829731725, 0.3376618793277253, 0.28496259727324236, 0.006497131753992358, 0.5767066091622355, 0.6526293368061471, 0.6647606093473012, 0.7712380953360471, 0.6783649912627755, 0.5972661101965099], [-0.367926265743145, 1.715076258392181, 0.0, 0.2165761596443757, 0.7169685540718302, 0.11212842069062395, 0.710643960056774, 0.6928894838941733, 0.27662169309356655, 0.305015238118874, 0.006104040759826512, 0.6089969483297062, 0.6424209563241682, 0.6473160675724942, 0.7511837091621772, 0.6540587384341537, 0.5093849760317938], [0.010366455029146682, 1.8530004302638445, 0.0, 0.24716899675691298, 0.7494092039663065, 0.10813101623798158, 0.8616601715205284, 0.6930993713511746, 0.26880571673473863, 0.3084935933941275, 0.005879081395912644, 0.5864202562466954, 0.6453424263637628, 0.6423512854196182, 0.7458692649164036, 0.6576089564848422, 0.5166865469795975], [-0.2570865958265669, 1.6313927644018542, 0.0, 0.2359533313621126, 0.7118605613747337, 0.11145550695978965, 0.8688221435388683, 0.6930755284168733, 0.27423922999066286, 0.2878121485103735, 0.005991591679928909, 0.5988700052292377, 0.6424529361686336, 0.6429874459573723, 0.7489446663010005, 0.6631553334719618, 0.5372987950635514]]}