{"labels_1": ["1", "2", "3", "4", "5", "6", "7", "8", "9"], "labels_2": ["1", "2", "3", "4", "5", "6", "7", "8", "9"], "adj_matrix_1": [[0.0, 0.08837, 0.01767, 0.30229, 0.1464, 0.30543, 0.17468, 0.31686, 0.22253], [0.08837, 0.0, 0.10477, 0.26765, 0.20865, 0.27278, 0.09708, 0.29162, 0.15599], [0.01767, 0.10477, 0.0, 0.30576, 0.13198, 0.30856, 0.18797, 0.31854, 0.23303], [0.30229, 0.26765, 0.30576, 0.0, 0.28903, 0.00865, 0.20076, 0.04139, 0.1452], [0.1464, 0.20865, 0.13198, 0.28903, 0.0, 0.28879, 0.25418, 0.28785, 0.27312], [0.30543, 0.27278, 0.30856, 0.00865, 0.28879, 0.0, 0.20787, 0.0328, 0.15308], [0.17468, 0.09708, 0.18797, 0.20076, 0.25418, 0.20787, 0.0, 0.23377, 0.06455], [0.31686, 0.29162, 0.31854, 0.04139, 0.28785, 0.0328, 0.23377, 0.0, 0.18225], [0.22253, 0.15599, 0.23303, 0.1452, 0.27312, 0.15308, 0.06455, 0.18225, 0.0]], "adj_matrix_2": [[0.0, 0.1819, 0.06384, 0.06192, 0.15423, 0.02466, 0.09539, 0.07394, 0.11871], [0.1819, 0.0, 0.23005, 0.12866, 0.03377, 0.20117, 0.0967, 0.23713, 0.26689], [0.06384, 0.23005, 0.0, 0.12341, 0.20692, 0.03946, 0.15456, 0.01032, 0.0567], [0.06192, 0.12866, 0.12341, 0.0, 0.09765, 0.08594, 0.03458, 0.13295, 0.17455], [0.15423, 0.03377, 0.20692, 0.09765, 0.0, 0.17523, 0.06436, 0.21479, 0.24814], [0.02466, 0.20117, 0.03946, 0.08594, 0.17523, 0.0, 0.11867, 0.0497, 0.09528], [0.09539, 0.0967, 0.15456, 0.03458, 0.06436, 0.11867, 0.0, 0.16362, 0.20278], [0.07394, 0.23713, 0.01032, 0.13295, 0.21479, 0.0497, 0.16362, 0.0, 0.04649], [0.11871, 0.26689, 0.0567, 0.17455, 0.24814, 0.09528, 0.20278, 0.04649, 0.0]], "features_1": [[0.24240005542031673, 1.011471130746082, 0.0, 0.25340075346393, 0.5795792471024774, 0.12509814896272567, 0.43208072903134465, 0.686588999946605, 0.35403373373984603, 0.21321757275291042, 0.007001439975721224, 0.5964225319510281, 0.6362164092143185, 0.6370909771569323, 0.7706590441654708, 0.7037610231661261, 0.5968853327390142], [0.39975167758378616, 0.9676011815728413, 0.0, 0.2605707220182681, 0.5566731448625163, 0.13180831402994758, 0.3195792972553285, 0.6799042069721791, 0.3801640280026761, 0.21108037343778685, 0.007225183508792421, 0.5905759593753301, 0.6385098786803289, 0.6486723365385183, 0.7748935566194309, 0.6932622640699582, 0.5966230836036099], [0.3637786809088466, 1.1294421970092965, 0.0, 0.2654674261884807, 0.6029085879325123, 0.12476997954298373, 0.302965171619045, 0.6856801086181971, 0.3532245893804731, 0.2325196758568444, 0.00711334193318236, 0.5917134148468113, 0.6260126208613443, 0.6333632956507037, 0.7645765611579475, 0.6761221634101342, 0.5888263892170744], [-0.066112194057244, 1.1042869906734318, 0.0, 0.23284048272146887, 0.5998455762881885, 0.12425611994402731, 0.34928198901161595, 0.686787793885069, 0.3460647054200672, 0.2306443011494126, 0.006889477554966383, 0.6102628538921939, 0.6395729672454497, 0.6658828121789286, 0.7699226124013754, 0.6957805329432395, 0.5827202028061559], [1.403879260870056, 1.0946195142300674, 0.0, 0.27772204234097797, 0.5900542086704423, 0.1254362757747082, 0.32253426626270854, 0.6856244656701906, 0.35248718254913514, 0.22005095508236017, 0.007001439975721224, 0.5853463031780248, 0.6162501872546338, 0.6241607784453677, 0.7735070540420975, 0.7007911724842744, 0.5748400954161543], [0.002668144776811321, 1.1991782309243417, 0.0, 0.2267450653610788, 0.6270981357396938, 0.11999728533347348, 0.34395237782592003, 0.6895440759816635, 0.3345706004586406, 0.23816709543503656, 0.00655322669591385, 0.6059993338476239, 0.6451920594031463, 0.6493298481614979, 0.7644822766973149, 0.686257016067903, 0.5782804767547605], [0.3961488784334377, 1.4000632944182896, 0.0, 0.21464926768030115, 0.6627889026380088, 0.11977378034170967, 0.5026038458712165, 0.6904128380837562, 0.32364147064962956, 0.2692678670635209, 0.0066653709969386465, 0.5940107356437649, 0.6353129376415553, 0.6481485405417905, 0.7701155541473083, 0.6999536202127954, 0.5152050686082652], [-0.18472394707585948, 1.2681070222532282, 0.0, 0.2485687927570964, 0.6519675953466715, 0.11148708975505983, 0.5019753864927224, 0.6929282167491504, 0.2895406176692885, 0.23713581599452938, 0.0064410216040902135, 0.6001450726168729, 0.6387628871731948, 0.6281357343721786, 0.7543032615079158, 0.6719203047530113, 0.5146281518274507], [0.013510269782891271, 1.2644081543000205, 0.0, 0.246644729228799, 0.6505686774186589, 0.11202311790738667, 0.4879711284921022, 0.6928245276844367, 0.2816764645401042, 0.23557227469139885, 0.006216428718621936, 0.5819469600810121, 0.6372249642809412, 0.6590742064878808, 0.7576641597598683, 0.6639983684183409, 0.4964557530185498]], "features_2": [[0.1409785934709098, 1.3696374089066734, 0.0, 0.21768059326655026, 0.644190396109142, 0.131619644847743, 0.26846063030385564, 0.6803091176053685, 0.4104026652375925, 0.2894482327127297, 0.007727725548673403, 0.6177466519631334, 0.6475366121400746, 0.6585776958144014, 0.7826567401060968, 0.6856746729695516, 0.6261332622410868], [0.04924968407157193, 1.3669448054511337, 0.0, 0.27805212057238177, 0.6450524997852902, 0.13049903533485732, 0.32266614958446665, 0.6824392620681584, 0.39842158781491444, 0.29145907911569924, 0.007671947615560004, 0.6160547937514282, 0.6499587915260274, 0.6761757955717924, 0.7877768395857515, 0.6870786362307651, 0.6163478072973437], [0.17643844623886773, 1.4819352491328854, 0.0, 0.22291394982842808, 0.6597362689076761, 0.13171197623090536, 0.2386934962383215, 0.6796141141526884, 0.41699123949301486, 0.3103422474552553, 0.008006390651371653, 0.6215452066501657, 0.650392137494057, 0.668638351308547, 0.7795219411489758, 0.6795668827313064, 0.618772732210092], [0.07906930290073522, 1.467511537171514, 0.0, 0.2349890877309575, 0.6529035686546072, 0.13301045318306964, 0.20451385361913807, 0.677335516450299, 0.42480731559544815, 0.3109730549236609, 0.00783923647221818, 0.6201970085457242, 0.6459610030823931, 0.6626250525030672, 0.7783118169866964, 0.6896544376243781, 0.6170999750900845], [0.24958717409313058, 1.609098388745674, 0.0, 0.2405851199460823, 0.6909559287268612, 0.12141512041889099, 0.40004758895826525, 0.6891057736580166, 0.3371048185502501, 0.3091438598892948, 0.007225183508792421, 0.6030387039030121, 0.6475646183311873, 0.6662808456437529, 0.7731017904082592, 0.6760499589571254, 0.5808543910172979], [0.15751903983886084, 1.5010857057042775, 0.0, 0.282573498172984, 0.6707506975921034, 0.1276941116644194, 0.3055616994840136, 0.6845683835493888, 0.39837869300770623, 0.30661297407274946, 0.007894969482732161, 0.6100982770000192, 0.6649404822821264, 0.6751173945505465, 0.7803448308628183, 0.6899257982458422, 0.6103780785411643], [0.09610872637837042, 1.5949028089192332, 0.0, 0.2236075774627109, 0.6720507987376708, 0.13067960786985602, 0.2516535489055457, 0.6808628847143943, 0.3978718984012819, 0.32316585768447115, 0.007727725548673403, 0.6161098950135848, 0.6563821337580737, 0.6698944362401511, 0.7819778677624937, 0.6992674555088471, 0.5982980912971106], [0.01982353410668214, 1.4900560737130566, 0.0, 0.2303183863675336, 0.6796752289964813, 0.11794518505207768, 0.4625403388311561, 0.6908756941667415, 0.3218365421187832, 0.2809905504180825, 0.0066653709969386465, 0.5985362146751161, 0.6347425271478441, 0.6222331868167137, 0.7653484530486233, 0.6644886110761072, 0.5795705517200421], [0.07646725727698112, 1.4426684968807806, 0.0, 0.24913627408168512, 0.6655158031067384, 0.12184617061143163, 0.35072893430289726, 0.6885649283493187, 0.3512194166249458, 0.28295557300686425, 0.007225183508792421, 0.6060721449244697, 0.6316136983157226, 0.6252255094380417, 0.7713962274469572, 0.6800921495349991, 0.5956987371665211]]}