{"labels_1": ["1", "2", "3", "4", "5", "6", "7", "8", "9"], "labels_2": ["1", "2", "3", "4", "5", "6", "7", "8", "9"], "adj_matrix_1": [[0.0, 0.23, 0.1673, 0.15887, 0.23706, 0.27419, 0.30308, 0.29176, 0.22904], [0.23, 0.0, 0.09054, 0.10063, 0.01329, 0.09033, 0.17937, 0.14302, 0.00056], [0.1673, 0.09054, 0.0, 0.01069, 0.10308, 0.17295, 0.24729, 0.2175, 0.08992], [0.15887, 0.10063, 0.01069, 0.0, 0.113, 0.18159, 0.25378, 0.22494, 0.10002], [0.23706, 0.01329, 0.10308, 0.113, 0.0, 0.07755, 0.16844, 0.13145, 0.01387], [0.27419, 0.09033, 0.17295, 0.18159, 0.07755, 0.0, 0.09664, 0.05665, 0.09093], [0.30308, 0.17937, 0.24729, 0.25378, 0.16844, 0.09664, 0.0, 0.04084, 0.18027], [0.29176, 0.14302, 0.2175, 0.22494, 0.13145, 0.05665, 0.04084, 0.0, 0.14405], [0.22904, 0.00056, 0.08992, 0.10002, 0.01387, 0.09093, 0.18027, 0.14405, 0.0]], "adj_matrix_2": [[0.0, 0.10947, 0.14038, 0.25604, 0.1322, 0.29929, 0.3442, 0.26675, 0.34038], [0.10947, 0.0, 0.03249, 0.16352, 0.02391, 0.21944, 0.29491, 0.17695, 0.2856], [0.14038, 0.03249, 0.0, 0.13379, 0.00858, 0.19279, 0.27674, 0.14786, 0.26584], [0.25604, 0.16352, 0.13379, 0.0, 0.14153, 0.06696, 0.18046, 0.01549, 0.16338], [0.1322, 0.02391, 0.00858, 0.14153, 0.0, 0.19979, 0.28133, 0.15577, 0.27109], [0.29929, 0.21944, 0.19279, 0.06696, 0.19979, 0.0, 0.12208, 0.05167, 0.10283], [0.3442, 0.29491, 0.27674, 0.18046, 0.28133, 0.12208, 0.0, 0.16738, 0.02089], [0.26675, 0.17695, 0.14786, 0.01549, 0.15577, 0.05167, 0.16738, 0.0, 0.14995], [0.34038, 0.2856, 0.26584, 0.16338, 0.27109, 0.10283, 0.02089, 0.14995, 0.0]], "features_1": [[0.5660507033678623, 1.2040855883923434, 0.0, 0.33763500972903154, 0.615017396023964, 0.12978443166728615, 0.22962903421556505, 0.6813572595960118, 0.3963610044511905, 0.25627105661306193, 0.007671947615560004, 0.581790970239664, 0.6484550212647725, 0.6564817666819601, 0.7713812834306814, 0.7042980673585846, 0.5984244209751151], [0.4011208460807407, 1.13126013752057, 0.0, 0.28120467640885394, 0.5980102202404233, 0.1341610602765305, 0.21118132566811454, 0.6772086591523797, 0.42429429148506626, 0.25001333105088297, 0.007727725548673403, 0.6137439349744556, 0.6292150652265945, 0.6388433770502143, 0.7825554921457502, 0.6885892239929033, 0.5980794102000428], [0.282192488516503, 1.2790155275348378, 0.0, 0.3204494420776406, 0.6295612010777073, 0.13018368810330616, 0.2555306882679467, 0.6815655462492829, 0.3946266981791202, 0.2708016413103229, 0.007560346756364078, 0.5942916377502634, 0.649094162893804, 0.672028383250956, 0.7745972140921117, 0.6939660710357902, 0.5942409619360968], [0.16103286569965114, 1.3001087476756292, 0.0, 0.30307466768469915, 0.6317856406326734, 0.12899501582769404, 0.2607120261584036, 0.6823748114608696, 0.3875584742487863, 0.2727670142829357, 0.007336964783822175, 0.5927589702816822, 0.64812595613745, 0.6596510801405112, 0.7709486045373722, 0.6781041885172069, 0.5890585869310565], [0.41072887572648975, 1.4624027311815047, 0.0, 0.19023165598007213, 0.6696914333262305, 0.12178088157697492, 0.3771019533172925, 0.6891114141968931, 0.3395581660246949, 0.2785119325278418, 0.00683347364535547, 0.596920229460852, 0.6451725542349673, 0.649924723541992, 0.7743143730412639, 0.6903932568396782, 0.5588356586370319], [-0.03947317067927836, 1.3527686863431687, 0.0, 0.26110752736792936, 0.6572792991759723, 0.1215472893206135, 0.3879618425932868, 0.6891380320260647, 0.35123524383375493, 0.269676591968792, 0.00677745458930179, 0.6030164592399934, 0.6549636876658285, 0.6634429284305688, 0.7689113538530604, 0.6725003933466542, 0.5647910858349372], [-0.13695843562507592, 1.5628118905870116, 0.0, 0.2421618753092472, 0.679378031347499, 0.12295363609926285, 0.3272050923008365, 0.6878435783267303, 0.351725924277009, 0.30588637967500154, 0.007336964783822175, 0.6177302239500426, 0.646068340662074, 0.6615873334716285, 0.7694675749016606, 0.6879568743044807, 0.5430740717313574], [0.11900564572420969, 1.7648159368595195, 0.0, 0.2068410857973888, 0.739605569064893, 0.10168454552268903, 0.5239148573417018, 0.6925959670440925, 0.25883663869068574, 0.28696410989515164, 0.006104040759826512, 0.5839060411369652, 0.6301604924929868, 0.6297828512016835, 0.7238100491384456, 0.6471307750642709, 0.4704733365455228], [0.194954581164541, 1.5263005471450233, 0.0, 0.22971191485049428, 0.6965915204552046, 0.10873942070479468, 0.5279800091961121, 0.6931090110063887, 0.2977738918579651, 0.27248157434055553, 0.006216428718621936, 0.5923679088147282, 0.6391642891668587, 0.6343827784168274, 0.747996734332017, 0.6687206440503175, 0.4902294419246174]], "features_2": [[-0.26179921119195937, 1.0679516735215302, 0.0, 0.15437306307995655, 0.5854828970565696, 0.12677426774062314, 0.2887357518295026, 0.6845520661042508, 0.3626282885432235, 0.23112113323032202, 0.00683347364535547, 0.6216864423369421, 0.6559924481647766, 0.6759458182013989, 0.7763990681127266, 0.6816423194434027, 0.6042926230883043], [-0.2706753906165753, 1.1591824549813194, 0.0, 0.16944261731290086, 0.5944456313798593, 0.132841854690098, 0.22159979927588652, 0.678173046697927, 0.39687887303170566, 0.2577137168929602, 0.007560346756364078, 0.6218981886730739, 0.6362406812314586, 0.6779333910574713, 0.7823018235372121, 0.6905554399886569, 0.5954684375827887], [-0.0679972346552975, 1.1907092728806887, 0.0, 0.19771360197494897, 0.6140877648348897, 0.12643136240996233, 0.2751680950987314, 0.684502261144297, 0.36157344281354487, 0.25056590415207247, 0.006889477554966383, 0.6111846375810512, 0.6492224859589989, 0.6536954215863623, 0.7738281583375617, 0.6801199607554864, 0.607071876035504], [0.028840195433233795, 1.159696074020943, 0.0, 0.1953330375347161, 0.6074512754092023, 0.12597702032733848, 0.2656849854792675, 0.6845603672251586, 0.366875296694251, 0.24543314971803998, 0.007057398507269275, 0.604465757675404, 0.650112892481107, 0.6777272040205309, 0.7717864976126083, 0.6721580116956813, 0.6031803011435299], [0.19420773254418844, 1.4973005767883254, 0.0, 0.2056257791035737, 0.664239830537117, 0.1243396168040759, 0.33909824013584355, 0.6868732835385752, 0.33618387658033067, 0.29204198661463066, 0.0064410216040902135, 0.6145329571634901, 0.6370563345617793, 0.6521517288229283, 0.7745934759853343, 0.6783219147593531, 0.5564327553252236], [0.035834429743840435, 1.328440716271374, 0.0, 0.214846477683167, 0.6504949878193532, 0.1190689565559132, 0.31985561950993074, 0.6894474964533955, 0.32312791361498117, 0.2616760131145961, 0.006609306440138685, 0.5944671437174938, 0.642964038638039, 0.6633586365642481, 0.7601571137050602, 0.6745029124037515, 0.5825706904887987], [0.16154826865702532, 1.3513539166184514, 0.0, 0.2843059139582208, 0.6454169347656118, 0.12415548701271104, 0.30684704868456336, 0.6864053779405351, 0.3593814276209206, 0.275866518471936, 0.0069454663283523566, 0.5991588089090383, 0.6545522808374327, 0.6885347444518507, 0.7722000860824564, 0.6867961497090911, 0.5647586632930177], [0.3068009512321779, 1.6055190068890772, 0.0, 0.2513696885264384, 0.7078722752358751, 0.10605963163762376, 0.40401935437302683, 0.6931380272835399, 0.24036591369916716, 0.27271245602198757, 0.005710201030130202, 0.578097234083593, 0.6285777021982589, 0.6320113848833286, 0.7241516772558312, 0.6379943170710438, 0.49812211021379016], [0.2809210408445817, 1.483084352516803, 0.0, 0.25645674011150466, 0.6869737714064601, 0.11040112502828629, 0.5102866023769395, 0.6927773452606565, 0.28636787731997404, 0.26667970771603366, 0.006721420376576193, 0.5747628426218201, 0.6261005545758698, 0.6317024789034739, 0.7393511827903194, 0.6649617354909517, 0.5169174084301337]]}