{"labels_1": ["1", "2", "3", "4", "5", "6", "7", "8", "9"], "labels_2": ["1", "2", "3", "4", "5", "6", "7", "8", "9"], "adj_matrix_1": [[0.0, 0.23, 0.1673, 0.15887, 0.23706, 0.27419, 0.30308, 0.29176, 0.22904], [0.23, 0.0, 0.09054, 0.10063, 0.01329, 0.09033, 0.17937, 0.14302, 0.00056], [0.1673, 0.09054, 0.0, 0.01069, 0.10308, 0.17295, 0.24729, 0.2175, 0.08992], [0.15887, 0.10063, 0.01069, 0.0, 0.113, 0.18159, 0.25378, 0.22494, 0.10002], [0.23706, 0.01329, 0.10308, 0.113, 0.0, 0.07755, 0.16844, 0.13145, 0.01387], [0.27419, 0.09033, 0.17295, 0.18159, 0.07755, 0.0, 0.09664, 0.05665, 0.09093], [0.30308, 0.17937, 0.24729, 0.25378, 0.16844, 0.09664, 0.0, 0.04084, 0.18027], [0.29176, 0.14302, 0.2175, 0.22494, 0.13145, 0.05665, 0.04084, 0.0, 0.14405], [0.22904, 0.00056, 0.08992, 0.10002, 0.01387, 0.09093, 0.18027, 0.14405, 0.0]], "adj_matrix_2": [[0.0, 0.13709, 0.03176, 0.17058, 0.33962, 0.29915, 0.26339, 0.35426, 0.27187], [0.13709, 0.0, 0.16687, 0.03613, 0.25728, 0.19258, 0.27882, 0.31008, 0.28483], [0.03176, 0.16687, 0.0, 0.19925, 0.35461, 0.31973, 0.25845, 0.36063, 0.26727], [0.17058, 0.03613, 0.19925, 0.0, 0.23103, 0.161, 0.2809, 0.29385, 0.2861], [0.33962, 0.25728, 0.35461, 0.23103, 0.0, 0.08647, 0.24396, 0.11372, 0.24046], [0.29915, 0.19258, 0.31973, 0.161, 0.08647, 0.0, 0.2697, 0.18854, 0.26973], [0.26339, 0.27882, 0.25845, 0.2809, 0.24396, 0.2697, 0.0, 0.18421, 0.01245], [0.35426, 0.31008, 0.36063, 0.29385, 0.11372, 0.18854, 0.18421, 0.0, 0.17623], [0.27187, 0.28483, 0.26727, 0.2861, 0.24046, 0.26973, 0.01245, 0.17623, 0.0]], "features_1": [[0.5660507033678623, 1.2040855883923434, 0.0, 0.33763500972903154, 0.615017396023964, 0.12978443166728615, 0.22962903421556505, 0.6813572595960118, 0.3963610044511905, 0.25627105661306193, 0.007671947615560004, 0.581790970239664, 0.6484550212647725, 0.6564817666819601, 0.7713812834306814, 0.7042980673585846, 0.5984244209751151], [0.4011208460807407, 1.13126013752057, 0.0, 0.28120467640885394, 0.5980102202404233, 0.1341610602765305, 0.21118132566811454, 0.6772086591523797, 0.42429429148506626, 0.25001333105088297, 0.007727725548673403, 0.6137439349744556, 0.6292150652265945, 0.6388433770502143, 0.7825554921457502, 0.6885892239929033, 0.5980794102000428], [0.282192488516503, 1.2790155275348378, 0.0, 0.3204494420776406, 0.6295612010777073, 0.13018368810330616, 0.2555306882679467, 0.6815655462492829, 0.3946266981791202, 0.2708016413103229, 0.007560346756364078, 0.5942916377502634, 0.649094162893804, 0.672028383250956, 0.7745972140921117, 0.6939660710357902, 0.5942409619360968], [0.16103286569965114, 1.3001087476756292, 0.0, 0.30307466768469915, 0.6317856406326734, 0.12899501582769404, 0.2607120261584036, 0.6823748114608696, 0.3875584742487863, 0.2727670142829357, 0.007336964783822175, 0.5927589702816822, 0.64812595613745, 0.6596510801405112, 0.7709486045373722, 0.6781041885172069, 0.5890585869310565], [0.41072887572648975, 1.4624027311815047, 0.0, 0.19023165598007213, 0.6696914333262305, 0.12178088157697492, 0.3771019533172925, 0.6891114141968931, 0.3395581660246949, 0.2785119325278418, 0.00683347364535547, 0.596920229460852, 0.6451725542349673, 0.649924723541992, 0.7743143730412639, 0.6903932568396782, 0.5588356586370319], [-0.03947317067927836, 1.3527686863431687, 0.0, 0.26110752736792936, 0.6572792991759723, 0.1215472893206135, 0.3879618425932868, 0.6891380320260647, 0.35123524383375493, 0.269676591968792, 0.00677745458930179, 0.6030164592399934, 0.6549636876658285, 0.6634429284305688, 0.7689113538530604, 0.6725003933466542, 0.5647910858349372], [-0.13695843562507592, 1.5628118905870116, 0.0, 0.2421618753092472, 0.679378031347499, 0.12295363609926285, 0.3272050923008365, 0.6878435783267303, 0.351725924277009, 0.30588637967500154, 0.007336964783822175, 0.6177302239500426, 0.646068340662074, 0.6615873334716285, 0.7694675749016606, 0.6879568743044807, 0.5430740717313574], [0.11900564572420969, 1.7648159368595195, 0.0, 0.2068410857973888, 0.739605569064893, 0.10168454552268903, 0.5239148573417018, 0.6925959670440925, 0.25883663869068574, 0.28696410989515164, 0.006104040759826512, 0.5839060411369652, 0.6301604924929868, 0.6297828512016835, 0.7238100491384456, 0.6471307750642709, 0.4704733365455228], [0.194954581164541, 1.5263005471450233, 0.0, 0.22971191485049428, 0.6965915204552046, 0.10873942070479468, 0.5279800091961121, 0.6931090110063887, 0.2977738918579651, 0.27248157434055553, 0.006216428718621936, 0.5923679088147282, 0.6391642891668587, 0.6343827784168274, 0.747996734332017, 0.6687206440503175, 0.4902294419246174]], "features_2": [[-0.3166720955590496, 1.1637031030861928, 0.0, 0.18894833092596422, 0.6334813825063424, 0.11846227641684394, 0.6684114970592369, 0.6919829090219926, 0.3362626822614254, 0.23292544211917243, 0.0066653709969386465, 0.6171541585361289, 0.6682701052667624, 0.6672668445294417, 0.7770769652524461, 0.6937852194238124, 0.5794316362778292], [-0.22921850098387875, 1.2948166128006646, 0.0, 0.18120220763979597, 0.6432973410394836, 0.12897932516297544, 0.540023332288834, 0.6872562380179963, 0.39075514399147515, 0.2716114963944012, 0.007225183508792421, 0.6202086767126247, 0.6685309474193526, 0.6928240056872104, 0.7938433917775934, 0.7127914151650645, 0.5855148368913466], [-0.18189261662596357, 1.2658690822481473, 0.0, 0.19630275602763772, 0.6496972418314738, 0.12148180446455487, 0.656163403735551, 0.6910438978548532, 0.35003151364889584, 0.2521904440663225, 0.00655322669591385, 0.618283294980366, 0.6562206347658741, 0.6635340354360647, 0.7808996111417612, 0.7138102776864411, 0.577030872478422], [-0.09042402635145885, 1.2269320467354148, 0.0, 0.20274363373806653, 0.6464238792462325, 0.11733596007003316, 0.6760407429758019, 0.6921890883470416, 0.3345018442490151, 0.24176191543326309, 0.006384896235913207, 0.6083914162482098, 0.6587324109441834, 0.6620366969868411, 0.7739558441494255, 0.6914062403980924, 0.5763582856336967], [0.0403830316772944, 1.7274021718783688, 0.0, 0.19968676522301576, 0.7082335989641638, 0.12322466858201148, 0.5531272208555216, 0.6896360323167843, 0.3410327127868562, 0.3226699511441471, 0.0066653709969386465, 0.5994472260984314, 0.6472341073147414, 0.6648558755029343, 0.7834412236351874, 0.6945651892583755, 0.5515267808572363], [0.10603471598331815, 1.3151034100038714, 0.0, 0.22820920214926674, 0.6635064980099756, 0.11779544231340013, 0.7845795257375471, 0.6924021063696679, 0.3425404774212133, 0.2547165344407074, 0.007057398507269275, 0.6044484683156544, 0.6650937255007037, 0.6831939538378791, 0.7787958056076891, 0.7023131796128249, 0.5671520589242561], [0.1920274845954224, 1.3733435776645067, 0.0, 0.19927434999161503, 0.6646536396736554, 0.11729159688887271, 0.6111608207025355, 0.6917546437519554, 0.33217376156201484, 0.26290638063619864, 0.006721420376576193, 0.5918318108392806, 0.656336319808234, 0.6675367156793449, 0.7741653989543369, 0.6853360432125213, 0.5865867861101028], [0.9415718150432144, 1.4475039802875405, 0.0, 0.2567207013212631, 0.6818128747077253, 0.11235179847363343, 0.5415714439516549, 0.6927447233787971, 0.3144170917416942, 0.2620089268849992, 0.006272599803500922, 0.5797457074154844, 0.6326758775150332, 0.6357797517425088, 0.7583393606936304, 0.6867424536921891, 0.5409522219652775], [1.1505488167342417, 1.283537888283874, 0.0, 0.30984181128658483, 0.6552940486165643, 0.11259831006290871, 0.6360480791955994, 0.6927890209154017, 0.33725193543506937, 0.24165409401879212, 0.007057398507269275, 0.5738866202354307, 0.6297036184243379, 0.6466639783545957, 0.7633896807435189, 0.6975189656219352, 0.5569344607207355]]}