{"labels_1": ["1", "2", "3", "4", "5", "6", "7", "8", "9"], "labels_2": ["1", "2", "3", "4", "5", "6", "7", "8", "9"], "adj_matrix_1": [[0.0, 0.23, 0.1673, 0.15887, 0.23706, 0.27419, 0.30308, 0.29176, 0.22904], [0.23, 0.0, 0.09054, 0.10063, 0.01329, 0.09033, 0.17937, 0.14302, 0.00056], [0.1673, 0.09054, 0.0, 0.01069, 0.10308, 0.17295, 0.24729, 0.2175, 0.08992], [0.15887, 0.10063, 0.01069, 0.0, 0.113, 0.18159, 0.25378, 0.22494, 0.10002], [0.23706, 0.01329, 0.10308, 0.113, 0.0, 0.07755, 0.16844, 0.13145, 0.01387], [0.27419, 0.09033, 0.17295, 0.18159, 0.07755, 0.0, 0.09664, 0.05665, 0.09093], [0.30308, 0.17937, 0.24729, 0.25378, 0.16844, 0.09664, 0.0, 0.04084, 0.18027], [0.29176, 0.14302, 0.2175, 0.22494, 0.13145, 0.05665, 0.04084, 0.0, 0.14405], [0.22904, 0.00056, 0.08992, 0.10002, 0.01387, 0.09093, 0.18027, 0.14405, 0.0]], "adj_matrix_2": [[0.0, 0.15326, 0.05439, 0.11705, 0.00802, 0.17084, 0.04756, 0.16009, 0.18439], [0.15326, 0.0, 0.10327, 0.04006, 0.16008, 0.28716, 0.10947, 0.00798, 0.03724], [0.05439, 0.10327, 0.0, 0.06467, 0.06226, 0.21678, 0.00683, 0.11073, 0.13744], [0.11705, 0.04006, 0.06467, 0.0, 0.12441, 0.26365, 0.07124, 0.04794, 0.07663], [0.00802, 0.16008, 0.06226, 0.12441, 0.0, 0.16375, 0.05556, 0.16703, 0.19076], [0.17084, 0.28716, 0.21678, 0.26365, 0.16375, 0.0, 0.21129, 0.29142, 0.30482], [0.04756, 0.10947, 0.00683, 0.07124, 0.05556, 0.21129, 0.0, 0.11703, 0.14332], [0.16009, 0.00798, 0.11073, 0.04794, 0.16703, 0.29142, 0.11703, 0.0, 0.02931], [0.18439, 0.03724, 0.13744, 0.07663, 0.19076, 0.30482, 0.14332, 0.02931, 0.0]], "features_1": [[0.5660507033678623, 1.2040855883923434, 0.0, 0.33763500972903154, 0.615017396023964, 0.12978443166728615, 0.22962903421556505, 0.6813572595960118, 0.3963610044511905, 0.25627105661306193, 0.007671947615560004, 0.581790970239664, 0.6484550212647725, 0.6564817666819601, 0.7713812834306814, 0.7042980673585846, 0.5984244209751151], [0.4011208460807407, 1.13126013752057, 0.0, 0.28120467640885394, 0.5980102202404233, 0.1341610602765305, 0.21118132566811454, 0.6772086591523797, 0.42429429148506626, 0.25001333105088297, 0.007727725548673403, 0.6137439349744556, 0.6292150652265945, 0.6388433770502143, 0.7825554921457502, 0.6885892239929033, 0.5980794102000428], [0.282192488516503, 1.2790155275348378, 0.0, 0.3204494420776406, 0.6295612010777073, 0.13018368810330616, 0.2555306882679467, 0.6815655462492829, 0.3946266981791202, 0.2708016413103229, 0.007560346756364078, 0.5942916377502634, 0.649094162893804, 0.672028383250956, 0.7745972140921117, 0.6939660710357902, 0.5942409619360968], [0.16103286569965114, 1.3001087476756292, 0.0, 0.30307466768469915, 0.6317856406326734, 0.12899501582769404, 0.2607120261584036, 0.6823748114608696, 0.3875584742487863, 0.2727670142829357, 0.007336964783822175, 0.5927589702816822, 0.64812595613745, 0.6596510801405112, 0.7709486045373722, 0.6781041885172069, 0.5890585869310565], [0.41072887572648975, 1.4624027311815047, 0.0, 0.19023165598007213, 0.6696914333262305, 0.12178088157697492, 0.3771019533172925, 0.6891114141968931, 0.3395581660246949, 0.2785119325278418, 0.00683347364535547, 0.596920229460852, 0.6451725542349673, 0.649924723541992, 0.7743143730412639, 0.6903932568396782, 0.5588356586370319], [-0.03947317067927836, 1.3527686863431687, 0.0, 0.26110752736792936, 0.6572792991759723, 0.1215472893206135, 0.3879618425932868, 0.6891380320260647, 0.35123524383375493, 0.269676591968792, 0.00677745458930179, 0.6030164592399934, 0.6549636876658285, 0.6634429284305688, 0.7689113538530604, 0.6725003933466542, 0.5647910858349372], [-0.13695843562507592, 1.5628118905870116, 0.0, 0.2421618753092472, 0.679378031347499, 0.12295363609926285, 0.3272050923008365, 0.6878435783267303, 0.351725924277009, 0.30588637967500154, 0.007336964783822175, 0.6177302239500426, 0.646068340662074, 0.6615873334716285, 0.7694675749016606, 0.6879568743044807, 0.5430740717313574], [0.11900564572420969, 1.7648159368595195, 0.0, 0.2068410857973888, 0.739605569064893, 0.10168454552268903, 0.5239148573417018, 0.6925959670440925, 0.25883663869068574, 0.28696410989515164, 0.006104040759826512, 0.5839060411369652, 0.6301604924929868, 0.6297828512016835, 0.7238100491384456, 0.6471307750642709, 0.4704733365455228], [0.194954581164541, 1.5263005471450233, 0.0, 0.22971191485049428, 0.6965915204552046, 0.10873942070479468, 0.5279800091961121, 0.6931090110063887, 0.2977738918579651, 0.27248157434055553, 0.006216428718621936, 0.5923679088147282, 0.6391642891668587, 0.6343827784168274, 0.747996734332017, 0.6687206440503175, 0.4902294419246174]], "features_2": [[0.08874283381129366, 1.2303468717586339, 0.0, 0.1943455306432468, 0.6070391430160582, 0.1289397770132723, 0.10694995133854449, 0.6787772421443973, 0.3757198894167453, 0.26405925489215676, 0.00783923647221818, 0.614206626329239, 0.6330792595634769, 0.6582702843074983, 0.7563569893995499, 0.6727199730840183, 0.5829705770444792], [0.09710052870000485, 1.298034897030242, 0.0, 0.18782604825331062, 0.6181028881432978, 0.13080472302262613, 0.1293288245735802, 0.6774258715453012, 0.37833035634772494, 0.27635589229118773, 0.007616154688146137, 0.6087024774230272, 0.6206450673257673, 0.6426395018440179, 0.7654558888451681, 0.6863753060940806, 0.5933482405671721], [0.08231130258145347, 1.3416963415942469, 0.0, 0.2185276339346877, 0.6315995121951464, 0.12860615092792715, 0.12647519598246076, 0.6800205188784312, 0.3770535848773291, 0.2822556847128952, 0.007616154688146137, 0.606651595525129, 0.6437139248434423, 0.6543646331240074, 0.7597781302105747, 0.6640151396606606, 0.5896064040257211], [0.1768335716942957, 1.3281105727117053, 0.0, 0.23090694525188118, 0.6243706778596094, 0.13019158876545267, 0.09663629877650806, 0.6772852721118645, 0.3807291341435286, 0.2799144874939772, 0.007392832833969631, 0.6062413700166078, 0.6213401704751054, 0.6305948806699813, 0.7584979803288203, 0.6816624077729477, 0.5832245170327162], [0.22408330213716443, 1.557782984760962, 0.0, 0.19029738979773625, 0.6766716327775908, 0.12337416487513257, 0.33789057213072554, 0.6877367445538237, 0.3327413433001598, 0.2991301773134143, 0.006497131753992358, 0.6133557108137191, 0.6492521269759419, 0.649604920288334, 0.7751425940927513, 0.6975301551651769, 0.5509536694932816], [-0.05386657337891876, 1.3253418530785124, 0.0, 0.22667041004252178, 0.6409741081844033, 0.1253560310763672, 0.2624143905803386, 0.6854026584468822, 0.35545400887640977, 0.26880936976664893, 0.00683347364535547, 0.6180146216248237, 0.6231654248913688, 0.6422645970190675, 0.7666741083253649, 0.6873167327150017, 0.5960165846736327], [-0.19695414976652303, 1.698590060453332, 0.0, 0.2093083480038761, 0.6884742670347085, 0.1286618884021646, 0.2610417691846131, 0.6828934579972084, 0.3702224677981969, 0.3373708222758547, 0.00716927026363523, 0.6187133388480852, 0.6422271311925705, 0.6655853170103673, 0.779135603484157, 0.6712557944297252, 0.5591491947237269], [0.7483123403719807, 1.5201273197779288, 0.0, 0.25759045520457563, 0.695273353109393, 0.11220988970865627, 0.4550826636790674, 0.6927263437864186, 0.3236921725567705, 0.2800057575959958, 0.007281081678807366, 0.5844870184316084, 0.6304962590702434, 0.6348239442237036, 0.7546184545653878, 0.6623352411367692, 0.5248848344988173], [0.14480766875676654, 1.4060994865859855, 0.0, 0.27331714587068556, 0.6653972235079685, 0.11839992774068052, 0.4066943826823014, 0.6905866140585981, 0.3296092802884252, 0.27422200948313225, 0.00683347364535547, 0.5950537241746274, 0.6389092750283564, 0.6616693293690793, 0.7625271981586581, 0.664198083325588, 0.563552511276697]]}