{"labels_1": ["1", "2", "3", "4", "5", "6", "7", "8", "9"], "labels_2": ["1", "2", "3", "4", "5", "6", "7", "8", "9"], "adj_matrix_1": [[0.0, 0.23, 0.1673, 0.15887, 0.23706, 0.27419, 0.30308, 0.29176, 0.22904], [0.23, 0.0, 0.09054, 0.10063, 0.01329, 0.09033, 0.17937, 0.14302, 0.00056], [0.1673, 0.09054, 0.0, 0.01069, 0.10308, 0.17295, 0.24729, 0.2175, 0.08992], [0.15887, 0.10063, 0.01069, 0.0, 0.113, 0.18159, 0.25378, 0.22494, 0.10002], [0.23706, 0.01329, 0.10308, 0.113, 0.0, 0.07755, 0.16844, 0.13145, 0.01387], [0.27419, 0.09033, 0.17295, 0.18159, 0.07755, 0.0, 0.09664, 0.05665, 0.09093], [0.30308, 0.17937, 0.24729, 0.25378, 0.16844, 0.09664, 0.0, 0.04084, 0.18027], [0.29176, 0.14302, 0.2175, 0.22494, 0.13145, 0.05665, 0.04084, 0.0, 0.14405], [0.22904, 0.00056, 0.08992, 0.10002, 0.01387, 0.09093, 0.18027, 0.14405, 0.0]], "adj_matrix_2": [[0.0, 0.24926, 0.15423, 0.19039, 0.26197, 0.27249, 0.30197, 0.31369, 0.25356], [0.24926, 0.0, 0.10906, 0.07039, 0.01709, 0.03137, 0.07597, 0.29209, 0.00571], [0.15423, 0.10906, 0.0, 0.03977, 0.12518, 0.13858, 0.17892, 0.31115, 0.11448], [0.19039, 0.07039, 0.03977, 0.0, 0.08698, 0.10087, 0.14311, 0.30633, 0.07594], [0.26197, 0.01709, 0.12518, 0.08698, 0.0, 0.01429, 0.05925, 0.287, 0.0114], [0.27249, 0.03137, 0.13858, 0.10087, 0.01429, 0.0, 0.0451, 0.28311, 0.02568], [0.30197, 0.07597, 0.17892, 0.14311, 0.05925, 0.0451, 0.0, 0.26666, 0.07044], [0.31369, 0.29209, 0.31115, 0.30633, 0.287, 0.28311, 0.26666, 0.0, 0.29044], [0.25356, 0.00571, 0.11448, 0.07594, 0.0114, 0.02568, 0.07044, 0.29044, 0.0]], "features_1": [[0.5660507033678623, 1.2040855883923434, 0.0, 0.33763500972903154, 0.615017396023964, 0.12978443166728615, 0.22962903421556505, 0.6813572595960118, 0.3963610044511905, 0.25627105661306193, 0.007671947615560004, 0.581790970239664, 0.6484550212647725, 0.6564817666819601, 0.7713812834306814, 0.7042980673585846, 0.5984244209751151], [0.4011208460807407, 1.13126013752057, 0.0, 0.28120467640885394, 0.5980102202404233, 0.1341610602765305, 0.21118132566811454, 0.6772086591523797, 0.42429429148506626, 0.25001333105088297, 0.007727725548673403, 0.6137439349744556, 0.6292150652265945, 0.6388433770502143, 0.7825554921457502, 0.6885892239929033, 0.5980794102000428], [0.282192488516503, 1.2790155275348378, 0.0, 0.3204494420776406, 0.6295612010777073, 0.13018368810330616, 0.2555306882679467, 0.6815655462492829, 0.3946266981791202, 0.2708016413103229, 0.007560346756364078, 0.5942916377502634, 0.649094162893804, 0.672028383250956, 0.7745972140921117, 0.6939660710357902, 0.5942409619360968], [0.16103286569965114, 1.3001087476756292, 0.0, 0.30307466768469915, 0.6317856406326734, 0.12899501582769404, 0.2607120261584036, 0.6823748114608696, 0.3875584742487863, 0.2727670142829357, 0.007336964783822175, 0.5927589702816822, 0.64812595613745, 0.6596510801405112, 0.7709486045373722, 0.6781041885172069, 0.5890585869310565], [0.41072887572648975, 1.4624027311815047, 0.0, 0.19023165598007213, 0.6696914333262305, 0.12178088157697492, 0.3771019533172925, 0.6891114141968931, 0.3395581660246949, 0.2785119325278418, 0.00683347364535547, 0.596920229460852, 0.6451725542349673, 0.649924723541992, 0.7743143730412639, 0.6903932568396782, 0.5588356586370319], [-0.03947317067927836, 1.3527686863431687, 0.0, 0.26110752736792936, 0.6572792991759723, 0.1215472893206135, 0.3879618425932868, 0.6891380320260647, 0.35123524383375493, 0.269676591968792, 0.00677745458930179, 0.6030164592399934, 0.6549636876658285, 0.6634429284305688, 0.7689113538530604, 0.6725003933466542, 0.5647910858349372], [-0.13695843562507592, 1.5628118905870116, 0.0, 0.2421618753092472, 0.679378031347499, 0.12295363609926285, 0.3272050923008365, 0.6878435783267303, 0.351725924277009, 0.30588637967500154, 0.007336964783822175, 0.6177302239500426, 0.646068340662074, 0.6615873334716285, 0.7694675749016606, 0.6879568743044807, 0.5430740717313574], [0.11900564572420969, 1.7648159368595195, 0.0, 0.2068410857973888, 0.739605569064893, 0.10168454552268903, 0.5239148573417018, 0.6925959670440925, 0.25883663869068574, 0.28696410989515164, 0.006104040759826512, 0.5839060411369652, 0.6301604924929868, 0.6297828512016835, 0.7238100491384456, 0.6471307750642709, 0.4704733365455228], [0.194954581164541, 1.5263005471450233, 0.0, 0.22971191485049428, 0.6965915204552046, 0.10873942070479468, 0.5279800091961121, 0.6931090110063887, 0.2977738918579651, 0.27248157434055553, 0.006216428718621936, 0.5923679088147282, 0.6391642891668587, 0.6343827784168274, 0.747996734332017, 0.6687206440503175, 0.4902294419246174]], "features_2": [[-0.5079530334973139, 0.9622777870184336, 0.0, 0.16682645946740987, 0.5509896426553877, 0.1350927716972621, 0.26538665263993766, 0.6762560792812249, 0.4045639671117489, 0.22598251634731548, 0.007671947615560004, 0.6365691513417149, 0.6587114667119444, 0.684161881570953, 0.7836986662115151, 0.665816214385893, 0.5956055298334592], [-0.08128796827941231, 1.094003800626365, 0.0, 0.22349371831213738, 0.5882607457090311, 0.13036086319778703, 0.3567235596347594, 0.6829174747686555, 0.39375135938522154, 0.2394969838396228, 0.007671947615560004, 0.6185092655777962, 0.654331200361437, 0.690176177922454, 0.7869161747691873, 0.7016653421943972, 0.5774361495108672], [-0.23167526619601064, 1.0883326942445608, 0.0, 0.20402483535343055, 0.5859745930097093, 0.13096801581178807, 0.3504429775389724, 0.6816707641127707, 0.37048234597051977, 0.23859094684081916, 0.007225183508792421, 0.6230370374205414, 0.6559585838516083, 0.6660123718074075, 0.7816273054669574, 0.686051472819952, 0.5991112545488498], [0.04854539416507775, 1.0264604529204702, 0.0, 0.23291856551257262, 0.5717891836414318, 0.13105298024872764, 0.3387616289649884, 0.6817848953866323, 0.3745640620094619, 0.22430684702698866, 0.007001439975721224, 0.6169245697476684, 0.6534689336542998, 0.6757082815850726, 0.7819233304302652, 0.7015361373790141, 0.5880894422071588], [-0.1432520129403474, 1.4527011675007497, 0.0, 0.25996027454427345, 0.6646783037229687, 0.11867112988299894, 0.46646515937314703, 0.6906173543781428, 0.3197155467304813, 0.27932417717536207, 0.00655322669591385, 0.6107692350585257, 0.6375475407849249, 0.6419433156126261, 0.766587594908572, 0.6893945772950008, 0.503366720800951], [0.24747385912964504, 1.1739180801651983, 0.0, 0.2567933084087735, 0.6149704682037085, 0.12355636866281174, 0.5183165640606852, 0.6885500478649744, 0.3287194736406207, 0.2353580249503624, 0.0064410216040902135, 0.6002727765888456, 0.655020977850502, 0.6588328608303032, 0.7732466029555222, 0.6920719370764633, 0.571299639952191], [0.20584659904148106, 1.444177366405628, 0.0, 0.25011370921104814, 0.6666173253979156, 0.11899092286636162, 0.45472510321904663, 0.6909649497005075, 0.32353955289223535, 0.27484694136478494, 0.0066653709969386465, 0.5991900678301763, 0.6427564840401302, 0.653843243304916, 0.7698907030711927, 0.678930111161501, 0.48380764510460134], [0.09059410554750702, 1.368494204584867, 0.0, 0.25666796291306015, 0.6685700541124224, 0.108842984124146, 0.6048270143962057, 0.693117862984883, 0.26430485455430697, 0.2470329138744063, 0.006047823865199753, 0.577363458917473, 0.633838317247713, 0.6416553399711448, 0.7381994167021769, 0.6402784079085068, 0.5084944526735742], [-0.1423985012506641, 1.3113131316183992, 0.0, 0.2340816002529246, 0.6573852581670041, 0.10921408942045645, 0.48125546368088407, 0.6930745567547454, 0.26940783747759145, 0.23971775379767557, 0.005822803276368971, 0.5960440878551179, 0.6373946903412455, 0.6459141269968778, 0.7413319372315621, 0.6549886625335866, 0.4796745530668457]]}