{"labels_1": ["1", "2", "3", "4", "5", "6", "7", "8", "9"], "labels_2": ["1", "2", "3", "4", "5", "6", "7", "8", "9"], "adj_matrix_1": [[0.0, 0.23, 0.1673, 0.15887, 0.23706, 0.27419, 0.30308, 0.29176, 0.22904], [0.23, 0.0, 0.09054, 0.10063, 0.01329, 0.09033, 0.17937, 0.14302, 0.00056], [0.1673, 0.09054, 0.0, 0.01069, 0.10308, 0.17295, 0.24729, 0.2175, 0.08992], [0.15887, 0.10063, 0.01069, 0.0, 0.113, 0.18159, 0.25378, 0.22494, 0.10002], [0.23706, 0.01329, 0.10308, 0.113, 0.0, 0.07755, 0.16844, 0.13145, 0.01387], [0.27419, 0.09033, 0.17295, 0.18159, 0.07755, 0.0, 0.09664, 0.05665, 0.09093], [0.30308, 0.17937, 0.24729, 0.25378, 0.16844, 0.09664, 0.0, 0.04084, 0.18027], [0.29176, 0.14302, 0.2175, 0.22494, 0.13145, 0.05665, 0.04084, 0.0, 0.14405], [0.22904, 0.00056, 0.08992, 0.10002, 0.01387, 0.09093, 0.18027, 0.14405, 0.0]], "adj_matrix_2": [[0.0, 0.10212, 0.07213, 0.06048, 0.02798, 0.16857, 0.2638, 0.17339, 0.17396], [0.10212, 0.0, 0.03078, 0.04258, 0.12868, 0.07065, 0.31387, 0.25454, 0.25497], [0.07213, 0.03078, 0.0, 0.01185, 0.09936, 0.10075, 0.30082, 0.23203, 0.23245], [0.06048, 0.04258, 0.01185, 0.0, 0.08789, 0.11215, 0.29543, 0.22298, 0.22343], [0.02798, 0.12868, 0.09936, 0.08789, 0.0, 0.19321, 0.24693, 0.14896, 0.14946], [0.16857, 0.07065, 0.10075, 0.11215, 0.19321, 0.0, 0.338, 0.30111, 0.30131], [0.2638, 0.31387, 0.30082, 0.29543, 0.24693, 0.338, 0.0, 0.12857, 0.12808], [0.17339, 0.25454, 0.23203, 0.22298, 0.14896, 0.30111, 0.12857, 0.0, 0.0006], [0.17396, 0.25497, 0.23245, 0.22343, 0.14946, 0.30131, 0.12808, 0.0006, 0.0]], "features_1": [[0.5660507033678623, 1.2040855883923434, 0.0, 0.33763500972903154, 0.615017396023964, 0.12978443166728615, 0.22962903421556505, 0.6813572595960118, 0.3963610044511905, 0.25627105661306193, 0.007671947615560004, 0.581790970239664, 0.6484550212647725, 0.6564817666819601, 0.7713812834306814, 0.7042980673585846, 0.5984244209751151], [0.4011208460807407, 1.13126013752057, 0.0, 0.28120467640885394, 0.5980102202404233, 0.1341610602765305, 0.21118132566811454, 0.6772086591523797, 0.42429429148506626, 0.25001333105088297, 0.007727725548673403, 0.6137439349744556, 0.6292150652265945, 0.6388433770502143, 0.7825554921457502, 0.6885892239929033, 0.5980794102000428], [0.282192488516503, 1.2790155275348378, 0.0, 0.3204494420776406, 0.6295612010777073, 0.13018368810330616, 0.2555306882679467, 0.6815655462492829, 0.3946266981791202, 0.2708016413103229, 0.007560346756364078, 0.5942916377502634, 0.649094162893804, 0.672028383250956, 0.7745972140921117, 0.6939660710357902, 0.5942409619360968], [0.16103286569965114, 1.3001087476756292, 0.0, 0.30307466768469915, 0.6317856406326734, 0.12899501582769404, 0.2607120261584036, 0.6823748114608696, 0.3875584742487863, 0.2727670142829357, 0.007336964783822175, 0.5927589702816822, 0.64812595613745, 0.6596510801405112, 0.7709486045373722, 0.6781041885172069, 0.5890585869310565], [0.41072887572648975, 1.4624027311815047, 0.0, 0.19023165598007213, 0.6696914333262305, 0.12178088157697492, 0.3771019533172925, 0.6891114141968931, 0.3395581660246949, 0.2785119325278418, 0.00683347364535547, 0.596920229460852, 0.6451725542349673, 0.649924723541992, 0.7743143730412639, 0.6903932568396782, 0.5588356586370319], [-0.03947317067927836, 1.3527686863431687, 0.0, 0.26110752736792936, 0.6572792991759723, 0.1215472893206135, 0.3879618425932868, 0.6891380320260647, 0.35123524383375493, 0.269676591968792, 0.00677745458930179, 0.6030164592399934, 0.6549636876658285, 0.6634429284305688, 0.7689113538530604, 0.6725003933466542, 0.5647910858349372], [-0.13695843562507592, 1.5628118905870116, 0.0, 0.2421618753092472, 0.679378031347499, 0.12295363609926285, 0.3272050923008365, 0.6878435783267303, 0.351725924277009, 0.30588637967500154, 0.007336964783822175, 0.6177302239500426, 0.646068340662074, 0.6615873334716285, 0.7694675749016606, 0.6879568743044807, 0.5430740717313574], [0.11900564572420969, 1.7648159368595195, 0.0, 0.2068410857973888, 0.739605569064893, 0.10168454552268903, 0.5239148573417018, 0.6925959670440925, 0.25883663869068574, 0.28696410989515164, 0.006104040759826512, 0.5839060411369652, 0.6301604924929868, 0.6297828512016835, 0.7238100491384456, 0.6471307750642709, 0.4704733365455228], [0.194954581164541, 1.5263005471450233, 0.0, 0.22971191485049428, 0.6965915204552046, 0.10873942070479468, 0.5279800091961121, 0.6931090110063887, 0.2977738918579651, 0.27248157434055553, 0.006216428718621936, 0.5923679088147282, 0.6391642891668587, 0.6343827784168274, 0.747996734332017, 0.6687206440503175, 0.4902294419246174]], "features_2": [[-0.2594398503915385, 1.12271418338025, 0.0, 0.29675517661541245, 0.6066731211969304, 0.12357022077338188, 0.36754914881833545, 0.6872685929973721, 0.34897846143194644, 0.23884861400416768, 0.006721420376576193, 0.6061682834829922, 0.6443203484115988, 0.671349950305191, 0.7718325202308579, 0.6872613023662874, 0.6184514657711556], [-0.19657637968253505, 1.1410524441048984, 0.0, 0.25329772263792494, 0.6147409059058935, 0.12140295006584223, 0.432792456436777, 0.6895281824301989, 0.34333412000821983, 0.2362526574100976, 0.00716927026363523, 0.6121050499075693, 0.6523464808230988, 0.6673472237378592, 0.7770117218626678, 0.6794873667094721, 0.6098676130540082], [-0.2834601064718356, 1.245997409260881, 0.0, 0.2825089146834629, 0.635886365960571, 0.12038868740988234, 0.3939299756781466, 0.6897267621264056, 0.3355075699322245, 0.25431153481234103, 0.0069454663283523566, 0.6065289296140328, 0.6508114914016183, 0.6755795881639327, 0.77113483607057, 0.7024211229747452, 0.6099783539181244], [-0.20154631665809886, 1.2117796933984346, 0.0, 0.2821836124506239, 0.6220779678080205, 0.12302089951751359, 0.36633364592624673, 0.6875887878398457, 0.3434338002229538, 0.25180065036323507, 0.0069454663283523566, 0.6079090099610682, 0.6446396279432676, 0.6634990772269547, 0.771224141584065, 0.6893744382606921, 0.6131843495410678], [0.02969650166555393, 1.3422315856438038, 0.0, 0.2211241278876198, 0.6615784678768428, 0.11372070143286508, 0.6097836448223163, 0.6926419563207746, 0.2902428448239871, 0.25175868751136843, 0.006384896235913207, 0.5947198921404462, 0.6460883815806385, 0.6366493507851563, 0.7644309301633869, 0.651976888992258, 0.5494123031772624], [-0.3628117454476256, 1.3066891869646837, 0.0, 0.27198311063046476, 0.6515274738577033, 0.11549257831303719, 0.4703082434241189, 0.6919289316615079, 0.3095921097622707, 0.25679999495703476, 0.00677745458930179, 0.6114806606995389, 0.6461652020848169, 0.668720810054393, 0.7648441496304924, 0.6864028502608461, 0.5960232676435352], [0.43702684299139305, 1.3766709672894957, 0.0, 0.3008274949139126, 0.6526649341907867, 0.12019203575523438, 0.3931307317413527, 0.6895944446676578, 0.32495013807048134, 0.2684914265959031, 0.006384896235913207, 0.5949268914667958, 0.6332073675499134, 0.6399947058665388, 0.7712795284583616, 0.6924490305198289, 0.5915014470560043], [0.5172455516874956, 1.4599560078582432, 0.0, 0.27448963909922347, 0.6893416818624561, 0.10783775733207979, 0.5753842108983243, 0.6931452026753611, 0.27625960523702964, 0.2586064111753259, 0.006272599803500922, 0.5769706962985497, 0.6291939813369265, 0.6389888623583309, 0.7455605291644866, 0.6480762446912807, 0.5636415793481022], [0.05989026304473466, 1.318457178582649, 0.0, 0.25386443020813143, 0.6598260959343052, 0.11143672890907913, 0.534648172979162, 0.6928650775732292, 0.28755193469732654, 0.24479692236248174, 0.006384896235913207, 0.5796116875056221, 0.6428737110533601, 0.6357497675737406, 0.7579389571388916, 0.6809059314535081, 0.5729481027756771]]}