{"labels_1": ["1", "2", "3", "4", "5", "6", "7", "8", "9"], "labels_2": ["1", "2", "3", "4", "5", "6", "7", "8", "9"], "adj_matrix_1": [[0.0, 0.23, 0.1673, 0.15887, 0.23706, 0.27419, 0.30308, 0.29176, 0.22904], [0.23, 0.0, 0.09054, 0.10063, 0.01329, 0.09033, 0.17937, 0.14302, 0.00056], [0.1673, 0.09054, 0.0, 0.01069, 0.10308, 0.17295, 0.24729, 0.2175, 0.08992], [0.15887, 0.10063, 0.01069, 0.0, 0.113, 0.18159, 0.25378, 0.22494, 0.10002], [0.23706, 0.01329, 0.10308, 0.113, 0.0, 0.07755, 0.16844, 0.13145, 0.01387], [0.27419, 0.09033, 0.17295, 0.18159, 0.07755, 0.0, 0.09664, 0.05665, 0.09093], [0.30308, 0.17937, 0.24729, 0.25378, 0.16844, 0.09664, 0.0, 0.04084, 0.18027], [0.29176, 0.14302, 0.2175, 0.22494, 0.13145, 0.05665, 0.04084, 0.0, 0.14405], [0.22904, 0.00056, 0.08992, 0.10002, 0.01387, 0.09093, 0.18027, 0.14405, 0.0]], "adj_matrix_2": [[0.0, 0.15801, 0.06576, 0.15001, 0.27725, 0.12125, 0.2249, 0.09289, 0.03917], [0.15801, 0.0, 0.21232, 0.27439, 0.1914, 0.0412, 0.08737, 0.07072, 0.19083], [0.06576, 0.21232, 0.0, 0.08768, 0.29604, 0.18004, 0.26659, 0.15426, 0.02684], [0.15001, 0.27439, 0.08768, 0.0, 0.31028, 0.24941, 0.31011, 0.22826, 0.11349], [0.27725, 0.1914, 0.29604, 0.31028, 0.0, 0.21825, 0.12099, 0.23521, 0.28882], [0.12125, 0.0412, 0.18004, 0.24941, 0.21825, 0.0, 0.12562, 0.03009, 0.15674], [0.2249, 0.08737, 0.26659, 0.31011, 0.12099, 0.12562, 0.0, 0.152, 0.25058], [0.09289, 0.07072, 0.15426, 0.22826, 0.23521, 0.03009, 0.152, 0.0, 0.12991], [0.03917, 0.19083, 0.02684, 0.11349, 0.28882, 0.15674, 0.25058, 0.12991, 0.0]], "features_1": [[0.5660507033678623, 1.2040855883923434, 0.0, 0.33763500972903154, 0.615017396023964, 0.12978443166728615, 0.22962903421556505, 0.6813572595960118, 0.3963610044511905, 0.25627105661306193, 0.007671947615560004, 0.581790970239664, 0.6484550212647725, 0.6564817666819601, 0.7713812834306814, 0.7042980673585846, 0.5984244209751151], [0.4011208460807407, 1.13126013752057, 0.0, 0.28120467640885394, 0.5980102202404233, 0.1341610602765305, 0.21118132566811454, 0.6772086591523797, 0.42429429148506626, 0.25001333105088297, 0.007727725548673403, 0.6137439349744556, 0.6292150652265945, 0.6388433770502143, 0.7825554921457502, 0.6885892239929033, 0.5980794102000428], [0.282192488516503, 1.2790155275348378, 0.0, 0.3204494420776406, 0.6295612010777073, 0.13018368810330616, 0.2555306882679467, 0.6815655462492829, 0.3946266981791202, 0.2708016413103229, 0.007560346756364078, 0.5942916377502634, 0.649094162893804, 0.672028383250956, 0.7745972140921117, 0.6939660710357902, 0.5942409619360968], [0.16103286569965114, 1.3001087476756292, 0.0, 0.30307466768469915, 0.6317856406326734, 0.12899501582769404, 0.2607120261584036, 0.6823748114608696, 0.3875584742487863, 0.2727670142829357, 0.007336964783822175, 0.5927589702816822, 0.64812595613745, 0.6596510801405112, 0.7709486045373722, 0.6781041885172069, 0.5890585869310565], [0.41072887572648975, 1.4624027311815047, 0.0, 0.19023165598007213, 0.6696914333262305, 0.12178088157697492, 0.3771019533172925, 0.6891114141968931, 0.3395581660246949, 0.2785119325278418, 0.00683347364535547, 0.596920229460852, 0.6451725542349673, 0.649924723541992, 0.7743143730412639, 0.6903932568396782, 0.5588356586370319], [-0.03947317067927836, 1.3527686863431687, 0.0, 0.26110752736792936, 0.6572792991759723, 0.1215472893206135, 0.3879618425932868, 0.6891380320260647, 0.35123524383375493, 0.269676591968792, 0.00677745458930179, 0.6030164592399934, 0.6549636876658285, 0.6634429284305688, 0.7689113538530604, 0.6725003933466542, 0.5647910858349372], [-0.13695843562507592, 1.5628118905870116, 0.0, 0.2421618753092472, 0.679378031347499, 0.12295363609926285, 0.3272050923008365, 0.6878435783267303, 0.351725924277009, 0.30588637967500154, 0.007336964783822175, 0.6177302239500426, 0.646068340662074, 0.6615873334716285, 0.7694675749016606, 0.6879568743044807, 0.5430740717313574], [0.11900564572420969, 1.7648159368595195, 0.0, 0.2068410857973888, 0.739605569064893, 0.10168454552268903, 0.5239148573417018, 0.6925959670440925, 0.25883663869068574, 0.28696410989515164, 0.006104040759826512, 0.5839060411369652, 0.6301604924929868, 0.6297828512016835, 0.7238100491384456, 0.6471307750642709, 0.4704733365455228], [0.194954581164541, 1.5263005471450233, 0.0, 0.22971191485049428, 0.6965915204552046, 0.10873942070479468, 0.5279800091961121, 0.6931090110063887, 0.2977738918579651, 0.27248157434055553, 0.006216428718621936, 0.5923679088147282, 0.6391642891668587, 0.6343827784168274, 0.747996734332017, 0.6687206440503175, 0.4902294419246174]], "features_2": [[0.12021237259680584, 1.0655903192913707, 0.0, 0.28724181440348284, 0.6218419704787062, 0.11262646687349094, 0.6213881359288784, 0.6928716723696415, 0.3051916509091068, 0.2078181615124881, 0.006328755639155359, 0.5997876485672518, 0.651163540517843, 0.6393185715220647, 0.759400139792277, 0.6974894250071019, 0.5812419340059842], [0.42819967321651387, 1.118469561376169, 0.0, 0.2835083472288801, 0.6140451237997184, 0.11783760195700486, 0.3380595937301386, 0.6900829009976366, 0.3162805628759897, 0.22101624310732126, 0.0066653709969386465, 0.586187115378207, 0.6324608769454169, 0.6577854067007176, 0.7586504945283064, 0.6924408825080771, 0.5927212302901405], [-0.2546288119154836, 1.1286961991137507, 0.0, 0.24455634154643924, 0.625393982185364, 0.11466367669698953, 0.5159885245972383, 0.6922722537020524, 0.30881907722688084, 0.22281482870201175, 0.006328755639155359, 0.607737674406809, 0.6597543146938752, 0.6692645368142193, 0.7606893376571917, 0.6746540881445402, 0.5809149985183247], [-0.23439770733779897, 1.1269247409949705, 0.0, 0.24543607917150592, 0.6283823280257814, 0.1144032126286839, 0.5703405106340214, 0.6924709305790526, 0.3011909404114941, 0.22118229159629332, 0.0064410216040902135, 0.6066657519248424, 0.6385251506249753, 0.6499446764044947, 0.7619951807118552, 0.6738049795184279, 0.5796292381368492], [0.2630462599487333, 1.1523087173058384, 0.0, 0.2611645760200951, 0.6242705451989344, 0.11333948976696906, 0.3846135374277139, 0.6920208085121172, 0.2860848485828402, 0.21966788165613438, 0.006216428718621936, 0.5828732618992114, 0.6269264278130833, 0.6510390456471343, 0.7516279825774037, 0.6669219516964496, 0.5696557973748085], [-0.10841748457129219, 1.2346536221672544, 0.0, 0.2370239073485071, 0.6454172565528976, 0.11283778223261268, 0.491055017693337, 0.6925422242449987, 0.2981800088746662, 0.23742111735444849, 0.006328755639155359, 0.5986560789283328, 0.6319533562415052, 0.6555664312896367, 0.754850988281909, 0.6592902683897564, 0.575745237631673], [0.42589734073415153, 1.3804735718557855, 0.0, 0.2764279213572763, 0.6713087853813603, 0.11266148231573617, 0.5533174647064996, 0.6926822033000481, 0.29685271245324585, 0.2542310865329305, 0.006160242374180447, 0.5846154650732234, 0.6371426549146103, 0.6361684617606073, 0.759067723972123, 0.6810579626532594, 0.5278747065600863], [0.07319402777732886, 1.3995711490513105, 0.0, 0.22035268687725193, 0.6776350322272748, 0.10860600322690732, 0.4595855156637221, 0.6930157732919535, 0.2705933858947558, 0.25273607823784894, 0.006216428718621936, 0.5899063025709927, 0.6363434289092276, 0.633915490843244, 0.7349177383498752, 0.6608599965812485, 0.5612993697079849], [0.14286959087346984, 1.352643968561879, 0.0, 0.2509820283841928, 0.6713058139167583, 0.10770703739979962, 0.5320131687134826, 0.6931218244053627, 0.26935172265845875, 0.2433293683196205, 0.006384896235913207, 0.5862912739461683, 0.6304493266218173, 0.6378253145272981, 0.7391730671709367, 0.6876605143329793, 0.5342188492114828]]}