{"labels_1": ["1", "2", "3", "4", "5", "6", "7", "8", "9"], "labels_2": ["1", "2", "3", "4", "5", "6", "7", "8", "9"], "adj_matrix_1": [[0.0, 0.23, 0.1673, 0.15887, 0.23706, 0.27419, 0.30308, 0.29176, 0.22904], [0.23, 0.0, 0.09054, 0.10063, 0.01329, 0.09033, 0.17937, 0.14302, 0.00056], [0.1673, 0.09054, 0.0, 0.01069, 0.10308, 0.17295, 0.24729, 0.2175, 0.08992], [0.15887, 0.10063, 0.01069, 0.0, 0.113, 0.18159, 0.25378, 0.22494, 0.10002], [0.23706, 0.01329, 0.10308, 0.113, 0.0, 0.07755, 0.16844, 0.13145, 0.01387], [0.27419, 0.09033, 0.17295, 0.18159, 0.07755, 0.0, 0.09664, 0.05665, 0.09093], [0.30308, 0.17937, 0.24729, 0.25378, 0.16844, 0.09664, 0.0, 0.04084, 0.18027], [0.29176, 0.14302, 0.2175, 0.22494, 0.13145, 0.05665, 0.04084, 0.0, 0.14405], [0.22904, 0.00056, 0.08992, 0.10002, 0.01387, 0.09093, 0.18027, 0.14405, 0.0]], "adj_matrix_2": [[0.0, 0.03926, 0.13696, 0.05475, 0.11001, 0.07755, 0.23607, 0.25048, 0.24234], [0.03926, 0.0, 0.10043, 0.01567, 0.14558, 0.11484, 0.2554, 0.25049, 0.25972], [0.13696, 0.10043, 0.0, 0.0854, 0.22704, 0.20257, 0.29064, 0.24185, 0.29017], [0.05475, 0.01567, 0.0854, 0.0, 0.15915, 0.12922, 0.26216, 0.24989, 0.26571], [0.11001, 0.14558, 0.22704, 0.15915, 0.0, 0.03444, 0.1619, 0.2336, 0.17258], [0.07755, 0.11484, 0.20257, 0.12922, 0.03444, 0.0, 0.18762, 0.24192, 0.19713], [0.23607, 0.2554, 0.29064, 0.26216, 0.1619, 0.18762, 0.0, 0.1481, 0.01516], [0.25048, 0.25049, 0.24185, 0.24989, 0.2336, 0.24192, 0.1481, 0.0, 0.13707], [0.24234, 0.25972, 0.29017, 0.26571, 0.17258, 0.19713, 0.01516, 0.13707, 0.0]], "features_1": [[0.5660507033678623, 1.2040855883923434, 0.0, 0.33763500972903154, 0.615017396023964, 0.12978443166728615, 0.22962903421556505, 0.6813572595960118, 0.3963610044511905, 0.25627105661306193, 0.007671947615560004, 0.581790970239664, 0.6484550212647725, 0.6564817666819601, 0.7713812834306814, 0.7042980673585846, 0.5984244209751151], [0.4011208460807407, 1.13126013752057, 0.0, 0.28120467640885394, 0.5980102202404233, 0.1341610602765305, 0.21118132566811454, 0.6772086591523797, 0.42429429148506626, 0.25001333105088297, 0.007727725548673403, 0.6137439349744556, 0.6292150652265945, 0.6388433770502143, 0.7825554921457502, 0.6885892239929033, 0.5980794102000428], [0.282192488516503, 1.2790155275348378, 0.0, 0.3204494420776406, 0.6295612010777073, 0.13018368810330616, 0.2555306882679467, 0.6815655462492829, 0.3946266981791202, 0.2708016413103229, 0.007560346756364078, 0.5942916377502634, 0.649094162893804, 0.672028383250956, 0.7745972140921117, 0.6939660710357902, 0.5942409619360968], [0.16103286569965114, 1.3001087476756292, 0.0, 0.30307466768469915, 0.6317856406326734, 0.12899501582769404, 0.2607120261584036, 0.6823748114608696, 0.3875584742487863, 0.2727670142829357, 0.007336964783822175, 0.5927589702816822, 0.64812595613745, 0.6596510801405112, 0.7709486045373722, 0.6781041885172069, 0.5890585869310565], [0.41072887572648975, 1.4624027311815047, 0.0, 0.19023165598007213, 0.6696914333262305, 0.12178088157697492, 0.3771019533172925, 0.6891114141968931, 0.3395581660246949, 0.2785119325278418, 0.00683347364535547, 0.596920229460852, 0.6451725542349673, 0.649924723541992, 0.7743143730412639, 0.6903932568396782, 0.5588356586370319], [-0.03947317067927836, 1.3527686863431687, 0.0, 0.26110752736792936, 0.6572792991759723, 0.1215472893206135, 0.3879618425932868, 0.6891380320260647, 0.35123524383375493, 0.269676591968792, 0.00677745458930179, 0.6030164592399934, 0.6549636876658285, 0.6634429284305688, 0.7689113538530604, 0.6725003933466542, 0.5647910858349372], [-0.13695843562507592, 1.5628118905870116, 0.0, 0.2421618753092472, 0.679378031347499, 0.12295363609926285, 0.3272050923008365, 0.6878435783267303, 0.351725924277009, 0.30588637967500154, 0.007336964783822175, 0.6177302239500426, 0.646068340662074, 0.6615873334716285, 0.7694675749016606, 0.6879568743044807, 0.5430740717313574], [0.11900564572420969, 1.7648159368595195, 0.0, 0.2068410857973888, 0.739605569064893, 0.10168454552268903, 0.5239148573417018, 0.6925959670440925, 0.25883663869068574, 0.28696410989515164, 0.006104040759826512, 0.5839060411369652, 0.6301604924929868, 0.6297828512016835, 0.7238100491384456, 0.6471307750642709, 0.4704733365455228], [0.194954581164541, 1.5263005471450233, 0.0, 0.22971191485049428, 0.6965915204552046, 0.10873942070479468, 0.5279800091961121, 0.6931090110063887, 0.2977738918579651, 0.27248157434055553, 0.006216428718621936, 0.5923679088147282, 0.6391642891668587, 0.6343827784168274, 0.747996734332017, 0.6687206440503175, 0.4902294419246174]], "features_2": [[0.36729717735697864, 1.2279473777980336, 0.0, 0.19822806416249347, 0.6161119901774665, 0.1326636304232291, 0.3033574773544984, 0.6806561177854257, 0.41040854925744785, 0.2636710269591871, 0.007950687539111767, 0.6000569066443031, 0.6520589782259283, 0.6584941661804934, 0.7891624798080659, 0.7040196733247265, 0.6158586730635753], [0.08280723888166053, 1.299756139855956, 0.0, 0.1803867457267184, 0.6173718743382134, 0.13962841517702268, 0.22288677093839623, 0.6726538748947366, 0.4486261730011558, 0.2884735214576837, 0.007727725548673403, 0.6154779694738979, 0.6568125928498031, 0.6687272114097776, 0.7967614968894793, 0.6943333793054558, 0.5906578616234895], [0.12325309363856052, 1.405480539795628, 0.0, 0.1840708599288841, 0.6501084984699859, 0.13100079051592683, 0.314330441468573, 0.6826625596823882, 0.4028134550845883, 0.29186955481190124, 0.007336964783822175, 0.6078298577100272, 0.6536027541660351, 0.6690496289808848, 0.7880852819816794, 0.7102510544524399, 0.6052969828741116], [0.04885044955179074, 1.3253682860064921, 0.0, 0.1993415405810015, 0.6402055008810593, 0.12747022123571655, 0.35231720430645697, 0.6855595183529815, 0.3868553771082428, 0.2738729998805154, 0.007504523810135222, 0.6034711189164927, 0.635649566481624, 0.6512606640868953, 0.7846878848717879, 0.7042869214033695, 0.6112685391996906], [0.5089599840736758, 1.7052885583372148, 0.0, 0.22463279498327743, 0.6912233497090579, 0.12746271587462651, 0.3983086389057142, 0.6861686022524383, 0.36055536084015705, 0.3212514953114507, 0.00711334193318236, 0.6159031644900135, 0.631225051381547, 0.6370879822376382, 0.7874531629216404, 0.6826716733740973, 0.515131570386525], [0.18744150980965069, 1.4672694385305032, 0.0, 0.2096007165736374, 0.6710187826741612, 0.1252178588908019, 0.4778512007915808, 0.6882474719178824, 0.37295581970394, 0.29179633173024877, 0.007001439975721224, 0.596047443466942, 0.6655656099936711, 0.6845463173184552, 0.7844296435691128, 0.6955433430924354, 0.5953740146627461], [1.0459186755431178, 1.642355097437639, 0.0, 0.2812359364184212, 0.6945471214952986, 0.12307757159960439, 0.4704853275931562, 0.6893310468617003, 0.33997353300210564, 0.29942829622161393, 0.006889477554966383, 0.5861080134599819, 0.6342139911641875, 0.6231636342563296, 0.7850416313983849, 0.7097122691240898, 0.5600988924950101], [0.5254092933337389, 1.3042733329728788, 0.0, 0.24554858137256197, 0.6392477277083182, 0.12112877874562689, 0.5436833494970358, 0.6896729759815721, 0.3232341898989415, 0.255435443336949, 0.00655322669591385, 0.5848715885763456, 0.638638839335217, 0.6349157476782591, 0.7707760518409309, 0.7133420486364572, 0.561307002758485], [0.15836388966369475, 1.3688702820906, 0.0, 0.2429332845526932, 0.6639928595662223, 0.11546312037009368, 0.6653101589971435, 0.6923676406266774, 0.3049706772361127, 0.25839859926061925, 0.005991591679928909, 0.5837858097786004, 0.6522431111708736, 0.6565513561256732, 0.7682631753791894, 0.6907527850145432, 0.5573709578654714]]}