{"labels_1": ["1", "2", "3", "4", "5", "6", "7", "8", "9"], "labels_2": ["1", "2", "3", "4", "5", "6", "7", "8", "9"], "adj_matrix_1": [[0.0, 0.23, 0.1673, 0.15887, 0.23706, 0.27419, 0.30308, 0.29176, 0.22904], [0.23, 0.0, 0.09054, 0.10063, 0.01329, 0.09033, 0.17937, 0.14302, 0.00056], [0.1673, 0.09054, 0.0, 0.01069, 0.10308, 0.17295, 0.24729, 0.2175, 0.08992], [0.15887, 0.10063, 0.01069, 0.0, 0.113, 0.18159, 0.25378, 0.22494, 0.10002], [0.23706, 0.01329, 0.10308, 0.113, 0.0, 0.07755, 0.16844, 0.13145, 0.01387], [0.27419, 0.09033, 0.17295, 0.18159, 0.07755, 0.0, 0.09664, 0.05665, 0.09093], [0.30308, 0.17937, 0.24729, 0.25378, 0.16844, 0.09664, 0.0, 0.04084, 0.18027], [0.29176, 0.14302, 0.2175, 0.22494, 0.13145, 0.05665, 0.04084, 0.0, 0.14405], [0.22904, 0.00056, 0.08992, 0.10002, 0.01387, 0.09093, 0.18027, 0.14405, 0.0]], "adj_matrix_2": [[0.0, 0.25629, 0.0319, 0.06033, 0.01694, 0.06057, 0.25064, 0.09352, 0.18576], [0.25629, 0.0, 0.23752, 0.28274, 0.26499, 0.2178, 0.00832, 0.19182, 0.09815], [0.0319, 0.23752, 0.0, 0.09094, 0.04866, 0.02907, 0.23146, 0.0629, 0.16018], [0.06033, 0.28274, 0.09094, 0.0, 0.04373, 0.11773, 0.27833, 0.14775, 0.22719], [0.01694, 0.26499, 0.04866, 0.04373, 0.0, 0.07697, 0.2598, 0.10929, 0.19841], [0.06057, 0.2178, 0.02907, 0.11773, 0.07697, 0.0, 0.21134, 0.03423, 0.135], [0.25064, 0.00832, 0.23146, 0.27833, 0.2598, 0.21134, 0.0, 0.18483, 0.09011], [0.09352, 0.19182, 0.0629, 0.14775, 0.10929, 0.03423, 0.18483, 0.0, 0.10354], [0.18576, 0.09815, 0.16018, 0.22719, 0.19841, 0.135, 0.09011, 0.10354, 0.0]], "features_1": [[0.5660507033678623, 1.2040855883923434, 0.0, 0.33763500972903154, 0.615017396023964, 0.12978443166728615, 0.22962903421556505, 0.6813572595960118, 0.3963610044511905, 0.25627105661306193, 0.007671947615560004, 0.581790970239664, 0.6484550212647725, 0.6564817666819601, 0.7713812834306814, 0.7042980673585846, 0.5984244209751151], [0.4011208460807407, 1.13126013752057, 0.0, 0.28120467640885394, 0.5980102202404233, 0.1341610602765305, 0.21118132566811454, 0.6772086591523797, 0.42429429148506626, 0.25001333105088297, 0.007727725548673403, 0.6137439349744556, 0.6292150652265945, 0.6388433770502143, 0.7825554921457502, 0.6885892239929033, 0.5980794102000428], [0.282192488516503, 1.2790155275348378, 0.0, 0.3204494420776406, 0.6295612010777073, 0.13018368810330616, 0.2555306882679467, 0.6815655462492829, 0.3946266981791202, 0.2708016413103229, 0.007560346756364078, 0.5942916377502634, 0.649094162893804, 0.672028383250956, 0.7745972140921117, 0.6939660710357902, 0.5942409619360968], [0.16103286569965114, 1.3001087476756292, 0.0, 0.30307466768469915, 0.6317856406326734, 0.12899501582769404, 0.2607120261584036, 0.6823748114608696, 0.3875584742487863, 0.2727670142829357, 0.007336964783822175, 0.5927589702816822, 0.64812595613745, 0.6596510801405112, 0.7709486045373722, 0.6781041885172069, 0.5890585869310565], [0.41072887572648975, 1.4624027311815047, 0.0, 0.19023165598007213, 0.6696914333262305, 0.12178088157697492, 0.3771019533172925, 0.6891114141968931, 0.3395581660246949, 0.2785119325278418, 0.00683347364535547, 0.596920229460852, 0.6451725542349673, 0.649924723541992, 0.7743143730412639, 0.6903932568396782, 0.5588356586370319], [-0.03947317067927836, 1.3527686863431687, 0.0, 0.26110752736792936, 0.6572792991759723, 0.1215472893206135, 0.3879618425932868, 0.6891380320260647, 0.35123524383375493, 0.269676591968792, 0.00677745458930179, 0.6030164592399934, 0.6549636876658285, 0.6634429284305688, 0.7689113538530604, 0.6725003933466542, 0.5647910858349372], [-0.13695843562507592, 1.5628118905870116, 0.0, 0.2421618753092472, 0.679378031347499, 0.12295363609926285, 0.3272050923008365, 0.6878435783267303, 0.351725924277009, 0.30588637967500154, 0.007336964783822175, 0.6177302239500426, 0.646068340662074, 0.6615873334716285, 0.7694675749016606, 0.6879568743044807, 0.5430740717313574], [0.11900564572420969, 1.7648159368595195, 0.0, 0.2068410857973888, 0.739605569064893, 0.10168454552268903, 0.5239148573417018, 0.6925959670440925, 0.25883663869068574, 0.28696410989515164, 0.006104040759826512, 0.5839060411369652, 0.6301604924929868, 0.6297828512016835, 0.7238100491384456, 0.6471307750642709, 0.4704733365455228], [0.194954581164541, 1.5263005471450233, 0.0, 0.22971191485049428, 0.6965915204552046, 0.10873942070479468, 0.5279800091961121, 0.6931090110063887, 0.2977738918579651, 0.27248157434055553, 0.006216428718621936, 0.5923679088147282, 0.6391642891668587, 0.6343827784168274, 0.747996734332017, 0.6687206440503175, 0.4902294419246174]], "features_2": [[0.25124899740193163, 1.0209932299843028, 0.0, 0.2725465902899984, 0.5857795237028617, 0.12244680110401666, 0.27101371395388013, 0.6868240111821314, 0.3502509060464687, 0.21442345602797053, 0.00683347364535547, 0.5964972412089968, 0.6266860918607962, 0.6530305437988784, 0.7609115123217192, 0.6780992023334355, 0.595790435474166], [-0.10750575085587188, 1.0162230371866001, 0.0, 0.2702477597191561, 0.574946050082331, 0.13107638272851774, 0.23264843307970864, 0.6802945683367556, 0.40001573409111124, 0.23006686828709655, 0.007616154688146137, 0.6141636880602768, 0.648660588353934, 0.6692052165186368, 0.7791658688198427, 0.6852438879519062, 0.6091617944752803], [0.3000155401638871, 1.1370759129442722, 0.0, 0.2834920831659696, 0.6112032684061067, 0.12247587440579391, 0.3054991694363963, 0.6874257011947481, 0.3486350594928307, 0.2336990245499484, 0.0069454663283523566, 0.5954694894671797, 0.6409228354196362, 0.6484370329453539, 0.7655447090947843, 0.6774657867879055, 0.6043061166419899], [0.49652680692018203, 1.0596025791483432, 0.0, 0.2725956302536815, 0.5960127858942048, 0.12284270754122265, 0.3205494271875665, 0.687361448592535, 0.34393534431924677, 0.21843921798602706, 0.006384896235913207, 0.5891264921815895, 0.6283601660558469, 0.6493637873148635, 0.7678078550309482, 0.6771895171195846, 0.6025476566313996], [0.20800529952593072, 1.12087227890385, 0.0, 0.29408845234238984, 0.6074474493816634, 0.12466324414974822, 0.37021657597855795, 0.6875190980927108, 0.36169164013151756, 0.23624198011046427, 0.007057398507269275, 0.6007646471418644, 0.6375986729676933, 0.6512857682990296, 0.7805488467156088, 0.6794544452708694, 0.585800598433521], [0.25989325429694654, 1.2019937115553, 0.0, 0.2685806757871786, 0.6307463061348967, 0.12055051971412412, 0.4175237144319645, 0.6896723251051788, 0.32812813826384946, 0.24034971769841218, 0.006721420376576193, 0.590091682132448, 0.627246201055579, 0.6582638990284689, 0.7699158106682474, 0.6704170887320359, 0.5995815791230533], [0.06890294773888561, 1.296035927508535, 0.0, 0.20237531191588246, 0.6494533751944667, 0.11919279711336507, 0.5842550648666908, 0.6912032759043154, 0.323038095657326, 0.2529678753592961, 0.006384896235913207, 0.6015127271423544, 0.6521632200165245, 0.6424471754292886, 0.7769852557423035, 0.6775099127957179, 0.5466605261537514], [-0.15600215301622855, 1.172328387104574, 0.0, 0.2334194507297702, 0.6438989899115336, 0.10872706195975827, 0.5630655530843299, 0.6931421596720866, 0.281248557766973, 0.22038053009157865, 0.006272599803500922, 0.5978464349539045, 0.6595180828073015, 0.6647097854901152, 0.7506579144421636, 0.6702141567261856, 0.5318409227423969], [0.11456461148195807, 1.1497027841727243, 0.0, 0.21926783826407753, 0.6285242534705558, 0.11455690860439995, 0.4977749424506818, 0.692297159809538, 0.3131021777596368, 0.22476130960557095, 0.006384896235913207, 0.5943235188800391, 0.651941757522317, 0.6594635175440213, 0.7650058458670356, 0.6703972186811747, 0.5726875301551431]]}