{"labels_1": ["1", "2", "3", "4", "5", "6", "7", "8", "9"], "labels_2": ["1", "2", "3", "4", "5", "6", "7", "8", "9"], "adj_matrix_1": [[0.0, 0.22098, 0.09798, 0.04597, 0.15232, 0.06663, 0.22472, 0.0698, 0.03525], [0.22098, 0.0, 0.16771, 0.23643, 0.11881, 0.18832, 0.09349, 0.18635, 0.23323], [0.09798, 0.16771, 0.0, 0.13898, 0.06341, 0.03315, 0.20723, 0.02987, 0.12966], [0.04597, 0.23643, 0.13898, 0.0, 0.18662, 0.11005, 0.22531, 0.11302, 0.01085], [0.15232, 0.11881, 0.06341, 0.18662, 0.0, 0.0947, 0.18073, 0.0917, 0.17907], [0.06663, 0.18832, 0.03315, 0.11005, 0.0947, 0.0, 0.21578, 0.00331, 0.1001], [0.22472, 0.09349, 0.20723, 0.22531, 0.18073, 0.21578, 0.0, 0.215, 0.22549], [0.0698, 0.18635, 0.02987, 0.11302, 0.0917, 0.00331, 0.215, 0.0, 0.10312], [0.03525, 0.23323, 0.12966, 0.01085, 0.17907, 0.1001, 0.22549, 0.10312, 0.0]], "adj_matrix_2": [[0.0, 0.13709, 0.03176, 0.17058, 0.33962, 0.29915, 0.26339, 0.35426, 0.27187], [0.13709, 0.0, 0.16687, 0.03613, 0.25728, 0.19258, 0.27882, 0.31008, 0.28483], [0.03176, 0.16687, 0.0, 0.19925, 0.35461, 0.31973, 0.25845, 0.36063, 0.26727], [0.17058, 0.03613, 0.19925, 0.0, 0.23103, 0.161, 0.2809, 0.29385, 0.2861], [0.33962, 0.25728, 0.35461, 0.23103, 0.0, 0.08647, 0.24396, 0.11372, 0.24046], [0.29915, 0.19258, 0.31973, 0.161, 0.08647, 0.0, 0.2697, 0.18854, 0.26973], [0.26339, 0.27882, 0.25845, 0.2809, 0.24396, 0.2697, 0.0, 0.18421, 0.01245], [0.35426, 0.31008, 0.36063, 0.29385, 0.11372, 0.18854, 0.18421, 0.0, 0.17623], [0.27187, 0.28483, 0.26727, 0.2861, 0.24046, 0.26973, 0.01245, 0.17623, 0.0]], "features_1": [[0.5833592541219632, 1.1026362344367477, 0.0, 0.24334969400572892, 0.583729905152747, 0.13400976002777146, 0.20489298475028123, 0.6761432434042078, 0.41016755127338933, 0.24224016463471165, 0.007504523810135222, 0.5923929431245041, 0.6339956973335005, 0.6516484255366721, 0.7822774361100526, 0.7208257247897232, 0.6018821946701524], [0.7039371464075512, 1.1870439946450349, 0.0, 0.27063514866195537, 0.604613003907928, 0.132538249700187, 0.24892440048789694, 0.6792592284823594, 0.4035616800935804, 0.2570873168311423, 0.007225183508792421, 0.5915056865494075, 0.6298970124056357, 0.6634512879404906, 0.7835826877120747, 0.7074173096984954, 0.5912362797506774], [0.5464813202971879, 1.1809022476154962, 0.0, 0.24867361077534064, 0.5984433708941609, 0.13528541052685414, 0.20582959562307365, 0.6751806861571736, 0.4263732994230698, 0.25945469874391036, 0.007560346756364078, 0.5926671686284934, 0.6332231985547432, 0.6639037505267831, 0.7848058102338179, 0.7194907212536215, 0.6028377990549673], [0.3905558923431669, 1.122419125983965, 0.0, 0.241827022583022, 0.595176604423341, 0.13024714913454097, 0.2623670420014655, 0.6810972574627798, 0.39658033884453237, 0.24310322016817798, 0.007225183508792421, 0.6045049778098006, 0.6446819469107261, 0.6563310455531903, 0.7808866787990011, 0.721945149530189, 0.5965301907348936], [0.2512117756587444, 1.670970201469267, 0.0, 0.26432745085931314, 0.7029056309704749, 0.11804354853966348, 0.5072955937051156, 0.6911915477323161, 0.32156408977361206, 0.30790409960758014, 0.0066653709969386465, 0.5953060403824884, 0.636627384248027, 0.6571010069453299, 0.7686134692597134, 0.6693595007269483, 0.5209879577278892], [0.44948424585548885, 1.2293215603491867, 0.0, 0.2344019473694065, 0.6142956936894479, 0.13101040019888663, 0.2837818592150064, 0.6807413470742005, 0.41058687744138544, 0.2635513217271579, 0.007448685839370306, 0.5954745206096583, 0.6509691234097521, 0.6689948826938941, 0.7816350423320724, 0.6946444545618606, 0.6009334435659386], [1.2529368173091395, 1.3096397289629191, 0.0, 0.2971021043026927, 0.6431029984480522, 0.12216873020558808, 0.41080656225390016, 0.6887293553520178, 0.3436941717699762, 0.2534661783961083, 0.0066653709969386465, 0.5651185619373935, 0.6307897732638627, 0.6453026337199542, 0.7734834316291304, 0.7229928364797539, 0.5436944273383243], [0.16734594257982094, 1.278504292324774, 0.0, 0.27345576069835004, 0.6499326344181541, 0.11480289606591695, 0.48041161295716533, 0.6920151621874859, 0.31209177049459247, 0.2451562124786757, 0.006609306440138685, 0.584885568574893, 0.6511073630587246, 0.6531185866163464, 0.7551906618039803, 0.7007640095429719, 0.5516208818335202], [0.5484339023227887, 1.165003220234878, 0.0, 0.2762404673666902, 0.6290860421773481, 0.11410337796460072, 0.5177546228726115, 0.6922958037076521, 0.321497672503263, 0.2222802697209567, 0.00677745458930179, 0.5819001741770256, 0.628242530936367, 0.6280905010067087, 0.7582553277643419, 0.6926352550564844, 0.542746101149438]], "features_2": [[-0.3166720955590496, 1.1637031030861928, 0.0, 0.18894833092596422, 0.6334813825063424, 0.11846227641684394, 0.6684114970592369, 0.6919829090219926, 0.3362626822614254, 0.23292544211917243, 0.0066653709969386465, 0.6171541585361289, 0.6682701052667624, 0.6672668445294417, 0.7770769652524461, 0.6937852194238124, 0.5794316362778292], [-0.22921850098387875, 1.2948166128006646, 0.0, 0.18120220763979597, 0.6432973410394836, 0.12897932516297544, 0.540023332288834, 0.6872562380179963, 0.39075514399147515, 0.2716114963944012, 0.007225183508792421, 0.6202086767126247, 0.6685309474193526, 0.6928240056872104, 0.7938433917775934, 0.7127914151650645, 0.5855148368913466], [-0.18189261662596357, 1.2658690822481473, 0.0, 0.19630275602763772, 0.6496972418314738, 0.12148180446455487, 0.656163403735551, 0.6910438978548532, 0.35003151364889584, 0.2521904440663225, 0.00655322669591385, 0.618283294980366, 0.6562206347658741, 0.6635340354360647, 0.7808996111417612, 0.7138102776864411, 0.577030872478422], [-0.09042402635145885, 1.2269320467354148, 0.0, 0.20274363373806653, 0.6464238792462325, 0.11733596007003316, 0.6760407429758019, 0.6921890883470416, 0.3345018442490151, 0.24176191543326309, 0.006384896235913207, 0.6083914162482098, 0.6587324109441834, 0.6620366969868411, 0.7739558441494255, 0.6914062403980924, 0.5763582856336967], [0.0403830316772944, 1.7274021718783688, 0.0, 0.19968676522301576, 0.7082335989641638, 0.12322466858201148, 0.5531272208555216, 0.6896360323167843, 0.3410327127868562, 0.3226699511441471, 0.0066653709969386465, 0.5994472260984314, 0.6472341073147414, 0.6648558755029343, 0.7834412236351874, 0.6945651892583755, 0.5515267808572363], [0.10603471598331815, 1.3151034100038714, 0.0, 0.22820920214926674, 0.6635064980099756, 0.11779544231340013, 0.7845795257375471, 0.6924021063696679, 0.3425404774212133, 0.2547165344407074, 0.007057398507269275, 0.6044484683156544, 0.6650937255007037, 0.6831939538378791, 0.7787958056076891, 0.7023131796128249, 0.5671520589242561], [0.1920274845954224, 1.3733435776645067, 0.0, 0.19927434999161503, 0.6646536396736554, 0.11729159688887271, 0.6111608207025355, 0.6917546437519554, 0.33217376156201484, 0.26290638063619864, 0.006721420376576193, 0.5918318108392806, 0.656336319808234, 0.6675367156793449, 0.7741653989543369, 0.6853360432125213, 0.5865867861101028], [0.9415718150432144, 1.4475039802875405, 0.0, 0.2567207013212631, 0.6818128747077253, 0.11235179847363343, 0.5415714439516549, 0.6927447233787971, 0.3144170917416942, 0.2620089268849992, 0.006272599803500922, 0.5797457074154844, 0.6326758775150332, 0.6357797517425088, 0.7583393606936304, 0.6867424536921891, 0.5409522219652775], [1.1505488167342417, 1.283537888283874, 0.0, 0.30984181128658483, 0.6552940486165643, 0.11259831006290871, 0.6360480791955994, 0.6927890209154017, 0.33725193543506937, 0.24165409401879212, 0.007057398507269275, 0.5738866202354307, 0.6297036184243379, 0.6466639783545957, 0.7633896807435189, 0.6975189656219352, 0.5569344607207355]]}