{"labels_1": ["1", "2", "3", "4", "5", "6", "7", "8", "9"], "labels_2": ["1", "2", "3", "4", "5", "6", "7", "8", "9"], "adj_matrix_1": [[0.0, 0.22098, 0.09798, 0.04597, 0.15232, 0.06663, 0.22472, 0.0698, 0.03525], [0.22098, 0.0, 0.16771, 0.23643, 0.11881, 0.18832, 0.09349, 0.18635, 0.23323], [0.09798, 0.16771, 0.0, 0.13898, 0.06341, 0.03315, 0.20723, 0.02987, 0.12966], [0.04597, 0.23643, 0.13898, 0.0, 0.18662, 0.11005, 0.22531, 0.11302, 0.01085], [0.15232, 0.11881, 0.06341, 0.18662, 0.0, 0.0947, 0.18073, 0.0917, 0.17907], [0.06663, 0.18832, 0.03315, 0.11005, 0.0947, 0.0, 0.21578, 0.00331, 0.1001], [0.22472, 0.09349, 0.20723, 0.22531, 0.18073, 0.21578, 0.0, 0.215, 0.22549], [0.0698, 0.18635, 0.02987, 0.11302, 0.0917, 0.00331, 0.215, 0.0, 0.10312], [0.03525, 0.23323, 0.12966, 0.01085, 0.17907, 0.1001, 0.22549, 0.10312, 0.0]], "adj_matrix_2": [[0.0, 0.24926, 0.15423, 0.19039, 0.26197, 0.27249, 0.30197, 0.31369, 0.25356], [0.24926, 0.0, 0.10906, 0.07039, 0.01709, 0.03137, 0.07597, 0.29209, 0.00571], [0.15423, 0.10906, 0.0, 0.03977, 0.12518, 0.13858, 0.17892, 0.31115, 0.11448], [0.19039, 0.07039, 0.03977, 0.0, 0.08698, 0.10087, 0.14311, 0.30633, 0.07594], [0.26197, 0.01709, 0.12518, 0.08698, 0.0, 0.01429, 0.05925, 0.287, 0.0114], [0.27249, 0.03137, 0.13858, 0.10087, 0.01429, 0.0, 0.0451, 0.28311, 0.02568], [0.30197, 0.07597, 0.17892, 0.14311, 0.05925, 0.0451, 0.0, 0.26666, 0.07044], [0.31369, 0.29209, 0.31115, 0.30633, 0.287, 0.28311, 0.26666, 0.0, 0.29044], [0.25356, 0.00571, 0.11448, 0.07594, 0.0114, 0.02568, 0.07044, 0.29044, 0.0]], "features_1": [[0.5833592541219632, 1.1026362344367477, 0.0, 0.24334969400572892, 0.583729905152747, 0.13400976002777146, 0.20489298475028123, 0.6761432434042078, 0.41016755127338933, 0.24224016463471165, 0.007504523810135222, 0.5923929431245041, 0.6339956973335005, 0.6516484255366721, 0.7822774361100526, 0.7208257247897232, 0.6018821946701524], [0.7039371464075512, 1.1870439946450349, 0.0, 0.27063514866195537, 0.604613003907928, 0.132538249700187, 0.24892440048789694, 0.6792592284823594, 0.4035616800935804, 0.2570873168311423, 0.007225183508792421, 0.5915056865494075, 0.6298970124056357, 0.6634512879404906, 0.7835826877120747, 0.7074173096984954, 0.5912362797506774], [0.5464813202971879, 1.1809022476154962, 0.0, 0.24867361077534064, 0.5984433708941609, 0.13528541052685414, 0.20582959562307365, 0.6751806861571736, 0.4263732994230698, 0.25945469874391036, 0.007560346756364078, 0.5926671686284934, 0.6332231985547432, 0.6639037505267831, 0.7848058102338179, 0.7194907212536215, 0.6028377990549673], [0.3905558923431669, 1.122419125983965, 0.0, 0.241827022583022, 0.595176604423341, 0.13024714913454097, 0.2623670420014655, 0.6810972574627798, 0.39658033884453237, 0.24310322016817798, 0.007225183508792421, 0.6045049778098006, 0.6446819469107261, 0.6563310455531903, 0.7808866787990011, 0.721945149530189, 0.5965301907348936], [0.2512117756587444, 1.670970201469267, 0.0, 0.26432745085931314, 0.7029056309704749, 0.11804354853966348, 0.5072955937051156, 0.6911915477323161, 0.32156408977361206, 0.30790409960758014, 0.0066653709969386465, 0.5953060403824884, 0.636627384248027, 0.6571010069453299, 0.7686134692597134, 0.6693595007269483, 0.5209879577278892], [0.44948424585548885, 1.2293215603491867, 0.0, 0.2344019473694065, 0.6142956936894479, 0.13101040019888663, 0.2837818592150064, 0.6807413470742005, 0.41058687744138544, 0.2635513217271579, 0.007448685839370306, 0.5954745206096583, 0.6509691234097521, 0.6689948826938941, 0.7816350423320724, 0.6946444545618606, 0.6009334435659386], [1.2529368173091395, 1.3096397289629191, 0.0, 0.2971021043026927, 0.6431029984480522, 0.12216873020558808, 0.41080656225390016, 0.6887293553520178, 0.3436941717699762, 0.2534661783961083, 0.0066653709969386465, 0.5651185619373935, 0.6307897732638627, 0.6453026337199542, 0.7734834316291304, 0.7229928364797539, 0.5436944273383243], [0.16734594257982094, 1.278504292324774, 0.0, 0.27345576069835004, 0.6499326344181541, 0.11480289606591695, 0.48041161295716533, 0.6920151621874859, 0.31209177049459247, 0.2451562124786757, 0.006609306440138685, 0.584885568574893, 0.6511073630587246, 0.6531185866163464, 0.7551906618039803, 0.7007640095429719, 0.5516208818335202], [0.5484339023227887, 1.165003220234878, 0.0, 0.2762404673666902, 0.6290860421773481, 0.11410337796460072, 0.5177546228726115, 0.6922958037076521, 0.321497672503263, 0.2222802697209567, 0.00677745458930179, 0.5819001741770256, 0.628242530936367, 0.6280905010067087, 0.7582553277643419, 0.6926352550564844, 0.542746101149438]], "features_2": [[-0.5079530334973139, 0.9622777870184336, 0.0, 0.16682645946740987, 0.5509896426553877, 0.1350927716972621, 0.26538665263993766, 0.6762560792812249, 0.4045639671117489, 0.22598251634731548, 0.007671947615560004, 0.6365691513417149, 0.6587114667119444, 0.684161881570953, 0.7836986662115151, 0.665816214385893, 0.5956055298334592], [-0.08128796827941231, 1.094003800626365, 0.0, 0.22349371831213738, 0.5882607457090311, 0.13036086319778703, 0.3567235596347594, 0.6829174747686555, 0.39375135938522154, 0.2394969838396228, 0.007671947615560004, 0.6185092655777962, 0.654331200361437, 0.690176177922454, 0.7869161747691873, 0.7016653421943972, 0.5774361495108672], [-0.23167526619601064, 1.0883326942445608, 0.0, 0.20402483535343055, 0.5859745930097093, 0.13096801581178807, 0.3504429775389724, 0.6816707641127707, 0.37048234597051977, 0.23859094684081916, 0.007225183508792421, 0.6230370374205414, 0.6559585838516083, 0.6660123718074075, 0.7816273054669574, 0.686051472819952, 0.5991112545488498], [0.04854539416507775, 1.0264604529204702, 0.0, 0.23291856551257262, 0.5717891836414318, 0.13105298024872764, 0.3387616289649884, 0.6817848953866323, 0.3745640620094619, 0.22430684702698866, 0.007001439975721224, 0.6169245697476684, 0.6534689336542998, 0.6757082815850726, 0.7819233304302652, 0.7015361373790141, 0.5880894422071588], [-0.1432520129403474, 1.4527011675007497, 0.0, 0.25996027454427345, 0.6646783037229687, 0.11867112988299894, 0.46646515937314703, 0.6906173543781428, 0.3197155467304813, 0.27932417717536207, 0.00655322669591385, 0.6107692350585257, 0.6375475407849249, 0.6419433156126261, 0.766587594908572, 0.6893945772950008, 0.503366720800951], [0.24747385912964504, 1.1739180801651983, 0.0, 0.2567933084087735, 0.6149704682037085, 0.12355636866281174, 0.5183165640606852, 0.6885500478649744, 0.3287194736406207, 0.2353580249503624, 0.0064410216040902135, 0.6002727765888456, 0.655020977850502, 0.6588328608303032, 0.7732466029555222, 0.6920719370764633, 0.571299639952191], [0.20584659904148106, 1.444177366405628, 0.0, 0.25011370921104814, 0.6666173253979156, 0.11899092286636162, 0.45472510321904663, 0.6909649497005075, 0.32353955289223535, 0.27484694136478494, 0.0066653709969386465, 0.5991900678301763, 0.6427564840401302, 0.653843243304916, 0.7698907030711927, 0.678930111161501, 0.48380764510460134], [0.09059410554750702, 1.368494204584867, 0.0, 0.25666796291306015, 0.6685700541124224, 0.108842984124146, 0.6048270143962057, 0.693117862984883, 0.26430485455430697, 0.2470329138744063, 0.006047823865199753, 0.577363458917473, 0.633838317247713, 0.6416553399711448, 0.7381994167021769, 0.6402784079085068, 0.5084944526735742], [-0.1423985012506641, 1.3113131316183992, 0.0, 0.2340816002529246, 0.6573852581670041, 0.10921408942045645, 0.48125546368088407, 0.6930745567547454, 0.26940783747759145, 0.23971775379767557, 0.005822803276368971, 0.5960440878551179, 0.6373946903412455, 0.6459141269968778, 0.7413319372315621, 0.6549886625335866, 0.4796745530668457]]}