{"labels_1": ["1", "2", "3", "4", "5", "6", "7", "8", "9"], "labels_2": ["1", "2", "3", "4", "5", "6", "7", "8", "9"], "adj_matrix_1": [[0.0, 0.22098, 0.09798, 0.04597, 0.15232, 0.06663, 0.22472, 0.0698, 0.03525], [0.22098, 0.0, 0.16771, 0.23643, 0.11881, 0.18832, 0.09349, 0.18635, 0.23323], [0.09798, 0.16771, 0.0, 0.13898, 0.06341, 0.03315, 0.20723, 0.02987, 0.12966], [0.04597, 0.23643, 0.13898, 0.0, 0.18662, 0.11005, 0.22531, 0.11302, 0.01085], [0.15232, 0.11881, 0.06341, 0.18662, 0.0, 0.0947, 0.18073, 0.0917, 0.17907], [0.06663, 0.18832, 0.03315, 0.11005, 0.0947, 0.0, 0.21578, 0.00331, 0.1001], [0.22472, 0.09349, 0.20723, 0.22531, 0.18073, 0.21578, 0.0, 0.215, 0.22549], [0.0698, 0.18635, 0.02987, 0.11302, 0.0917, 0.00331, 0.215, 0.0, 0.10312], [0.03525, 0.23323, 0.12966, 0.01085, 0.17907, 0.1001, 0.22549, 0.10312, 0.0]], "adj_matrix_2": [[0.0, 0.15801, 0.06576, 0.15001, 0.27725, 0.12125, 0.2249, 0.09289, 0.03917], [0.15801, 0.0, 0.21232, 0.27439, 0.1914, 0.0412, 0.08737, 0.07072, 0.19083], [0.06576, 0.21232, 0.0, 0.08768, 0.29604, 0.18004, 0.26659, 0.15426, 0.02684], [0.15001, 0.27439, 0.08768, 0.0, 0.31028, 0.24941, 0.31011, 0.22826, 0.11349], [0.27725, 0.1914, 0.29604, 0.31028, 0.0, 0.21825, 0.12099, 0.23521, 0.28882], [0.12125, 0.0412, 0.18004, 0.24941, 0.21825, 0.0, 0.12562, 0.03009, 0.15674], [0.2249, 0.08737, 0.26659, 0.31011, 0.12099, 0.12562, 0.0, 0.152, 0.25058], [0.09289, 0.07072, 0.15426, 0.22826, 0.23521, 0.03009, 0.152, 0.0, 0.12991], [0.03917, 0.19083, 0.02684, 0.11349, 0.28882, 0.15674, 0.25058, 0.12991, 0.0]], "features_1": [[0.5833592541219632, 1.1026362344367477, 0.0, 0.24334969400572892, 0.583729905152747, 0.13400976002777146, 0.20489298475028123, 0.6761432434042078, 0.41016755127338933, 0.24224016463471165, 0.007504523810135222, 0.5923929431245041, 0.6339956973335005, 0.6516484255366721, 0.7822774361100526, 0.7208257247897232, 0.6018821946701524], [0.7039371464075512, 1.1870439946450349, 0.0, 0.27063514866195537, 0.604613003907928, 0.132538249700187, 0.24892440048789694, 0.6792592284823594, 0.4035616800935804, 0.2570873168311423, 0.007225183508792421, 0.5915056865494075, 0.6298970124056357, 0.6634512879404906, 0.7835826877120747, 0.7074173096984954, 0.5912362797506774], [0.5464813202971879, 1.1809022476154962, 0.0, 0.24867361077534064, 0.5984433708941609, 0.13528541052685414, 0.20582959562307365, 0.6751806861571736, 0.4263732994230698, 0.25945469874391036, 0.007560346756364078, 0.5926671686284934, 0.6332231985547432, 0.6639037505267831, 0.7848058102338179, 0.7194907212536215, 0.6028377990549673], [0.3905558923431669, 1.122419125983965, 0.0, 0.241827022583022, 0.595176604423341, 0.13024714913454097, 0.2623670420014655, 0.6810972574627798, 0.39658033884453237, 0.24310322016817798, 0.007225183508792421, 0.6045049778098006, 0.6446819469107261, 0.6563310455531903, 0.7808866787990011, 0.721945149530189, 0.5965301907348936], [0.2512117756587444, 1.670970201469267, 0.0, 0.26432745085931314, 0.7029056309704749, 0.11804354853966348, 0.5072955937051156, 0.6911915477323161, 0.32156408977361206, 0.30790409960758014, 0.0066653709969386465, 0.5953060403824884, 0.636627384248027, 0.6571010069453299, 0.7686134692597134, 0.6693595007269483, 0.5209879577278892], [0.44948424585548885, 1.2293215603491867, 0.0, 0.2344019473694065, 0.6142956936894479, 0.13101040019888663, 0.2837818592150064, 0.6807413470742005, 0.41058687744138544, 0.2635513217271579, 0.007448685839370306, 0.5954745206096583, 0.6509691234097521, 0.6689948826938941, 0.7816350423320724, 0.6946444545618606, 0.6009334435659386], [1.2529368173091395, 1.3096397289629191, 0.0, 0.2971021043026927, 0.6431029984480522, 0.12216873020558808, 0.41080656225390016, 0.6887293553520178, 0.3436941717699762, 0.2534661783961083, 0.0066653709969386465, 0.5651185619373935, 0.6307897732638627, 0.6453026337199542, 0.7734834316291304, 0.7229928364797539, 0.5436944273383243], [0.16734594257982094, 1.278504292324774, 0.0, 0.27345576069835004, 0.6499326344181541, 0.11480289606591695, 0.48041161295716533, 0.6920151621874859, 0.31209177049459247, 0.2451562124786757, 0.006609306440138685, 0.584885568574893, 0.6511073630587246, 0.6531185866163464, 0.7551906618039803, 0.7007640095429719, 0.5516208818335202], [0.5484339023227887, 1.165003220234878, 0.0, 0.2762404673666902, 0.6290860421773481, 0.11410337796460072, 0.5177546228726115, 0.6922958037076521, 0.321497672503263, 0.2222802697209567, 0.00677745458930179, 0.5819001741770256, 0.628242530936367, 0.6280905010067087, 0.7582553277643419, 0.6926352550564844, 0.542746101149438]], "features_2": [[0.12021237259680584, 1.0655903192913707, 0.0, 0.28724181440348284, 0.6218419704787062, 0.11262646687349094, 0.6213881359288784, 0.6928716723696415, 0.3051916509091068, 0.2078181615124881, 0.006328755639155359, 0.5997876485672518, 0.651163540517843, 0.6393185715220647, 0.759400139792277, 0.6974894250071019, 0.5812419340059842], [0.42819967321651387, 1.118469561376169, 0.0, 0.2835083472288801, 0.6140451237997184, 0.11783760195700486, 0.3380595937301386, 0.6900829009976366, 0.3162805628759897, 0.22101624310732126, 0.0066653709969386465, 0.586187115378207, 0.6324608769454169, 0.6577854067007176, 0.7586504945283064, 0.6924408825080771, 0.5927212302901405], [-0.2546288119154836, 1.1286961991137507, 0.0, 0.24455634154643924, 0.625393982185364, 0.11466367669698953, 0.5159885245972383, 0.6922722537020524, 0.30881907722688084, 0.22281482870201175, 0.006328755639155359, 0.607737674406809, 0.6597543146938752, 0.6692645368142193, 0.7606893376571917, 0.6746540881445402, 0.5809149985183247], [-0.23439770733779897, 1.1269247409949705, 0.0, 0.24543607917150592, 0.6283823280257814, 0.1144032126286839, 0.5703405106340214, 0.6924709305790526, 0.3011909404114941, 0.22118229159629332, 0.0064410216040902135, 0.6066657519248424, 0.6385251506249753, 0.6499446764044947, 0.7619951807118552, 0.6738049795184279, 0.5796292381368492], [0.2630462599487333, 1.1523087173058384, 0.0, 0.2611645760200951, 0.6242705451989344, 0.11333948976696906, 0.3846135374277139, 0.6920208085121172, 0.2860848485828402, 0.21966788165613438, 0.006216428718621936, 0.5828732618992114, 0.6269264278130833, 0.6510390456471343, 0.7516279825774037, 0.6669219516964496, 0.5696557973748085], [-0.10841748457129219, 1.2346536221672544, 0.0, 0.2370239073485071, 0.6454172565528976, 0.11283778223261268, 0.491055017693337, 0.6925422242449987, 0.2981800088746662, 0.23742111735444849, 0.006328755639155359, 0.5986560789283328, 0.6319533562415052, 0.6555664312896367, 0.754850988281909, 0.6592902683897564, 0.575745237631673], [0.42589734073415153, 1.3804735718557855, 0.0, 0.2764279213572763, 0.6713087853813603, 0.11266148231573617, 0.5533174647064996, 0.6926822033000481, 0.29685271245324585, 0.2542310865329305, 0.006160242374180447, 0.5846154650732234, 0.6371426549146103, 0.6361684617606073, 0.759067723972123, 0.6810579626532594, 0.5278747065600863], [0.07319402777732886, 1.3995711490513105, 0.0, 0.22035268687725193, 0.6776350322272748, 0.10860600322690732, 0.4595855156637221, 0.6930157732919535, 0.2705933858947558, 0.25273607823784894, 0.006216428718621936, 0.5899063025709927, 0.6363434289092276, 0.633915490843244, 0.7349177383498752, 0.6608599965812485, 0.5612993697079849], [0.14286959087346984, 1.352643968561879, 0.0, 0.2509820283841928, 0.6713058139167583, 0.10770703739979962, 0.5320131687134826, 0.6931218244053627, 0.26935172265845875, 0.2433293683196205, 0.006384896235913207, 0.5862912739461683, 0.6304493266218173, 0.6378253145272981, 0.7391730671709367, 0.6876605143329793, 0.5342188492114828]]}