{"labels_1": ["1", "2", "3", "4", "5", "6", "7", "8", "9"], "labels_2": ["1", "2", "3", "4", "5", "6", "7", "8", "9"], "adj_matrix_1": [[0.0, 0.11237, 0.09762, 0.05418, 0.07891, 0.02083, 0.00609, 0.08114, 0.12106], [0.11237, 0.0, 0.04972, 0.08169, 0.09987, 0.17178, 0.11504, 0.09442, 0.04239], [0.09762, 0.04972, 0.0, 0.06511, 0.05673, 0.18538, 0.10098, 0.05018, 0.08741], [0.05418, 0.08169, 0.06511, 0.0, 0.04817, 0.00935, 0.05905, 0.05004, 0.09564], [0.07891, 0.09987, 0.05673, 0.04817, 0.0, 0.18474, 0.0824, 0.00696, 0.1276], [0.02083, 0.17178, 0.18538, 0.00935, 0.18474, 0.0, 0.0226, 0.1858, 0.15214], [0.00609, 0.11504, 0.10098, 0.05905, 0.0824, 0.0226, 0.0, 0.08466, 0.12313], [0.08114, 0.09442, 0.05018, 0.05004, 0.00696, 0.1858, 0.08466, 0.0, 0.12353], [0.12106, 0.04239, 0.08741, 0.09564, 0.1276, 0.15214, 0.12313, 0.12353, 0.0]], "adj_matrix_2": [[0.0, 0.10947, 0.14038, 0.25604, 0.1322, 0.29929, 0.3442, 0.26675, 0.34038], [0.10947, 0.0, 0.03249, 0.16352, 0.02391, 0.21944, 0.29491, 0.17695, 0.2856], [0.14038, 0.03249, 0.0, 0.13379, 0.00858, 0.19279, 0.27674, 0.14786, 0.26584], [0.25604, 0.16352, 0.13379, 0.0, 0.14153, 0.06696, 0.18046, 0.01549, 0.16338], [0.1322, 0.02391, 0.00858, 0.14153, 0.0, 0.19979, 0.28133, 0.15577, 0.27109], [0.29929, 0.21944, 0.19279, 0.06696, 0.19979, 0.0, 0.12208, 0.05167, 0.10283], [0.3442, 0.29491, 0.27674, 0.18046, 0.28133, 0.12208, 0.0, 0.16738, 0.02089], [0.26675, 0.17695, 0.14786, 0.01549, 0.15577, 0.05167, 0.16738, 0.0, 0.14995], [0.34038, 0.2856, 0.26584, 0.16338, 0.27109, 0.10283, 0.02089, 0.14995, 0.0]], "features_1": [[3.5695378272066822, 1.317893298697612, 0.0, 0.28700948238930724, 0.6408537328590082, 0.1293094677833467, 0.417997101672384, 0.6845049782032796, 0.3876805247248174, 0.26594174650950086, 0.007950687539111767, 0.5301955906616989, 0.6264058866925771, 0.6458416014652302, 0.7925910868718652, 0.6942600760737344, 0.6246001756514977], [1.9163792951619776, 1.3478787180441922, 0.0, 0.21720686470479192, 0.6265764990065722, 0.13919800214065287, 0.2483781164841538, 0.672540503350213, 0.4168648593883606, 0.28341649316624706, 0.007783488497544067, 0.56075434050301, 0.6464960563054122, 0.6664995331337704, 0.8056291763218708, 0.6991825245417002, 0.6113471734899933], [1.6291517171780603, 1.3383668671984048, 0.0, 0.25992886623823164, 0.643959823204542, 0.12920255212703785, 0.42687682746120714, 0.6843343876138384, 0.38346765839547925, 0.2731706827984124, 0.007727725548673403, 0.5533924479496728, 0.6396442074970183, 0.6552142751792284, 0.7890080796867261, 0.6924469797466116, 0.6112975493302164], [4.204980744396472, 1.524493459072559, 0.0, 0.27585503662627164, 0.6690875263320364, 0.1298809044733201, 0.43695368675031715, 0.6839242944527031, 0.3750741964618547, 0.29262628239492705, 0.007616154688146137, 0.520291458443157, 0.6318139874808479, 0.6481469184811486, 0.7932665023163445, 0.6929587798028106, 0.6121174938505412], [1.1926790111545946, 1.2957529909222905, 0.0, 0.22598258767522328, 0.6321819337398118, 0.1287275595794846, 0.38193304321205446, 0.6849679108578898, 0.3624564694710761, 0.2649844203909002, 0.007001439975721224, 0.5589457057704075, 0.646706571867319, 0.6643047033855329, 0.7962790326750326, 0.6884782980453669, 0.5911476532085396], [0.7448481974505494, 1.3385043694992806, 0.0, 0.2024754674640962, 0.6461202209702285, 0.12626309238861874, 0.4553922665796833, 0.6865088928027443, 0.3652036817303992, 0.26969338351146477, 0.007392832833969631, 0.5729094616530905, 0.6467623372121595, 0.6639454980266741, 0.7838070031838871, 0.6589311681336973, 0.5948427075185224], [4.362342620127475, 1.9351901840989179, 0.0, 0.266740280827494, 0.7209439795124298, 0.13069111678628026, 0.511432112859729, 0.6848451493327352, 0.3632908295638604, 0.34202901874619873, 0.0069454663283523566, 0.5160478792027128, 0.6460398011504075, 0.66554239474904, 0.8050203948382539, 0.719249320665133, 0.5993709177176135], [1.273522129760865, 1.3063244001776513, 0.0, 0.22331112078942178, 0.6374361706654685, 0.12480268438089179, 0.3853947434499737, 0.6870548620019548, 0.3507690533474703, 0.2580784727582375, 0.007336964783822175, 0.5586425007298406, 0.6407647587381693, 0.656091221752129, 0.785277002778612, 0.6973881529656534, 0.583133108344719], [2.2823953869975773, 1.4783689873552774, 0.0, 0.2297667570598236, 0.6644588417822621, 0.12677718439980512, 0.46211410818139315, 0.6868563065345332, 0.3567976497910301, 0.28132916028775456, 0.006721420376576193, 0.5364322680981315, 0.6384795649865292, 0.6453738441425049, 0.7970739357023776, 0.7167966056175424, 0.5892493891806506]], "features_2": [[-0.26179921119195937, 1.0679516735215302, 0.0, 0.15437306307995655, 0.5854828970565696, 0.12677426774062314, 0.2887357518295026, 0.6845520661042508, 0.3626282885432235, 0.23112113323032202, 0.00683347364535547, 0.6216864423369421, 0.6559924481647766, 0.6759458182013989, 0.7763990681127266, 0.6816423194434027, 0.6042926230883043], [-0.2706753906165753, 1.1591824549813194, 0.0, 0.16944261731290086, 0.5944456313798593, 0.132841854690098, 0.22159979927588652, 0.678173046697927, 0.39687887303170566, 0.2577137168929602, 0.007560346756364078, 0.6218981886730739, 0.6362406812314586, 0.6779333910574713, 0.7823018235372121, 0.6905554399886569, 0.5954684375827887], [-0.0679972346552975, 1.1907092728806887, 0.0, 0.19771360197494897, 0.6140877648348897, 0.12643136240996233, 0.2751680950987314, 0.684502261144297, 0.36157344281354487, 0.25056590415207247, 0.006889477554966383, 0.6111846375810512, 0.6492224859589989, 0.6536954215863623, 0.7738281583375617, 0.6801199607554864, 0.607071876035504], [0.028840195433233795, 1.159696074020943, 0.0, 0.1953330375347161, 0.6074512754092023, 0.12597702032733848, 0.2656849854792675, 0.6845603672251586, 0.366875296694251, 0.24543314971803998, 0.007057398507269275, 0.604465757675404, 0.650112892481107, 0.6777272040205309, 0.7717864976126083, 0.6721580116956813, 0.6031803011435299], [0.19420773254418844, 1.4973005767883254, 0.0, 0.2056257791035737, 0.664239830537117, 0.1243396168040759, 0.33909824013584355, 0.6868732835385752, 0.33618387658033067, 0.29204198661463066, 0.0064410216040902135, 0.6145329571634901, 0.6370563345617793, 0.6521517288229283, 0.7745934759853343, 0.6783219147593531, 0.5564327553252236], [0.035834429743840435, 1.328440716271374, 0.0, 0.214846477683167, 0.6504949878193532, 0.1190689565559132, 0.31985561950993074, 0.6894474964533955, 0.32312791361498117, 0.2616760131145961, 0.006609306440138685, 0.5944671437174938, 0.642964038638039, 0.6633586365642481, 0.7601571137050602, 0.6745029124037515, 0.5825706904887987], [0.16154826865702532, 1.3513539166184514, 0.0, 0.2843059139582208, 0.6454169347656118, 0.12415548701271104, 0.30684704868456336, 0.6864053779405351, 0.3593814276209206, 0.275866518471936, 0.0069454663283523566, 0.5991588089090383, 0.6545522808374327, 0.6885347444518507, 0.7722000860824564, 0.6867961497090911, 0.5647586632930177], [0.3068009512321779, 1.6055190068890772, 0.0, 0.2513696885264384, 0.7078722752358751, 0.10605963163762376, 0.40401935437302683, 0.6931380272835399, 0.24036591369916716, 0.27271245602198757, 0.005710201030130202, 0.578097234083593, 0.6285777021982589, 0.6320113848833286, 0.7241516772558312, 0.6379943170710438, 0.49812211021379016], [0.2809210408445817, 1.483084352516803, 0.0, 0.25645674011150466, 0.6869737714064601, 0.11040112502828629, 0.5102866023769395, 0.6927773452606565, 0.28636787731997404, 0.26667970771603366, 0.006721420376576193, 0.5747628426218201, 0.6261005545758698, 0.6317024789034739, 0.7393511827903194, 0.6649617354909517, 0.5169174084301337]]}