{"labels_1": ["1", "2", "3", "4", "5", "6", "7", "8", "9"], "labels_2": ["1", "2", "3", "4", "5", "6", "7", "8", "9"], "adj_matrix_1": [[0.0, 0.10676, 0.17439, 0.14887, 0.10539, 0.16333, 0.08366, 0.09636, 0.11495], [0.10676, 0.0, 0.24589, 0.22208, 0.00171, 0.19595, 0.09157, 0.0396, 0.03608], [0.17439, 0.24589, 0.0, 0.07481, 0.24505, 0.16594, 0.24579, 0.24758, 0.23996], [0.14887, 0.22208, 0.07481, 0.0, 0.22091, 0.19973, 0.20632, 0.21634, 0.22386], [0.10539, 0.00171, 0.24505, 0.22091, 0.0, 0.1969, 0.09025, 0.03795, 0.03784], [0.16333, 0.19595, 0.16594, 0.19973, 0.1969, 0.0, 0.25026, 0.22158, 0.16927], [0.08366, 0.09157, 0.24579, 0.20632, 0.09025, 0.25026, 0.0, 0.05332, 0.12552], [0.09636, 0.0396, 0.24758, 0.21634, 0.03795, 0.22158, 0.05332, 0.0, 0.07515], [0.11495, 0.03608, 0.23996, 0.22386, 0.03784, 0.16927, 0.12552, 0.07515, 0.0]], "adj_matrix_2": [[0.0, 0.30978, 0.30401, 0.03265, 0.1786, 0.24353, 0.30971, 0.2626, 0.05654], [0.30978, 0.0, 0.04476, 0.29988, 0.33695, 0.16591, 0.00292, 0.14043, 0.29154], [0.30401, 0.04476, 0.0, 0.29022, 0.35077, 0.12879, 0.04188, 0.10074, 0.27892], [0.03265, 0.29988, 0.29022, 0.0, 0.20724, 0.2193, 0.29956, 0.2405, 0.02405], [0.1786, 0.33695, 0.35077, 0.20724, 0.0, 0.34918, 0.33824, 0.35537, 0.22723], [0.24353, 0.16591, 0.12879, 0.2193, 0.34918, 0.0, 0.16368, 0.03083, 0.20042], [0.30971, 0.00292, 0.04188, 0.29956, 0.33824, 0.16368, 0.0, 0.13801, 0.29099], [0.2626, 0.14043, 0.10074, 0.2405, 0.35537, 0.03083, 0.13801, 0.0, 0.22312], [0.05654, 0.29154, 0.27892, 0.02405, 0.22723, 0.20042, 0.29099, 0.22312, 0.0]], "features_1": [[1.6090780917336387, 1.1324151674454894, 0.0, 0.31647515334486986, 0.5868551765198694, 0.13336331821525307, 0.26948388598344053, 0.6773639306689951, 0.39123367637908824, 0.24234732489311162, 0.007783488497544067, 0.567998957524714, 0.628674581335246, 0.6421336305309147, 0.7779987787607072, 0.7145041131172583, 0.6114264608978169], [0.2656196391433845, 1.1822130378215627, 0.0, 0.2173789549740964, 0.6018663258841244, 0.13284277858400978, 0.4247727485115725, 0.6806440965092182, 0.3834410564313282, 0.2546538552702695, 0.007225183508792421, 0.609614726285109, 0.6414341689588839, 0.6648096924632401, 0.781720545924854, 0.6914531953377916, 0.5867705582547467], [0.811111310607953, 1.274666744783407, 0.0, 0.28735259267890384, 0.6199996379001151, 0.1312585897831605, 0.2875579736828186, 0.6798725153834776, 0.39290147475709936, 0.26756259311014663, 0.007504523810135222, 0.5858592367118152, 0.6377238737176698, 0.6271479354649259, 0.7756100538760522, 0.7105769026417568, 0.60844186307904], [1.054129561030873, 1.3175067006040895, 0.0, 0.3234693628914638, 0.6237891708387009, 0.1325903101533687, 0.2345377843407121, 0.6776020684567918, 0.41778308316862756, 0.2791228076773533, 0.008062078829516484, 0.5786428122656682, 0.6351607721797063, 0.6434358888986071, 0.7762376167263985, 0.7015061513263163, 0.5958571561318342], [0.22010154064799758, 1.5767183835504808, 0.0, 0.22837853247112425, 0.6811443578482907, 0.1241831877886698, 0.544359883344795, 0.6882532083228805, 0.3458872143763869, 0.3038553041879164, 0.007225183508792421, 0.6114754037787309, 0.6344213659472435, 0.6560589985746966, 0.7712617565910345, 0.6864719915250512, 0.5277601654380492], [0.4612564376398689, 1.4117827506370466, 0.0, 0.2559108021652166, 0.6576405240865304, 0.12421837059885038, 0.3397416067879625, 0.6867268844190931, 0.3709856068057438, 0.28326843585802286, 0.007504523810135222, 0.5946152469896044, 0.6455194752613456, 0.6446977720850859, 0.7687394452299396, 0.6817476654317124, 0.5868331075793857], [0.340431671374799, 1.7688634082907229, 0.0, 0.26883642357994497, 0.7020483664507928, 0.1259371338021293, 0.3511847014027296, 0.6855866235874465, 0.38006825588093696, 0.3375431236798081, 0.007392832833969631, 0.5982932701640689, 0.6473561564175351, 0.6544282848400292, 0.7777998832722126, 0.6876101599424801, 0.5128754755893588], [0.0036107788999504287, 1.5196284489319252, 0.0, 0.21410191584602217, 0.6879894476486536, 0.11100382187746602, 0.39382108697008744, 0.6926141724859438, 0.2773666286628609, 0.2768939448099996, 0.006497131753992358, 0.5869739303289663, 0.621600282450487, 0.6303997715098524, 0.7439788321419543, 0.650237858368446, 0.5168228114416682], [0.014388461305621991, 1.6020529028637864, 0.0, 0.22584256798372004, 0.7003379849907925, 0.11227711619147095, 0.4423156809528173, 0.6924666836996728, 0.299512877322482, 0.2926303156906216, 0.006497131753992358, 0.5886594505931093, 0.6315116086790433, 0.6448582202594443, 0.7518334473263444, 0.6636634983977441, 0.5076333985689867]], "features_2": [[-0.31294423878009425, 1.2650341384819204, 0.0, 0.1583742392660296, 0.6391065725878615, 0.12051788581167934, 0.45866809924859736, 0.6894439979097862, 0.3330816844081552, 0.2522355929670641, 0.006721420376576193, 0.609901340655131, 0.6343621463921584, 0.6419219072837006, 0.7592693897664945, 0.6450712452793955, 0.5828800490125753], [0.03999441782119062, 1.3478194400766228, 0.0, 0.1810698630849025, 0.6506149408747662, 0.12217404740868221, 0.4141789302007467, 0.6885780065138798, 0.34403319030927504, 0.2676946322946545, 0.00677745458930179, 0.5912778322536743, 0.6482859888740555, 0.6635335548396725, 0.7659919405809011, 0.6747915842114363, 0.5824117844495725], [-0.05831124887030725, 1.3838524059681017, 0.0, 0.15495116575611814, 0.6590757765636931, 0.12195738521078747, 0.41673154488421177, 0.6884132430779007, 0.3434505124977283, 0.2741920072461308, 0.00683347364535547, 0.5917153773083805, 0.6399499505823191, 0.6614455732015556, 0.7620385064778702, 0.6568028821104135, 0.5864651527699957], [-0.2363447013477855, 1.2942727804598586, 0.0, 0.15981291780226078, 0.6418743500095937, 0.12357816063787755, 0.3942329932251617, 0.6873299952347942, 0.354839862528777, 0.2646615176113156, 0.0069454663283523566, 0.6077749044364753, 0.6586976308049695, 0.6751031286842119, 0.7658330859812363, 0.6483368239466235, 0.599344265877811], [-0.11187004223231778, 1.498553584871224, 0.0, 0.19624887288940118, 0.6848063352438474, 0.11595599200160837, 0.5238366529825683, 0.6919663414093966, 0.31671802191098997, 0.27907447710283617, 0.00655322669591385, 0.6104506890765136, 0.6322007587683696, 0.6379566701813945, 0.7645623440059026, 0.6848754499220807, 0.5640631677747048], [-0.17422655444097712, 1.4033359086956279, 0.0, 0.1418903118200986, 0.6704048833645481, 0.1187116745627103, 0.5508335839664937, 0.6908686572176139, 0.3312965188869481, 0.2724729197761433, 0.006497131753992358, 0.5950103986069772, 0.6270172407954522, 0.6526982507707472, 0.7623630515717497, 0.6661053658526646, 0.5787887730945335], [-0.056556992058566014, 1.4155335131103393, 0.0, 0.18608317914895123, 0.660710332121544, 0.1261265098468586, 0.465956580937317, 0.6872444057355416, 0.3729953559996815, 0.28882799366634604, 0.0069454663283523566, 0.6051824442064913, 0.6461608537812192, 0.6790181682484602, 0.7829145308814704, 0.677604267143974, 0.5816327240879811], [0.2908015790327698, 1.463923098236813, 0.0, 0.2078056906772497, 0.6845734310026467, 0.11558650290591375, 0.5856440748404694, 0.6920801105816765, 0.30934973908247376, 0.26906860005800737, 0.00683347364535547, 0.585476828119674, 0.6364684159113808, 0.6455504488048804, 0.7543289033575161, 0.6776325588709986, 0.5746877960602004], [-0.12285346120528429, 1.2277897545287417, 0.0, 0.18442888260098242, 0.6415775621229253, 0.1190461209126828, 0.6588131975564352, 0.69123101374884, 0.33187535083005937, 0.24495471291013748, 0.00716927026363523, 0.6073343590982758, 0.6406265139998513, 0.6573183188851027, 0.7660595301386072, 0.6985953697696006, 0.5788958190210011]]}