{"labels_1": ["1", "2", "3", "4", "5", "6", "7", "8", "9"], "labels_2": ["1", "2", "3", "4", "5", "6", "7", "8", "9"], "adj_matrix_1": [[0.0, 0.10676, 0.17439, 0.14887, 0.10539, 0.16333, 0.08366, 0.09636, 0.11495], [0.10676, 0.0, 0.24589, 0.22208, 0.00171, 0.19595, 0.09157, 0.0396, 0.03608], [0.17439, 0.24589, 0.0, 0.07481, 0.24505, 0.16594, 0.24579, 0.24758, 0.23996], [0.14887, 0.22208, 0.07481, 0.0, 0.22091, 0.19973, 0.20632, 0.21634, 0.22386], [0.10539, 0.00171, 0.24505, 0.22091, 0.0, 0.1969, 0.09025, 0.03795, 0.03784], [0.16333, 0.19595, 0.16594, 0.19973, 0.1969, 0.0, 0.25026, 0.22158, 0.16927], [0.08366, 0.09157, 0.24579, 0.20632, 0.09025, 0.25026, 0.0, 0.05332, 0.12552], [0.09636, 0.0396, 0.24758, 0.21634, 0.03795, 0.22158, 0.05332, 0.0, 0.07515], [0.11495, 0.03608, 0.23996, 0.22386, 0.03784, 0.16927, 0.12552, 0.07515, 0.0]], "adj_matrix_2": [[0.0, 0.1819, 0.06384, 0.06192, 0.15423, 0.02466, 0.09539, 0.07394, 0.11871], [0.1819, 0.0, 0.23005, 0.12866, 0.03377, 0.20117, 0.0967, 0.23713, 0.26689], [0.06384, 0.23005, 0.0, 0.12341, 0.20692, 0.03946, 0.15456, 0.01032, 0.0567], [0.06192, 0.12866, 0.12341, 0.0, 0.09765, 0.08594, 0.03458, 0.13295, 0.17455], [0.15423, 0.03377, 0.20692, 0.09765, 0.0, 0.17523, 0.06436, 0.21479, 0.24814], [0.02466, 0.20117, 0.03946, 0.08594, 0.17523, 0.0, 0.11867, 0.0497, 0.09528], [0.09539, 0.0967, 0.15456, 0.03458, 0.06436, 0.11867, 0.0, 0.16362, 0.20278], [0.07394, 0.23713, 0.01032, 0.13295, 0.21479, 0.0497, 0.16362, 0.0, 0.04649], [0.11871, 0.26689, 0.0567, 0.17455, 0.24814, 0.09528, 0.20278, 0.04649, 0.0]], "features_1": [[1.6090780917336387, 1.1324151674454894, 0.0, 0.31647515334486986, 0.5868551765198694, 0.13336331821525307, 0.26948388598344053, 0.6773639306689951, 0.39123367637908824, 0.24234732489311162, 0.007783488497544067, 0.567998957524714, 0.628674581335246, 0.6421336305309147, 0.7779987787607072, 0.7145041131172583, 0.6114264608978169], [0.2656196391433845, 1.1822130378215627, 0.0, 0.2173789549740964, 0.6018663258841244, 0.13284277858400978, 0.4247727485115725, 0.6806440965092182, 0.3834410564313282, 0.2546538552702695, 0.007225183508792421, 0.609614726285109, 0.6414341689588839, 0.6648096924632401, 0.781720545924854, 0.6914531953377916, 0.5867705582547467], [0.811111310607953, 1.274666744783407, 0.0, 0.28735259267890384, 0.6199996379001151, 0.1312585897831605, 0.2875579736828186, 0.6798725153834776, 0.39290147475709936, 0.26756259311014663, 0.007504523810135222, 0.5858592367118152, 0.6377238737176698, 0.6271479354649259, 0.7756100538760522, 0.7105769026417568, 0.60844186307904], [1.054129561030873, 1.3175067006040895, 0.0, 0.3234693628914638, 0.6237891708387009, 0.1325903101533687, 0.2345377843407121, 0.6776020684567918, 0.41778308316862756, 0.2791228076773533, 0.008062078829516484, 0.5786428122656682, 0.6351607721797063, 0.6434358888986071, 0.7762376167263985, 0.7015061513263163, 0.5958571561318342], [0.22010154064799758, 1.5767183835504808, 0.0, 0.22837853247112425, 0.6811443578482907, 0.1241831877886698, 0.544359883344795, 0.6882532083228805, 0.3458872143763869, 0.3038553041879164, 0.007225183508792421, 0.6114754037787309, 0.6344213659472435, 0.6560589985746966, 0.7712617565910345, 0.6864719915250512, 0.5277601654380492], [0.4612564376398689, 1.4117827506370466, 0.0, 0.2559108021652166, 0.6576405240865304, 0.12421837059885038, 0.3397416067879625, 0.6867268844190931, 0.3709856068057438, 0.28326843585802286, 0.007504523810135222, 0.5946152469896044, 0.6455194752613456, 0.6446977720850859, 0.7687394452299396, 0.6817476654317124, 0.5868331075793857], [0.340431671374799, 1.7688634082907229, 0.0, 0.26883642357994497, 0.7020483664507928, 0.1259371338021293, 0.3511847014027296, 0.6855866235874465, 0.38006825588093696, 0.3375431236798081, 0.007392832833969631, 0.5982932701640689, 0.6473561564175351, 0.6544282848400292, 0.7777998832722126, 0.6876101599424801, 0.5128754755893588], [0.0036107788999504287, 1.5196284489319252, 0.0, 0.21410191584602217, 0.6879894476486536, 0.11100382187746602, 0.39382108697008744, 0.6926141724859438, 0.2773666286628609, 0.2768939448099996, 0.006497131753992358, 0.5869739303289663, 0.621600282450487, 0.6303997715098524, 0.7439788321419543, 0.650237858368446, 0.5168228114416682], [0.014388461305621991, 1.6020529028637864, 0.0, 0.22584256798372004, 0.7003379849907925, 0.11227711619147095, 0.4423156809528173, 0.6924666836996728, 0.299512877322482, 0.2926303156906216, 0.006497131753992358, 0.5886594505931093, 0.6315116086790433, 0.6448582202594443, 0.7518334473263444, 0.6636634983977441, 0.5076333985689867]], "features_2": [[0.1409785934709098, 1.3696374089066734, 0.0, 0.21768059326655026, 0.644190396109142, 0.131619644847743, 0.26846063030385564, 0.6803091176053685, 0.4104026652375925, 0.2894482327127297, 0.007727725548673403, 0.6177466519631334, 0.6475366121400746, 0.6585776958144014, 0.7826567401060968, 0.6856746729695516, 0.6261332622410868], [0.04924968407157193, 1.3669448054511337, 0.0, 0.27805212057238177, 0.6450524997852902, 0.13049903533485732, 0.32266614958446665, 0.6824392620681584, 0.39842158781491444, 0.29145907911569924, 0.007671947615560004, 0.6160547937514282, 0.6499587915260274, 0.6761757955717924, 0.7877768395857515, 0.6870786362307651, 0.6163478072973437], [0.17643844623886773, 1.4819352491328854, 0.0, 0.22291394982842808, 0.6597362689076761, 0.13171197623090536, 0.2386934962383215, 0.6796141141526884, 0.41699123949301486, 0.3103422474552553, 0.008006390651371653, 0.6215452066501657, 0.650392137494057, 0.668638351308547, 0.7795219411489758, 0.6795668827313064, 0.618772732210092], [0.07906930290073522, 1.467511537171514, 0.0, 0.2349890877309575, 0.6529035686546072, 0.13301045318306964, 0.20451385361913807, 0.677335516450299, 0.42480731559544815, 0.3109730549236609, 0.00783923647221818, 0.6201970085457242, 0.6459610030823931, 0.6626250525030672, 0.7783118169866964, 0.6896544376243781, 0.6170999750900845], [0.24958717409313058, 1.609098388745674, 0.0, 0.2405851199460823, 0.6909559287268612, 0.12141512041889099, 0.40004758895826525, 0.6891057736580166, 0.3371048185502501, 0.3091438598892948, 0.007225183508792421, 0.6030387039030121, 0.6475646183311873, 0.6662808456437529, 0.7731017904082592, 0.6760499589571254, 0.5808543910172979], [0.15751903983886084, 1.5010857057042775, 0.0, 0.282573498172984, 0.6707506975921034, 0.1276941116644194, 0.3055616994840136, 0.6845683835493888, 0.39837869300770623, 0.30661297407274946, 0.007894969482732161, 0.6100982770000192, 0.6649404822821264, 0.6751173945505465, 0.7803448308628183, 0.6899257982458422, 0.6103780785411643], [0.09610872637837042, 1.5949028089192332, 0.0, 0.2236075774627109, 0.6720507987376708, 0.13067960786985602, 0.2516535489055457, 0.6808628847143943, 0.3978718984012819, 0.32316585768447115, 0.007727725548673403, 0.6161098950135848, 0.6563821337580737, 0.6698944362401511, 0.7819778677624937, 0.6992674555088471, 0.5982980912971106], [0.01982353410668214, 1.4900560737130566, 0.0, 0.2303183863675336, 0.6796752289964813, 0.11794518505207768, 0.4625403388311561, 0.6908756941667415, 0.3218365421187832, 0.2809905504180825, 0.0066653709969386465, 0.5985362146751161, 0.6347425271478441, 0.6222331868167137, 0.7653484530486233, 0.6644886110761072, 0.5795705517200421], [0.07646725727698112, 1.4426684968807806, 0.0, 0.24913627408168512, 0.6655158031067384, 0.12184617061143163, 0.35072893430289726, 0.6885649283493187, 0.3512194166249458, 0.28295557300686425, 0.007225183508792421, 0.6060721449244697, 0.6316136983157226, 0.6252255094380417, 0.7713962274469572, 0.6800921495349991, 0.5956987371665211]]}