{"labels_1": ["1", "2", "3", "4", "5", "6", "7", "8", "9"], "labels_2": ["1", "2", "3", "4", "5", "6", "7", "8", "9"], "adj_matrix_1": [[0.0, 0.10676, 0.17439, 0.14887, 0.10539, 0.16333, 0.08366, 0.09636, 0.11495], [0.10676, 0.0, 0.24589, 0.22208, 0.00171, 0.19595, 0.09157, 0.0396, 0.03608], [0.17439, 0.24589, 0.0, 0.07481, 0.24505, 0.16594, 0.24579, 0.24758, 0.23996], [0.14887, 0.22208, 0.07481, 0.0, 0.22091, 0.19973, 0.20632, 0.21634, 0.22386], [0.10539, 0.00171, 0.24505, 0.22091, 0.0, 0.1969, 0.09025, 0.03795, 0.03784], [0.16333, 0.19595, 0.16594, 0.19973, 0.1969, 0.0, 0.25026, 0.22158, 0.16927], [0.08366, 0.09157, 0.24579, 0.20632, 0.09025, 0.25026, 0.0, 0.05332, 0.12552], [0.09636, 0.0396, 0.24758, 0.21634, 0.03795, 0.22158, 0.05332, 0.0, 0.07515], [0.11495, 0.03608, 0.23996, 0.22386, 0.03784, 0.16927, 0.12552, 0.07515, 0.0]], "adj_matrix_2": [[0.0, 0.15326, 0.05439, 0.11705, 0.00802, 0.17084, 0.04756, 0.16009, 0.18439], [0.15326, 0.0, 0.10327, 0.04006, 0.16008, 0.28716, 0.10947, 0.00798, 0.03724], [0.05439, 0.10327, 0.0, 0.06467, 0.06226, 0.21678, 0.00683, 0.11073, 0.13744], [0.11705, 0.04006, 0.06467, 0.0, 0.12441, 0.26365, 0.07124, 0.04794, 0.07663], [0.00802, 0.16008, 0.06226, 0.12441, 0.0, 0.16375, 0.05556, 0.16703, 0.19076], [0.17084, 0.28716, 0.21678, 0.26365, 0.16375, 0.0, 0.21129, 0.29142, 0.30482], [0.04756, 0.10947, 0.00683, 0.07124, 0.05556, 0.21129, 0.0, 0.11703, 0.14332], [0.16009, 0.00798, 0.11073, 0.04794, 0.16703, 0.29142, 0.11703, 0.0, 0.02931], [0.18439, 0.03724, 0.13744, 0.07663, 0.19076, 0.30482, 0.14332, 0.02931, 0.0]], "features_1": [[1.6090780917336387, 1.1324151674454894, 0.0, 0.31647515334486986, 0.5868551765198694, 0.13336331821525307, 0.26948388598344053, 0.6773639306689951, 0.39123367637908824, 0.24234732489311162, 0.007783488497544067, 0.567998957524714, 0.628674581335246, 0.6421336305309147, 0.7779987787607072, 0.7145041131172583, 0.6114264608978169], [0.2656196391433845, 1.1822130378215627, 0.0, 0.2173789549740964, 0.6018663258841244, 0.13284277858400978, 0.4247727485115725, 0.6806440965092182, 0.3834410564313282, 0.2546538552702695, 0.007225183508792421, 0.609614726285109, 0.6414341689588839, 0.6648096924632401, 0.781720545924854, 0.6914531953377916, 0.5867705582547467], [0.811111310607953, 1.274666744783407, 0.0, 0.28735259267890384, 0.6199996379001151, 0.1312585897831605, 0.2875579736828186, 0.6798725153834776, 0.39290147475709936, 0.26756259311014663, 0.007504523810135222, 0.5858592367118152, 0.6377238737176698, 0.6271479354649259, 0.7756100538760522, 0.7105769026417568, 0.60844186307904], [1.054129561030873, 1.3175067006040895, 0.0, 0.3234693628914638, 0.6237891708387009, 0.1325903101533687, 0.2345377843407121, 0.6776020684567918, 0.41778308316862756, 0.2791228076773533, 0.008062078829516484, 0.5786428122656682, 0.6351607721797063, 0.6434358888986071, 0.7762376167263985, 0.7015061513263163, 0.5958571561318342], [0.22010154064799758, 1.5767183835504808, 0.0, 0.22837853247112425, 0.6811443578482907, 0.1241831877886698, 0.544359883344795, 0.6882532083228805, 0.3458872143763869, 0.3038553041879164, 0.007225183508792421, 0.6114754037787309, 0.6344213659472435, 0.6560589985746966, 0.7712617565910345, 0.6864719915250512, 0.5277601654380492], [0.4612564376398689, 1.4117827506370466, 0.0, 0.2559108021652166, 0.6576405240865304, 0.12421837059885038, 0.3397416067879625, 0.6867268844190931, 0.3709856068057438, 0.28326843585802286, 0.007504523810135222, 0.5946152469896044, 0.6455194752613456, 0.6446977720850859, 0.7687394452299396, 0.6817476654317124, 0.5868331075793857], [0.340431671374799, 1.7688634082907229, 0.0, 0.26883642357994497, 0.7020483664507928, 0.1259371338021293, 0.3511847014027296, 0.6855866235874465, 0.38006825588093696, 0.3375431236798081, 0.007392832833969631, 0.5982932701640689, 0.6473561564175351, 0.6544282848400292, 0.7777998832722126, 0.6876101599424801, 0.5128754755893588], [0.0036107788999504287, 1.5196284489319252, 0.0, 0.21410191584602217, 0.6879894476486536, 0.11100382187746602, 0.39382108697008744, 0.6926141724859438, 0.2773666286628609, 0.2768939448099996, 0.006497131753992358, 0.5869739303289663, 0.621600282450487, 0.6303997715098524, 0.7439788321419543, 0.650237858368446, 0.5168228114416682], [0.014388461305621991, 1.6020529028637864, 0.0, 0.22584256798372004, 0.7003379849907925, 0.11227711619147095, 0.4423156809528173, 0.6924666836996728, 0.299512877322482, 0.2926303156906216, 0.006497131753992358, 0.5886594505931093, 0.6315116086790433, 0.6448582202594443, 0.7518334473263444, 0.6636634983977441, 0.5076333985689867]], "features_2": [[0.08874283381129366, 1.2303468717586339, 0.0, 0.1943455306432468, 0.6070391430160582, 0.1289397770132723, 0.10694995133854449, 0.6787772421443973, 0.3757198894167453, 0.26405925489215676, 0.00783923647221818, 0.614206626329239, 0.6330792595634769, 0.6582702843074983, 0.7563569893995499, 0.6727199730840183, 0.5829705770444792], [0.09710052870000485, 1.298034897030242, 0.0, 0.18782604825331062, 0.6181028881432978, 0.13080472302262613, 0.1293288245735802, 0.6774258715453012, 0.37833035634772494, 0.27635589229118773, 0.007616154688146137, 0.6087024774230272, 0.6206450673257673, 0.6426395018440179, 0.7654558888451681, 0.6863753060940806, 0.5933482405671721], [0.08231130258145347, 1.3416963415942469, 0.0, 0.2185276339346877, 0.6315995121951464, 0.12860615092792715, 0.12647519598246076, 0.6800205188784312, 0.3770535848773291, 0.2822556847128952, 0.007616154688146137, 0.606651595525129, 0.6437139248434423, 0.6543646331240074, 0.7597781302105747, 0.6640151396606606, 0.5896064040257211], [0.1768335716942957, 1.3281105727117053, 0.0, 0.23090694525188118, 0.6243706778596094, 0.13019158876545267, 0.09663629877650806, 0.6772852721118645, 0.3807291341435286, 0.2799144874939772, 0.007392832833969631, 0.6062413700166078, 0.6213401704751054, 0.6305948806699813, 0.7584979803288203, 0.6816624077729477, 0.5832245170327162], [0.22408330213716443, 1.557782984760962, 0.0, 0.19029738979773625, 0.6766716327775908, 0.12337416487513257, 0.33789057213072554, 0.6877367445538237, 0.3327413433001598, 0.2991301773134143, 0.006497131753992358, 0.6133557108137191, 0.6492521269759419, 0.649604920288334, 0.7751425940927513, 0.6975301551651769, 0.5509536694932816], [-0.05386657337891876, 1.3253418530785124, 0.0, 0.22667041004252178, 0.6409741081844033, 0.1253560310763672, 0.2624143905803386, 0.6854026584468822, 0.35545400887640977, 0.26880936976664893, 0.00683347364535547, 0.6180146216248237, 0.6231654248913688, 0.6422645970190675, 0.7666741083253649, 0.6873167327150017, 0.5960165846736327], [-0.19695414976652303, 1.698590060453332, 0.0, 0.2093083480038761, 0.6884742670347085, 0.1286618884021646, 0.2610417691846131, 0.6828934579972084, 0.3702224677981969, 0.3373708222758547, 0.00716927026363523, 0.6187133388480852, 0.6422271311925705, 0.6655853170103673, 0.779135603484157, 0.6712557944297252, 0.5591491947237269], [0.7483123403719807, 1.5201273197779288, 0.0, 0.25759045520457563, 0.695273353109393, 0.11220988970865627, 0.4550826636790674, 0.6927263437864186, 0.3236921725567705, 0.2800057575959958, 0.007281081678807366, 0.5844870184316084, 0.6304962590702434, 0.6348239442237036, 0.7546184545653878, 0.6623352411367692, 0.5248848344988173], [0.14480766875676654, 1.4060994865859855, 0.0, 0.27331714587068556, 0.6653972235079685, 0.11839992774068052, 0.4066943826823014, 0.6905866140585981, 0.3296092802884252, 0.27422200948313225, 0.00683347364535547, 0.5950537241746274, 0.6389092750283564, 0.6616693293690793, 0.7625271981586581, 0.664198083325588, 0.563552511276697]]}