{"labels_1": ["1", "2", "3", "4", "5", "6", "7", "8", "9"], "labels_2": ["1", "2", "3", "4", "5", "6", "7", "8", "9"], "adj_matrix_1": [[0.0, 0.10676, 0.17439, 0.14887, 0.10539, 0.16333, 0.08366, 0.09636, 0.11495], [0.10676, 0.0, 0.24589, 0.22208, 0.00171, 0.19595, 0.09157, 0.0396, 0.03608], [0.17439, 0.24589, 0.0, 0.07481, 0.24505, 0.16594, 0.24579, 0.24758, 0.23996], [0.14887, 0.22208, 0.07481, 0.0, 0.22091, 0.19973, 0.20632, 0.21634, 0.22386], [0.10539, 0.00171, 0.24505, 0.22091, 0.0, 0.1969, 0.09025, 0.03795, 0.03784], [0.16333, 0.19595, 0.16594, 0.19973, 0.1969, 0.0, 0.25026, 0.22158, 0.16927], [0.08366, 0.09157, 0.24579, 0.20632, 0.09025, 0.25026, 0.0, 0.05332, 0.12552], [0.09636, 0.0396, 0.24758, 0.21634, 0.03795, 0.22158, 0.05332, 0.0, 0.07515], [0.11495, 0.03608, 0.23996, 0.22386, 0.03784, 0.16927, 0.12552, 0.07515, 0.0]], "adj_matrix_2": [[0.0, 0.17682, 0.12596, 0.14172, 0.15914, 0.13885, 0.09442, 0.26624, 0.32717], [0.17682, 0.0, 0.26732, 0.2771, 0.28725, 0.2753, 0.09158, 0.21476, 0.36636], [0.12596, 0.26732, 0.0, 0.01703, 0.03629, 0.01392, 0.20791, 0.26565, 0.24131], [0.14172, 0.2771, 0.01703, 0.0, 0.01932, 0.00311, 0.22122, 0.26424, 0.22742], [0.15914, 0.28725, 0.03629, 0.01932, 0.0, 0.02242, 0.23585, 0.26195, 0.21116], [0.13885, 0.2753, 0.01392, 0.00311, 0.02242, 0.0, 0.21884, 0.26444, 0.23001], [0.09442, 0.09158, 0.20791, 0.22122, 0.23585, 0.21884, 0.0, 0.2489, 0.36267], [0.26624, 0.21476, 0.26565, 0.26424, 0.26195, 0.26444, 0.2489, 0.0, 0.22817], [0.32717, 0.36636, 0.24131, 0.22742, 0.21116, 0.23001, 0.36267, 0.22817, 0.0]], "features_1": [[1.6090780917336387, 1.1324151674454894, 0.0, 0.31647515334486986, 0.5868551765198694, 0.13336331821525307, 0.26948388598344053, 0.6773639306689951, 0.39123367637908824, 0.24234732489311162, 0.007783488497544067, 0.567998957524714, 0.628674581335246, 0.6421336305309147, 0.7779987787607072, 0.7145041131172583, 0.6114264608978169], [0.2656196391433845, 1.1822130378215627, 0.0, 0.2173789549740964, 0.6018663258841244, 0.13284277858400978, 0.4247727485115725, 0.6806440965092182, 0.3834410564313282, 0.2546538552702695, 0.007225183508792421, 0.609614726285109, 0.6414341689588839, 0.6648096924632401, 0.781720545924854, 0.6914531953377916, 0.5867705582547467], [0.811111310607953, 1.274666744783407, 0.0, 0.28735259267890384, 0.6199996379001151, 0.1312585897831605, 0.2875579736828186, 0.6798725153834776, 0.39290147475709936, 0.26756259311014663, 0.007504523810135222, 0.5858592367118152, 0.6377238737176698, 0.6271479354649259, 0.7756100538760522, 0.7105769026417568, 0.60844186307904], [1.054129561030873, 1.3175067006040895, 0.0, 0.3234693628914638, 0.6237891708387009, 0.1325903101533687, 0.2345377843407121, 0.6776020684567918, 0.41778308316862756, 0.2791228076773533, 0.008062078829516484, 0.5786428122656682, 0.6351607721797063, 0.6434358888986071, 0.7762376167263985, 0.7015061513263163, 0.5958571561318342], [0.22010154064799758, 1.5767183835504808, 0.0, 0.22837853247112425, 0.6811443578482907, 0.1241831877886698, 0.544359883344795, 0.6882532083228805, 0.3458872143763869, 0.3038553041879164, 0.007225183508792421, 0.6114754037787309, 0.6344213659472435, 0.6560589985746966, 0.7712617565910345, 0.6864719915250512, 0.5277601654380492], [0.4612564376398689, 1.4117827506370466, 0.0, 0.2559108021652166, 0.6576405240865304, 0.12421837059885038, 0.3397416067879625, 0.6867268844190931, 0.3709856068057438, 0.28326843585802286, 0.007504523810135222, 0.5946152469896044, 0.6455194752613456, 0.6446977720850859, 0.7687394452299396, 0.6817476654317124, 0.5868331075793857], [0.340431671374799, 1.7688634082907229, 0.0, 0.26883642357994497, 0.7020483664507928, 0.1259371338021293, 0.3511847014027296, 0.6855866235874465, 0.38006825588093696, 0.3375431236798081, 0.007392832833969631, 0.5982932701640689, 0.6473561564175351, 0.6544282848400292, 0.7777998832722126, 0.6876101599424801, 0.5128754755893588], [0.0036107788999504287, 1.5196284489319252, 0.0, 0.21410191584602217, 0.6879894476486536, 0.11100382187746602, 0.39382108697008744, 0.6926141724859438, 0.2773666286628609, 0.2768939448099996, 0.006497131753992358, 0.5869739303289663, 0.621600282450487, 0.6303997715098524, 0.7439788321419543, 0.650237858368446, 0.5168228114416682], [0.014388461305621991, 1.6020529028637864, 0.0, 0.22584256798372004, 0.7003379849907925, 0.11227711619147095, 0.4423156809528173, 0.6924666836996728, 0.299512877322482, 0.2926303156906216, 0.006497131753992358, 0.5886594505931093, 0.6315116086790433, 0.6448582202594443, 0.7518334473263444, 0.6636634983977441, 0.5076333985689867]], "features_2": [[0.2967879228167636, 1.2201634084818331, 0.0, 0.30336076565244946, 0.625883113388332, 0.12473578461509466, 0.31597080977863856, 0.6865680517557797, 0.3728837807257215, 0.252325149185044, 0.007448685839370306, 0.598952647967053, 0.6438427613154787, 0.6584065390701548, 0.7709356688504917, 0.6934897611312079, 0.5903204431781675], [0.16159181019102498, 1.2160783150720902, 0.0, 0.26802925419750445, 0.615740142963567, 0.13078952993423776, 0.23471614685745976, 0.680990510831763, 0.4052014073732464, 0.26423477684828933, 0.00783923647221818, 0.6017815675888252, 0.6653609831028882, 0.6799963415979312, 0.7778944156814351, 0.6946883279102952, 0.5960227714821373], [0.037821832597664695, 1.3132439425445959, 0.0, 0.28689285812597387, 0.6408636709569048, 0.12551046333797145, 0.33411550374722837, 0.6862713630407421, 0.375007060981595, 0.2691838319656594, 0.00716927026363523, 0.612591266191588, 0.6435486226110773, 0.6535415974832522, 0.7715214335439351, 0.6897458994383667, 0.5913764245365953], [0.05367666809897642, 1.3140850641658468, 0.0, 0.2754813485322022, 0.6430141565593804, 0.12463580382629297, 0.4249231848082296, 0.6874624484935327, 0.36374307441622444, 0.26716375598193, 0.006889477554966383, 0.607144141733388, 0.6460701051852669, 0.6763694146251975, 0.7717816931261388, 0.679442806565549, 0.579847924826267], [0.01954274291609792, 1.459626746049766, 0.0, 0.2138842433321148, 0.6725053566140703, 0.11843977883149301, 0.4335862653212047, 0.6910053645893144, 0.3384853454231924, 0.2826511725752221, 0.007057398507269275, 0.6045789276058864, 0.6657789691937857, 0.6715746953058176, 0.7686794562267973, 0.6973462253449646, 0.5178972938404921], [-0.05169752755202728, 1.34411173779852, 0.0, 0.2634105969476619, 0.6543994123924336, 0.12040485210777505, 0.44257752016676266, 0.6899905564060869, 0.3410620387361447, 0.2666941044034692, 0.007504523810135222, 0.6105935068189539, 0.6510139094006416, 0.656900565133545, 0.7666989305511841, 0.6955920014535963, 0.5847736870670442], [-0.0548011339967327, 1.6716695711230085, 0.0, 0.24148344514754624, 0.7031453941690666, 0.11901923871110899, 0.5188578552970412, 0.6909383334823391, 0.3266607604222369, 0.31014556947762983, 0.006328755639155359, 0.6031949919415762, 0.6315473707537578, 0.6592186527369572, 0.7707051850844889, 0.6849482510824758, 0.5216672652136454], [0.8195152088341189, 1.3733374105101785, 0.0, 0.31673277906006, 0.6734837529091192, 0.11131671977248488, 0.5056920423866451, 0.6929366256719094, 0.3195386385312058, 0.25871346523597927, 0.00711334193318236, 0.5615285855672831, 0.6339593680767893, 0.6521172195512546, 0.7559723844918929, 0.6416422031660869, 0.5837607817557383], [-0.4369293675249284, 1.356104790718733, 0.0, 0.22248049863017863, 0.66730713662037, 0.11109338226291979, 0.5302619085649652, 0.6929231807403211, 0.2871396957923633, 0.25498961287772537, 0.005822803276368971, 0.6115700372337909, 0.6509079970771695, 0.6578518171815744, 0.7534463934352337, 0.665778083978208, 0.5567826929718626]]}