{"labels_1": ["1", "2", "3", "4", "5", "6", "7", "8", "9"], "labels_2": ["1", "2", "3", "4", "5", "6", "7", "8", "9"], "adj_matrix_1": [[0.0, 0.10676, 0.17439, 0.14887, 0.10539, 0.16333, 0.08366, 0.09636, 0.11495], [0.10676, 0.0, 0.24589, 0.22208, 0.00171, 0.19595, 0.09157, 0.0396, 0.03608], [0.17439, 0.24589, 0.0, 0.07481, 0.24505, 0.16594, 0.24579, 0.24758, 0.23996], [0.14887, 0.22208, 0.07481, 0.0, 0.22091, 0.19973, 0.20632, 0.21634, 0.22386], [0.10539, 0.00171, 0.24505, 0.22091, 0.0, 0.1969, 0.09025, 0.03795, 0.03784], [0.16333, 0.19595, 0.16594, 0.19973, 0.1969, 0.0, 0.25026, 0.22158, 0.16927], [0.08366, 0.09157, 0.24579, 0.20632, 0.09025, 0.25026, 0.0, 0.05332, 0.12552], [0.09636, 0.0396, 0.24758, 0.21634, 0.03795, 0.22158, 0.05332, 0.0, 0.07515], [0.11495, 0.03608, 0.23996, 0.22386, 0.03784, 0.16927, 0.12552, 0.07515, 0.0]], "adj_matrix_2": [[0.0, 0.13327, 0.09742, 0.01789, 0.17889, 0.17748, 0.05857, 0.18375, 0.18558], [0.13327, 0.0, 0.04458, 0.12001, 0.26716, 0.06968, 0.08462, 0.26814, 0.0852], [0.09742, 0.04458, 0.0, 0.08178, 0.24539, 0.11001, 0.04225, 0.24807, 0.12392], [0.01789, 0.12001, 0.08178, 0.0, 0.19164, 0.16892, 0.04146, 0.19629, 0.17819], [0.17889, 0.26716, 0.24539, 0.19164, 0.0, 0.28778, 0.22096, 0.01948, 0.28968], [0.17748, 0.06968, 0.11001, 0.16892, 0.28778, 0.0, 0.14307, 0.28535, 0.01662], [0.05857, 0.08462, 0.04225, 0.04146, 0.22096, 0.14307, 0.0, 0.22462, 0.15483], [0.18375, 0.26814, 0.24807, 0.19629, 0.01948, 0.28535, 0.22462, 0.0, 0.28639], [0.18558, 0.0852, 0.12392, 0.17819, 0.28968, 0.01662, 0.15483, 0.28639, 0.0]], "features_1": [[1.6090780917336387, 1.1324151674454894, 0.0, 0.31647515334486986, 0.5868551765198694, 0.13336331821525307, 0.26948388598344053, 0.6773639306689951, 0.39123367637908824, 0.24234732489311162, 0.007783488497544067, 0.567998957524714, 0.628674581335246, 0.6421336305309147, 0.7779987787607072, 0.7145041131172583, 0.6114264608978169], [0.2656196391433845, 1.1822130378215627, 0.0, 0.2173789549740964, 0.6018663258841244, 0.13284277858400978, 0.4247727485115725, 0.6806440965092182, 0.3834410564313282, 0.2546538552702695, 0.007225183508792421, 0.609614726285109, 0.6414341689588839, 0.6648096924632401, 0.781720545924854, 0.6914531953377916, 0.5867705582547467], [0.811111310607953, 1.274666744783407, 0.0, 0.28735259267890384, 0.6199996379001151, 0.1312585897831605, 0.2875579736828186, 0.6798725153834776, 0.39290147475709936, 0.26756259311014663, 0.007504523810135222, 0.5858592367118152, 0.6377238737176698, 0.6271479354649259, 0.7756100538760522, 0.7105769026417568, 0.60844186307904], [1.054129561030873, 1.3175067006040895, 0.0, 0.3234693628914638, 0.6237891708387009, 0.1325903101533687, 0.2345377843407121, 0.6776020684567918, 0.41778308316862756, 0.2791228076773533, 0.008062078829516484, 0.5786428122656682, 0.6351607721797063, 0.6434358888986071, 0.7762376167263985, 0.7015061513263163, 0.5958571561318342], [0.22010154064799758, 1.5767183835504808, 0.0, 0.22837853247112425, 0.6811443578482907, 0.1241831877886698, 0.544359883344795, 0.6882532083228805, 0.3458872143763869, 0.3038553041879164, 0.007225183508792421, 0.6114754037787309, 0.6344213659472435, 0.6560589985746966, 0.7712617565910345, 0.6864719915250512, 0.5277601654380492], [0.4612564376398689, 1.4117827506370466, 0.0, 0.2559108021652166, 0.6576405240865304, 0.12421837059885038, 0.3397416067879625, 0.6867268844190931, 0.3709856068057438, 0.28326843585802286, 0.007504523810135222, 0.5946152469896044, 0.6455194752613456, 0.6446977720850859, 0.7687394452299396, 0.6817476654317124, 0.5868331075793857], [0.340431671374799, 1.7688634082907229, 0.0, 0.26883642357994497, 0.7020483664507928, 0.1259371338021293, 0.3511847014027296, 0.6855866235874465, 0.38006825588093696, 0.3375431236798081, 0.007392832833969631, 0.5982932701640689, 0.6473561564175351, 0.6544282848400292, 0.7777998832722126, 0.6876101599424801, 0.5128754755893588], [0.0036107788999504287, 1.5196284489319252, 0.0, 0.21410191584602217, 0.6879894476486536, 0.11100382187746602, 0.39382108697008744, 0.6926141724859438, 0.2773666286628609, 0.2768939448099996, 0.006497131753992358, 0.5869739303289663, 0.621600282450487, 0.6303997715098524, 0.7439788321419543, 0.650237858368446, 0.5168228114416682], [0.014388461305621991, 1.6020529028637864, 0.0, 0.22584256798372004, 0.7003379849907925, 0.11227711619147095, 0.4423156809528173, 0.6924666836996728, 0.299512877322482, 0.2926303156906216, 0.006497131753992358, 0.5886594505931093, 0.6315116086790433, 0.6448582202594443, 0.7518334473263444, 0.6636634983977441, 0.5076333985689867]], "features_2": [[0.9614114768625845, 1.482210163478563, 0.0, 0.23586241509065195, 0.6457513717258592, 0.14282491065027925, 0.29506885517600734, 0.6727698241530866, 0.467531480990111, 0.31977563795596464, 0.007727725548673403, 0.5868776007851313, 0.6813449482321725, 0.7094907517021021, 0.8192663074173494, 0.7213601463267483, 0.6510464695198326], [0.7792018985438247, 1.5281526109067194, 0.0, 0.2428915167220828, 0.6450305240579499, 0.14291904371913158, 0.25848591978213376, 0.6702368909916846, 0.46259170006800066, 0.3289668977872935, 0.008006390651371653, 0.5902513889771992, 0.6744304250424535, 0.6930848267017801, 0.8152528860839304, 0.7239780069160621, 0.6378618074601916], [0.8697561578572581, 1.531962724900245, 0.0, 0.2218496715088598, 0.6495985346440158, 0.1440691116153234, 0.25270484966645484, 0.6692477875444505, 0.47905581000325914, 0.33105716121565276, 0.00839589484089287, 0.594722612103491, 0.671825705008507, 0.7042626164640563, 0.8162134616912556, 0.7189718303309349, 0.6437357168846336], [0.893955972605033, 1.5283280369003338, 0.0, 0.24526996181027994, 0.6486765482618383, 0.14499910581391512, 0.24614100033435307, 0.6682925123799072, 0.4879613033086101, 0.3335703018500151, 0.008451478759474051, 0.5962762395938324, 0.6673576152542299, 0.7075455095561397, 0.8173652221547065, 0.7065410890987633, 0.6408411479423729], [0.20302033393151397, 1.8281528548999677, 0.0, 0.27258762170565637, 0.7046423636430666, 0.1298790865859153, 0.4272513975937578, 0.6851891703983142, 0.3833495918964098, 0.35274124036181975, 0.007336964783822175, 0.6120622049461684, 0.6672432663957504, 0.6890349348036252, 0.8022995445343025, 0.7027492343699578, 0.5889019109120699], [0.7818070612884558, 1.5592309269617626, 0.0, 0.23764549629054058, 0.6578166573377043, 0.14184305890670076, 0.2845435534636273, 0.6726049331987791, 0.4752251007458328, 0.3341867557833498, 0.008173410423425675, 0.6020501570432772, 0.6690421930416884, 0.6918688361460184, 0.8152860262167579, 0.7203348716261442, 0.631209265853887], [0.7474877783602714, 1.9157116633141194, 0.0, 0.2476764615961996, 0.7122744770260157, 0.13816653876134455, 0.3520289995395139, 0.6786788859865053, 0.4512657491719163, 0.3795777025355913, 0.008117752083540042, 0.5998676065939545, 0.6487580018109745, 0.6857404308616755, 0.8137870698416299, 0.7235386627673184, 0.5832642284512174], [0.3276195119008256, 1.713751364145052, 0.0, 0.2822529200512367, 0.7024477314002139, 0.1280835735227941, 0.5142872316235426, 0.6876729219203388, 0.39166251459784274, 0.3352884169310879, 0.007448685839370306, 0.607770429118311, 0.6766592607314178, 0.697091240768042, 0.8040061473058376, 0.7014152713271435, 0.588995392387303], [0.3278951133497934, 1.526610534960092, 0.0, 0.2465840309728331, 0.6620872484037772, 0.13779484800518801, 0.372917191654129, 0.6793889736726645, 0.4512801988743307, 0.32827284200534157, 0.008284682400665488, 0.6031693931163358, 0.6801256163337517, 0.7080784277853761, 0.8160009646465631, 0.710376950531059, 0.6116530548500322]]}