{"labels_1": ["1", "2", "3", "4", "5", "6", "7", "8", "9"], "labels_2": ["1", "2", "3", "4", "5", "6", "7", "8", "9"], "adj_matrix_1": [[0.0, 0.10593, 0.23886, 0.28203, 0.29995, 0.27021, 0.12258, 0.29899, 0.29789], [0.10593, 0.0, 0.25535, 0.26128, 0.25233, 0.26144, 0.19778, 0.25305, 0.21999], [0.23886, 0.25535, 0.0, 0.1139, 0.20712, 0.07562, 0.15931, 0.20067, 0.33488], [0.28203, 0.26128, 0.1139, 0.0, 0.1049, 0.03999, 0.24389, 0.09733, 0.27029], [0.29995, 0.25233, 0.20712, 0.1049, 0.0, 0.14232, 0.2991, 0.00787, 0.18475], [0.27021, 0.26144, 0.07562, 0.03999, 0.14232, 0.0, 0.21763, 0.13505, 0.29663], [0.12258, 0.19778, 0.15931, 0.24389, 0.2991, 0.21763, 0.0, 0.29566, 0.35206], [0.29899, 0.25305, 0.20067, 0.09733, 0.00787, 0.13505, 0.29566, 0.0, 0.19174], [0.29789, 0.21999, 0.33488, 0.27029, 0.18475, 0.29663, 0.35206, 0.19174, 0.0]], "adj_matrix_2": [[0.0, 0.10947, 0.14038, 0.25604, 0.1322, 0.29929, 0.3442, 0.26675, 0.34038], [0.10947, 0.0, 0.03249, 0.16352, 0.02391, 0.21944, 0.29491, 0.17695, 0.2856], [0.14038, 0.03249, 0.0, 0.13379, 0.00858, 0.19279, 0.27674, 0.14786, 0.26584], [0.25604, 0.16352, 0.13379, 0.0, 0.14153, 0.06696, 0.18046, 0.01549, 0.16338], [0.1322, 0.02391, 0.00858, 0.14153, 0.0, 0.19979, 0.28133, 0.15577, 0.27109], [0.29929, 0.21944, 0.19279, 0.06696, 0.19979, 0.0, 0.12208, 0.05167, 0.10283], [0.3442, 0.29491, 0.27674, 0.18046, 0.28133, 0.12208, 0.0, 0.16738, 0.02089], [0.26675, 0.17695, 0.14786, 0.01549, 0.15577, 0.05167, 0.16738, 0.0, 0.14995], [0.34038, 0.2856, 0.26584, 0.16338, 0.27109, 0.10283, 0.02089, 0.14995, 0.0]], "features_1": [[0.7887741272250834, 1.233754403621887, 0.0, 0.27169514759767255, 0.642678363180146, 0.11572452761121779, 0.6191588584016522, 0.6920435538770082, 0.31782103518436644, 0.2357924517801815, 0.006889477554966383, 0.5721429362026731, 0.6434039910051377, 0.6427937630074618, 0.754097448140704, 0.7046162446145053, 0.5673510356161487], [0.7489172611023172, 1.1543330428469762, 0.0, 0.32801580284033993, 0.6078523001205185, 0.1253203234173805, 0.3438444438289935, 0.6856716980023081, 0.3728765889100698, 0.24213343908067686, 0.00716927026363523, 0.5831018730510005, 0.6495852087040711, 0.6707297169442833, 0.7701028675147934, 0.6788862047460075, 0.5988992120053421], [0.2636654412723791, 1.3037324231664857, 0.0, 0.29079789122031, 0.6560151571371772, 0.1155694627320318, 0.6145859347401832, 0.6921183673731837, 0.31818481647926933, 0.2508978989699322, 0.0066653709969386465, 0.5914066726406331, 0.643464605903087, 0.6490754500249566, 0.7578735104066288, 0.6795574440163143, 0.5609835693773557], [0.16369180351381196, 1.3140013892968563, 0.0, 0.2989671015272988, 0.6540730465605818, 0.11794597634687416, 0.5549292465232434, 0.6910952090991567, 0.3235886967915136, 0.25584646864412686, 0.00677745458930179, 0.5977430376914028, 0.6407382603159218, 0.660082069876815, 0.7601956300414876, 0.6835002665671736, 0.5687869302585766], [-0.17240149039403718, 1.3374323463642968, 0.0, 0.2895290148452811, 0.6423124649103249, 0.12109044187469332, 0.31900875941818896, 0.6886638730522108, 0.33493657508320207, 0.2684762377170651, 0.007001439975721224, 0.6181163656663231, 0.6496618498439782, 0.659130295281691, 0.7664428800832133, 0.6845784892890003, 0.5805407782445966], [0.025350367904752424, 1.3379504596236491, 0.0, 0.30129544218171683, 0.6628385149178507, 0.11487235204853798, 0.557721077054687, 0.6922594982664328, 0.3163637103153847, 0.2579143027330133, 0.00683347364535547, 0.5997829896172555, 0.6506799324492498, 0.6590623203236394, 0.7608622650143719, 0.6814842743781997, 0.5520456802043763], [0.3634179664150756, 1.509643923325218, 0.0, 0.25304189155459117, 0.6818357919826744, 0.12145087558108489, 0.4371556700884597, 0.6894639018188027, 0.3522416461337703, 0.2878794928324835, 0.00711334193318236, 0.5887209042910775, 0.6393542225532719, 0.6311194524463823, 0.7735987490744383, 0.6939503758572602, 0.5542457211090288], [-0.2676564025308634, 1.4009236235847895, 0.0, 0.27756213415788394, 0.6648189168430614, 0.11558254973389075, 0.34850474288404387, 0.6912283148210376, 0.3103474756501974, 0.27035050128608873, 0.0064410216040902135, 0.6075060618822676, 0.6432402304661721, 0.6534218440178758, 0.7531319025192599, 0.676462121047447, 0.5647981107945845], [-0.3782545362113714, 1.4958328925712112, 0.0, 0.28433973768791354, 0.6847585199651701, 0.1155785224527537, 0.3959984713397219, 0.6915806568143332, 0.3032680746367995, 0.2813264478119981, 0.006384896235913207, 0.615747759210922, 0.6479762302738455, 0.6564960946964432, 0.7568359384357837, 0.667215016341064, 0.5478404327164557]], "features_2": [[-0.26179921119195937, 1.0679516735215302, 0.0, 0.15437306307995655, 0.5854828970565696, 0.12677426774062314, 0.2887357518295026, 0.6845520661042508, 0.3626282885432235, 0.23112113323032202, 0.00683347364535547, 0.6216864423369421, 0.6559924481647766, 0.6759458182013989, 0.7763990681127266, 0.6816423194434027, 0.6042926230883043], [-0.2706753906165753, 1.1591824549813194, 0.0, 0.16944261731290086, 0.5944456313798593, 0.132841854690098, 0.22159979927588652, 0.678173046697927, 0.39687887303170566, 0.2577137168929602, 0.007560346756364078, 0.6218981886730739, 0.6362406812314586, 0.6779333910574713, 0.7823018235372121, 0.6905554399886569, 0.5954684375827887], [-0.0679972346552975, 1.1907092728806887, 0.0, 0.19771360197494897, 0.6140877648348897, 0.12643136240996233, 0.2751680950987314, 0.684502261144297, 0.36157344281354487, 0.25056590415207247, 0.006889477554966383, 0.6111846375810512, 0.6492224859589989, 0.6536954215863623, 0.7738281583375617, 0.6801199607554864, 0.607071876035504], [0.028840195433233795, 1.159696074020943, 0.0, 0.1953330375347161, 0.6074512754092023, 0.12597702032733848, 0.2656849854792675, 0.6845603672251586, 0.366875296694251, 0.24543314971803998, 0.007057398507269275, 0.604465757675404, 0.650112892481107, 0.6777272040205309, 0.7717864976126083, 0.6721580116956813, 0.6031803011435299], [0.19420773254418844, 1.4973005767883254, 0.0, 0.2056257791035737, 0.664239830537117, 0.1243396168040759, 0.33909824013584355, 0.6868732835385752, 0.33618387658033067, 0.29204198661463066, 0.0064410216040902135, 0.6145329571634901, 0.6370563345617793, 0.6521517288229283, 0.7745934759853343, 0.6783219147593531, 0.5564327553252236], [0.035834429743840435, 1.328440716271374, 0.0, 0.214846477683167, 0.6504949878193532, 0.1190689565559132, 0.31985561950993074, 0.6894474964533955, 0.32312791361498117, 0.2616760131145961, 0.006609306440138685, 0.5944671437174938, 0.642964038638039, 0.6633586365642481, 0.7601571137050602, 0.6745029124037515, 0.5825706904887987], [0.16154826865702532, 1.3513539166184514, 0.0, 0.2843059139582208, 0.6454169347656118, 0.12415548701271104, 0.30684704868456336, 0.6864053779405351, 0.3593814276209206, 0.275866518471936, 0.0069454663283523566, 0.5991588089090383, 0.6545522808374327, 0.6885347444518507, 0.7722000860824564, 0.6867961497090911, 0.5647586632930177], [0.3068009512321779, 1.6055190068890772, 0.0, 0.2513696885264384, 0.7078722752358751, 0.10605963163762376, 0.40401935437302683, 0.6931380272835399, 0.24036591369916716, 0.27271245602198757, 0.005710201030130202, 0.578097234083593, 0.6285777021982589, 0.6320113848833286, 0.7241516772558312, 0.6379943170710438, 0.49812211021379016], [0.2809210408445817, 1.483084352516803, 0.0, 0.25645674011150466, 0.6869737714064601, 0.11040112502828629, 0.5102866023769395, 0.6927773452606565, 0.28636787731997404, 0.26667970771603366, 0.006721420376576193, 0.5747628426218201, 0.6261005545758698, 0.6317024789034739, 0.7393511827903194, 0.6649617354909517, 0.5169174084301337]]}