{"labels_1": ["1", "2", "3", "4", "5", "6", "7", "8", "9"], "labels_2": ["1", "2", "3", "4", "5", "6", "7", "8", "9"], "adj_matrix_1": [[0.0, 0.10593, 0.23886, 0.28203, 0.29995, 0.27021, 0.12258, 0.29899, 0.29789], [0.10593, 0.0, 0.25535, 0.26128, 0.25233, 0.26144, 0.19778, 0.25305, 0.21999], [0.23886, 0.25535, 0.0, 0.1139, 0.20712, 0.07562, 0.15931, 0.20067, 0.33488], [0.28203, 0.26128, 0.1139, 0.0, 0.1049, 0.03999, 0.24389, 0.09733, 0.27029], [0.29995, 0.25233, 0.20712, 0.1049, 0.0, 0.14232, 0.2991, 0.00787, 0.18475], [0.27021, 0.26144, 0.07562, 0.03999, 0.14232, 0.0, 0.21763, 0.13505, 0.29663], [0.12258, 0.19778, 0.15931, 0.24389, 0.2991, 0.21763, 0.0, 0.29566, 0.35206], [0.29899, 0.25305, 0.20067, 0.09733, 0.00787, 0.13505, 0.29566, 0.0, 0.19174], [0.29789, 0.21999, 0.33488, 0.27029, 0.18475, 0.29663, 0.35206, 0.19174, 0.0]], "adj_matrix_2": [[0.0, 0.23445, 0.19632, 0.21156, 0.21302, 0.24155, 0.27325, 0.14582, 0.20108], [0.23445, 0.0, 0.22865, 0.22309, 0.03725, 0.20485, 0.17483, 0.20602, 0.19439], [0.19632, 0.22865, 0.0, 0.02174, 0.22731, 0.07175, 0.348, 0.28987, 0.31848], [0.21156, 0.22309, 0.02174, 0.0, 0.22451, 0.05063, 0.34667, 0.29677, 0.322], [0.21302, 0.03725, 0.22731, 0.22451, 0.0, 0.2137, 0.14785, 0.18065, 0.16758], [0.24155, 0.20485, 0.07175, 0.05063, 0.2137, 0.0, 0.33774, 0.3069, 0.32394], [0.27325, 0.17483, 0.348, 0.34667, 0.14785, 0.33774, 0.0, 0.15135, 0.09168], [0.14582, 0.20602, 0.28987, 0.29677, 0.18065, 0.3069, 0.15135, 0.0, 0.06231], [0.20108, 0.19439, 0.31848, 0.322, 0.16758, 0.32394, 0.09168, 0.06231, 0.0]], "features_1": [[0.7887741272250834, 1.233754403621887, 0.0, 0.27169514759767255, 0.642678363180146, 0.11572452761121779, 0.6191588584016522, 0.6920435538770082, 0.31782103518436644, 0.2357924517801815, 0.006889477554966383, 0.5721429362026731, 0.6434039910051377, 0.6427937630074618, 0.754097448140704, 0.7046162446145053, 0.5673510356161487], [0.7489172611023172, 1.1543330428469762, 0.0, 0.32801580284033993, 0.6078523001205185, 0.1253203234173805, 0.3438444438289935, 0.6856716980023081, 0.3728765889100698, 0.24213343908067686, 0.00716927026363523, 0.5831018730510005, 0.6495852087040711, 0.6707297169442833, 0.7701028675147934, 0.6788862047460075, 0.5988992120053421], [0.2636654412723791, 1.3037324231664857, 0.0, 0.29079789122031, 0.6560151571371772, 0.1155694627320318, 0.6145859347401832, 0.6921183673731837, 0.31818481647926933, 0.2508978989699322, 0.0066653709969386465, 0.5914066726406331, 0.643464605903087, 0.6490754500249566, 0.7578735104066288, 0.6795574440163143, 0.5609835693773557], [0.16369180351381196, 1.3140013892968563, 0.0, 0.2989671015272988, 0.6540730465605818, 0.11794597634687416, 0.5549292465232434, 0.6910952090991567, 0.3235886967915136, 0.25584646864412686, 0.00677745458930179, 0.5977430376914028, 0.6407382603159218, 0.660082069876815, 0.7601956300414876, 0.6835002665671736, 0.5687869302585766], [-0.17240149039403718, 1.3374323463642968, 0.0, 0.2895290148452811, 0.6423124649103249, 0.12109044187469332, 0.31900875941818896, 0.6886638730522108, 0.33493657508320207, 0.2684762377170651, 0.007001439975721224, 0.6181163656663231, 0.6496618498439782, 0.659130295281691, 0.7664428800832133, 0.6845784892890003, 0.5805407782445966], [0.025350367904752424, 1.3379504596236491, 0.0, 0.30129544218171683, 0.6628385149178507, 0.11487235204853798, 0.557721077054687, 0.6922594982664328, 0.3163637103153847, 0.2579143027330133, 0.00683347364535547, 0.5997829896172555, 0.6506799324492498, 0.6590623203236394, 0.7608622650143719, 0.6814842743781997, 0.5520456802043763], [0.3634179664150756, 1.509643923325218, 0.0, 0.25304189155459117, 0.6818357919826744, 0.12145087558108489, 0.4371556700884597, 0.6894639018188027, 0.3522416461337703, 0.2878794928324835, 0.00711334193318236, 0.5887209042910775, 0.6393542225532719, 0.6311194524463823, 0.7735987490744383, 0.6939503758572602, 0.5542457211090288], [-0.2676564025308634, 1.4009236235847895, 0.0, 0.27756213415788394, 0.6648189168430614, 0.11558254973389075, 0.34850474288404387, 0.6912283148210376, 0.3103474756501974, 0.27035050128608873, 0.0064410216040902135, 0.6075060618822676, 0.6432402304661721, 0.6534218440178758, 0.7531319025192599, 0.676462121047447, 0.5647981107945845], [-0.3782545362113714, 1.4958328925712112, 0.0, 0.28433973768791354, 0.6847585199651701, 0.1155785224527537, 0.3959984713397219, 0.6915806568143332, 0.3032680746367995, 0.2813264478119981, 0.006384896235913207, 0.615747759210922, 0.6479762302738455, 0.6564960946964432, 0.7568359384357837, 0.667215016341064, 0.5478404327164557]], "features_2": [[0.2867388030486473, 1.1536629779963314, 0.0, 0.20927684243511416, 0.5971640987441726, 0.13321551807783405, 0.34296874961292545, 0.6793864609063276, 0.4026762156025092, 0.25233108883371314, 0.007281081678807366, 0.6057007727671502, 0.6506500271467123, 0.681898887461035, 0.7824608649581591, 0.6909897582806244, 0.611285235821964], [0.7111424444892851, 1.25509481913622, 0.0, 0.2618911611263508, 0.6193889437155561, 0.12941113813151708, 0.36599480926458694, 0.6834490587098829, 0.3813060121350724, 0.26178632144335046, 0.00711334193318236, 0.5768945009518553, 0.6526051467030543, 0.662606577706359, 0.7827923805675829, 0.7160531006232898, 0.5958168522476337], [0.25132814845255824, 1.293181773111744, 0.0, 0.22506449581478152, 0.6283815438404201, 0.13128069783980814, 0.4274931729750378, 0.682155718136044, 0.3846061066036426, 0.2726289622573439, 0.007281081678807366, 0.5915040679988135, 0.6573737379009457, 0.6712091377032192, 0.7807722599246352, 0.684882664842078, 0.6109949532056321], [0.1945796206353827, 1.2817793968682432, 0.0, 0.24100325398891173, 0.6320870835768488, 0.12637118874097628, 0.49048360198622587, 0.6862207015885566, 0.35771315705105744, 0.26191573405035173, 0.006721420376576193, 0.5837459802728797, 0.6481018982678829, 0.6573027823727841, 0.7733431657597704, 0.666655268502472, 0.5992364912423754], [0.799682748332958, 1.753959512286224, 0.0, 0.2733121193679674, 0.7134530239063939, 0.11688109018149052, 0.48629811081701463, 0.6914418014971704, 0.2986837202734771, 0.3115714269239942, 0.006328755639155359, 0.5673698403372698, 0.6292651917298288, 0.6419640299100836, 0.7651395619190818, 0.6804553124962096, 0.5486659182299156], [0.26780350136240694, 1.4643771491511581, 0.0, 0.21397078782867504, 0.6704658541577652, 0.12409464521068789, 0.6048876133284764, 0.688369829731725, 0.3376618793277253, 0.28496259727324236, 0.006497131753992358, 0.5767066091622355, 0.6526293368061471, 0.6647606093473012, 0.7712380953360471, 0.6783649912627755, 0.5972661101965099], [-0.367926265743145, 1.715076258392181, 0.0, 0.2165761596443757, 0.7169685540718302, 0.11212842069062395, 0.710643960056774, 0.6928894838941733, 0.27662169309356655, 0.305015238118874, 0.006104040759826512, 0.6089969483297062, 0.6424209563241682, 0.6473160675724942, 0.7511837091621772, 0.6540587384341537, 0.5093849760317938], [0.010366455029146682, 1.8530004302638445, 0.0, 0.24716899675691298, 0.7494092039663065, 0.10813101623798158, 0.8616601715205284, 0.6930993713511746, 0.26880571673473863, 0.3084935933941275, 0.005879081395912644, 0.5864202562466954, 0.6453424263637628, 0.6423512854196182, 0.7458692649164036, 0.6576089564848422, 0.5166865469795975], [-0.2570865958265669, 1.6313927644018542, 0.0, 0.2359533313621126, 0.7118605613747337, 0.11145550695978965, 0.8688221435388683, 0.6930755284168733, 0.27423922999066286, 0.2878121485103735, 0.005991591679928909, 0.5988700052292377, 0.6424529361686336, 0.6429874459573723, 0.7489446663010005, 0.6631553334719618, 0.5372987950635514]]}