{"labels_1": ["1", "2", "3", "4", "5", "6", "7", "8", "9"], "labels_2": ["1", "2", "3", "4", "5", "6", "7", "8", "9"], "adj_matrix_1": [[0.0, 0.14878, 0.01776, 0.10216, 0.17385, 0.20302, 0.16326, 0.25049, 0.13624], [0.14878, 0.0, 0.16396, 0.05142, 0.03033, 0.06897, 0.01731, 0.14755, 0.0143], [0.01776, 0.16396, 0.0, 0.11876, 0.18808, 0.21569, 0.17801, 0.25904, 0.15198], [0.10216, 0.05142, 0.11876, 0.0, 0.08092, 0.11747, 0.06835, 0.18752, 0.03729], [0.17385, 0.03033, 0.18808, 0.08092, 0.0, 0.03925, 0.01306, 0.12182, 0.04451], [0.20302, 0.06897, 0.21569, 0.11747, 0.03925, 0.0, 0.0521, 0.08602, 0.08269], [0.16326, 0.01731, 0.17801, 0.06835, 0.01306, 0.0521, 0.0, 0.13315, 0.03159], [0.25049, 0.14755, 0.25904, 0.18752, 0.12182, 0.08602, 0.13315, 0.0, 0.15926], [0.13624, 0.0143, 0.15198, 0.03729, 0.04451, 0.08269, 0.03159, 0.15926, 0.0]], "adj_matrix_2": [[0.0, 0.30978, 0.30401, 0.03265, 0.1786, 0.24353, 0.30971, 0.2626, 0.05654], [0.30978, 0.0, 0.04476, 0.29988, 0.33695, 0.16591, 0.00292, 0.14043, 0.29154], [0.30401, 0.04476, 0.0, 0.29022, 0.35077, 0.12879, 0.04188, 0.10074, 0.27892], [0.03265, 0.29988, 0.29022, 0.0, 0.20724, 0.2193, 0.29956, 0.2405, 0.02405], [0.1786, 0.33695, 0.35077, 0.20724, 0.0, 0.34918, 0.33824, 0.35537, 0.22723], [0.24353, 0.16591, 0.12879, 0.2193, 0.34918, 0.0, 0.16368, 0.03083, 0.20042], [0.30971, 0.00292, 0.04188, 0.29956, 0.33824, 0.16368, 0.0, 0.13801, 0.29099], [0.2626, 0.14043, 0.10074, 0.2405, 0.35537, 0.03083, 0.13801, 0.0, 0.22312], [0.05654, 0.29154, 0.27892, 0.02405, 0.22723, 0.20042, 0.29099, 0.22312, 0.0]], "features_1": [[0.5324844195730427, 1.1782670354347633, 0.0, 0.19982511762313382, 0.630592752010873, 0.1147401608677448, 0.3635213618802219, 0.6916395028998481, 0.30282170418061494, 0.22583496131689995, 0.006721420376576193, 0.5928385753929064, 0.6151511180835851, 0.6091691600466727, 0.753307119927838, 0.6634335457000943, 0.5849136332089478], [0.6062887920159019, 1.2156746817384647, 0.0, 0.22912883078979132, 0.626626350448292, 0.12025940180411832, 0.28765015036611885, 0.6885950509238719, 0.3299754749696542, 0.24108035185223486, 0.007057398507269275, 0.5844887297843093, 0.6272550968542824, 0.6264898054424877, 0.7605463745616152, 0.6889288666175006, 0.5989698429575142], [0.3834299437276294, 1.3201150912462332, 0.0, 0.23866286936683895, 0.653008145635223, 0.11659095306146776, 0.3252285752181706, 0.6907221742099653, 0.31017754911171513, 0.2539534299469062, 0.00683347364535547, 0.5886614106476911, 0.6219907755731321, 0.6401669486515643, 0.7532757058818633, 0.6607210284751873, 0.5906368681398231], [0.6918567511674496, 1.3472306374005658, 0.0, 0.23740356283036373, 0.6573563351167812, 0.11405733469927165, 0.31794893046171213, 0.6915110921629517, 0.29735184675616, 0.25123305806994134, 0.0069454663283523566, 0.5853442254926855, 0.6134326694745585, 0.6179790211982217, 0.7443489659907188, 0.6577799338538947, 0.5764499515242544], [0.8534438219243885, 1.3965684687532909, 0.0, 0.25885013883110625, 0.6601328449733067, 0.11723270252017429, 0.32080445247124845, 0.690371531452544, 0.31783582557942336, 0.2610349326229009, 0.007281081678807366, 0.5740685638975762, 0.611218692650682, 0.5945512819596072, 0.7542831619109944, 0.6695098962850184, 0.5833204303176546], [0.2346936227477836, 1.409750220475761, 0.0, 0.22119225896474246, 0.6710935486471147, 0.11641272279672295, 0.37450296384516263, 0.6912232521764368, 0.3089778244246286, 0.2665608574813867, 0.006497131753992358, 0.5863106692982119, 0.6204856570815603, 0.640852699288681, 0.7585105434841931, 0.6951898190937172, 0.5921437062107283], [0.9348191588115724, 1.5067075938765626, 0.0, 0.23800394325794583, 0.6830909360828546, 0.11301090993047455, 0.3840484373804564, 0.6920588226027347, 0.28386840678572267, 0.2679428764277345, 0.006160242374180447, 0.5663633137425279, 0.6279023166577166, 0.6313965470406577, 0.7455941721056669, 0.663616423467309, 0.5687219264389973], [1.000623372703557, 1.6117574815009525, 0.0, 0.26270404375517226, 0.7038821890506235, 0.11216210190103412, 0.34770699731191, 0.6923675969809556, 0.29090593071450077, 0.2824872100830931, 0.006160242374180447, 0.564058922353945, 0.617701199856364, 0.6219864794501382, 0.7438511286772338, 0.6389757236700978, 0.5647891569541462], [0.4525159524169551, 1.5112928690954777, 0.0, 0.25021073912476527, 0.6894935658490906, 0.11117162154203422, 0.39455774366980945, 0.6926963713929398, 0.27680752492169414, 0.26777858246455644, 0.005822803276368971, 0.5724903961880083, 0.6144412958895297, 0.6199540177688754, 0.746814036181062, 0.6487125077397043, 0.5655868768946951]], "features_2": [[-0.31294423878009425, 1.2650341384819204, 0.0, 0.1583742392660296, 0.6391065725878615, 0.12051788581167934, 0.45866809924859736, 0.6894439979097862, 0.3330816844081552, 0.2522355929670641, 0.006721420376576193, 0.609901340655131, 0.6343621463921584, 0.6419219072837006, 0.7592693897664945, 0.6450712452793955, 0.5828800490125753], [0.03999441782119062, 1.3478194400766228, 0.0, 0.1810698630849025, 0.6506149408747662, 0.12217404740868221, 0.4141789302007467, 0.6885780065138798, 0.34403319030927504, 0.2676946322946545, 0.00677745458930179, 0.5912778322536743, 0.6482859888740555, 0.6635335548396725, 0.7659919405809011, 0.6747915842114363, 0.5824117844495725], [-0.05831124887030725, 1.3838524059681017, 0.0, 0.15495116575611814, 0.6590757765636931, 0.12195738521078747, 0.41673154488421177, 0.6884132430779007, 0.3434505124977283, 0.2741920072461308, 0.00683347364535547, 0.5917153773083805, 0.6399499505823191, 0.6614455732015556, 0.7620385064778702, 0.6568028821104135, 0.5864651527699957], [-0.2363447013477855, 1.2942727804598586, 0.0, 0.15981291780226078, 0.6418743500095937, 0.12357816063787755, 0.3942329932251617, 0.6873299952347942, 0.354839862528777, 0.2646615176113156, 0.0069454663283523566, 0.6077749044364753, 0.6586976308049695, 0.6751031286842119, 0.7658330859812363, 0.6483368239466235, 0.599344265877811], [-0.11187004223231778, 1.498553584871224, 0.0, 0.19624887288940118, 0.6848063352438474, 0.11595599200160837, 0.5238366529825683, 0.6919663414093966, 0.31671802191098997, 0.27907447710283617, 0.00655322669591385, 0.6104506890765136, 0.6322007587683696, 0.6379566701813945, 0.7645623440059026, 0.6848754499220807, 0.5640631677747048], [-0.17422655444097712, 1.4033359086956279, 0.0, 0.1418903118200986, 0.6704048833645481, 0.1187116745627103, 0.5508335839664937, 0.6908686572176139, 0.3312965188869481, 0.2724729197761433, 0.006497131753992358, 0.5950103986069772, 0.6270172407954522, 0.6526982507707472, 0.7623630515717497, 0.6661053658526646, 0.5787887730945335], [-0.056556992058566014, 1.4155335131103393, 0.0, 0.18608317914895123, 0.660710332121544, 0.1261265098468586, 0.465956580937317, 0.6872444057355416, 0.3729953559996815, 0.28882799366634604, 0.0069454663283523566, 0.6051824442064913, 0.6461608537812192, 0.6790181682484602, 0.7829145308814704, 0.677604267143974, 0.5816327240879811], [0.2908015790327698, 1.463923098236813, 0.0, 0.2078056906772497, 0.6845734310026467, 0.11558650290591375, 0.5856440748404694, 0.6920801105816765, 0.30934973908247376, 0.26906860005800737, 0.00683347364535547, 0.585476828119674, 0.6364684159113808, 0.6455504488048804, 0.7543289033575161, 0.6776325588709986, 0.5746877960602004], [-0.12285346120528429, 1.2277897545287417, 0.0, 0.18442888260098242, 0.6415775621229253, 0.1190461209126828, 0.6588131975564352, 0.69123101374884, 0.33187535083005937, 0.24495471291013748, 0.00716927026363523, 0.6073343590982758, 0.6406265139998513, 0.6573183188851027, 0.7660595301386072, 0.6985953697696006, 0.5788958190210011]]}