{"labels_1": ["1", "2", "3", "4", "5", "6", "7", "8", "9"], "labels_2": ["1", "2", "3", "4", "5", "6", "7", "8", "9"], "adj_matrix_1": [[0.0, 0.21131, 0.12611, 0.22906, 0.15965, 0.03414, 0.32096, 0.09178, 0.3296], [0.21131, 0.0, 0.28508, 0.32663, 0.06868, 0.23391, 0.34904, 0.26771, 0.3506], [0.12611, 0.28508, 0.0, 0.11714, 0.25524, 0.09384, 0.23453, 0.03619, 0.24616], [0.22906, 0.32663, 0.11714, 0.0, 0.31789, 0.20209, 0.12873, 0.15091, 0.14208], [0.15965, 0.06868, 0.25524, 0.31789, 0.0, 0.18767, 0.36139, 0.23138, 0.36496], [0.03414, 0.23391, 0.09384, 0.20209, 0.18767, 0.0, 0.30204, 0.05849, 0.31153], [0.32096, 0.34904, 0.23453, 0.12873, 0.36139, 0.30204, 0.0, 0.26244, 0.01401], [0.09178, 0.26771, 0.03619, 0.15091, 0.23138, 0.05849, 0.26244, 0.0, 0.27338], [0.3296, 0.3506, 0.24616, 0.14208, 0.36496, 0.31153, 0.01401, 0.27338, 0.0]], "adj_matrix_2": [[0.0, 0.0027, 0.17014, 0.30349, 0.06847, 0.2285, 0.17716, 0.10539, 0.19002], [0.0027, 0.0, 0.17242, 0.3048, 0.06585, 0.23044, 0.17941, 0.10287, 0.19219], [0.17014, 0.17242, 0.0, 0.17684, 0.22318, 0.0717, 0.00829, 0.24755, 0.02352], [0.30349, 0.3048, 0.17684, 0.0, 0.32906, 0.11006, 0.16949, 0.3362, 0.15568], [0.06847, 0.06585, 0.22318, 0.32906, 0.0, 0.27141, 0.2291, 0.03877, 0.23992], [0.2285, 0.23044, 0.0717, 0.11006, 0.27141, 0.0, 0.06356, 0.28911, 0.04849], [0.17716, 0.17941, 0.00829, 0.16949, 0.2291, 0.06356, 0.0, 0.25272, 0.01524], [0.10539, 0.10287, 0.24755, 0.3362, 0.03877, 0.28911, 0.25272, 0.0, 0.26216], [0.19002, 0.19219, 0.02352, 0.15568, 0.23992, 0.04849, 0.01524, 0.26216, 0.0]], "features_1": [[-0.06384035785410935, 0.7803353171711527, 0.0, 0.23891840448564483, 0.4830445876496952, 0.14103227598627896, 0.22100348699500644, 0.666705582727883, 0.4231045972173284, 0.19267961431561864, 0.007783488497544067, 0.6166583683649789, 0.6565049711168467, 0.6835493164450899, 0.7978879019534292, 0.7113611521630078, 0.5988573857749279], [0.461295896576837, 0.7731653067615396, 0.0, 0.27220957431337867, 0.47630080615140036, 0.1444726630258444, 0.16001749184559416, 0.6607018898113008, 0.44801299765670843, 0.19358912626113, 0.008117752083540042, 0.5985990849761806, 0.6464997637243648, 0.6806896052273949, 0.8018466520724179, 0.6947691737479956, 0.6112665543322517], [-0.07359876810708332, 0.876418711519323, 0.0, 0.23645341542153667, 0.511646998312549, 0.13991260256562704, 0.1869703221163988, 0.6668943363634248, 0.4171000061741792, 0.21183746832796269, 0.007671947615560004, 0.6201757170705364, 0.6479084767189663, 0.6762406071155047, 0.7923374528905294, 0.6953640414814649, 0.59373010931966], [-0.1601269375124872, 0.8401999339653897, 0.0, 0.2296190970183212, 0.505641428309568, 0.13949075299857705, 0.26606326165974037, 0.671385410314246, 0.4190999349615978, 0.20462639396791693, 0.007560346756364078, 0.6329993594928902, 0.6610852645048148, 0.6868585036032846, 0.8046973320637794, 0.7239312644874257, 0.6013126019081478], [0.2921677524717241, 0.8088697539087799, 0.0, 0.2511290111726305, 0.48557214316079866, 0.14353207844545948, 0.17182876702555278, 0.6625204742810801, 0.44194378127450573, 0.2015324597742023, 0.00822905385914674, 0.6041060499911584, 0.6677302536144373, 0.6947735996152111, 0.8014401812578825, 0.7135261212510415, 0.6130110447708262], [-0.20179907265367758, 0.8789468957521557, 0.0, 0.2329312689077951, 0.5096298538621453, 0.14285626442638094, 0.19735208227579903, 0.6647005637656069, 0.4371630356859444, 0.218049015498196, 0.00822905385914674, 0.6245598349720272, 0.6584034039817966, 0.6833625095783773, 0.8026920405558601, 0.6903066830144061, 0.6058822326402571], [-0.4106220552660629, 0.8985630167045249, 0.0, 0.19587930411846471, 0.5082395275433942, 0.14382044152721776, 0.18323921130914655, 0.6623638904202427, 0.43721137326408943, 0.2267103206658545, 0.007950687539111767, 0.6449802356320067, 0.6571607137890303, 0.6894122777846536, 0.8023645686020671, 0.6854541126059336, 0.599806126022497], [-0.28759662686582255, 0.742336751235967, 0.0, 0.21520953315269634, 0.45856149176876615, 0.14901291530638372, 0.19182619433489237, 0.6569450325505445, 0.4739923151152443, 0.19775722492838455, 0.008618141428105908, 0.6428754890333388, 0.6749756251999575, 0.7291225662474957, 0.8152847272117535, 0.7319042490715816, 0.6205255299772877], [-0.5093218765246901, 0.7787159722121615, 0.0, 0.217810711352819, 0.4694376128118442, 0.14856755106578184, 0.19449737808540563, 0.6563761675173981, 0.4668124957408222, 0.2066427345368118, 0.008284682400665488, 0.6514300290002146, 0.6757253997173007, 0.7209458829382166, 0.8112387978500845, 0.719229825812113, 0.6108755530233554]], "features_2": [[0.1652212633187209, 0.8016151896154604, 0.0, 0.21919420295006856, 0.5057959035135867, 0.13467622014802152, 0.3711137338066486, 0.6802089950000241, 0.4133394563102104, 0.19107291385349856, 0.008006390651371653, 0.6165685019048506, 0.683095151832814, 0.7009612723699595, 0.8066506275836213, 0.7341131015641665, 0.6083966755182444], [0.3176972118871726, 0.8182913599970487, 0.0, 0.21887214775746433, 0.5065103367265731, 0.1390298042368342, 0.34333868936475154, 0.6761376435302562, 0.43808237416410356, 0.1995722141246543, 0.008062078829516484, 0.6076900335144457, 0.679237793985022, 0.7169561907138977, 0.8120157297075845, 0.7540891738860238, 0.6099223660068233], [0.05066043306612844, 0.9279056578799971, 0.0, 0.21507854398230938, 0.5407604654834485, 0.13407123504123797, 0.36434270213434133, 0.6803191816253389, 0.4067587362953107, 0.21679683872173627, 0.00783923647221818, 0.618197171044365, 0.6748449572028494, 0.7168508410269, 0.8038553947651442, 0.7262724832710392, 0.6080721028966277], [-0.16131175521263952, 0.9835824939218467, 0.0, 0.20918951664958305, 0.5511349197497396, 0.13445800423603926, 0.34503660910666556, 0.6794523421183204, 0.40143664040353877, 0.2292730436511199, 0.007671947615560004, 0.6302969525438238, 0.6754299022276425, 0.69846888241457, 0.80321580804332, 0.7317120196536555, 0.6098221922071998], [0.4406490150076312, 0.8401205428667524, 0.0, 0.22747915533891064, 0.5132637532892524, 0.1369796506122347, 0.35920685977600614, 0.6780095994140816, 0.4346195704234326, 0.2029282910972734, 0.008451478759474051, 0.6019588586382425, 0.6730685899515393, 0.7158793340871862, 0.8092308301032373, 0.7370220448362046, 0.5931358978571533], [0.1969999111986218, 0.9631917648663585, 0.0, 0.22777705302354623, 0.5520029196655644, 0.13183581847812936, 0.41346889847794444, 0.6831976953492057, 0.3990071551015397, 0.21987074362172088, 0.007950687539111767, 0.6177443396601028, 0.6759154845619627, 0.7023938440852343, 0.8031826542489287, 0.7279086370952265, 0.594471753686603], [0.29570538382398714, 0.9964898440002375, 0.0, 0.25394660542867, 0.5564493661513366, 0.13095688468232144, 0.3754817687298392, 0.6825576955187332, 0.38378047779783, 0.22466677232641907, 0.007504523810135222, 0.6136579101342576, 0.6591167425611189, 0.6870176759905147, 0.7959919268728611, 0.7232718095635738, 0.5688248277877286], [0.20587551360454714, 0.874811868266484, 0.0, 0.2244375932764213, 0.5237099126226222, 0.13484681439455037, 0.36314213354195746, 0.6795072913702971, 0.40998042794879974, 0.20662169581684076, 0.007950687539111767, 0.612338178487787, 0.6850275882339247, 0.7130701761833512, 0.804987205934324, 0.738047029467924, 0.5885213882308814], [0.12853108093064103, 0.8916820111803654, 0.0, 0.21681720822429287, 0.5312452307540021, 0.13341542518070854, 0.39523394317203897, 0.6815548888145431, 0.40304837064207844, 0.20767592315216987, 0.00783923647221818, 0.6208693198759874, 0.6792431817233959, 0.705028508446698, 0.8052216122275427, 0.7335851104780162, 0.585770667493909]]}