{"labels_1": ["1", "2", "3", "4", "5", "6", "7", "8", "9"], "labels_2": ["1", "2", "3", "4", "5", "6", "7", "8", "9"], "adj_matrix_1": [[0.0, 0.15502, 0.06044, 0.1296, 0.16346, 0.13907, 0.32909, 0.13928, 0.18329], [0.15502, 0.0, 0.20421, 0.25463, 0.01017, 0.26097, 0.36548, 0.26134, 0.28974], [0.06044, 0.20421, 0.0, 0.0717, 0.21138, 0.08177, 0.29477, 0.08189, 0.12918], [0.1296, 0.25463, 0.0717, 0.0, 0.26009, 0.01032, 0.24251, 0.01043, 0.05964], [0.16346, 0.01017, 0.21138, 0.26009, 0.0, 0.26616, 0.36459, 0.26659, 0.29372], [0.13907, 0.26097, 0.08177, 0.01032, 0.26616, 0.0, 0.23425, 0.00012, 0.04943], [0.32909, 0.36548, 0.29477, 0.24251, 0.36459, 0.23425, 0.0, 0.23401, 0.19201], [0.13928, 0.26134, 0.08189, 0.01043, 0.26659, 0.00012, 0.23401, 0.0, 0.04931], [0.18329, 0.28974, 0.12918, 0.05964, 0.29372, 0.04943, 0.19201, 0.04931, 0.0]], "adj_matrix_2": [[0.0, 0.066, 0.06056, 0.05724, 0.00757, 0.11983, 0.19362, 0.00859, 0.07711], [0.066, 0.0, 0.00557, 0.12052, 0.05861, 0.05685, 0.24138, 0.07433, 0.13892], [0.06056, 0.00557, 0.0, 0.11546, 0.05315, 0.06229, 0.23792, 0.06894, 0.13402], [0.05724, 0.12052, 0.11546, 0.0, 0.06466, 0.16964, 0.14468, 0.04879, 0.02033], [0.00757, 0.05861, 0.05315, 0.06466, 0.0, 0.11293, 0.19962, 0.01615, 0.08441], [0.11983, 0.05685, 0.06229, 0.16964, 0.11293, 0.0, 0.27247, 0.12758, 0.18599], [0.19362, 0.24138, 0.23792, 0.14468, 0.19962, 0.27247, 0.0, 0.18675, 0.12609], [0.00859, 0.07433, 0.06894, 0.04879, 0.01615, 0.12758, 0.18675, 0.0, 0.06877], [0.07711, 0.13892, 0.13402, 0.02033, 0.08441, 0.18599, 0.12609, 0.06877, 0.0]], "features_1": [[0.20314535462269578, 0.8844670654370014, 0.0, 0.19524632386116778, 0.5348969230864562, 0.1291650576707318, 0.42657219311007777, 0.6834774581390387, 0.3803919336165058, 0.19873095592867696, 0.007504523810135222, 0.6091383288562697, 0.6507204787954927, 0.6711821073001575, 0.7792467381699263, 0.7233158400475879, 0.5933248055960365], [0.7294867498651407, 0.8825578617477364, 0.0, 0.23320086965020556, 0.5384426219748096, 0.12793977033239998, 0.6412362562101507, 0.6856871750370174, 0.3777710531366172, 0.19262797668704223, 0.007783488497544067, 0.5936809138308745, 0.6418215383569733, 0.6575964074899611, 0.7745281878482078, 0.7136018757808655, 0.5848770922271319], [0.3217472485173598, 1.0192054213094806, 0.0, 0.19415534535199364, 0.5710311047114687, 0.12785976448858113, 0.5224038785298084, 0.685013671516149, 0.3700548265111743, 0.22020412656441235, 0.00716927026363523, 0.6056878274565451, 0.649488263445614, 0.6623048011933994, 0.7745637077397832, 0.6986687622145393, 0.5934236728309803], [-0.0031816931060952847, 1.0362606862272352, 0.0, 0.16553884069483268, 0.5719895406377147, 0.12851098627732224, 0.3907810199393843, 0.6834604808703926, 0.37170368680997945, 0.22743732984764908, 0.007504523810135222, 0.613551572893211, 0.6430380278880891, 0.6632487334035703, 0.776693757939494, 0.6933804447485531, 0.5970602190301177], [0.5895476392067001, 0.8404143713772223, 0.0, 0.22106002001411978, 0.5313826839238018, 0.12411834469357602, 0.6837536177008054, 0.6881501893428449, 0.3519410744910485, 0.17929470014354187, 0.007225183508792421, 0.5959664531890563, 0.6293233776077326, 0.6572057239836273, 0.7688199315773624, 0.7105044064470607, 0.575117734128585], [-0.037785896221234516, 1.1096685561859394, 0.0, 0.190472224166175, 0.5843783107596281, 0.13240330539681838, 0.4335261194421228, 0.6811030925981043, 0.4010269516388618, 0.2453450549392917, 0.007392832833969631, 0.6171608712257854, 0.6344349301917985, 0.6477181237131966, 0.7844492739899149, 0.7127001574367442, 0.5985852354206291], [-0.4294675057601287, 1.0917830236381236, 0.0, 0.15347591917787712, 0.5789410991954449, 0.12994665291538002, 0.3861700730585177, 0.6813663687410482, 0.3653259023684927, 0.2399086117145679, 0.007616154688146137, 0.6350922259621261, 0.6594672092842863, 0.6679919874227492, 0.7734348883235211, 0.6801735191530333, 0.5994010779490943], [-0.1286551362685855, 0.8897753944300748, 0.0, 0.21379006133271125, 0.548149228484882, 0.12189075068501808, 0.548127571998559, 0.6891392884593734, 0.33386555164426035, 0.1901972853281959, 0.00716927026363523, 0.6118016856725053, 0.6411376231050913, 0.6644347158948817, 0.7714029640924861, 0.6966984943496993, 0.5692556209273841], [-0.21277695775097394, 0.9735469358540509, 0.0, 0.2043213755690596, 0.5647146292674879, 0.12326280132691768, 0.4570913902226984, 0.687681279180989, 0.3435851341534444, 0.20944700053768206, 0.007392832833969631, 0.6089655782416372, 0.6556161221267699, 0.6696555282548994, 0.7705096819891036, 0.6789902755110804, 0.5783811065857427]], "features_2": [[0.216920573042517, 0.7615058677943218, 0.0, 0.258597135976314, 0.478101108872891, 0.14496476908653821, 0.2167174064779111, 0.6659888580403567, 0.45815876563659175, 0.1903627183023484, 0.008507047823598457, 0.6270220247612124, 0.6513015251696219, 0.6756220155663573, 0.8116554555104603, 0.7248399555017441, 0.6337904108002864], [0.3753633398677292, 0.7804663645402629, 0.0, 0.24024258140140428, 0.4725892905533454, 0.15195790127894948, 0.19445246636350433, 0.6566164922805571, 0.4831809768866051, 0.1996231473215222, 0.008729175733573014, 0.6253717410927562, 0.6710824118561264, 0.704388580174066, 0.8200567410614015, 0.760235574249255, 0.630910699077254], [0.24926192788028922, 0.8927741737678616, 0.0, 0.2622981327383818, 0.5140689774968468, 0.14599099255718767, 0.20790670437231853, 0.6645844448460113, 0.46358067433355044, 0.21928637422329889, 0.008840150818991033, 0.626329470367931, 0.6677248844482505, 0.6808139656978447, 0.8126494108396471, 0.7352731908975908, 0.6344261484336523], [0.05158736534080255, 0.9134707062244488, 0.0, 0.2512802814425171, 0.5171587781450045, 0.1460028509716483, 0.16853539229050513, 0.6626442921831076, 0.466861226100322, 0.22575874110901362, 0.008062078829516484, 0.6274866695576351, 0.6657764318846378, 0.6888757307309911, 0.8098089701888835, 0.7337166168321052, 0.6290650399865297], [0.20230168665401793, 0.807920162163161, 0.0, 0.2593432269513232, 0.47499838896966723, 0.15351882041238818, 0.13846400600082234, 0.6497800234229587, 0.5092811434235311, 0.21100586616864314, 0.008951066763186244, 0.6292926189714989, 0.6590812577813856, 0.6828253127423305, 0.8163902463481456, 0.7525255359212646, 0.6270427515314985], [0.18829864813785147, 0.9135641526090499, 0.0, 0.2518089629108356, 0.5186192740788715, 0.14749188715520067, 0.20202793961852095, 0.6632967724817815, 0.47817159120853225, 0.22652148080756396, 0.008729175733573014, 0.6246974296365939, 0.6574216508011925, 0.6764880291220174, 0.8159719355003513, 0.7439639836331878, 0.6370974351805885], [0.1322276050907245, 0.9159918212644139, 0.0, 0.26694021899786263, 0.5152958188249023, 0.14859910320168696, 0.18693877516344556, 0.6611354019832398, 0.48122358833398393, 0.22871280018481444, 0.008284682400665488, 0.6370904741626504, 0.6788437032378767, 0.6884581635559267, 0.8152392581338094, 0.7316038646914811, 0.6302803993272897], [0.17805810372272024, 0.8209457331479025, 0.0, 0.2488370710731105, 0.47729856117000274, 0.15659085413478285, 0.11870225607516502, 0.6451337426736642, 0.5389005874933153, 0.21918953732418123, 0.008951066763186244, 0.6241252937235036, 0.6419427825517551, 0.6760166089356394, 0.8192955747642205, 0.7400895781961992, 0.6311245515584614], [0.13007033121756706, 0.8543707310122619, 0.0, 0.2498418718656641, 0.49225546927416786, 0.15363039944184756, 0.14438108308976183, 0.6524532380906244, 0.5126115494599168, 0.2226131041369721, 0.008951066763186244, 0.6233339561725573, 0.6699553566184319, 0.7162169546263528, 0.8190538879567579, 0.729071453923645, 0.6347364929526708]]}