{"labels_1": ["1", "2", "3", "4", "5", "6", "7", "8", "9"], "labels_2": ["1", "2", "3", "4", "5", "6", "7", "8", "9"], "adj_matrix_1": [[0.0, 0.31275, 0.10855, 0.11343, 0.32492, 0.18907, 0.10698, 0.2972, 0.08954], [0.31275, 0.0, 0.23835, 0.2345, 0.02719, 0.16737, 0.36902, 0.02925, 0.25292], [0.10855, 0.23835, 0.0, 0.00507, 0.25671, 0.08632, 0.20905, 0.21662, 0.01958], [0.11343, 0.2345, 0.00507, 0.0, 0.25313, 0.08137, 0.21346, 0.21251, 0.02464], [0.32492, 0.02719, 0.25671, 0.25313, 0.0, 0.18999, 0.37484, 0.05619, 0.27023], [0.18907, 0.16737, 0.08632, 0.08137, 0.18999, 0.0, 0.27923, 0.1416, 0.1053], [0.10698, 0.36902, 0.20905, 0.21346, 0.37484, 0.27923, 0.0, 0.36012, 0.1917], [0.2972, 0.02925, 0.21662, 0.21251, 0.05619, 0.1416, 0.36012, 0.0, 0.23222], [0.08954, 0.25292, 0.01958, 0.02464, 0.27023, 0.1053, 0.1917, 0.23222, 0.0]], "adj_matrix_2": [[0.0, 0.1373, 0.13466, 0.06413, 0.20552, 0.22154, 0.02297, 0.25967, 0.12123], [0.1373, 0.0, 0.25419, 0.07586, 0.07865, 0.32212, 0.11574, 0.35035, 0.24324], [0.13466, 0.25419, 0.0, 0.1931, 0.30411, 0.09491, 0.15607, 0.13847, 0.01414], [0.06413, 0.07586, 0.1931, 0.0, 0.1502, 0.27266, 0.04139, 0.30667, 0.18053], [0.20552, 0.07865, 0.30411, 0.1502, 0.0, 0.35721, 0.18634, 0.37838, 0.29532], [0.22154, 0.32212, 0.09491, 0.27266, 0.35721, 0.0, 0.24061, 0.04491, 0.10867], [0.02297, 0.11574, 0.15607, 0.04139, 0.18634, 0.24061, 0.0, 0.27733, 0.14288], [0.25967, 0.35035, 0.13847, 0.30667, 0.37838, 0.04491, 0.27733, 0.0, 0.1519], [0.12123, 0.24324, 0.01414, 0.18053, 0.29532, 0.10867, 0.14288, 0.1519, 0.0]], "features_1": [[-0.0026031165932236533, 0.6807896548831865, 0.0, 0.2096625108233204, 0.47959717998430423, 0.12549057660863355, 0.2922619228226694, 0.684984589152942, 0.36472234233149203, 0.15302891572903166, 0.007392832833969631, 0.6216189565783521, 0.6457211791661756, 0.6622178346891815, 0.7716622082913077, 0.6913632151979784, 0.5954374127170444], [0.303298450521595, 0.6737898007910332, 0.0, 0.22482118344227506, 0.47728807638099924, 0.12587431397001772, 0.3397475680933546, 0.685767230245561, 0.37059684535392257, 0.14988307961472325, 0.00716927026363523, 0.6097172344207928, 0.6247587111894234, 0.6399335450110131, 0.7819205129968642, 0.7175866464635947, 0.5862827294432309], [0.048894749021093364, 0.8254244025750914, 0.0, 0.2135078952406449, 0.5238917908666645, 0.12514530799543785, 0.2652468315013522, 0.6847799278135868, 0.3583513274140382, 0.18186794411184204, 0.007281081678807366, 0.6200720871030696, 0.6594622266301583, 0.6679245508738472, 0.7685661643488344, 0.6912989244422432, 0.5891371639220863], [-0.11099496160955447, 0.8309085512366156, 0.0, 0.21574971576612964, 0.524312068625432, 0.12500745340157943, 0.29049659661326643, 0.6853232963722642, 0.3578419536423054, 0.18468498910615794, 0.007281081678807366, 0.6218316044198309, 0.6565817661024331, 0.6706643050765662, 0.7696864198931993, 0.6928281746097537, 0.5933883575680622], [0.3003011156128981, 0.6638220395339095, 0.0, 0.22589517001278056, 0.475925798409385, 0.12424054270967565, 0.38028095554738783, 0.6869644956538306, 0.3603986579752563, 0.14479488068949053, 0.007392832833969631, 0.6000096913908768, 0.6573160456652553, 0.6702636782059217, 0.7821710714623126, 0.7126438779072597, 0.5843806923476393], [0.1090428573822515, 0.8455474133003319, 0.0, 0.2185759902983333, 0.5307471905871111, 0.12369062738632657, 0.32264041150638506, 0.6863949273241934, 0.353713675157562, 0.18348122271510392, 0.007281081678807366, 0.6084764282768111, 0.6282141163004172, 0.6462775963697553, 0.7690120189968834, 0.6993581555272259, 0.5904865892051006], [-0.4438771779461854, 0.8840935366770284, 0.0, 0.1969491749161763, 0.532528144047574, 0.12425592424849335, 0.20458543236394533, 0.6842443608855189, 0.3365348404156603, 0.19654218160106462, 0.007057398507269275, 0.6327016250871136, 0.6451761382683274, 0.6642418726395536, 0.7589616203640123, 0.6581157089914748, 0.5812968061409426], [0.2571255006625268, 0.7136549996457983, 0.0, 0.21070932962251462, 0.4901943672786212, 0.1213782922072655, 0.35826663316474594, 0.6876878179560012, 0.3273090272570254, 0.1504417098484483, 0.006609306440138685, 0.5928718950698109, 0.6388053417651576, 0.6535710199566831, 0.769886842164054, 0.7041824132229532, 0.5760308325465495], [-0.20315594963500105, 0.7663457852229576, 0.0, 0.22596639364290244, 0.5010967952665886, 0.12385745252267177, 0.2733265747495537, 0.6851874994003034, 0.343518488337355, 0.1685205661802709, 0.0069454663283523566, 0.6135122258043919, 0.6370461707435078, 0.6539696215941851, 0.7671863090252296, 0.6749927256853284, 0.5889892746082246]], "features_2": [[-0.18799020699683888, 0.7510917014832468, 0.0, 0.2813490618806912, 0.49078797121106055, 0.134477943319137, 0.268710321675966, 0.6770729722303397, 0.40720878182576925, 0.18115871193797428, 0.007894969482732161, 0.6362159440175428, 0.6473221895157385, 0.6584179562204033, 0.790887590689085, 0.7162899581840868, 0.6100215196940895], [0.2541151378237094, 0.7025199266390966, 0.0, 0.3096699811147087, 0.47817086954811816, 0.13346872155476389, 0.2611776815271476, 0.6784406630219082, 0.39981868670223175, 0.165981267831814, 0.008006390651371653, 0.6133643081945259, 0.645612139287994, 0.6643097870182478, 0.7903730818320931, 0.6871735021993339, 0.6075015512139618], [-0.13201220721272122, 0.8489842755910006, 0.0, 0.26427200121181194, 0.5239975361537741, 0.1306576387599163, 0.2618891302221741, 0.6806814645696422, 0.3888613191351573, 0.19725811667180304, 0.008006390651371653, 0.6313293221584653, 0.6511602231727505, 0.6690787918604296, 0.78278964597823, 0.6969996071635368, 0.5989210586173327], [-0.1048034354212537, 0.868371207829363, 0.0, 0.24822467396019984, 0.5244609624051502, 0.13340476250032204, 0.23862468791122, 0.6774828791538584, 0.40120355192691926, 0.20443730428592555, 0.008117752083540042, 0.6213032941518455, 0.6462115976944807, 0.6643760279072263, 0.7867359810216565, 0.6847134622093755, 0.6040018529638871], [0.3147848734911518, 0.6746197335386068, 0.0, 0.2717962894132342, 0.46680511201802927, 0.13432703192526668, 0.23872528052191128, 0.677031057651412, 0.4056497024770762, 0.15939228024207575, 0.008117752083540042, 0.6129128046477439, 0.6661520661585434, 0.6735011542399054, 0.7904216475882263, 0.7020382461115257, 0.6060891450797038], [-0.23878973874342257, 0.8461681653907926, 0.0, 0.2423167511964714, 0.5194416126499346, 0.13536519427121652, 0.276384642976668, 0.6775016235297517, 0.4202155888978141, 0.203777010241867, 0.008117752083540042, 0.6439873709766131, 0.6735518950511292, 0.6885705135325334, 0.7958746735041707, 0.7025426212778338, 0.6075046109130706], [-0.009786413441148056, 0.8701424577682484, 0.0, 0.2572082595644118, 0.5252872677809716, 0.13376418126095843, 0.23492674996687413, 0.6773019064645008, 0.4013238875024354, 0.20282273909440685, 0.007783488497544067, 0.6297399742566285, 0.6483482911407286, 0.6642063575967025, 0.7877848365161395, 0.6953268790587996, 0.6055165792212474], [-0.24028297495915352, 0.6426946593624332, 0.0, 0.1907608104586513, 0.45778622718554696, 0.13482095139712225, 0.27898507512195325, 0.6780703479583883, 0.40645081196785626, 0.15361680454865012, 0.007950687539111767, 0.6362663078052291, 0.6654526201406131, 0.6692685479598454, 0.7966754432433137, 0.7118381707773052, 0.6001317130803082], [-0.3911923854117454, 0.7327973710724403, 0.0, 0.2035203104486847, 0.48781906036821454, 0.13122184096276368, 0.23559830015467115, 0.6798079436959122, 0.3771718243699498, 0.1715735842664281, 0.007281081678807366, 0.6284998613369515, 0.6564283635211422, 0.685124053561583, 0.7830518600704441, 0.6898974610116428, 0.5910913203244956]]}