{"labels_1": ["1", "2", "3", "4", "5", "6", "7", "8", "9"], "labels_2": ["1", "2", "3", "4", "5", "6", "7", "8", "9"], "adj_matrix_1": [[0.0, 0.31275, 0.10855, 0.11343, 0.32492, 0.18907, 0.10698, 0.2972, 0.08954], [0.31275, 0.0, 0.23835, 0.2345, 0.02719, 0.16737, 0.36902, 0.02925, 0.25292], [0.10855, 0.23835, 0.0, 0.00507, 0.25671, 0.08632, 0.20905, 0.21662, 0.01958], [0.11343, 0.2345, 0.00507, 0.0, 0.25313, 0.08137, 0.21346, 0.21251, 0.02464], [0.32492, 0.02719, 0.25671, 0.25313, 0.0, 0.18999, 0.37484, 0.05619, 0.27023], [0.18907, 0.16737, 0.08632, 0.08137, 0.18999, 0.0, 0.27923, 0.1416, 0.1053], [0.10698, 0.36902, 0.20905, 0.21346, 0.37484, 0.27923, 0.0, 0.36012, 0.1917], [0.2972, 0.02925, 0.21662, 0.21251, 0.05619, 0.1416, 0.36012, 0.0, 0.23222], [0.08954, 0.25292, 0.01958, 0.02464, 0.27023, 0.1053, 0.1917, 0.23222, 0.0]], "adj_matrix_2": [[0.0, 0.10593, 0.07716, 0.01612, 0.11714, 0.12116, 0.04254, 0.04051, 0.07652], [0.10593, 0.0, 0.11304, 0.10175, 0.08842, 0.07514, 0.09369, 0.11304, 0.11315], [0.07716, 0.11304, 0.0, 0.08936, 0.06856, 0.08383, 0.10691, 0.0412, 0.00083], [0.01612, 0.10175, 0.08936, 0.0, 0.12194, 0.1238, 0.027, 0.05547, 0.08876], [0.11714, 0.08842, 0.06856, 0.12194, 0.0, 0.02057, 0.12681, 0.09798, 0.06923], [0.12116, 0.07514, 0.08383, 0.1238, 0.02057, 0.0, 0.12524, 0.10781, 0.0844], [0.04254, 0.09369, 0.10691, 0.027, 0.12681, 0.12524, 0.0, 0.07865, 0.10644], [0.04051, 0.11304, 0.0412, 0.05547, 0.09798, 0.10781, 0.07865, 0.0, 0.04042], [0.07652, 0.11315, 0.00083, 0.08876, 0.06923, 0.0844, 0.10644, 0.04042, 0.0]], "features_1": [[-0.0026031165932236533, 0.6807896548831865, 0.0, 0.2096625108233204, 0.47959717998430423, 0.12549057660863355, 0.2922619228226694, 0.684984589152942, 0.36472234233149203, 0.15302891572903166, 0.007392832833969631, 0.6216189565783521, 0.6457211791661756, 0.6622178346891815, 0.7716622082913077, 0.6913632151979784, 0.5954374127170444], [0.303298450521595, 0.6737898007910332, 0.0, 0.22482118344227506, 0.47728807638099924, 0.12587431397001772, 0.3397475680933546, 0.685767230245561, 0.37059684535392257, 0.14988307961472325, 0.00716927026363523, 0.6097172344207928, 0.6247587111894234, 0.6399335450110131, 0.7819205129968642, 0.7175866464635947, 0.5862827294432309], [0.048894749021093364, 0.8254244025750914, 0.0, 0.2135078952406449, 0.5238917908666645, 0.12514530799543785, 0.2652468315013522, 0.6847799278135868, 0.3583513274140382, 0.18186794411184204, 0.007281081678807366, 0.6200720871030696, 0.6594622266301583, 0.6679245508738472, 0.7685661643488344, 0.6912989244422432, 0.5891371639220863], [-0.11099496160955447, 0.8309085512366156, 0.0, 0.21574971576612964, 0.524312068625432, 0.12500745340157943, 0.29049659661326643, 0.6853232963722642, 0.3578419536423054, 0.18468498910615794, 0.007281081678807366, 0.6218316044198309, 0.6565817661024331, 0.6706643050765662, 0.7696864198931993, 0.6928281746097537, 0.5933883575680622], [0.3003011156128981, 0.6638220395339095, 0.0, 0.22589517001278056, 0.475925798409385, 0.12424054270967565, 0.38028095554738783, 0.6869644956538306, 0.3603986579752563, 0.14479488068949053, 0.007392832833969631, 0.6000096913908768, 0.6573160456652553, 0.6702636782059217, 0.7821710714623126, 0.7126438779072597, 0.5843806923476393], [0.1090428573822515, 0.8455474133003319, 0.0, 0.2185759902983333, 0.5307471905871111, 0.12369062738632657, 0.32264041150638506, 0.6863949273241934, 0.353713675157562, 0.18348122271510392, 0.007281081678807366, 0.6084764282768111, 0.6282141163004172, 0.6462775963697553, 0.7690120189968834, 0.6993581555272259, 0.5904865892051006], [-0.4438771779461854, 0.8840935366770284, 0.0, 0.1969491749161763, 0.532528144047574, 0.12425592424849335, 0.20458543236394533, 0.6842443608855189, 0.3365348404156603, 0.19654218160106462, 0.007057398507269275, 0.6327016250871136, 0.6451761382683274, 0.6642418726395536, 0.7589616203640123, 0.6581157089914748, 0.5812968061409426], [0.2571255006625268, 0.7136549996457983, 0.0, 0.21070932962251462, 0.4901943672786212, 0.1213782922072655, 0.35826663316474594, 0.6876878179560012, 0.3273090272570254, 0.1504417098484483, 0.006609306440138685, 0.5928718950698109, 0.6388053417651576, 0.6535710199566831, 0.769886842164054, 0.7041824132229532, 0.5760308325465495], [-0.20315594963500105, 0.7663457852229576, 0.0, 0.22596639364290244, 0.5010967952665886, 0.12385745252267177, 0.2733265747495537, 0.6851874994003034, 0.343518488337355, 0.1685205661802709, 0.0069454663283523566, 0.6135122258043919, 0.6370461707435078, 0.6539696215941851, 0.7671863090252296, 0.6749927256853284, 0.5889892746082246]], "features_2": [[3.3185358390663424, 0.8259201897716354, 0.0, 0.373831780535581, 0.5308721795035428, 0.12399712768189891, 0.3470230384410293, 0.687092422077243, 0.38444691012735577, 0.17318488361970563, 0.007950687539111767, 0.5506447496360392, 0.6128924611907782, 0.6300553890329833, 0.7771590782656543, 0.7393461802256077, 0.5693867228155278], [5.072248743084849, 0.9382838508445889, 0.0, 0.44670632022067774, 0.5477307391637373, 0.1297917906027898, 0.24630264181178063, 0.6813267803321892, 0.4280424936622764, 0.2017432769378007, 0.008507047823598457, 0.5439260788127844, 0.6139902256647906, 0.6296496091310505, 0.7806107898228205, 0.7305664616320698, 0.5916758293148782], [3.844810176436699, 0.9658528370234429, 0.0, 0.3896827838953354, 0.5682502842479163, 0.1242472305611721, 0.3503635066340777, 0.6871240796026425, 0.3853606239531524, 0.19988867673674982, 0.008062078829516484, 0.5454409847264816, 0.6327224399807526, 0.6433471291840023, 0.7783243527284279, 0.754420076189644, 0.573953371866813], [3.0803377870892446, 0.968362501292938, 0.0, 0.3714575691253383, 0.5639545252330884, 0.12548853322429512, 0.3128071137301937, 0.6856300567854814, 0.3824554957759485, 0.20339011316178812, 0.00783923647221818, 0.5533811081968851, 0.6254618916412416, 0.6500664707151963, 0.7782811799176703, 0.7406473900039117, 0.5756642780048079], [3.774803307505082, 0.9331281640742479, 0.0, 0.4254095204192003, 0.5429820822414282, 0.130452187896803, 0.2501436894224554, 0.681296558347308, 0.42928984239567813, 0.2068340014666401, 0.008507047823598457, 0.5486086803233441, 0.6107993131645554, 0.6328251546290173, 0.7834925321898903, 0.7291805423534589, 0.5945291304652771], [4.376483835435718, 0.9845450220972815, 0.0, 0.4062555424831294, 0.5683463995312065, 0.12654726341778572, 0.3737648136243436, 0.6862919538135642, 0.3980944957731112, 0.20733406123144138, 0.007727725548673403, 0.5383972540203377, 0.6287470276640419, 0.6519166832558946, 0.7865877959179992, 0.751384233127494, 0.5746721629957939], [2.0991646543166906, 1.0154780106969052, 0.0, 0.32933374615628114, 0.5691133818610525, 0.1291029894957031, 0.29647658261609494, 0.6828218418541541, 0.3851870921585947, 0.2192253979624328, 0.007504523810135222, 0.5656566408186017, 0.6320511290157083, 0.6471202544307867, 0.7841773534072473, 0.7174388785849304, 0.5952705254000746], [4.244567613882653, 0.8939908275124725, 0.0, 0.4068920962600324, 0.5407046808031398, 0.1288755900371321, 0.32402668451424504, 0.6839380069284707, 0.41693065982364375, 0.194208006727127, 0.008284682400665488, 0.5389249719331859, 0.6283505163510162, 0.6573096378106098, 0.7881339463955247, 0.7263690425449448, 0.5919209367551136], [3.0744128418055725, 0.9136873776342669, 0.0, 0.3824498665665235, 0.5467537183721912, 0.12902886255120258, 0.31286092287846684, 0.683548607326107, 0.39490814768238147, 0.19937169561977197, 0.007504523810135222, 0.5518377004872033, 0.6386201464275484, 0.6612509292769352, 0.7872928802143255, 0.7254357045831008, 0.5904664796683221]]}