{"labels_1": ["1", "2", "3", "4", "5", "6", "7", "8", "9"], "labels_2": ["1", "2", "3", "4", "5", "6", "7", "8", "9"], "adj_matrix_1": [[0.0, 0.31275, 0.10855, 0.11343, 0.32492, 0.18907, 0.10698, 0.2972, 0.08954], [0.31275, 0.0, 0.23835, 0.2345, 0.02719, 0.16737, 0.36902, 0.02925, 0.25292], [0.10855, 0.23835, 0.0, 0.00507, 0.25671, 0.08632, 0.20905, 0.21662, 0.01958], [0.11343, 0.2345, 0.00507, 0.0, 0.25313, 0.08137, 0.21346, 0.21251, 0.02464], [0.32492, 0.02719, 0.25671, 0.25313, 0.0, 0.18999, 0.37484, 0.05619, 0.27023], [0.18907, 0.16737, 0.08632, 0.08137, 0.18999, 0.0, 0.27923, 0.1416, 0.1053], [0.10698, 0.36902, 0.20905, 0.21346, 0.37484, 0.27923, 0.0, 0.36012, 0.1917], [0.2972, 0.02925, 0.21662, 0.21251, 0.05619, 0.1416, 0.36012, 0.0, 0.23222], [0.08954, 0.25292, 0.01958, 0.02464, 0.27023, 0.1053, 0.1917, 0.23222, 0.0]], "adj_matrix_2": [[0.0, 0.0, 0.00351, 0.20297, 0.00341, 0.09066, 0.16898, 0.06425, 0.26029], [0.0, 0.0, 0.0, 0.0, 0.01151, 0.0, 0.0, 0.0, 0.0], [0.00351, 0.0, 0.0, 0.20027, 0.00334, 0.09403, 0.16605, 0.06767, 0.2581], [0.20297, 0.0, 0.20027, 0.0, 0.00109, 0.26539, 0.04021, 0.24913, 0.0746], [0.00341, 0.01151, 0.00334, 0.00109, 0.0, 0.00566, 0.00134, 0.00488, 0.00076], [0.09066, 0.0, 0.09403, 0.26539, 0.00566, 0.0, 0.23866, 0.02742, 0.30803], [0.16898, 0.0, 0.16605, 0.04021, 0.00134, 0.23866, 0.0, 0.21998, 0.11362], [0.06425, 0.0, 0.06767, 0.24913, 0.00488, 0.02742, 0.21998, 0.0, 0.29647], [0.26029, 0.0, 0.2581, 0.0746, 0.00076, 0.30803, 0.11362, 0.29647, 0.0]], "features_1": [[-0.0026031165932236533, 0.6807896548831865, 0.0, 0.2096625108233204, 0.47959717998430423, 0.12549057660863355, 0.2922619228226694, 0.684984589152942, 0.36472234233149203, 0.15302891572903166, 0.007392832833969631, 0.6216189565783521, 0.6457211791661756, 0.6622178346891815, 0.7716622082913077, 0.6913632151979784, 0.5954374127170444], [0.303298450521595, 0.6737898007910332, 0.0, 0.22482118344227506, 0.47728807638099924, 0.12587431397001772, 0.3397475680933546, 0.685767230245561, 0.37059684535392257, 0.14988307961472325, 0.00716927026363523, 0.6097172344207928, 0.6247587111894234, 0.6399335450110131, 0.7819205129968642, 0.7175866464635947, 0.5862827294432309], [0.048894749021093364, 0.8254244025750914, 0.0, 0.2135078952406449, 0.5238917908666645, 0.12514530799543785, 0.2652468315013522, 0.6847799278135868, 0.3583513274140382, 0.18186794411184204, 0.007281081678807366, 0.6200720871030696, 0.6594622266301583, 0.6679245508738472, 0.7685661643488344, 0.6912989244422432, 0.5891371639220863], [-0.11099496160955447, 0.8309085512366156, 0.0, 0.21574971576612964, 0.524312068625432, 0.12500745340157943, 0.29049659661326643, 0.6853232963722642, 0.3578419536423054, 0.18468498910615794, 0.007281081678807366, 0.6218316044198309, 0.6565817661024331, 0.6706643050765662, 0.7696864198931993, 0.6928281746097537, 0.5933883575680622], [0.3003011156128981, 0.6638220395339095, 0.0, 0.22589517001278056, 0.475925798409385, 0.12424054270967565, 0.38028095554738783, 0.6869644956538306, 0.3603986579752563, 0.14479488068949053, 0.007392832833969631, 0.6000096913908768, 0.6573160456652553, 0.6702636782059217, 0.7821710714623126, 0.7126438779072597, 0.5843806923476393], [0.1090428573822515, 0.8455474133003319, 0.0, 0.2185759902983333, 0.5307471905871111, 0.12369062738632657, 0.32264041150638506, 0.6863949273241934, 0.353713675157562, 0.18348122271510392, 0.007281081678807366, 0.6084764282768111, 0.6282141163004172, 0.6462775963697553, 0.7690120189968834, 0.6993581555272259, 0.5904865892051006], [-0.4438771779461854, 0.8840935366770284, 0.0, 0.1969491749161763, 0.532528144047574, 0.12425592424849335, 0.20458543236394533, 0.6842443608855189, 0.3365348404156603, 0.19654218160106462, 0.007057398507269275, 0.6327016250871136, 0.6451761382683274, 0.6642418726395536, 0.7589616203640123, 0.6581157089914748, 0.5812968061409426], [0.2571255006625268, 0.7136549996457983, 0.0, 0.21070932962251462, 0.4901943672786212, 0.1213782922072655, 0.35826663316474594, 0.6876878179560012, 0.3273090272570254, 0.1504417098484483, 0.006609306440138685, 0.5928718950698109, 0.6388053417651576, 0.6535710199566831, 0.769886842164054, 0.7041824132229532, 0.5760308325465495], [-0.20315594963500105, 0.7663457852229576, 0.0, 0.22596639364290244, 0.5010967952665886, 0.12385745252267177, 0.2733265747495537, 0.6851874994003034, 0.343518488337355, 0.1685205661802709, 0.0069454663283523566, 0.6135122258043919, 0.6370461707435078, 0.6539696215941851, 0.7671863090252296, 0.6749927256853284, 0.5889892746082246]], "features_2": [[0.1333096986976683, 0.8560785997520688, 0.0, 0.26982208810797853, 0.5277695208649372, 0.13382200905527059, 0.521169899750096, 0.6825805409371295, 0.3710355072306233, 0.19345244065933076, 0.0069454663283523566, 0.6013931273834237, 0.6691346216826917, 0.6932115699872236, 0.8080208803021849, 0.6993944974901508, 0.5802571659270478], [6.807039698450712, 1.0003718693053374, 0.0, 0.3493917253384175, 0.5415420801548448, 0.14786870396406254, 0.4174228499880236, 0.6675310941308747, 0.4101552008563052, 0.21908357245657029, 0.007727725548673403, 0.5134391722472431, 0.6302948051919937, 0.6406006898528649, 0.8252222747948023, 0.7268566887810984, 0.5968476700203702], [0.19726453886580275, 1.013837942245298, 0.0, 0.26683945898876466, 0.5649646754111632, 0.13569246623548167, 0.49243430910526487, 0.6808388719010232, 0.38276678536136033, 0.22659558432907212, 0.007057398507269275, 0.6084180190021726, 0.6657704414182343, 0.6822525232242558, 0.8096424427119224, 0.7055805521602065, 0.5966153084786363], [-0.078597291501596, 0.9811833617732767, 0.0, 0.27508689544815845, 0.5625285663824536, 0.1296312256456073, 0.5612038257791816, 0.6852909846479689, 0.3567720941872967, 0.21620744905209932, 0.007057398507269275, 0.6131467363081251, 0.6512629268383132, 0.673773500004844, 0.7997345960049954, 0.704100450184014, 0.5751442922159016], [3.0298160886165615, 0.9782566734715665, 0.0, 0.32208867344242326, 0.5367311975937955, 0.14479153085196889, 0.31393012433625456, 0.6678746398598079, 0.4076971812630419, 0.2197979064233715, 0.00716927026363523, 0.5418904054512836, 0.6459667469589881, 0.6569773642399204, 0.8164022499656426, 0.7321967488922336, 0.6015300255473188], [0.1258328795572723, 1.1272852978834191, 0.0, 0.25582708137521054, 0.5833989904054476, 0.13891353533693176, 0.3707477000169007, 0.6765332912973925, 0.4106950644344649, 0.25411026236611844, 0.007504523810135222, 0.6131376026486701, 0.6615866899298302, 0.6860049951032193, 0.8117909787208201, 0.710037087481871, 0.6115482827207464], [-0.01899954737616394, 1.0202047570894, 0.0, 0.2268721031938513, 0.5674790493470238, 0.12964096024175106, 0.4085572421395291, 0.684158566742288, 0.35910336670874843, 0.22400509930502133, 0.00683347364535547, 0.6196890154052048, 0.6601162512566864, 0.6650082979622427, 0.7975453141236392, 0.7127525331773608, 0.5746238518742524], [0.32992705456331217, 0.9181060381853551, 0.0, 0.27970486307615744, 0.5343803019491244, 0.13689471141113146, 0.3309018044118289, 0.6771270087495262, 0.4114023523099919, 0.2132236009214794, 0.007950687539111767, 0.6044643632263065, 0.6375821748481604, 0.6668710963633998, 0.8069448214661848, 0.7234414280948714, 0.5883434932098961], [-0.22896569448881854, 0.9701455387898323, 0.0, 0.2381863647014863, 0.5508041976140254, 0.133036257269607, 0.34694731982154253, 0.6807502589120071, 0.3891158302938258, 0.22318732651438222, 0.007504523810135222, 0.6258992091982993, 0.6722891528061122, 0.697194762865563, 0.8007647217183359, 0.7195872985676729, 0.5818687253213232]]}