{"labels_1": ["1", "2", "3", "4", "5", "6", "7", "8", "9"], "labels_2": ["1", "2", "3", "4", "5", "6", "7", "8", "9"], "adj_matrix_1": [[0.0, 0.31275, 0.10855, 0.11343, 0.32492, 0.18907, 0.10698, 0.2972, 0.08954], [0.31275, 0.0, 0.23835, 0.2345, 0.02719, 0.16737, 0.36902, 0.02925, 0.25292], [0.10855, 0.23835, 0.0, 0.00507, 0.25671, 0.08632, 0.20905, 0.21662, 0.01958], [0.11343, 0.2345, 0.00507, 0.0, 0.25313, 0.08137, 0.21346, 0.21251, 0.02464], [0.32492, 0.02719, 0.25671, 0.25313, 0.0, 0.18999, 0.37484, 0.05619, 0.27023], [0.18907, 0.16737, 0.08632, 0.08137, 0.18999, 0.0, 0.27923, 0.1416, 0.1053], [0.10698, 0.36902, 0.20905, 0.21346, 0.37484, 0.27923, 0.0, 0.36012, 0.1917], [0.2972, 0.02925, 0.21662, 0.21251, 0.05619, 0.1416, 0.36012, 0.0, 0.23222], [0.08954, 0.25292, 0.01958, 0.02464, 0.27023, 0.1053, 0.1917, 0.23222, 0.0]], "adj_matrix_2": [[0.0, 0.21115, 0.03212, 0.14929, 0.06174, 0.10115, 0.00779, 0.27746, 0.19345], [0.21115, 0.0, 0.22858, 0.08956, 0.1702, 0.2588, 0.20623, 0.29334, 0.28494], [0.03212, 0.22858, 0.0, 0.17504, 0.09261, 0.07043, 0.03985, 0.25933, 0.16751], [0.14929, 0.08956, 0.17504, 0.0, 0.09436, 0.2245, 0.14277, 0.3153, 0.27881], [0.06174, 0.1702, 0.09261, 0.09436, 0.0, 0.15641, 0.05407, 0.30317, 0.23643], [0.10115, 0.2588, 0.07043, 0.2245, 0.15641, 0.0, 0.10847, 0.20924, 0.10358], [0.00779, 0.20623, 0.03985, 0.14277, 0.05407, 0.10847, 0.0, 0.28149, 0.19947], [0.27746, 0.29334, 0.25933, 0.3153, 0.30317, 0.20924, 0.28149, 0.0, 0.11692], [0.19345, 0.28494, 0.16751, 0.27881, 0.23643, 0.10358, 0.19947, 0.11692, 0.0]], "features_1": [[-0.0026031165932236533, 0.6807896548831865, 0.0, 0.2096625108233204, 0.47959717998430423, 0.12549057660863355, 0.2922619228226694, 0.684984589152942, 0.36472234233149203, 0.15302891572903166, 0.007392832833969631, 0.6216189565783521, 0.6457211791661756, 0.6622178346891815, 0.7716622082913077, 0.6913632151979784, 0.5954374127170444], [0.303298450521595, 0.6737898007910332, 0.0, 0.22482118344227506, 0.47728807638099924, 0.12587431397001772, 0.3397475680933546, 0.685767230245561, 0.37059684535392257, 0.14988307961472325, 0.00716927026363523, 0.6097172344207928, 0.6247587111894234, 0.6399335450110131, 0.7819205129968642, 0.7175866464635947, 0.5862827294432309], [0.048894749021093364, 0.8254244025750914, 0.0, 0.2135078952406449, 0.5238917908666645, 0.12514530799543785, 0.2652468315013522, 0.6847799278135868, 0.3583513274140382, 0.18186794411184204, 0.007281081678807366, 0.6200720871030696, 0.6594622266301583, 0.6679245508738472, 0.7685661643488344, 0.6912989244422432, 0.5891371639220863], [-0.11099496160955447, 0.8309085512366156, 0.0, 0.21574971576612964, 0.524312068625432, 0.12500745340157943, 0.29049659661326643, 0.6853232963722642, 0.3578419536423054, 0.18468498910615794, 0.007281081678807366, 0.6218316044198309, 0.6565817661024331, 0.6706643050765662, 0.7696864198931993, 0.6928281746097537, 0.5933883575680622], [0.3003011156128981, 0.6638220395339095, 0.0, 0.22589517001278056, 0.475925798409385, 0.12424054270967565, 0.38028095554738783, 0.6869644956538306, 0.3603986579752563, 0.14479488068949053, 0.007392832833969631, 0.6000096913908768, 0.6573160456652553, 0.6702636782059217, 0.7821710714623126, 0.7126438779072597, 0.5843806923476393], [0.1090428573822515, 0.8455474133003319, 0.0, 0.2185759902983333, 0.5307471905871111, 0.12369062738632657, 0.32264041150638506, 0.6863949273241934, 0.353713675157562, 0.18348122271510392, 0.007281081678807366, 0.6084764282768111, 0.6282141163004172, 0.6462775963697553, 0.7690120189968834, 0.6993581555272259, 0.5904865892051006], [-0.4438771779461854, 0.8840935366770284, 0.0, 0.1969491749161763, 0.532528144047574, 0.12425592424849335, 0.20458543236394533, 0.6842443608855189, 0.3365348404156603, 0.19654218160106462, 0.007057398507269275, 0.6327016250871136, 0.6451761382683274, 0.6642418726395536, 0.7589616203640123, 0.6581157089914748, 0.5812968061409426], [0.2571255006625268, 0.7136549996457983, 0.0, 0.21070932962251462, 0.4901943672786212, 0.1213782922072655, 0.35826663316474594, 0.6876878179560012, 0.3273090272570254, 0.1504417098484483, 0.006609306440138685, 0.5928718950698109, 0.6388053417651576, 0.6535710199566831, 0.769886842164054, 0.7041824132229532, 0.5760308325465495], [-0.20315594963500105, 0.7663457852229576, 0.0, 0.22596639364290244, 0.5010967952665886, 0.12385745252267177, 0.2733265747495537, 0.6851874994003034, 0.343518488337355, 0.1685205661802709, 0.0069454663283523566, 0.6135122258043919, 0.6370461707435078, 0.6539696215941851, 0.7671863090252296, 0.6749927256853284, 0.5889892746082246]], "features_2": [[0.1336862172796871, 0.766492495600961, 0.0, 0.25976920905218753, 0.5103171693151757, 0.12695408776734127, 0.4169446227030356, 0.6861022274007339, 0.3773769918791685, 0.1718147802035459, 0.007671947615560004, 0.6102601649199881, 0.6680402020489822, 0.6831155155304813, 0.7911643948282119, 0.7184902930623884, 0.5899618868705305], [0.6551870024773296, 0.7448583919910631, 0.0, 0.30171376956968493, 0.5004729338350763, 0.1260911665004598, 0.29691579538956175, 0.6846978699430135, 0.36146050348839065, 0.1651417294591606, 0.007504523810135222, 0.5868178437715654, 0.6303095881211364, 0.6544800564102318, 0.7776783671039015, 0.7116516872544606, 0.5760141632854493], [0.1144338503385125, 0.8986227862254141, 0.0, 0.2669977816215088, 0.5495238846261364, 0.12459574435928089, 0.3854293291393091, 0.6871968838323819, 0.3632272121730795, 0.19553738279588684, 0.007281081678807366, 0.6057333979350275, 0.6671904578321372, 0.6794942441461612, 0.7822669544774884, 0.7120990529731825, 0.582217269859454], [0.3515927405762209, 0.9532727928137767, 0.0, 0.23811709073820744, 0.5588901295908049, 0.12552124096342435, 0.34857294029120994, 0.6857347045029027, 0.3574752613437975, 0.2049524470630315, 0.007560346756364078, 0.5969716404079359, 0.6533265893797083, 0.6581996824100633, 0.7790887568918463, 0.6986804356479207, 0.5867806641216198], [0.3815772594143505, 0.7356198355837879, 0.0, 0.28300435556284315, 0.4986489350309645, 0.12447194266083506, 0.3161567199622645, 0.6860322067562896, 0.334147509033637, 0.16037139264957223, 0.00683347364535547, 0.5925504315585779, 0.6425555996733162, 0.6682476701108113, 0.7763469994681658, 0.6947102705689758, 0.5679080279968026], [0.19628658278550004, 0.9608806008091141, 0.0, 0.26275836251108575, 0.5611621518121532, 0.1273806744573029, 0.4092316418651102, 0.6860810970248226, 0.3727247457629639, 0.21152554540822432, 0.007504523810135222, 0.6075233883971514, 0.6435815663611832, 0.6800233076598605, 0.7912000845612674, 0.7183457652593005, 0.598522003063349], [0.34416321722981635, 1.009766892950374, 0.0, 0.24110747513877887, 0.5689298717052778, 0.12438203430905632, 0.31541978821046757, 0.6858788583986364, 0.34210842816384, 0.2144744881795262, 0.007001439975721224, 0.5923964243661701, 0.6275339095733778, 0.6532634397986107, 0.7719493255355272, 0.6942392236421191, 0.5856645533654101], [-0.2575465824867944, 0.8350216318350957, 0.0, 0.22369150604689908, 0.5307669842652337, 0.1182973829267413, 0.2984885820521626, 0.6894087988755127, 0.29587768916483803, 0.175722302383168, 0.006609306440138685, 0.6067092866878165, 0.6356526301044791, 0.6419496188867296, 0.7555529808575837, 0.6725028832549707, 0.5626915789897484], [0.1666628314788703, 0.882088578298746, 0.0, 0.24478684699269587, 0.5454196486707812, 0.11709690426002953, 0.3605762834515211, 0.6903552925089116, 0.2929180787023775, 0.18117190295447072, 0.006889477554966383, 0.5972343940584626, 0.6392375200333306, 0.649492812207376, 0.7566039112723135, 0.6784306955116738, 0.5553426873217296]]}