{"labels_1": ["1", "2", "3", "4", "5", "6", "7", "8", "9"], "labels_2": ["1", "2", "3", "4", "5", "6", "7", "8", "9"], "adj_matrix_1": [[0.0, 0.31275, 0.10855, 0.11343, 0.32492, 0.18907, 0.10698, 0.2972, 0.08954], [0.31275, 0.0, 0.23835, 0.2345, 0.02719, 0.16737, 0.36902, 0.02925, 0.25292], [0.10855, 0.23835, 0.0, 0.00507, 0.25671, 0.08632, 0.20905, 0.21662, 0.01958], [0.11343, 0.2345, 0.00507, 0.0, 0.25313, 0.08137, 0.21346, 0.21251, 0.02464], [0.32492, 0.02719, 0.25671, 0.25313, 0.0, 0.18999, 0.37484, 0.05619, 0.27023], [0.18907, 0.16737, 0.08632, 0.08137, 0.18999, 0.0, 0.27923, 0.1416, 0.1053], [0.10698, 0.36902, 0.20905, 0.21346, 0.37484, 0.27923, 0.0, 0.36012, 0.1917], [0.2972, 0.02925, 0.21662, 0.21251, 0.05619, 0.1416, 0.36012, 0.0, 0.23222], [0.08954, 0.25292, 0.01958, 0.02464, 0.27023, 0.1053, 0.1917, 0.23222, 0.0]], "adj_matrix_2": [[0.0, 0.12123, 0.12571, 0.07085, 0.19283, 0.08672, 0.31293, 0.35682, 0.32896], [0.12123, 0.0, 0.00503, 0.05355, 0.08488, 0.03719, 0.26297, 0.35923, 0.29333], [0.12571, 0.00503, 0.0, 0.05849, 0.08004, 0.04217, 0.26004, 0.35826, 0.29088], [0.07085, 0.05355, 0.05849, 0.0, 0.13471, 0.01658, 0.29114, 0.36522, 0.31554], [0.19283, 0.08488, 0.08004, 0.13471, 0.0, 0.11981, 0.20187, 0.3297, 0.24016], [0.08672, 0.03719, 0.04217, 0.01658, 0.11981, 0.0, 0.28344, 0.36447, 0.30974], [0.31293, 0.26297, 0.26004, 0.29114, 0.20187, 0.28344, 0.0, 0.1737, 0.04753], [0.35682, 0.35923, 0.35826, 0.36522, 0.3297, 0.36447, 0.1737, 0.0, 0.12926], [0.32896, 0.29333, 0.29088, 0.31554, 0.24016, 0.30974, 0.04753, 0.12926, 0.0]], "features_1": [[-0.0026031165932236533, 0.6807896548831865, 0.0, 0.2096625108233204, 0.47959717998430423, 0.12549057660863355, 0.2922619228226694, 0.684984589152942, 0.36472234233149203, 0.15302891572903166, 0.007392832833969631, 0.6216189565783521, 0.6457211791661756, 0.6622178346891815, 0.7716622082913077, 0.6913632151979784, 0.5954374127170444], [0.303298450521595, 0.6737898007910332, 0.0, 0.22482118344227506, 0.47728807638099924, 0.12587431397001772, 0.3397475680933546, 0.685767230245561, 0.37059684535392257, 0.14988307961472325, 0.00716927026363523, 0.6097172344207928, 0.6247587111894234, 0.6399335450110131, 0.7819205129968642, 0.7175866464635947, 0.5862827294432309], [0.048894749021093364, 0.8254244025750914, 0.0, 0.2135078952406449, 0.5238917908666645, 0.12514530799543785, 0.2652468315013522, 0.6847799278135868, 0.3583513274140382, 0.18186794411184204, 0.007281081678807366, 0.6200720871030696, 0.6594622266301583, 0.6679245508738472, 0.7685661643488344, 0.6912989244422432, 0.5891371639220863], [-0.11099496160955447, 0.8309085512366156, 0.0, 0.21574971576612964, 0.524312068625432, 0.12500745340157943, 0.29049659661326643, 0.6853232963722642, 0.3578419536423054, 0.18468498910615794, 0.007281081678807366, 0.6218316044198309, 0.6565817661024331, 0.6706643050765662, 0.7696864198931993, 0.6928281746097537, 0.5933883575680622], [0.3003011156128981, 0.6638220395339095, 0.0, 0.22589517001278056, 0.475925798409385, 0.12424054270967565, 0.38028095554738783, 0.6869644956538306, 0.3603986579752563, 0.14479488068949053, 0.007392832833969631, 0.6000096913908768, 0.6573160456652553, 0.6702636782059217, 0.7821710714623126, 0.7126438779072597, 0.5843806923476393], [0.1090428573822515, 0.8455474133003319, 0.0, 0.2185759902983333, 0.5307471905871111, 0.12369062738632657, 0.32264041150638506, 0.6863949273241934, 0.353713675157562, 0.18348122271510392, 0.007281081678807366, 0.6084764282768111, 0.6282141163004172, 0.6462775963697553, 0.7690120189968834, 0.6993581555272259, 0.5904865892051006], [-0.4438771779461854, 0.8840935366770284, 0.0, 0.1969491749161763, 0.532528144047574, 0.12425592424849335, 0.20458543236394533, 0.6842443608855189, 0.3365348404156603, 0.19654218160106462, 0.007057398507269275, 0.6327016250871136, 0.6451761382683274, 0.6642418726395536, 0.7589616203640123, 0.6581157089914748, 0.5812968061409426], [0.2571255006625268, 0.7136549996457983, 0.0, 0.21070932962251462, 0.4901943672786212, 0.1213782922072655, 0.35826663316474594, 0.6876878179560012, 0.3273090272570254, 0.1504417098484483, 0.006609306440138685, 0.5928718950698109, 0.6388053417651576, 0.6535710199566831, 0.769886842164054, 0.7041824132229532, 0.5760308325465495], [-0.20315594963500105, 0.7663457852229576, 0.0, 0.22596639364290244, 0.5010967952665886, 0.12385745252267177, 0.2733265747495537, 0.6851874994003034, 0.343518488337355, 0.1685205661802709, 0.0069454663283523566, 0.6135122258043919, 0.6370461707435078, 0.6539696215941851, 0.7671863090252296, 0.6749927256853284, 0.5889892746082246]], "features_2": [[0.44609707259932163, 0.7875685333644399, 0.0, 0.2599049939843074, 0.48636003871355615, 0.14811962262631598, 0.3180591309762136, 0.6677936353663538, 0.4890223404546663, 0.2017838469387132, 0.00822905385914674, 0.6066632887415362, 0.6999459573828759, 0.731789357393937, 0.8290121573387451, 0.7525389200289697, 0.6388786507802551], [-0.04146837098553746, 0.7923654414760009, 0.0, 0.22983856871334055, 0.4795875920479482, 0.1530767703931617, 0.24096416343600993, 0.6598782600923206, 0.5225504355305743, 0.2118901704537568, 0.008784670673857464, 0.6290147451896935, 0.6889075762288318, 0.7278003498089344, 0.8315260087126202, 0.7494563686664961, 0.6494331091160448], [0.11123936473922535, 0.9077669389582319, 0.0, 0.2328836857841267, 0.5166277851003325, 0.14982941880594197, 0.26279488002382934, 0.6634065624200705, 0.49763986767690827, 0.23225195590634318, 0.008340296057933516, 0.6200645519257741, 0.6819947712460193, 0.712764529145613, 0.8264107096566196, 0.7368676369770857, 0.6434363610183608], [0.06352312709868757, 0.9681057087977902, 0.0, 0.24189491076128433, 0.5310730360674975, 0.14843679700597673, 0.27892501241035744, 0.664120360938442, 0.4849168073482977, 0.2426006120536397, 0.008006390651371653, 0.6178075951565762, 0.6836409808354288, 0.7117104290673069, 0.8230025471919225, 0.7388066099353365, 0.637189366059735], [-0.25360172756340926, 0.7869378727455035, 0.0, 0.19545201200431916, 0.4719596147483293, 0.15717876098406328, 0.18078558805397904, 0.6520353336985685, 0.5485755511391261, 0.21696915899352476, 0.009006502581913711, 0.6398658090006579, 0.7160823322986131, 0.7592444967663151, 0.8343017438663843, 0.7389498816229213, 0.6533228362305824], [0.120014405351756, 0.9108464264046059, 0.0, 0.2220926962160856, 0.5149453687708018, 0.15269998679403904, 0.2279120155129853, 0.6593122550799836, 0.5194740986084978, 0.23725390989011363, 0.009006502581913711, 0.6185555115528396, 0.6825287710374648, 0.7289614978388494, 0.8301199663660589, 0.7318190129062697, 0.6504391852853211], [-0.26841368296706136, 0.9684964015576542, 0.0, 0.20164490265248425, 0.5223025697378927, 0.15191049599012846, 0.20337248181151962, 0.6564829624743274, 0.4947720489978902, 0.25069517662802143, 0.008784670673857464, 0.6404763866253123, 0.6769923863164227, 0.726518878264228, 0.8221387573998772, 0.7394540582825556, 0.6428243934430448], [-0.5342125021105417, 0.8095264087387902, 0.0, 0.17459366513061672, 0.47142945998324093, 0.16083792417334852, 0.12373599035077376, 0.6419200880167553, 0.5620675712494207, 0.22780210517535338, 0.009006502581913711, 0.6639770760622019, 0.7093189217540952, 0.7583667493527583, 0.8327876564110126, 0.7567016714121079, 0.6494419163946177], [-0.34222353296997277, 0.8775014051548483, 0.0, 0.1807130021688374, 0.4959193568222624, 0.15662889292156545, 0.16513307294971682, 0.6494609581553576, 0.539719250063645, 0.238951080365581, 0.009560050813840704, 0.6606198017128813, 0.6966065090731497, 0.7439862981351469, 0.8283462850385541, 0.750605950956214, 0.6453561203296101]]}