{"labels_1": ["1", "2", "3", "4", "5", "6", "7", "8", "9"], "labels_2": ["1", "2", "3", "4", "5", "6", "7", "8", "9"], "adj_matrix_1": [[0.0, 0.31275, 0.10855, 0.11343, 0.32492, 0.18907, 0.10698, 0.2972, 0.08954], [0.31275, 0.0, 0.23835, 0.2345, 0.02719, 0.16737, 0.36902, 0.02925, 0.25292], [0.10855, 0.23835, 0.0, 0.00507, 0.25671, 0.08632, 0.20905, 0.21662, 0.01958], [0.11343, 0.2345, 0.00507, 0.0, 0.25313, 0.08137, 0.21346, 0.21251, 0.02464], [0.32492, 0.02719, 0.25671, 0.25313, 0.0, 0.18999, 0.37484, 0.05619, 0.27023], [0.18907, 0.16737, 0.08632, 0.08137, 0.18999, 0.0, 0.27923, 0.1416, 0.1053], [0.10698, 0.36902, 0.20905, 0.21346, 0.37484, 0.27923, 0.0, 0.36012, 0.1917], [0.2972, 0.02925, 0.21662, 0.21251, 0.05619, 0.1416, 0.36012, 0.0, 0.23222], [0.08954, 0.25292, 0.01958, 0.02464, 0.27023, 0.1053, 0.1917, 0.23222, 0.0]], "adj_matrix_2": [[0.0, 0.08167, 0.09016, 0.17045, 0.16064, 0.19881, 0.36239, 0.01727, 0.22319], [0.08167, 0.0, 0.16256, 0.22723, 0.09001, 0.24824, 0.33835, 0.06512, 0.26556], [0.09016, 0.16256, 0.0, 0.08914, 0.22118, 0.12297, 0.36109, 0.10627, 0.15301], [0.17045, 0.22723, 0.08914, 0.0, 0.26201, 0.03596, 0.33135, 0.1839, 0.06887], [0.16064, 0.09001, 0.22118, 0.26201, 0.0, 0.27321, 0.28689, 0.14706, 0.28166], [0.19881, 0.24824, 0.12297, 0.03596, 0.27321, 0.0, 0.31265, 0.21094, 0.0333], [0.36239, 0.33835, 0.36109, 0.33135, 0.28689, 0.31265, 0.0, 0.35948, 0.2922], [0.01727, 0.06512, 0.10627, 0.1839, 0.14706, 0.21094, 0.35948, 0.0, 0.23397], [0.22319, 0.26556, 0.15301, 0.06887, 0.28166, 0.0333, 0.2922, 0.23397, 0.0]], "features_1": [[-0.0026031165932236533, 0.6807896548831865, 0.0, 0.2096625108233204, 0.47959717998430423, 0.12549057660863355, 0.2922619228226694, 0.684984589152942, 0.36472234233149203, 0.15302891572903166, 0.007392832833969631, 0.6216189565783521, 0.6457211791661756, 0.6622178346891815, 0.7716622082913077, 0.6913632151979784, 0.5954374127170444], [0.303298450521595, 0.6737898007910332, 0.0, 0.22482118344227506, 0.47728807638099924, 0.12587431397001772, 0.3397475680933546, 0.685767230245561, 0.37059684535392257, 0.14988307961472325, 0.00716927026363523, 0.6097172344207928, 0.6247587111894234, 0.6399335450110131, 0.7819205129968642, 0.7175866464635947, 0.5862827294432309], [0.048894749021093364, 0.8254244025750914, 0.0, 0.2135078952406449, 0.5238917908666645, 0.12514530799543785, 0.2652468315013522, 0.6847799278135868, 0.3583513274140382, 0.18186794411184204, 0.007281081678807366, 0.6200720871030696, 0.6594622266301583, 0.6679245508738472, 0.7685661643488344, 0.6912989244422432, 0.5891371639220863], [-0.11099496160955447, 0.8309085512366156, 0.0, 0.21574971576612964, 0.524312068625432, 0.12500745340157943, 0.29049659661326643, 0.6853232963722642, 0.3578419536423054, 0.18468498910615794, 0.007281081678807366, 0.6218316044198309, 0.6565817661024331, 0.6706643050765662, 0.7696864198931993, 0.6928281746097537, 0.5933883575680622], [0.3003011156128981, 0.6638220395339095, 0.0, 0.22589517001278056, 0.475925798409385, 0.12424054270967565, 0.38028095554738783, 0.6869644956538306, 0.3603986579752563, 0.14479488068949053, 0.007392832833969631, 0.6000096913908768, 0.6573160456652553, 0.6702636782059217, 0.7821710714623126, 0.7126438779072597, 0.5843806923476393], [0.1090428573822515, 0.8455474133003319, 0.0, 0.2185759902983333, 0.5307471905871111, 0.12369062738632657, 0.32264041150638506, 0.6863949273241934, 0.353713675157562, 0.18348122271510392, 0.007281081678807366, 0.6084764282768111, 0.6282141163004172, 0.6462775963697553, 0.7690120189968834, 0.6993581555272259, 0.5904865892051006], [-0.4438771779461854, 0.8840935366770284, 0.0, 0.1969491749161763, 0.532528144047574, 0.12425592424849335, 0.20458543236394533, 0.6842443608855189, 0.3365348404156603, 0.19654218160106462, 0.007057398507269275, 0.6327016250871136, 0.6451761382683274, 0.6642418726395536, 0.7589616203640123, 0.6581157089914748, 0.5812968061409426], [0.2571255006625268, 0.7136549996457983, 0.0, 0.21070932962251462, 0.4901943672786212, 0.1213782922072655, 0.35826663316474594, 0.6876878179560012, 0.3273090272570254, 0.1504417098484483, 0.006609306440138685, 0.5928718950698109, 0.6388053417651576, 0.6535710199566831, 0.769886842164054, 0.7041824132229532, 0.5760308325465495], [-0.20315594963500105, 0.7663457852229576, 0.0, 0.22596639364290244, 0.5010967952665886, 0.12385745252267177, 0.2733265747495537, 0.6851874994003034, 0.343518488337355, 0.1685205661802709, 0.0069454663283523566, 0.6135122258043919, 0.6370461707435078, 0.6539696215941851, 0.7671863090252296, 0.6749927256853284, 0.5889892746082246]], "features_2": [[0.274926414427342, 0.7891699490060934, 0.0, 0.25280444184599044, 0.5191967647264987, 0.12050051201398845, 0.29387151078350016, 0.6881247867202192, 0.32273844937579543, 0.16858692268447562, 0.007281081678807366, 0.5897155512711314, 0.650949425213836, 0.6459936912277899, 0.7606056845315492, 0.6844968784682205, 0.5744339876062421], [0.5116415532957266, 0.828716523674151, 0.0, 0.276914082778112, 0.5254101980983003, 0.12207046028270448, 0.23251953372765116, 0.6865141042048113, 0.3332637362118058, 0.17687293213215538, 0.007281081678807366, 0.5833898744578478, 0.6366672282874842, 0.6392575582396823, 0.7588547842184759, 0.6980158673331118, 0.557676518094462], [0.23871459748919976, 0.9402477603100513, 0.0, 0.24883792406924507, 0.556753603481218, 0.12295247229033428, 0.28410896121940754, 0.6867112594829027, 0.3389992019318795, 0.20122789191661483, 0.007504523810135222, 0.5978181800536464, 0.6441377055706705, 0.6283324544765496, 0.767277968034592, 0.7020837648049586, 0.5792467902558751], [0.006016696967560353, 0.9172952396035646, 0.0, 0.24857423687148344, 0.5503149010421277, 0.12248821643623087, 0.2799884259324436, 0.6868100121231455, 0.3369046133516951, 0.199351951033925, 0.007281081678807366, 0.6036565897027917, 0.6492713658709351, 0.6655613428750711, 0.7647516205318114, 0.6748515459817294, 0.5796216538674404], [0.789043024920161, 0.7851841263238306, 0.0, 0.30646752921574694, 0.5155053461579435, 0.12060633889715666, 0.25369956116710596, 0.6877165345698255, 0.33619827303238736, 0.16708240042524336, 0.007616154688146137, 0.5719881158791962, 0.627042772840791, 0.6438556643295354, 0.7570458683298106, 0.6954051253933805, 0.547160744342169], [0.22396842869057698, 1.0031371665519189, 0.0, 0.25133746586671113, 0.5682322683537483, 0.12633380235782832, 0.3283094064152188, 0.6852740028243194, 0.35927691945724316, 0.2184316626458025, 0.007616154688146137, 0.6025784634627804, 0.6557422715991388, 0.6714335630860274, 0.7804861894278294, 0.707476518815927, 0.5774555218739883], [-0.15704518910298537, 0.9435890725970411, 0.0, 0.20434339064388285, 0.5585549618463618, 0.11966508761173208, 0.3079320868440455, 0.6887564631385955, 0.31971065109644803, 0.2006437449259646, 0.007392832833969631, 0.6229873242071611, 0.6407632045079973, 0.6606345238067235, 0.7595285555442687, 0.6859922371740431, 0.552493749542936], [0.4969523343262976, 0.8666274436411302, 0.0, 0.27935776929414985, 0.5367075820227722, 0.11864530434267478, 0.23710590268538922, 0.6886385290389234, 0.3120920544603014, 0.18100636150754634, 0.006721420376576193, 0.5799410054120409, 0.6191533933337987, 0.6579480820265778, 0.7465201943494316, 0.6845160687117656, 0.5334286751016546], [0.04173084545437167, 0.9441404720620631, 0.0, 0.24145053936881966, 0.5560474056370562, 0.11862340990398904, 0.24968759117433095, 0.6886876084312585, 0.3111100137084095, 0.19825007731343502, 0.006889477554966383, 0.6016391771761249, 0.6309064046447119, 0.658275630077949, 0.7463789627355647, 0.6818677172014248, 0.5224147388071608]]}