{"labels_1": ["1", "2", "3", "4", "5", "6", "7", "8", "9"], "labels_2": ["1", "2", "3", "4", "5", "6", "7", "8", "9"], "adj_matrix_1": [[0.0, 0.21131, 0.12611, 0.22906, 0.15965, 0.03414, 0.32096, 0.09178, 0.3296], [0.21131, 0.0, 0.28508, 0.32663, 0.06868, 0.23391, 0.34904, 0.26771, 0.3506], [0.12611, 0.28508, 0.0, 0.11714, 0.25524, 0.09384, 0.23453, 0.03619, 0.24616], [0.22906, 0.32663, 0.11714, 0.0, 0.31789, 0.20209, 0.12873, 0.15091, 0.14208], [0.15965, 0.06868, 0.25524, 0.31789, 0.0, 0.18767, 0.36139, 0.23138, 0.36496], [0.03414, 0.23391, 0.09384, 0.20209, 0.18767, 0.0, 0.30204, 0.05849, 0.31153], [0.32096, 0.34904, 0.23453, 0.12873, 0.36139, 0.30204, 0.0, 0.26244, 0.01401], [0.09178, 0.26771, 0.03619, 0.15091, 0.23138, 0.05849, 0.26244, 0.0, 0.27338], [0.3296, 0.3506, 0.24616, 0.14208, 0.36496, 0.31153, 0.01401, 0.27338, 0.0]], "adj_matrix_2": [[0.0, 0.12123, 0.12571, 0.07085, 0.19283, 0.08672, 0.31293, 0.35682, 0.32896], [0.12123, 0.0, 0.00503, 0.05355, 0.08488, 0.03719, 0.26297, 0.35923, 0.29333], [0.12571, 0.00503, 0.0, 0.05849, 0.08004, 0.04217, 0.26004, 0.35826, 0.29088], [0.07085, 0.05355, 0.05849, 0.0, 0.13471, 0.01658, 0.29114, 0.36522, 0.31554], [0.19283, 0.08488, 0.08004, 0.13471, 0.0, 0.11981, 0.20187, 0.3297, 0.24016], [0.08672, 0.03719, 0.04217, 0.01658, 0.11981, 0.0, 0.28344, 0.36447, 0.30974], [0.31293, 0.26297, 0.26004, 0.29114, 0.20187, 0.28344, 0.0, 0.1737, 0.04753], [0.35682, 0.35923, 0.35826, 0.36522, 0.3297, 0.36447, 0.1737, 0.0, 0.12926], [0.32896, 0.29333, 0.29088, 0.31554, 0.24016, 0.30974, 0.04753, 0.12926, 0.0]], "features_1": [[-0.06384035785410935, 0.7803353171711527, 0.0, 0.23891840448564483, 0.4830445876496952, 0.14103227598627896, 0.22100348699500644, 0.666705582727883, 0.4231045972173284, 0.19267961431561864, 0.007783488497544067, 0.6166583683649789, 0.6565049711168467, 0.6835493164450899, 0.7978879019534292, 0.7113611521630078, 0.5988573857749279], [0.461295896576837, 0.7731653067615396, 0.0, 0.27220957431337867, 0.47630080615140036, 0.1444726630258444, 0.16001749184559416, 0.6607018898113008, 0.44801299765670843, 0.19358912626113, 0.008117752083540042, 0.5985990849761806, 0.6464997637243648, 0.6806896052273949, 0.8018466520724179, 0.6947691737479956, 0.6112665543322517], [-0.07359876810708332, 0.876418711519323, 0.0, 0.23645341542153667, 0.511646998312549, 0.13991260256562704, 0.1869703221163988, 0.6668943363634248, 0.4171000061741792, 0.21183746832796269, 0.007671947615560004, 0.6201757170705364, 0.6479084767189663, 0.6762406071155047, 0.7923374528905294, 0.6953640414814649, 0.59373010931966], [-0.1601269375124872, 0.8401999339653897, 0.0, 0.2296190970183212, 0.505641428309568, 0.13949075299857705, 0.26606326165974037, 0.671385410314246, 0.4190999349615978, 0.20462639396791693, 0.007560346756364078, 0.6329993594928902, 0.6610852645048148, 0.6868585036032846, 0.8046973320637794, 0.7239312644874257, 0.6013126019081478], [0.2921677524717241, 0.8088697539087799, 0.0, 0.2511290111726305, 0.48557214316079866, 0.14353207844545948, 0.17182876702555278, 0.6625204742810801, 0.44194378127450573, 0.2015324597742023, 0.00822905385914674, 0.6041060499911584, 0.6677302536144373, 0.6947735996152111, 0.8014401812578825, 0.7135261212510415, 0.6130110447708262], [-0.20179907265367758, 0.8789468957521557, 0.0, 0.2329312689077951, 0.5096298538621453, 0.14285626442638094, 0.19735208227579903, 0.6647005637656069, 0.4371630356859444, 0.218049015498196, 0.00822905385914674, 0.6245598349720272, 0.6584034039817966, 0.6833625095783773, 0.8026920405558601, 0.6903066830144061, 0.6058822326402571], [-0.4106220552660629, 0.8985630167045249, 0.0, 0.19587930411846471, 0.5082395275433942, 0.14382044152721776, 0.18323921130914655, 0.6623638904202427, 0.43721137326408943, 0.2267103206658545, 0.007950687539111767, 0.6449802356320067, 0.6571607137890303, 0.6894122777846536, 0.8023645686020671, 0.6854541126059336, 0.599806126022497], [-0.28759662686582255, 0.742336751235967, 0.0, 0.21520953315269634, 0.45856149176876615, 0.14901291530638372, 0.19182619433489237, 0.6569450325505445, 0.4739923151152443, 0.19775722492838455, 0.008618141428105908, 0.6428754890333388, 0.6749756251999575, 0.7291225662474957, 0.8152847272117535, 0.7319042490715816, 0.6205255299772877], [-0.5093218765246901, 0.7787159722121615, 0.0, 0.217810711352819, 0.4694376128118442, 0.14856755106578184, 0.19449737808540563, 0.6563761675173981, 0.4668124957408222, 0.2066427345368118, 0.008284682400665488, 0.6514300290002146, 0.6757253997173007, 0.7209458829382166, 0.8112387978500845, 0.719229825812113, 0.6108755530233554]], "features_2": [[0.44609707259932163, 0.7875685333644399, 0.0, 0.2599049939843074, 0.48636003871355615, 0.14811962262631598, 0.3180591309762136, 0.6677936353663538, 0.4890223404546663, 0.2017838469387132, 0.00822905385914674, 0.6066632887415362, 0.6999459573828759, 0.731789357393937, 0.8290121573387451, 0.7525389200289697, 0.6388786507802551], [-0.04146837098553746, 0.7923654414760009, 0.0, 0.22983856871334055, 0.4795875920479482, 0.1530767703931617, 0.24096416343600993, 0.6598782600923206, 0.5225504355305743, 0.2118901704537568, 0.008784670673857464, 0.6290147451896935, 0.6889075762288318, 0.7278003498089344, 0.8315260087126202, 0.7494563686664961, 0.6494331091160448], [0.11123936473922535, 0.9077669389582319, 0.0, 0.2328836857841267, 0.5166277851003325, 0.14982941880594197, 0.26279488002382934, 0.6634065624200705, 0.49763986767690827, 0.23225195590634318, 0.008340296057933516, 0.6200645519257741, 0.6819947712460193, 0.712764529145613, 0.8264107096566196, 0.7368676369770857, 0.6434363610183608], [0.06352312709868757, 0.9681057087977902, 0.0, 0.24189491076128433, 0.5310730360674975, 0.14843679700597673, 0.27892501241035744, 0.664120360938442, 0.4849168073482977, 0.2426006120536397, 0.008006390651371653, 0.6178075951565762, 0.6836409808354288, 0.7117104290673069, 0.8230025471919225, 0.7388066099353365, 0.637189366059735], [-0.25360172756340926, 0.7869378727455035, 0.0, 0.19545201200431916, 0.4719596147483293, 0.15717876098406328, 0.18078558805397904, 0.6520353336985685, 0.5485755511391261, 0.21696915899352476, 0.009006502581913711, 0.6398658090006579, 0.7160823322986131, 0.7592444967663151, 0.8343017438663843, 0.7389498816229213, 0.6533228362305824], [0.120014405351756, 0.9108464264046059, 0.0, 0.2220926962160856, 0.5149453687708018, 0.15269998679403904, 0.2279120155129853, 0.6593122550799836, 0.5194740986084978, 0.23725390989011363, 0.009006502581913711, 0.6185555115528396, 0.6825287710374648, 0.7289614978388494, 0.8301199663660589, 0.7318190129062697, 0.6504391852853211], [-0.26841368296706136, 0.9684964015576542, 0.0, 0.20164490265248425, 0.5223025697378927, 0.15191049599012846, 0.20337248181151962, 0.6564829624743274, 0.4947720489978902, 0.25069517662802143, 0.008784670673857464, 0.6404763866253123, 0.6769923863164227, 0.726518878264228, 0.8221387573998772, 0.7394540582825556, 0.6428243934430448], [-0.5342125021105417, 0.8095264087387902, 0.0, 0.17459366513061672, 0.47142945998324093, 0.16083792417334852, 0.12373599035077376, 0.6419200880167553, 0.5620675712494207, 0.22780210517535338, 0.009006502581913711, 0.6639770760622019, 0.7093189217540952, 0.7583667493527583, 0.8327876564110126, 0.7567016714121079, 0.6494419163946177], [-0.34222353296997277, 0.8775014051548483, 0.0, 0.1807130021688374, 0.4959193568222624, 0.15662889292156545, 0.16513307294971682, 0.6494609581553576, 0.539719250063645, 0.238951080365581, 0.009560050813840704, 0.6606198017128813, 0.6966065090731497, 0.7439862981351469, 0.8283462850385541, 0.750605950956214, 0.6453561203296101]]}