{"labels_1": ["1", "2", "3", "4", "5", "6", "7", "8", "9"], "labels_2": ["1", "2", "3", "4", "5", "6", "7", "8", "9"], "adj_matrix_1": [[0.0, 0.31275, 0.10855, 0.11343, 0.32492, 0.18907, 0.10698, 0.2972, 0.08954], [0.31275, 0.0, 0.23835, 0.2345, 0.02719, 0.16737, 0.36902, 0.02925, 0.25292], [0.10855, 0.23835, 0.0, 0.00507, 0.25671, 0.08632, 0.20905, 0.21662, 0.01958], [0.11343, 0.2345, 0.00507, 0.0, 0.25313, 0.08137, 0.21346, 0.21251, 0.02464], [0.32492, 0.02719, 0.25671, 0.25313, 0.0, 0.18999, 0.37484, 0.05619, 0.27023], [0.18907, 0.16737, 0.08632, 0.08137, 0.18999, 0.0, 0.27923, 0.1416, 0.1053], [0.10698, 0.36902, 0.20905, 0.21346, 0.37484, 0.27923, 0.0, 0.36012, 0.1917], [0.2972, 0.02925, 0.21662, 0.21251, 0.05619, 0.1416, 0.36012, 0.0, 0.23222], [0.08954, 0.25292, 0.01958, 0.02464, 0.27023, 0.1053, 0.1917, 0.23222, 0.0]], "adj_matrix_2": [[0.0, 0.23373, 0.01481, 0.07819, 0.25734, 0.02053, 0.15266, 0.24107, 0.22965], [0.23373, 0.0, 0.23081, 0.23201, 0.18056, 0.22936, 0.14543, 0.28626, 0.31979], [0.01481, 0.23081, 0.0, 0.09156, 0.26293, 0.00575, 0.14215, 0.25071, 0.24036], [0.07819, 0.23201, 0.09156, 0.0, 0.21593, 0.09659, 0.19553, 0.18453, 0.17006], [0.25734, 0.18056, 0.26293, 0.21593, 0.0, 0.26486, 0.26769, 0.14887, 0.20736], [0.02053, 0.22936, 0.00575, 0.09659, 0.26486, 0.0, 0.13786, 0.25433, 0.24445], [0.15266, 0.14543, 0.14215, 0.19553, 0.26769, 0.13786, 0.0, 0.31241, 0.32067], [0.24107, 0.28626, 0.25071, 0.18453, 0.14887, 0.25433, 0.31241, 0.0, 0.06623], [0.22965, 0.31979, 0.24036, 0.17006, 0.20736, 0.24445, 0.32067, 0.06623, 0.0]], "features_1": [[-0.0026031165932236533, 0.6807896548831865, 0.0, 0.2096625108233204, 0.47959717998430423, 0.12549057660863355, 0.2922619228226694, 0.684984589152942, 0.36472234233149203, 0.15302891572903166, 0.007392832833969631, 0.6216189565783521, 0.6457211791661756, 0.6622178346891815, 0.7716622082913077, 0.6913632151979784, 0.5954374127170444], [0.303298450521595, 0.6737898007910332, 0.0, 0.22482118344227506, 0.47728807638099924, 0.12587431397001772, 0.3397475680933546, 0.685767230245561, 0.37059684535392257, 0.14988307961472325, 0.00716927026363523, 0.6097172344207928, 0.6247587111894234, 0.6399335450110131, 0.7819205129968642, 0.7175866464635947, 0.5862827294432309], [0.048894749021093364, 0.8254244025750914, 0.0, 0.2135078952406449, 0.5238917908666645, 0.12514530799543785, 0.2652468315013522, 0.6847799278135868, 0.3583513274140382, 0.18186794411184204, 0.007281081678807366, 0.6200720871030696, 0.6594622266301583, 0.6679245508738472, 0.7685661643488344, 0.6912989244422432, 0.5891371639220863], [-0.11099496160955447, 0.8309085512366156, 0.0, 0.21574971576612964, 0.524312068625432, 0.12500745340157943, 0.29049659661326643, 0.6853232963722642, 0.3578419536423054, 0.18468498910615794, 0.007281081678807366, 0.6218316044198309, 0.6565817661024331, 0.6706643050765662, 0.7696864198931993, 0.6928281746097537, 0.5933883575680622], [0.3003011156128981, 0.6638220395339095, 0.0, 0.22589517001278056, 0.475925798409385, 0.12424054270967565, 0.38028095554738783, 0.6869644956538306, 0.3603986579752563, 0.14479488068949053, 0.007392832833969631, 0.6000096913908768, 0.6573160456652553, 0.6702636782059217, 0.7821710714623126, 0.7126438779072597, 0.5843806923476393], [0.1090428573822515, 0.8455474133003319, 0.0, 0.2185759902983333, 0.5307471905871111, 0.12369062738632657, 0.32264041150638506, 0.6863949273241934, 0.353713675157562, 0.18348122271510392, 0.007281081678807366, 0.6084764282768111, 0.6282141163004172, 0.6462775963697553, 0.7690120189968834, 0.6993581555272259, 0.5904865892051006], [-0.4438771779461854, 0.8840935366770284, 0.0, 0.1969491749161763, 0.532528144047574, 0.12425592424849335, 0.20458543236394533, 0.6842443608855189, 0.3365348404156603, 0.19654218160106462, 0.007057398507269275, 0.6327016250871136, 0.6451761382683274, 0.6642418726395536, 0.7589616203640123, 0.6581157089914748, 0.5812968061409426], [0.2571255006625268, 0.7136549996457983, 0.0, 0.21070932962251462, 0.4901943672786212, 0.1213782922072655, 0.35826663316474594, 0.6876878179560012, 0.3273090272570254, 0.1504417098484483, 0.006609306440138685, 0.5928718950698109, 0.6388053417651576, 0.6535710199566831, 0.769886842164054, 0.7041824132229532, 0.5760308325465495], [-0.20315594963500105, 0.7663457852229576, 0.0, 0.22596639364290244, 0.5010967952665886, 0.12385745252267177, 0.2733265747495537, 0.6851874994003034, 0.343518488337355, 0.1685205661802709, 0.0069454663283523566, 0.6135122258043919, 0.6370461707435078, 0.6539696215941851, 0.7671863090252296, 0.6749927256853284, 0.5889892746082246]], "features_2": [[0.66451999547761, 0.832227035888367, 0.0, 0.2808107629175155, 0.514972470680869, 0.13015347337835795, 0.2826513816874773, 0.6813318468267159, 0.37642568702028556, 0.18948759308293672, 0.007783488497544067, 0.584865967475692, 0.6474038449263916, 0.6771759019162875, 0.7850920872591552, 0.7050524427145922, 0.5977144584415184], [0.2705211876697713, 0.8148364071742734, 0.0, 0.27722277859845934, 0.5123764300472496, 0.12680493426559572, 0.2649906258950502, 0.6831466341020294, 0.34813576980100547, 0.18254606043897614, 0.007560346756364078, 0.595778100415119, 0.6340873321928584, 0.6567482810170509, 0.7715896583173488, 0.6826991139402164, 0.5932760282282358], [0.8214890884738875, 0.9792674724207497, 0.0, 0.2882969542150533, 0.5545864819389555, 0.12737216226542597, 0.24679949197304296, 0.6827458680364196, 0.35318238285061976, 0.2124838302509966, 0.007336964783822175, 0.582678192426195, 0.6307840759447557, 0.6529090393223674, 0.7737040396444474, 0.6963759030048421, 0.5906400409807585], [1.1268449801746394, 1.0356754724856754, 0.0, 0.26559880541820535, 0.5622747187114008, 0.12916217093272536, 0.18721286214828864, 0.6797814910425348, 0.35381409271723774, 0.2234800560328245, 0.007392832833969631, 0.5727524034836287, 0.6254164006819813, 0.6520970663270628, 0.7699833005041751, 0.6958320846796633, 0.5840785980806887], [0.22998853529358598, 0.8512039059264932, 0.0, 0.2416091893381982, 0.5277481853100124, 0.12286542097722024, 0.2722034567145933, 0.6861974229368925, 0.32020589235568253, 0.18180775220672962, 0.00677745458930179, 0.5956429102968932, 0.6184067372545531, 0.6446070975276909, 0.7613635180101407, 0.6859175803109709, 0.5723332675409162], [0.7667910844335162, 1.064715955522468, 0.0, 0.2898108039759138, 0.5754079363104171, 0.1278023870907418, 0.26636964664714, 0.6830288985767184, 0.35288554539420147, 0.2285541255482444, 0.007392832833969631, 0.5819088146356401, 0.6358924115701842, 0.6699648551445937, 0.7768462420970191, 0.6841204067911868, 0.5878420030392908], [0.497769822690743, 1.1565313413743648, 0.0, 0.2595320728290856, 0.5832438297412885, 0.1294772772269232, 0.15185311504715598, 0.6780476225484875, 0.3426454896228277, 0.24482158424693634, 0.007057398507269275, 0.5880086784962681, 0.6287153449733978, 0.6396733254733402, 0.7602334665072136, 0.689301343272582, 0.5769459072474937], [0.11948677292938825, 0.9117562119089643, 0.0, 0.1948483384593142, 0.5461309913677979, 0.12074969967532315, 0.2530375586364329, 0.6877380463819556, 0.32785528265154706, 0.1932318372197943, 0.0069454663283523566, 0.6132979348750056, 0.6447452266949858, 0.6684062194027698, 0.7581644544430531, 0.6813891873642713, 0.5545680563906807], [-0.027504210169257526, 0.9640375892078532, 0.0, 0.22660893467920262, 0.5523819482823173, 0.12339219205227003, 0.21607545794579935, 0.6851363171269564, 0.3370615016022207, 0.2073399430056848, 0.007392832833969631, 0.6131499675955612, 0.631972403297086, 0.6470644042701053, 0.7578373467532222, 0.6738439598294536, 0.5663426984124548]]}