{"labels_1": ["1", "2", "3", "4", "5", "6", "7", "8", "9"], "labels_2": ["1", "2", "3", "4", "5", "6", "7", "8", "9"], "adj_matrix_1": [[0.0, 0.27066, 0.02232, 0.00643, 0.29107, 0.09857, 0.29129, 0.28558, 0.28703], [0.27066, 0.0, 0.27098, 0.27101, 0.14054, 0.24302, 0.15505, 0.07714, 0.08928], [0.02232, 0.27098, 0.0, 0.01592, 0.28314, 0.11817, 0.28268, 0.2812, 0.28196], [0.00643, 0.27101, 0.01592, 0.0, 0.28908, 0.10435, 0.28917, 0.28465, 0.28591], [0.29107, 0.14054, 0.28314, 0.28908, 0.0, 0.30426, 0.01599, 0.06648, 0.05414], [0.09857, 0.24302, 0.11817, 0.10435, 0.30426, 0.0, 0.30861, 0.28082, 0.28579], [0.29129, 0.15505, 0.28268, 0.28917, 0.01599, 0.30861, 0.0, 0.08213, 0.0699], [0.28558, 0.07714, 0.2812, 0.28465, 0.06648, 0.28082, 0.08213, 0.0, 0.01252], [0.28703, 0.08928, 0.28196, 0.28591, 0.05414, 0.28579, 0.0699, 0.01252, 0.0]], "adj_matrix_2": [[0.0, 0.0027, 0.17014, 0.30349, 0.06847, 0.2285, 0.17716, 0.10539, 0.19002], [0.0027, 0.0, 0.17242, 0.3048, 0.06585, 0.23044, 0.17941, 0.10287, 0.19219], [0.17014, 0.17242, 0.0, 0.17684, 0.22318, 0.0717, 0.00829, 0.24755, 0.02352], [0.30349, 0.3048, 0.17684, 0.0, 0.32906, 0.11006, 0.16949, 0.3362, 0.15568], [0.06847, 0.06585, 0.22318, 0.32906, 0.0, 0.27141, 0.2291, 0.03877, 0.23992], [0.2285, 0.23044, 0.0717, 0.11006, 0.27141, 0.0, 0.06356, 0.28911, 0.04849], [0.17716, 0.17941, 0.00829, 0.16949, 0.2291, 0.06356, 0.0, 0.25272, 0.01524], [0.10539, 0.10287, 0.24755, 0.3362, 0.03877, 0.28911, 0.25272, 0.0, 0.26216], [0.19002, 0.19219, 0.02352, 0.15568, 0.23992, 0.04849, 0.01524, 0.26216, 0.0]], "features_1": [[0.3705486223081591, 0.7607385560423272, 0.0, 0.2823030303408527, 0.4804516775658705, 0.1419735227022106, 0.20865110798510428, 0.6673382878080274, 0.4517749416382846, 0.19319181801571172, 0.008117752083540042, 0.6092218116007864, 0.66125201594473, 0.6961452554731854, 0.8054191698988343, 0.7031548410697467, 0.6243143716111119], [-0.10715076769281673, 0.753427998038348, 0.0, 0.22015169797640813, 0.4632503696581584, 0.14935490882250851, 0.15224501644274752, 0.6551963128195386, 0.48463265841523717, 0.19975035974686084, 0.008895616178821175, 0.6378191279299088, 0.6740313831590549, 0.707887162774338, 0.8126624783702464, 0.7069844453105918, 0.6262688550663273], [0.38760700648868607, 0.8953535545436073, 0.0, 0.2845870939735706, 0.5178236179337625, 0.1419103145451086, 0.19222044497165597, 0.6666008702140686, 0.4540883572657224, 0.22453817088748607, 0.00822905385914674, 0.6041925415482892, 0.658425660200282, 0.6991797155908402, 0.8024630226331755, 0.7118202315288333, 0.6232743101646913], [0.3079473747572936, 0.9178009881693691, 0.0, 0.27128060765565926, 0.5251895410460751, 0.1418817184109048, 0.21157114570401134, 0.6684112469651378, 0.45206550704359505, 0.22726107568330556, 0.008006390651371653, 0.607434557544356, 0.6451053833847444, 0.695022406497127, 0.8063485715843254, 0.7194927023303315, 0.6233799377769685], [0.02411817715301412, 0.7996240482559095, 0.0, 0.2544316824292676, 0.4830366865291628, 0.14671207004015596, 0.20345004436846423, 0.6619546832567176, 0.4748299921970134, 0.20687283490214825, 0.009006502581913711, 0.6301470800738427, 0.6733823569533869, 0.703831933443194, 0.8141671198594665, 0.7273890072178002, 0.6354089434396046], [-0.024865163242829613, 0.8770198199252862, 0.0, 0.27396658306224064, 0.5139866958233466, 0.143398738407563, 0.23161073683484118, 0.6671601376075411, 0.45729210289671385, 0.22364524612084602, 0.008006390651371653, 0.6120205486142565, 0.6564302514780985, 0.6846242999625758, 0.8111444610821108, 0.7056471470470179, 0.6374457956204578], [-0.3268343384934149, 0.901417785042609, 0.0, 0.23127035446342256, 0.5178751982233767, 0.14330342624601738, 0.21932847183058185, 0.6665046265337506, 0.4468362569122559, 0.2261057524953045, 0.007671947615560004, 0.6327845736990105, 0.6750549774522913, 0.7156760984727198, 0.8091996795972286, 0.7214647409574733, 0.6263688867906099], [-0.09637367559893795, 0.8417471236915205, 0.0, 0.2423885519457753, 0.502240998238855, 0.1435200320885281, 0.26042359096787565, 0.6684822935564336, 0.44583942155789, 0.21152610463868848, 0.008062078829516484, 0.6278876123688755, 0.6732586412701183, 0.7066679273557921, 0.8148499785848532, 0.7195331338464368, 0.6324098910845681], [-0.37872687784969195, 0.8591346855304653, 0.0, 0.2229554974538509, 0.5083335395794354, 0.14319458922150993, 0.2670314025952507, 0.6689574347247025, 0.4466297419809031, 0.21754201042060228, 0.008173410423425675, 0.6327484740466336, 0.6941312748783297, 0.7264265695147385, 0.8150912485254338, 0.7121547425713766, 0.6346859350463083]], "features_2": [[0.1652212633187209, 0.8016151896154604, 0.0, 0.21919420295006856, 0.5057959035135867, 0.13467622014802152, 0.3711137338066486, 0.6802089950000241, 0.4133394563102104, 0.19107291385349856, 0.008006390651371653, 0.6165685019048506, 0.683095151832814, 0.7009612723699595, 0.8066506275836213, 0.7341131015641665, 0.6083966755182444], [0.3176972118871726, 0.8182913599970487, 0.0, 0.21887214775746433, 0.5065103367265731, 0.1390298042368342, 0.34333868936475154, 0.6761376435302562, 0.43808237416410356, 0.1995722141246543, 0.008062078829516484, 0.6076900335144457, 0.679237793985022, 0.7169561907138977, 0.8120157297075845, 0.7540891738860238, 0.6099223660068233], [0.05066043306612844, 0.9279056578799971, 0.0, 0.21507854398230938, 0.5407604654834485, 0.13407123504123797, 0.36434270213434133, 0.6803191816253389, 0.4067587362953107, 0.21679683872173627, 0.00783923647221818, 0.618197171044365, 0.6748449572028494, 0.7168508410269, 0.8038553947651442, 0.7262724832710392, 0.6080721028966277], [-0.16131175521263952, 0.9835824939218467, 0.0, 0.20918951664958305, 0.5511349197497396, 0.13445800423603926, 0.34503660910666556, 0.6794523421183204, 0.40143664040353877, 0.2292730436511199, 0.007671947615560004, 0.6302969525438238, 0.6754299022276425, 0.69846888241457, 0.80321580804332, 0.7317120196536555, 0.6098221922071998], [0.4406490150076312, 0.8401205428667524, 0.0, 0.22747915533891064, 0.5132637532892524, 0.1369796506122347, 0.35920685977600614, 0.6780095994140816, 0.4346195704234326, 0.2029282910972734, 0.008451478759474051, 0.6019588586382425, 0.6730685899515393, 0.7158793340871862, 0.8092308301032373, 0.7370220448362046, 0.5931358978571533], [0.1969999111986218, 0.9631917648663585, 0.0, 0.22777705302354623, 0.5520029196655644, 0.13183581847812936, 0.41346889847794444, 0.6831976953492057, 0.3990071551015397, 0.21987074362172088, 0.007950687539111767, 0.6177443396601028, 0.6759154845619627, 0.7023938440852343, 0.8031826542489287, 0.7279086370952265, 0.594471753686603], [0.29570538382398714, 0.9964898440002375, 0.0, 0.25394660542867, 0.5564493661513366, 0.13095688468232144, 0.3754817687298392, 0.6825576955187332, 0.38378047779783, 0.22466677232641907, 0.007504523810135222, 0.6136579101342576, 0.6591167425611189, 0.6870176759905147, 0.7959919268728611, 0.7232718095635738, 0.5688248277877286], [0.20587551360454714, 0.874811868266484, 0.0, 0.2244375932764213, 0.5237099126226222, 0.13484681439455037, 0.36314213354195746, 0.6795072913702971, 0.40998042794879974, 0.20662169581684076, 0.007950687539111767, 0.612338178487787, 0.6850275882339247, 0.7130701761833512, 0.804987205934324, 0.738047029467924, 0.5885213882308814], [0.12853108093064103, 0.8916820111803654, 0.0, 0.21681720822429287, 0.5312452307540021, 0.13341542518070854, 0.39523394317203897, 0.6815548888145431, 0.40304837064207844, 0.20767592315216987, 0.00783923647221818, 0.6208693198759874, 0.6792431817233959, 0.705028508446698, 0.8052216122275427, 0.7335851104780162, 0.585770667493909]]}