{"labels_1": ["1", "2", "3", "4", "5", "6", "7", "8", "9"], "labels_2": ["1", "2", "3", "4", "5", "6", "7", "8", "9"], "adj_matrix_1": [[0.0, 0.27066, 0.02232, 0.00643, 0.29107, 0.09857, 0.29129, 0.28558, 0.28703], [0.27066, 0.0, 0.27098, 0.27101, 0.14054, 0.24302, 0.15505, 0.07714, 0.08928], [0.02232, 0.27098, 0.0, 0.01592, 0.28314, 0.11817, 0.28268, 0.2812, 0.28196], [0.00643, 0.27101, 0.01592, 0.0, 0.28908, 0.10435, 0.28917, 0.28465, 0.28591], [0.29107, 0.14054, 0.28314, 0.28908, 0.0, 0.30426, 0.01599, 0.06648, 0.05414], [0.09857, 0.24302, 0.11817, 0.10435, 0.30426, 0.0, 0.30861, 0.28082, 0.28579], [0.29129, 0.15505, 0.28268, 0.28917, 0.01599, 0.30861, 0.0, 0.08213, 0.0699], [0.28558, 0.07714, 0.2812, 0.28465, 0.06648, 0.28082, 0.08213, 0.0, 0.01252], [0.28703, 0.08928, 0.28196, 0.28591, 0.05414, 0.28579, 0.0699, 0.01252, 0.0]], "adj_matrix_2": [[0.0, 0.1373, 0.13466, 0.06413, 0.20552, 0.22154, 0.02297, 0.25967, 0.12123], [0.1373, 0.0, 0.25419, 0.07586, 0.07865, 0.32212, 0.11574, 0.35035, 0.24324], [0.13466, 0.25419, 0.0, 0.1931, 0.30411, 0.09491, 0.15607, 0.13847, 0.01414], [0.06413, 0.07586, 0.1931, 0.0, 0.1502, 0.27266, 0.04139, 0.30667, 0.18053], [0.20552, 0.07865, 0.30411, 0.1502, 0.0, 0.35721, 0.18634, 0.37838, 0.29532], [0.22154, 0.32212, 0.09491, 0.27266, 0.35721, 0.0, 0.24061, 0.04491, 0.10867], [0.02297, 0.11574, 0.15607, 0.04139, 0.18634, 0.24061, 0.0, 0.27733, 0.14288], [0.25967, 0.35035, 0.13847, 0.30667, 0.37838, 0.04491, 0.27733, 0.0, 0.1519], [0.12123, 0.24324, 0.01414, 0.18053, 0.29532, 0.10867, 0.14288, 0.1519, 0.0]], "features_1": [[0.3705486223081591, 0.7607385560423272, 0.0, 0.2823030303408527, 0.4804516775658705, 0.1419735227022106, 0.20865110798510428, 0.6673382878080274, 0.4517749416382846, 0.19319181801571172, 0.008117752083540042, 0.6092218116007864, 0.66125201594473, 0.6961452554731854, 0.8054191698988343, 0.7031548410697467, 0.6243143716111119], [-0.10715076769281673, 0.753427998038348, 0.0, 0.22015169797640813, 0.4632503696581584, 0.14935490882250851, 0.15224501644274752, 0.6551963128195386, 0.48463265841523717, 0.19975035974686084, 0.008895616178821175, 0.6378191279299088, 0.6740313831590549, 0.707887162774338, 0.8126624783702464, 0.7069844453105918, 0.6262688550663273], [0.38760700648868607, 0.8953535545436073, 0.0, 0.2845870939735706, 0.5178236179337625, 0.1419103145451086, 0.19222044497165597, 0.6666008702140686, 0.4540883572657224, 0.22453817088748607, 0.00822905385914674, 0.6041925415482892, 0.658425660200282, 0.6991797155908402, 0.8024630226331755, 0.7118202315288333, 0.6232743101646913], [0.3079473747572936, 0.9178009881693691, 0.0, 0.27128060765565926, 0.5251895410460751, 0.1418817184109048, 0.21157114570401134, 0.6684112469651378, 0.45206550704359505, 0.22726107568330556, 0.008006390651371653, 0.607434557544356, 0.6451053833847444, 0.695022406497127, 0.8063485715843254, 0.7194927023303315, 0.6233799377769685], [0.02411817715301412, 0.7996240482559095, 0.0, 0.2544316824292676, 0.4830366865291628, 0.14671207004015596, 0.20345004436846423, 0.6619546832567176, 0.4748299921970134, 0.20687283490214825, 0.009006502581913711, 0.6301470800738427, 0.6733823569533869, 0.703831933443194, 0.8141671198594665, 0.7273890072178002, 0.6354089434396046], [-0.024865163242829613, 0.8770198199252862, 0.0, 0.27396658306224064, 0.5139866958233466, 0.143398738407563, 0.23161073683484118, 0.6671601376075411, 0.45729210289671385, 0.22364524612084602, 0.008006390651371653, 0.6120205486142565, 0.6564302514780985, 0.6846242999625758, 0.8111444610821108, 0.7056471470470179, 0.6374457956204578], [-0.3268343384934149, 0.901417785042609, 0.0, 0.23127035446342256, 0.5178751982233767, 0.14330342624601738, 0.21932847183058185, 0.6665046265337506, 0.4468362569122559, 0.2261057524953045, 0.007671947615560004, 0.6327845736990105, 0.6750549774522913, 0.7156760984727198, 0.8091996795972286, 0.7214647409574733, 0.6263688867906099], [-0.09637367559893795, 0.8417471236915205, 0.0, 0.2423885519457753, 0.502240998238855, 0.1435200320885281, 0.26042359096787565, 0.6684822935564336, 0.44583942155789, 0.21152610463868848, 0.008062078829516484, 0.6278876123688755, 0.6732586412701183, 0.7066679273557921, 0.8148499785848532, 0.7195331338464368, 0.6324098910845681], [-0.37872687784969195, 0.8591346855304653, 0.0, 0.2229554974538509, 0.5083335395794354, 0.14319458922150993, 0.2670314025952507, 0.6689574347247025, 0.4466297419809031, 0.21754201042060228, 0.008173410423425675, 0.6327484740466336, 0.6941312748783297, 0.7264265695147385, 0.8150912485254338, 0.7121547425713766, 0.6346859350463083]], "features_2": [[-0.18799020699683888, 0.7510917014832468, 0.0, 0.2813490618806912, 0.49078797121106055, 0.134477943319137, 0.268710321675966, 0.6770729722303397, 0.40720878182576925, 0.18115871193797428, 0.007894969482732161, 0.6362159440175428, 0.6473221895157385, 0.6584179562204033, 0.790887590689085, 0.7162899581840868, 0.6100215196940895], [0.2541151378237094, 0.7025199266390966, 0.0, 0.3096699811147087, 0.47817086954811816, 0.13346872155476389, 0.2611776815271476, 0.6784406630219082, 0.39981868670223175, 0.165981267831814, 0.008006390651371653, 0.6133643081945259, 0.645612139287994, 0.6643097870182478, 0.7903730818320931, 0.6871735021993339, 0.6075015512139618], [-0.13201220721272122, 0.8489842755910006, 0.0, 0.26427200121181194, 0.5239975361537741, 0.1306576387599163, 0.2618891302221741, 0.6806814645696422, 0.3888613191351573, 0.19725811667180304, 0.008006390651371653, 0.6313293221584653, 0.6511602231727505, 0.6690787918604296, 0.78278964597823, 0.6969996071635368, 0.5989210586173327], [-0.1048034354212537, 0.868371207829363, 0.0, 0.24822467396019984, 0.5244609624051502, 0.13340476250032204, 0.23862468791122, 0.6774828791538584, 0.40120355192691926, 0.20443730428592555, 0.008117752083540042, 0.6213032941518455, 0.6462115976944807, 0.6643760279072263, 0.7867359810216565, 0.6847134622093755, 0.6040018529638871], [0.3147848734911518, 0.6746197335386068, 0.0, 0.2717962894132342, 0.46680511201802927, 0.13432703192526668, 0.23872528052191128, 0.677031057651412, 0.4056497024770762, 0.15939228024207575, 0.008117752083540042, 0.6129128046477439, 0.6661520661585434, 0.6735011542399054, 0.7904216475882263, 0.7020382461115257, 0.6060891450797038], [-0.23878973874342257, 0.8461681653907926, 0.0, 0.2423167511964714, 0.5194416126499346, 0.13536519427121652, 0.276384642976668, 0.6775016235297517, 0.4202155888978141, 0.203777010241867, 0.008117752083540042, 0.6439873709766131, 0.6735518950511292, 0.6885705135325334, 0.7958746735041707, 0.7025426212778338, 0.6075046109130706], [-0.009786413441148056, 0.8701424577682484, 0.0, 0.2572082595644118, 0.5252872677809716, 0.13376418126095843, 0.23492674996687413, 0.6773019064645008, 0.4013238875024354, 0.20282273909440685, 0.007783488497544067, 0.6297399742566285, 0.6483482911407286, 0.6642063575967025, 0.7877848365161395, 0.6953268790587996, 0.6055165792212474], [-0.24028297495915352, 0.6426946593624332, 0.0, 0.1907608104586513, 0.45778622718554696, 0.13482095139712225, 0.27898507512195325, 0.6780703479583883, 0.40645081196785626, 0.15361680454865012, 0.007950687539111767, 0.6362663078052291, 0.6654526201406131, 0.6692685479598454, 0.7966754432433137, 0.7118381707773052, 0.6001317130803082], [-0.3911923854117454, 0.7327973710724403, 0.0, 0.2035203104486847, 0.48781906036821454, 0.13122184096276368, 0.23559830015467115, 0.6798079436959122, 0.3771718243699498, 0.1715735842664281, 0.007281081678807366, 0.6284998613369515, 0.6564283635211422, 0.685124053561583, 0.7830518600704441, 0.6898974610116428, 0.5910913203244956]]}