{"labels_1": ["1", "2", "3", "4", "5", "6", "7", "8", "9"], "labels_2": ["1", "2", "3", "4", "5", "6", "7", "8", "9"], "adj_matrix_1": [[0.0, 0.27066, 0.02232, 0.00643, 0.29107, 0.09857, 0.29129, 0.28558, 0.28703], [0.27066, 0.0, 0.27098, 0.27101, 0.14054, 0.24302, 0.15505, 0.07714, 0.08928], [0.02232, 0.27098, 0.0, 0.01592, 0.28314, 0.11817, 0.28268, 0.2812, 0.28196], [0.00643, 0.27101, 0.01592, 0.0, 0.28908, 0.10435, 0.28917, 0.28465, 0.28591], [0.29107, 0.14054, 0.28314, 0.28908, 0.0, 0.30426, 0.01599, 0.06648, 0.05414], [0.09857, 0.24302, 0.11817, 0.10435, 0.30426, 0.0, 0.30861, 0.28082, 0.28579], [0.29129, 0.15505, 0.28268, 0.28917, 0.01599, 0.30861, 0.0, 0.08213, 0.0699], [0.28558, 0.07714, 0.2812, 0.28465, 0.06648, 0.28082, 0.08213, 0.0, 0.01252], [0.28703, 0.08928, 0.28196, 0.28591, 0.05414, 0.28579, 0.0699, 0.01252, 0.0]], "adj_matrix_2": [[0.0, 0.0, 0.00351, 0.20297, 0.00341, 0.09066, 0.16898, 0.06425, 0.26029], [0.0, 0.0, 0.0, 0.0, 0.01151, 0.0, 0.0, 0.0, 0.0], [0.00351, 0.0, 0.0, 0.20027, 0.00334, 0.09403, 0.16605, 0.06767, 0.2581], [0.20297, 0.0, 0.20027, 0.0, 0.00109, 0.26539, 0.04021, 0.24913, 0.0746], [0.00341, 0.01151, 0.00334, 0.00109, 0.0, 0.00566, 0.00134, 0.00488, 0.00076], [0.09066, 0.0, 0.09403, 0.26539, 0.00566, 0.0, 0.23866, 0.02742, 0.30803], [0.16898, 0.0, 0.16605, 0.04021, 0.00134, 0.23866, 0.0, 0.21998, 0.11362], [0.06425, 0.0, 0.06767, 0.24913, 0.00488, 0.02742, 0.21998, 0.0, 0.29647], [0.26029, 0.0, 0.2581, 0.0746, 0.00076, 0.30803, 0.11362, 0.29647, 0.0]], "features_1": [[0.3705486223081591, 0.7607385560423272, 0.0, 0.2823030303408527, 0.4804516775658705, 0.1419735227022106, 0.20865110798510428, 0.6673382878080274, 0.4517749416382846, 0.19319181801571172, 0.008117752083540042, 0.6092218116007864, 0.66125201594473, 0.6961452554731854, 0.8054191698988343, 0.7031548410697467, 0.6243143716111119], [-0.10715076769281673, 0.753427998038348, 0.0, 0.22015169797640813, 0.4632503696581584, 0.14935490882250851, 0.15224501644274752, 0.6551963128195386, 0.48463265841523717, 0.19975035974686084, 0.008895616178821175, 0.6378191279299088, 0.6740313831590549, 0.707887162774338, 0.8126624783702464, 0.7069844453105918, 0.6262688550663273], [0.38760700648868607, 0.8953535545436073, 0.0, 0.2845870939735706, 0.5178236179337625, 0.1419103145451086, 0.19222044497165597, 0.6666008702140686, 0.4540883572657224, 0.22453817088748607, 0.00822905385914674, 0.6041925415482892, 0.658425660200282, 0.6991797155908402, 0.8024630226331755, 0.7118202315288333, 0.6232743101646913], [0.3079473747572936, 0.9178009881693691, 0.0, 0.27128060765565926, 0.5251895410460751, 0.1418817184109048, 0.21157114570401134, 0.6684112469651378, 0.45206550704359505, 0.22726107568330556, 0.008006390651371653, 0.607434557544356, 0.6451053833847444, 0.695022406497127, 0.8063485715843254, 0.7194927023303315, 0.6233799377769685], [0.02411817715301412, 0.7996240482559095, 0.0, 0.2544316824292676, 0.4830366865291628, 0.14671207004015596, 0.20345004436846423, 0.6619546832567176, 0.4748299921970134, 0.20687283490214825, 0.009006502581913711, 0.6301470800738427, 0.6733823569533869, 0.703831933443194, 0.8141671198594665, 0.7273890072178002, 0.6354089434396046], [-0.024865163242829613, 0.8770198199252862, 0.0, 0.27396658306224064, 0.5139866958233466, 0.143398738407563, 0.23161073683484118, 0.6671601376075411, 0.45729210289671385, 0.22364524612084602, 0.008006390651371653, 0.6120205486142565, 0.6564302514780985, 0.6846242999625758, 0.8111444610821108, 0.7056471470470179, 0.6374457956204578], [-0.3268343384934149, 0.901417785042609, 0.0, 0.23127035446342256, 0.5178751982233767, 0.14330342624601738, 0.21932847183058185, 0.6665046265337506, 0.4468362569122559, 0.2261057524953045, 0.007671947615560004, 0.6327845736990105, 0.6750549774522913, 0.7156760984727198, 0.8091996795972286, 0.7214647409574733, 0.6263688867906099], [-0.09637367559893795, 0.8417471236915205, 0.0, 0.2423885519457753, 0.502240998238855, 0.1435200320885281, 0.26042359096787565, 0.6684822935564336, 0.44583942155789, 0.21152610463868848, 0.008062078829516484, 0.6278876123688755, 0.6732586412701183, 0.7066679273557921, 0.8148499785848532, 0.7195331338464368, 0.6324098910845681], [-0.37872687784969195, 0.8591346855304653, 0.0, 0.2229554974538509, 0.5083335395794354, 0.14319458922150993, 0.2670314025952507, 0.6689574347247025, 0.4466297419809031, 0.21754201042060228, 0.008173410423425675, 0.6327484740466336, 0.6941312748783297, 0.7264265695147385, 0.8150912485254338, 0.7121547425713766, 0.6346859350463083]], "features_2": [[0.1333096986976683, 0.8560785997520688, 0.0, 0.26982208810797853, 0.5277695208649372, 0.13382200905527059, 0.521169899750096, 0.6825805409371295, 0.3710355072306233, 0.19345244065933076, 0.0069454663283523566, 0.6013931273834237, 0.6691346216826917, 0.6932115699872236, 0.8080208803021849, 0.6993944974901508, 0.5802571659270478], [6.807039698450712, 1.0003718693053374, 0.0, 0.3493917253384175, 0.5415420801548448, 0.14786870396406254, 0.4174228499880236, 0.6675310941308747, 0.4101552008563052, 0.21908357245657029, 0.007727725548673403, 0.5134391722472431, 0.6302948051919937, 0.6406006898528649, 0.8252222747948023, 0.7268566887810984, 0.5968476700203702], [0.19726453886580275, 1.013837942245298, 0.0, 0.26683945898876466, 0.5649646754111632, 0.13569246623548167, 0.49243430910526487, 0.6808388719010232, 0.38276678536136033, 0.22659558432907212, 0.007057398507269275, 0.6084180190021726, 0.6657704414182343, 0.6822525232242558, 0.8096424427119224, 0.7055805521602065, 0.5966153084786363], [-0.078597291501596, 0.9811833617732767, 0.0, 0.27508689544815845, 0.5625285663824536, 0.1296312256456073, 0.5612038257791816, 0.6852909846479689, 0.3567720941872967, 0.21620744905209932, 0.007057398507269275, 0.6131467363081251, 0.6512629268383132, 0.673773500004844, 0.7997345960049954, 0.704100450184014, 0.5751442922159016], [3.0298160886165615, 0.9782566734715665, 0.0, 0.32208867344242326, 0.5367311975937955, 0.14479153085196889, 0.31393012433625456, 0.6678746398598079, 0.4076971812630419, 0.2197979064233715, 0.00716927026363523, 0.5418904054512836, 0.6459667469589881, 0.6569773642399204, 0.8164022499656426, 0.7321967488922336, 0.6015300255473188], [0.1258328795572723, 1.1272852978834191, 0.0, 0.25582708137521054, 0.5833989904054476, 0.13891353533693176, 0.3707477000169007, 0.6765332912973925, 0.4106950644344649, 0.25411026236611844, 0.007504523810135222, 0.6131376026486701, 0.6615866899298302, 0.6860049951032193, 0.8117909787208201, 0.710037087481871, 0.6115482827207464], [-0.01899954737616394, 1.0202047570894, 0.0, 0.2268721031938513, 0.5674790493470238, 0.12964096024175106, 0.4085572421395291, 0.684158566742288, 0.35910336670874843, 0.22400509930502133, 0.00683347364535547, 0.6196890154052048, 0.6601162512566864, 0.6650082979622427, 0.7975453141236392, 0.7127525331773608, 0.5746238518742524], [0.32992705456331217, 0.9181060381853551, 0.0, 0.27970486307615744, 0.5343803019491244, 0.13689471141113146, 0.3309018044118289, 0.6771270087495262, 0.4114023523099919, 0.2132236009214794, 0.007950687539111767, 0.6044643632263065, 0.6375821748481604, 0.6668710963633998, 0.8069448214661848, 0.7234414280948714, 0.5883434932098961], [-0.22896569448881854, 0.9701455387898323, 0.0, 0.2381863647014863, 0.5508041976140254, 0.133036257269607, 0.34694731982154253, 0.6807502589120071, 0.3891158302938258, 0.22318732651438222, 0.007504523810135222, 0.6258992091982993, 0.6722891528061122, 0.697194762865563, 0.8007647217183359, 0.7195872985676729, 0.5818687253213232]]}