{"labels_1": ["1", "2", "3", "4", "5", "6", "7", "8", "9"], "labels_2": ["1", "2", "3", "4", "5", "6", "7", "8", "9"], "adj_matrix_1": [[0.0, 0.27066, 0.02232, 0.00643, 0.29107, 0.09857, 0.29129, 0.28558, 0.28703], [0.27066, 0.0, 0.27098, 0.27101, 0.14054, 0.24302, 0.15505, 0.07714, 0.08928], [0.02232, 0.27098, 0.0, 0.01592, 0.28314, 0.11817, 0.28268, 0.2812, 0.28196], [0.00643, 0.27101, 0.01592, 0.0, 0.28908, 0.10435, 0.28917, 0.28465, 0.28591], [0.29107, 0.14054, 0.28314, 0.28908, 0.0, 0.30426, 0.01599, 0.06648, 0.05414], [0.09857, 0.24302, 0.11817, 0.10435, 0.30426, 0.0, 0.30861, 0.28082, 0.28579], [0.29129, 0.15505, 0.28268, 0.28917, 0.01599, 0.30861, 0.0, 0.08213, 0.0699], [0.28558, 0.07714, 0.2812, 0.28465, 0.06648, 0.28082, 0.08213, 0.0, 0.01252], [0.28703, 0.08928, 0.28196, 0.28591, 0.05414, 0.28579, 0.0699, 0.01252, 0.0]], "adj_matrix_2": [[0.0, 0.066, 0.06056, 0.05724, 0.00757, 0.11983, 0.19362, 0.00859, 0.07711], [0.066, 0.0, 0.00557, 0.12052, 0.05861, 0.05685, 0.24138, 0.07433, 0.13892], [0.06056, 0.00557, 0.0, 0.11546, 0.05315, 0.06229, 0.23792, 0.06894, 0.13402], [0.05724, 0.12052, 0.11546, 0.0, 0.06466, 0.16964, 0.14468, 0.04879, 0.02033], [0.00757, 0.05861, 0.05315, 0.06466, 0.0, 0.11293, 0.19962, 0.01615, 0.08441], [0.11983, 0.05685, 0.06229, 0.16964, 0.11293, 0.0, 0.27247, 0.12758, 0.18599], [0.19362, 0.24138, 0.23792, 0.14468, 0.19962, 0.27247, 0.0, 0.18675, 0.12609], [0.00859, 0.07433, 0.06894, 0.04879, 0.01615, 0.12758, 0.18675, 0.0, 0.06877], [0.07711, 0.13892, 0.13402, 0.02033, 0.08441, 0.18599, 0.12609, 0.06877, 0.0]], "features_1": [[0.3705486223081591, 0.7607385560423272, 0.0, 0.2823030303408527, 0.4804516775658705, 0.1419735227022106, 0.20865110798510428, 0.6673382878080274, 0.4517749416382846, 0.19319181801571172, 0.008117752083540042, 0.6092218116007864, 0.66125201594473, 0.6961452554731854, 0.8054191698988343, 0.7031548410697467, 0.6243143716111119], [-0.10715076769281673, 0.753427998038348, 0.0, 0.22015169797640813, 0.4632503696581584, 0.14935490882250851, 0.15224501644274752, 0.6551963128195386, 0.48463265841523717, 0.19975035974686084, 0.008895616178821175, 0.6378191279299088, 0.6740313831590549, 0.707887162774338, 0.8126624783702464, 0.7069844453105918, 0.6262688550663273], [0.38760700648868607, 0.8953535545436073, 0.0, 0.2845870939735706, 0.5178236179337625, 0.1419103145451086, 0.19222044497165597, 0.6666008702140686, 0.4540883572657224, 0.22453817088748607, 0.00822905385914674, 0.6041925415482892, 0.658425660200282, 0.6991797155908402, 0.8024630226331755, 0.7118202315288333, 0.6232743101646913], [0.3079473747572936, 0.9178009881693691, 0.0, 0.27128060765565926, 0.5251895410460751, 0.1418817184109048, 0.21157114570401134, 0.6684112469651378, 0.45206550704359505, 0.22726107568330556, 0.008006390651371653, 0.607434557544356, 0.6451053833847444, 0.695022406497127, 0.8063485715843254, 0.7194927023303315, 0.6233799377769685], [0.02411817715301412, 0.7996240482559095, 0.0, 0.2544316824292676, 0.4830366865291628, 0.14671207004015596, 0.20345004436846423, 0.6619546832567176, 0.4748299921970134, 0.20687283490214825, 0.009006502581913711, 0.6301470800738427, 0.6733823569533869, 0.703831933443194, 0.8141671198594665, 0.7273890072178002, 0.6354089434396046], [-0.024865163242829613, 0.8770198199252862, 0.0, 0.27396658306224064, 0.5139866958233466, 0.143398738407563, 0.23161073683484118, 0.6671601376075411, 0.45729210289671385, 0.22364524612084602, 0.008006390651371653, 0.6120205486142565, 0.6564302514780985, 0.6846242999625758, 0.8111444610821108, 0.7056471470470179, 0.6374457956204578], [-0.3268343384934149, 0.901417785042609, 0.0, 0.23127035446342256, 0.5178751982233767, 0.14330342624601738, 0.21932847183058185, 0.6665046265337506, 0.4468362569122559, 0.2261057524953045, 0.007671947615560004, 0.6327845736990105, 0.6750549774522913, 0.7156760984727198, 0.8091996795972286, 0.7214647409574733, 0.6263688867906099], [-0.09637367559893795, 0.8417471236915205, 0.0, 0.2423885519457753, 0.502240998238855, 0.1435200320885281, 0.26042359096787565, 0.6684822935564336, 0.44583942155789, 0.21152610463868848, 0.008062078829516484, 0.6278876123688755, 0.6732586412701183, 0.7066679273557921, 0.8148499785848532, 0.7195331338464368, 0.6324098910845681], [-0.37872687784969195, 0.8591346855304653, 0.0, 0.2229554974538509, 0.5083335395794354, 0.14319458922150993, 0.2670314025952507, 0.6689574347247025, 0.4466297419809031, 0.21754201042060228, 0.008173410423425675, 0.6327484740466336, 0.6941312748783297, 0.7264265695147385, 0.8150912485254338, 0.7121547425713766, 0.6346859350463083]], "features_2": [[0.216920573042517, 0.7615058677943218, 0.0, 0.258597135976314, 0.478101108872891, 0.14496476908653821, 0.2167174064779111, 0.6659888580403567, 0.45815876563659175, 0.1903627183023484, 0.008507047823598457, 0.6270220247612124, 0.6513015251696219, 0.6756220155663573, 0.8116554555104603, 0.7248399555017441, 0.6337904108002864], [0.3753633398677292, 0.7804663645402629, 0.0, 0.24024258140140428, 0.4725892905533454, 0.15195790127894948, 0.19445246636350433, 0.6566164922805571, 0.4831809768866051, 0.1996231473215222, 0.008729175733573014, 0.6253717410927562, 0.6710824118561264, 0.704388580174066, 0.8200567410614015, 0.760235574249255, 0.630910699077254], [0.24926192788028922, 0.8927741737678616, 0.0, 0.2622981327383818, 0.5140689774968468, 0.14599099255718767, 0.20790670437231853, 0.6645844448460113, 0.46358067433355044, 0.21928637422329889, 0.008840150818991033, 0.626329470367931, 0.6677248844482505, 0.6808139656978447, 0.8126494108396471, 0.7352731908975908, 0.6344261484336523], [0.05158736534080255, 0.9134707062244488, 0.0, 0.2512802814425171, 0.5171587781450045, 0.1460028509716483, 0.16853539229050513, 0.6626442921831076, 0.466861226100322, 0.22575874110901362, 0.008062078829516484, 0.6274866695576351, 0.6657764318846378, 0.6888757307309911, 0.8098089701888835, 0.7337166168321052, 0.6290650399865297], [0.20230168665401793, 0.807920162163161, 0.0, 0.2593432269513232, 0.47499838896966723, 0.15351882041238818, 0.13846400600082234, 0.6497800234229587, 0.5092811434235311, 0.21100586616864314, 0.008951066763186244, 0.6292926189714989, 0.6590812577813856, 0.6828253127423305, 0.8163902463481456, 0.7525255359212646, 0.6270427515314985], [0.18829864813785147, 0.9135641526090499, 0.0, 0.2518089629108356, 0.5186192740788715, 0.14749188715520067, 0.20202793961852095, 0.6632967724817815, 0.47817159120853225, 0.22652148080756396, 0.008729175733573014, 0.6246974296365939, 0.6574216508011925, 0.6764880291220174, 0.8159719355003513, 0.7439639836331878, 0.6370974351805885], [0.1322276050907245, 0.9159918212644139, 0.0, 0.26694021899786263, 0.5152958188249023, 0.14859910320168696, 0.18693877516344556, 0.6611354019832398, 0.48122358833398393, 0.22871280018481444, 0.008284682400665488, 0.6370904741626504, 0.6788437032378767, 0.6884581635559267, 0.8152392581338094, 0.7316038646914811, 0.6302803993272897], [0.17805810372272024, 0.8209457331479025, 0.0, 0.2488370710731105, 0.47729856117000274, 0.15659085413478285, 0.11870225607516502, 0.6451337426736642, 0.5389005874933153, 0.21918953732418123, 0.008951066763186244, 0.6241252937235036, 0.6419427825517551, 0.6760166089356394, 0.8192955747642205, 0.7400895781961992, 0.6311245515584614], [0.13007033121756706, 0.8543707310122619, 0.0, 0.2498418718656641, 0.49225546927416786, 0.15363039944184756, 0.14438108308976183, 0.6524532380906244, 0.5126115494599168, 0.2226131041369721, 0.008951066763186244, 0.6233339561725573, 0.6699553566184319, 0.7162169546263528, 0.8190538879567579, 0.729071453923645, 0.6347364929526708]]}