{"labels_1": ["1", "2", "3", "4", "5", "6", "7", "8", "9"], "labels_2": ["1", "2", "3", "4", "5", "6", "7", "8", "9"], "adj_matrix_1": [[0.0, 0.21131, 0.12611, 0.22906, 0.15965, 0.03414, 0.32096, 0.09178, 0.3296], [0.21131, 0.0, 0.28508, 0.32663, 0.06868, 0.23391, 0.34904, 0.26771, 0.3506], [0.12611, 0.28508, 0.0, 0.11714, 0.25524, 0.09384, 0.23453, 0.03619, 0.24616], [0.22906, 0.32663, 0.11714, 0.0, 0.31789, 0.20209, 0.12873, 0.15091, 0.14208], [0.15965, 0.06868, 0.25524, 0.31789, 0.0, 0.18767, 0.36139, 0.23138, 0.36496], [0.03414, 0.23391, 0.09384, 0.20209, 0.18767, 0.0, 0.30204, 0.05849, 0.31153], [0.32096, 0.34904, 0.23453, 0.12873, 0.36139, 0.30204, 0.0, 0.26244, 0.01401], [0.09178, 0.26771, 0.03619, 0.15091, 0.23138, 0.05849, 0.26244, 0.0, 0.27338], [0.3296, 0.3506, 0.24616, 0.14208, 0.36496, 0.31153, 0.01401, 0.27338, 0.0]], "adj_matrix_2": [[0.0, 0.01111, 0.08389, 0.17231, 0.20455, 0.14386, 0.16339, 0.28382, 0.21552], [0.01111, 0.0, 0.09432, 0.18021, 0.2105, 0.15287, 0.15421, 0.27907, 0.20785], [0.08389, 0.09432, 0.0, 0.10256, 0.14783, 0.06724, 0.22346, 0.30535, 0.26154], [0.17231, 0.18021, 0.10256, 0.0, 0.05448, 0.03792, 0.26275, 0.29259, 0.28016], [0.20455, 0.2105, 0.14783, 0.05448, 0.0, 0.09034, 0.26447, 0.26968, 0.27145], [0.14386, 0.15287, 0.06724, 0.03792, 0.09034, 0.0, 0.25387, 0.30218, 0.27883], [0.16339, 0.15421, 0.22346, 0.26275, 0.26447, 0.25387, 0.0, 0.16851, 0.06633], [0.28382, 0.27907, 0.30535, 0.29259, 0.26968, 0.30218, 0.16851, 0.0, 0.1076], [0.21552, 0.20785, 0.26154, 0.28016, 0.27145, 0.27883, 0.06633, 0.1076, 0.0]], "features_1": [[-0.06384035785410935, 0.7803353171711527, 0.0, 0.23891840448564483, 0.4830445876496952, 0.14103227598627896, 0.22100348699500644, 0.666705582727883, 0.4231045972173284, 0.19267961431561864, 0.007783488497544067, 0.6166583683649789, 0.6565049711168467, 0.6835493164450899, 0.7978879019534292, 0.7113611521630078, 0.5988573857749279], [0.461295896576837, 0.7731653067615396, 0.0, 0.27220957431337867, 0.47630080615140036, 0.1444726630258444, 0.16001749184559416, 0.6607018898113008, 0.44801299765670843, 0.19358912626113, 0.008117752083540042, 0.5985990849761806, 0.6464997637243648, 0.6806896052273949, 0.8018466520724179, 0.6947691737479956, 0.6112665543322517], [-0.07359876810708332, 0.876418711519323, 0.0, 0.23645341542153667, 0.511646998312549, 0.13991260256562704, 0.1869703221163988, 0.6668943363634248, 0.4171000061741792, 0.21183746832796269, 0.007671947615560004, 0.6201757170705364, 0.6479084767189663, 0.6762406071155047, 0.7923374528905294, 0.6953640414814649, 0.59373010931966], [-0.1601269375124872, 0.8401999339653897, 0.0, 0.2296190970183212, 0.505641428309568, 0.13949075299857705, 0.26606326165974037, 0.671385410314246, 0.4190999349615978, 0.20462639396791693, 0.007560346756364078, 0.6329993594928902, 0.6610852645048148, 0.6868585036032846, 0.8046973320637794, 0.7239312644874257, 0.6013126019081478], [0.2921677524717241, 0.8088697539087799, 0.0, 0.2511290111726305, 0.48557214316079866, 0.14353207844545948, 0.17182876702555278, 0.6625204742810801, 0.44194378127450573, 0.2015324597742023, 0.00822905385914674, 0.6041060499911584, 0.6677302536144373, 0.6947735996152111, 0.8014401812578825, 0.7135261212510415, 0.6130110447708262], [-0.20179907265367758, 0.8789468957521557, 0.0, 0.2329312689077951, 0.5096298538621453, 0.14285626442638094, 0.19735208227579903, 0.6647005637656069, 0.4371630356859444, 0.218049015498196, 0.00822905385914674, 0.6245598349720272, 0.6584034039817966, 0.6833625095783773, 0.8026920405558601, 0.6903066830144061, 0.6058822326402571], [-0.4106220552660629, 0.8985630167045249, 0.0, 0.19587930411846471, 0.5082395275433942, 0.14382044152721776, 0.18323921130914655, 0.6623638904202427, 0.43721137326408943, 0.2267103206658545, 0.007950687539111767, 0.6449802356320067, 0.6571607137890303, 0.6894122777846536, 0.8023645686020671, 0.6854541126059336, 0.599806126022497], [-0.28759662686582255, 0.742336751235967, 0.0, 0.21520953315269634, 0.45856149176876615, 0.14901291530638372, 0.19182619433489237, 0.6569450325505445, 0.4739923151152443, 0.19775722492838455, 0.008618141428105908, 0.6428754890333388, 0.6749756251999575, 0.7291225662474957, 0.8152847272117535, 0.7319042490715816, 0.6205255299772877], [-0.5093218765246901, 0.7787159722121615, 0.0, 0.217810711352819, 0.4694376128118442, 0.14856755106578184, 0.19449737808540563, 0.6563761675173981, 0.4668124957408222, 0.2066427345368118, 0.008284682400665488, 0.6514300290002146, 0.6757253997173007, 0.7209458829382166, 0.8112387978500845, 0.719229825812113, 0.6108755530233554]], "features_2": [[0.1473813241266302, 0.6598613709247823, 0.0, 0.23541666725951693, 0.4784852504880387, 0.12309462874177968, 0.30466841315704657, 0.6868550709440553, 0.34541033131141985, 0.1449303167008471, 0.00716927026363523, 0.5935370530289217, 0.6497959149073276, 0.6676190767381196, 0.7705758469804149, 0.6695098779405178, 0.5853191695669471], [-0.0637858746394464, 0.716448349349162, 0.0, 0.24665873923255802, 0.489288731573003, 0.12555868316029792, 0.2005971706340425, 0.6832844475755818, 0.3475180272860383, 0.16084563714024958, 0.007336964783822175, 0.6046271553208498, 0.6300121356319187, 0.6562825860598105, 0.7629712387444384, 0.6887399674217024, 0.592022015325477], [0.13233321879837678, 0.7999534059863257, 0.0, 0.2510349442734858, 0.5202960663171121, 0.1238787613941278, 0.2567352923666391, 0.6856604000708562, 0.34264118007834, 0.17601004798522335, 0.007001439975721224, 0.5956240082786626, 0.6431536718828584, 0.6589873135645176, 0.767371615387147, 0.6826223037150856, 0.5869923353892675], [0.30046172690695583, 0.7723361280454936, 0.0, 0.2866460035209964, 0.5111020402991175, 0.12461784040788154, 0.31991886761018123, 0.6857577673860888, 0.34648548589777417, 0.1715714987452286, 0.00716927026363523, 0.588911077090994, 0.6504448439843914, 0.6647933171126241, 0.7734392738575542, 0.6847663480705716, 0.587238676859984], [0.23194509175644118, 0.6430191399219066, 0.0, 0.27360122316857655, 0.46438330909421194, 0.12539389957208003, 0.2459995609277783, 0.6841579428411401, 0.3492856392079007, 0.14374658120646777, 0.007281081678807366, 0.5932959321795486, 0.6414568833231916, 0.6618156637093043, 0.7690068438071043, 0.685369177446325, 0.5914869671894181], [0.3617710150686655, 0.7788122034845159, 0.0, 0.2708870585415084, 0.5137689010118922, 0.12549346162274003, 0.325669302498148, 0.6855440699485746, 0.3452160716681081, 0.1723312631540279, 0.007057398507269275, 0.593035763386204, 0.6471527030610765, 0.6724637306708091, 0.7790326985436115, 0.7031062385551298, 0.5974339598459627], [0.02255551906826936, 0.712977689838666, 0.0, 0.2241045676884947, 0.4848069634896867, 0.1298961104906527, 0.2659111457694522, 0.6809986782328901, 0.35322928031588363, 0.1634606375251808, 0.007057398507269275, 0.6009040052444465, 0.6439098833329945, 0.6578777790834708, 0.7827965551420132, 0.6786790887909688, 0.5897433873841054], [0.18234763673745524, 0.6048233012450925, 0.0, 0.17395776825449807, 0.4472343135290911, 0.12875614505605867, 0.29809907092772436, 0.6825444733532162, 0.36530522750252303, 0.1374556939271796, 0.007504523810135222, 0.6159679638864768, 0.6548707643482976, 0.6757791717265705, 0.7827911251473806, 0.7140028144369643, 0.595049186972119], [0.03438036132595945, 0.631344028768574, 0.0, 0.22231683084807333, 0.455323679811032, 0.13003761220077134, 0.28130700065446634, 0.6813803229190223, 0.3734887784432128, 0.1464058388771552, 0.007616154688146137, 0.613671993216031, 0.6628738657911694, 0.6800701199584753, 0.7856063949677692, 0.7153061298178796, 0.5986352182551673]]}