{"labels_1": ["1", "2", "3", "4", "5", "6", "7", "8", "9"], "labels_2": ["1", "2", "3", "4", "5", "6", "7", "8", "9"], "adj_matrix_1": [[0.0, 0.21131, 0.12611, 0.22906, 0.15965, 0.03414, 0.32096, 0.09178, 0.3296], [0.21131, 0.0, 0.28508, 0.32663, 0.06868, 0.23391, 0.34904, 0.26771, 0.3506], [0.12611, 0.28508, 0.0, 0.11714, 0.25524, 0.09384, 0.23453, 0.03619, 0.24616], [0.22906, 0.32663, 0.11714, 0.0, 0.31789, 0.20209, 0.12873, 0.15091, 0.14208], [0.15965, 0.06868, 0.25524, 0.31789, 0.0, 0.18767, 0.36139, 0.23138, 0.36496], [0.03414, 0.23391, 0.09384, 0.20209, 0.18767, 0.0, 0.30204, 0.05849, 0.31153], [0.32096, 0.34904, 0.23453, 0.12873, 0.36139, 0.30204, 0.0, 0.26244, 0.01401], [0.09178, 0.26771, 0.03619, 0.15091, 0.23138, 0.05849, 0.26244, 0.0, 0.27338], [0.3296, 0.3506, 0.24616, 0.14208, 0.36496, 0.31153, 0.01401, 0.27338, 0.0]], "adj_matrix_2": [[0.0, 0.23373, 0.01481, 0.07819, 0.25734, 0.02053, 0.15266, 0.24107, 0.22965], [0.23373, 0.0, 0.23081, 0.23201, 0.18056, 0.22936, 0.14543, 0.28626, 0.31979], [0.01481, 0.23081, 0.0, 0.09156, 0.26293, 0.00575, 0.14215, 0.25071, 0.24036], [0.07819, 0.23201, 0.09156, 0.0, 0.21593, 0.09659, 0.19553, 0.18453, 0.17006], [0.25734, 0.18056, 0.26293, 0.21593, 0.0, 0.26486, 0.26769, 0.14887, 0.20736], [0.02053, 0.22936, 0.00575, 0.09659, 0.26486, 0.0, 0.13786, 0.25433, 0.24445], [0.15266, 0.14543, 0.14215, 0.19553, 0.26769, 0.13786, 0.0, 0.31241, 0.32067], [0.24107, 0.28626, 0.25071, 0.18453, 0.14887, 0.25433, 0.31241, 0.0, 0.06623], [0.22965, 0.31979, 0.24036, 0.17006, 0.20736, 0.24445, 0.32067, 0.06623, 0.0]], "features_1": [[-0.06384035785410935, 0.7803353171711527, 0.0, 0.23891840448564483, 0.4830445876496952, 0.14103227598627896, 0.22100348699500644, 0.666705582727883, 0.4231045972173284, 0.19267961431561864, 0.007783488497544067, 0.6166583683649789, 0.6565049711168467, 0.6835493164450899, 0.7978879019534292, 0.7113611521630078, 0.5988573857749279], [0.461295896576837, 0.7731653067615396, 0.0, 0.27220957431337867, 0.47630080615140036, 0.1444726630258444, 0.16001749184559416, 0.6607018898113008, 0.44801299765670843, 0.19358912626113, 0.008117752083540042, 0.5985990849761806, 0.6464997637243648, 0.6806896052273949, 0.8018466520724179, 0.6947691737479956, 0.6112665543322517], [-0.07359876810708332, 0.876418711519323, 0.0, 0.23645341542153667, 0.511646998312549, 0.13991260256562704, 0.1869703221163988, 0.6668943363634248, 0.4171000061741792, 0.21183746832796269, 0.007671947615560004, 0.6201757170705364, 0.6479084767189663, 0.6762406071155047, 0.7923374528905294, 0.6953640414814649, 0.59373010931966], [-0.1601269375124872, 0.8401999339653897, 0.0, 0.2296190970183212, 0.505641428309568, 0.13949075299857705, 0.26606326165974037, 0.671385410314246, 0.4190999349615978, 0.20462639396791693, 0.007560346756364078, 0.6329993594928902, 0.6610852645048148, 0.6868585036032846, 0.8046973320637794, 0.7239312644874257, 0.6013126019081478], [0.2921677524717241, 0.8088697539087799, 0.0, 0.2511290111726305, 0.48557214316079866, 0.14353207844545948, 0.17182876702555278, 0.6625204742810801, 0.44194378127450573, 0.2015324597742023, 0.00822905385914674, 0.6041060499911584, 0.6677302536144373, 0.6947735996152111, 0.8014401812578825, 0.7135261212510415, 0.6130110447708262], [-0.20179907265367758, 0.8789468957521557, 0.0, 0.2329312689077951, 0.5096298538621453, 0.14285626442638094, 0.19735208227579903, 0.6647005637656069, 0.4371630356859444, 0.218049015498196, 0.00822905385914674, 0.6245598349720272, 0.6584034039817966, 0.6833625095783773, 0.8026920405558601, 0.6903066830144061, 0.6058822326402571], [-0.4106220552660629, 0.8985630167045249, 0.0, 0.19587930411846471, 0.5082395275433942, 0.14382044152721776, 0.18323921130914655, 0.6623638904202427, 0.43721137326408943, 0.2267103206658545, 0.007950687539111767, 0.6449802356320067, 0.6571607137890303, 0.6894122777846536, 0.8023645686020671, 0.6854541126059336, 0.599806126022497], [-0.28759662686582255, 0.742336751235967, 0.0, 0.21520953315269634, 0.45856149176876615, 0.14901291530638372, 0.19182619433489237, 0.6569450325505445, 0.4739923151152443, 0.19775722492838455, 0.008618141428105908, 0.6428754890333388, 0.6749756251999575, 0.7291225662474957, 0.8152847272117535, 0.7319042490715816, 0.6205255299772877], [-0.5093218765246901, 0.7787159722121615, 0.0, 0.217810711352819, 0.4694376128118442, 0.14856755106578184, 0.19449737808540563, 0.6563761675173981, 0.4668124957408222, 0.2066427345368118, 0.008284682400665488, 0.6514300290002146, 0.6757253997173007, 0.7209458829382166, 0.8112387978500845, 0.719229825812113, 0.6108755530233554]], "features_2": [[0.66451999547761, 0.832227035888367, 0.0, 0.2808107629175155, 0.514972470680869, 0.13015347337835795, 0.2826513816874773, 0.6813318468267159, 0.37642568702028556, 0.18948759308293672, 0.007783488497544067, 0.584865967475692, 0.6474038449263916, 0.6771759019162875, 0.7850920872591552, 0.7050524427145922, 0.5977144584415184], [0.2705211876697713, 0.8148364071742734, 0.0, 0.27722277859845934, 0.5123764300472496, 0.12680493426559572, 0.2649906258950502, 0.6831466341020294, 0.34813576980100547, 0.18254606043897614, 0.007560346756364078, 0.595778100415119, 0.6340873321928584, 0.6567482810170509, 0.7715896583173488, 0.6826991139402164, 0.5932760282282358], [0.8214890884738875, 0.9792674724207497, 0.0, 0.2882969542150533, 0.5545864819389555, 0.12737216226542597, 0.24679949197304296, 0.6827458680364196, 0.35318238285061976, 0.2124838302509966, 0.007336964783822175, 0.582678192426195, 0.6307840759447557, 0.6529090393223674, 0.7737040396444474, 0.6963759030048421, 0.5906400409807585], [1.1268449801746394, 1.0356754724856754, 0.0, 0.26559880541820535, 0.5622747187114008, 0.12916217093272536, 0.18721286214828864, 0.6797814910425348, 0.35381409271723774, 0.2234800560328245, 0.007392832833969631, 0.5727524034836287, 0.6254164006819813, 0.6520970663270628, 0.7699833005041751, 0.6958320846796633, 0.5840785980806887], [0.22998853529358598, 0.8512039059264932, 0.0, 0.2416091893381982, 0.5277481853100124, 0.12286542097722024, 0.2722034567145933, 0.6861974229368925, 0.32020589235568253, 0.18180775220672962, 0.00677745458930179, 0.5956429102968932, 0.6184067372545531, 0.6446070975276909, 0.7613635180101407, 0.6859175803109709, 0.5723332675409162], [0.7667910844335162, 1.064715955522468, 0.0, 0.2898108039759138, 0.5754079363104171, 0.1278023870907418, 0.26636964664714, 0.6830288985767184, 0.35288554539420147, 0.2285541255482444, 0.007392832833969631, 0.5819088146356401, 0.6358924115701842, 0.6699648551445937, 0.7768462420970191, 0.6841204067911868, 0.5878420030392908], [0.497769822690743, 1.1565313413743648, 0.0, 0.2595320728290856, 0.5832438297412885, 0.1294772772269232, 0.15185311504715598, 0.6780476225484875, 0.3426454896228277, 0.24482158424693634, 0.007057398507269275, 0.5880086784962681, 0.6287153449733978, 0.6396733254733402, 0.7602334665072136, 0.689301343272582, 0.5769459072474937], [0.11948677292938825, 0.9117562119089643, 0.0, 0.1948483384593142, 0.5461309913677979, 0.12074969967532315, 0.2530375586364329, 0.6877380463819556, 0.32785528265154706, 0.1932318372197943, 0.0069454663283523566, 0.6132979348750056, 0.6447452266949858, 0.6684062194027698, 0.7581644544430531, 0.6813891873642713, 0.5545680563906807], [-0.027504210169257526, 0.9640375892078532, 0.0, 0.22660893467920262, 0.5523819482823173, 0.12339219205227003, 0.21607545794579935, 0.6851363171269564, 0.3370615016022207, 0.2073399430056848, 0.007392832833969631, 0.6131499675955612, 0.631972403297086, 0.6470644042701053, 0.7578373467532222, 0.6738439598294536, 0.5663426984124548]]}