{"labels_1": ["1", "2", "3", "4", "5", "6", "7", "8", "9"], "labels_2": ["1", "2", "3", "4", "5", "6", "7", "8", "9"], "adj_matrix_1": [[0.0, 0.23716, 0.07187, 0.16446, 0.30489, 0.23498, 0.3141, 0.2958, 0.24546], [0.23716, 0.0, 0.17408, 0.08293, 0.09351, 0.00271, 0.10834, 0.07946, 0.01035], [0.07187, 0.17408, 0.0, 0.09566, 0.25185, 0.17172, 0.26312, 0.241, 0.18334], [0.16446, 0.08293, 0.09566, 0.0, 0.17121, 0.08031, 0.18473, 0.15836, 0.09302], [0.30489, 0.09351, 0.25185, 0.17121, 0.0, 0.09609, 0.01554, 0.01451, 0.08347], [0.23498, 0.00271, 0.17172, 0.08031, 0.09609, 0.0, 0.11095, 0.08208, 0.01307], [0.3141, 0.10834, 0.26312, 0.18473, 0.01554, 0.11095, 0.0, 0.03002, 0.09847], [0.2958, 0.07946, 0.241, 0.15836, 0.01451, 0.08208, 0.03002, 0.0, 0.06932], [0.24546, 0.01035, 0.18334, 0.09302, 0.08347, 0.01307, 0.09847, 0.06932, 0.0]], "adj_matrix_2": [[0.0, 0.10593, 0.07716, 0.01612, 0.11714, 0.12116, 0.04254, 0.04051, 0.07652], [0.10593, 0.0, 0.11304, 0.10175, 0.08842, 0.07514, 0.09369, 0.11304, 0.11315], [0.07716, 0.11304, 0.0, 0.08936, 0.06856, 0.08383, 0.10691, 0.0412, 0.00083], [0.01612, 0.10175, 0.08936, 0.0, 0.12194, 0.1238, 0.027, 0.05547, 0.08876], [0.11714, 0.08842, 0.06856, 0.12194, 0.0, 0.02057, 0.12681, 0.09798, 0.06923], [0.12116, 0.07514, 0.08383, 0.1238, 0.02057, 0.0, 0.12524, 0.10781, 0.0844], [0.04254, 0.09369, 0.10691, 0.027, 0.12681, 0.12524, 0.0, 0.07865, 0.10644], [0.04051, 0.11304, 0.0412, 0.05547, 0.09798, 0.10781, 0.07865, 0.0, 0.04042], [0.07652, 0.11315, 0.00083, 0.08876, 0.06923, 0.0844, 0.10644, 0.04042, 0.0]], "features_1": [[-0.06357116037907007, 0.8598792180545535, 0.0, 0.2628151014770411, 0.5370029878069907, 0.1187779246508534, 0.25924126084047716, 0.6887776083171895, 0.3197293796583556, 0.18180482386528252, 0.007001439975721224, 0.617695500498086, 0.6320905890577994, 0.6484030294862506, 0.7527706228056148, 0.6622325787765151, 0.5615682145763653], [0.05763238484972533, 0.8524106983240077, 0.0, 0.26220556838450637, 0.5338372190725694, 0.12006828706837594, 0.24883864476500078, 0.6879539494019502, 0.3305933912843497, 0.18202156500474098, 0.00711334193318236, 0.6122909466929987, 0.6324766720067232, 0.6464980639517747, 0.7547708797034546, 0.6694094774694532, 0.5677655437454266], [-0.02714608516845063, 1.0017035027845307, 0.0, 0.2674011763738759, 0.5724938896377035, 0.11855062300894946, 0.2583565799030538, 0.6888632379368822, 0.3243049710464363, 0.20925255743366478, 0.007057398507269275, 0.6142946682368018, 0.6286776440010184, 0.6399559968528428, 0.7513480668893893, 0.6746898958539717, 0.5637018029393225], [0.06232893182150967, 1.0401890983451574, 0.0, 0.24261357730676691, 0.5784853418251086, 0.12044845365432949, 0.25489537492756825, 0.6876903929755469, 0.324000231756588, 0.21708707405706718, 0.0069454663283523566, 0.6115269124138889, 0.6433132287636536, 0.6488240449479558, 0.7562895974179331, 0.6729276640823049, 0.5659103077557318], [0.29636317784868815, 0.8887315805073704, 0.0, 0.24851126667853352, 0.5431005820639797, 0.11971729454150037, 0.20914275325761764, 0.6875578037233466, 0.3211486333434741, 0.18595492221674892, 0.007560346756364078, 0.59966148399034, 0.6239780718899816, 0.6204245336281681, 0.7477094653547477, 0.6725775657051278, 0.5517248198789824], [0.1462862554391653, 1.0548449614873998, 0.0, 0.27100776390839926, 0.5884489992462734, 0.1175444809416256, 0.32082179230285846, 0.6899594038250134, 0.32453343826919867, 0.21671859877556154, 0.007001439975721224, 0.604382932614874, 0.6357585848837709, 0.6483708725096473, 0.7555521743329907, 0.6912916707848877, 0.5555631274554823], [0.07647350264379815, 1.0922372549138375, 0.0, 0.2426225918399981, 0.5968658918418169, 0.11574182096825789, 0.2879713036978764, 0.6904753376353552, 0.29942036434427544, 0.21901153257160866, 0.00677745458930179, 0.5999783460557095, 0.6431142035346005, 0.6529982132687608, 0.7463373324938394, 0.6577519566196554, 0.5415029211191582], [0.08425892119490319, 0.9217785322396594, 0.0, 0.22846982579389405, 0.5577813956609564, 0.11675195111987371, 0.2589396509875172, 0.6897359280789924, 0.29720302095704043, 0.18980604842276594, 0.00683347364535547, 0.5968662280776886, 0.6412465644697921, 0.6461993734454818, 0.7452330415643419, 0.6603885153391124, 0.54337841088821], [0.014003401814276284, 1.0129019329674445, 0.0, 0.23850171589819982, 0.5836576722427212, 0.11405841450079865, 0.31770590720374725, 0.6913053039521646, 0.284755109303678, 0.2012830289049241, 0.006721420376576193, 0.5964863610569924, 0.646184621114778, 0.6518397847556991, 0.7422385387425233, 0.6706911268244512, 0.5421927363702321]], "features_2": [[3.3185358390663424, 0.8259201897716354, 0.0, 0.373831780535581, 0.5308721795035428, 0.12399712768189891, 0.3470230384410293, 0.687092422077243, 0.38444691012735577, 0.17318488361970563, 0.007950687539111767, 0.5506447496360392, 0.6128924611907782, 0.6300553890329833, 0.7771590782656543, 0.7393461802256077, 0.5693867228155278], [5.072248743084849, 0.9382838508445889, 0.0, 0.44670632022067774, 0.5477307391637373, 0.1297917906027898, 0.24630264181178063, 0.6813267803321892, 0.4280424936622764, 0.2017432769378007, 0.008507047823598457, 0.5439260788127844, 0.6139902256647906, 0.6296496091310505, 0.7806107898228205, 0.7305664616320698, 0.5916758293148782], [3.844810176436699, 0.9658528370234429, 0.0, 0.3896827838953354, 0.5682502842479163, 0.1242472305611721, 0.3503635066340777, 0.6871240796026425, 0.3853606239531524, 0.19988867673674982, 0.008062078829516484, 0.5454409847264816, 0.6327224399807526, 0.6433471291840023, 0.7783243527284279, 0.754420076189644, 0.573953371866813], [3.0803377870892446, 0.968362501292938, 0.0, 0.3714575691253383, 0.5639545252330884, 0.12548853322429512, 0.3128071137301937, 0.6856300567854814, 0.3824554957759485, 0.20339011316178812, 0.00783923647221818, 0.5533811081968851, 0.6254618916412416, 0.6500664707151963, 0.7782811799176703, 0.7406473900039117, 0.5756642780048079], [3.774803307505082, 0.9331281640742479, 0.0, 0.4254095204192003, 0.5429820822414282, 0.130452187896803, 0.2501436894224554, 0.681296558347308, 0.42928984239567813, 0.2068340014666401, 0.008507047823598457, 0.5486086803233441, 0.6107993131645554, 0.6328251546290173, 0.7834925321898903, 0.7291805423534589, 0.5945291304652771], [4.376483835435718, 0.9845450220972815, 0.0, 0.4062555424831294, 0.5683463995312065, 0.12654726341778572, 0.3737648136243436, 0.6862919538135642, 0.3980944957731112, 0.20733406123144138, 0.007727725548673403, 0.5383972540203377, 0.6287470276640419, 0.6519166832558946, 0.7865877959179992, 0.751384233127494, 0.5746721629957939], [2.0991646543166906, 1.0154780106969052, 0.0, 0.32933374615628114, 0.5691133818610525, 0.1291029894957031, 0.29647658261609494, 0.6828218418541541, 0.3851870921585947, 0.2192253979624328, 0.007504523810135222, 0.5656566408186017, 0.6320511290157083, 0.6471202544307867, 0.7841773534072473, 0.7174388785849304, 0.5952705254000746], [4.244567613882653, 0.8939908275124725, 0.0, 0.4068920962600324, 0.5407046808031398, 0.1288755900371321, 0.32402668451424504, 0.6839380069284707, 0.41693065982364375, 0.194208006727127, 0.008284682400665488, 0.5389249719331859, 0.6283505163510162, 0.6573096378106098, 0.7881339463955247, 0.7263690425449448, 0.5919209367551136], [3.0744128418055725, 0.9136873776342669, 0.0, 0.3824498665665235, 0.5467537183721912, 0.12902886255120258, 0.31286092287846684, 0.683548607326107, 0.39490814768238147, 0.19937169561977197, 0.007504523810135222, 0.5518377004872033, 0.6386201464275484, 0.6612509292769352, 0.7872928802143255, 0.7254357045831008, 0.5904664796683221]]}