{"labels_1": ["1", "2", "3", "4", "5", "6", "7", "8", "9"], "labels_2": ["1", "2", "3", "4", "5", "6", "7", "8", "9"], "adj_matrix_1": [[0.0, 0.23716, 0.07187, 0.16446, 0.30489, 0.23498, 0.3141, 0.2958, 0.24546], [0.23716, 0.0, 0.17408, 0.08293, 0.09351, 0.00271, 0.10834, 0.07946, 0.01035], [0.07187, 0.17408, 0.0, 0.09566, 0.25185, 0.17172, 0.26312, 0.241, 0.18334], [0.16446, 0.08293, 0.09566, 0.0, 0.17121, 0.08031, 0.18473, 0.15836, 0.09302], [0.30489, 0.09351, 0.25185, 0.17121, 0.0, 0.09609, 0.01554, 0.01451, 0.08347], [0.23498, 0.00271, 0.17172, 0.08031, 0.09609, 0.0, 0.11095, 0.08208, 0.01307], [0.3141, 0.10834, 0.26312, 0.18473, 0.01554, 0.11095, 0.0, 0.03002, 0.09847], [0.2958, 0.07946, 0.241, 0.15836, 0.01451, 0.08208, 0.03002, 0.0, 0.06932], [0.24546, 0.01035, 0.18334, 0.09302, 0.08347, 0.01307, 0.09847, 0.06932, 0.0]], "adj_matrix_2": [[0.0, 0.21115, 0.03212, 0.14929, 0.06174, 0.10115, 0.00779, 0.27746, 0.19345], [0.21115, 0.0, 0.22858, 0.08956, 0.1702, 0.2588, 0.20623, 0.29334, 0.28494], [0.03212, 0.22858, 0.0, 0.17504, 0.09261, 0.07043, 0.03985, 0.25933, 0.16751], [0.14929, 0.08956, 0.17504, 0.0, 0.09436, 0.2245, 0.14277, 0.3153, 0.27881], [0.06174, 0.1702, 0.09261, 0.09436, 0.0, 0.15641, 0.05407, 0.30317, 0.23643], [0.10115, 0.2588, 0.07043, 0.2245, 0.15641, 0.0, 0.10847, 0.20924, 0.10358], [0.00779, 0.20623, 0.03985, 0.14277, 0.05407, 0.10847, 0.0, 0.28149, 0.19947], [0.27746, 0.29334, 0.25933, 0.3153, 0.30317, 0.20924, 0.28149, 0.0, 0.11692], [0.19345, 0.28494, 0.16751, 0.27881, 0.23643, 0.10358, 0.19947, 0.11692, 0.0]], "features_1": [[-0.06357116037907007, 0.8598792180545535, 0.0, 0.2628151014770411, 0.5370029878069907, 0.1187779246508534, 0.25924126084047716, 0.6887776083171895, 0.3197293796583556, 0.18180482386528252, 0.007001439975721224, 0.617695500498086, 0.6320905890577994, 0.6484030294862506, 0.7527706228056148, 0.6622325787765151, 0.5615682145763653], [0.05763238484972533, 0.8524106983240077, 0.0, 0.26220556838450637, 0.5338372190725694, 0.12006828706837594, 0.24883864476500078, 0.6879539494019502, 0.3305933912843497, 0.18202156500474098, 0.00711334193318236, 0.6122909466929987, 0.6324766720067232, 0.6464980639517747, 0.7547708797034546, 0.6694094774694532, 0.5677655437454266], [-0.02714608516845063, 1.0017035027845307, 0.0, 0.2674011763738759, 0.5724938896377035, 0.11855062300894946, 0.2583565799030538, 0.6888632379368822, 0.3243049710464363, 0.20925255743366478, 0.007057398507269275, 0.6142946682368018, 0.6286776440010184, 0.6399559968528428, 0.7513480668893893, 0.6746898958539717, 0.5637018029393225], [0.06232893182150967, 1.0401890983451574, 0.0, 0.24261357730676691, 0.5784853418251086, 0.12044845365432949, 0.25489537492756825, 0.6876903929755469, 0.324000231756588, 0.21708707405706718, 0.0069454663283523566, 0.6115269124138889, 0.6433132287636536, 0.6488240449479558, 0.7562895974179331, 0.6729276640823049, 0.5659103077557318], [0.29636317784868815, 0.8887315805073704, 0.0, 0.24851126667853352, 0.5431005820639797, 0.11971729454150037, 0.20914275325761764, 0.6875578037233466, 0.3211486333434741, 0.18595492221674892, 0.007560346756364078, 0.59966148399034, 0.6239780718899816, 0.6204245336281681, 0.7477094653547477, 0.6725775657051278, 0.5517248198789824], [0.1462862554391653, 1.0548449614873998, 0.0, 0.27100776390839926, 0.5884489992462734, 0.1175444809416256, 0.32082179230285846, 0.6899594038250134, 0.32453343826919867, 0.21671859877556154, 0.007001439975721224, 0.604382932614874, 0.6357585848837709, 0.6483708725096473, 0.7555521743329907, 0.6912916707848877, 0.5555631274554823], [0.07647350264379815, 1.0922372549138375, 0.0, 0.2426225918399981, 0.5968658918418169, 0.11574182096825789, 0.2879713036978764, 0.6904753376353552, 0.29942036434427544, 0.21901153257160866, 0.00677745458930179, 0.5999783460557095, 0.6431142035346005, 0.6529982132687608, 0.7463373324938394, 0.6577519566196554, 0.5415029211191582], [0.08425892119490319, 0.9217785322396594, 0.0, 0.22846982579389405, 0.5577813956609564, 0.11675195111987371, 0.2589396509875172, 0.6897359280789924, 0.29720302095704043, 0.18980604842276594, 0.00683347364535547, 0.5968662280776886, 0.6412465644697921, 0.6461993734454818, 0.7452330415643419, 0.6603885153391124, 0.54337841088821], [0.014003401814276284, 1.0129019329674445, 0.0, 0.23850171589819982, 0.5836576722427212, 0.11405841450079865, 0.31770590720374725, 0.6913053039521646, 0.284755109303678, 0.2012830289049241, 0.006721420376576193, 0.5964863610569924, 0.646184621114778, 0.6518397847556991, 0.7422385387425233, 0.6706911268244512, 0.5421927363702321]], "features_2": [[0.1336862172796871, 0.766492495600961, 0.0, 0.25976920905218753, 0.5103171693151757, 0.12695408776734127, 0.4169446227030356, 0.6861022274007339, 0.3773769918791685, 0.1718147802035459, 0.007671947615560004, 0.6102601649199881, 0.6680402020489822, 0.6831155155304813, 0.7911643948282119, 0.7184902930623884, 0.5899618868705305], [0.6551870024773296, 0.7448583919910631, 0.0, 0.30171376956968493, 0.5004729338350763, 0.1260911665004598, 0.29691579538956175, 0.6846978699430135, 0.36146050348839065, 0.1651417294591606, 0.007504523810135222, 0.5868178437715654, 0.6303095881211364, 0.6544800564102318, 0.7776783671039015, 0.7116516872544606, 0.5760141632854493], [0.1144338503385125, 0.8986227862254141, 0.0, 0.2669977816215088, 0.5495238846261364, 0.12459574435928089, 0.3854293291393091, 0.6871968838323819, 0.3632272121730795, 0.19553738279588684, 0.007281081678807366, 0.6057333979350275, 0.6671904578321372, 0.6794942441461612, 0.7822669544774884, 0.7120990529731825, 0.582217269859454], [0.3515927405762209, 0.9532727928137767, 0.0, 0.23811709073820744, 0.5588901295908049, 0.12552124096342435, 0.34857294029120994, 0.6857347045029027, 0.3574752613437975, 0.2049524470630315, 0.007560346756364078, 0.5969716404079359, 0.6533265893797083, 0.6581996824100633, 0.7790887568918463, 0.6986804356479207, 0.5867806641216198], [0.3815772594143505, 0.7356198355837879, 0.0, 0.28300435556284315, 0.4986489350309645, 0.12447194266083506, 0.3161567199622645, 0.6860322067562896, 0.334147509033637, 0.16037139264957223, 0.00683347364535547, 0.5925504315585779, 0.6425555996733162, 0.6682476701108113, 0.7763469994681658, 0.6947102705689758, 0.5679080279968026], [0.19628658278550004, 0.9608806008091141, 0.0, 0.26275836251108575, 0.5611621518121532, 0.1273806744573029, 0.4092316418651102, 0.6860810970248226, 0.3727247457629639, 0.21152554540822432, 0.007504523810135222, 0.6075233883971514, 0.6435815663611832, 0.6800233076598605, 0.7912000845612674, 0.7183457652593005, 0.598522003063349], [0.34416321722981635, 1.009766892950374, 0.0, 0.24110747513877887, 0.5689298717052778, 0.12438203430905632, 0.31541978821046757, 0.6858788583986364, 0.34210842816384, 0.2144744881795262, 0.007001439975721224, 0.5923964243661701, 0.6275339095733778, 0.6532634397986107, 0.7719493255355272, 0.6942392236421191, 0.5856645533654101], [-0.2575465824867944, 0.8350216318350957, 0.0, 0.22369150604689908, 0.5307669842652337, 0.1182973829267413, 0.2984885820521626, 0.6894087988755127, 0.29587768916483803, 0.175722302383168, 0.006609306440138685, 0.6067092866878165, 0.6356526301044791, 0.6419496188867296, 0.7555529808575837, 0.6725028832549707, 0.5626915789897484], [0.1666628314788703, 0.882088578298746, 0.0, 0.24478684699269587, 0.5454196486707812, 0.11709690426002953, 0.3605762834515211, 0.6903552925089116, 0.2929180787023775, 0.18117190295447072, 0.006889477554966383, 0.5972343940584626, 0.6392375200333306, 0.649492812207376, 0.7566039112723135, 0.6784306955116738, 0.5553426873217296]]}