{"labels_1": ["1", "2", "3", "4", "5", "6", "7", "8", "9"], "labels_2": ["1", "2", "3", "4", "5", "6", "7", "8", "9"], "adj_matrix_1": [[0.0, 0.23716, 0.07187, 0.16446, 0.30489, 0.23498, 0.3141, 0.2958, 0.24546], [0.23716, 0.0, 0.17408, 0.08293, 0.09351, 0.00271, 0.10834, 0.07946, 0.01035], [0.07187, 0.17408, 0.0, 0.09566, 0.25185, 0.17172, 0.26312, 0.241, 0.18334], [0.16446, 0.08293, 0.09566, 0.0, 0.17121, 0.08031, 0.18473, 0.15836, 0.09302], [0.30489, 0.09351, 0.25185, 0.17121, 0.0, 0.09609, 0.01554, 0.01451, 0.08347], [0.23498, 0.00271, 0.17172, 0.08031, 0.09609, 0.0, 0.11095, 0.08208, 0.01307], [0.3141, 0.10834, 0.26312, 0.18473, 0.01554, 0.11095, 0.0, 0.03002, 0.09847], [0.2958, 0.07946, 0.241, 0.15836, 0.01451, 0.08208, 0.03002, 0.0, 0.06932], [0.24546, 0.01035, 0.18334, 0.09302, 0.08347, 0.01307, 0.09847, 0.06932, 0.0]], "adj_matrix_2": [[0.0, 0.12047, 0.04498, 0.11507, 0.11473, 0.09832, 0.29856, 0.26359, 0.17042], [0.12047, 0.0, 0.07704, 0.00568, 0.00602, 0.20821, 0.20274, 0.16038, 0.05382], [0.04498, 0.07704, 0.0, 0.07146, 0.07114, 0.14058, 0.26661, 0.2284, 0.12909], [0.11507, 0.00568, 0.07146, 0.0, 0.00034, 0.2035, 0.2077, 0.1656, 0.05944], [0.11473, 0.00602, 0.07114, 0.00034, 0.0, 0.20322, 0.20806, 0.16593, 0.05978], [0.09832, 0.20821, 0.14058, 0.2035, 0.20322, 0.0, 0.35236, 0.3258, 0.25082], [0.29856, 0.20274, 0.26661, 0.2077, 0.20806, 0.35236, 0.0, 0.04637, 0.15368], [0.26359, 0.16038, 0.2284, 0.1656, 0.16593, 0.3258, 0.04637, 0.0, 0.10925], [0.17042, 0.05382, 0.12909, 0.05944, 0.05978, 0.25082, 0.15368, 0.10925, 0.0]], "features_1": [[-0.06357116037907007, 0.8598792180545535, 0.0, 0.2628151014770411, 0.5370029878069907, 0.1187779246508534, 0.25924126084047716, 0.6887776083171895, 0.3197293796583556, 0.18180482386528252, 0.007001439975721224, 0.617695500498086, 0.6320905890577994, 0.6484030294862506, 0.7527706228056148, 0.6622325787765151, 0.5615682145763653], [0.05763238484972533, 0.8524106983240077, 0.0, 0.26220556838450637, 0.5338372190725694, 0.12006828706837594, 0.24883864476500078, 0.6879539494019502, 0.3305933912843497, 0.18202156500474098, 0.00711334193318236, 0.6122909466929987, 0.6324766720067232, 0.6464980639517747, 0.7547708797034546, 0.6694094774694532, 0.5677655437454266], [-0.02714608516845063, 1.0017035027845307, 0.0, 0.2674011763738759, 0.5724938896377035, 0.11855062300894946, 0.2583565799030538, 0.6888632379368822, 0.3243049710464363, 0.20925255743366478, 0.007057398507269275, 0.6142946682368018, 0.6286776440010184, 0.6399559968528428, 0.7513480668893893, 0.6746898958539717, 0.5637018029393225], [0.06232893182150967, 1.0401890983451574, 0.0, 0.24261357730676691, 0.5784853418251086, 0.12044845365432949, 0.25489537492756825, 0.6876903929755469, 0.324000231756588, 0.21708707405706718, 0.0069454663283523566, 0.6115269124138889, 0.6433132287636536, 0.6488240449479558, 0.7562895974179331, 0.6729276640823049, 0.5659103077557318], [0.29636317784868815, 0.8887315805073704, 0.0, 0.24851126667853352, 0.5431005820639797, 0.11971729454150037, 0.20914275325761764, 0.6875578037233466, 0.3211486333434741, 0.18595492221674892, 0.007560346756364078, 0.59966148399034, 0.6239780718899816, 0.6204245336281681, 0.7477094653547477, 0.6725775657051278, 0.5517248198789824], [0.1462862554391653, 1.0548449614873998, 0.0, 0.27100776390839926, 0.5884489992462734, 0.1175444809416256, 0.32082179230285846, 0.6899594038250134, 0.32453343826919867, 0.21671859877556154, 0.007001439975721224, 0.604382932614874, 0.6357585848837709, 0.6483708725096473, 0.7555521743329907, 0.6912916707848877, 0.5555631274554823], [0.07647350264379815, 1.0922372549138375, 0.0, 0.2426225918399981, 0.5968658918418169, 0.11574182096825789, 0.2879713036978764, 0.6904753376353552, 0.29942036434427544, 0.21901153257160866, 0.00677745458930179, 0.5999783460557095, 0.6431142035346005, 0.6529982132687608, 0.7463373324938394, 0.6577519566196554, 0.5415029211191582], [0.08425892119490319, 0.9217785322396594, 0.0, 0.22846982579389405, 0.5577813956609564, 0.11675195111987371, 0.2589396509875172, 0.6897359280789924, 0.29720302095704043, 0.18980604842276594, 0.00683347364535547, 0.5968662280776886, 0.6412465644697921, 0.6461993734454818, 0.7452330415643419, 0.6603885153391124, 0.54337841088821], [0.014003401814276284, 1.0129019329674445, 0.0, 0.23850171589819982, 0.5836576722427212, 0.11405841450079865, 0.31770590720374725, 0.6913053039521646, 0.284755109303678, 0.2012830289049241, 0.006721420376576193, 0.5964863610569924, 0.646184621114778, 0.6518397847556991, 0.7422385387425233, 0.6706911268244512, 0.5421927363702321]], "features_2": [[-0.16197256841851226, 0.8634354766046192, 0.0, 0.24379649100182935, 0.5058786793375399, 0.1421747714038391, 0.15559532284590033, 0.664075997579678, 0.44833819377563855, 0.21429983929882868, 0.008340296057933516, 0.6261505671089047, 0.6508039012118486, 0.6824815816106755, 0.796322861756735, 0.7115836784346172, 0.6098912507519606], [-0.18862203918026976, 0.8606413524953854, 0.0, 0.26591801318020264, 0.49929477993074156, 0.1461154853306728, 0.1345490820096927, 0.6573274364332158, 0.4801282001422742, 0.2187348984586368, 0.008673665988278678, 0.6406717108936917, 0.647867799519573, 0.6620923560977274, 0.800658713232449, 0.7414902220193302, 0.6123177397681011], [-0.2698558113482652, 1.012880507734029, 0.0, 0.2690730752729768, 0.5454705337710621, 0.1408282339145144, 0.1630823652961652, 0.6661247792203782, 0.4485252579686114, 0.24476534901870828, 0.00822905385914674, 0.6268112357175357, 0.6528142426582467, 0.6834595470210123, 0.7931183782177, 0.7147312872654383, 0.6070758380638785], [-0.3350841260992756, 0.854504332625405, 0.0, 0.18953091423062624, 0.5123609144139841, 0.1415037032209155, 0.2521803426896618, 0.6701823026138315, 0.44684198779160833, 0.21348156807650565, 0.008173410423425675, 0.640460880032252, 0.6798642606598365, 0.7030538672455098, 0.8096016634450122, 0.7151118005325429, 0.635357103188241], [-0.19132469399525265, 0.959372272361918, 0.0, 0.2654955013914175, 0.522699796817399, 0.14457327379936188, 0.12331725751438186, 0.6576959739500379, 0.45965136822656993, 0.23748180626820137, 0.008117752083540042, 0.6343250958049251, 0.6477778075852174, 0.6661700278029983, 0.792964586811142, 0.7295345800385618, 0.6005458921951768], [-0.1490349589391755, 1.010621693745487, 0.0, 0.2830795916742882, 0.5476741332752558, 0.14109637625214586, 0.20050809915692228, 0.6681464665415795, 0.44766242095276865, 0.24428973462901538, 0.008006390651371653, 0.621980460720096, 0.662112298106908, 0.6869497927830674, 0.8007476327015441, 0.7224981495266505, 0.6120898717418353], [-0.44932317181437353, 1.029035998543274, 0.0, 0.2512375834648414, 0.5443129699717532, 0.14370168517067095, 0.13916581352961116, 0.6616713880231551, 0.46220225072917054, 0.2535478262351176, 0.008451478759474051, 0.647870212064305, 0.649803007399836, 0.6900040065121844, 0.7981603131037035, 0.7199290668460824, 0.6103674692410034], [-0.3416713985163331, 0.9112041339586008, 0.0, 0.2676149292372468, 0.5208280542637724, 0.14275408689351798, 0.19567801446474178, 0.6664206703827575, 0.4482965425005663, 0.2261192014008213, 0.008117752083540042, 0.6478062660405084, 0.6704440139312414, 0.6976489888831263, 0.8047033458777704, 0.7235568718517981, 0.6099752053322396], [-0.35317867432479577, 0.9373377553042378, 0.0, 0.2833578501828944, 0.5287678635962039, 0.14115629949971145, 0.19652449548567646, 0.6681511310563604, 0.43436928003078457, 0.22892025866994392, 0.007783488497544067, 0.6406460650386769, 0.6697986498561719, 0.6975389311409242, 0.8015376687312539, 0.7208075139841955, 0.6052452452605208]]}