{"labels_1": ["1", "2", "3", "4", "5", "6", "7", "8", "9"], "labels_2": ["1", "2", "3", "4", "5", "6", "7", "8", "9"], "adj_matrix_1": [[0.0, 0.23716, 0.07187, 0.16446, 0.30489, 0.23498, 0.3141, 0.2958, 0.24546], [0.23716, 0.0, 0.17408, 0.08293, 0.09351, 0.00271, 0.10834, 0.07946, 0.01035], [0.07187, 0.17408, 0.0, 0.09566, 0.25185, 0.17172, 0.26312, 0.241, 0.18334], [0.16446, 0.08293, 0.09566, 0.0, 0.17121, 0.08031, 0.18473, 0.15836, 0.09302], [0.30489, 0.09351, 0.25185, 0.17121, 0.0, 0.09609, 0.01554, 0.01451, 0.08347], [0.23498, 0.00271, 0.17172, 0.08031, 0.09609, 0.0, 0.11095, 0.08208, 0.01307], [0.3141, 0.10834, 0.26312, 0.18473, 0.01554, 0.11095, 0.0, 0.03002, 0.09847], [0.2958, 0.07946, 0.241, 0.15836, 0.01451, 0.08208, 0.03002, 0.0, 0.06932], [0.24546, 0.01035, 0.18334, 0.09302, 0.08347, 0.01307, 0.09847, 0.06932, 0.0]], "adj_matrix_2": [[0.0, 0.066, 0.06056, 0.05724, 0.00757, 0.11983, 0.19362, 0.00859, 0.07711], [0.066, 0.0, 0.00557, 0.12052, 0.05861, 0.05685, 0.24138, 0.07433, 0.13892], [0.06056, 0.00557, 0.0, 0.11546, 0.05315, 0.06229, 0.23792, 0.06894, 0.13402], [0.05724, 0.12052, 0.11546, 0.0, 0.06466, 0.16964, 0.14468, 0.04879, 0.02033], [0.00757, 0.05861, 0.05315, 0.06466, 0.0, 0.11293, 0.19962, 0.01615, 0.08441], [0.11983, 0.05685, 0.06229, 0.16964, 0.11293, 0.0, 0.27247, 0.12758, 0.18599], [0.19362, 0.24138, 0.23792, 0.14468, 0.19962, 0.27247, 0.0, 0.18675, 0.12609], [0.00859, 0.07433, 0.06894, 0.04879, 0.01615, 0.12758, 0.18675, 0.0, 0.06877], [0.07711, 0.13892, 0.13402, 0.02033, 0.08441, 0.18599, 0.12609, 0.06877, 0.0]], "features_1": [[-0.06357116037907007, 0.8598792180545535, 0.0, 0.2628151014770411, 0.5370029878069907, 0.1187779246508534, 0.25924126084047716, 0.6887776083171895, 0.3197293796583556, 0.18180482386528252, 0.007001439975721224, 0.617695500498086, 0.6320905890577994, 0.6484030294862506, 0.7527706228056148, 0.6622325787765151, 0.5615682145763653], [0.05763238484972533, 0.8524106983240077, 0.0, 0.26220556838450637, 0.5338372190725694, 0.12006828706837594, 0.24883864476500078, 0.6879539494019502, 0.3305933912843497, 0.18202156500474098, 0.00711334193318236, 0.6122909466929987, 0.6324766720067232, 0.6464980639517747, 0.7547708797034546, 0.6694094774694532, 0.5677655437454266], [-0.02714608516845063, 1.0017035027845307, 0.0, 0.2674011763738759, 0.5724938896377035, 0.11855062300894946, 0.2583565799030538, 0.6888632379368822, 0.3243049710464363, 0.20925255743366478, 0.007057398507269275, 0.6142946682368018, 0.6286776440010184, 0.6399559968528428, 0.7513480668893893, 0.6746898958539717, 0.5637018029393225], [0.06232893182150967, 1.0401890983451574, 0.0, 0.24261357730676691, 0.5784853418251086, 0.12044845365432949, 0.25489537492756825, 0.6876903929755469, 0.324000231756588, 0.21708707405706718, 0.0069454663283523566, 0.6115269124138889, 0.6433132287636536, 0.6488240449479558, 0.7562895974179331, 0.6729276640823049, 0.5659103077557318], [0.29636317784868815, 0.8887315805073704, 0.0, 0.24851126667853352, 0.5431005820639797, 0.11971729454150037, 0.20914275325761764, 0.6875578037233466, 0.3211486333434741, 0.18595492221674892, 0.007560346756364078, 0.59966148399034, 0.6239780718899816, 0.6204245336281681, 0.7477094653547477, 0.6725775657051278, 0.5517248198789824], [0.1462862554391653, 1.0548449614873998, 0.0, 0.27100776390839926, 0.5884489992462734, 0.1175444809416256, 0.32082179230285846, 0.6899594038250134, 0.32453343826919867, 0.21671859877556154, 0.007001439975721224, 0.604382932614874, 0.6357585848837709, 0.6483708725096473, 0.7555521743329907, 0.6912916707848877, 0.5555631274554823], [0.07647350264379815, 1.0922372549138375, 0.0, 0.2426225918399981, 0.5968658918418169, 0.11574182096825789, 0.2879713036978764, 0.6904753376353552, 0.29942036434427544, 0.21901153257160866, 0.00677745458930179, 0.5999783460557095, 0.6431142035346005, 0.6529982132687608, 0.7463373324938394, 0.6577519566196554, 0.5415029211191582], [0.08425892119490319, 0.9217785322396594, 0.0, 0.22846982579389405, 0.5577813956609564, 0.11675195111987371, 0.2589396509875172, 0.6897359280789924, 0.29720302095704043, 0.18980604842276594, 0.00683347364535547, 0.5968662280776886, 0.6412465644697921, 0.6461993734454818, 0.7452330415643419, 0.6603885153391124, 0.54337841088821], [0.014003401814276284, 1.0129019329674445, 0.0, 0.23850171589819982, 0.5836576722427212, 0.11405841450079865, 0.31770590720374725, 0.6913053039521646, 0.284755109303678, 0.2012830289049241, 0.006721420376576193, 0.5964863610569924, 0.646184621114778, 0.6518397847556991, 0.7422385387425233, 0.6706911268244512, 0.5421927363702321]], "features_2": [[0.216920573042517, 0.7615058677943218, 0.0, 0.258597135976314, 0.478101108872891, 0.14496476908653821, 0.2167174064779111, 0.6659888580403567, 0.45815876563659175, 0.1903627183023484, 0.008507047823598457, 0.6270220247612124, 0.6513015251696219, 0.6756220155663573, 0.8116554555104603, 0.7248399555017441, 0.6337904108002864], [0.3753633398677292, 0.7804663645402629, 0.0, 0.24024258140140428, 0.4725892905533454, 0.15195790127894948, 0.19445246636350433, 0.6566164922805571, 0.4831809768866051, 0.1996231473215222, 0.008729175733573014, 0.6253717410927562, 0.6710824118561264, 0.704388580174066, 0.8200567410614015, 0.760235574249255, 0.630910699077254], [0.24926192788028922, 0.8927741737678616, 0.0, 0.2622981327383818, 0.5140689774968468, 0.14599099255718767, 0.20790670437231853, 0.6645844448460113, 0.46358067433355044, 0.21928637422329889, 0.008840150818991033, 0.626329470367931, 0.6677248844482505, 0.6808139656978447, 0.8126494108396471, 0.7352731908975908, 0.6344261484336523], [0.05158736534080255, 0.9134707062244488, 0.0, 0.2512802814425171, 0.5171587781450045, 0.1460028509716483, 0.16853539229050513, 0.6626442921831076, 0.466861226100322, 0.22575874110901362, 0.008062078829516484, 0.6274866695576351, 0.6657764318846378, 0.6888757307309911, 0.8098089701888835, 0.7337166168321052, 0.6290650399865297], [0.20230168665401793, 0.807920162163161, 0.0, 0.2593432269513232, 0.47499838896966723, 0.15351882041238818, 0.13846400600082234, 0.6497800234229587, 0.5092811434235311, 0.21100586616864314, 0.008951066763186244, 0.6292926189714989, 0.6590812577813856, 0.6828253127423305, 0.8163902463481456, 0.7525255359212646, 0.6270427515314985], [0.18829864813785147, 0.9135641526090499, 0.0, 0.2518089629108356, 0.5186192740788715, 0.14749188715520067, 0.20202793961852095, 0.6632967724817815, 0.47817159120853225, 0.22652148080756396, 0.008729175733573014, 0.6246974296365939, 0.6574216508011925, 0.6764880291220174, 0.8159719355003513, 0.7439639836331878, 0.6370974351805885], [0.1322276050907245, 0.9159918212644139, 0.0, 0.26694021899786263, 0.5152958188249023, 0.14859910320168696, 0.18693877516344556, 0.6611354019832398, 0.48122358833398393, 0.22871280018481444, 0.008284682400665488, 0.6370904741626504, 0.6788437032378767, 0.6884581635559267, 0.8152392581338094, 0.7316038646914811, 0.6302803993272897], [0.17805810372272024, 0.8209457331479025, 0.0, 0.2488370710731105, 0.47729856117000274, 0.15659085413478285, 0.11870225607516502, 0.6451337426736642, 0.5389005874933153, 0.21918953732418123, 0.008951066763186244, 0.6241252937235036, 0.6419427825517551, 0.6760166089356394, 0.8192955747642205, 0.7400895781961992, 0.6311245515584614], [0.13007033121756706, 0.8543707310122619, 0.0, 0.2498418718656641, 0.49225546927416786, 0.15363039944184756, 0.14438108308976183, 0.6524532380906244, 0.5126115494599168, 0.2226131041369721, 0.008951066763186244, 0.6233339561725573, 0.6699553566184319, 0.7162169546263528, 0.8190538879567579, 0.729071453923645, 0.6347364929526708]]}