{"labels_1": ["1", "2", "3", "4", "5", "6", "7", "8", "9"], "labels_2": ["1", "2", "3", "4", "5", "6", "7", "8", "9"], "adj_matrix_1": [[0.0, 0.23716, 0.07187, 0.16446, 0.30489, 0.23498, 0.3141, 0.2958, 0.24546], [0.23716, 0.0, 0.17408, 0.08293, 0.09351, 0.00271, 0.10834, 0.07946, 0.01035], [0.07187, 0.17408, 0.0, 0.09566, 0.25185, 0.17172, 0.26312, 0.241, 0.18334], [0.16446, 0.08293, 0.09566, 0.0, 0.17121, 0.08031, 0.18473, 0.15836, 0.09302], [0.30489, 0.09351, 0.25185, 0.17121, 0.0, 0.09609, 0.01554, 0.01451, 0.08347], [0.23498, 0.00271, 0.17172, 0.08031, 0.09609, 0.0, 0.11095, 0.08208, 0.01307], [0.3141, 0.10834, 0.26312, 0.18473, 0.01554, 0.11095, 0.0, 0.03002, 0.09847], [0.2958, 0.07946, 0.241, 0.15836, 0.01451, 0.08208, 0.03002, 0.0, 0.06932], [0.24546, 0.01035, 0.18334, 0.09302, 0.08347, 0.01307, 0.09847, 0.06932, 0.0]], "adj_matrix_2": [[0.0, 0.15806, 0.06938, 0.08056, 0.16977, 0.16149, 0.22626, 0.18831, 0.08551], [0.15806, 0.0, 0.2109, 0.08399, 0.26358, 0.26082, 0.20854, 0.26822, 0.22155], [0.06938, 0.2109, 0.0, 0.14423, 0.11208, 0.10205, 0.2209, 0.13549, 0.0169], [0.08056, 0.08399, 0.14423, 0.0, 0.22339, 0.2178, 0.22144, 0.2353, 0.15814], [0.16977, 0.26358, 0.11208, 0.22339, 0.0, 0.01131, 0.18471, 0.02754, 0.09685], [0.16149, 0.26082, 0.10205, 0.2178, 0.01131, 0.0, 0.18998, 0.03873, 0.08647], [0.22626, 0.20854, 0.2209, 0.22144, 0.18471, 0.18998, 0.0, 0.17025, 0.21797], [0.18831, 0.26822, 0.13549, 0.2353, 0.02754, 0.03873, 0.17025, 0.0, 0.1212], [0.08551, 0.22155, 0.0169, 0.15814, 0.09685, 0.08647, 0.21797, 0.1212, 0.0]], "features_1": [[-0.06357116037907007, 0.8598792180545535, 0.0, 0.2628151014770411, 0.5370029878069907, 0.1187779246508534, 0.25924126084047716, 0.6887776083171895, 0.3197293796583556, 0.18180482386528252, 0.007001439975721224, 0.617695500498086, 0.6320905890577994, 0.6484030294862506, 0.7527706228056148, 0.6622325787765151, 0.5615682145763653], [0.05763238484972533, 0.8524106983240077, 0.0, 0.26220556838450637, 0.5338372190725694, 0.12006828706837594, 0.24883864476500078, 0.6879539494019502, 0.3305933912843497, 0.18202156500474098, 0.00711334193318236, 0.6122909466929987, 0.6324766720067232, 0.6464980639517747, 0.7547708797034546, 0.6694094774694532, 0.5677655437454266], [-0.02714608516845063, 1.0017035027845307, 0.0, 0.2674011763738759, 0.5724938896377035, 0.11855062300894946, 0.2583565799030538, 0.6888632379368822, 0.3243049710464363, 0.20925255743366478, 0.007057398507269275, 0.6142946682368018, 0.6286776440010184, 0.6399559968528428, 0.7513480668893893, 0.6746898958539717, 0.5637018029393225], [0.06232893182150967, 1.0401890983451574, 0.0, 0.24261357730676691, 0.5784853418251086, 0.12044845365432949, 0.25489537492756825, 0.6876903929755469, 0.324000231756588, 0.21708707405706718, 0.0069454663283523566, 0.6115269124138889, 0.6433132287636536, 0.6488240449479558, 0.7562895974179331, 0.6729276640823049, 0.5659103077557318], [0.29636317784868815, 0.8887315805073704, 0.0, 0.24851126667853352, 0.5431005820639797, 0.11971729454150037, 0.20914275325761764, 0.6875578037233466, 0.3211486333434741, 0.18595492221674892, 0.007560346756364078, 0.59966148399034, 0.6239780718899816, 0.6204245336281681, 0.7477094653547477, 0.6725775657051278, 0.5517248198789824], [0.1462862554391653, 1.0548449614873998, 0.0, 0.27100776390839926, 0.5884489992462734, 0.1175444809416256, 0.32082179230285846, 0.6899594038250134, 0.32453343826919867, 0.21671859877556154, 0.007001439975721224, 0.604382932614874, 0.6357585848837709, 0.6483708725096473, 0.7555521743329907, 0.6912916707848877, 0.5555631274554823], [0.07647350264379815, 1.0922372549138375, 0.0, 0.2426225918399981, 0.5968658918418169, 0.11574182096825789, 0.2879713036978764, 0.6904753376353552, 0.29942036434427544, 0.21901153257160866, 0.00677745458930179, 0.5999783460557095, 0.6431142035346005, 0.6529982132687608, 0.7463373324938394, 0.6577519566196554, 0.5415029211191582], [0.08425892119490319, 0.9217785322396594, 0.0, 0.22846982579389405, 0.5577813956609564, 0.11675195111987371, 0.2589396509875172, 0.6897359280789924, 0.29720302095704043, 0.18980604842276594, 0.00683347364535547, 0.5968662280776886, 0.6412465644697921, 0.6461993734454818, 0.7452330415643419, 0.6603885153391124, 0.54337841088821], [0.014003401814276284, 1.0129019329674445, 0.0, 0.23850171589819982, 0.5836576722427212, 0.11405841450079865, 0.31770590720374725, 0.6913053039521646, 0.284755109303678, 0.2012830289049241, 0.006721420376576193, 0.5964863610569924, 0.646184621114778, 0.6518397847556991, 0.7422385387425233, 0.6706911268244512, 0.5421927363702321]], "features_2": [[-0.0005374631146985998, 0.629278256051022, 0.0, 0.282546826772485, 0.4533921640265481, 0.13037887084587538, 0.2996251178240456, 0.6810224384645807, 0.36678618022586496, 0.1463898200213707, 0.007616154688146137, 0.6022098166029384, 0.6427243004696093, 0.6798360596483908, 0.7824496257680476, 0.7171228483312502, 0.5964744999036464], [0.3789364241140665, 0.6155411146777194, 0.0, 0.28989953283346964, 0.4480766161634152, 0.13193724028408713, 0.2682930993428926, 0.6797372973333414, 0.39383076910091264, 0.14331353069404962, 0.008062078829516484, 0.6042122074991565, 0.6532135042505092, 0.6673245128986726, 0.78704157220521, 0.7171317000532687, 0.6085701344456661], [0.20129034653223377, 0.7450535427648507, 0.0, 0.29225387375623296, 0.49208413093178116, 0.131587339839685, 0.27245334769132656, 0.6799933962159864, 0.3740424040976038, 0.17321312138620937, 0.007392832833969631, 0.5928597788353458, 0.6453818760786113, 0.6730752007411415, 0.7855495655760167, 0.7080802353729986, 0.6100267298796881], [0.12810305519848164, 0.7569090018309453, 0.0, 0.2727507651747425, 0.4969686973309012, 0.1286358513272528, 0.2937617384325577, 0.68267923906597, 0.36248238954291945, 0.1730048212716495, 0.007281081678807366, 0.5961183933072776, 0.6563212390973834, 0.6942233173331559, 0.7803715360197438, 0.6876050652660155, 0.5948269985973472], [1.081278033220629, 0.6010127374369785, 0.0, 0.3400816784827934, 0.4483416539574016, 0.126190261725271, 0.32838581103445746, 0.6853506200665945, 0.3537225942828772, 0.13072955407883513, 0.007504523810135222, 0.5801137279560571, 0.6251728538559105, 0.6377106175449089, 0.7811805952040888, 0.7220848271507473, 0.5815535855263442], [0.5414602344889756, 0.736449626450411, 0.0, 0.3102346165067842, 0.4962100948779552, 0.1257457696205725, 0.33744822844385636, 0.6857648120048765, 0.3483957987436286, 0.16419715657188028, 0.00683347364535547, 0.579857624054751, 0.6427960664434691, 0.6787241550939395, 0.7800615854231018, 0.712294401754784, 0.5872637548999105], [0.7681687253928633, 0.7769942567082174, 0.0, 0.3281552226385146, 0.4971096626620375, 0.12744454755596263, 0.2206520281174072, 0.6822141258891197, 0.340343406037557, 0.17319829157087185, 0.00716927026363523, 0.5756164344495835, 0.634028995360153, 0.6734221842614923, 0.7709430493143075, 0.679619164689643, 0.5760450248575821], [0.8833349732624871, 0.7129377392754374, 0.0, 0.34414137922470606, 0.49628644770915775, 0.11718298540885506, 0.45210320661380693, 0.6909489134953959, 0.30707839990341435, 0.14686201563590817, 0.00677745458930179, 0.5759708146394089, 0.6513901316990927, 0.6563913483902958, 0.7611287133787066, 0.6891842055771952, 0.5391085667923868], [0.431267911123947, 0.7285420106754896, 0.0, 0.29859924793664644, 0.49597281540874405, 0.12025088787962487, 0.42158967727789687, 0.6892137692913254, 0.3167243023028907, 0.15474241000589317, 0.007001439975721224, 0.5772602883868458, 0.6390629007809501, 0.6662600029683085, 0.7645191221542816, 0.7033095522149078, 0.5495135679818718]]}