{"labels_1": ["1", "2", "3", "4", "5", "6", "7", "8", "9"], "labels_2": ["1", "2", "3", "4", "5", "6", "7", "8", "9"], "adj_matrix_1": [[0.0, 0.23716, 0.07187, 0.16446, 0.30489, 0.23498, 0.3141, 0.2958, 0.24546], [0.23716, 0.0, 0.17408, 0.08293, 0.09351, 0.00271, 0.10834, 0.07946, 0.01035], [0.07187, 0.17408, 0.0, 0.09566, 0.25185, 0.17172, 0.26312, 0.241, 0.18334], [0.16446, 0.08293, 0.09566, 0.0, 0.17121, 0.08031, 0.18473, 0.15836, 0.09302], [0.30489, 0.09351, 0.25185, 0.17121, 0.0, 0.09609, 0.01554, 0.01451, 0.08347], [0.23498, 0.00271, 0.17172, 0.08031, 0.09609, 0.0, 0.11095, 0.08208, 0.01307], [0.3141, 0.10834, 0.26312, 0.18473, 0.01554, 0.11095, 0.0, 0.03002, 0.09847], [0.2958, 0.07946, 0.241, 0.15836, 0.01451, 0.08208, 0.03002, 0.0, 0.06932], [0.24546, 0.01035, 0.18334, 0.09302, 0.08347, 0.01307, 0.09847, 0.06932, 0.0]], "adj_matrix_2": [[0.0, 0.23373, 0.01481, 0.07819, 0.25734, 0.02053, 0.15266, 0.24107, 0.22965], [0.23373, 0.0, 0.23081, 0.23201, 0.18056, 0.22936, 0.14543, 0.28626, 0.31979], [0.01481, 0.23081, 0.0, 0.09156, 0.26293, 0.00575, 0.14215, 0.25071, 0.24036], [0.07819, 0.23201, 0.09156, 0.0, 0.21593, 0.09659, 0.19553, 0.18453, 0.17006], [0.25734, 0.18056, 0.26293, 0.21593, 0.0, 0.26486, 0.26769, 0.14887, 0.20736], [0.02053, 0.22936, 0.00575, 0.09659, 0.26486, 0.0, 0.13786, 0.25433, 0.24445], [0.15266, 0.14543, 0.14215, 0.19553, 0.26769, 0.13786, 0.0, 0.31241, 0.32067], [0.24107, 0.28626, 0.25071, 0.18453, 0.14887, 0.25433, 0.31241, 0.0, 0.06623], [0.22965, 0.31979, 0.24036, 0.17006, 0.20736, 0.24445, 0.32067, 0.06623, 0.0]], "features_1": [[-0.06357116037907007, 0.8598792180545535, 0.0, 0.2628151014770411, 0.5370029878069907, 0.1187779246508534, 0.25924126084047716, 0.6887776083171895, 0.3197293796583556, 0.18180482386528252, 0.007001439975721224, 0.617695500498086, 0.6320905890577994, 0.6484030294862506, 0.7527706228056148, 0.6622325787765151, 0.5615682145763653], [0.05763238484972533, 0.8524106983240077, 0.0, 0.26220556838450637, 0.5338372190725694, 0.12006828706837594, 0.24883864476500078, 0.6879539494019502, 0.3305933912843497, 0.18202156500474098, 0.00711334193318236, 0.6122909466929987, 0.6324766720067232, 0.6464980639517747, 0.7547708797034546, 0.6694094774694532, 0.5677655437454266], [-0.02714608516845063, 1.0017035027845307, 0.0, 0.2674011763738759, 0.5724938896377035, 0.11855062300894946, 0.2583565799030538, 0.6888632379368822, 0.3243049710464363, 0.20925255743366478, 0.007057398507269275, 0.6142946682368018, 0.6286776440010184, 0.6399559968528428, 0.7513480668893893, 0.6746898958539717, 0.5637018029393225], [0.06232893182150967, 1.0401890983451574, 0.0, 0.24261357730676691, 0.5784853418251086, 0.12044845365432949, 0.25489537492756825, 0.6876903929755469, 0.324000231756588, 0.21708707405706718, 0.0069454663283523566, 0.6115269124138889, 0.6433132287636536, 0.6488240449479558, 0.7562895974179331, 0.6729276640823049, 0.5659103077557318], [0.29636317784868815, 0.8887315805073704, 0.0, 0.24851126667853352, 0.5431005820639797, 0.11971729454150037, 0.20914275325761764, 0.6875578037233466, 0.3211486333434741, 0.18595492221674892, 0.007560346756364078, 0.59966148399034, 0.6239780718899816, 0.6204245336281681, 0.7477094653547477, 0.6725775657051278, 0.5517248198789824], [0.1462862554391653, 1.0548449614873998, 0.0, 0.27100776390839926, 0.5884489992462734, 0.1175444809416256, 0.32082179230285846, 0.6899594038250134, 0.32453343826919867, 0.21671859877556154, 0.007001439975721224, 0.604382932614874, 0.6357585848837709, 0.6483708725096473, 0.7555521743329907, 0.6912916707848877, 0.5555631274554823], [0.07647350264379815, 1.0922372549138375, 0.0, 0.2426225918399981, 0.5968658918418169, 0.11574182096825789, 0.2879713036978764, 0.6904753376353552, 0.29942036434427544, 0.21901153257160866, 0.00677745458930179, 0.5999783460557095, 0.6431142035346005, 0.6529982132687608, 0.7463373324938394, 0.6577519566196554, 0.5415029211191582], [0.08425892119490319, 0.9217785322396594, 0.0, 0.22846982579389405, 0.5577813956609564, 0.11675195111987371, 0.2589396509875172, 0.6897359280789924, 0.29720302095704043, 0.18980604842276594, 0.00683347364535547, 0.5968662280776886, 0.6412465644697921, 0.6461993734454818, 0.7452330415643419, 0.6603885153391124, 0.54337841088821], [0.014003401814276284, 1.0129019329674445, 0.0, 0.23850171589819982, 0.5836576722427212, 0.11405841450079865, 0.31770590720374725, 0.6913053039521646, 0.284755109303678, 0.2012830289049241, 0.006721420376576193, 0.5964863610569924, 0.646184621114778, 0.6518397847556991, 0.7422385387425233, 0.6706911268244512, 0.5421927363702321]], "features_2": [[0.66451999547761, 0.832227035888367, 0.0, 0.2808107629175155, 0.514972470680869, 0.13015347337835795, 0.2826513816874773, 0.6813318468267159, 0.37642568702028556, 0.18948759308293672, 0.007783488497544067, 0.584865967475692, 0.6474038449263916, 0.6771759019162875, 0.7850920872591552, 0.7050524427145922, 0.5977144584415184], [0.2705211876697713, 0.8148364071742734, 0.0, 0.27722277859845934, 0.5123764300472496, 0.12680493426559572, 0.2649906258950502, 0.6831466341020294, 0.34813576980100547, 0.18254606043897614, 0.007560346756364078, 0.595778100415119, 0.6340873321928584, 0.6567482810170509, 0.7715896583173488, 0.6826991139402164, 0.5932760282282358], [0.8214890884738875, 0.9792674724207497, 0.0, 0.2882969542150533, 0.5545864819389555, 0.12737216226542597, 0.24679949197304296, 0.6827458680364196, 0.35318238285061976, 0.2124838302509966, 0.007336964783822175, 0.582678192426195, 0.6307840759447557, 0.6529090393223674, 0.7737040396444474, 0.6963759030048421, 0.5906400409807585], [1.1268449801746394, 1.0356754724856754, 0.0, 0.26559880541820535, 0.5622747187114008, 0.12916217093272536, 0.18721286214828864, 0.6797814910425348, 0.35381409271723774, 0.2234800560328245, 0.007392832833969631, 0.5727524034836287, 0.6254164006819813, 0.6520970663270628, 0.7699833005041751, 0.6958320846796633, 0.5840785980806887], [0.22998853529358598, 0.8512039059264932, 0.0, 0.2416091893381982, 0.5277481853100124, 0.12286542097722024, 0.2722034567145933, 0.6861974229368925, 0.32020589235568253, 0.18180775220672962, 0.00677745458930179, 0.5956429102968932, 0.6184067372545531, 0.6446070975276909, 0.7613635180101407, 0.6859175803109709, 0.5723332675409162], [0.7667910844335162, 1.064715955522468, 0.0, 0.2898108039759138, 0.5754079363104171, 0.1278023870907418, 0.26636964664714, 0.6830288985767184, 0.35288554539420147, 0.2285541255482444, 0.007392832833969631, 0.5819088146356401, 0.6358924115701842, 0.6699648551445937, 0.7768462420970191, 0.6841204067911868, 0.5878420030392908], [0.497769822690743, 1.1565313413743648, 0.0, 0.2595320728290856, 0.5832438297412885, 0.1294772772269232, 0.15185311504715598, 0.6780476225484875, 0.3426454896228277, 0.24482158424693634, 0.007057398507269275, 0.5880086784962681, 0.6287153449733978, 0.6396733254733402, 0.7602334665072136, 0.689301343272582, 0.5769459072474937], [0.11948677292938825, 0.9117562119089643, 0.0, 0.1948483384593142, 0.5461309913677979, 0.12074969967532315, 0.2530375586364329, 0.6877380463819556, 0.32785528265154706, 0.1932318372197943, 0.0069454663283523566, 0.6132979348750056, 0.6447452266949858, 0.6684062194027698, 0.7581644544430531, 0.6813891873642713, 0.5545680563906807], [-0.027504210169257526, 0.9640375892078532, 0.0, 0.22660893467920262, 0.5523819482823173, 0.12339219205227003, 0.21607545794579935, 0.6851363171269564, 0.3370615016022207, 0.2073399430056848, 0.007392832833969631, 0.6131499675955612, 0.631972403297086, 0.6470644042701053, 0.7578373467532222, 0.6738439598294536, 0.5663426984124548]]}