{"labels_1": ["1", "2", "3", "4", "5", "6", "7", "8", "9"], "labels_2": ["1", "2", "3", "4", "5", "6", "7", "8", "9"], "adj_matrix_1": [[0.0, 0.1067, 0.19289, 0.11034, 0.17208, 0.26093, 0.18571, 0.31088, 0.27833], [0.1067, 0.0, 0.10314, 0.19359, 0.07653, 0.20064, 0.09389, 0.29328, 0.22945], [0.19289, 0.10314, 0.0, 0.24582, 0.02808, 0.11215, 0.00985, 0.23651, 0.14849], [0.11034, 0.19359, 0.24582, 0.0, 0.23457, 0.27435, 0.24204, 0.27992, 0.27874], [0.17208, 0.07653, 0.02808, 0.23457, 0.0, 0.13772, 0.01826, 0.25488, 0.17247], [0.26093, 0.20064, 0.11215, 0.27435, 0.13772, 0.0, 0.12126, 0.14318, 0.03967], [0.18571, 0.09389, 0.00985, 0.24204, 0.01826, 0.12126, 0.0, 0.24318, 0.15707], [0.31088, 0.29328, 0.23651, 0.27992, 0.25488, 0.14318, 0.24318, 0.0, 0.10604], [0.27833, 0.22945, 0.14849, 0.27874, 0.17247, 0.03967, 0.15707, 0.10604, 0.0]], "adj_matrix_2": [[0.0, 0.12123, 0.12571, 0.07085, 0.19283, 0.08672, 0.31293, 0.35682, 0.32896], [0.12123, 0.0, 0.00503, 0.05355, 0.08488, 0.03719, 0.26297, 0.35923, 0.29333], [0.12571, 0.00503, 0.0, 0.05849, 0.08004, 0.04217, 0.26004, 0.35826, 0.29088], [0.07085, 0.05355, 0.05849, 0.0, 0.13471, 0.01658, 0.29114, 0.36522, 0.31554], [0.19283, 0.08488, 0.08004, 0.13471, 0.0, 0.11981, 0.20187, 0.3297, 0.24016], [0.08672, 0.03719, 0.04217, 0.01658, 0.11981, 0.0, 0.28344, 0.36447, 0.30974], [0.31293, 0.26297, 0.26004, 0.29114, 0.20187, 0.28344, 0.0, 0.1737, 0.04753], [0.35682, 0.35923, 0.35826, 0.36522, 0.3297, 0.36447, 0.1737, 0.0, 0.12926], [0.32896, 0.29333, 0.29088, 0.31554, 0.24016, 0.30974, 0.04753, 0.12926, 0.0]], "features_1": [[0.2408455242629759, 0.6952895478167113, 0.0, 0.2597536001713058, 0.4701092201215699, 0.13010033672910362, 0.1775538991162513, 0.6785256546797171, 0.36283494710469255, 0.16018573013075965, 0.00716927026363523, 0.5969134688706208, 0.629453857506907, 0.668810693329463, 0.7718903322595395, 0.7191667543983237, 0.5752019524157753], [0.5596789254389845, 0.6911474631640154, 0.0, 0.28361346821399674, 0.46272296012176223, 0.1321130960779723, 0.13129215465865657, 0.6747032811219562, 0.3726276200429268, 0.15833948744363613, 0.007504523810135222, 0.5934479103851205, 0.6037647439351502, 0.6366954325100892, 0.768030009333254, 0.6988463410693907, 0.5593061279465272], [-0.05179921308989055, 0.8130423745691444, 0.0, 0.26907992937218644, 0.5048771211892085, 0.13025509698357668, 0.16211588007474234, 0.6775663013609359, 0.3648283454945751, 0.186971112961682, 0.007057398507269275, 0.6041347807794517, 0.6236673569076571, 0.6496284701388546, 0.7673968198330873, 0.6997299881172452, 0.5751325054703107], [0.3941517919113493, 0.8510405706324596, 0.0, 0.2721656065948931, 0.515547338734269, 0.1311039319571582, 0.1654622630982338, 0.6771147456689856, 0.3764623454277525, 0.19658702838821274, 0.007616154688146137, 0.5897901008099011, 0.6344388906159858, 0.6668920625865046, 0.7709812741424569, 0.6947703336178235, 0.5786905100387298], [0.29241293169135973, 0.6886727771560938, 0.0, 0.27287784837174095, 0.46324140278684495, 0.13102566218853387, 0.1566763261026985, 0.6763336742841561, 0.35753639197802123, 0.15554858887861922, 0.007392832833969631, 0.6037030682919089, 0.6253497296788185, 0.649963955414952, 0.7665209303799102, 0.7029196296085894, 0.5549843005106067], [-0.051337913056601625, 0.8338383575399171, 0.0, 0.27229749032416256, 0.5145402375357537, 0.12838680600945931, 0.21172624538476228, 0.6802819914506626, 0.35578178398361504, 0.18827080397570306, 0.00716927026363523, 0.6027827449572671, 0.636614238613371, 0.6753692282832097, 0.7693711564510157, 0.7002114110123426, 0.5691835294574992], [0.21280514938606165, 0.8685144197062227, 0.0, 0.26936240188602634, 0.522445705003187, 0.1286396075927792, 0.16503861355524024, 0.679091484620663, 0.3523324156223875, 0.19455072589064226, 0.007616154688146137, 0.6021611547315096, 0.6181453920944495, 0.6508340052286843, 0.7622300211607487, 0.6778253118600791, 0.5737999327943549], [-0.09910137820966369, 0.6979303687458622, 0.0, 0.28066338811720887, 0.47628466418786064, 0.12581290169898282, 0.2912172472744444, 0.683325959148792, 0.3344597789373518, 0.15473113757400525, 0.0069454663283523566, 0.6155249332222894, 0.6377337747148312, 0.6544350820784459, 0.7659979704340477, 0.6877121407111864, 0.5596093814220747], [0.09051720527568863, 0.7701585636749065, 0.0, 0.2668311063786721, 0.5005794383562204, 0.1254056856355128, 0.3068145507191929, 0.6835836590005437, 0.3431532392980945, 0.1695487519504002, 0.0069454663283523566, 0.6051259492434382, 0.6395320335026498, 0.6614023889913386, 0.7648574323883741, 0.6855808480824542, 0.5720238908625873]], "features_2": [[0.44609707259932163, 0.7875685333644399, 0.0, 0.2599049939843074, 0.48636003871355615, 0.14811962262631598, 0.3180591309762136, 0.6677936353663538, 0.4890223404546663, 0.2017838469387132, 0.00822905385914674, 0.6066632887415362, 0.6999459573828759, 0.731789357393937, 0.8290121573387451, 0.7525389200289697, 0.6388786507802551], [-0.04146837098553746, 0.7923654414760009, 0.0, 0.22983856871334055, 0.4795875920479482, 0.1530767703931617, 0.24096416343600993, 0.6598782600923206, 0.5225504355305743, 0.2118901704537568, 0.008784670673857464, 0.6290147451896935, 0.6889075762288318, 0.7278003498089344, 0.8315260087126202, 0.7494563686664961, 0.6494331091160448], [0.11123936473922535, 0.9077669389582319, 0.0, 0.2328836857841267, 0.5166277851003325, 0.14982941880594197, 0.26279488002382934, 0.6634065624200705, 0.49763986767690827, 0.23225195590634318, 0.008340296057933516, 0.6200645519257741, 0.6819947712460193, 0.712764529145613, 0.8264107096566196, 0.7368676369770857, 0.6434363610183608], [0.06352312709868757, 0.9681057087977902, 0.0, 0.24189491076128433, 0.5310730360674975, 0.14843679700597673, 0.27892501241035744, 0.664120360938442, 0.4849168073482977, 0.2426006120536397, 0.008006390651371653, 0.6178075951565762, 0.6836409808354288, 0.7117104290673069, 0.8230025471919225, 0.7388066099353365, 0.637189366059735], [-0.25360172756340926, 0.7869378727455035, 0.0, 0.19545201200431916, 0.4719596147483293, 0.15717876098406328, 0.18078558805397904, 0.6520353336985685, 0.5485755511391261, 0.21696915899352476, 0.009006502581913711, 0.6398658090006579, 0.7160823322986131, 0.7592444967663151, 0.8343017438663843, 0.7389498816229213, 0.6533228362305824], [0.120014405351756, 0.9108464264046059, 0.0, 0.2220926962160856, 0.5149453687708018, 0.15269998679403904, 0.2279120155129853, 0.6593122550799836, 0.5194740986084978, 0.23725390989011363, 0.009006502581913711, 0.6185555115528396, 0.6825287710374648, 0.7289614978388494, 0.8301199663660589, 0.7318190129062697, 0.6504391852853211], [-0.26841368296706136, 0.9684964015576542, 0.0, 0.20164490265248425, 0.5223025697378927, 0.15191049599012846, 0.20337248181151962, 0.6564829624743274, 0.4947720489978902, 0.25069517662802143, 0.008784670673857464, 0.6404763866253123, 0.6769923863164227, 0.726518878264228, 0.8221387573998772, 0.7394540582825556, 0.6428243934430448], [-0.5342125021105417, 0.8095264087387902, 0.0, 0.17459366513061672, 0.47142945998324093, 0.16083792417334852, 0.12373599035077376, 0.6419200880167553, 0.5620675712494207, 0.22780210517535338, 0.009006502581913711, 0.6639770760622019, 0.7093189217540952, 0.7583667493527583, 0.8327876564110126, 0.7567016714121079, 0.6494419163946177], [-0.34222353296997277, 0.8775014051548483, 0.0, 0.1807130021688374, 0.4959193568222624, 0.15662889292156545, 0.16513307294971682, 0.6494609581553576, 0.539719250063645, 0.238951080365581, 0.009560050813840704, 0.6606198017128813, 0.6966065090731497, 0.7439862981351469, 0.8283462850385541, 0.750605950956214, 0.6453561203296101]]}