{"labels_1": ["1", "2", "3", "4", "5", "6", "7", "8", "9"], "labels_2": ["1", "2", "3", "4", "5", "6", "7", "8", "9"], "adj_matrix_1": [[0.0, 0.1067, 0.19289, 0.11034, 0.17208, 0.26093, 0.18571, 0.31088, 0.27833], [0.1067, 0.0, 0.10314, 0.19359, 0.07653, 0.20064, 0.09389, 0.29328, 0.22945], [0.19289, 0.10314, 0.0, 0.24582, 0.02808, 0.11215, 0.00985, 0.23651, 0.14849], [0.11034, 0.19359, 0.24582, 0.0, 0.23457, 0.27435, 0.24204, 0.27992, 0.27874], [0.17208, 0.07653, 0.02808, 0.23457, 0.0, 0.13772, 0.01826, 0.25488, 0.17247], [0.26093, 0.20064, 0.11215, 0.27435, 0.13772, 0.0, 0.12126, 0.14318, 0.03967], [0.18571, 0.09389, 0.00985, 0.24204, 0.01826, 0.12126, 0.0, 0.24318, 0.15707], [0.31088, 0.29328, 0.23651, 0.27992, 0.25488, 0.14318, 0.24318, 0.0, 0.10604], [0.27833, 0.22945, 0.14849, 0.27874, 0.17247, 0.03967, 0.15707, 0.10604, 0.0]], "adj_matrix_2": [[0.0, 0.08167, 0.09016, 0.17045, 0.16064, 0.19881, 0.36239, 0.01727, 0.22319], [0.08167, 0.0, 0.16256, 0.22723, 0.09001, 0.24824, 0.33835, 0.06512, 0.26556], [0.09016, 0.16256, 0.0, 0.08914, 0.22118, 0.12297, 0.36109, 0.10627, 0.15301], [0.17045, 0.22723, 0.08914, 0.0, 0.26201, 0.03596, 0.33135, 0.1839, 0.06887], [0.16064, 0.09001, 0.22118, 0.26201, 0.0, 0.27321, 0.28689, 0.14706, 0.28166], [0.19881, 0.24824, 0.12297, 0.03596, 0.27321, 0.0, 0.31265, 0.21094, 0.0333], [0.36239, 0.33835, 0.36109, 0.33135, 0.28689, 0.31265, 0.0, 0.35948, 0.2922], [0.01727, 0.06512, 0.10627, 0.1839, 0.14706, 0.21094, 0.35948, 0.0, 0.23397], [0.22319, 0.26556, 0.15301, 0.06887, 0.28166, 0.0333, 0.2922, 0.23397, 0.0]], "features_1": [[0.2408455242629759, 0.6952895478167113, 0.0, 0.2597536001713058, 0.4701092201215699, 0.13010033672910362, 0.1775538991162513, 0.6785256546797171, 0.36283494710469255, 0.16018573013075965, 0.00716927026363523, 0.5969134688706208, 0.629453857506907, 0.668810693329463, 0.7718903322595395, 0.7191667543983237, 0.5752019524157753], [0.5596789254389845, 0.6911474631640154, 0.0, 0.28361346821399674, 0.46272296012176223, 0.1321130960779723, 0.13129215465865657, 0.6747032811219562, 0.3726276200429268, 0.15833948744363613, 0.007504523810135222, 0.5934479103851205, 0.6037647439351502, 0.6366954325100892, 0.768030009333254, 0.6988463410693907, 0.5593061279465272], [-0.05179921308989055, 0.8130423745691444, 0.0, 0.26907992937218644, 0.5048771211892085, 0.13025509698357668, 0.16211588007474234, 0.6775663013609359, 0.3648283454945751, 0.186971112961682, 0.007057398507269275, 0.6041347807794517, 0.6236673569076571, 0.6496284701388546, 0.7673968198330873, 0.6997299881172452, 0.5751325054703107], [0.3941517919113493, 0.8510405706324596, 0.0, 0.2721656065948931, 0.515547338734269, 0.1311039319571582, 0.1654622630982338, 0.6771147456689856, 0.3764623454277525, 0.19658702838821274, 0.007616154688146137, 0.5897901008099011, 0.6344388906159858, 0.6668920625865046, 0.7709812741424569, 0.6947703336178235, 0.5786905100387298], [0.29241293169135973, 0.6886727771560938, 0.0, 0.27287784837174095, 0.46324140278684495, 0.13102566218853387, 0.1566763261026985, 0.6763336742841561, 0.35753639197802123, 0.15554858887861922, 0.007392832833969631, 0.6037030682919089, 0.6253497296788185, 0.649963955414952, 0.7665209303799102, 0.7029196296085894, 0.5549843005106067], [-0.051337913056601625, 0.8338383575399171, 0.0, 0.27229749032416256, 0.5145402375357537, 0.12838680600945931, 0.21172624538476228, 0.6802819914506626, 0.35578178398361504, 0.18827080397570306, 0.00716927026363523, 0.6027827449572671, 0.636614238613371, 0.6753692282832097, 0.7693711564510157, 0.7002114110123426, 0.5691835294574992], [0.21280514938606165, 0.8685144197062227, 0.0, 0.26936240188602634, 0.522445705003187, 0.1286396075927792, 0.16503861355524024, 0.679091484620663, 0.3523324156223875, 0.19455072589064226, 0.007616154688146137, 0.6021611547315096, 0.6181453920944495, 0.6508340052286843, 0.7622300211607487, 0.6778253118600791, 0.5737999327943549], [-0.09910137820966369, 0.6979303687458622, 0.0, 0.28066338811720887, 0.47628466418786064, 0.12581290169898282, 0.2912172472744444, 0.683325959148792, 0.3344597789373518, 0.15473113757400525, 0.0069454663283523566, 0.6155249332222894, 0.6377337747148312, 0.6544350820784459, 0.7659979704340477, 0.6877121407111864, 0.5596093814220747], [0.09051720527568863, 0.7701585636749065, 0.0, 0.2668311063786721, 0.5005794383562204, 0.1254056856355128, 0.3068145507191929, 0.6835836590005437, 0.3431532392980945, 0.1695487519504002, 0.0069454663283523566, 0.6051259492434382, 0.6395320335026498, 0.6614023889913386, 0.7648574323883741, 0.6855808480824542, 0.5720238908625873]], "features_2": [[0.274926414427342, 0.7891699490060934, 0.0, 0.25280444184599044, 0.5191967647264987, 0.12050051201398845, 0.29387151078350016, 0.6881247867202192, 0.32273844937579543, 0.16858692268447562, 0.007281081678807366, 0.5897155512711314, 0.650949425213836, 0.6459936912277899, 0.7606056845315492, 0.6844968784682205, 0.5744339876062421], [0.5116415532957266, 0.828716523674151, 0.0, 0.276914082778112, 0.5254101980983003, 0.12207046028270448, 0.23251953372765116, 0.6865141042048113, 0.3332637362118058, 0.17687293213215538, 0.007281081678807366, 0.5833898744578478, 0.6366672282874842, 0.6392575582396823, 0.7588547842184759, 0.6980158673331118, 0.557676518094462], [0.23871459748919976, 0.9402477603100513, 0.0, 0.24883792406924507, 0.556753603481218, 0.12295247229033428, 0.28410896121940754, 0.6867112594829027, 0.3389992019318795, 0.20122789191661483, 0.007504523810135222, 0.5978181800536464, 0.6441377055706705, 0.6283324544765496, 0.767277968034592, 0.7020837648049586, 0.5792467902558751], [0.006016696967560353, 0.9172952396035646, 0.0, 0.24857423687148344, 0.5503149010421277, 0.12248821643623087, 0.2799884259324436, 0.6868100121231455, 0.3369046133516951, 0.199351951033925, 0.007281081678807366, 0.6036565897027917, 0.6492713658709351, 0.6655613428750711, 0.7647516205318114, 0.6748515459817294, 0.5796216538674404], [0.789043024920161, 0.7851841263238306, 0.0, 0.30646752921574694, 0.5155053461579435, 0.12060633889715666, 0.25369956116710596, 0.6877165345698255, 0.33619827303238736, 0.16708240042524336, 0.007616154688146137, 0.5719881158791962, 0.627042772840791, 0.6438556643295354, 0.7570458683298106, 0.6954051253933805, 0.547160744342169], [0.22396842869057698, 1.0031371665519189, 0.0, 0.25133746586671113, 0.5682322683537483, 0.12633380235782832, 0.3283094064152188, 0.6852740028243194, 0.35927691945724316, 0.2184316626458025, 0.007616154688146137, 0.6025784634627804, 0.6557422715991388, 0.6714335630860274, 0.7804861894278294, 0.707476518815927, 0.5774555218739883], [-0.15704518910298537, 0.9435890725970411, 0.0, 0.20434339064388285, 0.5585549618463618, 0.11966508761173208, 0.3079320868440455, 0.6887564631385955, 0.31971065109644803, 0.2006437449259646, 0.007392832833969631, 0.6229873242071611, 0.6407632045079973, 0.6606345238067235, 0.7595285555442687, 0.6859922371740431, 0.552493749542936], [0.4969523343262976, 0.8666274436411302, 0.0, 0.27935776929414985, 0.5367075820227722, 0.11864530434267478, 0.23710590268538922, 0.6886385290389234, 0.3120920544603014, 0.18100636150754634, 0.006721420376576193, 0.5799410054120409, 0.6191533933337987, 0.6579480820265778, 0.7465201943494316, 0.6845160687117656, 0.5334286751016546], [0.04173084545437167, 0.9441404720620631, 0.0, 0.24145053936881966, 0.5560474056370562, 0.11862340990398904, 0.24968759117433095, 0.6886876084312585, 0.3111100137084095, 0.19825007731343502, 0.006889477554966383, 0.6016391771761249, 0.6309064046447119, 0.658275630077949, 0.7463789627355647, 0.6818677172014248, 0.5224147388071608]]}