{"labels_1": ["1", "2", "3", "4", "5", "6", "7", "8", "9"], "labels_2": ["1", "2", "3", "4", "5", "6", "7", "8", "9"], "adj_matrix_1": [[0.0, 0.06109, 0.10394, 0.00973, 0.08546, 0.10827, 0.22476, 0.25703, 0.20759], [0.06109, 0.0, 0.04492, 0.07048, 0.02533, 0.04957, 0.18181, 0.22155, 0.16119], [0.10394, 0.04492, 0.0, 0.11283, 0.01975, 0.00473, 0.14453, 0.18859, 0.12187], [0.00973, 0.07048, 0.11283, 0.0, 0.09457, 0.11711, 0.23067, 0.26147, 0.21398], [0.08546, 0.02533, 0.01975, 0.09457, 0.0, 0.02446, 0.16131, 0.20367, 0.13954], [0.10827, 0.04957, 0.00473, 0.11711, 0.02446, 0.0, 0.14039, 0.18484, 0.11754], [0.22476, 0.18181, 0.14453, 0.23067, 0.16131, 0.14039, 0.0, 0.05159, 0.02511], [0.25703, 0.22155, 0.18859, 0.26147, 0.20367, 0.18484, 0.05159, 0.0, 0.07628], [0.20759, 0.16119, 0.12187, 0.21398, 0.13954, 0.11754, 0.02511, 0.07628, 0.0]], "adj_matrix_2": [[0.0, 0.12123, 0.12571, 0.07085, 0.19283, 0.08672, 0.31293, 0.35682, 0.32896], [0.12123, 0.0, 0.00503, 0.05355, 0.08488, 0.03719, 0.26297, 0.35923, 0.29333], [0.12571, 0.00503, 0.0, 0.05849, 0.08004, 0.04217, 0.26004, 0.35826, 0.29088], [0.07085, 0.05355, 0.05849, 0.0, 0.13471, 0.01658, 0.29114, 0.36522, 0.31554], [0.19283, 0.08488, 0.08004, 0.13471, 0.0, 0.11981, 0.20187, 0.3297, 0.24016], [0.08672, 0.03719, 0.04217, 0.01658, 0.11981, 0.0, 0.28344, 0.36447, 0.30974], [0.31293, 0.26297, 0.26004, 0.29114, 0.20187, 0.28344, 0.0, 0.1737, 0.04753], [0.35682, 0.35923, 0.35826, 0.36522, 0.3297, 0.36447, 0.1737, 0.0, 0.12926], [0.32896, 0.29333, 0.29088, 0.31554, 0.24016, 0.30974, 0.04753, 0.12926, 0.0]], "features_1": [[0.36524516540104646, 0.7009657534585817, 0.0, 0.3006238515102548, 0.4804140213098547, 0.12491898908860836, 0.21042839358842755, 0.6843593862362183, 0.35525465388320443, 0.15524695870295746, 0.00716927026363523, 0.5940505837303585, 0.635194854728064, 0.6523539841505361, 0.7628623519426939, 0.6863032752564696, 0.5794250192573018], [0.4278239300084792, 0.6809505969311834, 0.0, 0.273501480127079, 0.4664793707417752, 0.12863875525311544, 0.17616449633846615, 0.6802045755194492, 0.3669572784013124, 0.15423094600811593, 0.007281081678807366, 0.5945108622604827, 0.6246702417267214, 0.6446387568513234, 0.7661291167624564, 0.6949143669859487, 0.586421178541265], [0.4718278300774843, 0.8379256570255199, 0.0, 0.29964936923556984, 0.5202294873035075, 0.12505052964821178, 0.1956014709860348, 0.6840910226946042, 0.3557994126173496, 0.18345531982309238, 0.007392832833969631, 0.5941062204946852, 0.6294584275118807, 0.6468887139506387, 0.7602913883303855, 0.6717232589639401, 0.5812214228893545], [0.7282157742932016, 0.8467446912203184, 0.0, 0.2987003938930837, 0.5236703557962796, 0.12494626073711917, 0.1938259738909956, 0.6841092573138066, 0.35228463898900997, 0.18151520467010673, 0.007281081678807366, 0.5824530196071209, 0.6312843357670785, 0.6274844322100933, 0.7611470193090231, 0.6832247364562192, 0.5759074143653569], [0.4202374454319404, 0.6705803523356203, 0.0, 0.25439593998915316, 0.45827122772179596, 0.1298682586147158, 0.13920311753192466, 0.677863613969845, 0.38220008651329773, 0.15475822481019907, 0.00783923647221818, 0.5981028745199337, 0.6245689914585473, 0.6449802635281698, 0.7619866552109277, 0.6837974798572145, 0.5769552081985749], [0.5403722936853423, 0.87411799227941, 0.0, 0.30303947410289167, 0.5238473682995823, 0.13088261228361442, 0.2516016293872596, 0.6804157863762241, 0.38884831056988856, 0.19840471894070033, 0.007727725548673403, 0.5941219932569803, 0.6449289961353036, 0.6679249246277084, 0.7799581797924493, 0.6906967075775126, 0.5943507436156045], [0.70054162007811, 0.9297479531749415, 0.0, 0.25595782925313015, 0.5417938697395442, 0.12413771747558197, 0.1388007237573717, 0.68362563396057, 0.33747000339931277, 0.1953240980726445, 0.007057398507269275, 0.597885542585499, 0.6141538155548967, 0.617955618704152, 0.7485171327563702, 0.6761751307291447, 0.5529953343402446], [-0.02601795642748117, 0.666540325890445, 0.0, 0.26029553816513684, 0.46345621920858815, 0.1276178177312309, 0.20374924240556994, 0.6811911267406758, 0.36822718584727787, 0.15356490774609033, 0.007504523810135222, 0.608299075974001, 0.6227750389016957, 0.653834860157413, 0.7613827807722303, 0.6960841674460327, 0.5811897369110367], [0.23283865640572543, 0.7322693818912971, 0.0, 0.2721048702669955, 0.48994543779308086, 0.12373991603309943, 0.23854892804349248, 0.685010081813346, 0.34261585134202655, 0.16001707775627394, 0.007281081678807366, 0.5982724462439895, 0.623481440207102, 0.6460385487446578, 0.7546063401728952, 0.6798137285552057, 0.5675251325431192]], "features_2": [[0.44609707259932163, 0.7875685333644399, 0.0, 0.2599049939843074, 0.48636003871355615, 0.14811962262631598, 0.3180591309762136, 0.6677936353663538, 0.4890223404546663, 0.2017838469387132, 0.00822905385914674, 0.6066632887415362, 0.6999459573828759, 0.731789357393937, 0.8290121573387451, 0.7525389200289697, 0.6388786507802551], [-0.04146837098553746, 0.7923654414760009, 0.0, 0.22983856871334055, 0.4795875920479482, 0.1530767703931617, 0.24096416343600993, 0.6598782600923206, 0.5225504355305743, 0.2118901704537568, 0.008784670673857464, 0.6290147451896935, 0.6889075762288318, 0.7278003498089344, 0.8315260087126202, 0.7494563686664961, 0.6494331091160448], [0.11123936473922535, 0.9077669389582319, 0.0, 0.2328836857841267, 0.5166277851003325, 0.14982941880594197, 0.26279488002382934, 0.6634065624200705, 0.49763986767690827, 0.23225195590634318, 0.008340296057933516, 0.6200645519257741, 0.6819947712460193, 0.712764529145613, 0.8264107096566196, 0.7368676369770857, 0.6434363610183608], [0.06352312709868757, 0.9681057087977902, 0.0, 0.24189491076128433, 0.5310730360674975, 0.14843679700597673, 0.27892501241035744, 0.664120360938442, 0.4849168073482977, 0.2426006120536397, 0.008006390651371653, 0.6178075951565762, 0.6836409808354288, 0.7117104290673069, 0.8230025471919225, 0.7388066099353365, 0.637189366059735], [-0.25360172756340926, 0.7869378727455035, 0.0, 0.19545201200431916, 0.4719596147483293, 0.15717876098406328, 0.18078558805397904, 0.6520353336985685, 0.5485755511391261, 0.21696915899352476, 0.009006502581913711, 0.6398658090006579, 0.7160823322986131, 0.7592444967663151, 0.8343017438663843, 0.7389498816229213, 0.6533228362305824], [0.120014405351756, 0.9108464264046059, 0.0, 0.2220926962160856, 0.5149453687708018, 0.15269998679403904, 0.2279120155129853, 0.6593122550799836, 0.5194740986084978, 0.23725390989011363, 0.009006502581913711, 0.6185555115528396, 0.6825287710374648, 0.7289614978388494, 0.8301199663660589, 0.7318190129062697, 0.6504391852853211], [-0.26841368296706136, 0.9684964015576542, 0.0, 0.20164490265248425, 0.5223025697378927, 0.15191049599012846, 0.20337248181151962, 0.6564829624743274, 0.4947720489978902, 0.25069517662802143, 0.008784670673857464, 0.6404763866253123, 0.6769923863164227, 0.726518878264228, 0.8221387573998772, 0.7394540582825556, 0.6428243934430448], [-0.5342125021105417, 0.8095264087387902, 0.0, 0.17459366513061672, 0.47142945998324093, 0.16083792417334852, 0.12373599035077376, 0.6419200880167553, 0.5620675712494207, 0.22780210517535338, 0.009006502581913711, 0.6639770760622019, 0.7093189217540952, 0.7583667493527583, 0.8327876564110126, 0.7567016714121079, 0.6494419163946177], [-0.34222353296997277, 0.8775014051548483, 0.0, 0.1807130021688374, 0.4959193568222624, 0.15662889292156545, 0.16513307294971682, 0.6494609581553576, 0.539719250063645, 0.238951080365581, 0.009560050813840704, 0.6606198017128813, 0.6966065090731497, 0.7439862981351469, 0.8283462850385541, 0.750605950956214, 0.6453561203296101]]}