{"labels_1": ["1", "2", "3", "4", "5", "6", "7", "8", "9"], "labels_2": ["1", "2", "3", "4", "5", "6", "7", "8", "9"], "adj_matrix_1": [[0.0, 0.01996, 0.04877, 0.10569, 0.057, 0.01615, 0.27829, 0.33861, 0.24673], [0.01996, 0.0, 0.02902, 0.12382, 0.07636, 0.00382, 0.28659, 0.34039, 0.25767], [0.04877, 0.02902, 0.0, 0.14905, 0.1037, 0.03282, 0.29646, 0.34047, 0.27135], [0.10569, 0.12382, 0.14905, 0.0, 0.05066, 0.12048, 0.21155, 0.30433, 0.16797], [0.057, 0.07636, 0.1037, 0.05066, 0.0, 0.07266, 0.24693, 0.32535, 0.20857], [0.01615, 0.00382, 0.03282, 0.12048, 0.07266, 0.0, 0.28536, 0.34023, 0.25576], [0.27829, 0.28659, 0.29646, 0.21155, 0.24693, 0.28536, 0.0, 0.13052, 0.05226], [0.33861, 0.34039, 0.34047, 0.30433, 0.32535, 0.34023, 0.13052, 0.0, 0.17855], [0.24673, 0.25767, 0.27135, 0.16797, 0.20857, 0.25576, 0.05226, 0.17855, 0.0]], "adj_matrix_2": [[0.0, 0.0027, 0.17014, 0.30349, 0.06847, 0.2285, 0.17716, 0.10539, 0.19002], [0.0027, 0.0, 0.17242, 0.3048, 0.06585, 0.23044, 0.17941, 0.10287, 0.19219], [0.17014, 0.17242, 0.0, 0.17684, 0.22318, 0.0717, 0.00829, 0.24755, 0.02352], [0.30349, 0.3048, 0.17684, 0.0, 0.32906, 0.11006, 0.16949, 0.3362, 0.15568], [0.06847, 0.06585, 0.22318, 0.32906, 0.0, 0.27141, 0.2291, 0.03877, 0.23992], [0.2285, 0.23044, 0.0717, 0.11006, 0.27141, 0.0, 0.06356, 0.28911, 0.04849], [0.17716, 0.17941, 0.00829, 0.16949, 0.2291, 0.06356, 0.0, 0.25272, 0.01524], [0.10539, 0.10287, 0.24755, 0.3362, 0.03877, 0.28911, 0.25272, 0.0, 0.26216], [0.19002, 0.19219, 0.02352, 0.15568, 0.23992, 0.04849, 0.01524, 0.26216, 0.0]], "features_1": [[0.5072486281670812, 0.7354535064082462, 0.0, 0.26722640957591715, 0.5040300830712823, 0.12093741804049549, 0.38459679244425404, 0.688571342395546, 0.3300055774797952, 0.15586140421243821, 0.006889477554966383, 0.5891448439742197, 0.6490007069655165, 0.6489855730306566, 0.7664380439653864, 0.6860272495222073, 0.5753881060945222], [0.5378675923978116, 0.7039511415668462, 0.0, 0.27916513898456674, 0.4936536656507402, 0.12280784827736849, 0.3938489070385479, 0.6878587047722229, 0.3474765111964364, 0.15358789855314026, 0.007281081678807366, 0.5945333369488266, 0.6311966147412182, 0.6584725511754891, 0.7749776401819444, 0.7052118786698128, 0.5802049493321999], [0.5760223658038828, 0.8606402516783925, 0.0, 0.28038864632990557, 0.5405639140195847, 0.12159161139542256, 0.4058055222096151, 0.6883506477359671, 0.3380945620365208, 0.1827000478495011, 0.007001439975721224, 0.589644819223264, 0.6497959417023419, 0.6486660478321259, 0.767817904407456, 0.686814296518831, 0.5735104080248788], [0.5041662599020813, 0.8985687135961838, 0.0, 0.2646005114653155, 0.5463320599068572, 0.12289764010778562, 0.3389825672319695, 0.6870421326832554, 0.3423781421778733, 0.1912540836015577, 0.007392832833969631, 0.5980621507214989, 0.6232716149692258, 0.6330118418230988, 0.7676667938066764, 0.688596831556934, 0.5784453127142333], [0.5120860558623042, 0.6723046500071456, 0.0, 0.2629688931104546, 0.4869695689651192, 0.12063127177651192, 0.4523847957494837, 0.6895711123616345, 0.34443151718438747, 0.14533604550158508, 0.007281081678807366, 0.5945300970526417, 0.6559926566169993, 0.6744882651730678, 0.775196247719285, 0.6939645336944564, 0.5876297901630653], [0.5687263845084982, 0.8899446331842487, 0.0, 0.28416031092372923, 0.5488857018262473, 0.12142624975612261, 0.43257663501595117, 0.6889291739404056, 0.3377008875145564, 0.18825658106686438, 0.0069454663283523566, 0.5891263313896462, 0.6267163129166023, 0.6221932404661741, 0.772615022546158, 0.6920776359149424, 0.5784964065337439], [-0.11048717979707945, 0.924929981168246, 0.0, 0.2252606738777416, 0.547170244042334, 0.12341347309667886, 0.2797272818528945, 0.6855610075877644, 0.33328881908344665, 0.20058453172960022, 0.007001439975721224, 0.6092291800704674, 0.6127493205836377, 0.6324199449418642, 0.7583670687294466, 0.6811285765049702, 0.5780155437263945], [-0.04126509864707373, 0.6917143925477403, 0.0, 0.2447490256657753, 0.48686365443213353, 0.121926341705476, 0.3392705443887671, 0.6879479948295519, 0.32815086682490024, 0.14978665989472906, 0.00716927026363523, 0.6146137113233126, 0.6440609801066586, 0.6525408039655622, 0.7703653119109664, 0.6797913933265928, 0.595532984216592], [-0.11757339821154256, 0.7775826437515666, 0.0, 0.230424883663609, 0.514832643456041, 0.11947194909190118, 0.2961242228398291, 0.6888056462633052, 0.31247617693832375, 0.1652209297899936, 0.007225183508792421, 0.6086730011495172, 0.6474842661544058, 0.657938890366506, 0.7585399335748354, 0.6708822484740472, 0.5821813579243916]], "features_2": [[0.1652212633187209, 0.8016151896154604, 0.0, 0.21919420295006856, 0.5057959035135867, 0.13467622014802152, 0.3711137338066486, 0.6802089950000241, 0.4133394563102104, 0.19107291385349856, 0.008006390651371653, 0.6165685019048506, 0.683095151832814, 0.7009612723699595, 0.8066506275836213, 0.7341131015641665, 0.6083966755182444], [0.3176972118871726, 0.8182913599970487, 0.0, 0.21887214775746433, 0.5065103367265731, 0.1390298042368342, 0.34333868936475154, 0.6761376435302562, 0.43808237416410356, 0.1995722141246543, 0.008062078829516484, 0.6076900335144457, 0.679237793985022, 0.7169561907138977, 0.8120157297075845, 0.7540891738860238, 0.6099223660068233], [0.05066043306612844, 0.9279056578799971, 0.0, 0.21507854398230938, 0.5407604654834485, 0.13407123504123797, 0.36434270213434133, 0.6803191816253389, 0.4067587362953107, 0.21679683872173627, 0.00783923647221818, 0.618197171044365, 0.6748449572028494, 0.7168508410269, 0.8038553947651442, 0.7262724832710392, 0.6080721028966277], [-0.16131175521263952, 0.9835824939218467, 0.0, 0.20918951664958305, 0.5511349197497396, 0.13445800423603926, 0.34503660910666556, 0.6794523421183204, 0.40143664040353877, 0.2292730436511199, 0.007671947615560004, 0.6302969525438238, 0.6754299022276425, 0.69846888241457, 0.80321580804332, 0.7317120196536555, 0.6098221922071998], [0.4406490150076312, 0.8401205428667524, 0.0, 0.22747915533891064, 0.5132637532892524, 0.1369796506122347, 0.35920685977600614, 0.6780095994140816, 0.4346195704234326, 0.2029282910972734, 0.008451478759474051, 0.6019588586382425, 0.6730685899515393, 0.7158793340871862, 0.8092308301032373, 0.7370220448362046, 0.5931358978571533], [0.1969999111986218, 0.9631917648663585, 0.0, 0.22777705302354623, 0.5520029196655644, 0.13183581847812936, 0.41346889847794444, 0.6831976953492057, 0.3990071551015397, 0.21987074362172088, 0.007950687539111767, 0.6177443396601028, 0.6759154845619627, 0.7023938440852343, 0.8031826542489287, 0.7279086370952265, 0.594471753686603], [0.29570538382398714, 0.9964898440002375, 0.0, 0.25394660542867, 0.5564493661513366, 0.13095688468232144, 0.3754817687298392, 0.6825576955187332, 0.38378047779783, 0.22466677232641907, 0.007504523810135222, 0.6136579101342576, 0.6591167425611189, 0.6870176759905147, 0.7959919268728611, 0.7232718095635738, 0.5688248277877286], [0.20587551360454714, 0.874811868266484, 0.0, 0.2244375932764213, 0.5237099126226222, 0.13484681439455037, 0.36314213354195746, 0.6795072913702971, 0.40998042794879974, 0.20662169581684076, 0.007950687539111767, 0.612338178487787, 0.6850275882339247, 0.7130701761833512, 0.804987205934324, 0.738047029467924, 0.5885213882308814], [0.12853108093064103, 0.8916820111803654, 0.0, 0.21681720822429287, 0.5312452307540021, 0.13341542518070854, 0.39523394317203897, 0.6815548888145431, 0.40304837064207844, 0.20767592315216987, 0.00783923647221818, 0.6208693198759874, 0.6792431817233959, 0.705028508446698, 0.8052216122275427, 0.7335851104780162, 0.585770667493909]]}