{"labels_1": ["1", "2", "3", "4", "5", "6", "7", "8", "9"], "labels_2": ["1", "2", "3", "4", "5", "6", "7", "8", "9"], "adj_matrix_1": [[0.0, 0.01996, 0.04877, 0.10569, 0.057, 0.01615, 0.27829, 0.33861, 0.24673], [0.01996, 0.0, 0.02902, 0.12382, 0.07636, 0.00382, 0.28659, 0.34039, 0.25767], [0.04877, 0.02902, 0.0, 0.14905, 0.1037, 0.03282, 0.29646, 0.34047, 0.27135], [0.10569, 0.12382, 0.14905, 0.0, 0.05066, 0.12048, 0.21155, 0.30433, 0.16797], [0.057, 0.07636, 0.1037, 0.05066, 0.0, 0.07266, 0.24693, 0.32535, 0.20857], [0.01615, 0.00382, 0.03282, 0.12048, 0.07266, 0.0, 0.28536, 0.34023, 0.25576], [0.27829, 0.28659, 0.29646, 0.21155, 0.24693, 0.28536, 0.0, 0.13052, 0.05226], [0.33861, 0.34039, 0.34047, 0.30433, 0.32535, 0.34023, 0.13052, 0.0, 0.17855], [0.24673, 0.25767, 0.27135, 0.16797, 0.20857, 0.25576, 0.05226, 0.17855, 0.0]], "adj_matrix_2": [[0.0, 0.1373, 0.13466, 0.06413, 0.20552, 0.22154, 0.02297, 0.25967, 0.12123], [0.1373, 0.0, 0.25419, 0.07586, 0.07865, 0.32212, 0.11574, 0.35035, 0.24324], [0.13466, 0.25419, 0.0, 0.1931, 0.30411, 0.09491, 0.15607, 0.13847, 0.01414], [0.06413, 0.07586, 0.1931, 0.0, 0.1502, 0.27266, 0.04139, 0.30667, 0.18053], [0.20552, 0.07865, 0.30411, 0.1502, 0.0, 0.35721, 0.18634, 0.37838, 0.29532], [0.22154, 0.32212, 0.09491, 0.27266, 0.35721, 0.0, 0.24061, 0.04491, 0.10867], [0.02297, 0.11574, 0.15607, 0.04139, 0.18634, 0.24061, 0.0, 0.27733, 0.14288], [0.25967, 0.35035, 0.13847, 0.30667, 0.37838, 0.04491, 0.27733, 0.0, 0.1519], [0.12123, 0.24324, 0.01414, 0.18053, 0.29532, 0.10867, 0.14288, 0.1519, 0.0]], "features_1": [[0.5072486281670812, 0.7354535064082462, 0.0, 0.26722640957591715, 0.5040300830712823, 0.12093741804049549, 0.38459679244425404, 0.688571342395546, 0.3300055774797952, 0.15586140421243821, 0.006889477554966383, 0.5891448439742197, 0.6490007069655165, 0.6489855730306566, 0.7664380439653864, 0.6860272495222073, 0.5753881060945222], [0.5378675923978116, 0.7039511415668462, 0.0, 0.27916513898456674, 0.4936536656507402, 0.12280784827736849, 0.3938489070385479, 0.6878587047722229, 0.3474765111964364, 0.15358789855314026, 0.007281081678807366, 0.5945333369488266, 0.6311966147412182, 0.6584725511754891, 0.7749776401819444, 0.7052118786698128, 0.5802049493321999], [0.5760223658038828, 0.8606402516783925, 0.0, 0.28038864632990557, 0.5405639140195847, 0.12159161139542256, 0.4058055222096151, 0.6883506477359671, 0.3380945620365208, 0.1827000478495011, 0.007001439975721224, 0.589644819223264, 0.6497959417023419, 0.6486660478321259, 0.767817904407456, 0.686814296518831, 0.5735104080248788], [0.5041662599020813, 0.8985687135961838, 0.0, 0.2646005114653155, 0.5463320599068572, 0.12289764010778562, 0.3389825672319695, 0.6870421326832554, 0.3423781421778733, 0.1912540836015577, 0.007392832833969631, 0.5980621507214989, 0.6232716149692258, 0.6330118418230988, 0.7676667938066764, 0.688596831556934, 0.5784453127142333], [0.5120860558623042, 0.6723046500071456, 0.0, 0.2629688931104546, 0.4869695689651192, 0.12063127177651192, 0.4523847957494837, 0.6895711123616345, 0.34443151718438747, 0.14533604550158508, 0.007281081678807366, 0.5945300970526417, 0.6559926566169993, 0.6744882651730678, 0.775196247719285, 0.6939645336944564, 0.5876297901630653], [0.5687263845084982, 0.8899446331842487, 0.0, 0.28416031092372923, 0.5488857018262473, 0.12142624975612261, 0.43257663501595117, 0.6889291739404056, 0.3377008875145564, 0.18825658106686438, 0.0069454663283523566, 0.5891263313896462, 0.6267163129166023, 0.6221932404661741, 0.772615022546158, 0.6920776359149424, 0.5784964065337439], [-0.11048717979707945, 0.924929981168246, 0.0, 0.2252606738777416, 0.547170244042334, 0.12341347309667886, 0.2797272818528945, 0.6855610075877644, 0.33328881908344665, 0.20058453172960022, 0.007001439975721224, 0.6092291800704674, 0.6127493205836377, 0.6324199449418642, 0.7583670687294466, 0.6811285765049702, 0.5780155437263945], [-0.04126509864707373, 0.6917143925477403, 0.0, 0.2447490256657753, 0.48686365443213353, 0.121926341705476, 0.3392705443887671, 0.6879479948295519, 0.32815086682490024, 0.14978665989472906, 0.00716927026363523, 0.6146137113233126, 0.6440609801066586, 0.6525408039655622, 0.7703653119109664, 0.6797913933265928, 0.595532984216592], [-0.11757339821154256, 0.7775826437515666, 0.0, 0.230424883663609, 0.514832643456041, 0.11947194909190118, 0.2961242228398291, 0.6888056462633052, 0.31247617693832375, 0.1652209297899936, 0.007225183508792421, 0.6086730011495172, 0.6474842661544058, 0.657938890366506, 0.7585399335748354, 0.6708822484740472, 0.5821813579243916]], "features_2": [[-0.18799020699683888, 0.7510917014832468, 0.0, 0.2813490618806912, 0.49078797121106055, 0.134477943319137, 0.268710321675966, 0.6770729722303397, 0.40720878182576925, 0.18115871193797428, 0.007894969482732161, 0.6362159440175428, 0.6473221895157385, 0.6584179562204033, 0.790887590689085, 0.7162899581840868, 0.6100215196940895], [0.2541151378237094, 0.7025199266390966, 0.0, 0.3096699811147087, 0.47817086954811816, 0.13346872155476389, 0.2611776815271476, 0.6784406630219082, 0.39981868670223175, 0.165981267831814, 0.008006390651371653, 0.6133643081945259, 0.645612139287994, 0.6643097870182478, 0.7903730818320931, 0.6871735021993339, 0.6075015512139618], [-0.13201220721272122, 0.8489842755910006, 0.0, 0.26427200121181194, 0.5239975361537741, 0.1306576387599163, 0.2618891302221741, 0.6806814645696422, 0.3888613191351573, 0.19725811667180304, 0.008006390651371653, 0.6313293221584653, 0.6511602231727505, 0.6690787918604296, 0.78278964597823, 0.6969996071635368, 0.5989210586173327], [-0.1048034354212537, 0.868371207829363, 0.0, 0.24822467396019984, 0.5244609624051502, 0.13340476250032204, 0.23862468791122, 0.6774828791538584, 0.40120355192691926, 0.20443730428592555, 0.008117752083540042, 0.6213032941518455, 0.6462115976944807, 0.6643760279072263, 0.7867359810216565, 0.6847134622093755, 0.6040018529638871], [0.3147848734911518, 0.6746197335386068, 0.0, 0.2717962894132342, 0.46680511201802927, 0.13432703192526668, 0.23872528052191128, 0.677031057651412, 0.4056497024770762, 0.15939228024207575, 0.008117752083540042, 0.6129128046477439, 0.6661520661585434, 0.6735011542399054, 0.7904216475882263, 0.7020382461115257, 0.6060891450797038], [-0.23878973874342257, 0.8461681653907926, 0.0, 0.2423167511964714, 0.5194416126499346, 0.13536519427121652, 0.276384642976668, 0.6775016235297517, 0.4202155888978141, 0.203777010241867, 0.008117752083540042, 0.6439873709766131, 0.6735518950511292, 0.6885705135325334, 0.7958746735041707, 0.7025426212778338, 0.6075046109130706], [-0.009786413441148056, 0.8701424577682484, 0.0, 0.2572082595644118, 0.5252872677809716, 0.13376418126095843, 0.23492674996687413, 0.6773019064645008, 0.4013238875024354, 0.20282273909440685, 0.007783488497544067, 0.6297399742566285, 0.6483482911407286, 0.6642063575967025, 0.7877848365161395, 0.6953268790587996, 0.6055165792212474], [-0.24028297495915352, 0.6426946593624332, 0.0, 0.1907608104586513, 0.45778622718554696, 0.13482095139712225, 0.27898507512195325, 0.6780703479583883, 0.40645081196785626, 0.15361680454865012, 0.007950687539111767, 0.6362663078052291, 0.6654526201406131, 0.6692685479598454, 0.7966754432433137, 0.7118381707773052, 0.6001317130803082], [-0.3911923854117454, 0.7327973710724403, 0.0, 0.2035203104486847, 0.48781906036821454, 0.13122184096276368, 0.23559830015467115, 0.6798079436959122, 0.3771718243699498, 0.1715735842664281, 0.007281081678807366, 0.6284998613369515, 0.6564283635211422, 0.685124053561583, 0.7830518600704441, 0.6898974610116428, 0.5910913203244956]]}