{"labels_1": ["1", "2", "3", "4", "5", "6", "7", "8", "9"], "labels_2": ["1", "2", "3", "4", "5", "6", "7", "8", "9"], "adj_matrix_1": [[0.0, 0.01996, 0.04877, 0.10569, 0.057, 0.01615, 0.27829, 0.33861, 0.24673], [0.01996, 0.0, 0.02902, 0.12382, 0.07636, 0.00382, 0.28659, 0.34039, 0.25767], [0.04877, 0.02902, 0.0, 0.14905, 0.1037, 0.03282, 0.29646, 0.34047, 0.27135], [0.10569, 0.12382, 0.14905, 0.0, 0.05066, 0.12048, 0.21155, 0.30433, 0.16797], [0.057, 0.07636, 0.1037, 0.05066, 0.0, 0.07266, 0.24693, 0.32535, 0.20857], [0.01615, 0.00382, 0.03282, 0.12048, 0.07266, 0.0, 0.28536, 0.34023, 0.25576], [0.27829, 0.28659, 0.29646, 0.21155, 0.24693, 0.28536, 0.0, 0.13052, 0.05226], [0.33861, 0.34039, 0.34047, 0.30433, 0.32535, 0.34023, 0.13052, 0.0, 0.17855], [0.24673, 0.25767, 0.27135, 0.16797, 0.20857, 0.25576, 0.05226, 0.17855, 0.0]], "adj_matrix_2": [[0.0, 0.10593, 0.07716, 0.01612, 0.11714, 0.12116, 0.04254, 0.04051, 0.07652], [0.10593, 0.0, 0.11304, 0.10175, 0.08842, 0.07514, 0.09369, 0.11304, 0.11315], [0.07716, 0.11304, 0.0, 0.08936, 0.06856, 0.08383, 0.10691, 0.0412, 0.00083], [0.01612, 0.10175, 0.08936, 0.0, 0.12194, 0.1238, 0.027, 0.05547, 0.08876], [0.11714, 0.08842, 0.06856, 0.12194, 0.0, 0.02057, 0.12681, 0.09798, 0.06923], [0.12116, 0.07514, 0.08383, 0.1238, 0.02057, 0.0, 0.12524, 0.10781, 0.0844], [0.04254, 0.09369, 0.10691, 0.027, 0.12681, 0.12524, 0.0, 0.07865, 0.10644], [0.04051, 0.11304, 0.0412, 0.05547, 0.09798, 0.10781, 0.07865, 0.0, 0.04042], [0.07652, 0.11315, 0.00083, 0.08876, 0.06923, 0.0844, 0.10644, 0.04042, 0.0]], "features_1": [[0.5072486281670812, 0.7354535064082462, 0.0, 0.26722640957591715, 0.5040300830712823, 0.12093741804049549, 0.38459679244425404, 0.688571342395546, 0.3300055774797952, 0.15586140421243821, 0.006889477554966383, 0.5891448439742197, 0.6490007069655165, 0.6489855730306566, 0.7664380439653864, 0.6860272495222073, 0.5753881060945222], [0.5378675923978116, 0.7039511415668462, 0.0, 0.27916513898456674, 0.4936536656507402, 0.12280784827736849, 0.3938489070385479, 0.6878587047722229, 0.3474765111964364, 0.15358789855314026, 0.007281081678807366, 0.5945333369488266, 0.6311966147412182, 0.6584725511754891, 0.7749776401819444, 0.7052118786698128, 0.5802049493321999], [0.5760223658038828, 0.8606402516783925, 0.0, 0.28038864632990557, 0.5405639140195847, 0.12159161139542256, 0.4058055222096151, 0.6883506477359671, 0.3380945620365208, 0.1827000478495011, 0.007001439975721224, 0.589644819223264, 0.6497959417023419, 0.6486660478321259, 0.767817904407456, 0.686814296518831, 0.5735104080248788], [0.5041662599020813, 0.8985687135961838, 0.0, 0.2646005114653155, 0.5463320599068572, 0.12289764010778562, 0.3389825672319695, 0.6870421326832554, 0.3423781421778733, 0.1912540836015577, 0.007392832833969631, 0.5980621507214989, 0.6232716149692258, 0.6330118418230988, 0.7676667938066764, 0.688596831556934, 0.5784453127142333], [0.5120860558623042, 0.6723046500071456, 0.0, 0.2629688931104546, 0.4869695689651192, 0.12063127177651192, 0.4523847957494837, 0.6895711123616345, 0.34443151718438747, 0.14533604550158508, 0.007281081678807366, 0.5945300970526417, 0.6559926566169993, 0.6744882651730678, 0.775196247719285, 0.6939645336944564, 0.5876297901630653], [0.5687263845084982, 0.8899446331842487, 0.0, 0.28416031092372923, 0.5488857018262473, 0.12142624975612261, 0.43257663501595117, 0.6889291739404056, 0.3377008875145564, 0.18825658106686438, 0.0069454663283523566, 0.5891263313896462, 0.6267163129166023, 0.6221932404661741, 0.772615022546158, 0.6920776359149424, 0.5784964065337439], [-0.11048717979707945, 0.924929981168246, 0.0, 0.2252606738777416, 0.547170244042334, 0.12341347309667886, 0.2797272818528945, 0.6855610075877644, 0.33328881908344665, 0.20058453172960022, 0.007001439975721224, 0.6092291800704674, 0.6127493205836377, 0.6324199449418642, 0.7583670687294466, 0.6811285765049702, 0.5780155437263945], [-0.04126509864707373, 0.6917143925477403, 0.0, 0.2447490256657753, 0.48686365443213353, 0.121926341705476, 0.3392705443887671, 0.6879479948295519, 0.32815086682490024, 0.14978665989472906, 0.00716927026363523, 0.6146137113233126, 0.6440609801066586, 0.6525408039655622, 0.7703653119109664, 0.6797913933265928, 0.595532984216592], [-0.11757339821154256, 0.7775826437515666, 0.0, 0.230424883663609, 0.514832643456041, 0.11947194909190118, 0.2961242228398291, 0.6888056462633052, 0.31247617693832375, 0.1652209297899936, 0.007225183508792421, 0.6086730011495172, 0.6474842661544058, 0.657938890366506, 0.7585399335748354, 0.6708822484740472, 0.5821813579243916]], "features_2": [[3.3185358390663424, 0.8259201897716354, 0.0, 0.373831780535581, 0.5308721795035428, 0.12399712768189891, 0.3470230384410293, 0.687092422077243, 0.38444691012735577, 0.17318488361970563, 0.007950687539111767, 0.5506447496360392, 0.6128924611907782, 0.6300553890329833, 0.7771590782656543, 0.7393461802256077, 0.5693867228155278], [5.072248743084849, 0.9382838508445889, 0.0, 0.44670632022067774, 0.5477307391637373, 0.1297917906027898, 0.24630264181178063, 0.6813267803321892, 0.4280424936622764, 0.2017432769378007, 0.008507047823598457, 0.5439260788127844, 0.6139902256647906, 0.6296496091310505, 0.7806107898228205, 0.7305664616320698, 0.5916758293148782], [3.844810176436699, 0.9658528370234429, 0.0, 0.3896827838953354, 0.5682502842479163, 0.1242472305611721, 0.3503635066340777, 0.6871240796026425, 0.3853606239531524, 0.19988867673674982, 0.008062078829516484, 0.5454409847264816, 0.6327224399807526, 0.6433471291840023, 0.7783243527284279, 0.754420076189644, 0.573953371866813], [3.0803377870892446, 0.968362501292938, 0.0, 0.3714575691253383, 0.5639545252330884, 0.12548853322429512, 0.3128071137301937, 0.6856300567854814, 0.3824554957759485, 0.20339011316178812, 0.00783923647221818, 0.5533811081968851, 0.6254618916412416, 0.6500664707151963, 0.7782811799176703, 0.7406473900039117, 0.5756642780048079], [3.774803307505082, 0.9331281640742479, 0.0, 0.4254095204192003, 0.5429820822414282, 0.130452187896803, 0.2501436894224554, 0.681296558347308, 0.42928984239567813, 0.2068340014666401, 0.008507047823598457, 0.5486086803233441, 0.6107993131645554, 0.6328251546290173, 0.7834925321898903, 0.7291805423534589, 0.5945291304652771], [4.376483835435718, 0.9845450220972815, 0.0, 0.4062555424831294, 0.5683463995312065, 0.12654726341778572, 0.3737648136243436, 0.6862919538135642, 0.3980944957731112, 0.20733406123144138, 0.007727725548673403, 0.5383972540203377, 0.6287470276640419, 0.6519166832558946, 0.7865877959179992, 0.751384233127494, 0.5746721629957939], [2.0991646543166906, 1.0154780106969052, 0.0, 0.32933374615628114, 0.5691133818610525, 0.1291029894957031, 0.29647658261609494, 0.6828218418541541, 0.3851870921585947, 0.2192253979624328, 0.007504523810135222, 0.5656566408186017, 0.6320511290157083, 0.6471202544307867, 0.7841773534072473, 0.7174388785849304, 0.5952705254000746], [4.244567613882653, 0.8939908275124725, 0.0, 0.4068920962600324, 0.5407046808031398, 0.1288755900371321, 0.32402668451424504, 0.6839380069284707, 0.41693065982364375, 0.194208006727127, 0.008284682400665488, 0.5389249719331859, 0.6283505163510162, 0.6573096378106098, 0.7881339463955247, 0.7263690425449448, 0.5919209367551136], [3.0744128418055725, 0.9136873776342669, 0.0, 0.3824498665665235, 0.5467537183721912, 0.12902886255120258, 0.31286092287846684, 0.683548607326107, 0.39490814768238147, 0.19937169561977197, 0.007504523810135222, 0.5518377004872033, 0.6386201464275484, 0.6612509292769352, 0.7872928802143255, 0.7254357045831008, 0.5904664796683221]]}