{"labels_1": ["1", "2", "3", "4", "5", "6", "7", "8", "9"], "labels_2": ["1", "2", "3", "4", "5", "6", "7", "8", "9"], "adj_matrix_1": [[0.0, 0.01996, 0.04877, 0.10569, 0.057, 0.01615, 0.27829, 0.33861, 0.24673], [0.01996, 0.0, 0.02902, 0.12382, 0.07636, 0.00382, 0.28659, 0.34039, 0.25767], [0.04877, 0.02902, 0.0, 0.14905, 0.1037, 0.03282, 0.29646, 0.34047, 0.27135], [0.10569, 0.12382, 0.14905, 0.0, 0.05066, 0.12048, 0.21155, 0.30433, 0.16797], [0.057, 0.07636, 0.1037, 0.05066, 0.0, 0.07266, 0.24693, 0.32535, 0.20857], [0.01615, 0.00382, 0.03282, 0.12048, 0.07266, 0.0, 0.28536, 0.34023, 0.25576], [0.27829, 0.28659, 0.29646, 0.21155, 0.24693, 0.28536, 0.0, 0.13052, 0.05226], [0.33861, 0.34039, 0.34047, 0.30433, 0.32535, 0.34023, 0.13052, 0.0, 0.17855], [0.24673, 0.25767, 0.27135, 0.16797, 0.20857, 0.25576, 0.05226, 0.17855, 0.0]], "adj_matrix_2": [[0.0, 0.15806, 0.06938, 0.08056, 0.16977, 0.16149, 0.22626, 0.18831, 0.08551], [0.15806, 0.0, 0.2109, 0.08399, 0.26358, 0.26082, 0.20854, 0.26822, 0.22155], [0.06938, 0.2109, 0.0, 0.14423, 0.11208, 0.10205, 0.2209, 0.13549, 0.0169], [0.08056, 0.08399, 0.14423, 0.0, 0.22339, 0.2178, 0.22144, 0.2353, 0.15814], [0.16977, 0.26358, 0.11208, 0.22339, 0.0, 0.01131, 0.18471, 0.02754, 0.09685], [0.16149, 0.26082, 0.10205, 0.2178, 0.01131, 0.0, 0.18998, 0.03873, 0.08647], [0.22626, 0.20854, 0.2209, 0.22144, 0.18471, 0.18998, 0.0, 0.17025, 0.21797], [0.18831, 0.26822, 0.13549, 0.2353, 0.02754, 0.03873, 0.17025, 0.0, 0.1212], [0.08551, 0.22155, 0.0169, 0.15814, 0.09685, 0.08647, 0.21797, 0.1212, 0.0]], "features_1": [[0.5072486281670812, 0.7354535064082462, 0.0, 0.26722640957591715, 0.5040300830712823, 0.12093741804049549, 0.38459679244425404, 0.688571342395546, 0.3300055774797952, 0.15586140421243821, 0.006889477554966383, 0.5891448439742197, 0.6490007069655165, 0.6489855730306566, 0.7664380439653864, 0.6860272495222073, 0.5753881060945222], [0.5378675923978116, 0.7039511415668462, 0.0, 0.27916513898456674, 0.4936536656507402, 0.12280784827736849, 0.3938489070385479, 0.6878587047722229, 0.3474765111964364, 0.15358789855314026, 0.007281081678807366, 0.5945333369488266, 0.6311966147412182, 0.6584725511754891, 0.7749776401819444, 0.7052118786698128, 0.5802049493321999], [0.5760223658038828, 0.8606402516783925, 0.0, 0.28038864632990557, 0.5405639140195847, 0.12159161139542256, 0.4058055222096151, 0.6883506477359671, 0.3380945620365208, 0.1827000478495011, 0.007001439975721224, 0.589644819223264, 0.6497959417023419, 0.6486660478321259, 0.767817904407456, 0.686814296518831, 0.5735104080248788], [0.5041662599020813, 0.8985687135961838, 0.0, 0.2646005114653155, 0.5463320599068572, 0.12289764010778562, 0.3389825672319695, 0.6870421326832554, 0.3423781421778733, 0.1912540836015577, 0.007392832833969631, 0.5980621507214989, 0.6232716149692258, 0.6330118418230988, 0.7676667938066764, 0.688596831556934, 0.5784453127142333], [0.5120860558623042, 0.6723046500071456, 0.0, 0.2629688931104546, 0.4869695689651192, 0.12063127177651192, 0.4523847957494837, 0.6895711123616345, 0.34443151718438747, 0.14533604550158508, 0.007281081678807366, 0.5945300970526417, 0.6559926566169993, 0.6744882651730678, 0.775196247719285, 0.6939645336944564, 0.5876297901630653], [0.5687263845084982, 0.8899446331842487, 0.0, 0.28416031092372923, 0.5488857018262473, 0.12142624975612261, 0.43257663501595117, 0.6889291739404056, 0.3377008875145564, 0.18825658106686438, 0.0069454663283523566, 0.5891263313896462, 0.6267163129166023, 0.6221932404661741, 0.772615022546158, 0.6920776359149424, 0.5784964065337439], [-0.11048717979707945, 0.924929981168246, 0.0, 0.2252606738777416, 0.547170244042334, 0.12341347309667886, 0.2797272818528945, 0.6855610075877644, 0.33328881908344665, 0.20058453172960022, 0.007001439975721224, 0.6092291800704674, 0.6127493205836377, 0.6324199449418642, 0.7583670687294466, 0.6811285765049702, 0.5780155437263945], [-0.04126509864707373, 0.6917143925477403, 0.0, 0.2447490256657753, 0.48686365443213353, 0.121926341705476, 0.3392705443887671, 0.6879479948295519, 0.32815086682490024, 0.14978665989472906, 0.00716927026363523, 0.6146137113233126, 0.6440609801066586, 0.6525408039655622, 0.7703653119109664, 0.6797913933265928, 0.595532984216592], [-0.11757339821154256, 0.7775826437515666, 0.0, 0.230424883663609, 0.514832643456041, 0.11947194909190118, 0.2961242228398291, 0.6888056462633052, 0.31247617693832375, 0.1652209297899936, 0.007225183508792421, 0.6086730011495172, 0.6474842661544058, 0.657938890366506, 0.7585399335748354, 0.6708822484740472, 0.5821813579243916]], "features_2": [[-0.0005374631146985998, 0.629278256051022, 0.0, 0.282546826772485, 0.4533921640265481, 0.13037887084587538, 0.2996251178240456, 0.6810224384645807, 0.36678618022586496, 0.1463898200213707, 0.007616154688146137, 0.6022098166029384, 0.6427243004696093, 0.6798360596483908, 0.7824496257680476, 0.7171228483312502, 0.5964744999036464], [0.3789364241140665, 0.6155411146777194, 0.0, 0.28989953283346964, 0.4480766161634152, 0.13193724028408713, 0.2682930993428926, 0.6797372973333414, 0.39383076910091264, 0.14331353069404962, 0.008062078829516484, 0.6042122074991565, 0.6532135042505092, 0.6673245128986726, 0.78704157220521, 0.7171317000532687, 0.6085701344456661], [0.20129034653223377, 0.7450535427648507, 0.0, 0.29225387375623296, 0.49208413093178116, 0.131587339839685, 0.27245334769132656, 0.6799933962159864, 0.3740424040976038, 0.17321312138620937, 0.007392832833969631, 0.5928597788353458, 0.6453818760786113, 0.6730752007411415, 0.7855495655760167, 0.7080802353729986, 0.6100267298796881], [0.12810305519848164, 0.7569090018309453, 0.0, 0.2727507651747425, 0.4969686973309012, 0.1286358513272528, 0.2937617384325577, 0.68267923906597, 0.36248238954291945, 0.1730048212716495, 0.007281081678807366, 0.5961183933072776, 0.6563212390973834, 0.6942233173331559, 0.7803715360197438, 0.6876050652660155, 0.5948269985973472], [1.081278033220629, 0.6010127374369785, 0.0, 0.3400816784827934, 0.4483416539574016, 0.126190261725271, 0.32838581103445746, 0.6853506200665945, 0.3537225942828772, 0.13072955407883513, 0.007504523810135222, 0.5801137279560571, 0.6251728538559105, 0.6377106175449089, 0.7811805952040888, 0.7220848271507473, 0.5815535855263442], [0.5414602344889756, 0.736449626450411, 0.0, 0.3102346165067842, 0.4962100948779552, 0.1257457696205725, 0.33744822844385636, 0.6857648120048765, 0.3483957987436286, 0.16419715657188028, 0.00683347364535547, 0.579857624054751, 0.6427960664434691, 0.6787241550939395, 0.7800615854231018, 0.712294401754784, 0.5872637548999105], [0.7681687253928633, 0.7769942567082174, 0.0, 0.3281552226385146, 0.4971096626620375, 0.12744454755596263, 0.2206520281174072, 0.6822141258891197, 0.340343406037557, 0.17319829157087185, 0.00716927026363523, 0.5756164344495835, 0.634028995360153, 0.6734221842614923, 0.7709430493143075, 0.679619164689643, 0.5760450248575821], [0.8833349732624871, 0.7129377392754374, 0.0, 0.34414137922470606, 0.49628644770915775, 0.11718298540885506, 0.45210320661380693, 0.6909489134953959, 0.30707839990341435, 0.14686201563590817, 0.00677745458930179, 0.5759708146394089, 0.6513901316990927, 0.6563913483902958, 0.7611287133787066, 0.6891842055771952, 0.5391085667923868], [0.431267911123947, 0.7285420106754896, 0.0, 0.29859924793664644, 0.49597281540874405, 0.12025088787962487, 0.42158967727789687, 0.6892137692913254, 0.3167243023028907, 0.15474241000589317, 0.007001439975721224, 0.5772602883868458, 0.6390629007809501, 0.6662600029683085, 0.7645191221542816, 0.7033095522149078, 0.5495135679818718]]}