{"labels_1": ["1", "2", "3", "4", "5", "6", "7", "8", "9"], "labels_2": ["1", "2", "3", "4", "5", "6", "7", "8", "9"], "adj_matrix_1": [[0.0, 0.06603, 0.01944, 0.0756, 0.07683, 0.16055, 0.0894, 0.12049, 0.13748], [0.06603, 0.0, 0.08495, 0.00981, 0.13925, 0.21336, 0.02402, 0.17878, 0.19366], [0.01944, 0.08495, 0.0, 0.0944, 0.05785, 0.1438, 0.10796, 0.10239, 0.11987], [0.0756, 0.00981, 0.0944, 0.0, 0.14804, 0.22051, 0.01422, 0.18683, 0.20135], [0.07683, 0.13925, 0.05785, 0.14804, 0.0, 0.09058, 0.16061, 0.04614, 0.06469], [0.16055, 0.21336, 0.1438, 0.22051, 0.09058, 0.0, 0.23061, 0.04567, 0.02691], [0.0894, 0.02402, 0.10796, 0.01422, 0.16061, 0.23061, 0.0, 0.19829, 0.21228], [0.12049, 0.17878, 0.10239, 0.18683, 0.04614, 0.04567, 0.19829, 0.0, 0.01891], [0.13748, 0.19366, 0.11987, 0.20135, 0.06469, 0.02691, 0.21228, 0.01891, 0.0]], "adj_matrix_2": [[0.0, 0.21115, 0.03212, 0.14929, 0.06174, 0.10115, 0.00779, 0.27746, 0.19345], [0.21115, 0.0, 0.22858, 0.08956, 0.1702, 0.2588, 0.20623, 0.29334, 0.28494], [0.03212, 0.22858, 0.0, 0.17504, 0.09261, 0.07043, 0.03985, 0.25933, 0.16751], [0.14929, 0.08956, 0.17504, 0.0, 0.09436, 0.2245, 0.14277, 0.3153, 0.27881], [0.06174, 0.1702, 0.09261, 0.09436, 0.0, 0.15641, 0.05407, 0.30317, 0.23643], [0.10115, 0.2588, 0.07043, 0.2245, 0.15641, 0.0, 0.10847, 0.20924, 0.10358], [0.00779, 0.20623, 0.03985, 0.14277, 0.05407, 0.10847, 0.0, 0.28149, 0.19947], [0.27746, 0.29334, 0.25933, 0.3153, 0.30317, 0.20924, 0.28149, 0.0, 0.11692], [0.19345, 0.28494, 0.16751, 0.27881, 0.23643, 0.10358, 0.19947, 0.11692, 0.0]], "features_1": [[0.06728381628823055, 0.851474511742007, 0.0, 0.26403817003398544, 0.5441184252368557, 0.11924172846540293, 0.45148631537630945, 0.690553997412755, 0.3275376258069407, 0.180920838021696, 0.00716927026363523, 0.599344877971336, 0.6455080318918607, 0.666434703583423, 0.774650614209795, 0.7214100541790521, 0.5661414118229361], [0.23985194462436077, 0.9181750325766903, 0.0, 0.2831338796921805, 0.5538697792008841, 0.12141545607826523, 0.3752794551842129, 0.6888296632331441, 0.33748110877267457, 0.19716631698168574, 0.007504523810135222, 0.5991424404702892, 0.6497933637167972, 0.6780138675868387, 0.7721608681422775, 0.705733614462995, 0.5581279942632184], [0.07688337423864233, 1.0083973967179125, 0.0, 0.2671506320154289, 0.5823088973747769, 0.12023511184098479, 0.44088066681280436, 0.6901123666140188, 0.33541612871860327, 0.21209662200342128, 0.007057398507269275, 0.6000929379799278, 0.6757917988743921, 0.6869064380779724, 0.7758929476118269, 0.7119406514681481, 0.5689412438008131], [-0.0028422658731743766, 0.9926342715565807, 0.0, 0.2418750376527756, 0.5790400960925823, 0.11972436766264959, 0.4522792085522937, 0.690298274101957, 0.3315700552562477, 0.20870971644276382, 0.00716927026363523, 0.6097627947236268, 0.6539286132948757, 0.6752219108039197, 0.7743861560429199, 0.7162624016478515, 0.5672192691385382], [0.5129093919257102, 0.9586149979536024, 0.0, 0.3113088882137608, 0.5654948402244974, 0.11933781314515439, 0.388011149159194, 0.6897886841396661, 0.3203380591978413, 0.19854648443272183, 0.00716927026363523, 0.5864967732392798, 0.6391332426258146, 0.6669708241657626, 0.7673424893814833, 0.7039861993300753, 0.5439404859221895], [0.11533062985738285, 1.0471283465631422, 0.0, 0.27291699028359123, 0.5928995603888552, 0.11907982732775622, 0.49848618307115516, 0.690865660078088, 0.32301861367523776, 0.21538071748018872, 0.007057398507269275, 0.596475968712302, 0.660607448285385, 0.6746908147277143, 0.7757918840472495, 0.713222889414378, 0.5651669266590029], [0.12524068468572747, 0.9695371254901446, 0.0, 0.25428917493341396, 0.5725967417019127, 0.12119049373476563, 0.4749682482125763, 0.6897077087079782, 0.3392756942835278, 0.20459149070135219, 0.0069454663283523566, 0.6036145877980688, 0.6594225192872238, 0.6602652618650868, 0.777866918542844, 0.7212572140995139, 0.5808472107092726], [0.41588001346396464, 0.9809135855771675, 0.0, 0.3176703938446651, 0.5755567923864868, 0.11606194420552739, 0.3872872731078886, 0.6909578475183729, 0.29512226775303385, 0.19643738756933726, 0.006497131753992358, 0.5845670781741859, 0.6387574965591938, 0.6464397306214934, 0.7556184179387698, 0.6885897703781618, 0.5461095743730011], [0.31078439256907586, 0.9652038534786868, 0.0, 0.26623106035003047, 0.5743349491331684, 0.11837436629681167, 0.4341890405564591, 0.690546365762257, 0.3078709108578601, 0.19698581466347576, 0.006609306440138685, 0.579249847050479, 0.6344740803622599, 0.655773065238064, 0.7676859553324371, 0.6763976517545157, 0.5806417895035538]], "features_2": [[0.1336862172796871, 0.766492495600961, 0.0, 0.25976920905218753, 0.5103171693151757, 0.12695408776734127, 0.4169446227030356, 0.6861022274007339, 0.3773769918791685, 0.1718147802035459, 0.007671947615560004, 0.6102601649199881, 0.6680402020489822, 0.6831155155304813, 0.7911643948282119, 0.7184902930623884, 0.5899618868705305], [0.6551870024773296, 0.7448583919910631, 0.0, 0.30171376956968493, 0.5004729338350763, 0.1260911665004598, 0.29691579538956175, 0.6846978699430135, 0.36146050348839065, 0.1651417294591606, 0.007504523810135222, 0.5868178437715654, 0.6303095881211364, 0.6544800564102318, 0.7776783671039015, 0.7116516872544606, 0.5760141632854493], [0.1144338503385125, 0.8986227862254141, 0.0, 0.2669977816215088, 0.5495238846261364, 0.12459574435928089, 0.3854293291393091, 0.6871968838323819, 0.3632272121730795, 0.19553738279588684, 0.007281081678807366, 0.6057333979350275, 0.6671904578321372, 0.6794942441461612, 0.7822669544774884, 0.7120990529731825, 0.582217269859454], [0.3515927405762209, 0.9532727928137767, 0.0, 0.23811709073820744, 0.5588901295908049, 0.12552124096342435, 0.34857294029120994, 0.6857347045029027, 0.3574752613437975, 0.2049524470630315, 0.007560346756364078, 0.5969716404079359, 0.6533265893797083, 0.6581996824100633, 0.7790887568918463, 0.6986804356479207, 0.5867806641216198], [0.3815772594143505, 0.7356198355837879, 0.0, 0.28300435556284315, 0.4986489350309645, 0.12447194266083506, 0.3161567199622645, 0.6860322067562896, 0.334147509033637, 0.16037139264957223, 0.00683347364535547, 0.5925504315585779, 0.6425555996733162, 0.6682476701108113, 0.7763469994681658, 0.6947102705689758, 0.5679080279968026], [0.19628658278550004, 0.9608806008091141, 0.0, 0.26275836251108575, 0.5611621518121532, 0.1273806744573029, 0.4092316418651102, 0.6860810970248226, 0.3727247457629639, 0.21152554540822432, 0.007504523810135222, 0.6075233883971514, 0.6435815663611832, 0.6800233076598605, 0.7912000845612674, 0.7183457652593005, 0.598522003063349], [0.34416321722981635, 1.009766892950374, 0.0, 0.24110747513877887, 0.5689298717052778, 0.12438203430905632, 0.31541978821046757, 0.6858788583986364, 0.34210842816384, 0.2144744881795262, 0.007001439975721224, 0.5923964243661701, 0.6275339095733778, 0.6532634397986107, 0.7719493255355272, 0.6942392236421191, 0.5856645533654101], [-0.2575465824867944, 0.8350216318350957, 0.0, 0.22369150604689908, 0.5307669842652337, 0.1182973829267413, 0.2984885820521626, 0.6894087988755127, 0.29587768916483803, 0.175722302383168, 0.006609306440138685, 0.6067092866878165, 0.6356526301044791, 0.6419496188867296, 0.7555529808575837, 0.6725028832549707, 0.5626915789897484], [0.1666628314788703, 0.882088578298746, 0.0, 0.24478684699269587, 0.5454196486707812, 0.11709690426002953, 0.3605762834515211, 0.6903552925089116, 0.2929180787023775, 0.18117190295447072, 0.006889477554966383, 0.5972343940584626, 0.6392375200333306, 0.649492812207376, 0.7566039112723135, 0.6784306955116738, 0.5553426873217296]]}