{"labels_1": ["1", "2", "3", "4", "5", "6", "7", "8", "9"], "labels_2": ["1", "2", "3", "4", "5", "6", "7", "8", "9"], "adj_matrix_1": [[0.0, 0.01996, 0.04877, 0.10569, 0.057, 0.01615, 0.27829, 0.33861, 0.24673], [0.01996, 0.0, 0.02902, 0.12382, 0.07636, 0.00382, 0.28659, 0.34039, 0.25767], [0.04877, 0.02902, 0.0, 0.14905, 0.1037, 0.03282, 0.29646, 0.34047, 0.27135], [0.10569, 0.12382, 0.14905, 0.0, 0.05066, 0.12048, 0.21155, 0.30433, 0.16797], [0.057, 0.07636, 0.1037, 0.05066, 0.0, 0.07266, 0.24693, 0.32535, 0.20857], [0.01615, 0.00382, 0.03282, 0.12048, 0.07266, 0.0, 0.28536, 0.34023, 0.25576], [0.27829, 0.28659, 0.29646, 0.21155, 0.24693, 0.28536, 0.0, 0.13052, 0.05226], [0.33861, 0.34039, 0.34047, 0.30433, 0.32535, 0.34023, 0.13052, 0.0, 0.17855], [0.24673, 0.25767, 0.27135, 0.16797, 0.20857, 0.25576, 0.05226, 0.17855, 0.0]], "adj_matrix_2": [[0.0, 0.23373, 0.01481, 0.07819, 0.25734, 0.02053, 0.15266, 0.24107, 0.22965], [0.23373, 0.0, 0.23081, 0.23201, 0.18056, 0.22936, 0.14543, 0.28626, 0.31979], [0.01481, 0.23081, 0.0, 0.09156, 0.26293, 0.00575, 0.14215, 0.25071, 0.24036], [0.07819, 0.23201, 0.09156, 0.0, 0.21593, 0.09659, 0.19553, 0.18453, 0.17006], [0.25734, 0.18056, 0.26293, 0.21593, 0.0, 0.26486, 0.26769, 0.14887, 0.20736], [0.02053, 0.22936, 0.00575, 0.09659, 0.26486, 0.0, 0.13786, 0.25433, 0.24445], [0.15266, 0.14543, 0.14215, 0.19553, 0.26769, 0.13786, 0.0, 0.31241, 0.32067], [0.24107, 0.28626, 0.25071, 0.18453, 0.14887, 0.25433, 0.31241, 0.0, 0.06623], [0.22965, 0.31979, 0.24036, 0.17006, 0.20736, 0.24445, 0.32067, 0.06623, 0.0]], "features_1": [[0.5072486281670812, 0.7354535064082462, 0.0, 0.26722640957591715, 0.5040300830712823, 0.12093741804049549, 0.38459679244425404, 0.688571342395546, 0.3300055774797952, 0.15586140421243821, 0.006889477554966383, 0.5891448439742197, 0.6490007069655165, 0.6489855730306566, 0.7664380439653864, 0.6860272495222073, 0.5753881060945222], [0.5378675923978116, 0.7039511415668462, 0.0, 0.27916513898456674, 0.4936536656507402, 0.12280784827736849, 0.3938489070385479, 0.6878587047722229, 0.3474765111964364, 0.15358789855314026, 0.007281081678807366, 0.5945333369488266, 0.6311966147412182, 0.6584725511754891, 0.7749776401819444, 0.7052118786698128, 0.5802049493321999], [0.5760223658038828, 0.8606402516783925, 0.0, 0.28038864632990557, 0.5405639140195847, 0.12159161139542256, 0.4058055222096151, 0.6883506477359671, 0.3380945620365208, 0.1827000478495011, 0.007001439975721224, 0.589644819223264, 0.6497959417023419, 0.6486660478321259, 0.767817904407456, 0.686814296518831, 0.5735104080248788], [0.5041662599020813, 0.8985687135961838, 0.0, 0.2646005114653155, 0.5463320599068572, 0.12289764010778562, 0.3389825672319695, 0.6870421326832554, 0.3423781421778733, 0.1912540836015577, 0.007392832833969631, 0.5980621507214989, 0.6232716149692258, 0.6330118418230988, 0.7676667938066764, 0.688596831556934, 0.5784453127142333], [0.5120860558623042, 0.6723046500071456, 0.0, 0.2629688931104546, 0.4869695689651192, 0.12063127177651192, 0.4523847957494837, 0.6895711123616345, 0.34443151718438747, 0.14533604550158508, 0.007281081678807366, 0.5945300970526417, 0.6559926566169993, 0.6744882651730678, 0.775196247719285, 0.6939645336944564, 0.5876297901630653], [0.5687263845084982, 0.8899446331842487, 0.0, 0.28416031092372923, 0.5488857018262473, 0.12142624975612261, 0.43257663501595117, 0.6889291739404056, 0.3377008875145564, 0.18825658106686438, 0.0069454663283523566, 0.5891263313896462, 0.6267163129166023, 0.6221932404661741, 0.772615022546158, 0.6920776359149424, 0.5784964065337439], [-0.11048717979707945, 0.924929981168246, 0.0, 0.2252606738777416, 0.547170244042334, 0.12341347309667886, 0.2797272818528945, 0.6855610075877644, 0.33328881908344665, 0.20058453172960022, 0.007001439975721224, 0.6092291800704674, 0.6127493205836377, 0.6324199449418642, 0.7583670687294466, 0.6811285765049702, 0.5780155437263945], [-0.04126509864707373, 0.6917143925477403, 0.0, 0.2447490256657753, 0.48686365443213353, 0.121926341705476, 0.3392705443887671, 0.6879479948295519, 0.32815086682490024, 0.14978665989472906, 0.00716927026363523, 0.6146137113233126, 0.6440609801066586, 0.6525408039655622, 0.7703653119109664, 0.6797913933265928, 0.595532984216592], [-0.11757339821154256, 0.7775826437515666, 0.0, 0.230424883663609, 0.514832643456041, 0.11947194909190118, 0.2961242228398291, 0.6888056462633052, 0.31247617693832375, 0.1652209297899936, 0.007225183508792421, 0.6086730011495172, 0.6474842661544058, 0.657938890366506, 0.7585399335748354, 0.6708822484740472, 0.5821813579243916]], "features_2": [[0.66451999547761, 0.832227035888367, 0.0, 0.2808107629175155, 0.514972470680869, 0.13015347337835795, 0.2826513816874773, 0.6813318468267159, 0.37642568702028556, 0.18948759308293672, 0.007783488497544067, 0.584865967475692, 0.6474038449263916, 0.6771759019162875, 0.7850920872591552, 0.7050524427145922, 0.5977144584415184], [0.2705211876697713, 0.8148364071742734, 0.0, 0.27722277859845934, 0.5123764300472496, 0.12680493426559572, 0.2649906258950502, 0.6831466341020294, 0.34813576980100547, 0.18254606043897614, 0.007560346756364078, 0.595778100415119, 0.6340873321928584, 0.6567482810170509, 0.7715896583173488, 0.6826991139402164, 0.5932760282282358], [0.8214890884738875, 0.9792674724207497, 0.0, 0.2882969542150533, 0.5545864819389555, 0.12737216226542597, 0.24679949197304296, 0.6827458680364196, 0.35318238285061976, 0.2124838302509966, 0.007336964783822175, 0.582678192426195, 0.6307840759447557, 0.6529090393223674, 0.7737040396444474, 0.6963759030048421, 0.5906400409807585], [1.1268449801746394, 1.0356754724856754, 0.0, 0.26559880541820535, 0.5622747187114008, 0.12916217093272536, 0.18721286214828864, 0.6797814910425348, 0.35381409271723774, 0.2234800560328245, 0.007392832833969631, 0.5727524034836287, 0.6254164006819813, 0.6520970663270628, 0.7699833005041751, 0.6958320846796633, 0.5840785980806887], [0.22998853529358598, 0.8512039059264932, 0.0, 0.2416091893381982, 0.5277481853100124, 0.12286542097722024, 0.2722034567145933, 0.6861974229368925, 0.32020589235568253, 0.18180775220672962, 0.00677745458930179, 0.5956429102968932, 0.6184067372545531, 0.6446070975276909, 0.7613635180101407, 0.6859175803109709, 0.5723332675409162], [0.7667910844335162, 1.064715955522468, 0.0, 0.2898108039759138, 0.5754079363104171, 0.1278023870907418, 0.26636964664714, 0.6830288985767184, 0.35288554539420147, 0.2285541255482444, 0.007392832833969631, 0.5819088146356401, 0.6358924115701842, 0.6699648551445937, 0.7768462420970191, 0.6841204067911868, 0.5878420030392908], [0.497769822690743, 1.1565313413743648, 0.0, 0.2595320728290856, 0.5832438297412885, 0.1294772772269232, 0.15185311504715598, 0.6780476225484875, 0.3426454896228277, 0.24482158424693634, 0.007057398507269275, 0.5880086784962681, 0.6287153449733978, 0.6396733254733402, 0.7602334665072136, 0.689301343272582, 0.5769459072474937], [0.11948677292938825, 0.9117562119089643, 0.0, 0.1948483384593142, 0.5461309913677979, 0.12074969967532315, 0.2530375586364329, 0.6877380463819556, 0.32785528265154706, 0.1932318372197943, 0.0069454663283523566, 0.6132979348750056, 0.6447452266949858, 0.6684062194027698, 0.7581644544430531, 0.6813891873642713, 0.5545680563906807], [-0.027504210169257526, 0.9640375892078532, 0.0, 0.22660893467920262, 0.5523819482823173, 0.12339219205227003, 0.21607545794579935, 0.6851363171269564, 0.3370615016022207, 0.2073399430056848, 0.007392832833969631, 0.6131499675955612, 0.631972403297086, 0.6470644042701053, 0.7578373467532222, 0.6738439598294536, 0.5663426984124548]]}