{"labels_1": ["1", "2", "3", "4", "5", "6", "7", "8", "9"], "labels_2": ["1", "2", "3", "4", "5", "6", "7", "8", "9"], "adj_matrix_1": [[0.0, 0.32005, 0.21905, 0.05173, 0.2896, 0.27302, 0.15004, 0.10382, 0.17514], [0.32005, 0.0, 0.19165, 0.32053, 0.07773, 0.11048, 0.25853, 0.30964, 0.23786], [0.21905, 0.19165, 0.0, 0.24753, 0.12116, 0.08887, 0.08852, 0.26654, 0.05892], [0.05173, 0.32053, 0.24753, 0.0, 0.30064, 0.2889, 0.19001, 0.05468, 0.2114], [0.2896, 0.07773, 0.12116, 0.30064, 0.0, 0.03381, 0.19912, 0.30054, 0.17416], [0.27302, 0.11048, 0.08887, 0.2889, 0.03381, 0.0, 0.17071, 0.29377, 0.14416], [0.15004, 0.25853, 0.08852, 0.19001, 0.19912, 0.17071, 0.0, 0.22313, 0.03044], [0.10382, 0.30964, 0.26654, 0.05468, 0.30054, 0.29377, 0.22313, 0.0, 0.23988], [0.17514, 0.23786, 0.05892, 0.2114, 0.17416, 0.14416, 0.03044, 0.23988, 0.0]], "adj_matrix_2": [[0.0, 0.33529, 0.02706, 0.19454, 0.29828, 0.23632, 0.19482, 0.13515, 0.21483], [0.33529, 0.0, 0.32513, 0.23077, 0.11042, 0.19276, 0.2305, 0.27238, 0.21348], [0.02706, 0.32513, 0.0, 0.17057, 0.28107, 0.21435, 0.17087, 0.10936, 0.19173], [0.19454, 0.23077, 0.17057, 0.0, 0.14304, 0.05157, 0.00033, 0.06576, 0.02436], [0.29828, 0.11042, 0.28107, 0.14304, 0.0, 0.09495, 0.14273, 0.19983, 0.12076], [0.23632, 0.19276, 0.21435, 0.05157, 0.09495, 0.0, 0.05125, 0.11566, 0.02737], [0.19482, 0.2305, 0.17087, 0.00033, 0.14273, 0.05125, 0.0, 0.06608, 0.02403], [0.13515, 0.27238, 0.10936, 0.06576, 0.19983, 0.11566, 0.06608, 0.0, 0.08952], [0.21483, 0.21348, 0.19173, 0.02436, 0.12076, 0.02737, 0.02403, 0.08952, 0.0]], "features_1": [[0.23275426130847476, 0.6114713642962369, 0.0, 0.2478761626096078, 0.43886254971307354, 0.13392346452271403, 0.2430854849618406, 0.6753455090111329, 0.4075061197355887, 0.14569749640894303, 0.007727725548673403, 0.6041472032390127, 0.6468619676978759, 0.6771958022646414, 0.7889107746845428, 0.7008410488127352, 0.6182590675418309], [-0.2669484110553646, 0.6447441623709097, 0.0, 0.21089806343013426, 0.4466717897177795, 0.13532551621821526, 0.2010483583562646, 0.6726930487115728, 0.4105399692799976, 0.1582803904051413, 0.00783923647221818, 0.6286799105487311, 0.639722934858916, 0.6801782928423306, 0.7854257357757839, 0.6985166627883098, 0.6052299223531677], [-0.07276995105696304, 0.7347816379847607, 0.0, 0.22794009453977787, 0.4825008550345062, 0.13391282701650029, 0.21660787136507195, 0.6752738867397032, 0.40570607284276794, 0.17518390525598182, 0.007616154688146137, 0.6155343430483167, 0.6514141710626371, 0.6798332229256748, 0.7850003956710936, 0.6940870934216847, 0.6149989140771958], [0.3524515579915253, 0.7814131253906682, 0.0, 0.28920994718960785, 0.49777518004504195, 0.1325737519654192, 0.2519180883060429, 0.6772724216656525, 0.4065311668908773, 0.18256962443984737, 0.007783488497544067, 0.5978640639091357, 0.652257710038458, 0.6744670469190259, 0.7872675853939325, 0.6967727675766661, 0.6206435582361846], [-0.2245013421552038, 0.648110766474242, 0.0, 0.2098884484466676, 0.45187859429348115, 0.13199543233156324, 0.25112152459370946, 0.6778919768712899, 0.395975300560756, 0.15489097646513028, 0.007727725548673403, 0.6208828346941022, 0.6487358874124822, 0.6746522359491441, 0.7842347152192939, 0.7097451310909277, 0.6013627669643715], [-0.12302195270590399, 0.7549057998392681, 0.0, 0.2229001425800714, 0.4931532464978051, 0.1311325577522769, 0.3118281469139859, 0.6803456401980775, 0.391794059244313, 0.17567648170222405, 0.007727725548673403, 0.623392486606025, 0.6602069091518364, 0.6725043909501702, 0.7886210781953144, 0.7188860722329335, 0.620677710876661], [0.36157007393154217, 0.7564876421247063, 0.0, 0.25356249572754685, 0.4974407864197231, 0.12673149339690676, 0.26996447532183654, 0.6830802944004232, 0.3608519280207936, 0.16737748548648046, 0.007392832833969631, 0.6038382921938195, 0.6278920234146252, 0.635867117281515, 0.7733652881223964, 0.7089371186639309, 0.6039244657992736], [0.2422159733248681, 0.6743792963524425, 0.0, 0.2344630765875311, 0.46989176793442544, 0.12383144193006512, 0.31196321280670886, 0.6857154641401831, 0.34135076733637804, 0.14776256519746878, 0.007616154688146137, 0.5929707906608761, 0.6311371886992819, 0.6598802051212326, 0.7705208504583408, 0.7182211165063712, 0.580071042484154], [-0.006365129889039256, 0.6937421468469204, 0.0, 0.21871586535596818, 0.4781029715365556, 0.12386918221417172, 0.2969116964297541, 0.6853901381754564, 0.3357751388534329, 0.15265575478740212, 0.00716927026363523, 0.6083825674927554, 0.6449817559858034, 0.6586727031628377, 0.7689663972274078, 0.7041048793274269, 0.5868523112519886]], "features_2": [[-0.10132815351828262, 0.7134235970298073, 0.0, 0.24990654221883546, 0.4825962351058019, 0.12890644768185727, 0.4570943645582005, 0.6825509084660051, 0.3587769530358893, 0.16141360129622728, 0.007616154688146137, 0.6206675192665569, 0.6342575296947481, 0.6232764324723544, 0.7731546231732783, 0.7046149326567972, 0.5974582830348054], [0.2293896125163788, 0.7500593903112528, 0.0, 0.25353044364539556, 0.4926050920327498, 0.13110912554550894, 0.4003775756045037, 0.6814440231955381, 0.38409217665845063, 0.17462048737740177, 0.007671947615560004, 0.6045375132649573, 0.6485576069122286, 0.6784391357792573, 0.7863735999013096, 0.7104818117692911, 0.5992784470308561], [-0.08192523584621192, 0.865597278753664, 0.0, 0.23828691632137575, 0.527347367085249, 0.1286568772776154, 0.4382999510948068, 0.6825306247926282, 0.3531347674992962, 0.19241739913044809, 0.007392832833969631, 0.615688000840954, 0.630070577513198, 0.6199388859410211, 0.7702819930283279, 0.7043463180805566, 0.5958698315891926], [-0.09285009646943854, 0.8341724470864333, 0.0, 0.23511107926646652, 0.5136120322517008, 0.13162453496553553, 0.40151194794734196, 0.6802083122159285, 0.3734431054791578, 0.19209930588837465, 0.007727725548673403, 0.6135423525590147, 0.6498581663709703, 0.6706875689516075, 0.7804625702964734, 0.7008260731354499, 0.5962310483341238], [0.1113367383783328, 0.7623616025516645, 0.0, 0.26139994225566504, 0.4946934466279337, 0.13302762141267285, 0.3846152671733371, 0.6801270481554434, 0.393246008185572, 0.18115535658047155, 0.007894969482732161, 0.6076723671972539, 0.6560212120823207, 0.6952088952617986, 0.7953037897601307, 0.7154122209492532, 0.5904536335002107], [-0.12291473116871643, 0.9106926068990989, 0.0, 0.24093308680692058, 0.5410734744908042, 0.1274792863510414, 0.4525855412752556, 0.6840241714591683, 0.3464262185909588, 0.20121566482727027, 0.007281081678807366, 0.6079755094469725, 0.6374375611481082, 0.6631261643050874, 0.7719187847919287, 0.7057906660241009, 0.5901036584881201], [-0.154288049581512, 0.873202738755272, 0.0, 0.25792765686882785, 0.5264572484451164, 0.1302432601048532, 0.5015489737527027, 0.6816760996762423, 0.3468549492986275, 0.19633022966974378, 0.0069454663283523566, 0.6134463243424924, 0.6524456336616188, 0.6850315050423328, 0.7728189483363418, 0.6852256474699967, 0.5822859030486401], [-0.14439840716214025, 0.799738669304937, 0.0, 0.25272650332632157, 0.5158423110445969, 0.126203915395226, 0.44740374510749703, 0.6859652238140609, 0.3487350586906792, 0.17882762780566064, 0.007392832833969631, 0.6103804141685751, 0.6572248376978158, 0.6730437272701313, 0.7821796263836975, 0.70638420738907, 0.5852099503831054], [-0.079854603085455, 0.8425743247199184, 0.0, 0.2467760162363537, 0.5278290016454565, 0.12450110234048004, 0.4850366254328208, 0.6867520118990269, 0.34112978092888246, 0.18469143633838891, 0.007727725548673403, 0.6130159786038325, 0.6470340407532149, 0.6593990212394067, 0.7722380785628226, 0.703399015468677, 0.5717308497640037]]}