{"labels_1": ["1", "2", "3", "4", "5", "6", "7", "8", "9"], "labels_2": ["1", "2", "3", "4", "5", "6", "7", "8", "9"], "adj_matrix_1": [[0.0, 0.32005, 0.21905, 0.05173, 0.2896, 0.27302, 0.15004, 0.10382, 0.17514], [0.32005, 0.0, 0.19165, 0.32053, 0.07773, 0.11048, 0.25853, 0.30964, 0.23786], [0.21905, 0.19165, 0.0, 0.24753, 0.12116, 0.08887, 0.08852, 0.26654, 0.05892], [0.05173, 0.32053, 0.24753, 0.0, 0.30064, 0.2889, 0.19001, 0.05468, 0.2114], [0.2896, 0.07773, 0.12116, 0.30064, 0.0, 0.03381, 0.19912, 0.30054, 0.17416], [0.27302, 0.11048, 0.08887, 0.2889, 0.03381, 0.0, 0.17071, 0.29377, 0.14416], [0.15004, 0.25853, 0.08852, 0.19001, 0.19912, 0.17071, 0.0, 0.22313, 0.03044], [0.10382, 0.30964, 0.26654, 0.05468, 0.30054, 0.29377, 0.22313, 0.0, 0.23988], [0.17514, 0.23786, 0.05892, 0.2114, 0.17416, 0.14416, 0.03044, 0.23988, 0.0]], "adj_matrix_2": [[0.0, 0.21115, 0.03212, 0.14929, 0.06174, 0.10115, 0.00779, 0.27746, 0.19345], [0.21115, 0.0, 0.22858, 0.08956, 0.1702, 0.2588, 0.20623, 0.29334, 0.28494], [0.03212, 0.22858, 0.0, 0.17504, 0.09261, 0.07043, 0.03985, 0.25933, 0.16751], [0.14929, 0.08956, 0.17504, 0.0, 0.09436, 0.2245, 0.14277, 0.3153, 0.27881], [0.06174, 0.1702, 0.09261, 0.09436, 0.0, 0.15641, 0.05407, 0.30317, 0.23643], [0.10115, 0.2588, 0.07043, 0.2245, 0.15641, 0.0, 0.10847, 0.20924, 0.10358], [0.00779, 0.20623, 0.03985, 0.14277, 0.05407, 0.10847, 0.0, 0.28149, 0.19947], [0.27746, 0.29334, 0.25933, 0.3153, 0.30317, 0.20924, 0.28149, 0.0, 0.11692], [0.19345, 0.28494, 0.16751, 0.27881, 0.23643, 0.10358, 0.19947, 0.11692, 0.0]], "features_1": [[0.23275426130847476, 0.6114713642962369, 0.0, 0.2478761626096078, 0.43886254971307354, 0.13392346452271403, 0.2430854849618406, 0.6753455090111329, 0.4075061197355887, 0.14569749640894303, 0.007727725548673403, 0.6041472032390127, 0.6468619676978759, 0.6771958022646414, 0.7889107746845428, 0.7008410488127352, 0.6182590675418309], [-0.2669484110553646, 0.6447441623709097, 0.0, 0.21089806343013426, 0.4466717897177795, 0.13532551621821526, 0.2010483583562646, 0.6726930487115728, 0.4105399692799976, 0.1582803904051413, 0.00783923647221818, 0.6286799105487311, 0.639722934858916, 0.6801782928423306, 0.7854257357757839, 0.6985166627883098, 0.6052299223531677], [-0.07276995105696304, 0.7347816379847607, 0.0, 0.22794009453977787, 0.4825008550345062, 0.13391282701650029, 0.21660787136507195, 0.6752738867397032, 0.40570607284276794, 0.17518390525598182, 0.007616154688146137, 0.6155343430483167, 0.6514141710626371, 0.6798332229256748, 0.7850003956710936, 0.6940870934216847, 0.6149989140771958], [0.3524515579915253, 0.7814131253906682, 0.0, 0.28920994718960785, 0.49777518004504195, 0.1325737519654192, 0.2519180883060429, 0.6772724216656525, 0.4065311668908773, 0.18256962443984737, 0.007783488497544067, 0.5978640639091357, 0.652257710038458, 0.6744670469190259, 0.7872675853939325, 0.6967727675766661, 0.6206435582361846], [-0.2245013421552038, 0.648110766474242, 0.0, 0.2098884484466676, 0.45187859429348115, 0.13199543233156324, 0.25112152459370946, 0.6778919768712899, 0.395975300560756, 0.15489097646513028, 0.007727725548673403, 0.6208828346941022, 0.6487358874124822, 0.6746522359491441, 0.7842347152192939, 0.7097451310909277, 0.6013627669643715], [-0.12302195270590399, 0.7549057998392681, 0.0, 0.2229001425800714, 0.4931532464978051, 0.1311325577522769, 0.3118281469139859, 0.6803456401980775, 0.391794059244313, 0.17567648170222405, 0.007727725548673403, 0.623392486606025, 0.6602069091518364, 0.6725043909501702, 0.7886210781953144, 0.7188860722329335, 0.620677710876661], [0.36157007393154217, 0.7564876421247063, 0.0, 0.25356249572754685, 0.4974407864197231, 0.12673149339690676, 0.26996447532183654, 0.6830802944004232, 0.3608519280207936, 0.16737748548648046, 0.007392832833969631, 0.6038382921938195, 0.6278920234146252, 0.635867117281515, 0.7733652881223964, 0.7089371186639309, 0.6039244657992736], [0.2422159733248681, 0.6743792963524425, 0.0, 0.2344630765875311, 0.46989176793442544, 0.12383144193006512, 0.31196321280670886, 0.6857154641401831, 0.34135076733637804, 0.14776256519746878, 0.007616154688146137, 0.5929707906608761, 0.6311371886992819, 0.6598802051212326, 0.7705208504583408, 0.7182211165063712, 0.580071042484154], [-0.006365129889039256, 0.6937421468469204, 0.0, 0.21871586535596818, 0.4781029715365556, 0.12386918221417172, 0.2969116964297541, 0.6853901381754564, 0.3357751388534329, 0.15265575478740212, 0.00716927026363523, 0.6083825674927554, 0.6449817559858034, 0.6586727031628377, 0.7689663972274078, 0.7041048793274269, 0.5868523112519886]], "features_2": [[0.1336862172796871, 0.766492495600961, 0.0, 0.25976920905218753, 0.5103171693151757, 0.12695408776734127, 0.4169446227030356, 0.6861022274007339, 0.3773769918791685, 0.1718147802035459, 0.007671947615560004, 0.6102601649199881, 0.6680402020489822, 0.6831155155304813, 0.7911643948282119, 0.7184902930623884, 0.5899618868705305], [0.6551870024773296, 0.7448583919910631, 0.0, 0.30171376956968493, 0.5004729338350763, 0.1260911665004598, 0.29691579538956175, 0.6846978699430135, 0.36146050348839065, 0.1651417294591606, 0.007504523810135222, 0.5868178437715654, 0.6303095881211364, 0.6544800564102318, 0.7776783671039015, 0.7116516872544606, 0.5760141632854493], [0.1144338503385125, 0.8986227862254141, 0.0, 0.2669977816215088, 0.5495238846261364, 0.12459574435928089, 0.3854293291393091, 0.6871968838323819, 0.3632272121730795, 0.19553738279588684, 0.007281081678807366, 0.6057333979350275, 0.6671904578321372, 0.6794942441461612, 0.7822669544774884, 0.7120990529731825, 0.582217269859454], [0.3515927405762209, 0.9532727928137767, 0.0, 0.23811709073820744, 0.5588901295908049, 0.12552124096342435, 0.34857294029120994, 0.6857347045029027, 0.3574752613437975, 0.2049524470630315, 0.007560346756364078, 0.5969716404079359, 0.6533265893797083, 0.6581996824100633, 0.7790887568918463, 0.6986804356479207, 0.5867806641216198], [0.3815772594143505, 0.7356198355837879, 0.0, 0.28300435556284315, 0.4986489350309645, 0.12447194266083506, 0.3161567199622645, 0.6860322067562896, 0.334147509033637, 0.16037139264957223, 0.00683347364535547, 0.5925504315585779, 0.6425555996733162, 0.6682476701108113, 0.7763469994681658, 0.6947102705689758, 0.5679080279968026], [0.19628658278550004, 0.9608806008091141, 0.0, 0.26275836251108575, 0.5611621518121532, 0.1273806744573029, 0.4092316418651102, 0.6860810970248226, 0.3727247457629639, 0.21152554540822432, 0.007504523810135222, 0.6075233883971514, 0.6435815663611832, 0.6800233076598605, 0.7912000845612674, 0.7183457652593005, 0.598522003063349], [0.34416321722981635, 1.009766892950374, 0.0, 0.24110747513877887, 0.5689298717052778, 0.12438203430905632, 0.31541978821046757, 0.6858788583986364, 0.34210842816384, 0.2144744881795262, 0.007001439975721224, 0.5923964243661701, 0.6275339095733778, 0.6532634397986107, 0.7719493255355272, 0.6942392236421191, 0.5856645533654101], [-0.2575465824867944, 0.8350216318350957, 0.0, 0.22369150604689908, 0.5307669842652337, 0.1182973829267413, 0.2984885820521626, 0.6894087988755127, 0.29587768916483803, 0.175722302383168, 0.006609306440138685, 0.6067092866878165, 0.6356526301044791, 0.6419496188867296, 0.7555529808575837, 0.6725028832549707, 0.5626915789897484], [0.1666628314788703, 0.882088578298746, 0.0, 0.24478684699269587, 0.5454196486707812, 0.11709690426002953, 0.3605762834515211, 0.6903552925089116, 0.2929180787023775, 0.18117190295447072, 0.006889477554966383, 0.5972343940584626, 0.6392375200333306, 0.649492812207376, 0.7566039112723135, 0.6784306955116738, 0.5553426873217296]]}