{"labels_1": ["1", "2", "3", "4", "5", "6", "7", "8", "9"], "labels_2": ["1", "2", "3", "4", "5", "6", "7", "8", "9"], "adj_matrix_1": [[0.0, 0.32005, 0.21905, 0.05173, 0.2896, 0.27302, 0.15004, 0.10382, 0.17514], [0.32005, 0.0, 0.19165, 0.32053, 0.07773, 0.11048, 0.25853, 0.30964, 0.23786], [0.21905, 0.19165, 0.0, 0.24753, 0.12116, 0.08887, 0.08852, 0.26654, 0.05892], [0.05173, 0.32053, 0.24753, 0.0, 0.30064, 0.2889, 0.19001, 0.05468, 0.2114], [0.2896, 0.07773, 0.12116, 0.30064, 0.0, 0.03381, 0.19912, 0.30054, 0.17416], [0.27302, 0.11048, 0.08887, 0.2889, 0.03381, 0.0, 0.17071, 0.29377, 0.14416], [0.15004, 0.25853, 0.08852, 0.19001, 0.19912, 0.17071, 0.0, 0.22313, 0.03044], [0.10382, 0.30964, 0.26654, 0.05468, 0.30054, 0.29377, 0.22313, 0.0, 0.23988], [0.17514, 0.23786, 0.05892, 0.2114, 0.17416, 0.14416, 0.03044, 0.23988, 0.0]], "adj_matrix_2": [[0.0, 0.12047, 0.04498, 0.11507, 0.11473, 0.09832, 0.29856, 0.26359, 0.17042], [0.12047, 0.0, 0.07704, 0.00568, 0.00602, 0.20821, 0.20274, 0.16038, 0.05382], [0.04498, 0.07704, 0.0, 0.07146, 0.07114, 0.14058, 0.26661, 0.2284, 0.12909], [0.11507, 0.00568, 0.07146, 0.0, 0.00034, 0.2035, 0.2077, 0.1656, 0.05944], [0.11473, 0.00602, 0.07114, 0.00034, 0.0, 0.20322, 0.20806, 0.16593, 0.05978], [0.09832, 0.20821, 0.14058, 0.2035, 0.20322, 0.0, 0.35236, 0.3258, 0.25082], [0.29856, 0.20274, 0.26661, 0.2077, 0.20806, 0.35236, 0.0, 0.04637, 0.15368], [0.26359, 0.16038, 0.2284, 0.1656, 0.16593, 0.3258, 0.04637, 0.0, 0.10925], [0.17042, 0.05382, 0.12909, 0.05944, 0.05978, 0.25082, 0.15368, 0.10925, 0.0]], "features_1": [[0.23275426130847476, 0.6114713642962369, 0.0, 0.2478761626096078, 0.43886254971307354, 0.13392346452271403, 0.2430854849618406, 0.6753455090111329, 0.4075061197355887, 0.14569749640894303, 0.007727725548673403, 0.6041472032390127, 0.6468619676978759, 0.6771958022646414, 0.7889107746845428, 0.7008410488127352, 0.6182590675418309], [-0.2669484110553646, 0.6447441623709097, 0.0, 0.21089806343013426, 0.4466717897177795, 0.13532551621821526, 0.2010483583562646, 0.6726930487115728, 0.4105399692799976, 0.1582803904051413, 0.00783923647221818, 0.6286799105487311, 0.639722934858916, 0.6801782928423306, 0.7854257357757839, 0.6985166627883098, 0.6052299223531677], [-0.07276995105696304, 0.7347816379847607, 0.0, 0.22794009453977787, 0.4825008550345062, 0.13391282701650029, 0.21660787136507195, 0.6752738867397032, 0.40570607284276794, 0.17518390525598182, 0.007616154688146137, 0.6155343430483167, 0.6514141710626371, 0.6798332229256748, 0.7850003956710936, 0.6940870934216847, 0.6149989140771958], [0.3524515579915253, 0.7814131253906682, 0.0, 0.28920994718960785, 0.49777518004504195, 0.1325737519654192, 0.2519180883060429, 0.6772724216656525, 0.4065311668908773, 0.18256962443984737, 0.007783488497544067, 0.5978640639091357, 0.652257710038458, 0.6744670469190259, 0.7872675853939325, 0.6967727675766661, 0.6206435582361846], [-0.2245013421552038, 0.648110766474242, 0.0, 0.2098884484466676, 0.45187859429348115, 0.13199543233156324, 0.25112152459370946, 0.6778919768712899, 0.395975300560756, 0.15489097646513028, 0.007727725548673403, 0.6208828346941022, 0.6487358874124822, 0.6746522359491441, 0.7842347152192939, 0.7097451310909277, 0.6013627669643715], [-0.12302195270590399, 0.7549057998392681, 0.0, 0.2229001425800714, 0.4931532464978051, 0.1311325577522769, 0.3118281469139859, 0.6803456401980775, 0.391794059244313, 0.17567648170222405, 0.007727725548673403, 0.623392486606025, 0.6602069091518364, 0.6725043909501702, 0.7886210781953144, 0.7188860722329335, 0.620677710876661], [0.36157007393154217, 0.7564876421247063, 0.0, 0.25356249572754685, 0.4974407864197231, 0.12673149339690676, 0.26996447532183654, 0.6830802944004232, 0.3608519280207936, 0.16737748548648046, 0.007392832833969631, 0.6038382921938195, 0.6278920234146252, 0.635867117281515, 0.7733652881223964, 0.7089371186639309, 0.6039244657992736], [0.2422159733248681, 0.6743792963524425, 0.0, 0.2344630765875311, 0.46989176793442544, 0.12383144193006512, 0.31196321280670886, 0.6857154641401831, 0.34135076733637804, 0.14776256519746878, 0.007616154688146137, 0.5929707906608761, 0.6311371886992819, 0.6598802051212326, 0.7705208504583408, 0.7182211165063712, 0.580071042484154], [-0.006365129889039256, 0.6937421468469204, 0.0, 0.21871586535596818, 0.4781029715365556, 0.12386918221417172, 0.2969116964297541, 0.6853901381754564, 0.3357751388534329, 0.15265575478740212, 0.00716927026363523, 0.6083825674927554, 0.6449817559858034, 0.6586727031628377, 0.7689663972274078, 0.7041048793274269, 0.5868523112519886]], "features_2": [[-0.16197256841851226, 0.8634354766046192, 0.0, 0.24379649100182935, 0.5058786793375399, 0.1421747714038391, 0.15559532284590033, 0.664075997579678, 0.44833819377563855, 0.21429983929882868, 0.008340296057933516, 0.6261505671089047, 0.6508039012118486, 0.6824815816106755, 0.796322861756735, 0.7115836784346172, 0.6098912507519606], [-0.18862203918026976, 0.8606413524953854, 0.0, 0.26591801318020264, 0.49929477993074156, 0.1461154853306728, 0.1345490820096927, 0.6573274364332158, 0.4801282001422742, 0.2187348984586368, 0.008673665988278678, 0.6406717108936917, 0.647867799519573, 0.6620923560977274, 0.800658713232449, 0.7414902220193302, 0.6123177397681011], [-0.2698558113482652, 1.012880507734029, 0.0, 0.2690730752729768, 0.5454705337710621, 0.1408282339145144, 0.1630823652961652, 0.6661247792203782, 0.4485252579686114, 0.24476534901870828, 0.00822905385914674, 0.6268112357175357, 0.6528142426582467, 0.6834595470210123, 0.7931183782177, 0.7147312872654383, 0.6070758380638785], [-0.3350841260992756, 0.854504332625405, 0.0, 0.18953091423062624, 0.5123609144139841, 0.1415037032209155, 0.2521803426896618, 0.6701823026138315, 0.44684198779160833, 0.21348156807650565, 0.008173410423425675, 0.640460880032252, 0.6798642606598365, 0.7030538672455098, 0.8096016634450122, 0.7151118005325429, 0.635357103188241], [-0.19132469399525265, 0.959372272361918, 0.0, 0.2654955013914175, 0.522699796817399, 0.14457327379936188, 0.12331725751438186, 0.6576959739500379, 0.45965136822656993, 0.23748180626820137, 0.008117752083540042, 0.6343250958049251, 0.6477778075852174, 0.6661700278029983, 0.792964586811142, 0.7295345800385618, 0.6005458921951768], [-0.1490349589391755, 1.010621693745487, 0.0, 0.2830795916742882, 0.5476741332752558, 0.14109637625214586, 0.20050809915692228, 0.6681464665415795, 0.44766242095276865, 0.24428973462901538, 0.008006390651371653, 0.621980460720096, 0.662112298106908, 0.6869497927830674, 0.8007476327015441, 0.7224981495266505, 0.6120898717418353], [-0.44932317181437353, 1.029035998543274, 0.0, 0.2512375834648414, 0.5443129699717532, 0.14370168517067095, 0.13916581352961116, 0.6616713880231551, 0.46220225072917054, 0.2535478262351176, 0.008451478759474051, 0.647870212064305, 0.649803007399836, 0.6900040065121844, 0.7981603131037035, 0.7199290668460824, 0.6103674692410034], [-0.3416713985163331, 0.9112041339586008, 0.0, 0.2676149292372468, 0.5208280542637724, 0.14275408689351798, 0.19567801446474178, 0.6664206703827575, 0.4482965425005663, 0.2261192014008213, 0.008117752083540042, 0.6478062660405084, 0.6704440139312414, 0.6976489888831263, 0.8047033458777704, 0.7235568718517981, 0.6099752053322396], [-0.35317867432479577, 0.9373377553042378, 0.0, 0.2833578501828944, 0.5287678635962039, 0.14115629949971145, 0.19652449548567646, 0.6681511310563604, 0.43436928003078457, 0.22892025866994392, 0.007783488497544067, 0.6406460650386769, 0.6697986498561719, 0.6975389311409242, 0.8015376687312539, 0.7208075139841955, 0.6052452452605208]]}