{"labels_1": ["1", "2", "3", "4", "5", "6", "7", "8", "9"], "labels_2": ["1", "2", "3", "4", "5", "6", "7", "8", "9"], "adj_matrix_1": [[0.0, 0.06603, 0.01944, 0.0756, 0.07683, 0.16055, 0.0894, 0.12049, 0.13748], [0.06603, 0.0, 0.08495, 0.00981, 0.13925, 0.21336, 0.02402, 0.17878, 0.19366], [0.01944, 0.08495, 0.0, 0.0944, 0.05785, 0.1438, 0.10796, 0.10239, 0.11987], [0.0756, 0.00981, 0.0944, 0.0, 0.14804, 0.22051, 0.01422, 0.18683, 0.20135], [0.07683, 0.13925, 0.05785, 0.14804, 0.0, 0.09058, 0.16061, 0.04614, 0.06469], [0.16055, 0.21336, 0.1438, 0.22051, 0.09058, 0.0, 0.23061, 0.04567, 0.02691], [0.0894, 0.02402, 0.10796, 0.01422, 0.16061, 0.23061, 0.0, 0.19829, 0.21228], [0.12049, 0.17878, 0.10239, 0.18683, 0.04614, 0.04567, 0.19829, 0.0, 0.01891], [0.13748, 0.19366, 0.11987, 0.20135, 0.06469, 0.02691, 0.21228, 0.01891, 0.0]], "adj_matrix_2": [[0.0, 0.11798, 0.03331, 0.02269, 0.26203, 0.27246, 0.05771, 0.26474, 0.27621], [0.11798, 0.0, 0.08592, 0.13926, 0.17058, 0.18544, 0.17142, 0.27114, 0.191], [0.03331, 0.08592, 0.0, 0.05587, 0.23879, 0.25058, 0.09046, 0.26765, 0.25483], [0.02269, 0.13926, 0.05587, 0.0, 0.27663, 0.2862, 0.03517, 0.26189, 0.28952], [0.26203, 0.17058, 0.23879, 0.27663, 0.0, 0.01824, 0.2979, 0.24283, 0.02531], [0.27246, 0.18544, 0.25058, 0.2862, 0.01824, 0.0, 0.30601, 0.23624, 0.00708], [0.05771, 0.17142, 0.09046, 0.03517, 0.2979, 0.30601, 0.0, 0.25733, 0.30875], [0.26474, 0.27114, 0.26765, 0.26189, 0.24283, 0.23624, 0.25733, 0.0, 0.23356], [0.27621, 0.191, 0.25483, 0.28952, 0.02531, 0.00708, 0.30875, 0.23356, 0.0]], "features_1": [[0.06728381628823055, 0.851474511742007, 0.0, 0.26403817003398544, 0.5441184252368557, 0.11924172846540293, 0.45148631537630945, 0.690553997412755, 0.3275376258069407, 0.180920838021696, 0.00716927026363523, 0.599344877971336, 0.6455080318918607, 0.666434703583423, 0.774650614209795, 0.7214100541790521, 0.5661414118229361], [0.23985194462436077, 0.9181750325766903, 0.0, 0.2831338796921805, 0.5538697792008841, 0.12141545607826523, 0.3752794551842129, 0.6888296632331441, 0.33748110877267457, 0.19716631698168574, 0.007504523810135222, 0.5991424404702892, 0.6497933637167972, 0.6780138675868387, 0.7721608681422775, 0.705733614462995, 0.5581279942632184], [0.07688337423864233, 1.0083973967179125, 0.0, 0.2671506320154289, 0.5823088973747769, 0.12023511184098479, 0.44088066681280436, 0.6901123666140188, 0.33541612871860327, 0.21209662200342128, 0.007057398507269275, 0.6000929379799278, 0.6757917988743921, 0.6869064380779724, 0.7758929476118269, 0.7119406514681481, 0.5689412438008131], [-0.0028422658731743766, 0.9926342715565807, 0.0, 0.2418750376527756, 0.5790400960925823, 0.11972436766264959, 0.4522792085522937, 0.690298274101957, 0.3315700552562477, 0.20870971644276382, 0.00716927026363523, 0.6097627947236268, 0.6539286132948757, 0.6752219108039197, 0.7743861560429199, 0.7162624016478515, 0.5672192691385382], [0.5129093919257102, 0.9586149979536024, 0.0, 0.3113088882137608, 0.5654948402244974, 0.11933781314515439, 0.388011149159194, 0.6897886841396661, 0.3203380591978413, 0.19854648443272183, 0.00716927026363523, 0.5864967732392798, 0.6391332426258146, 0.6669708241657626, 0.7673424893814833, 0.7039861993300753, 0.5439404859221895], [0.11533062985738285, 1.0471283465631422, 0.0, 0.27291699028359123, 0.5928995603888552, 0.11907982732775622, 0.49848618307115516, 0.690865660078088, 0.32301861367523776, 0.21538071748018872, 0.007057398507269275, 0.596475968712302, 0.660607448285385, 0.6746908147277143, 0.7757918840472495, 0.713222889414378, 0.5651669266590029], [0.12524068468572747, 0.9695371254901446, 0.0, 0.25428917493341396, 0.5725967417019127, 0.12119049373476563, 0.4749682482125763, 0.6897077087079782, 0.3392756942835278, 0.20459149070135219, 0.0069454663283523566, 0.6036145877980688, 0.6594225192872238, 0.6602652618650868, 0.777866918542844, 0.7212572140995139, 0.5808472107092726], [0.41588001346396464, 0.9809135855771675, 0.0, 0.3176703938446651, 0.5755567923864868, 0.11606194420552739, 0.3872872731078886, 0.6909578475183729, 0.29512226775303385, 0.19643738756933726, 0.006497131753992358, 0.5845670781741859, 0.6387574965591938, 0.6464397306214934, 0.7556184179387698, 0.6885897703781618, 0.5461095743730011], [0.31078439256907586, 0.9652038534786868, 0.0, 0.26623106035003047, 0.5743349491331684, 0.11837436629681167, 0.4341890405564591, 0.690546365762257, 0.3078709108578601, 0.19698581466347576, 0.006609306440138685, 0.579249847050479, 0.6344740803622599, 0.655773065238064, 0.7676859553324371, 0.6763976517545157, 0.5806417895035538]], "features_2": [[0.03238294824437382, 0.7548441931867758, 0.0, 0.24213328745008775, 0.4988542919847352, 0.12779880728608484, 0.3646870922235948, 0.684494250363732, 0.36443056983378885, 0.17064992382732136, 0.007225183508792421, 0.6141128155876774, 0.6618263604357203, 0.676950694523137, 0.7894976580908066, 0.729093828329311, 0.6032934741115787], [0.19697328345508236, 0.7730756281357681, 0.0, 0.30396955371304535, 0.49341162260504656, 0.13407968451965785, 0.3396263714302471, 0.6784947326853674, 0.4127171165343384, 0.18303109920277283, 0.008006390651371653, 0.6170604141996394, 0.6764989208017212, 0.6905297206177267, 0.798078420010866, 0.7101631373417436, 0.6138837582606717], [0.14467740125287332, 0.8771401796621332, 0.0, 0.27105860607195453, 0.5340671361528614, 0.12733183831327446, 0.36856945592882867, 0.6846919494602417, 0.3617424090598911, 0.1947173132709057, 0.007560346756364078, 0.6102880413368874, 0.6660814950355662, 0.6840044729712352, 0.7867953895326714, 0.7192750940120405, 0.6016097558783835], [0.10281470739104215, 0.9121360880396702, 0.0, 0.2543464748666791, 0.5401660440621431, 0.12857729216059205, 0.3246845013426423, 0.6832422372595628, 0.36339424245437635, 0.20245791437528893, 0.007336964783822175, 0.6173342150919878, 0.6408296387042944, 0.6671189461029559, 0.7875659293042362, 0.692831382366853, 0.6059380801857653], [0.4670130133805799, 0.7664677008886286, 0.0, 0.33038415133666726, 0.4918589748076112, 0.13439932951084355, 0.3789503165548652, 0.6791477950617746, 0.4188556855756316, 0.1821168173586165, 0.007894969482732161, 0.6035857638369411, 0.6591784690239906, 0.7041735294047385, 0.8002925981358862, 0.7306813119698027, 0.6101549166618142], [0.359744349254425, 0.8691676041872021, 0.0, 0.30598300359390335, 0.5335623866410645, 0.12764517799314487, 0.4527339879386588, 0.6857752781766053, 0.3772291600036235, 0.1939773453432625, 0.007560346756364078, 0.6050450885841023, 0.6574334619128599, 0.6786287778601116, 0.7942670967570025, 0.705866502880469, 0.5960376605911957], [0.22387698957581792, 0.9081470946921646, 0.0, 0.22257825438918483, 0.5383751304013147, 0.12916370696764695, 0.37358631610828325, 0.6837656193173087, 0.38574135684490174, 0.20496484395662096, 0.007783488497544067, 0.6187866829653088, 0.6602864568107086, 0.6813506596117713, 0.7917812172281393, 0.7112957382632557, 0.5908677435694641], [0.7606951412316181, 0.8040006624146262, 0.0, 0.3132799468882271, 0.5123377108902447, 0.12918386079659205, 0.45213132083202084, 0.6845652482517011, 0.38646425456628064, 0.18264814154334763, 0.007448685839370306, 0.581295292597038, 0.6612959783718558, 0.6787671736442061, 0.7940902350938465, 0.7249473331229633, 0.5909412404132357], [0.27644695512988093, 0.8069993526809901, 0.0, 0.2641802073552731, 0.5133728434010465, 0.1284996827794908, 0.4461442344141595, 0.6849215203123902, 0.38237079621908787, 0.18489296133438882, 0.007671947615560004, 0.5997609123903735, 0.6532683841989235, 0.6807700706202019, 0.792081391060408, 0.7064808102937559, 0.5849401511159554]]}