{"labels_1": ["1", "2", "3", "4", "5", "6", "7", "8", "9"], "labels_2": ["1", "2", "3", "4", "5", "6", "7", "8", "9"], "adj_matrix_1": [[0.0, 0.06603, 0.01944, 0.0756, 0.07683, 0.16055, 0.0894, 0.12049, 0.13748], [0.06603, 0.0, 0.08495, 0.00981, 0.13925, 0.21336, 0.02402, 0.17878, 0.19366], [0.01944, 0.08495, 0.0, 0.0944, 0.05785, 0.1438, 0.10796, 0.10239, 0.11987], [0.0756, 0.00981, 0.0944, 0.0, 0.14804, 0.22051, 0.01422, 0.18683, 0.20135], [0.07683, 0.13925, 0.05785, 0.14804, 0.0, 0.09058, 0.16061, 0.04614, 0.06469], [0.16055, 0.21336, 0.1438, 0.22051, 0.09058, 0.0, 0.23061, 0.04567, 0.02691], [0.0894, 0.02402, 0.10796, 0.01422, 0.16061, 0.23061, 0.0, 0.19829, 0.21228], [0.12049, 0.17878, 0.10239, 0.18683, 0.04614, 0.04567, 0.19829, 0.0, 0.01891], [0.13748, 0.19366, 0.11987, 0.20135, 0.06469, 0.02691, 0.21228, 0.01891, 0.0]], "adj_matrix_2": [[0.0, 0.01111, 0.08389, 0.17231, 0.20455, 0.14386, 0.16339, 0.28382, 0.21552], [0.01111, 0.0, 0.09432, 0.18021, 0.2105, 0.15287, 0.15421, 0.27907, 0.20785], [0.08389, 0.09432, 0.0, 0.10256, 0.14783, 0.06724, 0.22346, 0.30535, 0.26154], [0.17231, 0.18021, 0.10256, 0.0, 0.05448, 0.03792, 0.26275, 0.29259, 0.28016], [0.20455, 0.2105, 0.14783, 0.05448, 0.0, 0.09034, 0.26447, 0.26968, 0.27145], [0.14386, 0.15287, 0.06724, 0.03792, 0.09034, 0.0, 0.25387, 0.30218, 0.27883], [0.16339, 0.15421, 0.22346, 0.26275, 0.26447, 0.25387, 0.0, 0.16851, 0.06633], [0.28382, 0.27907, 0.30535, 0.29259, 0.26968, 0.30218, 0.16851, 0.0, 0.1076], [0.21552, 0.20785, 0.26154, 0.28016, 0.27145, 0.27883, 0.06633, 0.1076, 0.0]], "features_1": [[0.06728381628823055, 0.851474511742007, 0.0, 0.26403817003398544, 0.5441184252368557, 0.11924172846540293, 0.45148631537630945, 0.690553997412755, 0.3275376258069407, 0.180920838021696, 0.00716927026363523, 0.599344877971336, 0.6455080318918607, 0.666434703583423, 0.774650614209795, 0.7214100541790521, 0.5661414118229361], [0.23985194462436077, 0.9181750325766903, 0.0, 0.2831338796921805, 0.5538697792008841, 0.12141545607826523, 0.3752794551842129, 0.6888296632331441, 0.33748110877267457, 0.19716631698168574, 0.007504523810135222, 0.5991424404702892, 0.6497933637167972, 0.6780138675868387, 0.7721608681422775, 0.705733614462995, 0.5581279942632184], [0.07688337423864233, 1.0083973967179125, 0.0, 0.2671506320154289, 0.5823088973747769, 0.12023511184098479, 0.44088066681280436, 0.6901123666140188, 0.33541612871860327, 0.21209662200342128, 0.007057398507269275, 0.6000929379799278, 0.6757917988743921, 0.6869064380779724, 0.7758929476118269, 0.7119406514681481, 0.5689412438008131], [-0.0028422658731743766, 0.9926342715565807, 0.0, 0.2418750376527756, 0.5790400960925823, 0.11972436766264959, 0.4522792085522937, 0.690298274101957, 0.3315700552562477, 0.20870971644276382, 0.00716927026363523, 0.6097627947236268, 0.6539286132948757, 0.6752219108039197, 0.7743861560429199, 0.7162624016478515, 0.5672192691385382], [0.5129093919257102, 0.9586149979536024, 0.0, 0.3113088882137608, 0.5654948402244974, 0.11933781314515439, 0.388011149159194, 0.6897886841396661, 0.3203380591978413, 0.19854648443272183, 0.00716927026363523, 0.5864967732392798, 0.6391332426258146, 0.6669708241657626, 0.7673424893814833, 0.7039861993300753, 0.5439404859221895], [0.11533062985738285, 1.0471283465631422, 0.0, 0.27291699028359123, 0.5928995603888552, 0.11907982732775622, 0.49848618307115516, 0.690865660078088, 0.32301861367523776, 0.21538071748018872, 0.007057398507269275, 0.596475968712302, 0.660607448285385, 0.6746908147277143, 0.7757918840472495, 0.713222889414378, 0.5651669266590029], [0.12524068468572747, 0.9695371254901446, 0.0, 0.25428917493341396, 0.5725967417019127, 0.12119049373476563, 0.4749682482125763, 0.6897077087079782, 0.3392756942835278, 0.20459149070135219, 0.0069454663283523566, 0.6036145877980688, 0.6594225192872238, 0.6602652618650868, 0.777866918542844, 0.7212572140995139, 0.5808472107092726], [0.41588001346396464, 0.9809135855771675, 0.0, 0.3176703938446651, 0.5755567923864868, 0.11606194420552739, 0.3872872731078886, 0.6909578475183729, 0.29512226775303385, 0.19643738756933726, 0.006497131753992358, 0.5845670781741859, 0.6387574965591938, 0.6464397306214934, 0.7556184179387698, 0.6885897703781618, 0.5461095743730011], [0.31078439256907586, 0.9652038534786868, 0.0, 0.26623106035003047, 0.5743349491331684, 0.11837436629681167, 0.4341890405564591, 0.690546365762257, 0.3078709108578601, 0.19698581466347576, 0.006609306440138685, 0.579249847050479, 0.6344740803622599, 0.655773065238064, 0.7676859553324371, 0.6763976517545157, 0.5806417895035538]], "features_2": [[0.1473813241266302, 0.6598613709247823, 0.0, 0.23541666725951693, 0.4784852504880387, 0.12309462874177968, 0.30466841315704657, 0.6868550709440553, 0.34541033131141985, 0.1449303167008471, 0.00716927026363523, 0.5935370530289217, 0.6497959149073276, 0.6676190767381196, 0.7705758469804149, 0.6695098779405178, 0.5853191695669471], [-0.0637858746394464, 0.716448349349162, 0.0, 0.24665873923255802, 0.489288731573003, 0.12555868316029792, 0.2005971706340425, 0.6832844475755818, 0.3475180272860383, 0.16084563714024958, 0.007336964783822175, 0.6046271553208498, 0.6300121356319187, 0.6562825860598105, 0.7629712387444384, 0.6887399674217024, 0.592022015325477], [0.13233321879837678, 0.7999534059863257, 0.0, 0.2510349442734858, 0.5202960663171121, 0.1238787613941278, 0.2567352923666391, 0.6856604000708562, 0.34264118007834, 0.17601004798522335, 0.007001439975721224, 0.5956240082786626, 0.6431536718828584, 0.6589873135645176, 0.767371615387147, 0.6826223037150856, 0.5869923353892675], [0.30046172690695583, 0.7723361280454936, 0.0, 0.2866460035209964, 0.5111020402991175, 0.12461784040788154, 0.31991886761018123, 0.6857577673860888, 0.34648548589777417, 0.1715714987452286, 0.00716927026363523, 0.588911077090994, 0.6504448439843914, 0.6647933171126241, 0.7734392738575542, 0.6847663480705716, 0.587238676859984], [0.23194509175644118, 0.6430191399219066, 0.0, 0.27360122316857655, 0.46438330909421194, 0.12539389957208003, 0.2459995609277783, 0.6841579428411401, 0.3492856392079007, 0.14374658120646777, 0.007281081678807366, 0.5932959321795486, 0.6414568833231916, 0.6618156637093043, 0.7690068438071043, 0.685369177446325, 0.5914869671894181], [0.3617710150686655, 0.7788122034845159, 0.0, 0.2708870585415084, 0.5137689010118922, 0.12549346162274003, 0.325669302498148, 0.6855440699485746, 0.3452160716681081, 0.1723312631540279, 0.007057398507269275, 0.593035763386204, 0.6471527030610765, 0.6724637306708091, 0.7790326985436115, 0.7031062385551298, 0.5974339598459627], [0.02255551906826936, 0.712977689838666, 0.0, 0.2241045676884947, 0.4848069634896867, 0.1298961104906527, 0.2659111457694522, 0.6809986782328901, 0.35322928031588363, 0.1634606375251808, 0.007057398507269275, 0.6009040052444465, 0.6439098833329945, 0.6578777790834708, 0.7827965551420132, 0.6786790887909688, 0.5897433873841054], [0.18234763673745524, 0.6048233012450925, 0.0, 0.17395776825449807, 0.4472343135290911, 0.12875614505605867, 0.29809907092772436, 0.6825444733532162, 0.36530522750252303, 0.1374556939271796, 0.007504523810135222, 0.6159679638864768, 0.6548707643482976, 0.6757791717265705, 0.7827911251473806, 0.7140028144369643, 0.595049186972119], [0.03438036132595945, 0.631344028768574, 0.0, 0.22231683084807333, 0.455323679811032, 0.13003761220077134, 0.28130700065446634, 0.6813803229190223, 0.3734887784432128, 0.1464058388771552, 0.007616154688146137, 0.613671993216031, 0.6628738657911694, 0.6800701199584753, 0.7856063949677692, 0.7153061298178796, 0.5986352182551673]]}