{"labels_1": ["1", "2", "3", "4", "5", "6", "7", "8", "9"], "labels_2": ["1", "2", "3", "4", "5", "6", "7", "8", "9"], "adj_matrix_1": [[0.0, 0.21131, 0.12611, 0.22906, 0.15965, 0.03414, 0.32096, 0.09178, 0.3296], [0.21131, 0.0, 0.28508, 0.32663, 0.06868, 0.23391, 0.34904, 0.26771, 0.3506], [0.12611, 0.28508, 0.0, 0.11714, 0.25524, 0.09384, 0.23453, 0.03619, 0.24616], [0.22906, 0.32663, 0.11714, 0.0, 0.31789, 0.20209, 0.12873, 0.15091, 0.14208], [0.15965, 0.06868, 0.25524, 0.31789, 0.0, 0.18767, 0.36139, 0.23138, 0.36496], [0.03414, 0.23391, 0.09384, 0.20209, 0.18767, 0.0, 0.30204, 0.05849, 0.31153], [0.32096, 0.34904, 0.23453, 0.12873, 0.36139, 0.30204, 0.0, 0.26244, 0.01401], [0.09178, 0.26771, 0.03619, 0.15091, 0.23138, 0.05849, 0.26244, 0.0, 0.27338], [0.3296, 0.3506, 0.24616, 0.14208, 0.36496, 0.31153, 0.01401, 0.27338, 0.0]], "adj_matrix_2": [[0.0, 0.33529, 0.02706, 0.19454, 0.29828, 0.23632, 0.19482, 0.13515, 0.21483], [0.33529, 0.0, 0.32513, 0.23077, 0.11042, 0.19276, 0.2305, 0.27238, 0.21348], [0.02706, 0.32513, 0.0, 0.17057, 0.28107, 0.21435, 0.17087, 0.10936, 0.19173], [0.19454, 0.23077, 0.17057, 0.0, 0.14304, 0.05157, 0.00033, 0.06576, 0.02436], [0.29828, 0.11042, 0.28107, 0.14304, 0.0, 0.09495, 0.14273, 0.19983, 0.12076], [0.23632, 0.19276, 0.21435, 0.05157, 0.09495, 0.0, 0.05125, 0.11566, 0.02737], [0.19482, 0.2305, 0.17087, 0.00033, 0.14273, 0.05125, 0.0, 0.06608, 0.02403], [0.13515, 0.27238, 0.10936, 0.06576, 0.19983, 0.11566, 0.06608, 0.0, 0.08952], [0.21483, 0.21348, 0.19173, 0.02436, 0.12076, 0.02737, 0.02403, 0.08952, 0.0]], "features_1": [[-0.06384035785410935, 0.7803353171711527, 0.0, 0.23891840448564483, 0.4830445876496952, 0.14103227598627896, 0.22100348699500644, 0.666705582727883, 0.4231045972173284, 0.19267961431561864, 0.007783488497544067, 0.6166583683649789, 0.6565049711168467, 0.6835493164450899, 0.7978879019534292, 0.7113611521630078, 0.5988573857749279], [0.461295896576837, 0.7731653067615396, 0.0, 0.27220957431337867, 0.47630080615140036, 0.1444726630258444, 0.16001749184559416, 0.6607018898113008, 0.44801299765670843, 0.19358912626113, 0.008117752083540042, 0.5985990849761806, 0.6464997637243648, 0.6806896052273949, 0.8018466520724179, 0.6947691737479956, 0.6112665543322517], [-0.07359876810708332, 0.876418711519323, 0.0, 0.23645341542153667, 0.511646998312549, 0.13991260256562704, 0.1869703221163988, 0.6668943363634248, 0.4171000061741792, 0.21183746832796269, 0.007671947615560004, 0.6201757170705364, 0.6479084767189663, 0.6762406071155047, 0.7923374528905294, 0.6953640414814649, 0.59373010931966], [-0.1601269375124872, 0.8401999339653897, 0.0, 0.2296190970183212, 0.505641428309568, 0.13949075299857705, 0.26606326165974037, 0.671385410314246, 0.4190999349615978, 0.20462639396791693, 0.007560346756364078, 0.6329993594928902, 0.6610852645048148, 0.6868585036032846, 0.8046973320637794, 0.7239312644874257, 0.6013126019081478], [0.2921677524717241, 0.8088697539087799, 0.0, 0.2511290111726305, 0.48557214316079866, 0.14353207844545948, 0.17182876702555278, 0.6625204742810801, 0.44194378127450573, 0.2015324597742023, 0.00822905385914674, 0.6041060499911584, 0.6677302536144373, 0.6947735996152111, 0.8014401812578825, 0.7135261212510415, 0.6130110447708262], [-0.20179907265367758, 0.8789468957521557, 0.0, 0.2329312689077951, 0.5096298538621453, 0.14285626442638094, 0.19735208227579903, 0.6647005637656069, 0.4371630356859444, 0.218049015498196, 0.00822905385914674, 0.6245598349720272, 0.6584034039817966, 0.6833625095783773, 0.8026920405558601, 0.6903066830144061, 0.6058822326402571], [-0.4106220552660629, 0.8985630167045249, 0.0, 0.19587930411846471, 0.5082395275433942, 0.14382044152721776, 0.18323921130914655, 0.6623638904202427, 0.43721137326408943, 0.2267103206658545, 0.007950687539111767, 0.6449802356320067, 0.6571607137890303, 0.6894122777846536, 0.8023645686020671, 0.6854541126059336, 0.599806126022497], [-0.28759662686582255, 0.742336751235967, 0.0, 0.21520953315269634, 0.45856149176876615, 0.14901291530638372, 0.19182619433489237, 0.6569450325505445, 0.4739923151152443, 0.19775722492838455, 0.008618141428105908, 0.6428754890333388, 0.6749756251999575, 0.7291225662474957, 0.8152847272117535, 0.7319042490715816, 0.6205255299772877], [-0.5093218765246901, 0.7787159722121615, 0.0, 0.217810711352819, 0.4694376128118442, 0.14856755106578184, 0.19449737808540563, 0.6563761675173981, 0.4668124957408222, 0.2066427345368118, 0.008284682400665488, 0.6514300290002146, 0.6757253997173007, 0.7209458829382166, 0.8112387978500845, 0.719229825812113, 0.6108755530233554]], "features_2": [[-0.10132815351828262, 0.7134235970298073, 0.0, 0.24990654221883546, 0.4825962351058019, 0.12890644768185727, 0.4570943645582005, 0.6825509084660051, 0.3587769530358893, 0.16141360129622728, 0.007616154688146137, 0.6206675192665569, 0.6342575296947481, 0.6232764324723544, 0.7731546231732783, 0.7046149326567972, 0.5974582830348054], [0.2293896125163788, 0.7500593903112528, 0.0, 0.25353044364539556, 0.4926050920327498, 0.13110912554550894, 0.4003775756045037, 0.6814440231955381, 0.38409217665845063, 0.17462048737740177, 0.007671947615560004, 0.6045375132649573, 0.6485576069122286, 0.6784391357792573, 0.7863735999013096, 0.7104818117692911, 0.5992784470308561], [-0.08192523584621192, 0.865597278753664, 0.0, 0.23828691632137575, 0.527347367085249, 0.1286568772776154, 0.4382999510948068, 0.6825306247926282, 0.3531347674992962, 0.19241739913044809, 0.007392832833969631, 0.615688000840954, 0.630070577513198, 0.6199388859410211, 0.7702819930283279, 0.7043463180805566, 0.5958698315891926], [-0.09285009646943854, 0.8341724470864333, 0.0, 0.23511107926646652, 0.5136120322517008, 0.13162453496553553, 0.40151194794734196, 0.6802083122159285, 0.3734431054791578, 0.19209930588837465, 0.007727725548673403, 0.6135423525590147, 0.6498581663709703, 0.6706875689516075, 0.7804625702964734, 0.7008260731354499, 0.5962310483341238], [0.1113367383783328, 0.7623616025516645, 0.0, 0.26139994225566504, 0.4946934466279337, 0.13302762141267285, 0.3846152671733371, 0.6801270481554434, 0.393246008185572, 0.18115535658047155, 0.007894969482732161, 0.6076723671972539, 0.6560212120823207, 0.6952088952617986, 0.7953037897601307, 0.7154122209492532, 0.5904536335002107], [-0.12291473116871643, 0.9106926068990989, 0.0, 0.24093308680692058, 0.5410734744908042, 0.1274792863510414, 0.4525855412752556, 0.6840241714591683, 0.3464262185909588, 0.20121566482727027, 0.007281081678807366, 0.6079755094469725, 0.6374375611481082, 0.6631261643050874, 0.7719187847919287, 0.7057906660241009, 0.5901036584881201], [-0.154288049581512, 0.873202738755272, 0.0, 0.25792765686882785, 0.5264572484451164, 0.1302432601048532, 0.5015489737527027, 0.6816760996762423, 0.3468549492986275, 0.19633022966974378, 0.0069454663283523566, 0.6134463243424924, 0.6524456336616188, 0.6850315050423328, 0.7728189483363418, 0.6852256474699967, 0.5822859030486401], [-0.14439840716214025, 0.799738669304937, 0.0, 0.25272650332632157, 0.5158423110445969, 0.126203915395226, 0.44740374510749703, 0.6859652238140609, 0.3487350586906792, 0.17882762780566064, 0.007392832833969631, 0.6103804141685751, 0.6572248376978158, 0.6730437272701313, 0.7821796263836975, 0.70638420738907, 0.5852099503831054], [-0.079854603085455, 0.8425743247199184, 0.0, 0.2467760162363537, 0.5278290016454565, 0.12450110234048004, 0.4850366254328208, 0.6867520118990269, 0.34112978092888246, 0.18469143633838891, 0.007727725548673403, 0.6130159786038325, 0.6470340407532149, 0.6593990212394067, 0.7722380785628226, 0.703399015468677, 0.5717308497640037]]}