{"labels_1": ["1", "2", "3", "4", "5", "6", "7", "8", "9"], "labels_2": ["1", "2", "3", "4", "5", "6", "7", "8", "9"], "adj_matrix_1": [[0.0, 0.06603, 0.01944, 0.0756, 0.07683, 0.16055, 0.0894, 0.12049, 0.13748], [0.06603, 0.0, 0.08495, 0.00981, 0.13925, 0.21336, 0.02402, 0.17878, 0.19366], [0.01944, 0.08495, 0.0, 0.0944, 0.05785, 0.1438, 0.10796, 0.10239, 0.11987], [0.0756, 0.00981, 0.0944, 0.0, 0.14804, 0.22051, 0.01422, 0.18683, 0.20135], [0.07683, 0.13925, 0.05785, 0.14804, 0.0, 0.09058, 0.16061, 0.04614, 0.06469], [0.16055, 0.21336, 0.1438, 0.22051, 0.09058, 0.0, 0.23061, 0.04567, 0.02691], [0.0894, 0.02402, 0.10796, 0.01422, 0.16061, 0.23061, 0.0, 0.19829, 0.21228], [0.12049, 0.17878, 0.10239, 0.18683, 0.04614, 0.04567, 0.19829, 0.0, 0.01891], [0.13748, 0.19366, 0.11987, 0.20135, 0.06469, 0.02691, 0.21228, 0.01891, 0.0]], "adj_matrix_2": [[0.0, 0.23373, 0.01481, 0.07819, 0.25734, 0.02053, 0.15266, 0.24107, 0.22965], [0.23373, 0.0, 0.23081, 0.23201, 0.18056, 0.22936, 0.14543, 0.28626, 0.31979], [0.01481, 0.23081, 0.0, 0.09156, 0.26293, 0.00575, 0.14215, 0.25071, 0.24036], [0.07819, 0.23201, 0.09156, 0.0, 0.21593, 0.09659, 0.19553, 0.18453, 0.17006], [0.25734, 0.18056, 0.26293, 0.21593, 0.0, 0.26486, 0.26769, 0.14887, 0.20736], [0.02053, 0.22936, 0.00575, 0.09659, 0.26486, 0.0, 0.13786, 0.25433, 0.24445], [0.15266, 0.14543, 0.14215, 0.19553, 0.26769, 0.13786, 0.0, 0.31241, 0.32067], [0.24107, 0.28626, 0.25071, 0.18453, 0.14887, 0.25433, 0.31241, 0.0, 0.06623], [0.22965, 0.31979, 0.24036, 0.17006, 0.20736, 0.24445, 0.32067, 0.06623, 0.0]], "features_1": [[0.06728381628823055, 0.851474511742007, 0.0, 0.26403817003398544, 0.5441184252368557, 0.11924172846540293, 0.45148631537630945, 0.690553997412755, 0.3275376258069407, 0.180920838021696, 0.00716927026363523, 0.599344877971336, 0.6455080318918607, 0.666434703583423, 0.774650614209795, 0.7214100541790521, 0.5661414118229361], [0.23985194462436077, 0.9181750325766903, 0.0, 0.2831338796921805, 0.5538697792008841, 0.12141545607826523, 0.3752794551842129, 0.6888296632331441, 0.33748110877267457, 0.19716631698168574, 0.007504523810135222, 0.5991424404702892, 0.6497933637167972, 0.6780138675868387, 0.7721608681422775, 0.705733614462995, 0.5581279942632184], [0.07688337423864233, 1.0083973967179125, 0.0, 0.2671506320154289, 0.5823088973747769, 0.12023511184098479, 0.44088066681280436, 0.6901123666140188, 0.33541612871860327, 0.21209662200342128, 0.007057398507269275, 0.6000929379799278, 0.6757917988743921, 0.6869064380779724, 0.7758929476118269, 0.7119406514681481, 0.5689412438008131], [-0.0028422658731743766, 0.9926342715565807, 0.0, 0.2418750376527756, 0.5790400960925823, 0.11972436766264959, 0.4522792085522937, 0.690298274101957, 0.3315700552562477, 0.20870971644276382, 0.00716927026363523, 0.6097627947236268, 0.6539286132948757, 0.6752219108039197, 0.7743861560429199, 0.7162624016478515, 0.5672192691385382], [0.5129093919257102, 0.9586149979536024, 0.0, 0.3113088882137608, 0.5654948402244974, 0.11933781314515439, 0.388011149159194, 0.6897886841396661, 0.3203380591978413, 0.19854648443272183, 0.00716927026363523, 0.5864967732392798, 0.6391332426258146, 0.6669708241657626, 0.7673424893814833, 0.7039861993300753, 0.5439404859221895], [0.11533062985738285, 1.0471283465631422, 0.0, 0.27291699028359123, 0.5928995603888552, 0.11907982732775622, 0.49848618307115516, 0.690865660078088, 0.32301861367523776, 0.21538071748018872, 0.007057398507269275, 0.596475968712302, 0.660607448285385, 0.6746908147277143, 0.7757918840472495, 0.713222889414378, 0.5651669266590029], [0.12524068468572747, 0.9695371254901446, 0.0, 0.25428917493341396, 0.5725967417019127, 0.12119049373476563, 0.4749682482125763, 0.6897077087079782, 0.3392756942835278, 0.20459149070135219, 0.0069454663283523566, 0.6036145877980688, 0.6594225192872238, 0.6602652618650868, 0.777866918542844, 0.7212572140995139, 0.5808472107092726], [0.41588001346396464, 0.9809135855771675, 0.0, 0.3176703938446651, 0.5755567923864868, 0.11606194420552739, 0.3872872731078886, 0.6909578475183729, 0.29512226775303385, 0.19643738756933726, 0.006497131753992358, 0.5845670781741859, 0.6387574965591938, 0.6464397306214934, 0.7556184179387698, 0.6885897703781618, 0.5461095743730011], [0.31078439256907586, 0.9652038534786868, 0.0, 0.26623106035003047, 0.5743349491331684, 0.11837436629681167, 0.4341890405564591, 0.690546365762257, 0.3078709108578601, 0.19698581466347576, 0.006609306440138685, 0.579249847050479, 0.6344740803622599, 0.655773065238064, 0.7676859553324371, 0.6763976517545157, 0.5806417895035538]], "features_2": [[0.66451999547761, 0.832227035888367, 0.0, 0.2808107629175155, 0.514972470680869, 0.13015347337835795, 0.2826513816874773, 0.6813318468267159, 0.37642568702028556, 0.18948759308293672, 0.007783488497544067, 0.584865967475692, 0.6474038449263916, 0.6771759019162875, 0.7850920872591552, 0.7050524427145922, 0.5977144584415184], [0.2705211876697713, 0.8148364071742734, 0.0, 0.27722277859845934, 0.5123764300472496, 0.12680493426559572, 0.2649906258950502, 0.6831466341020294, 0.34813576980100547, 0.18254606043897614, 0.007560346756364078, 0.595778100415119, 0.6340873321928584, 0.6567482810170509, 0.7715896583173488, 0.6826991139402164, 0.5932760282282358], [0.8214890884738875, 0.9792674724207497, 0.0, 0.2882969542150533, 0.5545864819389555, 0.12737216226542597, 0.24679949197304296, 0.6827458680364196, 0.35318238285061976, 0.2124838302509966, 0.007336964783822175, 0.582678192426195, 0.6307840759447557, 0.6529090393223674, 0.7737040396444474, 0.6963759030048421, 0.5906400409807585], [1.1268449801746394, 1.0356754724856754, 0.0, 0.26559880541820535, 0.5622747187114008, 0.12916217093272536, 0.18721286214828864, 0.6797814910425348, 0.35381409271723774, 0.2234800560328245, 0.007392832833969631, 0.5727524034836287, 0.6254164006819813, 0.6520970663270628, 0.7699833005041751, 0.6958320846796633, 0.5840785980806887], [0.22998853529358598, 0.8512039059264932, 0.0, 0.2416091893381982, 0.5277481853100124, 0.12286542097722024, 0.2722034567145933, 0.6861974229368925, 0.32020589235568253, 0.18180775220672962, 0.00677745458930179, 0.5956429102968932, 0.6184067372545531, 0.6446070975276909, 0.7613635180101407, 0.6859175803109709, 0.5723332675409162], [0.7667910844335162, 1.064715955522468, 0.0, 0.2898108039759138, 0.5754079363104171, 0.1278023870907418, 0.26636964664714, 0.6830288985767184, 0.35288554539420147, 0.2285541255482444, 0.007392832833969631, 0.5819088146356401, 0.6358924115701842, 0.6699648551445937, 0.7768462420970191, 0.6841204067911868, 0.5878420030392908], [0.497769822690743, 1.1565313413743648, 0.0, 0.2595320728290856, 0.5832438297412885, 0.1294772772269232, 0.15185311504715598, 0.6780476225484875, 0.3426454896228277, 0.24482158424693634, 0.007057398507269275, 0.5880086784962681, 0.6287153449733978, 0.6396733254733402, 0.7602334665072136, 0.689301343272582, 0.5769459072474937], [0.11948677292938825, 0.9117562119089643, 0.0, 0.1948483384593142, 0.5461309913677979, 0.12074969967532315, 0.2530375586364329, 0.6877380463819556, 0.32785528265154706, 0.1932318372197943, 0.0069454663283523566, 0.6132979348750056, 0.6447452266949858, 0.6684062194027698, 0.7581644544430531, 0.6813891873642713, 0.5545680563906807], [-0.027504210169257526, 0.9640375892078532, 0.0, 0.22660893467920262, 0.5523819482823173, 0.12339219205227003, 0.21607545794579935, 0.6851363171269564, 0.3370615016022207, 0.2073399430056848, 0.007392832833969631, 0.6131499675955612, 0.631972403297086, 0.6470644042701053, 0.7578373467532222, 0.6738439598294536, 0.5663426984124548]]}