{"labels_1": ["1", "2", "3", "4", "5", "6", "7", "8", "9"], "labels_2": ["1", "2", "3", "4", "5", "6", "7", "8", "9"], "adj_matrix_1": [[0.0, 0.13717, 0.0819, 0.20217, 0.00179, 0.07613, 0.19473, 0.07299, 0.10507], [0.13717, 0.0, 0.05865, 0.07783, 0.13554, 0.06447, 0.06827, 0.06765, 0.22648], [0.0819, 0.05865, 0.0, 0.13289, 0.08016, 0.00594, 0.12403, 0.00918, 0.18011], [0.20217, 0.07783, 0.13289, 0.0, 0.20079, 0.1382, 0.00989, 0.14107, 0.27508], [0.00179, 0.13554, 0.08016, 0.20079, 0.0, 0.07439, 0.19331, 0.07124, 0.10678], [0.07613, 0.06447, 0.00594, 0.1382, 0.07439, 0.0, 0.12942, 0.00324, 0.17506], [0.19473, 0.06827, 0.12403, 0.00989, 0.19331, 0.12942, 0.0, 0.13233, 0.27], [0.07299, 0.06765, 0.00918, 0.14107, 0.07124, 0.00324, 0.13233, 0.0, 0.17225], [0.10507, 0.22648, 0.18011, 0.27508, 0.10678, 0.17506, 0.27, 0.17225, 0.0]], "adj_matrix_2": [[0.0, 0.33529, 0.02706, 0.19454, 0.29828, 0.23632, 0.19482, 0.13515, 0.21483], [0.33529, 0.0, 0.32513, 0.23077, 0.11042, 0.19276, 0.2305, 0.27238, 0.21348], [0.02706, 0.32513, 0.0, 0.17057, 0.28107, 0.21435, 0.17087, 0.10936, 0.19173], [0.19454, 0.23077, 0.17057, 0.0, 0.14304, 0.05157, 0.00033, 0.06576, 0.02436], [0.29828, 0.11042, 0.28107, 0.14304, 0.0, 0.09495, 0.14273, 0.19983, 0.12076], [0.23632, 0.19276, 0.21435, 0.05157, 0.09495, 0.0, 0.05125, 0.11566, 0.02737], [0.19482, 0.2305, 0.17087, 0.00033, 0.14273, 0.05125, 0.0, 0.06608, 0.02403], [0.13515, 0.27238, 0.10936, 0.06576, 0.19983, 0.11566, 0.06608, 0.0, 0.08952], [0.21483, 0.21348, 0.19173, 0.02436, 0.12076, 0.02737, 0.02403, 0.08952, 0.0]], "features_1": [[0.38268403446941335, 0.7879576034638041, 0.0, 0.1936259810595268, 0.5072617049947176, 0.13206139571189937, 0.5004757160148117, 0.6819442732786082, 0.39037849649300194, 0.17984383949993266, 0.007504523810135222, 0.6124367043279582, 0.6384207846708486, 0.6431114504710144, 0.7909491645332171, 0.7153829617943191, 0.5997086832723629], [0.17703016785410997, 0.7823970596303297, 0.0, 0.22093604174348117, 0.4986756513389219, 0.13587607015980716, 0.46046628871829254, 0.678234122333528, 0.42129841157982884, 0.18591311232098584, 0.007950687539111767, 0.6113750186677751, 0.6663919127391429, 0.6906150275444175, 0.8005588013992769, 0.7150153114492267, 0.6120499035251692], [0.3871331045898021, 0.933516971317227, 0.0, 0.19450533469511755, 0.5485589145664195, 0.13128477371038208, 0.5071860131101019, 0.6825690383694248, 0.38930434206769715, 0.20842049569317167, 0.00783923647221818, 0.6045664798136909, 0.6338568483792395, 0.6544112527864132, 0.7890313593865671, 0.7026764240502901, 0.598502522206861], [0.5590909640856823, 1.0104886231020178, 0.0, 0.22727855016786722, 0.5611808726123987, 0.13070054851212445, 0.44904559375139996, 0.6814990960880893, 0.3802319883060843, 0.2212185197120553, 0.007504523810135222, 0.5907914673848698, 0.6422858434197208, 0.6527569669589262, 0.7801392677107994, 0.7181855048544216, 0.5943552890567957], [-0.09468141807984187, 0.8084002502695722, 0.0, 0.23784253431790459, 0.5026714724764383, 0.1359447001985027, 0.40640935036503406, 0.6775089530420229, 0.41056333756983276, 0.19253927254822512, 0.008062078829516484, 0.6208348669829089, 0.6724662435659623, 0.6968679868921843, 0.8013719295090048, 0.724413246126214, 0.6039607364317273], [0.2257627396731685, 0.9553989160517661, 0.0, 0.20277537221320296, 0.552443056119884, 0.12967906776666263, 0.5167037570525771, 0.684041670432133, 0.38108523248639115, 0.21241717151003137, 0.007616154688146137, 0.6112357144224669, 0.6501810482820578, 0.6763623875455401, 0.7895926780195041, 0.6972051904713644, 0.589638630770127], [1.2107288461837626, 1.0551195837278144, 0.0, 0.2624768978190071, 0.5657262018864327, 0.1287440992201181, 0.3530426457713901, 0.6815147728664888, 0.38101723470710125, 0.22570622391862405, 0.007616154688146137, 0.5908572672400625, 0.6225951601446981, 0.6330843513086699, 0.7721042738044124, 0.6920372530318606, 0.5805336373480333], [0.20606406464130256, 0.8527532712789608, 0.0, 0.26255191435438824, 0.518366001861365, 0.13266878719902614, 0.42039634593154745, 0.6810619886396976, 0.39032377317047207, 0.19569620789776132, 0.007616154688146137, 0.6086575653555077, 0.6457715585831697, 0.6550891664345202, 0.7970742743491661, 0.7290105705869232, 0.6037913782660034], [0.12236119813706736, 0.9032415097956161, 0.0, 0.25271847559721516, 0.5339904226382448, 0.13051294258298377, 0.4409721014582992, 0.6825145510808868, 0.38179879230428093, 0.20418423677048136, 0.007392832833969631, 0.6270610344234966, 0.6494293627197814, 0.6557574222564116, 0.7896923387669819, 0.6931894075720597, 0.6102497178224724]], "features_2": [[-0.10132815351828262, 0.7134235970298073, 0.0, 0.24990654221883546, 0.4825962351058019, 0.12890644768185727, 0.4570943645582005, 0.6825509084660051, 0.3587769530358893, 0.16141360129622728, 0.007616154688146137, 0.6206675192665569, 0.6342575296947481, 0.6232764324723544, 0.7731546231732783, 0.7046149326567972, 0.5974582830348054], [0.2293896125163788, 0.7500593903112528, 0.0, 0.25353044364539556, 0.4926050920327498, 0.13110912554550894, 0.4003775756045037, 0.6814440231955381, 0.38409217665845063, 0.17462048737740177, 0.007671947615560004, 0.6045375132649573, 0.6485576069122286, 0.6784391357792573, 0.7863735999013096, 0.7104818117692911, 0.5992784470308561], [-0.08192523584621192, 0.865597278753664, 0.0, 0.23828691632137575, 0.527347367085249, 0.1286568772776154, 0.4382999510948068, 0.6825306247926282, 0.3531347674992962, 0.19241739913044809, 0.007392832833969631, 0.615688000840954, 0.630070577513198, 0.6199388859410211, 0.7702819930283279, 0.7043463180805566, 0.5958698315891926], [-0.09285009646943854, 0.8341724470864333, 0.0, 0.23511107926646652, 0.5136120322517008, 0.13162453496553553, 0.40151194794734196, 0.6802083122159285, 0.3734431054791578, 0.19209930588837465, 0.007727725548673403, 0.6135423525590147, 0.6498581663709703, 0.6706875689516075, 0.7804625702964734, 0.7008260731354499, 0.5962310483341238], [0.1113367383783328, 0.7623616025516645, 0.0, 0.26139994225566504, 0.4946934466279337, 0.13302762141267285, 0.3846152671733371, 0.6801270481554434, 0.393246008185572, 0.18115535658047155, 0.007894969482732161, 0.6076723671972539, 0.6560212120823207, 0.6952088952617986, 0.7953037897601307, 0.7154122209492532, 0.5904536335002107], [-0.12291473116871643, 0.9106926068990989, 0.0, 0.24093308680692058, 0.5410734744908042, 0.1274792863510414, 0.4525855412752556, 0.6840241714591683, 0.3464262185909588, 0.20121566482727027, 0.007281081678807366, 0.6079755094469725, 0.6374375611481082, 0.6631261643050874, 0.7719187847919287, 0.7057906660241009, 0.5901036584881201], [-0.154288049581512, 0.873202738755272, 0.0, 0.25792765686882785, 0.5264572484451164, 0.1302432601048532, 0.5015489737527027, 0.6816760996762423, 0.3468549492986275, 0.19633022966974378, 0.0069454663283523566, 0.6134463243424924, 0.6524456336616188, 0.6850315050423328, 0.7728189483363418, 0.6852256474699967, 0.5822859030486401], [-0.14439840716214025, 0.799738669304937, 0.0, 0.25272650332632157, 0.5158423110445969, 0.126203915395226, 0.44740374510749703, 0.6859652238140609, 0.3487350586906792, 0.17882762780566064, 0.007392832833969631, 0.6103804141685751, 0.6572248376978158, 0.6730437272701313, 0.7821796263836975, 0.70638420738907, 0.5852099503831054], [-0.079854603085455, 0.8425743247199184, 0.0, 0.2467760162363537, 0.5278290016454565, 0.12450110234048004, 0.4850366254328208, 0.6867520118990269, 0.34112978092888246, 0.18469143633838891, 0.007727725548673403, 0.6130159786038325, 0.6470340407532149, 0.6593990212394067, 0.7722380785628226, 0.703399015468677, 0.5717308497640037]]}