{"labels_1": ["1", "2", "3", "4", "5", "6", "7", "8", "9"], "labels_2": ["1", "2", "3", "4", "5", "6", "7", "8", "9"], "adj_matrix_1": [[0.0, 0.13717, 0.0819, 0.20217, 0.00179, 0.07613, 0.19473, 0.07299, 0.10507], [0.13717, 0.0, 0.05865, 0.07783, 0.13554, 0.06447, 0.06827, 0.06765, 0.22648], [0.0819, 0.05865, 0.0, 0.13289, 0.08016, 0.00594, 0.12403, 0.00918, 0.18011], [0.20217, 0.07783, 0.13289, 0.0, 0.20079, 0.1382, 0.00989, 0.14107, 0.27508], [0.00179, 0.13554, 0.08016, 0.20079, 0.0, 0.07439, 0.19331, 0.07124, 0.10678], [0.07613, 0.06447, 0.00594, 0.1382, 0.07439, 0.0, 0.12942, 0.00324, 0.17506], [0.19473, 0.06827, 0.12403, 0.00989, 0.19331, 0.12942, 0.0, 0.13233, 0.27], [0.07299, 0.06765, 0.00918, 0.14107, 0.07124, 0.00324, 0.13233, 0.0, 0.17225], [0.10507, 0.22648, 0.18011, 0.27508, 0.10678, 0.17506, 0.27, 0.17225, 0.0]], "adj_matrix_2": [[0.0, 0.0, 0.00351, 0.20297, 0.00341, 0.09066, 0.16898, 0.06425, 0.26029], [0.0, 0.0, 0.0, 0.0, 0.01151, 0.0, 0.0, 0.0, 0.0], [0.00351, 0.0, 0.0, 0.20027, 0.00334, 0.09403, 0.16605, 0.06767, 0.2581], [0.20297, 0.0, 0.20027, 0.0, 0.00109, 0.26539, 0.04021, 0.24913, 0.0746], [0.00341, 0.01151, 0.00334, 0.00109, 0.0, 0.00566, 0.00134, 0.00488, 0.00076], [0.09066, 0.0, 0.09403, 0.26539, 0.00566, 0.0, 0.23866, 0.02742, 0.30803], [0.16898, 0.0, 0.16605, 0.04021, 0.00134, 0.23866, 0.0, 0.21998, 0.11362], [0.06425, 0.0, 0.06767, 0.24913, 0.00488, 0.02742, 0.21998, 0.0, 0.29647], [0.26029, 0.0, 0.2581, 0.0746, 0.00076, 0.30803, 0.11362, 0.29647, 0.0]], "features_1": [[0.38268403446941335, 0.7879576034638041, 0.0, 0.1936259810595268, 0.5072617049947176, 0.13206139571189937, 0.5004757160148117, 0.6819442732786082, 0.39037849649300194, 0.17984383949993266, 0.007504523810135222, 0.6124367043279582, 0.6384207846708486, 0.6431114504710144, 0.7909491645332171, 0.7153829617943191, 0.5997086832723629], [0.17703016785410997, 0.7823970596303297, 0.0, 0.22093604174348117, 0.4986756513389219, 0.13587607015980716, 0.46046628871829254, 0.678234122333528, 0.42129841157982884, 0.18591311232098584, 0.007950687539111767, 0.6113750186677751, 0.6663919127391429, 0.6906150275444175, 0.8005588013992769, 0.7150153114492267, 0.6120499035251692], [0.3871331045898021, 0.933516971317227, 0.0, 0.19450533469511755, 0.5485589145664195, 0.13128477371038208, 0.5071860131101019, 0.6825690383694248, 0.38930434206769715, 0.20842049569317167, 0.00783923647221818, 0.6045664798136909, 0.6338568483792395, 0.6544112527864132, 0.7890313593865671, 0.7026764240502901, 0.598502522206861], [0.5590909640856823, 1.0104886231020178, 0.0, 0.22727855016786722, 0.5611808726123987, 0.13070054851212445, 0.44904559375139996, 0.6814990960880893, 0.3802319883060843, 0.2212185197120553, 0.007504523810135222, 0.5907914673848698, 0.6422858434197208, 0.6527569669589262, 0.7801392677107994, 0.7181855048544216, 0.5943552890567957], [-0.09468141807984187, 0.8084002502695722, 0.0, 0.23784253431790459, 0.5026714724764383, 0.1359447001985027, 0.40640935036503406, 0.6775089530420229, 0.41056333756983276, 0.19253927254822512, 0.008062078829516484, 0.6208348669829089, 0.6724662435659623, 0.6968679868921843, 0.8013719295090048, 0.724413246126214, 0.6039607364317273], [0.2257627396731685, 0.9553989160517661, 0.0, 0.20277537221320296, 0.552443056119884, 0.12967906776666263, 0.5167037570525771, 0.684041670432133, 0.38108523248639115, 0.21241717151003137, 0.007616154688146137, 0.6112357144224669, 0.6501810482820578, 0.6763623875455401, 0.7895926780195041, 0.6972051904713644, 0.589638630770127], [1.2107288461837626, 1.0551195837278144, 0.0, 0.2624768978190071, 0.5657262018864327, 0.1287440992201181, 0.3530426457713901, 0.6815147728664888, 0.38101723470710125, 0.22570622391862405, 0.007616154688146137, 0.5908572672400625, 0.6225951601446981, 0.6330843513086699, 0.7721042738044124, 0.6920372530318606, 0.5805336373480333], [0.20606406464130256, 0.8527532712789608, 0.0, 0.26255191435438824, 0.518366001861365, 0.13266878719902614, 0.42039634593154745, 0.6810619886396976, 0.39032377317047207, 0.19569620789776132, 0.007616154688146137, 0.6086575653555077, 0.6457715585831697, 0.6550891664345202, 0.7970742743491661, 0.7290105705869232, 0.6037913782660034], [0.12236119813706736, 0.9032415097956161, 0.0, 0.25271847559721516, 0.5339904226382448, 0.13051294258298377, 0.4409721014582992, 0.6825145510808868, 0.38179879230428093, 0.20418423677048136, 0.007392832833969631, 0.6270610344234966, 0.6494293627197814, 0.6557574222564116, 0.7896923387669819, 0.6931894075720597, 0.6102497178224724]], "features_2": [[0.1333096986976683, 0.8560785997520688, 0.0, 0.26982208810797853, 0.5277695208649372, 0.13382200905527059, 0.521169899750096, 0.6825805409371295, 0.3710355072306233, 0.19345244065933076, 0.0069454663283523566, 0.6013931273834237, 0.6691346216826917, 0.6932115699872236, 0.8080208803021849, 0.6993944974901508, 0.5802571659270478], [6.807039698450712, 1.0003718693053374, 0.0, 0.3493917253384175, 0.5415420801548448, 0.14786870396406254, 0.4174228499880236, 0.6675310941308747, 0.4101552008563052, 0.21908357245657029, 0.007727725548673403, 0.5134391722472431, 0.6302948051919937, 0.6406006898528649, 0.8252222747948023, 0.7268566887810984, 0.5968476700203702], [0.19726453886580275, 1.013837942245298, 0.0, 0.26683945898876466, 0.5649646754111632, 0.13569246623548167, 0.49243430910526487, 0.6808388719010232, 0.38276678536136033, 0.22659558432907212, 0.007057398507269275, 0.6084180190021726, 0.6657704414182343, 0.6822525232242558, 0.8096424427119224, 0.7055805521602065, 0.5966153084786363], [-0.078597291501596, 0.9811833617732767, 0.0, 0.27508689544815845, 0.5625285663824536, 0.1296312256456073, 0.5612038257791816, 0.6852909846479689, 0.3567720941872967, 0.21620744905209932, 0.007057398507269275, 0.6131467363081251, 0.6512629268383132, 0.673773500004844, 0.7997345960049954, 0.704100450184014, 0.5751442922159016], [3.0298160886165615, 0.9782566734715665, 0.0, 0.32208867344242326, 0.5367311975937955, 0.14479153085196889, 0.31393012433625456, 0.6678746398598079, 0.4076971812630419, 0.2197979064233715, 0.00716927026363523, 0.5418904054512836, 0.6459667469589881, 0.6569773642399204, 0.8164022499656426, 0.7321967488922336, 0.6015300255473188], [0.1258328795572723, 1.1272852978834191, 0.0, 0.25582708137521054, 0.5833989904054476, 0.13891353533693176, 0.3707477000169007, 0.6765332912973925, 0.4106950644344649, 0.25411026236611844, 0.007504523810135222, 0.6131376026486701, 0.6615866899298302, 0.6860049951032193, 0.8117909787208201, 0.710037087481871, 0.6115482827207464], [-0.01899954737616394, 1.0202047570894, 0.0, 0.2268721031938513, 0.5674790493470238, 0.12964096024175106, 0.4085572421395291, 0.684158566742288, 0.35910336670874843, 0.22400509930502133, 0.00683347364535547, 0.6196890154052048, 0.6601162512566864, 0.6650082979622427, 0.7975453141236392, 0.7127525331773608, 0.5746238518742524], [0.32992705456331217, 0.9181060381853551, 0.0, 0.27970486307615744, 0.5343803019491244, 0.13689471141113146, 0.3309018044118289, 0.6771270087495262, 0.4114023523099919, 0.2132236009214794, 0.007950687539111767, 0.6044643632263065, 0.6375821748481604, 0.6668710963633998, 0.8069448214661848, 0.7234414280948714, 0.5883434932098961], [-0.22896569448881854, 0.9701455387898323, 0.0, 0.2381863647014863, 0.5508041976140254, 0.133036257269607, 0.34694731982154253, 0.6807502589120071, 0.3891158302938258, 0.22318732651438222, 0.007504523810135222, 0.6258992091982993, 0.6722891528061122, 0.697194762865563, 0.8007647217183359, 0.7195872985676729, 0.5818687253213232]]}