{"labels_1": ["1", "2", "3", "4", "5", "6", "7", "8", "9"], "labels_2": ["1", "2", "3", "4", "5", "6", "7", "8", "9"], "adj_matrix_1": [[0.0, 0.13717, 0.0819, 0.20217, 0.00179, 0.07613, 0.19473, 0.07299, 0.10507], [0.13717, 0.0, 0.05865, 0.07783, 0.13554, 0.06447, 0.06827, 0.06765, 0.22648], [0.0819, 0.05865, 0.0, 0.13289, 0.08016, 0.00594, 0.12403, 0.00918, 0.18011], [0.20217, 0.07783, 0.13289, 0.0, 0.20079, 0.1382, 0.00989, 0.14107, 0.27508], [0.00179, 0.13554, 0.08016, 0.20079, 0.0, 0.07439, 0.19331, 0.07124, 0.10678], [0.07613, 0.06447, 0.00594, 0.1382, 0.07439, 0.0, 0.12942, 0.00324, 0.17506], [0.19473, 0.06827, 0.12403, 0.00989, 0.19331, 0.12942, 0.0, 0.13233, 0.27], [0.07299, 0.06765, 0.00918, 0.14107, 0.07124, 0.00324, 0.13233, 0.0, 0.17225], [0.10507, 0.22648, 0.18011, 0.27508, 0.10678, 0.17506, 0.27, 0.17225, 0.0]], "adj_matrix_2": [[0.0, 0.12047, 0.04498, 0.11507, 0.11473, 0.09832, 0.29856, 0.26359, 0.17042], [0.12047, 0.0, 0.07704, 0.00568, 0.00602, 0.20821, 0.20274, 0.16038, 0.05382], [0.04498, 0.07704, 0.0, 0.07146, 0.07114, 0.14058, 0.26661, 0.2284, 0.12909], [0.11507, 0.00568, 0.07146, 0.0, 0.00034, 0.2035, 0.2077, 0.1656, 0.05944], [0.11473, 0.00602, 0.07114, 0.00034, 0.0, 0.20322, 0.20806, 0.16593, 0.05978], [0.09832, 0.20821, 0.14058, 0.2035, 0.20322, 0.0, 0.35236, 0.3258, 0.25082], [0.29856, 0.20274, 0.26661, 0.2077, 0.20806, 0.35236, 0.0, 0.04637, 0.15368], [0.26359, 0.16038, 0.2284, 0.1656, 0.16593, 0.3258, 0.04637, 0.0, 0.10925], [0.17042, 0.05382, 0.12909, 0.05944, 0.05978, 0.25082, 0.15368, 0.10925, 0.0]], "features_1": [[0.38268403446941335, 0.7879576034638041, 0.0, 0.1936259810595268, 0.5072617049947176, 0.13206139571189937, 0.5004757160148117, 0.6819442732786082, 0.39037849649300194, 0.17984383949993266, 0.007504523810135222, 0.6124367043279582, 0.6384207846708486, 0.6431114504710144, 0.7909491645332171, 0.7153829617943191, 0.5997086832723629], [0.17703016785410997, 0.7823970596303297, 0.0, 0.22093604174348117, 0.4986756513389219, 0.13587607015980716, 0.46046628871829254, 0.678234122333528, 0.42129841157982884, 0.18591311232098584, 0.007950687539111767, 0.6113750186677751, 0.6663919127391429, 0.6906150275444175, 0.8005588013992769, 0.7150153114492267, 0.6120499035251692], [0.3871331045898021, 0.933516971317227, 0.0, 0.19450533469511755, 0.5485589145664195, 0.13128477371038208, 0.5071860131101019, 0.6825690383694248, 0.38930434206769715, 0.20842049569317167, 0.00783923647221818, 0.6045664798136909, 0.6338568483792395, 0.6544112527864132, 0.7890313593865671, 0.7026764240502901, 0.598502522206861], [0.5590909640856823, 1.0104886231020178, 0.0, 0.22727855016786722, 0.5611808726123987, 0.13070054851212445, 0.44904559375139996, 0.6814990960880893, 0.3802319883060843, 0.2212185197120553, 0.007504523810135222, 0.5907914673848698, 0.6422858434197208, 0.6527569669589262, 0.7801392677107994, 0.7181855048544216, 0.5943552890567957], [-0.09468141807984187, 0.8084002502695722, 0.0, 0.23784253431790459, 0.5026714724764383, 0.1359447001985027, 0.40640935036503406, 0.6775089530420229, 0.41056333756983276, 0.19253927254822512, 0.008062078829516484, 0.6208348669829089, 0.6724662435659623, 0.6968679868921843, 0.8013719295090048, 0.724413246126214, 0.6039607364317273], [0.2257627396731685, 0.9553989160517661, 0.0, 0.20277537221320296, 0.552443056119884, 0.12967906776666263, 0.5167037570525771, 0.684041670432133, 0.38108523248639115, 0.21241717151003137, 0.007616154688146137, 0.6112357144224669, 0.6501810482820578, 0.6763623875455401, 0.7895926780195041, 0.6972051904713644, 0.589638630770127], [1.2107288461837626, 1.0551195837278144, 0.0, 0.2624768978190071, 0.5657262018864327, 0.1287440992201181, 0.3530426457713901, 0.6815147728664888, 0.38101723470710125, 0.22570622391862405, 0.007616154688146137, 0.5908572672400625, 0.6225951601446981, 0.6330843513086699, 0.7721042738044124, 0.6920372530318606, 0.5805336373480333], [0.20606406464130256, 0.8527532712789608, 0.0, 0.26255191435438824, 0.518366001861365, 0.13266878719902614, 0.42039634593154745, 0.6810619886396976, 0.39032377317047207, 0.19569620789776132, 0.007616154688146137, 0.6086575653555077, 0.6457715585831697, 0.6550891664345202, 0.7970742743491661, 0.7290105705869232, 0.6037913782660034], [0.12236119813706736, 0.9032415097956161, 0.0, 0.25271847559721516, 0.5339904226382448, 0.13051294258298377, 0.4409721014582992, 0.6825145510808868, 0.38179879230428093, 0.20418423677048136, 0.007392832833969631, 0.6270610344234966, 0.6494293627197814, 0.6557574222564116, 0.7896923387669819, 0.6931894075720597, 0.6102497178224724]], "features_2": [[-0.16197256841851226, 0.8634354766046192, 0.0, 0.24379649100182935, 0.5058786793375399, 0.1421747714038391, 0.15559532284590033, 0.664075997579678, 0.44833819377563855, 0.21429983929882868, 0.008340296057933516, 0.6261505671089047, 0.6508039012118486, 0.6824815816106755, 0.796322861756735, 0.7115836784346172, 0.6098912507519606], [-0.18862203918026976, 0.8606413524953854, 0.0, 0.26591801318020264, 0.49929477993074156, 0.1461154853306728, 0.1345490820096927, 0.6573274364332158, 0.4801282001422742, 0.2187348984586368, 0.008673665988278678, 0.6406717108936917, 0.647867799519573, 0.6620923560977274, 0.800658713232449, 0.7414902220193302, 0.6123177397681011], [-0.2698558113482652, 1.012880507734029, 0.0, 0.2690730752729768, 0.5454705337710621, 0.1408282339145144, 0.1630823652961652, 0.6661247792203782, 0.4485252579686114, 0.24476534901870828, 0.00822905385914674, 0.6268112357175357, 0.6528142426582467, 0.6834595470210123, 0.7931183782177, 0.7147312872654383, 0.6070758380638785], [-0.3350841260992756, 0.854504332625405, 0.0, 0.18953091423062624, 0.5123609144139841, 0.1415037032209155, 0.2521803426896618, 0.6701823026138315, 0.44684198779160833, 0.21348156807650565, 0.008173410423425675, 0.640460880032252, 0.6798642606598365, 0.7030538672455098, 0.8096016634450122, 0.7151118005325429, 0.635357103188241], [-0.19132469399525265, 0.959372272361918, 0.0, 0.2654955013914175, 0.522699796817399, 0.14457327379936188, 0.12331725751438186, 0.6576959739500379, 0.45965136822656993, 0.23748180626820137, 0.008117752083540042, 0.6343250958049251, 0.6477778075852174, 0.6661700278029983, 0.792964586811142, 0.7295345800385618, 0.6005458921951768], [-0.1490349589391755, 1.010621693745487, 0.0, 0.2830795916742882, 0.5476741332752558, 0.14109637625214586, 0.20050809915692228, 0.6681464665415795, 0.44766242095276865, 0.24428973462901538, 0.008006390651371653, 0.621980460720096, 0.662112298106908, 0.6869497927830674, 0.8007476327015441, 0.7224981495266505, 0.6120898717418353], [-0.44932317181437353, 1.029035998543274, 0.0, 0.2512375834648414, 0.5443129699717532, 0.14370168517067095, 0.13916581352961116, 0.6616713880231551, 0.46220225072917054, 0.2535478262351176, 0.008451478759474051, 0.647870212064305, 0.649803007399836, 0.6900040065121844, 0.7981603131037035, 0.7199290668460824, 0.6103674692410034], [-0.3416713985163331, 0.9112041339586008, 0.0, 0.2676149292372468, 0.5208280542637724, 0.14275408689351798, 0.19567801446474178, 0.6664206703827575, 0.4482965425005663, 0.2261192014008213, 0.008117752083540042, 0.6478062660405084, 0.6704440139312414, 0.6976489888831263, 0.8047033458777704, 0.7235568718517981, 0.6099752053322396], [-0.35317867432479577, 0.9373377553042378, 0.0, 0.2833578501828944, 0.5287678635962039, 0.14115629949971145, 0.19652449548567646, 0.6681511310563604, 0.43436928003078457, 0.22892025866994392, 0.007783488497544067, 0.6406460650386769, 0.6697986498561719, 0.6975389311409242, 0.8015376687312539, 0.7208075139841955, 0.6052452452605208]]}