{"labels_1": ["1", "2", "3", "4", "5", "6", "7", "8", "9"], "labels_2": ["1", "2", "3", "4", "5", "6", "7", "8", "9"], "adj_matrix_1": [[0.0, 0.13717, 0.0819, 0.20217, 0.00179, 0.07613, 0.19473, 0.07299, 0.10507], [0.13717, 0.0, 0.05865, 0.07783, 0.13554, 0.06447, 0.06827, 0.06765, 0.22648], [0.0819, 0.05865, 0.0, 0.13289, 0.08016, 0.00594, 0.12403, 0.00918, 0.18011], [0.20217, 0.07783, 0.13289, 0.0, 0.20079, 0.1382, 0.00989, 0.14107, 0.27508], [0.00179, 0.13554, 0.08016, 0.20079, 0.0, 0.07439, 0.19331, 0.07124, 0.10678], [0.07613, 0.06447, 0.00594, 0.1382, 0.07439, 0.0, 0.12942, 0.00324, 0.17506], [0.19473, 0.06827, 0.12403, 0.00989, 0.19331, 0.12942, 0.0, 0.13233, 0.27], [0.07299, 0.06765, 0.00918, 0.14107, 0.07124, 0.00324, 0.13233, 0.0, 0.17225], [0.10507, 0.22648, 0.18011, 0.27508, 0.10678, 0.17506, 0.27, 0.17225, 0.0]], "adj_matrix_2": [[0.0, 0.11798, 0.03331, 0.02269, 0.26203, 0.27246, 0.05771, 0.26474, 0.27621], [0.11798, 0.0, 0.08592, 0.13926, 0.17058, 0.18544, 0.17142, 0.27114, 0.191], [0.03331, 0.08592, 0.0, 0.05587, 0.23879, 0.25058, 0.09046, 0.26765, 0.25483], [0.02269, 0.13926, 0.05587, 0.0, 0.27663, 0.2862, 0.03517, 0.26189, 0.28952], [0.26203, 0.17058, 0.23879, 0.27663, 0.0, 0.01824, 0.2979, 0.24283, 0.02531], [0.27246, 0.18544, 0.25058, 0.2862, 0.01824, 0.0, 0.30601, 0.23624, 0.00708], [0.05771, 0.17142, 0.09046, 0.03517, 0.2979, 0.30601, 0.0, 0.25733, 0.30875], [0.26474, 0.27114, 0.26765, 0.26189, 0.24283, 0.23624, 0.25733, 0.0, 0.23356], [0.27621, 0.191, 0.25483, 0.28952, 0.02531, 0.00708, 0.30875, 0.23356, 0.0]], "features_1": [[0.38268403446941335, 0.7879576034638041, 0.0, 0.1936259810595268, 0.5072617049947176, 0.13206139571189937, 0.5004757160148117, 0.6819442732786082, 0.39037849649300194, 0.17984383949993266, 0.007504523810135222, 0.6124367043279582, 0.6384207846708486, 0.6431114504710144, 0.7909491645332171, 0.7153829617943191, 0.5997086832723629], [0.17703016785410997, 0.7823970596303297, 0.0, 0.22093604174348117, 0.4986756513389219, 0.13587607015980716, 0.46046628871829254, 0.678234122333528, 0.42129841157982884, 0.18591311232098584, 0.007950687539111767, 0.6113750186677751, 0.6663919127391429, 0.6906150275444175, 0.8005588013992769, 0.7150153114492267, 0.6120499035251692], [0.3871331045898021, 0.933516971317227, 0.0, 0.19450533469511755, 0.5485589145664195, 0.13128477371038208, 0.5071860131101019, 0.6825690383694248, 0.38930434206769715, 0.20842049569317167, 0.00783923647221818, 0.6045664798136909, 0.6338568483792395, 0.6544112527864132, 0.7890313593865671, 0.7026764240502901, 0.598502522206861], [0.5590909640856823, 1.0104886231020178, 0.0, 0.22727855016786722, 0.5611808726123987, 0.13070054851212445, 0.44904559375139996, 0.6814990960880893, 0.3802319883060843, 0.2212185197120553, 0.007504523810135222, 0.5907914673848698, 0.6422858434197208, 0.6527569669589262, 0.7801392677107994, 0.7181855048544216, 0.5943552890567957], [-0.09468141807984187, 0.8084002502695722, 0.0, 0.23784253431790459, 0.5026714724764383, 0.1359447001985027, 0.40640935036503406, 0.6775089530420229, 0.41056333756983276, 0.19253927254822512, 0.008062078829516484, 0.6208348669829089, 0.6724662435659623, 0.6968679868921843, 0.8013719295090048, 0.724413246126214, 0.6039607364317273], [0.2257627396731685, 0.9553989160517661, 0.0, 0.20277537221320296, 0.552443056119884, 0.12967906776666263, 0.5167037570525771, 0.684041670432133, 0.38108523248639115, 0.21241717151003137, 0.007616154688146137, 0.6112357144224669, 0.6501810482820578, 0.6763623875455401, 0.7895926780195041, 0.6972051904713644, 0.589638630770127], [1.2107288461837626, 1.0551195837278144, 0.0, 0.2624768978190071, 0.5657262018864327, 0.1287440992201181, 0.3530426457713901, 0.6815147728664888, 0.38101723470710125, 0.22570622391862405, 0.007616154688146137, 0.5908572672400625, 0.6225951601446981, 0.6330843513086699, 0.7721042738044124, 0.6920372530318606, 0.5805336373480333], [0.20606406464130256, 0.8527532712789608, 0.0, 0.26255191435438824, 0.518366001861365, 0.13266878719902614, 0.42039634593154745, 0.6810619886396976, 0.39032377317047207, 0.19569620789776132, 0.007616154688146137, 0.6086575653555077, 0.6457715585831697, 0.6550891664345202, 0.7970742743491661, 0.7290105705869232, 0.6037913782660034], [0.12236119813706736, 0.9032415097956161, 0.0, 0.25271847559721516, 0.5339904226382448, 0.13051294258298377, 0.4409721014582992, 0.6825145510808868, 0.38179879230428093, 0.20418423677048136, 0.007392832833969631, 0.6270610344234966, 0.6494293627197814, 0.6557574222564116, 0.7896923387669819, 0.6931894075720597, 0.6102497178224724]], "features_2": [[0.03238294824437382, 0.7548441931867758, 0.0, 0.24213328745008775, 0.4988542919847352, 0.12779880728608484, 0.3646870922235948, 0.684494250363732, 0.36443056983378885, 0.17064992382732136, 0.007225183508792421, 0.6141128155876774, 0.6618263604357203, 0.676950694523137, 0.7894976580908066, 0.729093828329311, 0.6032934741115787], [0.19697328345508236, 0.7730756281357681, 0.0, 0.30396955371304535, 0.49341162260504656, 0.13407968451965785, 0.3396263714302471, 0.6784947326853674, 0.4127171165343384, 0.18303109920277283, 0.008006390651371653, 0.6170604141996394, 0.6764989208017212, 0.6905297206177267, 0.798078420010866, 0.7101631373417436, 0.6138837582606717], [0.14467740125287332, 0.8771401796621332, 0.0, 0.27105860607195453, 0.5340671361528614, 0.12733183831327446, 0.36856945592882867, 0.6846919494602417, 0.3617424090598911, 0.1947173132709057, 0.007560346756364078, 0.6102880413368874, 0.6660814950355662, 0.6840044729712352, 0.7867953895326714, 0.7192750940120405, 0.6016097558783835], [0.10281470739104215, 0.9121360880396702, 0.0, 0.2543464748666791, 0.5401660440621431, 0.12857729216059205, 0.3246845013426423, 0.6832422372595628, 0.36339424245437635, 0.20245791437528893, 0.007336964783822175, 0.6173342150919878, 0.6408296387042944, 0.6671189461029559, 0.7875659293042362, 0.692831382366853, 0.6059380801857653], [0.4670130133805799, 0.7664677008886286, 0.0, 0.33038415133666726, 0.4918589748076112, 0.13439932951084355, 0.3789503165548652, 0.6791477950617746, 0.4188556855756316, 0.1821168173586165, 0.007894969482732161, 0.6035857638369411, 0.6591784690239906, 0.7041735294047385, 0.8002925981358862, 0.7306813119698027, 0.6101549166618142], [0.359744349254425, 0.8691676041872021, 0.0, 0.30598300359390335, 0.5335623866410645, 0.12764517799314487, 0.4527339879386588, 0.6857752781766053, 0.3772291600036235, 0.1939773453432625, 0.007560346756364078, 0.6050450885841023, 0.6574334619128599, 0.6786287778601116, 0.7942670967570025, 0.705866502880469, 0.5960376605911957], [0.22387698957581792, 0.9081470946921646, 0.0, 0.22257825438918483, 0.5383751304013147, 0.12916370696764695, 0.37358631610828325, 0.6837656193173087, 0.38574135684490174, 0.20496484395662096, 0.007783488497544067, 0.6187866829653088, 0.6602864568107086, 0.6813506596117713, 0.7917812172281393, 0.7112957382632557, 0.5908677435694641], [0.7606951412316181, 0.8040006624146262, 0.0, 0.3132799468882271, 0.5123377108902447, 0.12918386079659205, 0.45213132083202084, 0.6845652482517011, 0.38646425456628064, 0.18264814154334763, 0.007448685839370306, 0.581295292597038, 0.6612959783718558, 0.6787671736442061, 0.7940902350938465, 0.7249473331229633, 0.5909412404132357], [0.27644695512988093, 0.8069993526809901, 0.0, 0.2641802073552731, 0.5133728434010465, 0.1284996827794908, 0.4461442344141595, 0.6849215203123902, 0.38237079621908787, 0.18489296133438882, 0.007671947615560004, 0.5997609123903735, 0.6532683841989235, 0.6807700706202019, 0.792081391060408, 0.7064808102937559, 0.5849401511159554]]}