{"labels_1": ["1", "2", "3", "4", "5", "6", "7", "8", "9"], "labels_2": ["1", "2", "3", "4", "5", "6", "7", "8", "9"], "adj_matrix_1": [[0.0, 0.13717, 0.0819, 0.20217, 0.00179, 0.07613, 0.19473, 0.07299, 0.10507], [0.13717, 0.0, 0.05865, 0.07783, 0.13554, 0.06447, 0.06827, 0.06765, 0.22648], [0.0819, 0.05865, 0.0, 0.13289, 0.08016, 0.00594, 0.12403, 0.00918, 0.18011], [0.20217, 0.07783, 0.13289, 0.0, 0.20079, 0.1382, 0.00989, 0.14107, 0.27508], [0.00179, 0.13554, 0.08016, 0.20079, 0.0, 0.07439, 0.19331, 0.07124, 0.10678], [0.07613, 0.06447, 0.00594, 0.1382, 0.07439, 0.0, 0.12942, 0.00324, 0.17506], [0.19473, 0.06827, 0.12403, 0.00989, 0.19331, 0.12942, 0.0, 0.13233, 0.27], [0.07299, 0.06765, 0.00918, 0.14107, 0.07124, 0.00324, 0.13233, 0.0, 0.17225], [0.10507, 0.22648, 0.18011, 0.27508, 0.10678, 0.17506, 0.27, 0.17225, 0.0]], "adj_matrix_2": [[0.0, 0.01111, 0.08389, 0.17231, 0.20455, 0.14386, 0.16339, 0.28382, 0.21552], [0.01111, 0.0, 0.09432, 0.18021, 0.2105, 0.15287, 0.15421, 0.27907, 0.20785], [0.08389, 0.09432, 0.0, 0.10256, 0.14783, 0.06724, 0.22346, 0.30535, 0.26154], [0.17231, 0.18021, 0.10256, 0.0, 0.05448, 0.03792, 0.26275, 0.29259, 0.28016], [0.20455, 0.2105, 0.14783, 0.05448, 0.0, 0.09034, 0.26447, 0.26968, 0.27145], [0.14386, 0.15287, 0.06724, 0.03792, 0.09034, 0.0, 0.25387, 0.30218, 0.27883], [0.16339, 0.15421, 0.22346, 0.26275, 0.26447, 0.25387, 0.0, 0.16851, 0.06633], [0.28382, 0.27907, 0.30535, 0.29259, 0.26968, 0.30218, 0.16851, 0.0, 0.1076], [0.21552, 0.20785, 0.26154, 0.28016, 0.27145, 0.27883, 0.06633, 0.1076, 0.0]], "features_1": [[0.38268403446941335, 0.7879576034638041, 0.0, 0.1936259810595268, 0.5072617049947176, 0.13206139571189937, 0.5004757160148117, 0.6819442732786082, 0.39037849649300194, 0.17984383949993266, 0.007504523810135222, 0.6124367043279582, 0.6384207846708486, 0.6431114504710144, 0.7909491645332171, 0.7153829617943191, 0.5997086832723629], [0.17703016785410997, 0.7823970596303297, 0.0, 0.22093604174348117, 0.4986756513389219, 0.13587607015980716, 0.46046628871829254, 0.678234122333528, 0.42129841157982884, 0.18591311232098584, 0.007950687539111767, 0.6113750186677751, 0.6663919127391429, 0.6906150275444175, 0.8005588013992769, 0.7150153114492267, 0.6120499035251692], [0.3871331045898021, 0.933516971317227, 0.0, 0.19450533469511755, 0.5485589145664195, 0.13128477371038208, 0.5071860131101019, 0.6825690383694248, 0.38930434206769715, 0.20842049569317167, 0.00783923647221818, 0.6045664798136909, 0.6338568483792395, 0.6544112527864132, 0.7890313593865671, 0.7026764240502901, 0.598502522206861], [0.5590909640856823, 1.0104886231020178, 0.0, 0.22727855016786722, 0.5611808726123987, 0.13070054851212445, 0.44904559375139996, 0.6814990960880893, 0.3802319883060843, 0.2212185197120553, 0.007504523810135222, 0.5907914673848698, 0.6422858434197208, 0.6527569669589262, 0.7801392677107994, 0.7181855048544216, 0.5943552890567957], [-0.09468141807984187, 0.8084002502695722, 0.0, 0.23784253431790459, 0.5026714724764383, 0.1359447001985027, 0.40640935036503406, 0.6775089530420229, 0.41056333756983276, 0.19253927254822512, 0.008062078829516484, 0.6208348669829089, 0.6724662435659623, 0.6968679868921843, 0.8013719295090048, 0.724413246126214, 0.6039607364317273], [0.2257627396731685, 0.9553989160517661, 0.0, 0.20277537221320296, 0.552443056119884, 0.12967906776666263, 0.5167037570525771, 0.684041670432133, 0.38108523248639115, 0.21241717151003137, 0.007616154688146137, 0.6112357144224669, 0.6501810482820578, 0.6763623875455401, 0.7895926780195041, 0.6972051904713644, 0.589638630770127], [1.2107288461837626, 1.0551195837278144, 0.0, 0.2624768978190071, 0.5657262018864327, 0.1287440992201181, 0.3530426457713901, 0.6815147728664888, 0.38101723470710125, 0.22570622391862405, 0.007616154688146137, 0.5908572672400625, 0.6225951601446981, 0.6330843513086699, 0.7721042738044124, 0.6920372530318606, 0.5805336373480333], [0.20606406464130256, 0.8527532712789608, 0.0, 0.26255191435438824, 0.518366001861365, 0.13266878719902614, 0.42039634593154745, 0.6810619886396976, 0.39032377317047207, 0.19569620789776132, 0.007616154688146137, 0.6086575653555077, 0.6457715585831697, 0.6550891664345202, 0.7970742743491661, 0.7290105705869232, 0.6037913782660034], [0.12236119813706736, 0.9032415097956161, 0.0, 0.25271847559721516, 0.5339904226382448, 0.13051294258298377, 0.4409721014582992, 0.6825145510808868, 0.38179879230428093, 0.20418423677048136, 0.007392832833969631, 0.6270610344234966, 0.6494293627197814, 0.6557574222564116, 0.7896923387669819, 0.6931894075720597, 0.6102497178224724]], "features_2": [[0.1473813241266302, 0.6598613709247823, 0.0, 0.23541666725951693, 0.4784852504880387, 0.12309462874177968, 0.30466841315704657, 0.6868550709440553, 0.34541033131141985, 0.1449303167008471, 0.00716927026363523, 0.5935370530289217, 0.6497959149073276, 0.6676190767381196, 0.7705758469804149, 0.6695098779405178, 0.5853191695669471], [-0.0637858746394464, 0.716448349349162, 0.0, 0.24665873923255802, 0.489288731573003, 0.12555868316029792, 0.2005971706340425, 0.6832844475755818, 0.3475180272860383, 0.16084563714024958, 0.007336964783822175, 0.6046271553208498, 0.6300121356319187, 0.6562825860598105, 0.7629712387444384, 0.6887399674217024, 0.592022015325477], [0.13233321879837678, 0.7999534059863257, 0.0, 0.2510349442734858, 0.5202960663171121, 0.1238787613941278, 0.2567352923666391, 0.6856604000708562, 0.34264118007834, 0.17601004798522335, 0.007001439975721224, 0.5956240082786626, 0.6431536718828584, 0.6589873135645176, 0.767371615387147, 0.6826223037150856, 0.5869923353892675], [0.30046172690695583, 0.7723361280454936, 0.0, 0.2866460035209964, 0.5111020402991175, 0.12461784040788154, 0.31991886761018123, 0.6857577673860888, 0.34648548589777417, 0.1715714987452286, 0.00716927026363523, 0.588911077090994, 0.6504448439843914, 0.6647933171126241, 0.7734392738575542, 0.6847663480705716, 0.587238676859984], [0.23194509175644118, 0.6430191399219066, 0.0, 0.27360122316857655, 0.46438330909421194, 0.12539389957208003, 0.2459995609277783, 0.6841579428411401, 0.3492856392079007, 0.14374658120646777, 0.007281081678807366, 0.5932959321795486, 0.6414568833231916, 0.6618156637093043, 0.7690068438071043, 0.685369177446325, 0.5914869671894181], [0.3617710150686655, 0.7788122034845159, 0.0, 0.2708870585415084, 0.5137689010118922, 0.12549346162274003, 0.325669302498148, 0.6855440699485746, 0.3452160716681081, 0.1723312631540279, 0.007057398507269275, 0.593035763386204, 0.6471527030610765, 0.6724637306708091, 0.7790326985436115, 0.7031062385551298, 0.5974339598459627], [0.02255551906826936, 0.712977689838666, 0.0, 0.2241045676884947, 0.4848069634896867, 0.1298961104906527, 0.2659111457694522, 0.6809986782328901, 0.35322928031588363, 0.1634606375251808, 0.007057398507269275, 0.6009040052444465, 0.6439098833329945, 0.6578777790834708, 0.7827965551420132, 0.6786790887909688, 0.5897433873841054], [0.18234763673745524, 0.6048233012450925, 0.0, 0.17395776825449807, 0.4472343135290911, 0.12875614505605867, 0.29809907092772436, 0.6825444733532162, 0.36530522750252303, 0.1374556939271796, 0.007504523810135222, 0.6159679638864768, 0.6548707643482976, 0.6757791717265705, 0.7827911251473806, 0.7140028144369643, 0.595049186972119], [0.03438036132595945, 0.631344028768574, 0.0, 0.22231683084807333, 0.455323679811032, 0.13003761220077134, 0.28130700065446634, 0.6813803229190223, 0.3734887784432128, 0.1464058388771552, 0.007616154688146137, 0.613671993216031, 0.6628738657911694, 0.6800701199584753, 0.7856063949677692, 0.7153061298178796, 0.5986352182551673]]}