{"labels_1": ["1", "2", "3", "4", "5", "6", "7", "8", "9"], "labels_2": ["1", "2", "3", "4", "5", "6", "7", "8", "9"], "adj_matrix_1": [[0.0, 0.08305, 0.08365, 0.11467, 0.04724, 0.03506, 0.15283, 0.14973, 0.05954], [0.08305, 0.0, 0.162, 0.0331, 0.03645, 0.11666, 0.22415, 0.22146, 0.13969], [0.08365, 0.162, 0.0, 0.1904, 0.12884, 0.04914, 0.07247, 0.06912, 0.02457], [0.11467, 0.0331, 0.1904, 0.0, 0.06915, 0.14713, 0.24879, 0.24624, 0.16917], [0.04724, 0.03645, 0.12884, 0.06915, 0.0, 0.08174, 0.19452, 0.19163, 0.10557], [0.03506, 0.11666, 0.04914, 0.14713, 0.08174, 0.0, 0.12016, 0.11691, 0.02468], [0.15283, 0.22415, 0.07247, 0.24879, 0.19452, 0.12016, 0.0, 0.00341, 0.09646], [0.14973, 0.22146, 0.06912, 0.24624, 0.19163, 0.11691, 0.00341, 0.0, 0.09317], [0.05954, 0.13969, 0.02457, 0.16917, 0.10557, 0.02468, 0.09646, 0.09317, 0.0]], "adj_matrix_2": [[0.0, 0.33529, 0.02706, 0.19454, 0.29828, 0.23632, 0.19482, 0.13515, 0.21483], [0.33529, 0.0, 0.32513, 0.23077, 0.11042, 0.19276, 0.2305, 0.27238, 0.21348], [0.02706, 0.32513, 0.0, 0.17057, 0.28107, 0.21435, 0.17087, 0.10936, 0.19173], [0.19454, 0.23077, 0.17057, 0.0, 0.14304, 0.05157, 0.00033, 0.06576, 0.02436], [0.29828, 0.11042, 0.28107, 0.14304, 0.0, 0.09495, 0.14273, 0.19983, 0.12076], [0.23632, 0.19276, 0.21435, 0.05157, 0.09495, 0.0, 0.05125, 0.11566, 0.02737], [0.19482, 0.2305, 0.17087, 0.00033, 0.14273, 0.05125, 0.0, 0.06608, 0.02403], [0.13515, 0.27238, 0.10936, 0.06576, 0.19983, 0.11566, 0.06608, 0.0, 0.08952], [0.21483, 0.21348, 0.19173, 0.02436, 0.12076, 0.02737, 0.02403, 0.08952, 0.0]], "features_1": [[-0.22724569184028454, 0.6276320241339295, 0.0, 0.23983218137142945, 0.4596875472218996, 0.12591249537752205, 0.33851626796067225, 0.6855603100569196, 0.3536296634055023, 0.1418203273943195, 0.007001439975721224, 0.6166793252266685, 0.6502883953810032, 0.6801481761713706, 0.7796682467403951, 0.6819364808309022, 0.590488557414888], [0.22362577197689504, 0.6410443324421086, 0.0, 0.22930557114842295, 0.45994747573521466, 0.12775891823354718, 0.30649271330860584, 0.6837163448777694, 0.3655847049954375, 0.1443824250614978, 0.007225183508792421, 0.60105529876998, 0.6410489185973037, 0.6686894397139053, 0.7797272966233635, 0.7023075477922918, 0.5950669109584593], [-0.20497989340300427, 0.7101266863646603, 0.0, 0.23087432927380466, 0.49098167442139073, 0.1261578762010718, 0.3455794579967389, 0.6856694879795169, 0.3510691783603721, 0.15984157811839217, 0.006889477554966383, 0.62035605661303, 0.6636964282795038, 0.6847183146426029, 0.7810302349644768, 0.6998456588364816, 0.5958255464140303], [-0.07235952708016535, 0.7545929111348756, 0.0, 0.2271029461879092, 0.4991708747150124, 0.1271076783352189, 0.32309074629850726, 0.6842385841354486, 0.363480772880552, 0.17048300072577183, 0.007281081678807366, 0.6147840393502262, 0.6520091509574578, 0.6748233499724395, 0.7812423784363125, 0.6875998841719069, 0.5914748639211229], [0.23847646780597698, 0.6428811355153508, 0.0, 0.22054558580295702, 0.46418600917565733, 0.1254319762449453, 0.3243937584672715, 0.6855781742043213, 0.3536208272893795, 0.1418478371798988, 0.007336964783822175, 0.6002265968075415, 0.6424295158400366, 0.6644439424241718, 0.7748692729638164, 0.7133247576740874, 0.5823895216446224], [0.10067528008286608, 0.7175323057242454, 0.0, 0.24490032979083792, 0.4970937191203286, 0.1251034241077921, 0.40647467628274114, 0.6872635153619471, 0.3529178998154636, 0.15898948605011287, 0.007336964783822175, 0.610331379543275, 0.667440811942832, 0.6802822692787777, 0.7845154257213093, 0.7045946938846208, 0.5936092738699449], [-0.035683011479031634, 0.766645131935214, 0.0, 0.22472607489636062, 0.5041907040790253, 0.12640514841131972, 0.3337288218592008, 0.6847976572662022, 0.3602990357987048, 0.17182936391933312, 0.007336964783822175, 0.6160355770986568, 0.6504257571431948, 0.6687356730266308, 0.7767947820475384, 0.7147364680544016, 0.571846041764789], [0.03453581465744504, 0.60779654598749, 0.0, 0.23542315547477055, 0.4535160172847122, 0.12625079110010295, 0.37748931287262905, 0.6861645507349305, 0.3515358649955207, 0.13446975031717368, 0.007336964783822175, 0.6158785544416003, 0.6593185791612323, 0.6693245076494542, 0.7858543240693102, 0.6789734392063619, 0.5693779211485605], [-0.14595853402074876, 0.6486868072903619, 0.0, 0.22177233474559183, 0.47057841475875345, 0.1254123729304582, 0.39192537626316054, 0.6869426934663296, 0.3485167675898213, 0.14375091875236468, 0.007336964783822175, 0.6181215647261111, 0.653053539382736, 0.6448511430317466, 0.7863391371972909, 0.7172229689634304, 0.5772229742087462]], "features_2": [[-0.10132815351828262, 0.7134235970298073, 0.0, 0.24990654221883546, 0.4825962351058019, 0.12890644768185727, 0.4570943645582005, 0.6825509084660051, 0.3587769530358893, 0.16141360129622728, 0.007616154688146137, 0.6206675192665569, 0.6342575296947481, 0.6232764324723544, 0.7731546231732783, 0.7046149326567972, 0.5974582830348054], [0.2293896125163788, 0.7500593903112528, 0.0, 0.25353044364539556, 0.4926050920327498, 0.13110912554550894, 0.4003775756045037, 0.6814440231955381, 0.38409217665845063, 0.17462048737740177, 0.007671947615560004, 0.6045375132649573, 0.6485576069122286, 0.6784391357792573, 0.7863735999013096, 0.7104818117692911, 0.5992784470308561], [-0.08192523584621192, 0.865597278753664, 0.0, 0.23828691632137575, 0.527347367085249, 0.1286568772776154, 0.4382999510948068, 0.6825306247926282, 0.3531347674992962, 0.19241739913044809, 0.007392832833969631, 0.615688000840954, 0.630070577513198, 0.6199388859410211, 0.7702819930283279, 0.7043463180805566, 0.5958698315891926], [-0.09285009646943854, 0.8341724470864333, 0.0, 0.23511107926646652, 0.5136120322517008, 0.13162453496553553, 0.40151194794734196, 0.6802083122159285, 0.3734431054791578, 0.19209930588837465, 0.007727725548673403, 0.6135423525590147, 0.6498581663709703, 0.6706875689516075, 0.7804625702964734, 0.7008260731354499, 0.5962310483341238], [0.1113367383783328, 0.7623616025516645, 0.0, 0.26139994225566504, 0.4946934466279337, 0.13302762141267285, 0.3846152671733371, 0.6801270481554434, 0.393246008185572, 0.18115535658047155, 0.007894969482732161, 0.6076723671972539, 0.6560212120823207, 0.6952088952617986, 0.7953037897601307, 0.7154122209492532, 0.5904536335002107], [-0.12291473116871643, 0.9106926068990989, 0.0, 0.24093308680692058, 0.5410734744908042, 0.1274792863510414, 0.4525855412752556, 0.6840241714591683, 0.3464262185909588, 0.20121566482727027, 0.007281081678807366, 0.6079755094469725, 0.6374375611481082, 0.6631261643050874, 0.7719187847919287, 0.7057906660241009, 0.5901036584881201], [-0.154288049581512, 0.873202738755272, 0.0, 0.25792765686882785, 0.5264572484451164, 0.1302432601048532, 0.5015489737527027, 0.6816760996762423, 0.3468549492986275, 0.19633022966974378, 0.0069454663283523566, 0.6134463243424924, 0.6524456336616188, 0.6850315050423328, 0.7728189483363418, 0.6852256474699967, 0.5822859030486401], [-0.14439840716214025, 0.799738669304937, 0.0, 0.25272650332632157, 0.5158423110445969, 0.126203915395226, 0.44740374510749703, 0.6859652238140609, 0.3487350586906792, 0.17882762780566064, 0.007392832833969631, 0.6103804141685751, 0.6572248376978158, 0.6730437272701313, 0.7821796263836975, 0.70638420738907, 0.5852099503831054], [-0.079854603085455, 0.8425743247199184, 0.0, 0.2467760162363537, 0.5278290016454565, 0.12450110234048004, 0.4850366254328208, 0.6867520118990269, 0.34112978092888246, 0.18469143633838891, 0.007727725548673403, 0.6130159786038325, 0.6470340407532149, 0.6593990212394067, 0.7722380785628226, 0.703399015468677, 0.5717308497640037]]}