{"labels_1": ["1", "2", "3", "4", "5", "6", "7", "8", "9"], "labels_2": ["1", "2", "3", "4", "5", "6", "7", "8", "9"], "adj_matrix_1": [[0.0, 0.08305, 0.08365, 0.11467, 0.04724, 0.03506, 0.15283, 0.14973, 0.05954], [0.08305, 0.0, 0.162, 0.0331, 0.03645, 0.11666, 0.22415, 0.22146, 0.13969], [0.08365, 0.162, 0.0, 0.1904, 0.12884, 0.04914, 0.07247, 0.06912, 0.02457], [0.11467, 0.0331, 0.1904, 0.0, 0.06915, 0.14713, 0.24879, 0.24624, 0.16917], [0.04724, 0.03645, 0.12884, 0.06915, 0.0, 0.08174, 0.19452, 0.19163, 0.10557], [0.03506, 0.11666, 0.04914, 0.14713, 0.08174, 0.0, 0.12016, 0.11691, 0.02468], [0.15283, 0.22415, 0.07247, 0.24879, 0.19452, 0.12016, 0.0, 0.00341, 0.09646], [0.14973, 0.22146, 0.06912, 0.24624, 0.19163, 0.11691, 0.00341, 0.0, 0.09317], [0.05954, 0.13969, 0.02457, 0.16917, 0.10557, 0.02468, 0.09646, 0.09317, 0.0]], "adj_matrix_2": [[0.0, 0.21115, 0.03212, 0.14929, 0.06174, 0.10115, 0.00779, 0.27746, 0.19345], [0.21115, 0.0, 0.22858, 0.08956, 0.1702, 0.2588, 0.20623, 0.29334, 0.28494], [0.03212, 0.22858, 0.0, 0.17504, 0.09261, 0.07043, 0.03985, 0.25933, 0.16751], [0.14929, 0.08956, 0.17504, 0.0, 0.09436, 0.2245, 0.14277, 0.3153, 0.27881], [0.06174, 0.1702, 0.09261, 0.09436, 0.0, 0.15641, 0.05407, 0.30317, 0.23643], [0.10115, 0.2588, 0.07043, 0.2245, 0.15641, 0.0, 0.10847, 0.20924, 0.10358], [0.00779, 0.20623, 0.03985, 0.14277, 0.05407, 0.10847, 0.0, 0.28149, 0.19947], [0.27746, 0.29334, 0.25933, 0.3153, 0.30317, 0.20924, 0.28149, 0.0, 0.11692], [0.19345, 0.28494, 0.16751, 0.27881, 0.23643, 0.10358, 0.19947, 0.11692, 0.0]], "features_1": [[-0.22724569184028454, 0.6276320241339295, 0.0, 0.23983218137142945, 0.4596875472218996, 0.12591249537752205, 0.33851626796067225, 0.6855603100569196, 0.3536296634055023, 0.1418203273943195, 0.007001439975721224, 0.6166793252266685, 0.6502883953810032, 0.6801481761713706, 0.7796682467403951, 0.6819364808309022, 0.590488557414888], [0.22362577197689504, 0.6410443324421086, 0.0, 0.22930557114842295, 0.45994747573521466, 0.12775891823354718, 0.30649271330860584, 0.6837163448777694, 0.3655847049954375, 0.1443824250614978, 0.007225183508792421, 0.60105529876998, 0.6410489185973037, 0.6686894397139053, 0.7797272966233635, 0.7023075477922918, 0.5950669109584593], [-0.20497989340300427, 0.7101266863646603, 0.0, 0.23087432927380466, 0.49098167442139073, 0.1261578762010718, 0.3455794579967389, 0.6856694879795169, 0.3510691783603721, 0.15984157811839217, 0.006889477554966383, 0.62035605661303, 0.6636964282795038, 0.6847183146426029, 0.7810302349644768, 0.6998456588364816, 0.5958255464140303], [-0.07235952708016535, 0.7545929111348756, 0.0, 0.2271029461879092, 0.4991708747150124, 0.1271076783352189, 0.32309074629850726, 0.6842385841354486, 0.363480772880552, 0.17048300072577183, 0.007281081678807366, 0.6147840393502262, 0.6520091509574578, 0.6748233499724395, 0.7812423784363125, 0.6875998841719069, 0.5914748639211229], [0.23847646780597698, 0.6428811355153508, 0.0, 0.22054558580295702, 0.46418600917565733, 0.1254319762449453, 0.3243937584672715, 0.6855781742043213, 0.3536208272893795, 0.1418478371798988, 0.007336964783822175, 0.6002265968075415, 0.6424295158400366, 0.6644439424241718, 0.7748692729638164, 0.7133247576740874, 0.5823895216446224], [0.10067528008286608, 0.7175323057242454, 0.0, 0.24490032979083792, 0.4970937191203286, 0.1251034241077921, 0.40647467628274114, 0.6872635153619471, 0.3529178998154636, 0.15898948605011287, 0.007336964783822175, 0.610331379543275, 0.667440811942832, 0.6802822692787777, 0.7845154257213093, 0.7045946938846208, 0.5936092738699449], [-0.035683011479031634, 0.766645131935214, 0.0, 0.22472607489636062, 0.5041907040790253, 0.12640514841131972, 0.3337288218592008, 0.6847976572662022, 0.3602990357987048, 0.17182936391933312, 0.007336964783822175, 0.6160355770986568, 0.6504257571431948, 0.6687356730266308, 0.7767947820475384, 0.7147364680544016, 0.571846041764789], [0.03453581465744504, 0.60779654598749, 0.0, 0.23542315547477055, 0.4535160172847122, 0.12625079110010295, 0.37748931287262905, 0.6861645507349305, 0.3515358649955207, 0.13446975031717368, 0.007336964783822175, 0.6158785544416003, 0.6593185791612323, 0.6693245076494542, 0.7858543240693102, 0.6789734392063619, 0.5693779211485605], [-0.14595853402074876, 0.6486868072903619, 0.0, 0.22177233474559183, 0.47057841475875345, 0.1254123729304582, 0.39192537626316054, 0.6869426934663296, 0.3485167675898213, 0.14375091875236468, 0.007336964783822175, 0.6181215647261111, 0.653053539382736, 0.6448511430317466, 0.7863391371972909, 0.7172229689634304, 0.5772229742087462]], "features_2": [[0.1336862172796871, 0.766492495600961, 0.0, 0.25976920905218753, 0.5103171693151757, 0.12695408776734127, 0.4169446227030356, 0.6861022274007339, 0.3773769918791685, 0.1718147802035459, 0.007671947615560004, 0.6102601649199881, 0.6680402020489822, 0.6831155155304813, 0.7911643948282119, 0.7184902930623884, 0.5899618868705305], [0.6551870024773296, 0.7448583919910631, 0.0, 0.30171376956968493, 0.5004729338350763, 0.1260911665004598, 0.29691579538956175, 0.6846978699430135, 0.36146050348839065, 0.1651417294591606, 0.007504523810135222, 0.5868178437715654, 0.6303095881211364, 0.6544800564102318, 0.7776783671039015, 0.7116516872544606, 0.5760141632854493], [0.1144338503385125, 0.8986227862254141, 0.0, 0.2669977816215088, 0.5495238846261364, 0.12459574435928089, 0.3854293291393091, 0.6871968838323819, 0.3632272121730795, 0.19553738279588684, 0.007281081678807366, 0.6057333979350275, 0.6671904578321372, 0.6794942441461612, 0.7822669544774884, 0.7120990529731825, 0.582217269859454], [0.3515927405762209, 0.9532727928137767, 0.0, 0.23811709073820744, 0.5588901295908049, 0.12552124096342435, 0.34857294029120994, 0.6857347045029027, 0.3574752613437975, 0.2049524470630315, 0.007560346756364078, 0.5969716404079359, 0.6533265893797083, 0.6581996824100633, 0.7790887568918463, 0.6986804356479207, 0.5867806641216198], [0.3815772594143505, 0.7356198355837879, 0.0, 0.28300435556284315, 0.4986489350309645, 0.12447194266083506, 0.3161567199622645, 0.6860322067562896, 0.334147509033637, 0.16037139264957223, 0.00683347364535547, 0.5925504315585779, 0.6425555996733162, 0.6682476701108113, 0.7763469994681658, 0.6947102705689758, 0.5679080279968026], [0.19628658278550004, 0.9608806008091141, 0.0, 0.26275836251108575, 0.5611621518121532, 0.1273806744573029, 0.4092316418651102, 0.6860810970248226, 0.3727247457629639, 0.21152554540822432, 0.007504523810135222, 0.6075233883971514, 0.6435815663611832, 0.6800233076598605, 0.7912000845612674, 0.7183457652593005, 0.598522003063349], [0.34416321722981635, 1.009766892950374, 0.0, 0.24110747513877887, 0.5689298717052778, 0.12438203430905632, 0.31541978821046757, 0.6858788583986364, 0.34210842816384, 0.2144744881795262, 0.007001439975721224, 0.5923964243661701, 0.6275339095733778, 0.6532634397986107, 0.7719493255355272, 0.6942392236421191, 0.5856645533654101], [-0.2575465824867944, 0.8350216318350957, 0.0, 0.22369150604689908, 0.5307669842652337, 0.1182973829267413, 0.2984885820521626, 0.6894087988755127, 0.29587768916483803, 0.175722302383168, 0.006609306440138685, 0.6067092866878165, 0.6356526301044791, 0.6419496188867296, 0.7555529808575837, 0.6725028832549707, 0.5626915789897484], [0.1666628314788703, 0.882088578298746, 0.0, 0.24478684699269587, 0.5454196486707812, 0.11709690426002953, 0.3605762834515211, 0.6903552925089116, 0.2929180787023775, 0.18117190295447072, 0.006889477554966383, 0.5972343940584626, 0.6392375200333306, 0.649492812207376, 0.7566039112723135, 0.6784306955116738, 0.5553426873217296]]}