{"labels_1": ["1", "2", "3", "4", "5", "6", "7", "8", "9"], "labels_2": ["1", "2", "3", "4", "5", "6", "7", "8", "9"], "adj_matrix_1": [[0.0, 0.08305, 0.08365, 0.11467, 0.04724, 0.03506, 0.15283, 0.14973, 0.05954], [0.08305, 0.0, 0.162, 0.0331, 0.03645, 0.11666, 0.22415, 0.22146, 0.13969], [0.08365, 0.162, 0.0, 0.1904, 0.12884, 0.04914, 0.07247, 0.06912, 0.02457], [0.11467, 0.0331, 0.1904, 0.0, 0.06915, 0.14713, 0.24879, 0.24624, 0.16917], [0.04724, 0.03645, 0.12884, 0.06915, 0.0, 0.08174, 0.19452, 0.19163, 0.10557], [0.03506, 0.11666, 0.04914, 0.14713, 0.08174, 0.0, 0.12016, 0.11691, 0.02468], [0.15283, 0.22415, 0.07247, 0.24879, 0.19452, 0.12016, 0.0, 0.00341, 0.09646], [0.14973, 0.22146, 0.06912, 0.24624, 0.19163, 0.11691, 0.00341, 0.0, 0.09317], [0.05954, 0.13969, 0.02457, 0.16917, 0.10557, 0.02468, 0.09646, 0.09317, 0.0]], "adj_matrix_2": [[0.0, 0.04595, 0.04814, 0.02804, 0.13929, 0.31454, 0.21241, 0.30747, 0.31712], [0.04595, 0.0, 0.09342, 0.07368, 0.18109, 0.33069, 0.24858, 0.30923, 0.32329], [0.04814, 0.09342, 0.0, 0.0202, 0.09346, 0.29393, 0.17155, 0.30282, 0.30746], [0.02804, 0.07368, 0.0202, 0.0, 0.11284, 0.30298, 0.18899, 0.30498, 0.31181], [0.13929, 0.18109, 0.09346, 0.11284, 0.0, 0.24189, 0.08404, 0.28455, 0.27805], [0.31454, 0.33069, 0.29393, 0.30298, 0.24189, 0.0, 0.18112, 0.12569, 0.08694], [0.21241, 0.24858, 0.17155, 0.18899, 0.08404, 0.18112, 0.0, 0.25426, 0.23709], [0.30747, 0.30923, 0.30282, 0.30498, 0.28455, 0.12569, 0.25426, 0.0, 0.04306], [0.31712, 0.32329, 0.30746, 0.31181, 0.27805, 0.08694, 0.23709, 0.04306, 0.0]], "features_1": [[-0.22724569184028454, 0.6276320241339295, 0.0, 0.23983218137142945, 0.4596875472218996, 0.12591249537752205, 0.33851626796067225, 0.6855603100569196, 0.3536296634055023, 0.1418203273943195, 0.007001439975721224, 0.6166793252266685, 0.6502883953810032, 0.6801481761713706, 0.7796682467403951, 0.6819364808309022, 0.590488557414888], [0.22362577197689504, 0.6410443324421086, 0.0, 0.22930557114842295, 0.45994747573521466, 0.12775891823354718, 0.30649271330860584, 0.6837163448777694, 0.3655847049954375, 0.1443824250614978, 0.007225183508792421, 0.60105529876998, 0.6410489185973037, 0.6686894397139053, 0.7797272966233635, 0.7023075477922918, 0.5950669109584593], [-0.20497989340300427, 0.7101266863646603, 0.0, 0.23087432927380466, 0.49098167442139073, 0.1261578762010718, 0.3455794579967389, 0.6856694879795169, 0.3510691783603721, 0.15984157811839217, 0.006889477554966383, 0.62035605661303, 0.6636964282795038, 0.6847183146426029, 0.7810302349644768, 0.6998456588364816, 0.5958255464140303], [-0.07235952708016535, 0.7545929111348756, 0.0, 0.2271029461879092, 0.4991708747150124, 0.1271076783352189, 0.32309074629850726, 0.6842385841354486, 0.363480772880552, 0.17048300072577183, 0.007281081678807366, 0.6147840393502262, 0.6520091509574578, 0.6748233499724395, 0.7812423784363125, 0.6875998841719069, 0.5914748639211229], [0.23847646780597698, 0.6428811355153508, 0.0, 0.22054558580295702, 0.46418600917565733, 0.1254319762449453, 0.3243937584672715, 0.6855781742043213, 0.3536208272893795, 0.1418478371798988, 0.007336964783822175, 0.6002265968075415, 0.6424295158400366, 0.6644439424241718, 0.7748692729638164, 0.7133247576740874, 0.5823895216446224], [0.10067528008286608, 0.7175323057242454, 0.0, 0.24490032979083792, 0.4970937191203286, 0.1251034241077921, 0.40647467628274114, 0.6872635153619471, 0.3529178998154636, 0.15898948605011287, 0.007336964783822175, 0.610331379543275, 0.667440811942832, 0.6802822692787777, 0.7845154257213093, 0.7045946938846208, 0.5936092738699449], [-0.035683011479031634, 0.766645131935214, 0.0, 0.22472607489636062, 0.5041907040790253, 0.12640514841131972, 0.3337288218592008, 0.6847976572662022, 0.3602990357987048, 0.17182936391933312, 0.007336964783822175, 0.6160355770986568, 0.6504257571431948, 0.6687356730266308, 0.7767947820475384, 0.7147364680544016, 0.571846041764789], [0.03453581465744504, 0.60779654598749, 0.0, 0.23542315547477055, 0.4535160172847122, 0.12625079110010295, 0.37748931287262905, 0.6861645507349305, 0.3515358649955207, 0.13446975031717368, 0.007336964783822175, 0.6158785544416003, 0.6593185791612323, 0.6693245076494542, 0.7858543240693102, 0.6789734392063619, 0.5693779211485605], [-0.14595853402074876, 0.6486868072903619, 0.0, 0.22177233474559183, 0.47057841475875345, 0.1254123729304582, 0.39192537626316054, 0.6869426934663296, 0.3485167675898213, 0.14375091875236468, 0.007336964783822175, 0.6181215647261111, 0.653053539382736, 0.6448511430317466, 0.7863391371972909, 0.7172229689634304, 0.5772229742087462]], "features_2": [[-0.16376738508602795, 0.6541114049052004, 0.0, 0.21790228284345667, 0.4681034323178479, 0.1291210085339615, 0.395012311538013, 0.6830648643753756, 0.37085564654158, 0.15117107525191353, 0.007504523810135222, 0.6225224103195446, 0.6526534649351671, 0.6800278491520519, 0.7832157841513853, 0.6983139137463634, 0.5782150197436183], [-0.04754837506491283, 0.6523894254469715, 0.0, 0.25435775541689115, 0.4654986005503899, 0.1284822366249257, 0.3619540240475473, 0.6835950640908853, 0.3591313180795097, 0.14927945609329907, 0.00711334193318236, 0.6205106976692916, 0.6575154576187242, 0.6799673111512112, 0.7865029714594801, 0.7074960402024907, 0.5676222943675597], [-0.013452842732590842, 0.7971319689118185, 0.0, 0.23439638224865827, 0.5129357708532624, 0.13021323864705833, 0.3924794751058641, 0.6821161995893827, 0.37564916989779684, 0.1822790559157117, 0.007504523810135222, 0.6157732174847048, 0.662840010702511, 0.6767148859328639, 0.7844626171522577, 0.6896495060855399, 0.5852992382180673], [-0.14830093035896796, 0.8257573955094323, 0.0, 0.21540391115195479, 0.5124762994951259, 0.13260873730766642, 0.309092336038583, 0.6777199235574478, 0.38838836852201286, 0.19323849229999412, 0.007504523810135222, 0.6190354951616173, 0.6546245830837621, 0.6809093260275384, 0.7790867262895532, 0.7009585207217629, 0.5834845794288521], [0.2636171604749764, 0.6638354724925879, 0.0, 0.2537122385859403, 0.4642651302828963, 0.13019066164196266, 0.3314412665614384, 0.6814471277790175, 0.36303722934561033, 0.15225773844562118, 0.00711334193318236, 0.6093393834324203, 0.6436980930196156, 0.6539079786755451, 0.7874916156073032, 0.7291696678295237, 0.5663261266798285], [0.5929928758909004, 0.8281977404946717, 0.0, 0.2476034204051334, 0.5160051823467331, 0.13353360743827275, 0.39709572021503303, 0.679832406905993, 0.3928247388585704, 0.1905596002346175, 0.007616154688146137, 0.5948188159699712, 0.6570135484621997, 0.6764678633028378, 0.7938203560815447, 0.7110803715786046, 0.5933451615772286], [0.21459299327906534, 0.7959550318721872, 0.0, 0.20369243619838778, 0.504640289886024, 0.13144971206299272, 0.5102278863792925, 0.6808060258819248, 0.3675540320590298, 0.17990102392775764, 0.007616154688146137, 0.6076251325279469, 0.638296325398234, 0.6569717516707771, 0.7746778137188317, 0.7203381944680319, 0.5726399485836359], [0.8179335017055269, 0.7185014167593368, 0.0, 0.32965069201569425, 0.4816234173479579, 0.12612632289235023, 0.24599080064293447, 0.6823971285515651, 0.33948256519908027, 0.15858753370681256, 0.007057398507269275, 0.579772087382219, 0.6385915136823055, 0.6498809036398755, 0.7598989452895795, 0.7021479948349804, 0.5512807897195756], [0.6883618913677765, 0.7665665422714474, 0.0, 0.34626952427189533, 0.4975156620009449, 0.1245714694112654, 0.30451221119835237, 0.6839759418327693, 0.3347785087526305, 0.167182975060864, 0.007392832833969631, 0.583318979241539, 0.6256813302939136, 0.6540002484062456, 0.7549897457482111, 0.690148528762446, 0.5511194319318261]]}