{"labels_1": ["1", "2", "3", "4", "5", "6", "7", "8", "9"], "labels_2": ["1", "2", "3", "4", "5", "6", "7", "8", "9"], "adj_matrix_1": [[0.0, 0.08305, 0.08365, 0.11467, 0.04724, 0.03506, 0.15283, 0.14973, 0.05954], [0.08305, 0.0, 0.162, 0.0331, 0.03645, 0.11666, 0.22415, 0.22146, 0.13969], [0.08365, 0.162, 0.0, 0.1904, 0.12884, 0.04914, 0.07247, 0.06912, 0.02457], [0.11467, 0.0331, 0.1904, 0.0, 0.06915, 0.14713, 0.24879, 0.24624, 0.16917], [0.04724, 0.03645, 0.12884, 0.06915, 0.0, 0.08174, 0.19452, 0.19163, 0.10557], [0.03506, 0.11666, 0.04914, 0.14713, 0.08174, 0.0, 0.12016, 0.11691, 0.02468], [0.15283, 0.22415, 0.07247, 0.24879, 0.19452, 0.12016, 0.0, 0.00341, 0.09646], [0.14973, 0.22146, 0.06912, 0.24624, 0.19163, 0.11691, 0.00341, 0.0, 0.09317], [0.05954, 0.13969, 0.02457, 0.16917, 0.10557, 0.02468, 0.09646, 0.09317, 0.0]], "adj_matrix_2": [[0.0, 0.12123, 0.12571, 0.07085, 0.19283, 0.08672, 0.31293, 0.35682, 0.32896], [0.12123, 0.0, 0.00503, 0.05355, 0.08488, 0.03719, 0.26297, 0.35923, 0.29333], [0.12571, 0.00503, 0.0, 0.05849, 0.08004, 0.04217, 0.26004, 0.35826, 0.29088], [0.07085, 0.05355, 0.05849, 0.0, 0.13471, 0.01658, 0.29114, 0.36522, 0.31554], [0.19283, 0.08488, 0.08004, 0.13471, 0.0, 0.11981, 0.20187, 0.3297, 0.24016], [0.08672, 0.03719, 0.04217, 0.01658, 0.11981, 0.0, 0.28344, 0.36447, 0.30974], [0.31293, 0.26297, 0.26004, 0.29114, 0.20187, 0.28344, 0.0, 0.1737, 0.04753], [0.35682, 0.35923, 0.35826, 0.36522, 0.3297, 0.36447, 0.1737, 0.0, 0.12926], [0.32896, 0.29333, 0.29088, 0.31554, 0.24016, 0.30974, 0.04753, 0.12926, 0.0]], "features_1": [[-0.22724569184028454, 0.6276320241339295, 0.0, 0.23983218137142945, 0.4596875472218996, 0.12591249537752205, 0.33851626796067225, 0.6855603100569196, 0.3536296634055023, 0.1418203273943195, 0.007001439975721224, 0.6166793252266685, 0.6502883953810032, 0.6801481761713706, 0.7796682467403951, 0.6819364808309022, 0.590488557414888], [0.22362577197689504, 0.6410443324421086, 0.0, 0.22930557114842295, 0.45994747573521466, 0.12775891823354718, 0.30649271330860584, 0.6837163448777694, 0.3655847049954375, 0.1443824250614978, 0.007225183508792421, 0.60105529876998, 0.6410489185973037, 0.6686894397139053, 0.7797272966233635, 0.7023075477922918, 0.5950669109584593], [-0.20497989340300427, 0.7101266863646603, 0.0, 0.23087432927380466, 0.49098167442139073, 0.1261578762010718, 0.3455794579967389, 0.6856694879795169, 0.3510691783603721, 0.15984157811839217, 0.006889477554966383, 0.62035605661303, 0.6636964282795038, 0.6847183146426029, 0.7810302349644768, 0.6998456588364816, 0.5958255464140303], [-0.07235952708016535, 0.7545929111348756, 0.0, 0.2271029461879092, 0.4991708747150124, 0.1271076783352189, 0.32309074629850726, 0.6842385841354486, 0.363480772880552, 0.17048300072577183, 0.007281081678807366, 0.6147840393502262, 0.6520091509574578, 0.6748233499724395, 0.7812423784363125, 0.6875998841719069, 0.5914748639211229], [0.23847646780597698, 0.6428811355153508, 0.0, 0.22054558580295702, 0.46418600917565733, 0.1254319762449453, 0.3243937584672715, 0.6855781742043213, 0.3536208272893795, 0.1418478371798988, 0.007336964783822175, 0.6002265968075415, 0.6424295158400366, 0.6644439424241718, 0.7748692729638164, 0.7133247576740874, 0.5823895216446224], [0.10067528008286608, 0.7175323057242454, 0.0, 0.24490032979083792, 0.4970937191203286, 0.1251034241077921, 0.40647467628274114, 0.6872635153619471, 0.3529178998154636, 0.15898948605011287, 0.007336964783822175, 0.610331379543275, 0.667440811942832, 0.6802822692787777, 0.7845154257213093, 0.7045946938846208, 0.5936092738699449], [-0.035683011479031634, 0.766645131935214, 0.0, 0.22472607489636062, 0.5041907040790253, 0.12640514841131972, 0.3337288218592008, 0.6847976572662022, 0.3602990357987048, 0.17182936391933312, 0.007336964783822175, 0.6160355770986568, 0.6504257571431948, 0.6687356730266308, 0.7767947820475384, 0.7147364680544016, 0.571846041764789], [0.03453581465744504, 0.60779654598749, 0.0, 0.23542315547477055, 0.4535160172847122, 0.12625079110010295, 0.37748931287262905, 0.6861645507349305, 0.3515358649955207, 0.13446975031717368, 0.007336964783822175, 0.6158785544416003, 0.6593185791612323, 0.6693245076494542, 0.7858543240693102, 0.6789734392063619, 0.5693779211485605], [-0.14595853402074876, 0.6486868072903619, 0.0, 0.22177233474559183, 0.47057841475875345, 0.1254123729304582, 0.39192537626316054, 0.6869426934663296, 0.3485167675898213, 0.14375091875236468, 0.007336964783822175, 0.6181215647261111, 0.653053539382736, 0.6448511430317466, 0.7863391371972909, 0.7172229689634304, 0.5772229742087462]], "features_2": [[0.44609707259932163, 0.7875685333644399, 0.0, 0.2599049939843074, 0.48636003871355615, 0.14811962262631598, 0.3180591309762136, 0.6677936353663538, 0.4890223404546663, 0.2017838469387132, 0.00822905385914674, 0.6066632887415362, 0.6999459573828759, 0.731789357393937, 0.8290121573387451, 0.7525389200289697, 0.6388786507802551], [-0.04146837098553746, 0.7923654414760009, 0.0, 0.22983856871334055, 0.4795875920479482, 0.1530767703931617, 0.24096416343600993, 0.6598782600923206, 0.5225504355305743, 0.2118901704537568, 0.008784670673857464, 0.6290147451896935, 0.6889075762288318, 0.7278003498089344, 0.8315260087126202, 0.7494563686664961, 0.6494331091160448], [0.11123936473922535, 0.9077669389582319, 0.0, 0.2328836857841267, 0.5166277851003325, 0.14982941880594197, 0.26279488002382934, 0.6634065624200705, 0.49763986767690827, 0.23225195590634318, 0.008340296057933516, 0.6200645519257741, 0.6819947712460193, 0.712764529145613, 0.8264107096566196, 0.7368676369770857, 0.6434363610183608], [0.06352312709868757, 0.9681057087977902, 0.0, 0.24189491076128433, 0.5310730360674975, 0.14843679700597673, 0.27892501241035744, 0.664120360938442, 0.4849168073482977, 0.2426006120536397, 0.008006390651371653, 0.6178075951565762, 0.6836409808354288, 0.7117104290673069, 0.8230025471919225, 0.7388066099353365, 0.637189366059735], [-0.25360172756340926, 0.7869378727455035, 0.0, 0.19545201200431916, 0.4719596147483293, 0.15717876098406328, 0.18078558805397904, 0.6520353336985685, 0.5485755511391261, 0.21696915899352476, 0.009006502581913711, 0.6398658090006579, 0.7160823322986131, 0.7592444967663151, 0.8343017438663843, 0.7389498816229213, 0.6533228362305824], [0.120014405351756, 0.9108464264046059, 0.0, 0.2220926962160856, 0.5149453687708018, 0.15269998679403904, 0.2279120155129853, 0.6593122550799836, 0.5194740986084978, 0.23725390989011363, 0.009006502581913711, 0.6185555115528396, 0.6825287710374648, 0.7289614978388494, 0.8301199663660589, 0.7318190129062697, 0.6504391852853211], [-0.26841368296706136, 0.9684964015576542, 0.0, 0.20164490265248425, 0.5223025697378927, 0.15191049599012846, 0.20337248181151962, 0.6564829624743274, 0.4947720489978902, 0.25069517662802143, 0.008784670673857464, 0.6404763866253123, 0.6769923863164227, 0.726518878264228, 0.8221387573998772, 0.7394540582825556, 0.6428243934430448], [-0.5342125021105417, 0.8095264087387902, 0.0, 0.17459366513061672, 0.47142945998324093, 0.16083792417334852, 0.12373599035077376, 0.6419200880167553, 0.5620675712494207, 0.22780210517535338, 0.009006502581913711, 0.6639770760622019, 0.7093189217540952, 0.7583667493527583, 0.8327876564110126, 0.7567016714121079, 0.6494419163946177], [-0.34222353296997277, 0.8775014051548483, 0.0, 0.1807130021688374, 0.4959193568222624, 0.15662889292156545, 0.16513307294971682, 0.6494609581553576, 0.539719250063645, 0.238951080365581, 0.009560050813840704, 0.6606198017128813, 0.6966065090731497, 0.7439862981351469, 0.8283462850385541, 0.750605950956214, 0.6453561203296101]]}