{"labels_1": ["1", "2", "3", "4", "5", "6", "7", "8", "9"], "labels_2": ["1", "2", "3", "4", "5", "6", "7", "8", "9"], "adj_matrix_1": [[0.0, 0.14451, 0.24716, 0.16606, 0.0923, 0.2449, 0.2561, 0.0117, 0.05663], [0.14451, 0.0, 0.19373, 0.18543, 0.07581, 0.15047, 0.18148, 0.13612, 0.12312], [0.24716, 0.19373, 0.0, 0.13661, 0.17185, 0.12595, 0.06148, 0.05129, 0.13704], [0.16606, 0.18543, 0.13661, 0.0, 0.13819, 0.21288, 0.18072, 0.02669, 0.09628], [0.0923, 0.07581, 0.17185, 0.13819, 0.0, 0.17255, 0.17783, 0.13723, 0.06304], [0.2449, 0.15047, 0.12595, 0.21288, 0.17255, 0.0, 0.07165, 0.08728, 0.16381], [0.2561, 0.18148, 0.06148, 0.18072, 0.17783, 0.07165, 0.0, 0.0663, 0.15237], [0.0117, 0.13612, 0.05129, 0.02669, 0.13723, 0.08728, 0.0663, 0.0, 0.11742], [0.05663, 0.12312, 0.13704, 0.09628, 0.06304, 0.16381, 0.15237, 0.11742, 0.0]], "adj_matrix_2": [[0.0, 0.10593, 0.07716, 0.01612, 0.11714, 0.12116, 0.04254, 0.04051, 0.07652], [0.10593, 0.0, 0.11304, 0.10175, 0.08842, 0.07514, 0.09369, 0.11304, 0.11315], [0.07716, 0.11304, 0.0, 0.08936, 0.06856, 0.08383, 0.10691, 0.0412, 0.00083], [0.01612, 0.10175, 0.08936, 0.0, 0.12194, 0.1238, 0.027, 0.05547, 0.08876], [0.11714, 0.08842, 0.06856, 0.12194, 0.0, 0.02057, 0.12681, 0.09798, 0.06923], [0.12116, 0.07514, 0.08383, 0.1238, 0.02057, 0.0, 0.12524, 0.10781, 0.0844], [0.04254, 0.09369, 0.10691, 0.027, 0.12681, 0.12524, 0.0, 0.07865, 0.10644], [0.04051, 0.11304, 0.0412, 0.05547, 0.09798, 0.10781, 0.07865, 0.0, 0.04042], [0.07652, 0.11315, 0.00083, 0.08876, 0.06923, 0.0844, 0.10644, 0.04042, 0.0]], "features_1": [[0.13589740778346915, 0.7085702891376757, 0.0, 0.25543587478440977, 0.4886755708600693, 0.12115370247809656, 0.2687236179537663, 0.6870856617379669, 0.33658035180537116, 0.15361174360765473, 0.0066653709969386465, 0.5969109621342124, 0.6423807110383071, 0.6569553435642141, 0.7613764387808218, 0.6596495703441242, 0.5773681233279985], [1.4944730550585925, 0.6568879859723058, 0.0, 0.2761109502681155, 0.46543293859932044, 0.12637940453176572, 0.3046228770896306, 0.6835591341651552, 0.37909272437157737, 0.14621214266350568, 0.007504523810135222, 0.5634263395531933, 0.6424939898306301, 0.6731777365978105, 0.7786706907198567, 0.6966425395489944, 0.5908053899078963], [0.7958614663452352, 0.8019606523941296, 0.0, 0.25810705800608474, 0.5192372122297592, 0.12039241676546386, 0.298528845954673, 0.6877135582165096, 0.34085990475349126, 0.17030256803480515, 0.00711334193318236, 0.5706444695146866, 0.6323217001647923, 0.6525792761865945, 0.7625382012745874, 0.6709969402715603, 0.5746397077538797], [0.25634037818533884, 0.8603259834887912, 0.0, 0.2781748042570561, 0.532964232752177, 0.12163973742392109, 0.2961010732335055, 0.6871228665340127, 0.33778922673913403, 0.18500455083722356, 0.00677745458930179, 0.5952395733371505, 0.6318454387111673, 0.6470935866830289, 0.7649542603443552, 0.6678292439461647, 0.5759150454505684], [2.1037828986598885, 0.6434242539862158, 0.0, 0.2622083461307014, 0.4610283848855653, 0.12828191764653404, 0.28840120925374035, 0.6821763091694931, 0.39667988497376583, 0.1446210792130853, 0.00783923647221818, 0.5546092763909318, 0.654606429036596, 0.6770604266670842, 0.7815675126181277, 0.7168663856056076, 0.5996655317581405], [1.4252842421087006, 0.816138881673984, 0.0, 0.25218720659309046, 0.523963612291358, 0.12182501818799385, 0.3692206162046944, 0.687786654947939, 0.3611653754457138, 0.17465717746012088, 0.007336964783822175, 0.5587438963847982, 0.6466390965999448, 0.6758417186922774, 0.7736866678349658, 0.7048181946855709, 0.5748034649689694], [1.0641760753180867, 0.8510996831232558, 0.0, 0.3013405445421149, 0.529159195614117, 0.12153246827837019, 0.2766273419181061, 0.6868479198084751, 0.33883568490594085, 0.1804751711354715, 0.00716927026363523, 0.5654190772564442, 0.621792365384317, 0.6651216207481948, 0.7612457459099832, 0.7079107659038927, 0.5661527970564196], [2.5279095496494817, 0.6348038682547892, 0.0, 0.31593351972501926, 0.46202020688713774, 0.1247659890333684, 0.3105830578768455, 0.6855264028414805, 0.3518246472908073, 0.13673099768085661, 0.00716927026363523, 0.5458945982562713, 0.6329853414300602, 0.6523570373033918, 0.7735081824172219, 0.7128229794344787, 0.5821831358558964], [1.8069251825113426, 0.7094210003555472, 0.0, 0.3124171503859463, 0.49042425291187786, 0.12105793977247058, 0.3241819503187145, 0.6878961736449927, 0.33021357258997974, 0.14965197412607312, 0.006721420376576193, 0.550989231623096, 0.6428745151825234, 0.651703238592492, 0.764969913842873, 0.6882923046907302, 0.564019814592974]], "features_2": [[3.3185358390663424, 0.8259201897716354, 0.0, 0.373831780535581, 0.5308721795035428, 0.12399712768189891, 0.3470230384410293, 0.687092422077243, 0.38444691012735577, 0.17318488361970563, 0.007950687539111767, 0.5506447496360392, 0.6128924611907782, 0.6300553890329833, 0.7771590782656543, 0.7393461802256077, 0.5693867228155278], [5.072248743084849, 0.9382838508445889, 0.0, 0.44670632022067774, 0.5477307391637373, 0.1297917906027898, 0.24630264181178063, 0.6813267803321892, 0.4280424936622764, 0.2017432769378007, 0.008507047823598457, 0.5439260788127844, 0.6139902256647906, 0.6296496091310505, 0.7806107898228205, 0.7305664616320698, 0.5916758293148782], [3.844810176436699, 0.9658528370234429, 0.0, 0.3896827838953354, 0.5682502842479163, 0.1242472305611721, 0.3503635066340777, 0.6871240796026425, 0.3853606239531524, 0.19988867673674982, 0.008062078829516484, 0.5454409847264816, 0.6327224399807526, 0.6433471291840023, 0.7783243527284279, 0.754420076189644, 0.573953371866813], [3.0803377870892446, 0.968362501292938, 0.0, 0.3714575691253383, 0.5639545252330884, 0.12548853322429512, 0.3128071137301937, 0.6856300567854814, 0.3824554957759485, 0.20339011316178812, 0.00783923647221818, 0.5533811081968851, 0.6254618916412416, 0.6500664707151963, 0.7782811799176703, 0.7406473900039117, 0.5756642780048079], [3.774803307505082, 0.9331281640742479, 0.0, 0.4254095204192003, 0.5429820822414282, 0.130452187896803, 0.2501436894224554, 0.681296558347308, 0.42928984239567813, 0.2068340014666401, 0.008507047823598457, 0.5486086803233441, 0.6107993131645554, 0.6328251546290173, 0.7834925321898903, 0.7291805423534589, 0.5945291304652771], [4.376483835435718, 0.9845450220972815, 0.0, 0.4062555424831294, 0.5683463995312065, 0.12654726341778572, 0.3737648136243436, 0.6862919538135642, 0.3980944957731112, 0.20733406123144138, 0.007727725548673403, 0.5383972540203377, 0.6287470276640419, 0.6519166832558946, 0.7865877959179992, 0.751384233127494, 0.5746721629957939], [2.0991646543166906, 1.0154780106969052, 0.0, 0.32933374615628114, 0.5691133818610525, 0.1291029894957031, 0.29647658261609494, 0.6828218418541541, 0.3851870921585947, 0.2192253979624328, 0.007504523810135222, 0.5656566408186017, 0.6320511290157083, 0.6471202544307867, 0.7841773534072473, 0.7174388785849304, 0.5952705254000746], [4.244567613882653, 0.8939908275124725, 0.0, 0.4068920962600324, 0.5407046808031398, 0.1288755900371321, 0.32402668451424504, 0.6839380069284707, 0.41693065982364375, 0.194208006727127, 0.008284682400665488, 0.5389249719331859, 0.6283505163510162, 0.6573096378106098, 0.7881339463955247, 0.7263690425449448, 0.5919209367551136], [3.0744128418055725, 0.9136873776342669, 0.0, 0.3824498665665235, 0.5467537183721912, 0.12902886255120258, 0.31286092287846684, 0.683548607326107, 0.39490814768238147, 0.19937169561977197, 0.007504523810135222, 0.5518377004872033, 0.6386201464275484, 0.6612509292769352, 0.7872928802143255, 0.7254357045831008, 0.5904664796683221]]}