{"labels_1": ["1", "2", "3", "4", "5", "6", "7", "8", "9"], "labels_2": ["1", "2", "3", "4", "5", "6", "7", "8", "9"], "adj_matrix_1": [[0.0, 0.14451, 0.24716, 0.16606, 0.0923, 0.2449, 0.2561, 0.0117, 0.05663], [0.14451, 0.0, 0.19373, 0.18543, 0.07581, 0.15047, 0.18148, 0.13612, 0.12312], [0.24716, 0.19373, 0.0, 0.13661, 0.17185, 0.12595, 0.06148, 0.05129, 0.13704], [0.16606, 0.18543, 0.13661, 0.0, 0.13819, 0.21288, 0.18072, 0.02669, 0.09628], [0.0923, 0.07581, 0.17185, 0.13819, 0.0, 0.17255, 0.17783, 0.13723, 0.06304], [0.2449, 0.15047, 0.12595, 0.21288, 0.17255, 0.0, 0.07165, 0.08728, 0.16381], [0.2561, 0.18148, 0.06148, 0.18072, 0.17783, 0.07165, 0.0, 0.0663, 0.15237], [0.0117, 0.13612, 0.05129, 0.02669, 0.13723, 0.08728, 0.0663, 0.0, 0.11742], [0.05663, 0.12312, 0.13704, 0.09628, 0.06304, 0.16381, 0.15237, 0.11742, 0.0]], "adj_matrix_2": [[0.0, 0.11798, 0.03331, 0.02269, 0.26203, 0.27246, 0.05771, 0.26474, 0.27621], [0.11798, 0.0, 0.08592, 0.13926, 0.17058, 0.18544, 0.17142, 0.27114, 0.191], [0.03331, 0.08592, 0.0, 0.05587, 0.23879, 0.25058, 0.09046, 0.26765, 0.25483], [0.02269, 0.13926, 0.05587, 0.0, 0.27663, 0.2862, 0.03517, 0.26189, 0.28952], [0.26203, 0.17058, 0.23879, 0.27663, 0.0, 0.01824, 0.2979, 0.24283, 0.02531], [0.27246, 0.18544, 0.25058, 0.2862, 0.01824, 0.0, 0.30601, 0.23624, 0.00708], [0.05771, 0.17142, 0.09046, 0.03517, 0.2979, 0.30601, 0.0, 0.25733, 0.30875], [0.26474, 0.27114, 0.26765, 0.26189, 0.24283, 0.23624, 0.25733, 0.0, 0.23356], [0.27621, 0.191, 0.25483, 0.28952, 0.02531, 0.00708, 0.30875, 0.23356, 0.0]], "features_1": [[0.13589740778346915, 0.7085702891376757, 0.0, 0.25543587478440977, 0.4886755708600693, 0.12115370247809656, 0.2687236179537663, 0.6870856617379669, 0.33658035180537116, 0.15361174360765473, 0.0066653709969386465, 0.5969109621342124, 0.6423807110383071, 0.6569553435642141, 0.7613764387808218, 0.6596495703441242, 0.5773681233279985], [1.4944730550585925, 0.6568879859723058, 0.0, 0.2761109502681155, 0.46543293859932044, 0.12637940453176572, 0.3046228770896306, 0.6835591341651552, 0.37909272437157737, 0.14621214266350568, 0.007504523810135222, 0.5634263395531933, 0.6424939898306301, 0.6731777365978105, 0.7786706907198567, 0.6966425395489944, 0.5908053899078963], [0.7958614663452352, 0.8019606523941296, 0.0, 0.25810705800608474, 0.5192372122297592, 0.12039241676546386, 0.298528845954673, 0.6877135582165096, 0.34085990475349126, 0.17030256803480515, 0.00711334193318236, 0.5706444695146866, 0.6323217001647923, 0.6525792761865945, 0.7625382012745874, 0.6709969402715603, 0.5746397077538797], [0.25634037818533884, 0.8603259834887912, 0.0, 0.2781748042570561, 0.532964232752177, 0.12163973742392109, 0.2961010732335055, 0.6871228665340127, 0.33778922673913403, 0.18500455083722356, 0.00677745458930179, 0.5952395733371505, 0.6318454387111673, 0.6470935866830289, 0.7649542603443552, 0.6678292439461647, 0.5759150454505684], [2.1037828986598885, 0.6434242539862158, 0.0, 0.2622083461307014, 0.4610283848855653, 0.12828191764653404, 0.28840120925374035, 0.6821763091694931, 0.39667988497376583, 0.1446210792130853, 0.00783923647221818, 0.5546092763909318, 0.654606429036596, 0.6770604266670842, 0.7815675126181277, 0.7168663856056076, 0.5996655317581405], [1.4252842421087006, 0.816138881673984, 0.0, 0.25218720659309046, 0.523963612291358, 0.12182501818799385, 0.3692206162046944, 0.687786654947939, 0.3611653754457138, 0.17465717746012088, 0.007336964783822175, 0.5587438963847982, 0.6466390965999448, 0.6758417186922774, 0.7736866678349658, 0.7048181946855709, 0.5748034649689694], [1.0641760753180867, 0.8510996831232558, 0.0, 0.3013405445421149, 0.529159195614117, 0.12153246827837019, 0.2766273419181061, 0.6868479198084751, 0.33883568490594085, 0.1804751711354715, 0.00716927026363523, 0.5654190772564442, 0.621792365384317, 0.6651216207481948, 0.7612457459099832, 0.7079107659038927, 0.5661527970564196], [2.5279095496494817, 0.6348038682547892, 0.0, 0.31593351972501926, 0.46202020688713774, 0.1247659890333684, 0.3105830578768455, 0.6855264028414805, 0.3518246472908073, 0.13673099768085661, 0.00716927026363523, 0.5458945982562713, 0.6329853414300602, 0.6523570373033918, 0.7735081824172219, 0.7128229794344787, 0.5821831358558964], [1.8069251825113426, 0.7094210003555472, 0.0, 0.3124171503859463, 0.49042425291187786, 0.12105793977247058, 0.3241819503187145, 0.6878961736449927, 0.33021357258997974, 0.14965197412607312, 0.006721420376576193, 0.550989231623096, 0.6428745151825234, 0.651703238592492, 0.764969913842873, 0.6882923046907302, 0.564019814592974]], "features_2": [[0.03238294824437382, 0.7548441931867758, 0.0, 0.24213328745008775, 0.4988542919847352, 0.12779880728608484, 0.3646870922235948, 0.684494250363732, 0.36443056983378885, 0.17064992382732136, 0.007225183508792421, 0.6141128155876774, 0.6618263604357203, 0.676950694523137, 0.7894976580908066, 0.729093828329311, 0.6032934741115787], [0.19697328345508236, 0.7730756281357681, 0.0, 0.30396955371304535, 0.49341162260504656, 0.13407968451965785, 0.3396263714302471, 0.6784947326853674, 0.4127171165343384, 0.18303109920277283, 0.008006390651371653, 0.6170604141996394, 0.6764989208017212, 0.6905297206177267, 0.798078420010866, 0.7101631373417436, 0.6138837582606717], [0.14467740125287332, 0.8771401796621332, 0.0, 0.27105860607195453, 0.5340671361528614, 0.12733183831327446, 0.36856945592882867, 0.6846919494602417, 0.3617424090598911, 0.1947173132709057, 0.007560346756364078, 0.6102880413368874, 0.6660814950355662, 0.6840044729712352, 0.7867953895326714, 0.7192750940120405, 0.6016097558783835], [0.10281470739104215, 0.9121360880396702, 0.0, 0.2543464748666791, 0.5401660440621431, 0.12857729216059205, 0.3246845013426423, 0.6832422372595628, 0.36339424245437635, 0.20245791437528893, 0.007336964783822175, 0.6173342150919878, 0.6408296387042944, 0.6671189461029559, 0.7875659293042362, 0.692831382366853, 0.6059380801857653], [0.4670130133805799, 0.7664677008886286, 0.0, 0.33038415133666726, 0.4918589748076112, 0.13439932951084355, 0.3789503165548652, 0.6791477950617746, 0.4188556855756316, 0.1821168173586165, 0.007894969482732161, 0.6035857638369411, 0.6591784690239906, 0.7041735294047385, 0.8002925981358862, 0.7306813119698027, 0.6101549166618142], [0.359744349254425, 0.8691676041872021, 0.0, 0.30598300359390335, 0.5335623866410645, 0.12764517799314487, 0.4527339879386588, 0.6857752781766053, 0.3772291600036235, 0.1939773453432625, 0.007560346756364078, 0.6050450885841023, 0.6574334619128599, 0.6786287778601116, 0.7942670967570025, 0.705866502880469, 0.5960376605911957], [0.22387698957581792, 0.9081470946921646, 0.0, 0.22257825438918483, 0.5383751304013147, 0.12916370696764695, 0.37358631610828325, 0.6837656193173087, 0.38574135684490174, 0.20496484395662096, 0.007783488497544067, 0.6187866829653088, 0.6602864568107086, 0.6813506596117713, 0.7917812172281393, 0.7112957382632557, 0.5908677435694641], [0.7606951412316181, 0.8040006624146262, 0.0, 0.3132799468882271, 0.5123377108902447, 0.12918386079659205, 0.45213132083202084, 0.6845652482517011, 0.38646425456628064, 0.18264814154334763, 0.007448685839370306, 0.581295292597038, 0.6612959783718558, 0.6787671736442061, 0.7940902350938465, 0.7249473331229633, 0.5909412404132357], [0.27644695512988093, 0.8069993526809901, 0.0, 0.2641802073552731, 0.5133728434010465, 0.1284996827794908, 0.4461442344141595, 0.6849215203123902, 0.38237079621908787, 0.18489296133438882, 0.007671947615560004, 0.5997609123903735, 0.6532683841989235, 0.6807700706202019, 0.792081391060408, 0.7064808102937559, 0.5849401511159554]]}