{"labels_1": ["1", "2", "3", "4", "5", "6", "7", "8", "9"], "labels_2": ["1", "2", "3", "4", "5", "6", "7", "8", "9"], "adj_matrix_1": [[0.0, 0.14451, 0.24716, 0.16606, 0.0923, 0.2449, 0.2561, 0.0117, 0.05663], [0.14451, 0.0, 0.19373, 0.18543, 0.07581, 0.15047, 0.18148, 0.13612, 0.12312], [0.24716, 0.19373, 0.0, 0.13661, 0.17185, 0.12595, 0.06148, 0.05129, 0.13704], [0.16606, 0.18543, 0.13661, 0.0, 0.13819, 0.21288, 0.18072, 0.02669, 0.09628], [0.0923, 0.07581, 0.17185, 0.13819, 0.0, 0.17255, 0.17783, 0.13723, 0.06304], [0.2449, 0.15047, 0.12595, 0.21288, 0.17255, 0.0, 0.07165, 0.08728, 0.16381], [0.2561, 0.18148, 0.06148, 0.18072, 0.17783, 0.07165, 0.0, 0.0663, 0.15237], [0.0117, 0.13612, 0.05129, 0.02669, 0.13723, 0.08728, 0.0663, 0.0, 0.11742], [0.05663, 0.12312, 0.13704, 0.09628, 0.06304, 0.16381, 0.15237, 0.11742, 0.0]], "adj_matrix_2": [[0.0, 0.04595, 0.04814, 0.02804, 0.13929, 0.31454, 0.21241, 0.30747, 0.31712], [0.04595, 0.0, 0.09342, 0.07368, 0.18109, 0.33069, 0.24858, 0.30923, 0.32329], [0.04814, 0.09342, 0.0, 0.0202, 0.09346, 0.29393, 0.17155, 0.30282, 0.30746], [0.02804, 0.07368, 0.0202, 0.0, 0.11284, 0.30298, 0.18899, 0.30498, 0.31181], [0.13929, 0.18109, 0.09346, 0.11284, 0.0, 0.24189, 0.08404, 0.28455, 0.27805], [0.31454, 0.33069, 0.29393, 0.30298, 0.24189, 0.0, 0.18112, 0.12569, 0.08694], [0.21241, 0.24858, 0.17155, 0.18899, 0.08404, 0.18112, 0.0, 0.25426, 0.23709], [0.30747, 0.30923, 0.30282, 0.30498, 0.28455, 0.12569, 0.25426, 0.0, 0.04306], [0.31712, 0.32329, 0.30746, 0.31181, 0.27805, 0.08694, 0.23709, 0.04306, 0.0]], "features_1": [[0.13589740778346915, 0.7085702891376757, 0.0, 0.25543587478440977, 0.4886755708600693, 0.12115370247809656, 0.2687236179537663, 0.6870856617379669, 0.33658035180537116, 0.15361174360765473, 0.0066653709969386465, 0.5969109621342124, 0.6423807110383071, 0.6569553435642141, 0.7613764387808218, 0.6596495703441242, 0.5773681233279985], [1.4944730550585925, 0.6568879859723058, 0.0, 0.2761109502681155, 0.46543293859932044, 0.12637940453176572, 0.3046228770896306, 0.6835591341651552, 0.37909272437157737, 0.14621214266350568, 0.007504523810135222, 0.5634263395531933, 0.6424939898306301, 0.6731777365978105, 0.7786706907198567, 0.6966425395489944, 0.5908053899078963], [0.7958614663452352, 0.8019606523941296, 0.0, 0.25810705800608474, 0.5192372122297592, 0.12039241676546386, 0.298528845954673, 0.6877135582165096, 0.34085990475349126, 0.17030256803480515, 0.00711334193318236, 0.5706444695146866, 0.6323217001647923, 0.6525792761865945, 0.7625382012745874, 0.6709969402715603, 0.5746397077538797], [0.25634037818533884, 0.8603259834887912, 0.0, 0.2781748042570561, 0.532964232752177, 0.12163973742392109, 0.2961010732335055, 0.6871228665340127, 0.33778922673913403, 0.18500455083722356, 0.00677745458930179, 0.5952395733371505, 0.6318454387111673, 0.6470935866830289, 0.7649542603443552, 0.6678292439461647, 0.5759150454505684], [2.1037828986598885, 0.6434242539862158, 0.0, 0.2622083461307014, 0.4610283848855653, 0.12828191764653404, 0.28840120925374035, 0.6821763091694931, 0.39667988497376583, 0.1446210792130853, 0.00783923647221818, 0.5546092763909318, 0.654606429036596, 0.6770604266670842, 0.7815675126181277, 0.7168663856056076, 0.5996655317581405], [1.4252842421087006, 0.816138881673984, 0.0, 0.25218720659309046, 0.523963612291358, 0.12182501818799385, 0.3692206162046944, 0.687786654947939, 0.3611653754457138, 0.17465717746012088, 0.007336964783822175, 0.5587438963847982, 0.6466390965999448, 0.6758417186922774, 0.7736866678349658, 0.7048181946855709, 0.5748034649689694], [1.0641760753180867, 0.8510996831232558, 0.0, 0.3013405445421149, 0.529159195614117, 0.12153246827837019, 0.2766273419181061, 0.6868479198084751, 0.33883568490594085, 0.1804751711354715, 0.00716927026363523, 0.5654190772564442, 0.621792365384317, 0.6651216207481948, 0.7612457459099832, 0.7079107659038927, 0.5661527970564196], [2.5279095496494817, 0.6348038682547892, 0.0, 0.31593351972501926, 0.46202020688713774, 0.1247659890333684, 0.3105830578768455, 0.6855264028414805, 0.3518246472908073, 0.13673099768085661, 0.00716927026363523, 0.5458945982562713, 0.6329853414300602, 0.6523570373033918, 0.7735081824172219, 0.7128229794344787, 0.5821831358558964], [1.8069251825113426, 0.7094210003555472, 0.0, 0.3124171503859463, 0.49042425291187786, 0.12105793977247058, 0.3241819503187145, 0.6878961736449927, 0.33021357258997974, 0.14965197412607312, 0.006721420376576193, 0.550989231623096, 0.6428745151825234, 0.651703238592492, 0.764969913842873, 0.6882923046907302, 0.564019814592974]], "features_2": [[-0.16376738508602795, 0.6541114049052004, 0.0, 0.21790228284345667, 0.4681034323178479, 0.1291210085339615, 0.395012311538013, 0.6830648643753756, 0.37085564654158, 0.15117107525191353, 0.007504523810135222, 0.6225224103195446, 0.6526534649351671, 0.6800278491520519, 0.7832157841513853, 0.6983139137463634, 0.5782150197436183], [-0.04754837506491283, 0.6523894254469715, 0.0, 0.25435775541689115, 0.4654986005503899, 0.1284822366249257, 0.3619540240475473, 0.6835950640908853, 0.3591313180795097, 0.14927945609329907, 0.00711334193318236, 0.6205106976692916, 0.6575154576187242, 0.6799673111512112, 0.7865029714594801, 0.7074960402024907, 0.5676222943675597], [-0.013452842732590842, 0.7971319689118185, 0.0, 0.23439638224865827, 0.5129357708532624, 0.13021323864705833, 0.3924794751058641, 0.6821161995893827, 0.37564916989779684, 0.1822790559157117, 0.007504523810135222, 0.6157732174847048, 0.662840010702511, 0.6767148859328639, 0.7844626171522577, 0.6896495060855399, 0.5852992382180673], [-0.14830093035896796, 0.8257573955094323, 0.0, 0.21540391115195479, 0.5124762994951259, 0.13260873730766642, 0.309092336038583, 0.6777199235574478, 0.38838836852201286, 0.19323849229999412, 0.007504523810135222, 0.6190354951616173, 0.6546245830837621, 0.6809093260275384, 0.7790867262895532, 0.7009585207217629, 0.5834845794288521], [0.2636171604749764, 0.6638354724925879, 0.0, 0.2537122385859403, 0.4642651302828963, 0.13019066164196266, 0.3314412665614384, 0.6814471277790175, 0.36303722934561033, 0.15225773844562118, 0.00711334193318236, 0.6093393834324203, 0.6436980930196156, 0.6539079786755451, 0.7874916156073032, 0.7291696678295237, 0.5663261266798285], [0.5929928758909004, 0.8281977404946717, 0.0, 0.2476034204051334, 0.5160051823467331, 0.13353360743827275, 0.39709572021503303, 0.679832406905993, 0.3928247388585704, 0.1905596002346175, 0.007616154688146137, 0.5948188159699712, 0.6570135484621997, 0.6764678633028378, 0.7938203560815447, 0.7110803715786046, 0.5933451615772286], [0.21459299327906534, 0.7959550318721872, 0.0, 0.20369243619838778, 0.504640289886024, 0.13144971206299272, 0.5102278863792925, 0.6808060258819248, 0.3675540320590298, 0.17990102392775764, 0.007616154688146137, 0.6076251325279469, 0.638296325398234, 0.6569717516707771, 0.7746778137188317, 0.7203381944680319, 0.5726399485836359], [0.8179335017055269, 0.7185014167593368, 0.0, 0.32965069201569425, 0.4816234173479579, 0.12612632289235023, 0.24599080064293447, 0.6823971285515651, 0.33948256519908027, 0.15858753370681256, 0.007057398507269275, 0.579772087382219, 0.6385915136823055, 0.6498809036398755, 0.7598989452895795, 0.7021479948349804, 0.5512807897195756], [0.6883618913677765, 0.7665665422714474, 0.0, 0.34626952427189533, 0.4975156620009449, 0.1245714694112654, 0.30451221119835237, 0.6839759418327693, 0.3347785087526305, 0.167182975060864, 0.007392832833969631, 0.583318979241539, 0.6256813302939136, 0.6540002484062456, 0.7549897457482111, 0.690148528762446, 0.5511194319318261]]}