{"labels_1": ["1", "2", "3", "4", "5", "6", "7", "8", "9"], "labels_2": ["1", "2", "3", "4", "5", "6", "7", "8", "9"], "adj_matrix_1": [[0.0, 0.14451, 0.24716, 0.16606, 0.0923, 0.2449, 0.2561, 0.0117, 0.05663], [0.14451, 0.0, 0.19373, 0.18543, 0.07581, 0.15047, 0.18148, 0.13612, 0.12312], [0.24716, 0.19373, 0.0, 0.13661, 0.17185, 0.12595, 0.06148, 0.05129, 0.13704], [0.16606, 0.18543, 0.13661, 0.0, 0.13819, 0.21288, 0.18072, 0.02669, 0.09628], [0.0923, 0.07581, 0.17185, 0.13819, 0.0, 0.17255, 0.17783, 0.13723, 0.06304], [0.2449, 0.15047, 0.12595, 0.21288, 0.17255, 0.0, 0.07165, 0.08728, 0.16381], [0.2561, 0.18148, 0.06148, 0.18072, 0.17783, 0.07165, 0.0, 0.0663, 0.15237], [0.0117, 0.13612, 0.05129, 0.02669, 0.13723, 0.08728, 0.0663, 0.0, 0.11742], [0.05663, 0.12312, 0.13704, 0.09628, 0.06304, 0.16381, 0.15237, 0.11742, 0.0]], "adj_matrix_2": [[0.0, 0.15806, 0.06938, 0.08056, 0.16977, 0.16149, 0.22626, 0.18831, 0.08551], [0.15806, 0.0, 0.2109, 0.08399, 0.26358, 0.26082, 0.20854, 0.26822, 0.22155], [0.06938, 0.2109, 0.0, 0.14423, 0.11208, 0.10205, 0.2209, 0.13549, 0.0169], [0.08056, 0.08399, 0.14423, 0.0, 0.22339, 0.2178, 0.22144, 0.2353, 0.15814], [0.16977, 0.26358, 0.11208, 0.22339, 0.0, 0.01131, 0.18471, 0.02754, 0.09685], [0.16149, 0.26082, 0.10205, 0.2178, 0.01131, 0.0, 0.18998, 0.03873, 0.08647], [0.22626, 0.20854, 0.2209, 0.22144, 0.18471, 0.18998, 0.0, 0.17025, 0.21797], [0.18831, 0.26822, 0.13549, 0.2353, 0.02754, 0.03873, 0.17025, 0.0, 0.1212], [0.08551, 0.22155, 0.0169, 0.15814, 0.09685, 0.08647, 0.21797, 0.1212, 0.0]], "features_1": [[0.13589740778346915, 0.7085702891376757, 0.0, 0.25543587478440977, 0.4886755708600693, 0.12115370247809656, 0.2687236179537663, 0.6870856617379669, 0.33658035180537116, 0.15361174360765473, 0.0066653709969386465, 0.5969109621342124, 0.6423807110383071, 0.6569553435642141, 0.7613764387808218, 0.6596495703441242, 0.5773681233279985], [1.4944730550585925, 0.6568879859723058, 0.0, 0.2761109502681155, 0.46543293859932044, 0.12637940453176572, 0.3046228770896306, 0.6835591341651552, 0.37909272437157737, 0.14621214266350568, 0.007504523810135222, 0.5634263395531933, 0.6424939898306301, 0.6731777365978105, 0.7786706907198567, 0.6966425395489944, 0.5908053899078963], [0.7958614663452352, 0.8019606523941296, 0.0, 0.25810705800608474, 0.5192372122297592, 0.12039241676546386, 0.298528845954673, 0.6877135582165096, 0.34085990475349126, 0.17030256803480515, 0.00711334193318236, 0.5706444695146866, 0.6323217001647923, 0.6525792761865945, 0.7625382012745874, 0.6709969402715603, 0.5746397077538797], [0.25634037818533884, 0.8603259834887912, 0.0, 0.2781748042570561, 0.532964232752177, 0.12163973742392109, 0.2961010732335055, 0.6871228665340127, 0.33778922673913403, 0.18500455083722356, 0.00677745458930179, 0.5952395733371505, 0.6318454387111673, 0.6470935866830289, 0.7649542603443552, 0.6678292439461647, 0.5759150454505684], [2.1037828986598885, 0.6434242539862158, 0.0, 0.2622083461307014, 0.4610283848855653, 0.12828191764653404, 0.28840120925374035, 0.6821763091694931, 0.39667988497376583, 0.1446210792130853, 0.00783923647221818, 0.5546092763909318, 0.654606429036596, 0.6770604266670842, 0.7815675126181277, 0.7168663856056076, 0.5996655317581405], [1.4252842421087006, 0.816138881673984, 0.0, 0.25218720659309046, 0.523963612291358, 0.12182501818799385, 0.3692206162046944, 0.687786654947939, 0.3611653754457138, 0.17465717746012088, 0.007336964783822175, 0.5587438963847982, 0.6466390965999448, 0.6758417186922774, 0.7736866678349658, 0.7048181946855709, 0.5748034649689694], [1.0641760753180867, 0.8510996831232558, 0.0, 0.3013405445421149, 0.529159195614117, 0.12153246827837019, 0.2766273419181061, 0.6868479198084751, 0.33883568490594085, 0.1804751711354715, 0.00716927026363523, 0.5654190772564442, 0.621792365384317, 0.6651216207481948, 0.7612457459099832, 0.7079107659038927, 0.5661527970564196], [2.5279095496494817, 0.6348038682547892, 0.0, 0.31593351972501926, 0.46202020688713774, 0.1247659890333684, 0.3105830578768455, 0.6855264028414805, 0.3518246472908073, 0.13673099768085661, 0.00716927026363523, 0.5458945982562713, 0.6329853414300602, 0.6523570373033918, 0.7735081824172219, 0.7128229794344787, 0.5821831358558964], [1.8069251825113426, 0.7094210003555472, 0.0, 0.3124171503859463, 0.49042425291187786, 0.12105793977247058, 0.3241819503187145, 0.6878961736449927, 0.33021357258997974, 0.14965197412607312, 0.006721420376576193, 0.550989231623096, 0.6428745151825234, 0.651703238592492, 0.764969913842873, 0.6882923046907302, 0.564019814592974]], "features_2": [[-0.0005374631146985998, 0.629278256051022, 0.0, 0.282546826772485, 0.4533921640265481, 0.13037887084587538, 0.2996251178240456, 0.6810224384645807, 0.36678618022586496, 0.1463898200213707, 0.007616154688146137, 0.6022098166029384, 0.6427243004696093, 0.6798360596483908, 0.7824496257680476, 0.7171228483312502, 0.5964744999036464], [0.3789364241140665, 0.6155411146777194, 0.0, 0.28989953283346964, 0.4480766161634152, 0.13193724028408713, 0.2682930993428926, 0.6797372973333414, 0.39383076910091264, 0.14331353069404962, 0.008062078829516484, 0.6042122074991565, 0.6532135042505092, 0.6673245128986726, 0.78704157220521, 0.7171317000532687, 0.6085701344456661], [0.20129034653223377, 0.7450535427648507, 0.0, 0.29225387375623296, 0.49208413093178116, 0.131587339839685, 0.27245334769132656, 0.6799933962159864, 0.3740424040976038, 0.17321312138620937, 0.007392832833969631, 0.5928597788353458, 0.6453818760786113, 0.6730752007411415, 0.7855495655760167, 0.7080802353729986, 0.6100267298796881], [0.12810305519848164, 0.7569090018309453, 0.0, 0.2727507651747425, 0.4969686973309012, 0.1286358513272528, 0.2937617384325577, 0.68267923906597, 0.36248238954291945, 0.1730048212716495, 0.007281081678807366, 0.5961183933072776, 0.6563212390973834, 0.6942233173331559, 0.7803715360197438, 0.6876050652660155, 0.5948269985973472], [1.081278033220629, 0.6010127374369785, 0.0, 0.3400816784827934, 0.4483416539574016, 0.126190261725271, 0.32838581103445746, 0.6853506200665945, 0.3537225942828772, 0.13072955407883513, 0.007504523810135222, 0.5801137279560571, 0.6251728538559105, 0.6377106175449089, 0.7811805952040888, 0.7220848271507473, 0.5815535855263442], [0.5414602344889756, 0.736449626450411, 0.0, 0.3102346165067842, 0.4962100948779552, 0.1257457696205725, 0.33744822844385636, 0.6857648120048765, 0.3483957987436286, 0.16419715657188028, 0.00683347364535547, 0.579857624054751, 0.6427960664434691, 0.6787241550939395, 0.7800615854231018, 0.712294401754784, 0.5872637548999105], [0.7681687253928633, 0.7769942567082174, 0.0, 0.3281552226385146, 0.4971096626620375, 0.12744454755596263, 0.2206520281174072, 0.6822141258891197, 0.340343406037557, 0.17319829157087185, 0.00716927026363523, 0.5756164344495835, 0.634028995360153, 0.6734221842614923, 0.7709430493143075, 0.679619164689643, 0.5760450248575821], [0.8833349732624871, 0.7129377392754374, 0.0, 0.34414137922470606, 0.49628644770915775, 0.11718298540885506, 0.45210320661380693, 0.6909489134953959, 0.30707839990341435, 0.14686201563590817, 0.00677745458930179, 0.5759708146394089, 0.6513901316990927, 0.6563913483902958, 0.7611287133787066, 0.6891842055771952, 0.5391085667923868], [0.431267911123947, 0.7285420106754896, 0.0, 0.29859924793664644, 0.49597281540874405, 0.12025088787962487, 0.42158967727789687, 0.6892137692913254, 0.3167243023028907, 0.15474241000589317, 0.007001439975721224, 0.5772602883868458, 0.6390629007809501, 0.6662600029683085, 0.7645191221542816, 0.7033095522149078, 0.5495135679818718]]}