{"labels_1": ["1", "2", "3", "4", "5", "6", "7", "8", "9"], "labels_2": ["1", "2", "3", "4", "5", "6", "7", "8", "9"], "adj_matrix_1": [[0.0, 0.14451, 0.24716, 0.16606, 0.0923, 0.2449, 0.2561, 0.0117, 0.05663], [0.14451, 0.0, 0.19373, 0.18543, 0.07581, 0.15047, 0.18148, 0.13612, 0.12312], [0.24716, 0.19373, 0.0, 0.13661, 0.17185, 0.12595, 0.06148, 0.05129, 0.13704], [0.16606, 0.18543, 0.13661, 0.0, 0.13819, 0.21288, 0.18072, 0.02669, 0.09628], [0.0923, 0.07581, 0.17185, 0.13819, 0.0, 0.17255, 0.17783, 0.13723, 0.06304], [0.2449, 0.15047, 0.12595, 0.21288, 0.17255, 0.0, 0.07165, 0.08728, 0.16381], [0.2561, 0.18148, 0.06148, 0.18072, 0.17783, 0.07165, 0.0, 0.0663, 0.15237], [0.0117, 0.13612, 0.05129, 0.02669, 0.13723, 0.08728, 0.0663, 0.0, 0.11742], [0.05663, 0.12312, 0.13704, 0.09628, 0.06304, 0.16381, 0.15237, 0.11742, 0.0]], "adj_matrix_2": [[0.0, 0.01111, 0.08389, 0.17231, 0.20455, 0.14386, 0.16339, 0.28382, 0.21552], [0.01111, 0.0, 0.09432, 0.18021, 0.2105, 0.15287, 0.15421, 0.27907, 0.20785], [0.08389, 0.09432, 0.0, 0.10256, 0.14783, 0.06724, 0.22346, 0.30535, 0.26154], [0.17231, 0.18021, 0.10256, 0.0, 0.05448, 0.03792, 0.26275, 0.29259, 0.28016], [0.20455, 0.2105, 0.14783, 0.05448, 0.0, 0.09034, 0.26447, 0.26968, 0.27145], [0.14386, 0.15287, 0.06724, 0.03792, 0.09034, 0.0, 0.25387, 0.30218, 0.27883], [0.16339, 0.15421, 0.22346, 0.26275, 0.26447, 0.25387, 0.0, 0.16851, 0.06633], [0.28382, 0.27907, 0.30535, 0.29259, 0.26968, 0.30218, 0.16851, 0.0, 0.1076], [0.21552, 0.20785, 0.26154, 0.28016, 0.27145, 0.27883, 0.06633, 0.1076, 0.0]], "features_1": [[0.13589740778346915, 0.7085702891376757, 0.0, 0.25543587478440977, 0.4886755708600693, 0.12115370247809656, 0.2687236179537663, 0.6870856617379669, 0.33658035180537116, 0.15361174360765473, 0.0066653709969386465, 0.5969109621342124, 0.6423807110383071, 0.6569553435642141, 0.7613764387808218, 0.6596495703441242, 0.5773681233279985], [1.4944730550585925, 0.6568879859723058, 0.0, 0.2761109502681155, 0.46543293859932044, 0.12637940453176572, 0.3046228770896306, 0.6835591341651552, 0.37909272437157737, 0.14621214266350568, 0.007504523810135222, 0.5634263395531933, 0.6424939898306301, 0.6731777365978105, 0.7786706907198567, 0.6966425395489944, 0.5908053899078963], [0.7958614663452352, 0.8019606523941296, 0.0, 0.25810705800608474, 0.5192372122297592, 0.12039241676546386, 0.298528845954673, 0.6877135582165096, 0.34085990475349126, 0.17030256803480515, 0.00711334193318236, 0.5706444695146866, 0.6323217001647923, 0.6525792761865945, 0.7625382012745874, 0.6709969402715603, 0.5746397077538797], [0.25634037818533884, 0.8603259834887912, 0.0, 0.2781748042570561, 0.532964232752177, 0.12163973742392109, 0.2961010732335055, 0.6871228665340127, 0.33778922673913403, 0.18500455083722356, 0.00677745458930179, 0.5952395733371505, 0.6318454387111673, 0.6470935866830289, 0.7649542603443552, 0.6678292439461647, 0.5759150454505684], [2.1037828986598885, 0.6434242539862158, 0.0, 0.2622083461307014, 0.4610283848855653, 0.12828191764653404, 0.28840120925374035, 0.6821763091694931, 0.39667988497376583, 0.1446210792130853, 0.00783923647221818, 0.5546092763909318, 0.654606429036596, 0.6770604266670842, 0.7815675126181277, 0.7168663856056076, 0.5996655317581405], [1.4252842421087006, 0.816138881673984, 0.0, 0.25218720659309046, 0.523963612291358, 0.12182501818799385, 0.3692206162046944, 0.687786654947939, 0.3611653754457138, 0.17465717746012088, 0.007336964783822175, 0.5587438963847982, 0.6466390965999448, 0.6758417186922774, 0.7736866678349658, 0.7048181946855709, 0.5748034649689694], [1.0641760753180867, 0.8510996831232558, 0.0, 0.3013405445421149, 0.529159195614117, 0.12153246827837019, 0.2766273419181061, 0.6868479198084751, 0.33883568490594085, 0.1804751711354715, 0.00716927026363523, 0.5654190772564442, 0.621792365384317, 0.6651216207481948, 0.7612457459099832, 0.7079107659038927, 0.5661527970564196], [2.5279095496494817, 0.6348038682547892, 0.0, 0.31593351972501926, 0.46202020688713774, 0.1247659890333684, 0.3105830578768455, 0.6855264028414805, 0.3518246472908073, 0.13673099768085661, 0.00716927026363523, 0.5458945982562713, 0.6329853414300602, 0.6523570373033918, 0.7735081824172219, 0.7128229794344787, 0.5821831358558964], [1.8069251825113426, 0.7094210003555472, 0.0, 0.3124171503859463, 0.49042425291187786, 0.12105793977247058, 0.3241819503187145, 0.6878961736449927, 0.33021357258997974, 0.14965197412607312, 0.006721420376576193, 0.550989231623096, 0.6428745151825234, 0.651703238592492, 0.764969913842873, 0.6882923046907302, 0.564019814592974]], "features_2": [[0.1473813241266302, 0.6598613709247823, 0.0, 0.23541666725951693, 0.4784852504880387, 0.12309462874177968, 0.30466841315704657, 0.6868550709440553, 0.34541033131141985, 0.1449303167008471, 0.00716927026363523, 0.5935370530289217, 0.6497959149073276, 0.6676190767381196, 0.7705758469804149, 0.6695098779405178, 0.5853191695669471], [-0.0637858746394464, 0.716448349349162, 0.0, 0.24665873923255802, 0.489288731573003, 0.12555868316029792, 0.2005971706340425, 0.6832844475755818, 0.3475180272860383, 0.16084563714024958, 0.007336964783822175, 0.6046271553208498, 0.6300121356319187, 0.6562825860598105, 0.7629712387444384, 0.6887399674217024, 0.592022015325477], [0.13233321879837678, 0.7999534059863257, 0.0, 0.2510349442734858, 0.5202960663171121, 0.1238787613941278, 0.2567352923666391, 0.6856604000708562, 0.34264118007834, 0.17601004798522335, 0.007001439975721224, 0.5956240082786626, 0.6431536718828584, 0.6589873135645176, 0.767371615387147, 0.6826223037150856, 0.5869923353892675], [0.30046172690695583, 0.7723361280454936, 0.0, 0.2866460035209964, 0.5111020402991175, 0.12461784040788154, 0.31991886761018123, 0.6857577673860888, 0.34648548589777417, 0.1715714987452286, 0.00716927026363523, 0.588911077090994, 0.6504448439843914, 0.6647933171126241, 0.7734392738575542, 0.6847663480705716, 0.587238676859984], [0.23194509175644118, 0.6430191399219066, 0.0, 0.27360122316857655, 0.46438330909421194, 0.12539389957208003, 0.2459995609277783, 0.6841579428411401, 0.3492856392079007, 0.14374658120646777, 0.007281081678807366, 0.5932959321795486, 0.6414568833231916, 0.6618156637093043, 0.7690068438071043, 0.685369177446325, 0.5914869671894181], [0.3617710150686655, 0.7788122034845159, 0.0, 0.2708870585415084, 0.5137689010118922, 0.12549346162274003, 0.325669302498148, 0.6855440699485746, 0.3452160716681081, 0.1723312631540279, 0.007057398507269275, 0.593035763386204, 0.6471527030610765, 0.6724637306708091, 0.7790326985436115, 0.7031062385551298, 0.5974339598459627], [0.02255551906826936, 0.712977689838666, 0.0, 0.2241045676884947, 0.4848069634896867, 0.1298961104906527, 0.2659111457694522, 0.6809986782328901, 0.35322928031588363, 0.1634606375251808, 0.007057398507269275, 0.6009040052444465, 0.6439098833329945, 0.6578777790834708, 0.7827965551420132, 0.6786790887909688, 0.5897433873841054], [0.18234763673745524, 0.6048233012450925, 0.0, 0.17395776825449807, 0.4472343135290911, 0.12875614505605867, 0.29809907092772436, 0.6825444733532162, 0.36530522750252303, 0.1374556939271796, 0.007504523810135222, 0.6159679638864768, 0.6548707643482976, 0.6757791717265705, 0.7827911251473806, 0.7140028144369643, 0.595049186972119], [0.03438036132595945, 0.631344028768574, 0.0, 0.22231683084807333, 0.455323679811032, 0.13003761220077134, 0.28130700065446634, 0.6813803229190223, 0.3734887784432128, 0.1464058388771552, 0.007616154688146137, 0.613671993216031, 0.6628738657911694, 0.6800701199584753, 0.7856063949677692, 0.7153061298178796, 0.5986352182551673]]}