{"labels_1": ["1", "2", "3", "4", "5", "6", "7", "8", "9"], "labels_2": ["1", "2", "3", "4", "5", "6", "7", "8", "9"], "adj_matrix_1": [[0.0, 0.06475, 0.15198, 0.09405, 0.0561, 0.17701, 0.03688, 0.00081, 0.18651], [0.06475, 0.0, 0.20516, 0.03014, 0.0088, 0.22609, 0.10045, 0.06554, 0.23378], [0.15198, 0.20516, 0.0, 0.2274, 0.19837, 0.03053, 0.11903, 0.15128, 0.04277], [0.09405, 0.03014, 0.2274, 0.0, 0.03889, 0.24625, 0.12877, 0.09483, 0.25296], [0.0561, 0.0088, 0.19837, 0.03889, 0.0, 0.21989, 0.09203, 0.05689, 0.22785], [0.17701, 0.22609, 0.03053, 0.24625, 0.21989, 0.0, 0.14602, 0.17636, 0.01236], [0.03688, 0.10045, 0.11903, 0.12877, 0.09203, 0.14602, 0.0, 0.03607, 0.15638], [0.00081, 0.06554, 0.15128, 0.09483, 0.05689, 0.17636, 0.03607, 0.0, 0.18587], [0.18651, 0.23378, 0.04277, 0.25296, 0.22785, 0.01236, 0.15638, 0.18587, 0.0]], "adj_matrix_2": [[0.0, 0.10593, 0.07716, 0.01612, 0.11714, 0.12116, 0.04254, 0.04051, 0.07652], [0.10593, 0.0, 0.11304, 0.10175, 0.08842, 0.07514, 0.09369, 0.11304, 0.11315], [0.07716, 0.11304, 0.0, 0.08936, 0.06856, 0.08383, 0.10691, 0.0412, 0.00083], [0.01612, 0.10175, 0.08936, 0.0, 0.12194, 0.1238, 0.027, 0.05547, 0.08876], [0.11714, 0.08842, 0.06856, 0.12194, 0.0, 0.02057, 0.12681, 0.09798, 0.06923], [0.12116, 0.07514, 0.08383, 0.1238, 0.02057, 0.0, 0.12524, 0.10781, 0.0844], [0.04254, 0.09369, 0.10691, 0.027, 0.12681, 0.12524, 0.0, 0.07865, 0.10644], [0.04051, 0.11304, 0.0412, 0.05547, 0.09798, 0.10781, 0.07865, 0.0, 0.04042], [0.07652, 0.11315, 0.00083, 0.08876, 0.06923, 0.0844, 0.10644, 0.04042, 0.0]], "features_1": [[0.05108241606525965, 0.6496073136600445, 0.0, 0.1997216744739921, 0.47143006235447776, 0.12342336325884885, 0.3552061572955438, 0.6871883951065795, 0.31993042130423976, 0.13989279091800433, 0.0064410216040902135, 0.607384582199602, 0.6474465120467009, 0.6547805690875446, 0.7750856675137622, 0.6966851470707913, 0.5752000042302832], [0.1413838090066375, 0.6353352138572836, 0.0, 0.2239611857936646, 0.46009949024495345, 0.12788775761796084, 0.3202012184188021, 0.6838839262640515, 0.3699221156160053, 0.14407926700158225, 0.007448685839370306, 0.6112202941334122, 0.6451657919487515, 0.6611072744205453, 0.7844582772253703, 0.7073838020343854, 0.5934278785076516], [0.14757114544747507, 0.7449175312591205, 0.0, 0.21770384575876148, 0.5048211175013299, 0.1228650201998267, 0.3887318324979738, 0.6879145665816218, 0.3242286170075801, 0.16022293071935878, 0.006721420376576193, 0.5959169280083283, 0.6349276442776753, 0.6481146535033467, 0.7767129793524163, 0.719510859552898, 0.5756074010426442], [-0.12207753887448014, 0.779510357615675, 0.0, 0.21703673107148244, 0.5123690956554369, 0.12459175600063976, 0.393591513435004, 0.6869447270182536, 0.3355702334432549, 0.17119623952316698, 0.00683347364535547, 0.6120727019095875, 0.6571164411846554, 0.6715581085696268, 0.7799169519448917, 0.7062295190739588, 0.5782416874656943], [0.3111834672386635, 0.6324907550993157, 0.0, 0.19665334674673463, 0.4618785805914788, 0.12406514902173657, 0.3352338704658557, 0.6864779569877308, 0.34394155069542687, 0.13846436227558456, 0.007392832833969631, 0.5993865770829672, 0.6487597285428204, 0.6665539189493839, 0.7758270976378406, 0.6945806442069387, 0.5761059255645514], [0.3753569642648844, 0.7854069324034273, 0.0, 0.19446926638108325, 0.5128783131271838, 0.1258025986898104, 0.4246312407139257, 0.6869053776202758, 0.34989050944924327, 0.17200172925931678, 0.0069454663283523566, 0.5906485809565525, 0.6484797798060761, 0.6648812685203199, 0.7877340553054892, 0.705714229383217, 0.5786460839640692], [0.22940689794903601, 0.7474965977225784, 0.0, 0.2178728397079657, 0.5006768972397173, 0.12568542919415043, 0.3302438252608312, 0.6853919711245184, 0.34197121654021045, 0.16446430515837185, 0.007392832833969631, 0.6003329011801362, 0.6643187701159347, 0.682735121764124, 0.7786006588786328, 0.7101452188233814, 0.5803689631598495], [0.1817218752194032, 0.675857766923504, 0.0, 0.21676542603661283, 0.47788754267721273, 0.12160209634516164, 0.3291003607353694, 0.687799807237709, 0.3212842296408269, 0.14613005847211835, 0.006721420376576193, 0.5948415553259525, 0.6458717606253672, 0.6706003720621971, 0.7672873067064299, 0.6964627205795859, 0.5522462955412613], [0.6530884628104885, 0.6839201695578608, 0.0, 0.22734897943273857, 0.4805896915763996, 0.12427302525606783, 0.3537791033821769, 0.686590789769715, 0.34709209817581677, 0.1491772842513197, 0.00716927026363523, 0.58741429851771, 0.6522310514620022, 0.6778761488172259, 0.7764988123347665, 0.7111648171475715, 0.5722142983821165]], "features_2": [[3.3185358390663424, 0.8259201897716354, 0.0, 0.373831780535581, 0.5308721795035428, 0.12399712768189891, 0.3470230384410293, 0.687092422077243, 0.38444691012735577, 0.17318488361970563, 0.007950687539111767, 0.5506447496360392, 0.6128924611907782, 0.6300553890329833, 0.7771590782656543, 0.7393461802256077, 0.5693867228155278], [5.072248743084849, 0.9382838508445889, 0.0, 0.44670632022067774, 0.5477307391637373, 0.1297917906027898, 0.24630264181178063, 0.6813267803321892, 0.4280424936622764, 0.2017432769378007, 0.008507047823598457, 0.5439260788127844, 0.6139902256647906, 0.6296496091310505, 0.7806107898228205, 0.7305664616320698, 0.5916758293148782], [3.844810176436699, 0.9658528370234429, 0.0, 0.3896827838953354, 0.5682502842479163, 0.1242472305611721, 0.3503635066340777, 0.6871240796026425, 0.3853606239531524, 0.19988867673674982, 0.008062078829516484, 0.5454409847264816, 0.6327224399807526, 0.6433471291840023, 0.7783243527284279, 0.754420076189644, 0.573953371866813], [3.0803377870892446, 0.968362501292938, 0.0, 0.3714575691253383, 0.5639545252330884, 0.12548853322429512, 0.3128071137301937, 0.6856300567854814, 0.3824554957759485, 0.20339011316178812, 0.00783923647221818, 0.5533811081968851, 0.6254618916412416, 0.6500664707151963, 0.7782811799176703, 0.7406473900039117, 0.5756642780048079], [3.774803307505082, 0.9331281640742479, 0.0, 0.4254095204192003, 0.5429820822414282, 0.130452187896803, 0.2501436894224554, 0.681296558347308, 0.42928984239567813, 0.2068340014666401, 0.008507047823598457, 0.5486086803233441, 0.6107993131645554, 0.6328251546290173, 0.7834925321898903, 0.7291805423534589, 0.5945291304652771], [4.376483835435718, 0.9845450220972815, 0.0, 0.4062555424831294, 0.5683463995312065, 0.12654726341778572, 0.3737648136243436, 0.6862919538135642, 0.3980944957731112, 0.20733406123144138, 0.007727725548673403, 0.5383972540203377, 0.6287470276640419, 0.6519166832558946, 0.7865877959179992, 0.751384233127494, 0.5746721629957939], [2.0991646543166906, 1.0154780106969052, 0.0, 0.32933374615628114, 0.5691133818610525, 0.1291029894957031, 0.29647658261609494, 0.6828218418541541, 0.3851870921585947, 0.2192253979624328, 0.007504523810135222, 0.5656566408186017, 0.6320511290157083, 0.6471202544307867, 0.7841773534072473, 0.7174388785849304, 0.5952705254000746], [4.244567613882653, 0.8939908275124725, 0.0, 0.4068920962600324, 0.5407046808031398, 0.1288755900371321, 0.32402668451424504, 0.6839380069284707, 0.41693065982364375, 0.194208006727127, 0.008284682400665488, 0.5389249719331859, 0.6283505163510162, 0.6573096378106098, 0.7881339463955247, 0.7263690425449448, 0.5919209367551136], [3.0744128418055725, 0.9136873776342669, 0.0, 0.3824498665665235, 0.5467537183721912, 0.12902886255120258, 0.31286092287846684, 0.683548607326107, 0.39490814768238147, 0.19937169561977197, 0.007504523810135222, 0.5518377004872033, 0.6386201464275484, 0.6612509292769352, 0.7872928802143255, 0.7254357045831008, 0.5904664796683221]]}