{"labels_1": ["1", "2", "3", "4", "5", "6", "7", "8", "9"], "labels_2": ["1", "2", "3", "4", "5", "6", "7", "8", "9"], "adj_matrix_1": [[0.0, 0.06475, 0.15198, 0.09405, 0.0561, 0.17701, 0.03688, 0.00081, 0.18651], [0.06475, 0.0, 0.20516, 0.03014, 0.0088, 0.22609, 0.10045, 0.06554, 0.23378], [0.15198, 0.20516, 0.0, 0.2274, 0.19837, 0.03053, 0.11903, 0.15128, 0.04277], [0.09405, 0.03014, 0.2274, 0.0, 0.03889, 0.24625, 0.12877, 0.09483, 0.25296], [0.0561, 0.0088, 0.19837, 0.03889, 0.0, 0.21989, 0.09203, 0.05689, 0.22785], [0.17701, 0.22609, 0.03053, 0.24625, 0.21989, 0.0, 0.14602, 0.17636, 0.01236], [0.03688, 0.10045, 0.11903, 0.12877, 0.09203, 0.14602, 0.0, 0.03607, 0.15638], [0.00081, 0.06554, 0.15128, 0.09483, 0.05689, 0.17636, 0.03607, 0.0, 0.18587], [0.18651, 0.23378, 0.04277, 0.25296, 0.22785, 0.01236, 0.15638, 0.18587, 0.0]], "adj_matrix_2": [[0.0, 0.0, 0.00351, 0.20297, 0.00341, 0.09066, 0.16898, 0.06425, 0.26029], [0.0, 0.0, 0.0, 0.0, 0.01151, 0.0, 0.0, 0.0, 0.0], [0.00351, 0.0, 0.0, 0.20027, 0.00334, 0.09403, 0.16605, 0.06767, 0.2581], [0.20297, 0.0, 0.20027, 0.0, 0.00109, 0.26539, 0.04021, 0.24913, 0.0746], [0.00341, 0.01151, 0.00334, 0.00109, 0.0, 0.00566, 0.00134, 0.00488, 0.00076], [0.09066, 0.0, 0.09403, 0.26539, 0.00566, 0.0, 0.23866, 0.02742, 0.30803], [0.16898, 0.0, 0.16605, 0.04021, 0.00134, 0.23866, 0.0, 0.21998, 0.11362], [0.06425, 0.0, 0.06767, 0.24913, 0.00488, 0.02742, 0.21998, 0.0, 0.29647], [0.26029, 0.0, 0.2581, 0.0746, 0.00076, 0.30803, 0.11362, 0.29647, 0.0]], "features_1": [[0.05108241606525965, 0.6496073136600445, 0.0, 0.1997216744739921, 0.47143006235447776, 0.12342336325884885, 0.3552061572955438, 0.6871883951065795, 0.31993042130423976, 0.13989279091800433, 0.0064410216040902135, 0.607384582199602, 0.6474465120467009, 0.6547805690875446, 0.7750856675137622, 0.6966851470707913, 0.5752000042302832], [0.1413838090066375, 0.6353352138572836, 0.0, 0.2239611857936646, 0.46009949024495345, 0.12788775761796084, 0.3202012184188021, 0.6838839262640515, 0.3699221156160053, 0.14407926700158225, 0.007448685839370306, 0.6112202941334122, 0.6451657919487515, 0.6611072744205453, 0.7844582772253703, 0.7073838020343854, 0.5934278785076516], [0.14757114544747507, 0.7449175312591205, 0.0, 0.21770384575876148, 0.5048211175013299, 0.1228650201998267, 0.3887318324979738, 0.6879145665816218, 0.3242286170075801, 0.16022293071935878, 0.006721420376576193, 0.5959169280083283, 0.6349276442776753, 0.6481146535033467, 0.7767129793524163, 0.719510859552898, 0.5756074010426442], [-0.12207753887448014, 0.779510357615675, 0.0, 0.21703673107148244, 0.5123690956554369, 0.12459175600063976, 0.393591513435004, 0.6869447270182536, 0.3355702334432549, 0.17119623952316698, 0.00683347364535547, 0.6120727019095875, 0.6571164411846554, 0.6715581085696268, 0.7799169519448917, 0.7062295190739588, 0.5782416874656943], [0.3111834672386635, 0.6324907550993157, 0.0, 0.19665334674673463, 0.4618785805914788, 0.12406514902173657, 0.3352338704658557, 0.6864779569877308, 0.34394155069542687, 0.13846436227558456, 0.007392832833969631, 0.5993865770829672, 0.6487597285428204, 0.6665539189493839, 0.7758270976378406, 0.6945806442069387, 0.5761059255645514], [0.3753569642648844, 0.7854069324034273, 0.0, 0.19446926638108325, 0.5128783131271838, 0.1258025986898104, 0.4246312407139257, 0.6869053776202758, 0.34989050944924327, 0.17200172925931678, 0.0069454663283523566, 0.5906485809565525, 0.6484797798060761, 0.6648812685203199, 0.7877340553054892, 0.705714229383217, 0.5786460839640692], [0.22940689794903601, 0.7474965977225784, 0.0, 0.2178728397079657, 0.5006768972397173, 0.12568542919415043, 0.3302438252608312, 0.6853919711245184, 0.34197121654021045, 0.16446430515837185, 0.007392832833969631, 0.6003329011801362, 0.6643187701159347, 0.682735121764124, 0.7786006588786328, 0.7101452188233814, 0.5803689631598495], [0.1817218752194032, 0.675857766923504, 0.0, 0.21676542603661283, 0.47788754267721273, 0.12160209634516164, 0.3291003607353694, 0.687799807237709, 0.3212842296408269, 0.14613005847211835, 0.006721420376576193, 0.5948415553259525, 0.6458717606253672, 0.6706003720621971, 0.7672873067064299, 0.6964627205795859, 0.5522462955412613], [0.6530884628104885, 0.6839201695578608, 0.0, 0.22734897943273857, 0.4805896915763996, 0.12427302525606783, 0.3537791033821769, 0.686590789769715, 0.34709209817581677, 0.1491772842513197, 0.00716927026363523, 0.58741429851771, 0.6522310514620022, 0.6778761488172259, 0.7764988123347665, 0.7111648171475715, 0.5722142983821165]], "features_2": [[0.1333096986976683, 0.8560785997520688, 0.0, 0.26982208810797853, 0.5277695208649372, 0.13382200905527059, 0.521169899750096, 0.6825805409371295, 0.3710355072306233, 0.19345244065933076, 0.0069454663283523566, 0.6013931273834237, 0.6691346216826917, 0.6932115699872236, 0.8080208803021849, 0.6993944974901508, 0.5802571659270478], [6.807039698450712, 1.0003718693053374, 0.0, 0.3493917253384175, 0.5415420801548448, 0.14786870396406254, 0.4174228499880236, 0.6675310941308747, 0.4101552008563052, 0.21908357245657029, 0.007727725548673403, 0.5134391722472431, 0.6302948051919937, 0.6406006898528649, 0.8252222747948023, 0.7268566887810984, 0.5968476700203702], [0.19726453886580275, 1.013837942245298, 0.0, 0.26683945898876466, 0.5649646754111632, 0.13569246623548167, 0.49243430910526487, 0.6808388719010232, 0.38276678536136033, 0.22659558432907212, 0.007057398507269275, 0.6084180190021726, 0.6657704414182343, 0.6822525232242558, 0.8096424427119224, 0.7055805521602065, 0.5966153084786363], [-0.078597291501596, 0.9811833617732767, 0.0, 0.27508689544815845, 0.5625285663824536, 0.1296312256456073, 0.5612038257791816, 0.6852909846479689, 0.3567720941872967, 0.21620744905209932, 0.007057398507269275, 0.6131467363081251, 0.6512629268383132, 0.673773500004844, 0.7997345960049954, 0.704100450184014, 0.5751442922159016], [3.0298160886165615, 0.9782566734715665, 0.0, 0.32208867344242326, 0.5367311975937955, 0.14479153085196889, 0.31393012433625456, 0.6678746398598079, 0.4076971812630419, 0.2197979064233715, 0.00716927026363523, 0.5418904054512836, 0.6459667469589881, 0.6569773642399204, 0.8164022499656426, 0.7321967488922336, 0.6015300255473188], [0.1258328795572723, 1.1272852978834191, 0.0, 0.25582708137521054, 0.5833989904054476, 0.13891353533693176, 0.3707477000169007, 0.6765332912973925, 0.4106950644344649, 0.25411026236611844, 0.007504523810135222, 0.6131376026486701, 0.6615866899298302, 0.6860049951032193, 0.8117909787208201, 0.710037087481871, 0.6115482827207464], [-0.01899954737616394, 1.0202047570894, 0.0, 0.2268721031938513, 0.5674790493470238, 0.12964096024175106, 0.4085572421395291, 0.684158566742288, 0.35910336670874843, 0.22400509930502133, 0.00683347364535547, 0.6196890154052048, 0.6601162512566864, 0.6650082979622427, 0.7975453141236392, 0.7127525331773608, 0.5746238518742524], [0.32992705456331217, 0.9181060381853551, 0.0, 0.27970486307615744, 0.5343803019491244, 0.13689471141113146, 0.3309018044118289, 0.6771270087495262, 0.4114023523099919, 0.2132236009214794, 0.007950687539111767, 0.6044643632263065, 0.6375821748481604, 0.6668710963633998, 0.8069448214661848, 0.7234414280948714, 0.5883434932098961], [-0.22896569448881854, 0.9701455387898323, 0.0, 0.2381863647014863, 0.5508041976140254, 0.133036257269607, 0.34694731982154253, 0.6807502589120071, 0.3891158302938258, 0.22318732651438222, 0.007504523810135222, 0.6258992091982993, 0.6722891528061122, 0.697194762865563, 0.8007647217183359, 0.7195872985676729, 0.5818687253213232]]}