{"labels_1": ["1", "2", "3", "4", "5", "6", "7", "8", "9"], "labels_2": ["1", "2", "3", "4", "5", "6", "7", "8", "9"], "adj_matrix_1": [[0.0, 0.06475, 0.15198, 0.09405, 0.0561, 0.17701, 0.03688, 0.00081, 0.18651], [0.06475, 0.0, 0.20516, 0.03014, 0.0088, 0.22609, 0.10045, 0.06554, 0.23378], [0.15198, 0.20516, 0.0, 0.2274, 0.19837, 0.03053, 0.11903, 0.15128, 0.04277], [0.09405, 0.03014, 0.2274, 0.0, 0.03889, 0.24625, 0.12877, 0.09483, 0.25296], [0.0561, 0.0088, 0.19837, 0.03889, 0.0, 0.21989, 0.09203, 0.05689, 0.22785], [0.17701, 0.22609, 0.03053, 0.24625, 0.21989, 0.0, 0.14602, 0.17636, 0.01236], [0.03688, 0.10045, 0.11903, 0.12877, 0.09203, 0.14602, 0.0, 0.03607, 0.15638], [0.00081, 0.06554, 0.15128, 0.09483, 0.05689, 0.17636, 0.03607, 0.0, 0.18587], [0.18651, 0.23378, 0.04277, 0.25296, 0.22785, 0.01236, 0.15638, 0.18587, 0.0]], "adj_matrix_2": [[0.0, 0.21115, 0.03212, 0.14929, 0.06174, 0.10115, 0.00779, 0.27746, 0.19345], [0.21115, 0.0, 0.22858, 0.08956, 0.1702, 0.2588, 0.20623, 0.29334, 0.28494], [0.03212, 0.22858, 0.0, 0.17504, 0.09261, 0.07043, 0.03985, 0.25933, 0.16751], [0.14929, 0.08956, 0.17504, 0.0, 0.09436, 0.2245, 0.14277, 0.3153, 0.27881], [0.06174, 0.1702, 0.09261, 0.09436, 0.0, 0.15641, 0.05407, 0.30317, 0.23643], [0.10115, 0.2588, 0.07043, 0.2245, 0.15641, 0.0, 0.10847, 0.20924, 0.10358], [0.00779, 0.20623, 0.03985, 0.14277, 0.05407, 0.10847, 0.0, 0.28149, 0.19947], [0.27746, 0.29334, 0.25933, 0.3153, 0.30317, 0.20924, 0.28149, 0.0, 0.11692], [0.19345, 0.28494, 0.16751, 0.27881, 0.23643, 0.10358, 0.19947, 0.11692, 0.0]], "features_1": [[0.05108241606525965, 0.6496073136600445, 0.0, 0.1997216744739921, 0.47143006235447776, 0.12342336325884885, 0.3552061572955438, 0.6871883951065795, 0.31993042130423976, 0.13989279091800433, 0.0064410216040902135, 0.607384582199602, 0.6474465120467009, 0.6547805690875446, 0.7750856675137622, 0.6966851470707913, 0.5752000042302832], [0.1413838090066375, 0.6353352138572836, 0.0, 0.2239611857936646, 0.46009949024495345, 0.12788775761796084, 0.3202012184188021, 0.6838839262640515, 0.3699221156160053, 0.14407926700158225, 0.007448685839370306, 0.6112202941334122, 0.6451657919487515, 0.6611072744205453, 0.7844582772253703, 0.7073838020343854, 0.5934278785076516], [0.14757114544747507, 0.7449175312591205, 0.0, 0.21770384575876148, 0.5048211175013299, 0.1228650201998267, 0.3887318324979738, 0.6879145665816218, 0.3242286170075801, 0.16022293071935878, 0.006721420376576193, 0.5959169280083283, 0.6349276442776753, 0.6481146535033467, 0.7767129793524163, 0.719510859552898, 0.5756074010426442], [-0.12207753887448014, 0.779510357615675, 0.0, 0.21703673107148244, 0.5123690956554369, 0.12459175600063976, 0.393591513435004, 0.6869447270182536, 0.3355702334432549, 0.17119623952316698, 0.00683347364535547, 0.6120727019095875, 0.6571164411846554, 0.6715581085696268, 0.7799169519448917, 0.7062295190739588, 0.5782416874656943], [0.3111834672386635, 0.6324907550993157, 0.0, 0.19665334674673463, 0.4618785805914788, 0.12406514902173657, 0.3352338704658557, 0.6864779569877308, 0.34394155069542687, 0.13846436227558456, 0.007392832833969631, 0.5993865770829672, 0.6487597285428204, 0.6665539189493839, 0.7758270976378406, 0.6945806442069387, 0.5761059255645514], [0.3753569642648844, 0.7854069324034273, 0.0, 0.19446926638108325, 0.5128783131271838, 0.1258025986898104, 0.4246312407139257, 0.6869053776202758, 0.34989050944924327, 0.17200172925931678, 0.0069454663283523566, 0.5906485809565525, 0.6484797798060761, 0.6648812685203199, 0.7877340553054892, 0.705714229383217, 0.5786460839640692], [0.22940689794903601, 0.7474965977225784, 0.0, 0.2178728397079657, 0.5006768972397173, 0.12568542919415043, 0.3302438252608312, 0.6853919711245184, 0.34197121654021045, 0.16446430515837185, 0.007392832833969631, 0.6003329011801362, 0.6643187701159347, 0.682735121764124, 0.7786006588786328, 0.7101452188233814, 0.5803689631598495], [0.1817218752194032, 0.675857766923504, 0.0, 0.21676542603661283, 0.47788754267721273, 0.12160209634516164, 0.3291003607353694, 0.687799807237709, 0.3212842296408269, 0.14613005847211835, 0.006721420376576193, 0.5948415553259525, 0.6458717606253672, 0.6706003720621971, 0.7672873067064299, 0.6964627205795859, 0.5522462955412613], [0.6530884628104885, 0.6839201695578608, 0.0, 0.22734897943273857, 0.4805896915763996, 0.12427302525606783, 0.3537791033821769, 0.686590789769715, 0.34709209817581677, 0.1491772842513197, 0.00716927026363523, 0.58741429851771, 0.6522310514620022, 0.6778761488172259, 0.7764988123347665, 0.7111648171475715, 0.5722142983821165]], "features_2": [[0.1336862172796871, 0.766492495600961, 0.0, 0.25976920905218753, 0.5103171693151757, 0.12695408776734127, 0.4169446227030356, 0.6861022274007339, 0.3773769918791685, 0.1718147802035459, 0.007671947615560004, 0.6102601649199881, 0.6680402020489822, 0.6831155155304813, 0.7911643948282119, 0.7184902930623884, 0.5899618868705305], [0.6551870024773296, 0.7448583919910631, 0.0, 0.30171376956968493, 0.5004729338350763, 0.1260911665004598, 0.29691579538956175, 0.6846978699430135, 0.36146050348839065, 0.1651417294591606, 0.007504523810135222, 0.5868178437715654, 0.6303095881211364, 0.6544800564102318, 0.7776783671039015, 0.7116516872544606, 0.5760141632854493], [0.1144338503385125, 0.8986227862254141, 0.0, 0.2669977816215088, 0.5495238846261364, 0.12459574435928089, 0.3854293291393091, 0.6871968838323819, 0.3632272121730795, 0.19553738279588684, 0.007281081678807366, 0.6057333979350275, 0.6671904578321372, 0.6794942441461612, 0.7822669544774884, 0.7120990529731825, 0.582217269859454], [0.3515927405762209, 0.9532727928137767, 0.0, 0.23811709073820744, 0.5588901295908049, 0.12552124096342435, 0.34857294029120994, 0.6857347045029027, 0.3574752613437975, 0.2049524470630315, 0.007560346756364078, 0.5969716404079359, 0.6533265893797083, 0.6581996824100633, 0.7790887568918463, 0.6986804356479207, 0.5867806641216198], [0.3815772594143505, 0.7356198355837879, 0.0, 0.28300435556284315, 0.4986489350309645, 0.12447194266083506, 0.3161567199622645, 0.6860322067562896, 0.334147509033637, 0.16037139264957223, 0.00683347364535547, 0.5925504315585779, 0.6425555996733162, 0.6682476701108113, 0.7763469994681658, 0.6947102705689758, 0.5679080279968026], [0.19628658278550004, 0.9608806008091141, 0.0, 0.26275836251108575, 0.5611621518121532, 0.1273806744573029, 0.4092316418651102, 0.6860810970248226, 0.3727247457629639, 0.21152554540822432, 0.007504523810135222, 0.6075233883971514, 0.6435815663611832, 0.6800233076598605, 0.7912000845612674, 0.7183457652593005, 0.598522003063349], [0.34416321722981635, 1.009766892950374, 0.0, 0.24110747513877887, 0.5689298717052778, 0.12438203430905632, 0.31541978821046757, 0.6858788583986364, 0.34210842816384, 0.2144744881795262, 0.007001439975721224, 0.5923964243661701, 0.6275339095733778, 0.6532634397986107, 0.7719493255355272, 0.6942392236421191, 0.5856645533654101], [-0.2575465824867944, 0.8350216318350957, 0.0, 0.22369150604689908, 0.5307669842652337, 0.1182973829267413, 0.2984885820521626, 0.6894087988755127, 0.29587768916483803, 0.175722302383168, 0.006609306440138685, 0.6067092866878165, 0.6356526301044791, 0.6419496188867296, 0.7555529808575837, 0.6725028832549707, 0.5626915789897484], [0.1666628314788703, 0.882088578298746, 0.0, 0.24478684699269587, 0.5454196486707812, 0.11709690426002953, 0.3605762834515211, 0.6903552925089116, 0.2929180787023775, 0.18117190295447072, 0.006889477554966383, 0.5972343940584626, 0.6392375200333306, 0.649492812207376, 0.7566039112723135, 0.6784306955116738, 0.5553426873217296]]}