{"labels_1": ["1", "2", "3", "4", "5", "6", "7", "8", "9"], "labels_2": ["1", "2", "3", "4", "5", "6", "7", "8", "9"], "adj_matrix_1": [[0.0, 0.06475, 0.15198, 0.09405, 0.0561, 0.17701, 0.03688, 0.00081, 0.18651], [0.06475, 0.0, 0.20516, 0.03014, 0.0088, 0.22609, 0.10045, 0.06554, 0.23378], [0.15198, 0.20516, 0.0, 0.2274, 0.19837, 0.03053, 0.11903, 0.15128, 0.04277], [0.09405, 0.03014, 0.2274, 0.0, 0.03889, 0.24625, 0.12877, 0.09483, 0.25296], [0.0561, 0.0088, 0.19837, 0.03889, 0.0, 0.21989, 0.09203, 0.05689, 0.22785], [0.17701, 0.22609, 0.03053, 0.24625, 0.21989, 0.0, 0.14602, 0.17636, 0.01236], [0.03688, 0.10045, 0.11903, 0.12877, 0.09203, 0.14602, 0.0, 0.03607, 0.15638], [0.00081, 0.06554, 0.15128, 0.09483, 0.05689, 0.17636, 0.03607, 0.0, 0.18587], [0.18651, 0.23378, 0.04277, 0.25296, 0.22785, 0.01236, 0.15638, 0.18587, 0.0]], "adj_matrix_2": [[0.0, 0.15806, 0.06938, 0.08056, 0.16977, 0.16149, 0.22626, 0.18831, 0.08551], [0.15806, 0.0, 0.2109, 0.08399, 0.26358, 0.26082, 0.20854, 0.26822, 0.22155], [0.06938, 0.2109, 0.0, 0.14423, 0.11208, 0.10205, 0.2209, 0.13549, 0.0169], [0.08056, 0.08399, 0.14423, 0.0, 0.22339, 0.2178, 0.22144, 0.2353, 0.15814], [0.16977, 0.26358, 0.11208, 0.22339, 0.0, 0.01131, 0.18471, 0.02754, 0.09685], [0.16149, 0.26082, 0.10205, 0.2178, 0.01131, 0.0, 0.18998, 0.03873, 0.08647], [0.22626, 0.20854, 0.2209, 0.22144, 0.18471, 0.18998, 0.0, 0.17025, 0.21797], [0.18831, 0.26822, 0.13549, 0.2353, 0.02754, 0.03873, 0.17025, 0.0, 0.1212], [0.08551, 0.22155, 0.0169, 0.15814, 0.09685, 0.08647, 0.21797, 0.1212, 0.0]], "features_1": [[0.05108241606525965, 0.6496073136600445, 0.0, 0.1997216744739921, 0.47143006235447776, 0.12342336325884885, 0.3552061572955438, 0.6871883951065795, 0.31993042130423976, 0.13989279091800433, 0.0064410216040902135, 0.607384582199602, 0.6474465120467009, 0.6547805690875446, 0.7750856675137622, 0.6966851470707913, 0.5752000042302832], [0.1413838090066375, 0.6353352138572836, 0.0, 0.2239611857936646, 0.46009949024495345, 0.12788775761796084, 0.3202012184188021, 0.6838839262640515, 0.3699221156160053, 0.14407926700158225, 0.007448685839370306, 0.6112202941334122, 0.6451657919487515, 0.6611072744205453, 0.7844582772253703, 0.7073838020343854, 0.5934278785076516], [0.14757114544747507, 0.7449175312591205, 0.0, 0.21770384575876148, 0.5048211175013299, 0.1228650201998267, 0.3887318324979738, 0.6879145665816218, 0.3242286170075801, 0.16022293071935878, 0.006721420376576193, 0.5959169280083283, 0.6349276442776753, 0.6481146535033467, 0.7767129793524163, 0.719510859552898, 0.5756074010426442], [-0.12207753887448014, 0.779510357615675, 0.0, 0.21703673107148244, 0.5123690956554369, 0.12459175600063976, 0.393591513435004, 0.6869447270182536, 0.3355702334432549, 0.17119623952316698, 0.00683347364535547, 0.6120727019095875, 0.6571164411846554, 0.6715581085696268, 0.7799169519448917, 0.7062295190739588, 0.5782416874656943], [0.3111834672386635, 0.6324907550993157, 0.0, 0.19665334674673463, 0.4618785805914788, 0.12406514902173657, 0.3352338704658557, 0.6864779569877308, 0.34394155069542687, 0.13846436227558456, 0.007392832833969631, 0.5993865770829672, 0.6487597285428204, 0.6665539189493839, 0.7758270976378406, 0.6945806442069387, 0.5761059255645514], [0.3753569642648844, 0.7854069324034273, 0.0, 0.19446926638108325, 0.5128783131271838, 0.1258025986898104, 0.4246312407139257, 0.6869053776202758, 0.34989050944924327, 0.17200172925931678, 0.0069454663283523566, 0.5906485809565525, 0.6484797798060761, 0.6648812685203199, 0.7877340553054892, 0.705714229383217, 0.5786460839640692], [0.22940689794903601, 0.7474965977225784, 0.0, 0.2178728397079657, 0.5006768972397173, 0.12568542919415043, 0.3302438252608312, 0.6853919711245184, 0.34197121654021045, 0.16446430515837185, 0.007392832833969631, 0.6003329011801362, 0.6643187701159347, 0.682735121764124, 0.7786006588786328, 0.7101452188233814, 0.5803689631598495], [0.1817218752194032, 0.675857766923504, 0.0, 0.21676542603661283, 0.47788754267721273, 0.12160209634516164, 0.3291003607353694, 0.687799807237709, 0.3212842296408269, 0.14613005847211835, 0.006721420376576193, 0.5948415553259525, 0.6458717606253672, 0.6706003720621971, 0.7672873067064299, 0.6964627205795859, 0.5522462955412613], [0.6530884628104885, 0.6839201695578608, 0.0, 0.22734897943273857, 0.4805896915763996, 0.12427302525606783, 0.3537791033821769, 0.686590789769715, 0.34709209817581677, 0.1491772842513197, 0.00716927026363523, 0.58741429851771, 0.6522310514620022, 0.6778761488172259, 0.7764988123347665, 0.7111648171475715, 0.5722142983821165]], "features_2": [[-0.0005374631146985998, 0.629278256051022, 0.0, 0.282546826772485, 0.4533921640265481, 0.13037887084587538, 0.2996251178240456, 0.6810224384645807, 0.36678618022586496, 0.1463898200213707, 0.007616154688146137, 0.6022098166029384, 0.6427243004696093, 0.6798360596483908, 0.7824496257680476, 0.7171228483312502, 0.5964744999036464], [0.3789364241140665, 0.6155411146777194, 0.0, 0.28989953283346964, 0.4480766161634152, 0.13193724028408713, 0.2682930993428926, 0.6797372973333414, 0.39383076910091264, 0.14331353069404962, 0.008062078829516484, 0.6042122074991565, 0.6532135042505092, 0.6673245128986726, 0.78704157220521, 0.7171317000532687, 0.6085701344456661], [0.20129034653223377, 0.7450535427648507, 0.0, 0.29225387375623296, 0.49208413093178116, 0.131587339839685, 0.27245334769132656, 0.6799933962159864, 0.3740424040976038, 0.17321312138620937, 0.007392832833969631, 0.5928597788353458, 0.6453818760786113, 0.6730752007411415, 0.7855495655760167, 0.7080802353729986, 0.6100267298796881], [0.12810305519848164, 0.7569090018309453, 0.0, 0.2727507651747425, 0.4969686973309012, 0.1286358513272528, 0.2937617384325577, 0.68267923906597, 0.36248238954291945, 0.1730048212716495, 0.007281081678807366, 0.5961183933072776, 0.6563212390973834, 0.6942233173331559, 0.7803715360197438, 0.6876050652660155, 0.5948269985973472], [1.081278033220629, 0.6010127374369785, 0.0, 0.3400816784827934, 0.4483416539574016, 0.126190261725271, 0.32838581103445746, 0.6853506200665945, 0.3537225942828772, 0.13072955407883513, 0.007504523810135222, 0.5801137279560571, 0.6251728538559105, 0.6377106175449089, 0.7811805952040888, 0.7220848271507473, 0.5815535855263442], [0.5414602344889756, 0.736449626450411, 0.0, 0.3102346165067842, 0.4962100948779552, 0.1257457696205725, 0.33744822844385636, 0.6857648120048765, 0.3483957987436286, 0.16419715657188028, 0.00683347364535547, 0.579857624054751, 0.6427960664434691, 0.6787241550939395, 0.7800615854231018, 0.712294401754784, 0.5872637548999105], [0.7681687253928633, 0.7769942567082174, 0.0, 0.3281552226385146, 0.4971096626620375, 0.12744454755596263, 0.2206520281174072, 0.6822141258891197, 0.340343406037557, 0.17319829157087185, 0.00716927026363523, 0.5756164344495835, 0.634028995360153, 0.6734221842614923, 0.7709430493143075, 0.679619164689643, 0.5760450248575821], [0.8833349732624871, 0.7129377392754374, 0.0, 0.34414137922470606, 0.49628644770915775, 0.11718298540885506, 0.45210320661380693, 0.6909489134953959, 0.30707839990341435, 0.14686201563590817, 0.00677745458930179, 0.5759708146394089, 0.6513901316990927, 0.6563913483902958, 0.7611287133787066, 0.6891842055771952, 0.5391085667923868], [0.431267911123947, 0.7285420106754896, 0.0, 0.29859924793664644, 0.49597281540874405, 0.12025088787962487, 0.42158967727789687, 0.6892137692913254, 0.3167243023028907, 0.15474241000589317, 0.007001439975721224, 0.5772602883868458, 0.6390629007809501, 0.6662600029683085, 0.7645191221542816, 0.7033095522149078, 0.5495135679818718]]}