{"labels_1": ["1", "2", "3", "4", "5", "6", "7", "8", "9"], "labels_2": ["1", "2", "3", "4", "5", "6", "7", "8", "9"], "adj_matrix_1": [[0.0, 0.06475, 0.15198, 0.09405, 0.0561, 0.17701, 0.03688, 0.00081, 0.18651], [0.06475, 0.0, 0.20516, 0.03014, 0.0088, 0.22609, 0.10045, 0.06554, 0.23378], [0.15198, 0.20516, 0.0, 0.2274, 0.19837, 0.03053, 0.11903, 0.15128, 0.04277], [0.09405, 0.03014, 0.2274, 0.0, 0.03889, 0.24625, 0.12877, 0.09483, 0.25296], [0.0561, 0.0088, 0.19837, 0.03889, 0.0, 0.21989, 0.09203, 0.05689, 0.22785], [0.17701, 0.22609, 0.03053, 0.24625, 0.21989, 0.0, 0.14602, 0.17636, 0.01236], [0.03688, 0.10045, 0.11903, 0.12877, 0.09203, 0.14602, 0.0, 0.03607, 0.15638], [0.00081, 0.06554, 0.15128, 0.09483, 0.05689, 0.17636, 0.03607, 0.0, 0.18587], [0.18651, 0.23378, 0.04277, 0.25296, 0.22785, 0.01236, 0.15638, 0.18587, 0.0]], "adj_matrix_2": [[0.0, 0.01111, 0.08389, 0.17231, 0.20455, 0.14386, 0.16339, 0.28382, 0.21552], [0.01111, 0.0, 0.09432, 0.18021, 0.2105, 0.15287, 0.15421, 0.27907, 0.20785], [0.08389, 0.09432, 0.0, 0.10256, 0.14783, 0.06724, 0.22346, 0.30535, 0.26154], [0.17231, 0.18021, 0.10256, 0.0, 0.05448, 0.03792, 0.26275, 0.29259, 0.28016], [0.20455, 0.2105, 0.14783, 0.05448, 0.0, 0.09034, 0.26447, 0.26968, 0.27145], [0.14386, 0.15287, 0.06724, 0.03792, 0.09034, 0.0, 0.25387, 0.30218, 0.27883], [0.16339, 0.15421, 0.22346, 0.26275, 0.26447, 0.25387, 0.0, 0.16851, 0.06633], [0.28382, 0.27907, 0.30535, 0.29259, 0.26968, 0.30218, 0.16851, 0.0, 0.1076], [0.21552, 0.20785, 0.26154, 0.28016, 0.27145, 0.27883, 0.06633, 0.1076, 0.0]], "features_1": [[0.05108241606525965, 0.6496073136600445, 0.0, 0.1997216744739921, 0.47143006235447776, 0.12342336325884885, 0.3552061572955438, 0.6871883951065795, 0.31993042130423976, 0.13989279091800433, 0.0064410216040902135, 0.607384582199602, 0.6474465120467009, 0.6547805690875446, 0.7750856675137622, 0.6966851470707913, 0.5752000042302832], [0.1413838090066375, 0.6353352138572836, 0.0, 0.2239611857936646, 0.46009949024495345, 0.12788775761796084, 0.3202012184188021, 0.6838839262640515, 0.3699221156160053, 0.14407926700158225, 0.007448685839370306, 0.6112202941334122, 0.6451657919487515, 0.6611072744205453, 0.7844582772253703, 0.7073838020343854, 0.5934278785076516], [0.14757114544747507, 0.7449175312591205, 0.0, 0.21770384575876148, 0.5048211175013299, 0.1228650201998267, 0.3887318324979738, 0.6879145665816218, 0.3242286170075801, 0.16022293071935878, 0.006721420376576193, 0.5959169280083283, 0.6349276442776753, 0.6481146535033467, 0.7767129793524163, 0.719510859552898, 0.5756074010426442], [-0.12207753887448014, 0.779510357615675, 0.0, 0.21703673107148244, 0.5123690956554369, 0.12459175600063976, 0.393591513435004, 0.6869447270182536, 0.3355702334432549, 0.17119623952316698, 0.00683347364535547, 0.6120727019095875, 0.6571164411846554, 0.6715581085696268, 0.7799169519448917, 0.7062295190739588, 0.5782416874656943], [0.3111834672386635, 0.6324907550993157, 0.0, 0.19665334674673463, 0.4618785805914788, 0.12406514902173657, 0.3352338704658557, 0.6864779569877308, 0.34394155069542687, 0.13846436227558456, 0.007392832833969631, 0.5993865770829672, 0.6487597285428204, 0.6665539189493839, 0.7758270976378406, 0.6945806442069387, 0.5761059255645514], [0.3753569642648844, 0.7854069324034273, 0.0, 0.19446926638108325, 0.5128783131271838, 0.1258025986898104, 0.4246312407139257, 0.6869053776202758, 0.34989050944924327, 0.17200172925931678, 0.0069454663283523566, 0.5906485809565525, 0.6484797798060761, 0.6648812685203199, 0.7877340553054892, 0.705714229383217, 0.5786460839640692], [0.22940689794903601, 0.7474965977225784, 0.0, 0.2178728397079657, 0.5006768972397173, 0.12568542919415043, 0.3302438252608312, 0.6853919711245184, 0.34197121654021045, 0.16446430515837185, 0.007392832833969631, 0.6003329011801362, 0.6643187701159347, 0.682735121764124, 0.7786006588786328, 0.7101452188233814, 0.5803689631598495], [0.1817218752194032, 0.675857766923504, 0.0, 0.21676542603661283, 0.47788754267721273, 0.12160209634516164, 0.3291003607353694, 0.687799807237709, 0.3212842296408269, 0.14613005847211835, 0.006721420376576193, 0.5948415553259525, 0.6458717606253672, 0.6706003720621971, 0.7672873067064299, 0.6964627205795859, 0.5522462955412613], [0.6530884628104885, 0.6839201695578608, 0.0, 0.22734897943273857, 0.4805896915763996, 0.12427302525606783, 0.3537791033821769, 0.686590789769715, 0.34709209817581677, 0.1491772842513197, 0.00716927026363523, 0.58741429851771, 0.6522310514620022, 0.6778761488172259, 0.7764988123347665, 0.7111648171475715, 0.5722142983821165]], "features_2": [[0.1473813241266302, 0.6598613709247823, 0.0, 0.23541666725951693, 0.4784852504880387, 0.12309462874177968, 0.30466841315704657, 0.6868550709440553, 0.34541033131141985, 0.1449303167008471, 0.00716927026363523, 0.5935370530289217, 0.6497959149073276, 0.6676190767381196, 0.7705758469804149, 0.6695098779405178, 0.5853191695669471], [-0.0637858746394464, 0.716448349349162, 0.0, 0.24665873923255802, 0.489288731573003, 0.12555868316029792, 0.2005971706340425, 0.6832844475755818, 0.3475180272860383, 0.16084563714024958, 0.007336964783822175, 0.6046271553208498, 0.6300121356319187, 0.6562825860598105, 0.7629712387444384, 0.6887399674217024, 0.592022015325477], [0.13233321879837678, 0.7999534059863257, 0.0, 0.2510349442734858, 0.5202960663171121, 0.1238787613941278, 0.2567352923666391, 0.6856604000708562, 0.34264118007834, 0.17601004798522335, 0.007001439975721224, 0.5956240082786626, 0.6431536718828584, 0.6589873135645176, 0.767371615387147, 0.6826223037150856, 0.5869923353892675], [0.30046172690695583, 0.7723361280454936, 0.0, 0.2866460035209964, 0.5111020402991175, 0.12461784040788154, 0.31991886761018123, 0.6857577673860888, 0.34648548589777417, 0.1715714987452286, 0.00716927026363523, 0.588911077090994, 0.6504448439843914, 0.6647933171126241, 0.7734392738575542, 0.6847663480705716, 0.587238676859984], [0.23194509175644118, 0.6430191399219066, 0.0, 0.27360122316857655, 0.46438330909421194, 0.12539389957208003, 0.2459995609277783, 0.6841579428411401, 0.3492856392079007, 0.14374658120646777, 0.007281081678807366, 0.5932959321795486, 0.6414568833231916, 0.6618156637093043, 0.7690068438071043, 0.685369177446325, 0.5914869671894181], [0.3617710150686655, 0.7788122034845159, 0.0, 0.2708870585415084, 0.5137689010118922, 0.12549346162274003, 0.325669302498148, 0.6855440699485746, 0.3452160716681081, 0.1723312631540279, 0.007057398507269275, 0.593035763386204, 0.6471527030610765, 0.6724637306708091, 0.7790326985436115, 0.7031062385551298, 0.5974339598459627], [0.02255551906826936, 0.712977689838666, 0.0, 0.2241045676884947, 0.4848069634896867, 0.1298961104906527, 0.2659111457694522, 0.6809986782328901, 0.35322928031588363, 0.1634606375251808, 0.007057398507269275, 0.6009040052444465, 0.6439098833329945, 0.6578777790834708, 0.7827965551420132, 0.6786790887909688, 0.5897433873841054], [0.18234763673745524, 0.6048233012450925, 0.0, 0.17395776825449807, 0.4472343135290911, 0.12875614505605867, 0.29809907092772436, 0.6825444733532162, 0.36530522750252303, 0.1374556939271796, 0.007504523810135222, 0.6159679638864768, 0.6548707643482976, 0.6757791717265705, 0.7827911251473806, 0.7140028144369643, 0.595049186972119], [0.03438036132595945, 0.631344028768574, 0.0, 0.22231683084807333, 0.455323679811032, 0.13003761220077134, 0.28130700065446634, 0.6813803229190223, 0.3734887784432128, 0.1464058388771552, 0.007616154688146137, 0.613671993216031, 0.6628738657911694, 0.6800701199584753, 0.7856063949677692, 0.7153061298178796, 0.5986352182551673]]}