{"labels_1": ["1", "2", "3", "4", "5", "6", "7", "8", "9"], "labels_2": ["1", "2", "3", "4", "5", "6", "7", "8", "9"], "adj_matrix_1": [[0.0, 0.06475, 0.15198, 0.09405, 0.0561, 0.17701, 0.03688, 0.00081, 0.18651], [0.06475, 0.0, 0.20516, 0.03014, 0.0088, 0.22609, 0.10045, 0.06554, 0.23378], [0.15198, 0.20516, 0.0, 0.2274, 0.19837, 0.03053, 0.11903, 0.15128, 0.04277], [0.09405, 0.03014, 0.2274, 0.0, 0.03889, 0.24625, 0.12877, 0.09483, 0.25296], [0.0561, 0.0088, 0.19837, 0.03889, 0.0, 0.21989, 0.09203, 0.05689, 0.22785], [0.17701, 0.22609, 0.03053, 0.24625, 0.21989, 0.0, 0.14602, 0.17636, 0.01236], [0.03688, 0.10045, 0.11903, 0.12877, 0.09203, 0.14602, 0.0, 0.03607, 0.15638], [0.00081, 0.06554, 0.15128, 0.09483, 0.05689, 0.17636, 0.03607, 0.0, 0.18587], [0.18651, 0.23378, 0.04277, 0.25296, 0.22785, 0.01236, 0.15638, 0.18587, 0.0]], "adj_matrix_2": [[0.0, 0.23373, 0.01481, 0.07819, 0.25734, 0.02053, 0.15266, 0.24107, 0.22965], [0.23373, 0.0, 0.23081, 0.23201, 0.18056, 0.22936, 0.14543, 0.28626, 0.31979], [0.01481, 0.23081, 0.0, 0.09156, 0.26293, 0.00575, 0.14215, 0.25071, 0.24036], [0.07819, 0.23201, 0.09156, 0.0, 0.21593, 0.09659, 0.19553, 0.18453, 0.17006], [0.25734, 0.18056, 0.26293, 0.21593, 0.0, 0.26486, 0.26769, 0.14887, 0.20736], [0.02053, 0.22936, 0.00575, 0.09659, 0.26486, 0.0, 0.13786, 0.25433, 0.24445], [0.15266, 0.14543, 0.14215, 0.19553, 0.26769, 0.13786, 0.0, 0.31241, 0.32067], [0.24107, 0.28626, 0.25071, 0.18453, 0.14887, 0.25433, 0.31241, 0.0, 0.06623], [0.22965, 0.31979, 0.24036, 0.17006, 0.20736, 0.24445, 0.32067, 0.06623, 0.0]], "features_1": [[0.05108241606525965, 0.6496073136600445, 0.0, 0.1997216744739921, 0.47143006235447776, 0.12342336325884885, 0.3552061572955438, 0.6871883951065795, 0.31993042130423976, 0.13989279091800433, 0.0064410216040902135, 0.607384582199602, 0.6474465120467009, 0.6547805690875446, 0.7750856675137622, 0.6966851470707913, 0.5752000042302832], [0.1413838090066375, 0.6353352138572836, 0.0, 0.2239611857936646, 0.46009949024495345, 0.12788775761796084, 0.3202012184188021, 0.6838839262640515, 0.3699221156160053, 0.14407926700158225, 0.007448685839370306, 0.6112202941334122, 0.6451657919487515, 0.6611072744205453, 0.7844582772253703, 0.7073838020343854, 0.5934278785076516], [0.14757114544747507, 0.7449175312591205, 0.0, 0.21770384575876148, 0.5048211175013299, 0.1228650201998267, 0.3887318324979738, 0.6879145665816218, 0.3242286170075801, 0.16022293071935878, 0.006721420376576193, 0.5959169280083283, 0.6349276442776753, 0.6481146535033467, 0.7767129793524163, 0.719510859552898, 0.5756074010426442], [-0.12207753887448014, 0.779510357615675, 0.0, 0.21703673107148244, 0.5123690956554369, 0.12459175600063976, 0.393591513435004, 0.6869447270182536, 0.3355702334432549, 0.17119623952316698, 0.00683347364535547, 0.6120727019095875, 0.6571164411846554, 0.6715581085696268, 0.7799169519448917, 0.7062295190739588, 0.5782416874656943], [0.3111834672386635, 0.6324907550993157, 0.0, 0.19665334674673463, 0.4618785805914788, 0.12406514902173657, 0.3352338704658557, 0.6864779569877308, 0.34394155069542687, 0.13846436227558456, 0.007392832833969631, 0.5993865770829672, 0.6487597285428204, 0.6665539189493839, 0.7758270976378406, 0.6945806442069387, 0.5761059255645514], [0.3753569642648844, 0.7854069324034273, 0.0, 0.19446926638108325, 0.5128783131271838, 0.1258025986898104, 0.4246312407139257, 0.6869053776202758, 0.34989050944924327, 0.17200172925931678, 0.0069454663283523566, 0.5906485809565525, 0.6484797798060761, 0.6648812685203199, 0.7877340553054892, 0.705714229383217, 0.5786460839640692], [0.22940689794903601, 0.7474965977225784, 0.0, 0.2178728397079657, 0.5006768972397173, 0.12568542919415043, 0.3302438252608312, 0.6853919711245184, 0.34197121654021045, 0.16446430515837185, 0.007392832833969631, 0.6003329011801362, 0.6643187701159347, 0.682735121764124, 0.7786006588786328, 0.7101452188233814, 0.5803689631598495], [0.1817218752194032, 0.675857766923504, 0.0, 0.21676542603661283, 0.47788754267721273, 0.12160209634516164, 0.3291003607353694, 0.687799807237709, 0.3212842296408269, 0.14613005847211835, 0.006721420376576193, 0.5948415553259525, 0.6458717606253672, 0.6706003720621971, 0.7672873067064299, 0.6964627205795859, 0.5522462955412613], [0.6530884628104885, 0.6839201695578608, 0.0, 0.22734897943273857, 0.4805896915763996, 0.12427302525606783, 0.3537791033821769, 0.686590789769715, 0.34709209817581677, 0.1491772842513197, 0.00716927026363523, 0.58741429851771, 0.6522310514620022, 0.6778761488172259, 0.7764988123347665, 0.7111648171475715, 0.5722142983821165]], "features_2": [[0.66451999547761, 0.832227035888367, 0.0, 0.2808107629175155, 0.514972470680869, 0.13015347337835795, 0.2826513816874773, 0.6813318468267159, 0.37642568702028556, 0.18948759308293672, 0.007783488497544067, 0.584865967475692, 0.6474038449263916, 0.6771759019162875, 0.7850920872591552, 0.7050524427145922, 0.5977144584415184], [0.2705211876697713, 0.8148364071742734, 0.0, 0.27722277859845934, 0.5123764300472496, 0.12680493426559572, 0.2649906258950502, 0.6831466341020294, 0.34813576980100547, 0.18254606043897614, 0.007560346756364078, 0.595778100415119, 0.6340873321928584, 0.6567482810170509, 0.7715896583173488, 0.6826991139402164, 0.5932760282282358], [0.8214890884738875, 0.9792674724207497, 0.0, 0.2882969542150533, 0.5545864819389555, 0.12737216226542597, 0.24679949197304296, 0.6827458680364196, 0.35318238285061976, 0.2124838302509966, 0.007336964783822175, 0.582678192426195, 0.6307840759447557, 0.6529090393223674, 0.7737040396444474, 0.6963759030048421, 0.5906400409807585], [1.1268449801746394, 1.0356754724856754, 0.0, 0.26559880541820535, 0.5622747187114008, 0.12916217093272536, 0.18721286214828864, 0.6797814910425348, 0.35381409271723774, 0.2234800560328245, 0.007392832833969631, 0.5727524034836287, 0.6254164006819813, 0.6520970663270628, 0.7699833005041751, 0.6958320846796633, 0.5840785980806887], [0.22998853529358598, 0.8512039059264932, 0.0, 0.2416091893381982, 0.5277481853100124, 0.12286542097722024, 0.2722034567145933, 0.6861974229368925, 0.32020589235568253, 0.18180775220672962, 0.00677745458930179, 0.5956429102968932, 0.6184067372545531, 0.6446070975276909, 0.7613635180101407, 0.6859175803109709, 0.5723332675409162], [0.7667910844335162, 1.064715955522468, 0.0, 0.2898108039759138, 0.5754079363104171, 0.1278023870907418, 0.26636964664714, 0.6830288985767184, 0.35288554539420147, 0.2285541255482444, 0.007392832833969631, 0.5819088146356401, 0.6358924115701842, 0.6699648551445937, 0.7768462420970191, 0.6841204067911868, 0.5878420030392908], [0.497769822690743, 1.1565313413743648, 0.0, 0.2595320728290856, 0.5832438297412885, 0.1294772772269232, 0.15185311504715598, 0.6780476225484875, 0.3426454896228277, 0.24482158424693634, 0.007057398507269275, 0.5880086784962681, 0.6287153449733978, 0.6396733254733402, 0.7602334665072136, 0.689301343272582, 0.5769459072474937], [0.11948677292938825, 0.9117562119089643, 0.0, 0.1948483384593142, 0.5461309913677979, 0.12074969967532315, 0.2530375586364329, 0.6877380463819556, 0.32785528265154706, 0.1932318372197943, 0.0069454663283523566, 0.6132979348750056, 0.6447452266949858, 0.6684062194027698, 0.7581644544430531, 0.6813891873642713, 0.5545680563906807], [-0.027504210169257526, 0.9640375892078532, 0.0, 0.22660893467920262, 0.5523819482823173, 0.12339219205227003, 0.21607545794579935, 0.6851363171269564, 0.3370615016022207, 0.2073399430056848, 0.007392832833969631, 0.6131499675955612, 0.631972403297086, 0.6470644042701053, 0.7578373467532222, 0.6738439598294536, 0.5663426984124548]]}