{"labels_1": ["1", "2", "3", "4", "5", "6", "7", "8", "9"], "labels_2": ["1", "2", "3", "4", "5", "6", "7", "8", "9"], "adj_matrix_1": [[0.0, 0.15502, 0.06044, 0.1296, 0.16346, 0.13907, 0.32909, 0.13928, 0.18329], [0.15502, 0.0, 0.20421, 0.25463, 0.01017, 0.26097, 0.36548, 0.26134, 0.28974], [0.06044, 0.20421, 0.0, 0.0717, 0.21138, 0.08177, 0.29477, 0.08189, 0.12918], [0.1296, 0.25463, 0.0717, 0.0, 0.26009, 0.01032, 0.24251, 0.01043, 0.05964], [0.16346, 0.01017, 0.21138, 0.26009, 0.0, 0.26616, 0.36459, 0.26659, 0.29372], [0.13907, 0.26097, 0.08177, 0.01032, 0.26616, 0.0, 0.23425, 0.00012, 0.04943], [0.32909, 0.36548, 0.29477, 0.24251, 0.36459, 0.23425, 0.0, 0.23401, 0.19201], [0.13928, 0.26134, 0.08189, 0.01043, 0.26659, 0.00012, 0.23401, 0.0, 0.04931], [0.18329, 0.28974, 0.12918, 0.05964, 0.29372, 0.04943, 0.19201, 0.04931, 0.0]], "adj_matrix_2": [[0.0, 0.0, 0.00351, 0.20297, 0.00341, 0.09066, 0.16898, 0.06425, 0.26029], [0.0, 0.0, 0.0, 0.0, 0.01151, 0.0, 0.0, 0.0, 0.0], [0.00351, 0.0, 0.0, 0.20027, 0.00334, 0.09403, 0.16605, 0.06767, 0.2581], [0.20297, 0.0, 0.20027, 0.0, 0.00109, 0.26539, 0.04021, 0.24913, 0.0746], [0.00341, 0.01151, 0.00334, 0.00109, 0.0, 0.00566, 0.00134, 0.00488, 0.00076], [0.09066, 0.0, 0.09403, 0.26539, 0.00566, 0.0, 0.23866, 0.02742, 0.30803], [0.16898, 0.0, 0.16605, 0.04021, 0.00134, 0.23866, 0.0, 0.21998, 0.11362], [0.06425, 0.0, 0.06767, 0.24913, 0.00488, 0.02742, 0.21998, 0.0, 0.29647], [0.26029, 0.0, 0.2581, 0.0746, 0.00076, 0.30803, 0.11362, 0.29647, 0.0]], "features_1": [[0.20314535462269578, 0.8844670654370014, 0.0, 0.19524632386116778, 0.5348969230864562, 0.1291650576707318, 0.42657219311007777, 0.6834774581390387, 0.3803919336165058, 0.19873095592867696, 0.007504523810135222, 0.6091383288562697, 0.6507204787954927, 0.6711821073001575, 0.7792467381699263, 0.7233158400475879, 0.5933248055960365], [0.7294867498651407, 0.8825578617477364, 0.0, 0.23320086965020556, 0.5384426219748096, 0.12793977033239998, 0.6412362562101507, 0.6856871750370174, 0.3777710531366172, 0.19262797668704223, 0.007783488497544067, 0.5936809138308745, 0.6418215383569733, 0.6575964074899611, 0.7745281878482078, 0.7136018757808655, 0.5848770922271319], [0.3217472485173598, 1.0192054213094806, 0.0, 0.19415534535199364, 0.5710311047114687, 0.12785976448858113, 0.5224038785298084, 0.685013671516149, 0.3700548265111743, 0.22020412656441235, 0.00716927026363523, 0.6056878274565451, 0.649488263445614, 0.6623048011933994, 0.7745637077397832, 0.6986687622145393, 0.5934236728309803], [-0.0031816931060952847, 1.0362606862272352, 0.0, 0.16553884069483268, 0.5719895406377147, 0.12851098627732224, 0.3907810199393843, 0.6834604808703926, 0.37170368680997945, 0.22743732984764908, 0.007504523810135222, 0.613551572893211, 0.6430380278880891, 0.6632487334035703, 0.776693757939494, 0.6933804447485531, 0.5970602190301177], [0.5895476392067001, 0.8404143713772223, 0.0, 0.22106002001411978, 0.5313826839238018, 0.12411834469357602, 0.6837536177008054, 0.6881501893428449, 0.3519410744910485, 0.17929470014354187, 0.007225183508792421, 0.5959664531890563, 0.6293233776077326, 0.6572057239836273, 0.7688199315773624, 0.7105044064470607, 0.575117734128585], [-0.037785896221234516, 1.1096685561859394, 0.0, 0.190472224166175, 0.5843783107596281, 0.13240330539681838, 0.4335261194421228, 0.6811030925981043, 0.4010269516388618, 0.2453450549392917, 0.007392832833969631, 0.6171608712257854, 0.6344349301917985, 0.6477181237131966, 0.7844492739899149, 0.7127001574367442, 0.5985852354206291], [-0.4294675057601287, 1.0917830236381236, 0.0, 0.15347591917787712, 0.5789410991954449, 0.12994665291538002, 0.3861700730585177, 0.6813663687410482, 0.3653259023684927, 0.2399086117145679, 0.007616154688146137, 0.6350922259621261, 0.6594672092842863, 0.6679919874227492, 0.7734348883235211, 0.6801735191530333, 0.5994010779490943], [-0.1286551362685855, 0.8897753944300748, 0.0, 0.21379006133271125, 0.548149228484882, 0.12189075068501808, 0.548127571998559, 0.6891392884593734, 0.33386555164426035, 0.1901972853281959, 0.00716927026363523, 0.6118016856725053, 0.6411376231050913, 0.6644347158948817, 0.7714029640924861, 0.6966984943496993, 0.5692556209273841], [-0.21277695775097394, 0.9735469358540509, 0.0, 0.2043213755690596, 0.5647146292674879, 0.12326280132691768, 0.4570913902226984, 0.687681279180989, 0.3435851341534444, 0.20944700053768206, 0.007392832833969631, 0.6089655782416372, 0.6556161221267699, 0.6696555282548994, 0.7705096819891036, 0.6789902755110804, 0.5783811065857427]], "features_2": [[0.1333096986976683, 0.8560785997520688, 0.0, 0.26982208810797853, 0.5277695208649372, 0.13382200905527059, 0.521169899750096, 0.6825805409371295, 0.3710355072306233, 0.19345244065933076, 0.0069454663283523566, 0.6013931273834237, 0.6691346216826917, 0.6932115699872236, 0.8080208803021849, 0.6993944974901508, 0.5802571659270478], [6.807039698450712, 1.0003718693053374, 0.0, 0.3493917253384175, 0.5415420801548448, 0.14786870396406254, 0.4174228499880236, 0.6675310941308747, 0.4101552008563052, 0.21908357245657029, 0.007727725548673403, 0.5134391722472431, 0.6302948051919937, 0.6406006898528649, 0.8252222747948023, 0.7268566887810984, 0.5968476700203702], [0.19726453886580275, 1.013837942245298, 0.0, 0.26683945898876466, 0.5649646754111632, 0.13569246623548167, 0.49243430910526487, 0.6808388719010232, 0.38276678536136033, 0.22659558432907212, 0.007057398507269275, 0.6084180190021726, 0.6657704414182343, 0.6822525232242558, 0.8096424427119224, 0.7055805521602065, 0.5966153084786363], [-0.078597291501596, 0.9811833617732767, 0.0, 0.27508689544815845, 0.5625285663824536, 0.1296312256456073, 0.5612038257791816, 0.6852909846479689, 0.3567720941872967, 0.21620744905209932, 0.007057398507269275, 0.6131467363081251, 0.6512629268383132, 0.673773500004844, 0.7997345960049954, 0.704100450184014, 0.5751442922159016], [3.0298160886165615, 0.9782566734715665, 0.0, 0.32208867344242326, 0.5367311975937955, 0.14479153085196889, 0.31393012433625456, 0.6678746398598079, 0.4076971812630419, 0.2197979064233715, 0.00716927026363523, 0.5418904054512836, 0.6459667469589881, 0.6569773642399204, 0.8164022499656426, 0.7321967488922336, 0.6015300255473188], [0.1258328795572723, 1.1272852978834191, 0.0, 0.25582708137521054, 0.5833989904054476, 0.13891353533693176, 0.3707477000169007, 0.6765332912973925, 0.4106950644344649, 0.25411026236611844, 0.007504523810135222, 0.6131376026486701, 0.6615866899298302, 0.6860049951032193, 0.8117909787208201, 0.710037087481871, 0.6115482827207464], [-0.01899954737616394, 1.0202047570894, 0.0, 0.2268721031938513, 0.5674790493470238, 0.12964096024175106, 0.4085572421395291, 0.684158566742288, 0.35910336670874843, 0.22400509930502133, 0.00683347364535547, 0.6196890154052048, 0.6601162512566864, 0.6650082979622427, 0.7975453141236392, 0.7127525331773608, 0.5746238518742524], [0.32992705456331217, 0.9181060381853551, 0.0, 0.27970486307615744, 0.5343803019491244, 0.13689471141113146, 0.3309018044118289, 0.6771270087495262, 0.4114023523099919, 0.2132236009214794, 0.007950687539111767, 0.6044643632263065, 0.6375821748481604, 0.6668710963633998, 0.8069448214661848, 0.7234414280948714, 0.5883434932098961], [-0.22896569448881854, 0.9701455387898323, 0.0, 0.2381863647014863, 0.5508041976140254, 0.133036257269607, 0.34694731982154253, 0.6807502589120071, 0.3891158302938258, 0.22318732651438222, 0.007504523810135222, 0.6258992091982993, 0.6722891528061122, 0.697194762865563, 0.8007647217183359, 0.7195872985676729, 0.5818687253213232]]}