{"labels_1": ["1", "2", "3", "4", "5", "6", "7", "8", "9"], "labels_2": ["1", "2", "3", "4", "5", "6", "7", "8", "9"], "adj_matrix_1": [[0.0, 0.10748, 0.1187, 0.06518, 0.14101, 0.03749, 0.23282, 0.09436, 0.14342], [0.10748, 0.0, 0.21587, 0.16852, 0.03515, 0.14301, 0.30474, 0.19466, 0.23672], [0.1187, 0.21587, 0.0, 0.05525, 0.24449, 0.08267, 0.13222, 0.02553, 0.02667], [0.06518, 0.16852, 0.05525, 0.0, 0.19981, 0.02795, 0.18085, 0.02989, 0.08138], [0.14101, 0.03515, 0.24449, 0.19981, 0.0, 0.17538, 0.32416, 0.2246, 0.26381], [0.03749, 0.14301, 0.08267, 0.02795, 0.17538, 0.0, 0.20377, 0.05764, 0.10828], [0.23282, 0.30474, 0.13222, 0.18085, 0.32416, 0.20377, 0.0, 0.15512, 0.10751], [0.09436, 0.19466, 0.02553, 0.02989, 0.2246, 0.05764, 0.15512, 0.0, 0.05205], [0.14342, 0.23672, 0.02667, 0.08138, 0.26381, 0.10828, 0.10751, 0.05205, 0.0]], "adj_matrix_2": [[0.0, 0.04107, 0.06259, 0.03477, 0.31852, 0.02478, 0.08985, 0.26625, 0.07509], [0.04107, 0.0, 0.1028, 0.07548, 0.3081, 0.06562, 0.12939, 0.27008, 0.03439], [0.06259, 0.1028, 0.0, 0.02801, 0.3296, 0.03799, 0.02774, 0.25814, 0.13555], [0.03477, 0.07548, 0.02801, 0.0, 0.32516, 0.01002, 0.05562, 0.26186, 0.10889], [0.31852, 0.3081, 0.3296, 0.32516, 0.0, 0.32338, 0.33296, 0.14514, 0.29725], [0.02478, 0.06562, 0.03799, 0.01002, 0.32338, 0.0, 0.06553, 0.26315, 0.09924], [0.08985, 0.12939, 0.02774, 0.05562, 0.33296, 0.06553, 0.0, 0.25401, 0.16135], [0.26625, 0.27008, 0.25814, 0.26186, 0.14514, 0.26315, 0.25401, 0.0, 0.27215], [0.07509, 0.03439, 0.13555, 0.10889, 0.29725, 0.09924, 0.16135, 0.27215, 0.0]], "features_1": [[-0.2536270953751303, 0.8316505613692671, 0.0, 0.21636498688829398, 0.5108307267936896, 0.13482065138568577, 0.2866536594529478, 0.677393413739337, 0.413350939521012, 0.19954868048423924, 0.007894969482732161, 0.6262034999055341, 0.6636360751959397, 0.6992406823602523, 0.7990786879614152, 0.7240463249958278, 0.6117209333971189], [-0.3441586041955085, 0.8719818389730739, 0.0, 0.2147194122240584, 0.5209728681254753, 0.1372725433744763, 0.2936020493423669, 0.6757196295991275, 0.4182656476077071, 0.21207140294859794, 0.008006390651371653, 0.6417413136887622, 0.6723639510578628, 0.7114744461249491, 0.8063448164864809, 0.7265653586451903, 0.6182283504156566], [-0.2989212148407736, 0.9859509259742075, 0.0, 0.21346167114760206, 0.548540113401884, 0.1363117799800563, 0.27098720564313084, 0.6757779017505279, 0.4159707216774582, 0.2334534852657737, 0.007894969482732161, 0.6294332597237595, 0.6716331702975453, 0.7013506720127731, 0.8010146895097322, 0.7322300609750295, 0.6171666020141396], [-0.323758194660519, 0.9956401855885575, 0.0, 0.1942882549060873, 0.5487096831489574, 0.13699873088629894, 0.2464659787875604, 0.6740523564140419, 0.42289034442926887, 0.23623134889928843, 0.008117752083540042, 0.6260485174049983, 0.6680753600915615, 0.7051689792548033, 0.799306391378585, 0.7258296986073485, 0.6153280531211412], [-0.28879002211440064, 0.8793122629948217, 0.0, 0.21658446125568645, 0.5200688765284917, 0.1384157756997802, 0.2961172625967542, 0.6746915869650929, 0.422128667048592, 0.2142376931863419, 0.008006390651371653, 0.6343747816205185, 0.6773646879403837, 0.7099604155145, 0.8087102466076553, 0.7333131717138605, 0.6227939749377964], [-0.29124076451480496, 1.0218368077052185, 0.0, 0.2017636227092994, 0.558886065280569, 0.13630596327934302, 0.3082857656513994, 0.6770500414289902, 0.42156874071447237, 0.2417490538483884, 0.007894969482732161, 0.6350708591667467, 0.6815305137651211, 0.7122690756449084, 0.8054250931948408, 0.7333769518698495, 0.6209278763035038], [-0.11241682712690926, 0.9804033519535995, 0.0, 0.21785177128556318, 0.5465777632833516, 0.13704861430889237, 0.29807635213749606, 0.6759694381354728, 0.41956051995350485, 0.23206587678032187, 0.008117752083540042, 0.6186140854268509, 0.6723419224061027, 0.7086738655491429, 0.8054721453245397, 0.7178422341763124, 0.6225441431105089], [-0.061774111950260835, 0.9151444622768309, 0.0, 0.20350010795950685, 0.5314704911967648, 0.137688587551828, 0.3224157078057438, 0.6763466434604253, 0.4242170919452193, 0.22086751336330224, 0.00822905385914674, 0.6237069477711501, 0.6761496661561032, 0.7192734851521654, 0.8103627930839671, 0.7345964871263071, 0.6212456022449797], [-0.015543268837554969, 0.9158484809641884, 0.0, 0.22458636894009176, 0.5335932605263357, 0.13736238037249862, 0.33684299539154167, 0.6770490419084694, 0.42559036299302444, 0.21991494517255106, 0.00822905385914674, 0.623182129221981, 0.6789185280124498, 0.7129866853533385, 0.8109161964729367, 0.7483983589598356, 0.6253969501640075]], "features_2": [[-0.26093614799296416, 0.7480578138962231, 0.0, 0.21782511243612523, 0.5137998183842103, 0.11888812635708987, 0.362474555365651, 0.6899150758709567, 0.3201586705562165, 0.15991179731059124, 0.00677745458930179, 0.6206116140567368, 0.6470586201572862, 0.6642987266246018, 0.7623116042899957, 0.6792361687436745, 0.5477399606935448], [-0.0778129043714828, 0.7409568237976336, 0.0, 0.18873438097802117, 0.505265050653425, 0.12423669946270016, 0.35053721236819585, 0.6870729697178488, 0.34916304574249657, 0.1660562177356557, 0.007281081678807366, 0.6108039608768188, 0.6624233358742183, 0.6798420692160739, 0.777247519729249, 0.6873109807827239, 0.5784238089365703], [-0.22159826858669307, 0.8616041045096423, 0.0, 0.21546619430910602, 0.548441729186964, 0.11865689355914102, 0.406910450165055, 0.6903787343333706, 0.3180430549978859, 0.18256465360924556, 0.0066653709969386465, 0.6213762360389854, 0.6655176208928324, 0.6714206130678275, 0.7673162577199959, 0.6696655853920919, 0.5523363524993347], [-0.3037893155221174, 0.8801834560565409, 0.0, 0.21521879612727407, 0.5485266092510067, 0.1201419889639033, 0.3719814307694115, 0.689258093000285, 0.3240486240520195, 0.18865218003123707, 0.00711334193318236, 0.6212363356574713, 0.6541549910134403, 0.6639313340241519, 0.7656907255700656, 0.6886889747175989, 0.5584959438924743], [0.4463418364811327, 0.7222802134967765, 0.0, 0.2500272504596995, 0.4982504084769337, 0.1242475420276107, 0.3476771467769062, 0.6869382911719271, 0.3524718151382611, 0.15930713013439957, 0.006889477554966383, 0.5888273034983271, 0.6567228227204173, 0.6714065392699836, 0.7772030224139816, 0.6883494473922251, 0.5780951254243001], [-0.1288842329566826, 0.8675673586014077, 0.0, 0.20296055369058363, 0.5481373496591911, 0.12041335185339816, 0.4724428469812196, 0.6901626943918739, 0.32688604876294436, 0.18462374113047209, 0.00683347364535547, 0.613075839597975, 0.6711395066186967, 0.6763156395353288, 0.7780762380087028, 0.6993538722577133, 0.5594136633957351], [-0.05826497187873558, 0.8882726262931777, 0.0, 0.22752498098844184, 0.5488321602879956, 0.11882243328643292, 0.3634407992845439, 0.6897522832709425, 0.3279961584011146, 0.18712557502802563, 0.007057398507269275, 0.6129080528208943, 0.6511665288817011, 0.6658417298696778, 0.7631355241513791, 0.6902661689268381, 0.5502939828990123], [1.3041831202962006, 0.7235579958380383, 0.0, 0.2821063774858521, 0.4958361999484713, 0.12116654265502699, 0.26809937704522824, 0.6873767019627319, 0.3386950127119064, 0.15252478684996262, 0.00716927026363523, 0.5643065148369337, 0.6355105509979458, 0.6379537899500543, 0.7606532332145649, 0.694761247882256, 0.5689018279295395], [0.40897658440247175, 0.7809168820921983, 0.0, 0.23401614342200333, 0.5120670552126647, 0.12195010574089991, 0.26693568445015714, 0.6869113323725164, 0.3365400609468858, 0.16665668393966393, 0.006721420376576193, 0.6028438282975059, 0.6278537465668214, 0.6409898152648238, 0.7623528369684665, 0.6902174729790314, 0.5694690386727844]]}