{"labels_1": ["1", "2", "3", "4", "5", "6", "7", "8", "9"], "labels_2": ["1", "2", "3", "4", "5", "6", "7", "8", "9"], "adj_matrix_1": [[0.0, 0.02142, 0.04548, 0.26932, 0.09222, 0.2678, 0.35589, 0.24523, 0.26244], [0.02142, 0.0, 0.02422, 0.25821, 0.07174, 0.25658, 0.35573, 0.2321, 0.25071], [0.04548, 0.02422, 0.0, 0.24394, 0.04805, 0.24221, 0.35362, 0.21563, 0.23576], [0.26932, 0.25821, 0.24394, 0.0, 0.21049, 0.00245, 0.20194, 0.03919, 0.01172], [0.09222, 0.07174, 0.04805, 0.21049, 0.0, 0.2085, 0.34296, 0.17849, 0.20119], [0.2678, 0.25658, 0.24221, 0.00245, 0.2085, 0.0, 0.20405, 0.03674, 0.00927], [0.35589, 0.35573, 0.35362, 0.20194, 0.34296, 0.20405, 0.0, 0.23448, 0.21191], [0.24523, 0.2321, 0.21563, 0.03919, 0.17849, 0.03674, 0.23448, 0.0, 0.02752], [0.26244, 0.25071, 0.23576, 0.01172, 0.20119, 0.00927, 0.21191, 0.02752, 0.0]], "adj_matrix_2": [[0.0, 0.25001, 0.08072, 0.05751, 0.30434, 0.0601, 0.17409, 0.18941, 0.01105], [0.25001, 0.0, 0.28931, 0.28011, 0.0894, 0.28125, 0.09873, 0.30029, 0.25658], [0.08072, 0.28931, 0.0, 0.02399, 0.32548, 0.02136, 0.23245, 0.12553, 0.07011], [0.05751, 0.28011, 0.02399, 0.0, 0.3218, 0.00264, 0.21735, 0.14558, 0.04667], [0.30434, 0.0894, 0.32548, 0.3218, 0.0, 0.32232, 0.182, 0.30682, 0.30858], [0.0601, 0.28125, 0.02136, 0.00264, 0.32232, 0.0, 0.21905, 0.14349, 0.04928], [0.17409, 0.09873, 0.23245, 0.21735, 0.182, 0.21905, 0.0, 0.27906, 0.18298], [0.18941, 0.30029, 0.12553, 0.14558, 0.30682, 0.14349, 0.27906, 0.0, 0.18162], [0.01105, 0.25658, 0.07011, 0.04667, 0.30858, 0.04928, 0.18298, 0.18162, 0.0]], "features_1": [[0.3355977009949891, 0.735729709339178, 0.0, 0.24952194354027304, 0.4924879624183979, 0.12241776906510127, 0.18848134471148512, 0.6856243790112493, 0.33049886257142114, 0.160644715209739, 0.00716927026363523, 0.5991533435799479, 0.6241873324227614, 0.6445766408335999, 0.7536301113304543, 0.6747109000817832, 0.5562634177462384], [0.29991474490682446, 0.7539899646041468, 0.0, 0.27767129639814475, 0.4917448221617614, 0.12690449009955188, 0.23027814322744292, 0.6817233393301803, 0.3497435463552385, 0.16833686534647385, 0.00716927026363523, 0.5965304587063125, 0.6303343929756162, 0.6312453697964566, 0.761788288970619, 0.7050008172686321, 0.5717907467372348], [0.13296211347702735, 0.8577479592758019, 0.0, 0.24663787583667524, 0.526407328051231, 0.12284049081466061, 0.1283221976108436, 0.6844199887641711, 0.3275649582342399, 0.18626675789045666, 0.00716927026363523, 0.6058834811386589, 0.6313971519236214, 0.646347277102264, 0.7463226163993577, 0.6668372258161412, 0.5517332462358164], [0.24217783560785566, 0.8002450979852664, 0.0, 0.24620123001980632, 0.508809695136341, 0.1251794735364371, 0.19191184045722096, 0.6837604958740098, 0.3513862336713647, 0.17700098003391096, 0.007504523810135222, 0.6072466129456495, 0.6359388619083832, 0.655830299036393, 0.7627193867693821, 0.6964090520335402, 0.5718106068886718], [0.32763553056896333, 0.7360910697627533, 0.0, 0.2872532275474903, 0.4830103800353406, 0.12897344660021587, 0.2706443570427631, 0.6797732913704159, 0.3538921589310844, 0.16520865681428387, 0.007225183508792421, 0.5995121238173311, 0.6251040905419181, 0.6312555101990486, 0.7633388475391983, 0.7040889200738681, 0.5634974272366141], [0.044684150899443775, 0.8716691562349872, 0.0, 0.2648984923244328, 0.5286115506755239, 0.12479675462210177, 0.1667722053793163, 0.6834253561828294, 0.3384051594109587, 0.1903020656707255, 0.00711334193318236, 0.6106634103118291, 0.6275316608829113, 0.6477105976790253, 0.7560788508757784, 0.6807776627640877, 0.5629870163619086], [-0.015414491119716267, 0.7790588598895378, 0.0, 0.24491942949749418, 0.4994154738781543, 0.12679316929688894, 0.19059257265029786, 0.6818652016055391, 0.3607401008252269, 0.17641143912037793, 0.007281081678807366, 0.6247530623730904, 0.6438811672517427, 0.6484041763911588, 0.7625984465838705, 0.6598416955284162, 0.5642442267966636], [0.17141684792659717, 0.6975405460476688, 0.0, 0.2588216670947352, 0.475058547319873, 0.1267782954709149, 0.21571177964311375, 0.6820424752221081, 0.35837045248354094, 0.15579499353716297, 0.007448685839370306, 0.6193554575132634, 0.6276055205369786, 0.6491795760619369, 0.7609398418028628, 0.681648551066508, 0.5737399680186838], [0.36456462665135225, 0.7537975878957718, 0.0, 0.2702226581470961, 0.493630542120696, 0.12548284169600982, 0.16834130783151124, 0.6827031849492537, 0.35950680455417894, 0.16645457382939677, 0.007671947615560004, 0.6069402112147597, 0.6250261990491875, 0.6364513878890464, 0.7562282961780988, 0.6934505201917011, 0.5618335080718801]], "features_2": [[0.0022194878314993893, 0.820534776361236, 0.0, 0.24360145498202715, 0.5338738641831932, 0.12110509466255595, 0.40286923200860014, 0.6893427087914157, 0.3365027373470246, 0.17694515592370763, 0.00711334193318236, 0.6015595227751878, 0.6525572572899107, 0.6798953612871639, 0.7763415978480936, 0.6834570937314779, 0.573898637250418], [-0.43745375352657456, 0.7460147455805731, 0.0, 0.19546421228467803, 0.5096215305156382, 0.12431044999955676, 0.39937146176634286, 0.6877248369190888, 0.35447873174582334, 0.1681700111830713, 0.00711334193318236, 0.6241098547621688, 0.6751009653569049, 0.7013149736597979, 0.7844765048576182, 0.7049232506529509, 0.590192240432592], [0.11997019354885996, 0.9112210961140934, 0.0, 0.24835071772783046, 0.5623116280704994, 0.12009052510012855, 0.4315167722004659, 0.6902563355845631, 0.33468157595225345, 0.1935447614255703, 0.006889477554966383, 0.5942277913414351, 0.645918156565759, 0.6792957829724267, 0.7770791578885871, 0.6932276512870291, 0.5718261100489122], [-0.03377974033011233, 1.008605069722472, 0.0, 0.2321073969953278, 0.5760834746252808, 0.12279678351165879, 0.3596100246755881, 0.6878656171865768, 0.3451518935473976, 0.21600988432997714, 0.007057398507269275, 0.6052471932333394, 0.6557488177418591, 0.674096674196047, 0.7748513633209196, 0.6997007470954798, 0.5719095014614427], [-0.26027992513660925, 0.7466033784312006, 0.0, 0.17044822111354282, 0.5040979849587047, 0.126787162248327, 0.3496236131108468, 0.6854267443059289, 0.35984983976392004, 0.16941761288882118, 0.007448685839370306, 0.621327935135807, 0.6616344507568134, 0.689650313888526, 0.7855645110973483, 0.6936584711820747, 0.59415938701282], [0.08738348761911174, 0.928019598626028, 0.0, 0.2870879597861786, 0.5616626121787135, 0.1262736344487097, 0.4946947427918332, 0.6883485761825632, 0.3718057114244808, 0.20524209372983981, 0.007392832833969631, 0.6047056553613073, 0.6742292987175628, 0.7108244879779576, 0.7967373124462791, 0.7074509921519163, 0.5844802842605324], [0.09953964468753007, 1.010289301070791, 0.0, 0.21523228834580888, 0.5702459082249922, 0.12664995416089395, 0.3534968798372063, 0.6846778816751531, 0.3604991577552028, 0.21858861471672886, 0.0069454663283523566, 0.6074095627537144, 0.6557593342907341, 0.6649997252653231, 0.7750606565940925, 0.7000420829251156, 0.5805137351354204], [0.3876168408542986, 0.7883021799818569, 0.0, 0.284388623084026, 0.518154978894576, 0.12138024026411154, 0.3242888698810432, 0.6881287543829088, 0.3259173270881781, 0.167731071958521, 0.007057398507269275, 0.5816579838229614, 0.6471523367377222, 0.672757442077517, 0.7669500583384536, 0.689927305206417, 0.5763876045222714], [0.1323476020885952, 0.8610247396374994, 0.0, 0.28610604805741774, 0.5386932968229539, 0.12065469721102809, 0.3010985146054111, 0.6882496562686644, 0.3235085363066481, 0.18260817575527, 0.006609306440138685, 0.592776472533902, 0.6332378625275124, 0.6566232497590734, 0.7622237898320536, 0.679142809901688, 0.576570875217679]]}