{"labels_1": ["1", "2", "3", "4", "5", "6", "7", "8", "9"], "labels_2": ["1", "2", "3", "4", "5", "6", "7", "8", "9"], "adj_matrix_1": [[0.0, 0.02142, 0.04548, 0.26932, 0.09222, 0.2678, 0.35589, 0.24523, 0.26244], [0.02142, 0.0, 0.02422, 0.25821, 0.07174, 0.25658, 0.35573, 0.2321, 0.25071], [0.04548, 0.02422, 0.0, 0.24394, 0.04805, 0.24221, 0.35362, 0.21563, 0.23576], [0.26932, 0.25821, 0.24394, 0.0, 0.21049, 0.00245, 0.20194, 0.03919, 0.01172], [0.09222, 0.07174, 0.04805, 0.21049, 0.0, 0.2085, 0.34296, 0.17849, 0.20119], [0.2678, 0.25658, 0.24221, 0.00245, 0.2085, 0.0, 0.20405, 0.03674, 0.00927], [0.35589, 0.35573, 0.35362, 0.20194, 0.34296, 0.20405, 0.0, 0.23448, 0.21191], [0.24523, 0.2321, 0.21563, 0.03919, 0.17849, 0.03674, 0.23448, 0.0, 0.02752], [0.26244, 0.25071, 0.23576, 0.01172, 0.20119, 0.00927, 0.21191, 0.02752, 0.0]], "adj_matrix_2": [[0.0, 0.23745, 0.01285, 0.2134, 0.30534, 0.25602, 0.3037, 0.26402, 0.31087], [0.23745, 0.0, 0.23135, 0.04042, 0.18006, 0.03721, 0.17531, 0.05424, 0.20882], [0.01285, 0.23135, 0.0, 0.20594, 0.30615, 0.25151, 0.3046, 0.26, 0.31292], [0.2134, 0.04042, 0.20594, 0.0, 0.21252, 0.07703, 0.20823, 0.09358, 0.23891], [0.30534, 0.18006, 0.30615, 0.21252, 0.0, 0.14748, 0.00532, 0.13184, 0.03433], [0.25602, 0.03721, 0.25151, 0.07703, 0.14748, 0.0, 0.14265, 0.01718, 0.17819], [0.3037, 0.17531, 0.3046, 0.20823, 0.00532, 0.14265, 0.0, 0.12679, 0.03963], [0.26402, 0.05424, 0.26, 0.09358, 0.13184, 0.01718, 0.12679, 0.0, 0.16321], [0.31087, 0.20882, 0.31292, 0.23891, 0.03433, 0.17819, 0.03963, 0.16321, 0.0]], "features_1": [[0.3355977009949891, 0.735729709339178, 0.0, 0.24952194354027304, 0.4924879624183979, 0.12241776906510127, 0.18848134471148512, 0.6856243790112493, 0.33049886257142114, 0.160644715209739, 0.00716927026363523, 0.5991533435799479, 0.6241873324227614, 0.6445766408335999, 0.7536301113304543, 0.6747109000817832, 0.5562634177462384], [0.29991474490682446, 0.7539899646041468, 0.0, 0.27767129639814475, 0.4917448221617614, 0.12690449009955188, 0.23027814322744292, 0.6817233393301803, 0.3497435463552385, 0.16833686534647385, 0.00716927026363523, 0.5965304587063125, 0.6303343929756162, 0.6312453697964566, 0.761788288970619, 0.7050008172686321, 0.5717907467372348], [0.13296211347702735, 0.8577479592758019, 0.0, 0.24663787583667524, 0.526407328051231, 0.12284049081466061, 0.1283221976108436, 0.6844199887641711, 0.3275649582342399, 0.18626675789045666, 0.00716927026363523, 0.6058834811386589, 0.6313971519236214, 0.646347277102264, 0.7463226163993577, 0.6668372258161412, 0.5517332462358164], [0.24217783560785566, 0.8002450979852664, 0.0, 0.24620123001980632, 0.508809695136341, 0.1251794735364371, 0.19191184045722096, 0.6837604958740098, 0.3513862336713647, 0.17700098003391096, 0.007504523810135222, 0.6072466129456495, 0.6359388619083832, 0.655830299036393, 0.7627193867693821, 0.6964090520335402, 0.5718106068886718], [0.32763553056896333, 0.7360910697627533, 0.0, 0.2872532275474903, 0.4830103800353406, 0.12897344660021587, 0.2706443570427631, 0.6797732913704159, 0.3538921589310844, 0.16520865681428387, 0.007225183508792421, 0.5995121238173311, 0.6251040905419181, 0.6312555101990486, 0.7633388475391983, 0.7040889200738681, 0.5634974272366141], [0.044684150899443775, 0.8716691562349872, 0.0, 0.2648984923244328, 0.5286115506755239, 0.12479675462210177, 0.1667722053793163, 0.6834253561828294, 0.3384051594109587, 0.1903020656707255, 0.00711334193318236, 0.6106634103118291, 0.6275316608829113, 0.6477105976790253, 0.7560788508757784, 0.6807776627640877, 0.5629870163619086], [-0.015414491119716267, 0.7790588598895378, 0.0, 0.24491942949749418, 0.4994154738781543, 0.12679316929688894, 0.19059257265029786, 0.6818652016055391, 0.3607401008252269, 0.17641143912037793, 0.007281081678807366, 0.6247530623730904, 0.6438811672517427, 0.6484041763911588, 0.7625984465838705, 0.6598416955284162, 0.5642442267966636], [0.17141684792659717, 0.6975405460476688, 0.0, 0.2588216670947352, 0.475058547319873, 0.1267782954709149, 0.21571177964311375, 0.6820424752221081, 0.35837045248354094, 0.15579499353716297, 0.007448685839370306, 0.6193554575132634, 0.6276055205369786, 0.6491795760619369, 0.7609398418028628, 0.681648551066508, 0.5737399680186838], [0.36456462665135225, 0.7537975878957718, 0.0, 0.2702226581470961, 0.493630542120696, 0.12548284169600982, 0.16834130783151124, 0.6827031849492537, 0.35950680455417894, 0.16645457382939677, 0.007671947615560004, 0.6069402112147597, 0.6250261990491875, 0.6364513878890464, 0.7562282961780988, 0.6934505201917011, 0.5618335080718801]], "features_2": [[0.5797429447139995, 0.8045642984136602, 0.0, 0.23587183386487173, 0.5382807136801099, 0.11727213562178569, 0.5106504645417758, 0.6914607155349511, 0.30620767431466556, 0.16284949656073877, 0.006384896235913207, 0.5691669745097521, 0.6428112537358344, 0.65202371841822, 0.7688028644656795, 0.7092380551371819, 0.5705579439467233], [0.2571363355826364, 0.8177781240161134, 0.0, 0.22051764874453314, 0.5254023099951675, 0.1250356169253996, 0.30019986553921, 0.685824520982971, 0.352930232075614, 0.1787541583074903, 0.006889477554966383, 0.5964844939656895, 0.652132775747901, 0.6709596416849823, 0.7748995341583141, 0.7109039683009207, 0.5912038728501091], [0.5123686703432817, 0.9588364612762961, 0.0, 0.23074354909808006, 0.5770498682848236, 0.11869069714053751, 0.503067303442451, 0.6909305934986218, 0.32745348415625997, 0.19614654378634322, 0.00655322669591385, 0.5731856766175762, 0.6553537846718148, 0.6777596312663836, 0.7701385004277265, 0.7210512413075668, 0.5775446966024143], [0.39081871622176356, 0.9751328660247417, 0.0, 0.23386658481479236, 0.5807177041028685, 0.11913721719039921, 0.5479895924102998, 0.6909543334772412, 0.3278250329190242, 0.200065068077673, 0.006497131753992358, 0.5841655582425593, 0.6490316454154771, 0.6842499080997212, 0.7729435324179517, 0.7178506129347119, 0.5693209703541726], [-0.1625082356255052, 0.7699320978673065, 0.0, 0.19744263445811444, 0.5126454650073085, 0.12512043896064454, 0.3712927952111912, 0.6868069609762797, 0.36034808065179136, 0.17263261972993615, 0.007504523810135222, 0.6191357965284787, 0.6544753530335902, 0.6840636350119119, 0.7832758651827881, 0.6950095351483365, 0.5905763760357808], [0.2740276243963997, 1.0145096049310376, 0.0, 0.2058876240504066, 0.5840054662124751, 0.12542841199611018, 0.4940685896292386, 0.6883516858677061, 0.3690581290301189, 0.21689366107484775, 0.00711334193318236, 0.5969291369458269, 0.662860978473459, 0.6944807565592449, 0.7882473099279635, 0.717363633352731, 0.5926315788570264], [0.12154793396093888, 1.0574801641611318, 0.0, 0.212059121424351, 0.5887027474769453, 0.118999648202731, 0.27638697115480115, 0.6888071007149535, 0.30846856284439417, 0.21736941538383991, 0.00683347364535547, 0.601628194840369, 0.6354733844895736, 0.6469221588798157, 0.7511168129976936, 0.6706301610230649, 0.5636175057408823], [0.14094903941150783, 0.832861956107261, 0.0, 0.23177285376212842, 0.5458261345060598, 0.11578947435873321, 0.47443420339535936, 0.6917488537395485, 0.3046350382451566, 0.16954106819652237, 0.006721420376576193, 0.5973791532569996, 0.6497001592099135, 0.6516033765235958, 0.7629863085704244, 0.6935524539747356, 0.5643152851397812], [0.04334334656763783, 0.892443203700098, 0.0, 0.22286168567074993, 0.5614547673594333, 0.11564775220689824, 0.4377150120153644, 0.6916858944062918, 0.3002501842957688, 0.18153013447294208, 0.006497131753992358, 0.6077129329479409, 0.6622043517883278, 0.6660517170589042, 0.7605992397035939, 0.6820270836503499, 0.5704595263219813]]}