{"labels_1": ["1", "2", "3", "4", "5", "6", "7", "8", "9"], "labels_2": ["1", "2", "3", "4", "5", "6", "7", "8", "9"], "adj_matrix_1": [[0.0, 0.02142, 0.04548, 0.26932, 0.09222, 0.2678, 0.35589, 0.24523, 0.26244], [0.02142, 0.0, 0.02422, 0.25821, 0.07174, 0.25658, 0.35573, 0.2321, 0.25071], [0.04548, 0.02422, 0.0, 0.24394, 0.04805, 0.24221, 0.35362, 0.21563, 0.23576], [0.26932, 0.25821, 0.24394, 0.0, 0.21049, 0.00245, 0.20194, 0.03919, 0.01172], [0.09222, 0.07174, 0.04805, 0.21049, 0.0, 0.2085, 0.34296, 0.17849, 0.20119], [0.2678, 0.25658, 0.24221, 0.00245, 0.2085, 0.0, 0.20405, 0.03674, 0.00927], [0.35589, 0.35573, 0.35362, 0.20194, 0.34296, 0.20405, 0.0, 0.23448, 0.21191], [0.24523, 0.2321, 0.21563, 0.03919, 0.17849, 0.03674, 0.23448, 0.0, 0.02752], [0.26244, 0.25071, 0.23576, 0.01172, 0.20119, 0.00927, 0.21191, 0.02752, 0.0]], "adj_matrix_2": [[0.0, 0.2912, 0.26071, 0.13294, 0.15659, 0.22932, 0.27373, 0.2132, 0.13978], [0.2912, 0.0, 0.17216, 0.26251, 0.25308, 0.12793, 0.1511, 0.14585, 0.19236], [0.26071, 0.17216, 0.0, 0.1617, 0.13902, 0.22931, 0.02769, 0.23036, 0.20535], [0.13294, 0.26251, 0.1617, 0.0, 0.02633, 0.24513, 0.18359, 0.23426, 0.17216], [0.15659, 0.25308, 0.13902, 0.02633, 0.0, 0.24607, 0.1623, 0.23668, 0.17837], [0.22932, 0.12793, 0.22931, 0.24513, 0.24607, 0.0, 0.22082, 0.02444, 0.11743], [0.27373, 0.1511, 0.02769, 0.18359, 0.1623, 0.22082, 0.0, 0.22426, 0.20804], [0.2132, 0.14585, 0.23036, 0.23426, 0.23668, 0.02444, 0.22426, 0.0, 0.09766], [0.13978, 0.19236, 0.20535, 0.17216, 0.17837, 0.11743, 0.20804, 0.09766, 0.0]], "features_1": [[0.3355977009949891, 0.735729709339178, 0.0, 0.24952194354027304, 0.4924879624183979, 0.12241776906510127, 0.18848134471148512, 0.6856243790112493, 0.33049886257142114, 0.160644715209739, 0.00716927026363523, 0.5991533435799479, 0.6241873324227614, 0.6445766408335999, 0.7536301113304543, 0.6747109000817832, 0.5562634177462384], [0.29991474490682446, 0.7539899646041468, 0.0, 0.27767129639814475, 0.4917448221617614, 0.12690449009955188, 0.23027814322744292, 0.6817233393301803, 0.3497435463552385, 0.16833686534647385, 0.00716927026363523, 0.5965304587063125, 0.6303343929756162, 0.6312453697964566, 0.761788288970619, 0.7050008172686321, 0.5717907467372348], [0.13296211347702735, 0.8577479592758019, 0.0, 0.24663787583667524, 0.526407328051231, 0.12284049081466061, 0.1283221976108436, 0.6844199887641711, 0.3275649582342399, 0.18626675789045666, 0.00716927026363523, 0.6058834811386589, 0.6313971519236214, 0.646347277102264, 0.7463226163993577, 0.6668372258161412, 0.5517332462358164], [0.24217783560785566, 0.8002450979852664, 0.0, 0.24620123001980632, 0.508809695136341, 0.1251794735364371, 0.19191184045722096, 0.6837604958740098, 0.3513862336713647, 0.17700098003391096, 0.007504523810135222, 0.6072466129456495, 0.6359388619083832, 0.655830299036393, 0.7627193867693821, 0.6964090520335402, 0.5718106068886718], [0.32763553056896333, 0.7360910697627533, 0.0, 0.2872532275474903, 0.4830103800353406, 0.12897344660021587, 0.2706443570427631, 0.6797732913704159, 0.3538921589310844, 0.16520865681428387, 0.007225183508792421, 0.5995121238173311, 0.6251040905419181, 0.6312555101990486, 0.7633388475391983, 0.7040889200738681, 0.5634974272366141], [0.044684150899443775, 0.8716691562349872, 0.0, 0.2648984923244328, 0.5286115506755239, 0.12479675462210177, 0.1667722053793163, 0.6834253561828294, 0.3384051594109587, 0.1903020656707255, 0.00711334193318236, 0.6106634103118291, 0.6275316608829113, 0.6477105976790253, 0.7560788508757784, 0.6807776627640877, 0.5629870163619086], [-0.015414491119716267, 0.7790588598895378, 0.0, 0.24491942949749418, 0.4994154738781543, 0.12679316929688894, 0.19059257265029786, 0.6818652016055391, 0.3607401008252269, 0.17641143912037793, 0.007281081678807366, 0.6247530623730904, 0.6438811672517427, 0.6484041763911588, 0.7625984465838705, 0.6598416955284162, 0.5642442267966636], [0.17141684792659717, 0.6975405460476688, 0.0, 0.2588216670947352, 0.475058547319873, 0.1267782954709149, 0.21571177964311375, 0.6820424752221081, 0.35837045248354094, 0.15579499353716297, 0.007448685839370306, 0.6193554575132634, 0.6276055205369786, 0.6491795760619369, 0.7609398418028628, 0.681648551066508, 0.5737399680186838], [0.36456462665135225, 0.7537975878957718, 0.0, 0.2702226581470961, 0.493630542120696, 0.12548284169600982, 0.16834130783151124, 0.6827031849492537, 0.35950680455417894, 0.16645457382939677, 0.007671947615560004, 0.6069402112147597, 0.6250261990491875, 0.6364513878890464, 0.7562282961780988, 0.6934505201917011, 0.5618335080718801]], "features_2": [[0.11845071690676656, 0.7915999000502356, 0.0, 0.17962450847063802, 0.510910396543632, 0.13039305486627417, 0.42606163836016864, 0.6843240243530742, 0.3913558401018482, 0.1829785048275696, 0.007727725548673403, 0.6133526537586325, 0.6833627814879388, 0.7081018385224287, 0.7989983856480675, 0.718691527426558, 0.5831562861887235], [0.7020657357060385, 0.8568626227332821, 0.0, 0.23918533864793493, 0.5198834777125048, 0.13313795638536363, 0.3076745031863396, 0.6796214298576964, 0.4063336458934599, 0.19831261022018776, 0.00783923647221818, 0.5952806225124394, 0.6530896559142615, 0.6869231580026526, 0.7945233965511741, 0.729882033781282, 0.5842756751330518], [0.11462782744111255, 0.9441990137643109, 0.0, 0.218961816851744, 0.5508565260617052, 0.13086497289971774, 0.3984209913644811, 0.6836357941438802, 0.3931241675216848, 0.21568739595398978, 0.007504523810135222, 0.6022091330745609, 0.6843020677112152, 0.7190905750519695, 0.7962521876193919, 0.7287756757245775, 0.5840524025944173], [0.3945728884254831, 0.954576125036193, 0.0, 0.20790500887387617, 0.5512802484985125, 0.13115140665932834, 0.4279182147297945, 0.6831150448717852, 0.38610342714902113, 0.2152884546396927, 0.007616154688146137, 0.6019756712766693, 0.6569415182156434, 0.6923290301634475, 0.7948173529081949, 0.7214838583622983, 0.5848586672489241], [0.4680332902442026, 0.8578084905797452, 0.0, 0.24079194497576148, 0.5175068400765643, 0.1329571719091793, 0.3063891375551613, 0.6797178392337053, 0.41124808443116834, 0.19979367566398265, 0.007727725548673403, 0.6047962938662448, 0.6526344141195946, 0.6835203011856555, 0.7935950433784024, 0.7399629100248465, 0.5875546684599778], [0.6543395614685528, 1.0108920761145985, 0.0, 0.27292543618639475, 0.5662057852579978, 0.12891909655818706, 0.43185099815907435, 0.6854372086695877, 0.38316793792824955, 0.22411554415399793, 0.007616154688146137, 0.5872885404470258, 0.675104557297821, 0.7095966376259876, 0.79377741750587, 0.7361040845954112, 0.5724736348580761], [0.3682859929553799, 1.0132879005007263, 0.0, 0.272954589557302, 0.5635782394139737, 0.1279330371288426, 0.39221123088494564, 0.6850517797578948, 0.36479346746627783, 0.2221832367621479, 0.007281081678807366, 0.589062816127931, 0.6524998841510274, 0.6755640319713314, 0.7843284684451444, 0.7066127342960511, 0.5758534223346831], [1.8247982250727661, 0.9728860347237724, 0.0, 0.35242436221954937, 0.5529858199775045, 0.12679395639888028, 0.409180017558657, 0.6854618538231538, 0.39318756453066106, 0.21229236033620835, 0.007950687539111767, 0.5636421478974196, 0.6311789549714415, 0.6617765990879729, 0.7819015975393132, 0.7267683573309691, 0.5794308286929536], [1.9498919975419966, 1.0727008907551088, 0.0, 0.3499770060378738, 0.5801421004748352, 0.12234473913709587, 0.37698382374706085, 0.6879227236042764, 0.3520385598719642, 0.22251855939217413, 0.007392832833969631, 0.5574128403517962, 0.6532676406956424, 0.6715800664375954, 0.7693545624951837, 0.7150168914281457, 0.5547030472289133]]}