{"labels_1": ["1", "2", "3", "4", "5", "6", "7", "8", "9"], "labels_2": ["1", "2", "3", "4", "5", "6", "7", "8", "9"], "adj_matrix_1": [[0.0, 0.02142, 0.04548, 0.26932, 0.09222, 0.2678, 0.35589, 0.24523, 0.26244], [0.02142, 0.0, 0.02422, 0.25821, 0.07174, 0.25658, 0.35573, 0.2321, 0.25071], [0.04548, 0.02422, 0.0, 0.24394, 0.04805, 0.24221, 0.35362, 0.21563, 0.23576], [0.26932, 0.25821, 0.24394, 0.0, 0.21049, 0.00245, 0.20194, 0.03919, 0.01172], [0.09222, 0.07174, 0.04805, 0.21049, 0.0, 0.2085, 0.34296, 0.17849, 0.20119], [0.2678, 0.25658, 0.24221, 0.00245, 0.2085, 0.0, 0.20405, 0.03674, 0.00927], [0.35589, 0.35573, 0.35362, 0.20194, 0.34296, 0.20405, 0.0, 0.23448, 0.21191], [0.24523, 0.2321, 0.21563, 0.03919, 0.17849, 0.03674, 0.23448, 0.0, 0.02752], [0.26244, 0.25071, 0.23576, 0.01172, 0.20119, 0.00927, 0.21191, 0.02752, 0.0]], "adj_matrix_2": [[0.0, 0.05719, 0.00052, 0.09851, 0.15367, 0.02648, 0.0954, 0.13226, 0.16082], [0.05719, 0.0, 0.05667, 0.15138, 0.10021, 0.08308, 0.1485, 0.07757, 0.20734], [0.00052, 0.05667, 0.0, 0.09901, 0.1532, 0.02701, 0.0959, 0.13178, 0.16124], [0.09851, 0.15138, 0.09901, 0.0, 0.23446, 0.07303, 0.00329, 0.21667, 0.06878], [0.15367, 0.10021, 0.1532, 0.23446, 0.0, 0.17688, 0.23215, 0.02332, 0.27625], [0.02648, 0.08308, 0.02701, 0.07303, 0.17688, 0.0, 0.06984, 0.15624, 0.13766], [0.0954, 0.1485, 0.0959, 0.00329, 0.23215, 0.06984, 0.0, 0.21421, 0.07197], [0.13226, 0.07757, 0.13178, 0.21667, 0.02332, 0.15624, 0.21421, 0.0, 0.26194], [0.16082, 0.20734, 0.16124, 0.06878, 0.27625, 0.13766, 0.07197, 0.26194, 0.0]], "features_1": [[0.3355977009949891, 0.735729709339178, 0.0, 0.24952194354027304, 0.4924879624183979, 0.12241776906510127, 0.18848134471148512, 0.6856243790112493, 0.33049886257142114, 0.160644715209739, 0.00716927026363523, 0.5991533435799479, 0.6241873324227614, 0.6445766408335999, 0.7536301113304543, 0.6747109000817832, 0.5562634177462384], [0.29991474490682446, 0.7539899646041468, 0.0, 0.27767129639814475, 0.4917448221617614, 0.12690449009955188, 0.23027814322744292, 0.6817233393301803, 0.3497435463552385, 0.16833686534647385, 0.00716927026363523, 0.5965304587063125, 0.6303343929756162, 0.6312453697964566, 0.761788288970619, 0.7050008172686321, 0.5717907467372348], [0.13296211347702735, 0.8577479592758019, 0.0, 0.24663787583667524, 0.526407328051231, 0.12284049081466061, 0.1283221976108436, 0.6844199887641711, 0.3275649582342399, 0.18626675789045666, 0.00716927026363523, 0.6058834811386589, 0.6313971519236214, 0.646347277102264, 0.7463226163993577, 0.6668372258161412, 0.5517332462358164], [0.24217783560785566, 0.8002450979852664, 0.0, 0.24620123001980632, 0.508809695136341, 0.1251794735364371, 0.19191184045722096, 0.6837604958740098, 0.3513862336713647, 0.17700098003391096, 0.007504523810135222, 0.6072466129456495, 0.6359388619083832, 0.655830299036393, 0.7627193867693821, 0.6964090520335402, 0.5718106068886718], [0.32763553056896333, 0.7360910697627533, 0.0, 0.2872532275474903, 0.4830103800353406, 0.12897344660021587, 0.2706443570427631, 0.6797732913704159, 0.3538921589310844, 0.16520865681428387, 0.007225183508792421, 0.5995121238173311, 0.6251040905419181, 0.6312555101990486, 0.7633388475391983, 0.7040889200738681, 0.5634974272366141], [0.044684150899443775, 0.8716691562349872, 0.0, 0.2648984923244328, 0.5286115506755239, 0.12479675462210177, 0.1667722053793163, 0.6834253561828294, 0.3384051594109587, 0.1903020656707255, 0.00711334193318236, 0.6106634103118291, 0.6275316608829113, 0.6477105976790253, 0.7560788508757784, 0.6807776627640877, 0.5629870163619086], [-0.015414491119716267, 0.7790588598895378, 0.0, 0.24491942949749418, 0.4994154738781543, 0.12679316929688894, 0.19059257265029786, 0.6818652016055391, 0.3607401008252269, 0.17641143912037793, 0.007281081678807366, 0.6247530623730904, 0.6438811672517427, 0.6484041763911588, 0.7625984465838705, 0.6598416955284162, 0.5642442267966636], [0.17141684792659717, 0.6975405460476688, 0.0, 0.2588216670947352, 0.475058547319873, 0.1267782954709149, 0.21571177964311375, 0.6820424752221081, 0.35837045248354094, 0.15579499353716297, 0.007448685839370306, 0.6193554575132634, 0.6276055205369786, 0.6491795760619369, 0.7609398418028628, 0.681648551066508, 0.5737399680186838], [0.36456462665135225, 0.7537975878957718, 0.0, 0.2702226581470961, 0.493630542120696, 0.12548284169600982, 0.16834130783151124, 0.6827031849492537, 0.35950680455417894, 0.16645457382939677, 0.007671947615560004, 0.6069402112147597, 0.6250261990491875, 0.6364513878890464, 0.7562282961780988, 0.6934505201917011, 0.5618335080718801]], "features_2": [[0.29839724681981794, 0.6972164106657137, 0.0, 0.28086929766412116, 0.4825466717807066, 0.12773773558093876, 0.31976053942165805, 0.683660042956471, 0.3749847757422924, 0.15985346113527643, 0.007560346756364078, 0.6040912351284162, 0.6464632845901955, 0.6784788784492923, 0.7809205659769203, 0.7108616733525057, 0.5955614283144783], [-0.061291364029630646, 0.6921317619954783, 0.0, 0.23792612131381563, 0.4750806177892877, 0.13101618003748133, 0.30743541278802977, 0.6809719858346652, 0.38542199229889884, 0.1623021043878885, 0.007504523810135222, 0.6166679406096751, 0.6569746116471117, 0.6774793080234071, 0.7890566195353349, 0.7031184194308334, 0.607908844033817], [0.0317468619556438, 0.7919821289172314, 0.0, 0.25561422268767553, 0.5089651834288151, 0.13014693831135082, 0.3040933368196157, 0.6818918879363558, 0.3868721678938496, 0.18395270598921631, 0.007894969482732161, 0.6152792093791626, 0.6630211585981527, 0.6818424566471348, 0.7866432017770268, 0.7084570612515514, 0.6077074858909853], [0.381176839807539, 0.8210310808397565, 0.0, 0.28450450728769733, 0.5163697691216784, 0.12933101299656824, 0.2897562151480052, 0.6818407286624732, 0.37409047508671467, 0.18614994439587873, 0.007616154688146137, 0.5983049847978159, 0.6372841509404714, 0.6642011491812143, 0.7812401362010994, 0.7197995155965734, 0.6007918315576406], [-0.3401741159546954, 0.708607334226089, 0.0, 0.22662717631995744, 0.47683934473150047, 0.13279805855949156, 0.29070157932343293, 0.6791508684485981, 0.3915624663572017, 0.1696357972385676, 0.007727725548673403, 0.6287207792397029, 0.6697506367247547, 0.6845720243978666, 0.7920489491924733, 0.7040402650172075, 0.6091455495027557], [-0.007121153569617622, 0.8158457142790518, 0.0, 0.25621364339574976, 0.5131572878316865, 0.1314688552627104, 0.3079373419709711, 0.681197581173576, 0.3908184422453582, 0.19035571762566095, 0.007727725548673403, 0.6047794731683562, 0.6592672756189837, 0.6861144223336619, 0.7917974061850328, 0.7113710028774708, 0.611367452861031], [0.5881810273474115, 0.8057731064682672, 0.0, 0.26177195761462185, 0.5067349333717255, 0.1308301033311944, 0.23831057659229984, 0.679594243512408, 0.3779716212864934, 0.1818636433017471, 0.007281081678807366, 0.5946524602228582, 0.6497590569237913, 0.6683055908723362, 0.7812617595129977, 0.7148081212672419, 0.5944703252418981], [-0.1489719410079986, 0.714800568576893, 0.0, 0.2371012845605793, 0.4770105181630144, 0.13378255282775114, 0.29814818173302127, 0.6787272240669243, 0.3934461959380753, 0.1701918874083117, 0.007392832833969631, 0.619680410469932, 0.6589677600109973, 0.6896007076658015, 0.7962512116519842, 0.7185599720412296, 0.6192796293273176], [-0.05994055412478039, 0.7262912897923173, 0.0, 0.27838660030928647, 0.4816858886226061, 0.1325291468881611, 0.268506171787525, 0.6790058734553475, 0.38988206252903046, 0.17009132486003242, 0.007727725548673403, 0.6078678490589544, 0.6476560845144295, 0.6685207033487189, 0.7898234469919966, 0.7082147412813996, 0.6131018859867161]]}