{"labels_1": ["1", "2", "3", "4", "5", "6", "7", "8", "9"], "labels_2": ["1", "2", "3", "4", "5", "6", "7", "8", "9"], "adj_matrix_1": [[0.0, 0.02726, 0.1079, 0.06116, 0.04185, 0.05299, 0.22226, 0.20449, 0.17212], [0.02726, 0.0, 0.08162, 0.08777, 0.01466, 0.07974, 0.24102, 0.18115, 0.19465], [0.1079, 0.08162, 0.0, 0.16441, 0.06727, 0.15707, 0.28956, 0.105, 0.2556], [0.06116, 0.08777, 0.16441, 0.0, 0.10186, 0.00831, 0.17525, 0.25221, 0.11752], [0.04185, 0.01466, 0.06727, 0.10186, 0.0, 0.09392, 0.25054, 0.16816, 0.2063], [0.05299, 0.07974, 0.15707, 0.00831, 0.09392, 0.0, 0.18197, 0.24622, 0.12518], [0.22226, 0.24102, 0.28956, 0.17525, 0.25054, 0.18197, 0.0, 0.3356, 0.0664], [0.20449, 0.18115, 0.105, 0.25221, 0.16816, 0.24622, 0.3356, 0.0, 0.31864], [0.17212, 0.19465, 0.2556, 0.11752, 0.2063, 0.12518, 0.0664, 0.31864, 0.0]], "adj_matrix_2": [[0.0, 0.19058, 0.02635, 0.03711, 0.31921, 0.2214, 0.07959, 0.26565, 0.30849], [0.19058, 0.0, 0.20993, 0.16047, 0.1958, 0.04038, 0.24353, 0.10448, 0.17609], [0.02635, 0.20993, 0.0, 0.06304, 0.32569, 0.23845, 0.05408, 0.27859, 0.31646], [0.03711, 0.16047, 0.06304, 0.0, 0.30596, 0.19428, 0.1143, 0.24371, 0.29334], [0.31921, 0.1958, 0.32569, 0.30596, 0.0, 0.16045, 0.33091, 0.099, 0.02251], [0.2214, 0.04038, 0.23845, 0.19428, 0.16045, 0.0, 0.26659, 0.0652, 0.13969], [0.07959, 0.24353, 0.05408, 0.1143, 0.33091, 0.26659, 0.0, 0.29759, 0.32472], [0.26565, 0.10448, 0.27859, 0.24371, 0.099, 0.0652, 0.29759, 0.0, 0.07703], [0.30849, 0.17609, 0.31646, 0.29334, 0.02251, 0.13969, 0.32472, 0.07703, 0.0]], "features_1": [[-0.10934629382845928, 0.7534962169276105, 0.0, 0.21302621351804615, 0.5071763699362144, 0.1217858612722243, 0.3636633442669968, 0.6880990468647934, 0.34807493370364373, 0.16432313304642787, 0.007448685839370306, 0.6128181042086811, 0.6573715176860863, 0.6729444732424258, 0.7723906055858508, 0.708140680671889, 0.5787646609942145], [0.023866329901725436, 0.7781687134363009, 0.0, 0.21873638199061612, 0.5073143508475563, 0.12724069176377775, 0.33831628045147466, 0.6845193262046474, 0.3808197877493602, 0.17559378391470637, 0.007671947615560004, 0.6112891661236421, 0.6401814097973979, 0.6605908354483768, 0.7841282621330462, 0.698089001635228, 0.6074447470312123], [-0.15963006154303905, 0.8861266968805919, 0.0, 0.19210088361085817, 0.541568102903295, 0.12398770830088943, 0.35271276217713987, 0.6867540568181181, 0.35664139447420284, 0.1937012476469271, 0.007336964783822175, 0.617200892960454, 0.6553591000109333, 0.6685937965089545, 0.7769924982293014, 0.7079793610289743, 0.5915437901837632], [-0.09654171904903608, 0.9130442891282048, 0.0, 0.19607049644405714, 0.549231639946953, 0.12258083984897189, 0.3812626022192497, 0.6875383798804391, 0.3502900198049028, 0.19648483126554916, 0.00716927026363523, 0.6106690760294473, 0.6458091170064952, 0.6579498587648246, 0.7745784036186696, 0.7078848422628858, 0.5891459440715876], [0.011963922303161567, 0.7602161249214512, 0.0, 0.2056340892751045, 0.5007801776341242, 0.1262360053223443, 0.3042269050721586, 0.6844896524372917, 0.3729565749874628, 0.17052792027106878, 0.007560346756364078, 0.6094534238539624, 0.6573961749338938, 0.6826705616710308, 0.778585004364642, 0.7220919495765535, 0.5997237160453694], [-0.07191048575469505, 0.8806213438012589, 0.0, 0.19158678790896114, 0.5414068358840215, 0.12388645223067957, 0.427315548835292, 0.6877808500492408, 0.3552810259835324, 0.19137445475722514, 0.007448685839370306, 0.6078938587485392, 0.6535544417408249, 0.6764101316741549, 0.7844302075288704, 0.7102027521408575, 0.5986392141856437], [-0.011260484730267972, 0.913527917720623, 0.0, 0.19035233029124063, 0.5472268928715671, 0.12225660051136542, 0.34457648140974795, 0.6876435789018218, 0.34364191868917016, 0.1970345673616165, 0.007448685839370306, 0.6011010403067987, 0.6450434805940467, 0.6548268973501549, 0.7715310615149844, 0.7020966147555171, 0.5908127371384508], [0.160257566635841, 0.7435524531460429, 0.0, 0.22272745046860568, 0.5020979564720256, 0.12093120505751484, 0.3317754881211833, 0.6882657496771456, 0.3410237913683276, 0.15974925490862457, 0.007336964783822175, 0.6133379624278792, 0.6337226365188569, 0.6537363395677543, 0.7671954479582166, 0.6992374504981749, 0.5818451245786174], [0.5462700193198802, 0.7762821456608854, 0.0, 0.23533502751056248, 0.5178701410141575, 0.11842358006034391, 0.40226794608141814, 0.690274536294843, 0.33484399056574676, 0.1635132906235226, 0.006889477554966383, 0.5838843776391816, 0.6365104855325602, 0.6653762939988124, 0.7687885115713833, 0.6916619170053572, 0.5808108714647439]], "features_2": [[0.5285835848671834, 0.8905056794090481, 0.0, 0.3176902627397842, 0.5557245653754149, 0.12278945003547839, 0.4744578628457468, 0.6891188524818739, 0.36358138605148693, 0.19212825830514468, 0.00716927026363523, 0.586554860522452, 0.6605383955630866, 0.6811419573019892, 0.7839394146849105, 0.7285312352434492, 0.5651770845019045], [0.1261918225907257, 0.8463394069220179, 0.0, 0.27214311344872677, 0.5402725060293063, 0.12468896426631573, 0.43372510253124047, 0.6878287782017245, 0.36595665959944657, 0.18718520430849162, 0.007616154688146137, 0.6040052470797632, 0.6636487310514574, 0.6911573776400239, 0.7867574637919338, 0.7177828707168639, 0.569475852031036], [0.325118107619109, 0.9866291550337499, 0.0, 0.28989393312156647, 0.5825048078301087, 0.11976085624870715, 0.43922571980070585, 0.690120307035369, 0.3409666642897513, 0.20653731136041564, 0.007392832833969631, 0.5859340480180726, 0.6578326548691729, 0.6736187772643026, 0.7742814110188613, 0.7107254867445203, 0.5628305264343245], [0.2797791185767773, 1.0338194160830816, 0.0, 0.2751638144268938, 0.5882100265915498, 0.11992270560309012, 0.40389938104293466, 0.6895544426707458, 0.33314233312740615, 0.2148594143329614, 0.0069454663283523566, 0.5880954145961339, 0.6405511145167057, 0.6528953401644374, 0.7705913172756702, 0.6838274179125124, 0.5593611637815638], [-0.1445236752121768, 0.7921125927780515, 0.0, 0.23113181540925024, 0.5197150282808276, 0.12711314402868754, 0.411644325447714, 0.6861147558108068, 0.3771639550153807, 0.1798264425310676, 0.007616154688146137, 0.6226642181670456, 0.6800665683688978, 0.7068616812307328, 0.7910767478934776, 0.7132739432643045, 0.5826578737337168], [0.1707274884081822, 0.9711784831821251, 0.0, 0.2662391576821662, 0.5770906166161238, 0.12057555672842185, 0.4724969209092329, 0.6901000150901571, 0.34261301363721164, 0.20460065142425932, 0.007057398507269275, 0.6083966931265778, 0.6547906892171171, 0.6792374553468906, 0.7794958763536411, 0.7022890782591704, 0.5656493201083063], [0.7013948507703325, 1.0171751161766103, 0.0, 0.3017171482107922, 0.5804452007759211, 0.123658497268793, 0.43532144017520624, 0.6879436634265444, 0.3750494020544781, 0.2179091539463005, 0.007950687539111767, 0.5858193768084679, 0.6478557861642148, 0.6721376396694613, 0.7814224335404015, 0.7064987709129826, 0.5736263002290269], [-0.1789143588003932, 0.8209551099109942, 0.0, 0.23079451129519096, 0.5266587692573517, 0.12657996938742008, 0.3729892759438478, 0.6854521153685854, 0.3734685687736996, 0.18563647365541525, 0.007504523810135222, 0.615503636235883, 0.6589818162466812, 0.6983588746469094, 0.784755060629738, 0.7089827794672097, 0.6116595444792863], [0.12834907069690216, 0.909295125518541, 0.0, 0.27988824854919264, 0.5568145590177104, 0.12297774073093343, 0.3832586868649116, 0.6877973598463945, 0.3478124226469588, 0.19459584652994155, 0.007281081678807366, 0.6109681032076877, 0.6436427738531666, 0.6498724507921643, 0.7757554345179007, 0.6953884922465664, 0.5973665294295712]]}