{"labels_1": ["1", "2", "3", "4", "5", "6", "7", "8", "9"], "labels_2": ["1", "2", "3", "4", "5", "6", "7", "8", "9"], "adj_matrix_1": [[0.0, 0.02726, 0.1079, 0.06116, 0.04185, 0.05299, 0.22226, 0.20449, 0.17212], [0.02726, 0.0, 0.08162, 0.08777, 0.01466, 0.07974, 0.24102, 0.18115, 0.19465], [0.1079, 0.08162, 0.0, 0.16441, 0.06727, 0.15707, 0.28956, 0.105, 0.2556], [0.06116, 0.08777, 0.16441, 0.0, 0.10186, 0.00831, 0.17525, 0.25221, 0.11752], [0.04185, 0.01466, 0.06727, 0.10186, 0.0, 0.09392, 0.25054, 0.16816, 0.2063], [0.05299, 0.07974, 0.15707, 0.00831, 0.09392, 0.0, 0.18197, 0.24622, 0.12518], [0.22226, 0.24102, 0.28956, 0.17525, 0.25054, 0.18197, 0.0, 0.3356, 0.0664], [0.20449, 0.18115, 0.105, 0.25221, 0.16816, 0.24622, 0.3356, 0.0, 0.31864], [0.17212, 0.19465, 0.2556, 0.11752, 0.2063, 0.12518, 0.0664, 0.31864, 0.0]], "adj_matrix_2": [[0.0, 0.25001, 0.08072, 0.05751, 0.30434, 0.0601, 0.17409, 0.18941, 0.01105], [0.25001, 0.0, 0.28931, 0.28011, 0.0894, 0.28125, 0.09873, 0.30029, 0.25658], [0.08072, 0.28931, 0.0, 0.02399, 0.32548, 0.02136, 0.23245, 0.12553, 0.07011], [0.05751, 0.28011, 0.02399, 0.0, 0.3218, 0.00264, 0.21735, 0.14558, 0.04667], [0.30434, 0.0894, 0.32548, 0.3218, 0.0, 0.32232, 0.182, 0.30682, 0.30858], [0.0601, 0.28125, 0.02136, 0.00264, 0.32232, 0.0, 0.21905, 0.14349, 0.04928], [0.17409, 0.09873, 0.23245, 0.21735, 0.182, 0.21905, 0.0, 0.27906, 0.18298], [0.18941, 0.30029, 0.12553, 0.14558, 0.30682, 0.14349, 0.27906, 0.0, 0.18162], [0.01105, 0.25658, 0.07011, 0.04667, 0.30858, 0.04928, 0.18298, 0.18162, 0.0]], "features_1": [[-0.10934629382845928, 0.7534962169276105, 0.0, 0.21302621351804615, 0.5071763699362144, 0.1217858612722243, 0.3636633442669968, 0.6880990468647934, 0.34807493370364373, 0.16432313304642787, 0.007448685839370306, 0.6128181042086811, 0.6573715176860863, 0.6729444732424258, 0.7723906055858508, 0.708140680671889, 0.5787646609942145], [0.023866329901725436, 0.7781687134363009, 0.0, 0.21873638199061612, 0.5073143508475563, 0.12724069176377775, 0.33831628045147466, 0.6845193262046474, 0.3808197877493602, 0.17559378391470637, 0.007671947615560004, 0.6112891661236421, 0.6401814097973979, 0.6605908354483768, 0.7841282621330462, 0.698089001635228, 0.6074447470312123], [-0.15963006154303905, 0.8861266968805919, 0.0, 0.19210088361085817, 0.541568102903295, 0.12398770830088943, 0.35271276217713987, 0.6867540568181181, 0.35664139447420284, 0.1937012476469271, 0.007336964783822175, 0.617200892960454, 0.6553591000109333, 0.6685937965089545, 0.7769924982293014, 0.7079793610289743, 0.5915437901837632], [-0.09654171904903608, 0.9130442891282048, 0.0, 0.19607049644405714, 0.549231639946953, 0.12258083984897189, 0.3812626022192497, 0.6875383798804391, 0.3502900198049028, 0.19648483126554916, 0.00716927026363523, 0.6106690760294473, 0.6458091170064952, 0.6579498587648246, 0.7745784036186696, 0.7078848422628858, 0.5891459440715876], [0.011963922303161567, 0.7602161249214512, 0.0, 0.2056340892751045, 0.5007801776341242, 0.1262360053223443, 0.3042269050721586, 0.6844896524372917, 0.3729565749874628, 0.17052792027106878, 0.007560346756364078, 0.6094534238539624, 0.6573961749338938, 0.6826705616710308, 0.778585004364642, 0.7220919495765535, 0.5997237160453694], [-0.07191048575469505, 0.8806213438012589, 0.0, 0.19158678790896114, 0.5414068358840215, 0.12388645223067957, 0.427315548835292, 0.6877808500492408, 0.3552810259835324, 0.19137445475722514, 0.007448685839370306, 0.6078938587485392, 0.6535544417408249, 0.6764101316741549, 0.7844302075288704, 0.7102027521408575, 0.5986392141856437], [-0.011260484730267972, 0.913527917720623, 0.0, 0.19035233029124063, 0.5472268928715671, 0.12225660051136542, 0.34457648140974795, 0.6876435789018218, 0.34364191868917016, 0.1970345673616165, 0.007448685839370306, 0.6011010403067987, 0.6450434805940467, 0.6548268973501549, 0.7715310615149844, 0.7020966147555171, 0.5908127371384508], [0.160257566635841, 0.7435524531460429, 0.0, 0.22272745046860568, 0.5020979564720256, 0.12093120505751484, 0.3317754881211833, 0.6882657496771456, 0.3410237913683276, 0.15974925490862457, 0.007336964783822175, 0.6133379624278792, 0.6337226365188569, 0.6537363395677543, 0.7671954479582166, 0.6992374504981749, 0.5818451245786174], [0.5462700193198802, 0.7762821456608854, 0.0, 0.23533502751056248, 0.5178701410141575, 0.11842358006034391, 0.40226794608141814, 0.690274536294843, 0.33484399056574676, 0.1635132906235226, 0.006889477554966383, 0.5838843776391816, 0.6365104855325602, 0.6653762939988124, 0.7687885115713833, 0.6916619170053572, 0.5808108714647439]], "features_2": [[0.0022194878314993893, 0.820534776361236, 0.0, 0.24360145498202715, 0.5338738641831932, 0.12110509466255595, 0.40286923200860014, 0.6893427087914157, 0.3365027373470246, 0.17694515592370763, 0.00711334193318236, 0.6015595227751878, 0.6525572572899107, 0.6798953612871639, 0.7763415978480936, 0.6834570937314779, 0.573898637250418], [-0.43745375352657456, 0.7460147455805731, 0.0, 0.19546421228467803, 0.5096215305156382, 0.12431044999955676, 0.39937146176634286, 0.6877248369190888, 0.35447873174582334, 0.1681700111830713, 0.00711334193318236, 0.6241098547621688, 0.6751009653569049, 0.7013149736597979, 0.7844765048576182, 0.7049232506529509, 0.590192240432592], [0.11997019354885996, 0.9112210961140934, 0.0, 0.24835071772783046, 0.5623116280704994, 0.12009052510012855, 0.4315167722004659, 0.6902563355845631, 0.33468157595225345, 0.1935447614255703, 0.006889477554966383, 0.5942277913414351, 0.645918156565759, 0.6792957829724267, 0.7770791578885871, 0.6932276512870291, 0.5718261100489122], [-0.03377974033011233, 1.008605069722472, 0.0, 0.2321073969953278, 0.5760834746252808, 0.12279678351165879, 0.3596100246755881, 0.6878656171865768, 0.3451518935473976, 0.21600988432997714, 0.007057398507269275, 0.6052471932333394, 0.6557488177418591, 0.674096674196047, 0.7748513633209196, 0.6997007470954798, 0.5719095014614427], [-0.26027992513660925, 0.7466033784312006, 0.0, 0.17044822111354282, 0.5040979849587047, 0.126787162248327, 0.3496236131108468, 0.6854267443059289, 0.35984983976392004, 0.16941761288882118, 0.007448685839370306, 0.621327935135807, 0.6616344507568134, 0.689650313888526, 0.7855645110973483, 0.6936584711820747, 0.59415938701282], [0.08738348761911174, 0.928019598626028, 0.0, 0.2870879597861786, 0.5616626121787135, 0.1262736344487097, 0.4946947427918332, 0.6883485761825632, 0.3718057114244808, 0.20524209372983981, 0.007392832833969631, 0.6047056553613073, 0.6742292987175628, 0.7108244879779576, 0.7967373124462791, 0.7074509921519163, 0.5844802842605324], [0.09953964468753007, 1.010289301070791, 0.0, 0.21523228834580888, 0.5702459082249922, 0.12664995416089395, 0.3534968798372063, 0.6846778816751531, 0.3604991577552028, 0.21858861471672886, 0.0069454663283523566, 0.6074095627537144, 0.6557593342907341, 0.6649997252653231, 0.7750606565940925, 0.7000420829251156, 0.5805137351354204], [0.3876168408542986, 0.7883021799818569, 0.0, 0.284388623084026, 0.518154978894576, 0.12138024026411154, 0.3242888698810432, 0.6881287543829088, 0.3259173270881781, 0.167731071958521, 0.007057398507269275, 0.5816579838229614, 0.6471523367377222, 0.672757442077517, 0.7669500583384536, 0.689927305206417, 0.5763876045222714], [0.1323476020885952, 0.8610247396374994, 0.0, 0.28610604805741774, 0.5386932968229539, 0.12065469721102809, 0.3010985146054111, 0.6882496562686644, 0.3235085363066481, 0.18260817575527, 0.006609306440138685, 0.592776472533902, 0.6332378625275124, 0.6566232497590734, 0.7622237898320536, 0.679142809901688, 0.576570875217679]]}