{"labels_1": ["1", "2", "3", "4", "5", "6", "7", "8", "9"], "labels_2": ["1", "2", "3", "4", "5", "6", "7", "8", "9"], "adj_matrix_1": [[0.0, 0.02726, 0.1079, 0.06116, 0.04185, 0.05299, 0.22226, 0.20449, 0.17212], [0.02726, 0.0, 0.08162, 0.08777, 0.01466, 0.07974, 0.24102, 0.18115, 0.19465], [0.1079, 0.08162, 0.0, 0.16441, 0.06727, 0.15707, 0.28956, 0.105, 0.2556], [0.06116, 0.08777, 0.16441, 0.0, 0.10186, 0.00831, 0.17525, 0.25221, 0.11752], [0.04185, 0.01466, 0.06727, 0.10186, 0.0, 0.09392, 0.25054, 0.16816, 0.2063], [0.05299, 0.07974, 0.15707, 0.00831, 0.09392, 0.0, 0.18197, 0.24622, 0.12518], [0.22226, 0.24102, 0.28956, 0.17525, 0.25054, 0.18197, 0.0, 0.3356, 0.0664], [0.20449, 0.18115, 0.105, 0.25221, 0.16816, 0.24622, 0.3356, 0.0, 0.31864], [0.17212, 0.19465, 0.2556, 0.11752, 0.2063, 0.12518, 0.0664, 0.31864, 0.0]], "adj_matrix_2": [[0.0, 0.26312, 0.23651, 0.08361, 0.30979, 0.32601, 0.03947, 0.02631, 0.05239], [0.26312, 0.0, 0.03431, 0.19301, 0.06978, 0.09871, 0.29316, 0.28342, 0.22026], [0.23651, 0.03431, 0.0, 0.1627, 0.10302, 0.13111, 0.26869, 0.25816, 0.19124], [0.08361, 0.19301, 0.1627, 0.0, 0.2491, 0.27006, 0.12212, 0.10934, 0.03157], [0.30979, 0.06978, 0.10302, 0.2491, 0.0, 0.0299, 0.33495, 0.32689, 0.27298], [0.32601, 0.09871, 0.13111, 0.27006, 0.0299, 0.0, 0.34898, 0.34159, 0.29221], [0.03947, 0.29316, 0.26869, 0.12212, 0.33495, 0.34898, 0.0, 0.01318, 0.09142], [0.02631, 0.28342, 0.25816, 0.10934, 0.32689, 0.34159, 0.01318, 0.0, 0.07845], [0.05239, 0.22026, 0.19124, 0.03157, 0.27298, 0.29221, 0.09142, 0.07845, 0.0]], "features_1": [[-0.10934629382845928, 0.7534962169276105, 0.0, 0.21302621351804615, 0.5071763699362144, 0.1217858612722243, 0.3636633442669968, 0.6880990468647934, 0.34807493370364373, 0.16432313304642787, 0.007448685839370306, 0.6128181042086811, 0.6573715176860863, 0.6729444732424258, 0.7723906055858508, 0.708140680671889, 0.5787646609942145], [0.023866329901725436, 0.7781687134363009, 0.0, 0.21873638199061612, 0.5073143508475563, 0.12724069176377775, 0.33831628045147466, 0.6845193262046474, 0.3808197877493602, 0.17559378391470637, 0.007671947615560004, 0.6112891661236421, 0.6401814097973979, 0.6605908354483768, 0.7841282621330462, 0.698089001635228, 0.6074447470312123], [-0.15963006154303905, 0.8861266968805919, 0.0, 0.19210088361085817, 0.541568102903295, 0.12398770830088943, 0.35271276217713987, 0.6867540568181181, 0.35664139447420284, 0.1937012476469271, 0.007336964783822175, 0.617200892960454, 0.6553591000109333, 0.6685937965089545, 0.7769924982293014, 0.7079793610289743, 0.5915437901837632], [-0.09654171904903608, 0.9130442891282048, 0.0, 0.19607049644405714, 0.549231639946953, 0.12258083984897189, 0.3812626022192497, 0.6875383798804391, 0.3502900198049028, 0.19648483126554916, 0.00716927026363523, 0.6106690760294473, 0.6458091170064952, 0.6579498587648246, 0.7745784036186696, 0.7078848422628858, 0.5891459440715876], [0.011963922303161567, 0.7602161249214512, 0.0, 0.2056340892751045, 0.5007801776341242, 0.1262360053223443, 0.3042269050721586, 0.6844896524372917, 0.3729565749874628, 0.17052792027106878, 0.007560346756364078, 0.6094534238539624, 0.6573961749338938, 0.6826705616710308, 0.778585004364642, 0.7220919495765535, 0.5997237160453694], [-0.07191048575469505, 0.8806213438012589, 0.0, 0.19158678790896114, 0.5414068358840215, 0.12388645223067957, 0.427315548835292, 0.6877808500492408, 0.3552810259835324, 0.19137445475722514, 0.007448685839370306, 0.6078938587485392, 0.6535544417408249, 0.6764101316741549, 0.7844302075288704, 0.7102027521408575, 0.5986392141856437], [-0.011260484730267972, 0.913527917720623, 0.0, 0.19035233029124063, 0.5472268928715671, 0.12225660051136542, 0.34457648140974795, 0.6876435789018218, 0.34364191868917016, 0.1970345673616165, 0.007448685839370306, 0.6011010403067987, 0.6450434805940467, 0.6548268973501549, 0.7715310615149844, 0.7020966147555171, 0.5908127371384508], [0.160257566635841, 0.7435524531460429, 0.0, 0.22272745046860568, 0.5020979564720256, 0.12093120505751484, 0.3317754881211833, 0.6882657496771456, 0.3410237913683276, 0.15974925490862457, 0.007336964783822175, 0.6133379624278792, 0.6337226365188569, 0.6537363395677543, 0.7671954479582166, 0.6992374504981749, 0.5818451245786174], [0.5462700193198802, 0.7762821456608854, 0.0, 0.23533502751056248, 0.5178701410141575, 0.11842358006034391, 0.40226794608141814, 0.690274536294843, 0.33484399056574676, 0.1635132906235226, 0.006889477554966383, 0.5838843776391816, 0.6365104855325602, 0.6653762939988124, 0.7687885115713833, 0.6916619170053572, 0.5808108714647439]], "features_2": [[-0.39915754696390016, 0.7015362219785836, 0.0, 0.18418746013629075, 0.4841525419856714, 0.12696390143310232, 0.3051936225049417, 0.6840959953939725, 0.36391468953955197, 0.16236993504568642, 0.00716927026363523, 0.6338681473820178, 0.6447881585566763, 0.6721604124347692, 0.779156181800933, 0.6964003838419529, 0.6086353848535835], [-0.13973147745943182, 0.6621598480659782, 0.0, 0.24274651267078773, 0.46359078528994274, 0.12929744851390557, 0.27943262880987946, 0.6817051395186933, 0.3744468718113545, 0.15326890115692304, 0.007727725548673403, 0.6178500004739105, 0.6659881807216317, 0.6798511524179557, 0.7817501180324212, 0.708768633178248, 0.617422661430486], [-0.25778409619630693, 0.8156393076197258, 0.0, 0.18753093306410606, 0.5212184843654076, 0.1260022893950261, 0.28410779835738326, 0.6845800219923298, 0.3563947119474189, 0.18392630418560496, 0.00683347364535547, 0.6241930546728343, 0.6409307769312093, 0.6796038680714769, 0.7753848689637376, 0.7072566167235066, 0.6070273412557208], [-0.35198973559610947, 0.8469182080110945, 0.0, 0.17221913044276319, 0.5240293225307192, 0.12796863298694064, 0.26513970535734044, 0.6824400537084596, 0.36655168338495336, 0.19388931362680561, 0.0069454663283523566, 0.6293049220429072, 0.648765517457474, 0.683429478568099, 0.7756089982761858, 0.6890354995856172, 0.6070902877105006], [-0.0019246518614557395, 0.660700017620354, 0.0, 0.252817864439646, 0.46344905718376095, 0.12812427354104, 0.28315810632371663, 0.6822969512955599, 0.36329391672251043, 0.1510523744500636, 0.007281081678807366, 0.6081254581608087, 0.6359240832179542, 0.6662545894282487, 0.7785324262495975, 0.7046405622334658, 0.6180785089790711], [-0.2672008988263963, 0.8351650359302678, 0.0, 0.1796712471438657, 0.523903528820912, 0.128766719106286, 0.33742482137142316, 0.6834624649432763, 0.36531043213894954, 0.1913243049734552, 0.007504523810135222, 0.6193231240468613, 0.6527479603463228, 0.6864618428835279, 0.7859380832111147, 0.7163157291490032, 0.6142429627321189], [-0.3947419051612404, 0.8307653206531669, 0.0, 0.17497286258113323, 0.5253442788366494, 0.12414305839274192, 0.31931053117293684, 0.686330252217014, 0.3506649591849935, 0.18561982601472016, 0.007504523810135222, 0.6305363534897861, 0.6519182689376476, 0.6781234237994844, 0.7738832708204145, 0.7076165635934845, 0.592896722363841], [-0.5500639344511082, 0.7017441148317851, 0.0, 0.19831870398887858, 0.485975951509513, 0.12446814356089075, 0.4046708807307787, 0.686041881901553, 0.343467905849526, 0.15819754207835368, 0.00716927026363523, 0.6305278721981051, 0.6662758442983501, 0.690259985318615, 0.7721353369973972, 0.6878910941960615, 0.6014508481483607], [-0.4663453445873782, 0.775599237756428, 0.0, 0.18208624736151863, 0.50973274848043, 0.12226390379162504, 0.35012453440469715, 0.6872780056871926, 0.3306298664318974, 0.1715739164398804, 0.006721420376576193, 0.6281295431624088, 0.6502637607764027, 0.6581200930125635, 0.7664700374535296, 0.6935425936240491, 0.5856652271519983]]}