{"labels_1": ["1", "2", "3", "4", "5", "6", "7", "8", "9"], "labels_2": ["1", "2", "3", "4", "5", "6", "7", "8", "9"], "adj_matrix_1": [[0.0, 0.02726, 0.1079, 0.06116, 0.04185, 0.05299, 0.22226, 0.20449, 0.17212], [0.02726, 0.0, 0.08162, 0.08777, 0.01466, 0.07974, 0.24102, 0.18115, 0.19465], [0.1079, 0.08162, 0.0, 0.16441, 0.06727, 0.15707, 0.28956, 0.105, 0.2556], [0.06116, 0.08777, 0.16441, 0.0, 0.10186, 0.00831, 0.17525, 0.25221, 0.11752], [0.04185, 0.01466, 0.06727, 0.10186, 0.0, 0.09392, 0.25054, 0.16816, 0.2063], [0.05299, 0.07974, 0.15707, 0.00831, 0.09392, 0.0, 0.18197, 0.24622, 0.12518], [0.22226, 0.24102, 0.28956, 0.17525, 0.25054, 0.18197, 0.0, 0.3356, 0.0664], [0.20449, 0.18115, 0.105, 0.25221, 0.16816, 0.24622, 0.3356, 0.0, 0.31864], [0.17212, 0.19465, 0.2556, 0.11752, 0.2063, 0.12518, 0.0664, 0.31864, 0.0]], "adj_matrix_2": [[0.0, 0.05719, 0.00052, 0.09851, 0.15367, 0.02648, 0.0954, 0.13226, 0.16082], [0.05719, 0.0, 0.05667, 0.15138, 0.10021, 0.08308, 0.1485, 0.07757, 0.20734], [0.00052, 0.05667, 0.0, 0.09901, 0.1532, 0.02701, 0.0959, 0.13178, 0.16124], [0.09851, 0.15138, 0.09901, 0.0, 0.23446, 0.07303, 0.00329, 0.21667, 0.06878], [0.15367, 0.10021, 0.1532, 0.23446, 0.0, 0.17688, 0.23215, 0.02332, 0.27625], [0.02648, 0.08308, 0.02701, 0.07303, 0.17688, 0.0, 0.06984, 0.15624, 0.13766], [0.0954, 0.1485, 0.0959, 0.00329, 0.23215, 0.06984, 0.0, 0.21421, 0.07197], [0.13226, 0.07757, 0.13178, 0.21667, 0.02332, 0.15624, 0.21421, 0.0, 0.26194], [0.16082, 0.20734, 0.16124, 0.06878, 0.27625, 0.13766, 0.07197, 0.26194, 0.0]], "features_1": [[-0.10934629382845928, 0.7534962169276105, 0.0, 0.21302621351804615, 0.5071763699362144, 0.1217858612722243, 0.3636633442669968, 0.6880990468647934, 0.34807493370364373, 0.16432313304642787, 0.007448685839370306, 0.6128181042086811, 0.6573715176860863, 0.6729444732424258, 0.7723906055858508, 0.708140680671889, 0.5787646609942145], [0.023866329901725436, 0.7781687134363009, 0.0, 0.21873638199061612, 0.5073143508475563, 0.12724069176377775, 0.33831628045147466, 0.6845193262046474, 0.3808197877493602, 0.17559378391470637, 0.007671947615560004, 0.6112891661236421, 0.6401814097973979, 0.6605908354483768, 0.7841282621330462, 0.698089001635228, 0.6074447470312123], [-0.15963006154303905, 0.8861266968805919, 0.0, 0.19210088361085817, 0.541568102903295, 0.12398770830088943, 0.35271276217713987, 0.6867540568181181, 0.35664139447420284, 0.1937012476469271, 0.007336964783822175, 0.617200892960454, 0.6553591000109333, 0.6685937965089545, 0.7769924982293014, 0.7079793610289743, 0.5915437901837632], [-0.09654171904903608, 0.9130442891282048, 0.0, 0.19607049644405714, 0.549231639946953, 0.12258083984897189, 0.3812626022192497, 0.6875383798804391, 0.3502900198049028, 0.19648483126554916, 0.00716927026363523, 0.6106690760294473, 0.6458091170064952, 0.6579498587648246, 0.7745784036186696, 0.7078848422628858, 0.5891459440715876], [0.011963922303161567, 0.7602161249214512, 0.0, 0.2056340892751045, 0.5007801776341242, 0.1262360053223443, 0.3042269050721586, 0.6844896524372917, 0.3729565749874628, 0.17052792027106878, 0.007560346756364078, 0.6094534238539624, 0.6573961749338938, 0.6826705616710308, 0.778585004364642, 0.7220919495765535, 0.5997237160453694], [-0.07191048575469505, 0.8806213438012589, 0.0, 0.19158678790896114, 0.5414068358840215, 0.12388645223067957, 0.427315548835292, 0.6877808500492408, 0.3552810259835324, 0.19137445475722514, 0.007448685839370306, 0.6078938587485392, 0.6535544417408249, 0.6764101316741549, 0.7844302075288704, 0.7102027521408575, 0.5986392141856437], [-0.011260484730267972, 0.913527917720623, 0.0, 0.19035233029124063, 0.5472268928715671, 0.12225660051136542, 0.34457648140974795, 0.6876435789018218, 0.34364191868917016, 0.1970345673616165, 0.007448685839370306, 0.6011010403067987, 0.6450434805940467, 0.6548268973501549, 0.7715310615149844, 0.7020966147555171, 0.5908127371384508], [0.160257566635841, 0.7435524531460429, 0.0, 0.22272745046860568, 0.5020979564720256, 0.12093120505751484, 0.3317754881211833, 0.6882657496771456, 0.3410237913683276, 0.15974925490862457, 0.007336964783822175, 0.6133379624278792, 0.6337226365188569, 0.6537363395677543, 0.7671954479582166, 0.6992374504981749, 0.5818451245786174], [0.5462700193198802, 0.7762821456608854, 0.0, 0.23533502751056248, 0.5178701410141575, 0.11842358006034391, 0.40226794608141814, 0.690274536294843, 0.33484399056574676, 0.1635132906235226, 0.006889477554966383, 0.5838843776391816, 0.6365104855325602, 0.6653762939988124, 0.7687885115713833, 0.6916619170053572, 0.5808108714647439]], "features_2": [[0.29839724681981794, 0.6972164106657137, 0.0, 0.28086929766412116, 0.4825466717807066, 0.12773773558093876, 0.31976053942165805, 0.683660042956471, 0.3749847757422924, 0.15985346113527643, 0.007560346756364078, 0.6040912351284162, 0.6464632845901955, 0.6784788784492923, 0.7809205659769203, 0.7108616733525057, 0.5955614283144783], [-0.061291364029630646, 0.6921317619954783, 0.0, 0.23792612131381563, 0.4750806177892877, 0.13101618003748133, 0.30743541278802977, 0.6809719858346652, 0.38542199229889884, 0.1623021043878885, 0.007504523810135222, 0.6166679406096751, 0.6569746116471117, 0.6774793080234071, 0.7890566195353349, 0.7031184194308334, 0.607908844033817], [0.0317468619556438, 0.7919821289172314, 0.0, 0.25561422268767553, 0.5089651834288151, 0.13014693831135082, 0.3040933368196157, 0.6818918879363558, 0.3868721678938496, 0.18395270598921631, 0.007894969482732161, 0.6152792093791626, 0.6630211585981527, 0.6818424566471348, 0.7866432017770268, 0.7084570612515514, 0.6077074858909853], [0.381176839807539, 0.8210310808397565, 0.0, 0.28450450728769733, 0.5163697691216784, 0.12933101299656824, 0.2897562151480052, 0.6818407286624732, 0.37409047508671467, 0.18614994439587873, 0.007616154688146137, 0.5983049847978159, 0.6372841509404714, 0.6642011491812143, 0.7812401362010994, 0.7197995155965734, 0.6007918315576406], [-0.3401741159546954, 0.708607334226089, 0.0, 0.22662717631995744, 0.47683934473150047, 0.13279805855949156, 0.29070157932343293, 0.6791508684485981, 0.3915624663572017, 0.1696357972385676, 0.007727725548673403, 0.6287207792397029, 0.6697506367247547, 0.6845720243978666, 0.7920489491924733, 0.7040402650172075, 0.6091455495027557], [-0.007121153569617622, 0.8158457142790518, 0.0, 0.25621364339574976, 0.5131572878316865, 0.1314688552627104, 0.3079373419709711, 0.681197581173576, 0.3908184422453582, 0.19035571762566095, 0.007727725548673403, 0.6047794731683562, 0.6592672756189837, 0.6861144223336619, 0.7917974061850328, 0.7113710028774708, 0.611367452861031], [0.5881810273474115, 0.8057731064682672, 0.0, 0.26177195761462185, 0.5067349333717255, 0.1308301033311944, 0.23831057659229984, 0.679594243512408, 0.3779716212864934, 0.1818636433017471, 0.007281081678807366, 0.5946524602228582, 0.6497590569237913, 0.6683055908723362, 0.7812617595129977, 0.7148081212672419, 0.5944703252418981], [-0.1489719410079986, 0.714800568576893, 0.0, 0.2371012845605793, 0.4770105181630144, 0.13378255282775114, 0.29814818173302127, 0.6787272240669243, 0.3934461959380753, 0.1701918874083117, 0.007392832833969631, 0.619680410469932, 0.6589677600109973, 0.6896007076658015, 0.7962512116519842, 0.7185599720412296, 0.6192796293273176], [-0.05994055412478039, 0.7262912897923173, 0.0, 0.27838660030928647, 0.4816858886226061, 0.1325291468881611, 0.268506171787525, 0.6790058734553475, 0.38988206252903046, 0.17009132486003242, 0.007727725548673403, 0.6078678490589544, 0.6476560845144295, 0.6685207033487189, 0.7898234469919966, 0.7082147412813996, 0.6131018859867161]]}