{"labels_1": ["1", "2", "3", "4", "5", "6", "7", "8", "9"], "labels_2": ["1", "2", "3", "4", "5", "6", "7", "8", "9"], "adj_matrix_1": [[0.0, 0.29316, 0.01634, 0.04474, 0.31268, 0.00176, 0.19456, 0.22739, 0.05911], [0.29316, 0.0, 0.30339, 0.26262, 0.0387, 0.29181, 0.39546, 0.09513, 0.25225], [0.01634, 0.30339, 0.0, 0.06096, 0.32155, 0.0181, 0.17967, 0.24055, 0.07524], [0.04474, 0.26262, 0.06096, 0.0, 0.28578, 0.04299, 0.23411, 0.18943, 0.01448], [0.31268, 0.0387, 0.32155, 0.28578, 0.0, 0.31147, 0.39842, 0.13126, 0.27656], [0.00176, 0.29181, 0.0181, 0.04299, 0.31147, 0.0, 0.19622, 0.22583, 0.05736], [0.19456, 0.39546, 0.17967, 0.23411, 0.39842, 0.19622, 0.0, 0.36722, 0.24629], [0.22739, 0.09513, 0.24055, 0.18943, 0.13126, 0.22583, 0.36722, 0.0, 0.17674], [0.05911, 0.25225, 0.07524, 0.01448, 0.27656, 0.05736, 0.24629, 0.17674, 0.0]], "adj_matrix_2": [[0.0, 0.09571, 0.04723, 0.0441, 0.00119, 0.00415, 0.22803, 0.33278, 0.2188], [0.09571, 0.0, 0.13736, 0.13469, 0.0968, 0.09184, 0.26713, 0.30688, 0.26186], [0.04723, 0.13736, 0.0, 0.00318, 0.04605, 0.05131, 0.1971, 0.33263, 0.18625], [0.0441, 0.13469, 0.00318, 0.0, 0.04292, 0.04819, 0.19939, 0.33292, 0.18863], [0.00119, 0.0968, 0.04605, 0.04292, 0.0, 0.00534, 0.22731, 0.33286, 0.21805], [0.00415, 0.09184, 0.05131, 0.04819, 0.00534, 0.0, 0.2305, 0.33251, 0.22139], [0.22803, 0.26713, 0.1971, 0.19939, 0.22731, 0.2305, 0.0, 0.23415, 0.01407], [0.33278, 0.30688, 0.33263, 0.33292, 0.33286, 0.33251, 0.23415, 0.0, 0.24457], [0.2188, 0.26186, 0.18625, 0.18863, 0.21805, 0.22139, 0.01407, 0.24457, 0.0]], "features_1": [[-0.20579199248855717, 0.8300699294363347, 0.0, 0.22621759624601062, 0.5046601704030453, 0.13950595496234866, 0.3052529340910972, 0.6714487155903399, 0.4410953343531667, 0.2060912837698341, 0.008284682400665488, 0.6358819533798994, 0.662729134351399, 0.6829128569968833, 0.8015164802666003, 0.7160371814475851, 0.6201383239542609], [0.09770008008369313, 0.8716105885855818, 0.0, 0.2243366970063119, 0.5088813700392265, 0.1438666992919532, 0.2635503309372716, 0.6650684261053754, 0.4547173803300866, 0.21808567076456042, 0.008117752083540042, 0.6177743418602408, 0.6579795196488565, 0.6989025921305659, 0.8057622642476587, 0.7136118469677682, 0.6236629146081317], [-0.353468995280831, 0.9741592156730096, 0.0, 0.23255127609373627, 0.5429116297566026, 0.13983576462089736, 0.31216318649672986, 0.6714999510499, 0.4393288988355759, 0.2373714004446359, 0.00783923647221818, 0.6412688295188438, 0.6755221963577722, 0.7131048586355658, 0.8021638454418185, 0.7190721111158296, 0.6282979551774384], [-0.5002980565271651, 0.98293935256362, 0.0, 0.23217927780499806, 0.5411567307673631, 0.14026983364465137, 0.2800340386632854, 0.6700818301563765, 0.43251814300741165, 0.24060955575694143, 0.008062078829516484, 0.6337719436814178, 0.6739971129566421, 0.7130088846108384, 0.8021960513506988, 0.7182001193980265, 0.6245200045264836], [-0.0007901819253275377, 0.903517055709616, 0.0, 0.2352738131903431, 0.5179330878048709, 0.1414810313433591, 0.2566322133861988, 0.6676099703047422, 0.4365731598815288, 0.2231857190551889, 0.008006390651371653, 0.6184349167767431, 0.645618450976491, 0.6812226085441453, 0.8015816676992403, 0.7064175858455488, 0.6196328735183074], [-0.42021737262307557, 1.0200201933875246, 0.0, 0.2042354501314096, 0.5520224403280428, 0.14065597443275604, 0.30983188848980775, 0.6713991816063903, 0.44468783694283576, 0.2497760839807317, 0.00822905385914674, 0.6405105195270298, 0.6784967009300877, 0.7124751884995875, 0.8066653878612778, 0.7184683119567843, 0.6379421592153471], [-0.5568647707179313, 0.965511374939109, 0.0, 0.19798228711707505, 0.5368354602130275, 0.13982839793328625, 0.3040080033071796, 0.6710643162341544, 0.43235897130912004, 0.23800171760906896, 0.007894969482732161, 0.6504138121569265, 0.6769589757463057, 0.7144712874000697, 0.8021197873788113, 0.7123578265808875, 0.6315795056935448], [-0.25301244532492717, 0.8866297370472915, 0.0, 0.2044189978098227, 0.5186509452811479, 0.13957147917897583, 0.3032149577488582, 0.6726072492769393, 0.4263928210985992, 0.21843485361849657, 0.008006390651371653, 0.6262023416921705, 0.6888141610996592, 0.7257273189572275, 0.807536290788587, 0.719039126322947, 0.6348845212954896], [-0.2151186612279843, 0.9311127849091154, 0.0, 0.20437209990346156, 0.5292021666053759, 0.1390400444549819, 0.3261100482863547, 0.6727509014619888, 0.42996716059387907, 0.2263669830755466, 0.00783923647221818, 0.6320580566354352, 0.6706148762485488, 0.6938073676369221, 0.8045122134209357, 0.7090646944191829, 0.6356489143414392]], "features_2": [[0.38301218014823935, 0.7149139931179322, 0.0, 0.2662164494341801, 0.4995238457517889, 0.12041490879558564, 0.43782350661868963, 0.6898085640946622, 0.3384642088469385, 0.1515083342961976, 0.00677745458930179, 0.5967974190589085, 0.6570012305027638, 0.6498294266352528, 0.7739507486587938, 0.7170932300737127, 0.581839663378074], [0.4815829362115793, 0.7093963978772179, 0.0, 0.2715482238689459, 0.49260755451336613, 0.12321005236860043, 0.41274155480681146, 0.6882814017005996, 0.33112170190335877, 0.15276925699272903, 0.00655322669591385, 0.5899231323324972, 0.6631723565342336, 0.6756628006896345, 0.7809966039025211, 0.7061121040399551, 0.5727636338000585], [0.13409528148023586, 0.8666071228485268, 0.0, 0.2511449276756094, 0.5401898301341723, 0.12202896714170332, 0.39277597326769753, 0.6886673744836725, 0.3462486620240841, 0.18639140719262404, 0.006889477554966383, 0.5958130703815581, 0.6461175122250153, 0.6541420270659773, 0.775002577249363, 0.7117967762606955, 0.5873133324720881], [0.15732085541076035, 0.8785209214091733, 0.0, 0.23881149531574364, 0.5435330224804799, 0.12169002100776054, 0.3659585773282238, 0.6884618446852286, 0.3386191745524578, 0.18785535416248256, 0.007225183508792421, 0.6015036625760617, 0.6585311831463659, 0.6677048938302405, 0.7719396937699329, 0.706291085867401, 0.5939357351588529], [0.05610228151588359, 0.6907136329237289, 0.0, 0.25611837059890263, 0.4858415064520682, 0.12397532793229876, 0.4350839318730856, 0.688078323848372, 0.3364442069933973, 0.15176582132796956, 0.006497131753992358, 0.5959095060946753, 0.6424478828890936, 0.6574451198758503, 0.7850647160006984, 0.7005008014725027, 0.5757819342921782], [0.16691794908075774, 0.8812462320866669, 0.0, 0.25937962328141906, 0.5433405603047944, 0.12368184052469532, 0.4286033014041287, 0.6882456025121794, 0.350466754674025, 0.1914132576745069, 0.00677745458930179, 0.5940229339535641, 0.6555555676196082, 0.6660165134158168, 0.7826525191957341, 0.721008241726482, 0.5905552736964501], [0.3885890303741282, 0.8377356488623258, 0.0, 0.2775366272014275, 0.5326150739228477, 0.12228528195083357, 0.3998387243623164, 0.6886643574165876, 0.3329360031537958, 0.17769098393915272, 0.006889477554966383, 0.5980684052835852, 0.6355564313423552, 0.6347172874150184, 0.7772873853033777, 0.700207114813943, 0.5927946036684385], [-0.31535482399198056, 0.7202338492780238, 0.0, 0.24498619639908514, 0.49353808831099666, 0.1217245021912981, 0.436834831749313, 0.6888848016096885, 0.32106177658375756, 0.1560166410008761, 0.006721420376576193, 0.6184885221894421, 0.6625881930049118, 0.6888090517232979, 0.7768376175313568, 0.6624625332657725, 0.5576899116884073], [-0.05470191258322199, 0.7921548029869357, 0.0, 0.24050321008144487, 0.5182339496645658, 0.1203941196515442, 0.3938874209478108, 0.6891275999500366, 0.3086347990514149, 0.16683055456507034, 0.006497131753992358, 0.6040756379007153, 0.6496823227511548, 0.6504485213784436, 0.7693723123414655, 0.6979479057831467, 0.5520311133311404]]}