{"labels_1": ["1", "2", "3", "4", "5", "6", "7", "8", "9"], "labels_2": ["1", "2", "3", "4", "5", "6", "7", "8", "9"], "adj_matrix_1": [[0.0, 0.29316, 0.01634, 0.04474, 0.31268, 0.00176, 0.19456, 0.22739, 0.05911], [0.29316, 0.0, 0.30339, 0.26262, 0.0387, 0.29181, 0.39546, 0.09513, 0.25225], [0.01634, 0.30339, 0.0, 0.06096, 0.32155, 0.0181, 0.17967, 0.24055, 0.07524], [0.04474, 0.26262, 0.06096, 0.0, 0.28578, 0.04299, 0.23411, 0.18943, 0.01448], [0.31268, 0.0387, 0.32155, 0.28578, 0.0, 0.31147, 0.39842, 0.13126, 0.27656], [0.00176, 0.29181, 0.0181, 0.04299, 0.31147, 0.0, 0.19622, 0.22583, 0.05736], [0.19456, 0.39546, 0.17967, 0.23411, 0.39842, 0.19622, 0.0, 0.36722, 0.24629], [0.22739, 0.09513, 0.24055, 0.18943, 0.13126, 0.22583, 0.36722, 0.0, 0.17674], [0.05911, 0.25225, 0.07524, 0.01448, 0.27656, 0.05736, 0.24629, 0.17674, 0.0]], "adj_matrix_2": [[0.0, 0.08511, 0.02285, 0.06885, 0.26095, 0.00771, 0.24309, 0.13441, 0.04844], [0.08511, 0.0, 0.10715, 0.01664, 0.19981, 0.07758, 0.17669, 0.05182, 0.1315], [0.02285, 0.10715, 0.0, 0.09117, 0.27493, 0.03055, 0.2587, 0.15528, 0.0257], [0.06885, 0.01664, 0.09117, 0.0, 0.21252, 0.06127, 0.1904, 0.0682, 0.11588], [0.26095, 0.19981, 0.27493, 0.21252, 0.0, 0.25577, 0.0295, 0.15703, 0.28986], [0.00771, 0.07758, 0.03055, 0.06127, 0.25577, 0.0, 0.23751, 0.12718, 0.05609], [0.24309, 0.17669, 0.2587, 0.1904, 0.0295, 0.23751, 0.0, 0.13124, 0.27538], [0.13441, 0.05182, 0.15528, 0.0682, 0.15703, 0.12718, 0.13124, 0.0, 0.17817], [0.04844, 0.1315, 0.0257, 0.11588, 0.28986, 0.05609, 0.27538, 0.17817, 0.0]], "features_1": [[-0.20579199248855717, 0.8300699294363347, 0.0, 0.22621759624601062, 0.5046601704030453, 0.13950595496234866, 0.3052529340910972, 0.6714487155903399, 0.4410953343531667, 0.2060912837698341, 0.008284682400665488, 0.6358819533798994, 0.662729134351399, 0.6829128569968833, 0.8015164802666003, 0.7160371814475851, 0.6201383239542609], [0.09770008008369313, 0.8716105885855818, 0.0, 0.2243366970063119, 0.5088813700392265, 0.1438666992919532, 0.2635503309372716, 0.6650684261053754, 0.4547173803300866, 0.21808567076456042, 0.008117752083540042, 0.6177743418602408, 0.6579795196488565, 0.6989025921305659, 0.8057622642476587, 0.7136118469677682, 0.6236629146081317], [-0.353468995280831, 0.9741592156730096, 0.0, 0.23255127609373627, 0.5429116297566026, 0.13983576462089736, 0.31216318649672986, 0.6714999510499, 0.4393288988355759, 0.2373714004446359, 0.00783923647221818, 0.6412688295188438, 0.6755221963577722, 0.7131048586355658, 0.8021638454418185, 0.7190721111158296, 0.6282979551774384], [-0.5002980565271651, 0.98293935256362, 0.0, 0.23217927780499806, 0.5411567307673631, 0.14026983364465137, 0.2800340386632854, 0.6700818301563765, 0.43251814300741165, 0.24060955575694143, 0.008062078829516484, 0.6337719436814178, 0.6739971129566421, 0.7130088846108384, 0.8021960513506988, 0.7182001193980265, 0.6245200045264836], [-0.0007901819253275377, 0.903517055709616, 0.0, 0.2352738131903431, 0.5179330878048709, 0.1414810313433591, 0.2566322133861988, 0.6676099703047422, 0.4365731598815288, 0.2231857190551889, 0.008006390651371653, 0.6184349167767431, 0.645618450976491, 0.6812226085441453, 0.8015816676992403, 0.7064175858455488, 0.6196328735183074], [-0.42021737262307557, 1.0200201933875246, 0.0, 0.2042354501314096, 0.5520224403280428, 0.14065597443275604, 0.30983188848980775, 0.6713991816063903, 0.44468783694283576, 0.2497760839807317, 0.00822905385914674, 0.6405105195270298, 0.6784967009300877, 0.7124751884995875, 0.8066653878612778, 0.7184683119567843, 0.6379421592153471], [-0.5568647707179313, 0.965511374939109, 0.0, 0.19798228711707505, 0.5368354602130275, 0.13982839793328625, 0.3040080033071796, 0.6710643162341544, 0.43235897130912004, 0.23800171760906896, 0.007894969482732161, 0.6504138121569265, 0.6769589757463057, 0.7144712874000697, 0.8021197873788113, 0.7123578265808875, 0.6315795056935448], [-0.25301244532492717, 0.8866297370472915, 0.0, 0.2044189978098227, 0.5186509452811479, 0.13957147917897583, 0.3032149577488582, 0.6726072492769393, 0.4263928210985992, 0.21843485361849657, 0.008006390651371653, 0.6262023416921705, 0.6888141610996592, 0.7257273189572275, 0.807536290788587, 0.719039126322947, 0.6348845212954896], [-0.2151186612279843, 0.9311127849091154, 0.0, 0.20437209990346156, 0.5292021666053759, 0.1390400444549819, 0.3261100482863547, 0.6727509014619888, 0.42996716059387907, 0.2263669830755466, 0.00783923647221818, 0.6320580566354352, 0.6706148762485488, 0.6938073676369221, 0.8045122134209357, 0.7090646944191829, 0.6356489143414392]], "features_2": [[0.05756823887640916, 0.9523957134179167, 0.0, 0.23186970699133894, 0.5511878024652984, 0.12692445414590636, 0.3908329622164274, 0.6852124909535986, 0.34054750141098555, 0.2074621842876887, 0.007001439975721224, 0.6093068757839029, 0.6605023602431007, 0.6629593605940459, 0.7897733733064207, 0.722975993519907, 0.5920228401785038], [-0.026265775212174436, 1.00791281235601, 0.0, 0.29935421881270197, 0.5654273073504601, 0.1271983213950802, 0.43979898124869693, 0.6858183842514123, 0.34461286891551834, 0.22119221935908873, 0.00711334193318236, 0.6137990943563008, 0.6781179647578758, 0.6853675418760009, 0.7941580891935174, 0.7177969297339205, 0.5978403436822924], [0.0685047458344914, 1.1297775854258851, 0.0, 0.24121778802400876, 0.589446762924515, 0.12668827474705543, 0.3496619694700499, 0.6846415255627138, 0.3367938520699483, 0.23895954883264547, 0.007336964783822175, 0.6104209533231946, 0.6632332659124255, 0.6549452603394779, 0.7846724003623696, 0.7225696975485825, 0.5906821429961109], [0.06861103572458216, 1.1167313572577966, 0.0, 0.22770974658115797, 0.58485435725515, 0.128899116016187, 0.37254066312895234, 0.6835203056473453, 0.34636309667558174, 0.24029398533299084, 0.007336964783822175, 0.6140700920356528, 0.6576335113232883, 0.6718079831446835, 0.7917445229886194, 0.7321450798654964, 0.5955637867075585], [0.23892845558331777, 0.9859227465408508, 0.0, 0.311949027592228, 0.5593053909640243, 0.1301071271721228, 0.4941814789773339, 0.6851214455524035, 0.3677152760679021, 0.21990691146411012, 0.007448685839370306, 0.606777848066588, 0.6786730816045106, 0.69798919599396, 0.8065196014235273, 0.7404417241099859, 0.6132127910399431], [-0.003667589395653703, 1.143185340159902, 0.0, 0.2680206472335176, 0.5949655221238087, 0.12736804892286552, 0.42660665140340515, 0.6856529594764345, 0.3406784378064527, 0.24379286758772256, 0.0069454663283523566, 0.6100940223333016, 0.65519830796829, 0.6744367600779094, 0.7943566373341139, 0.7235856070763618, 0.6012666379525117], [0.020596537410635385, 1.085853969531802, 0.0, 0.26332675977398107, 0.5823461777753449, 0.12991838887333382, 0.4411430951946258, 0.6843826243514679, 0.36318619232360083, 0.23966042236773366, 0.007225183508792421, 0.6115037475972096, 0.6679282516238819, 0.6866671164122856, 0.8025772206179747, 0.7133259809465817, 0.6079354540312228], [0.34500631474477395, 0.9999976196758159, 0.0, 0.306356751926895, 0.5616601687068763, 0.13172252270253693, 0.49183146724864457, 0.6843818323788496, 0.37910746362552405, 0.22209158397612994, 0.007783488497544067, 0.6055064756735762, 0.6644789248311918, 0.6781459086132662, 0.8108826036582861, 0.7490093917209708, 0.6283014212783039], [-0.10749322553639296, 1.1066129876391466, 0.0, 0.26258489893979664, 0.5863329726438536, 0.12931818546025695, 0.4536129627485259, 0.6849075273572212, 0.3556878482206398, 0.24178563111671103, 0.007392832833969631, 0.6196301158982165, 0.6625563241864525, 0.6922294486043502, 0.800772604844429, 0.7319984754052442, 0.6105311938787636]]}