{"labels_1": ["1", "2", "3", "4", "5", "6", "7", "8", "9"], "labels_2": ["1", "2", "3", "4", "5", "6", "7", "8", "9"], "adj_matrix_1": [[0.0, 0.29316, 0.01634, 0.04474, 0.31268, 0.00176, 0.19456, 0.22739, 0.05911], [0.29316, 0.0, 0.30339, 0.26262, 0.0387, 0.29181, 0.39546, 0.09513, 0.25225], [0.01634, 0.30339, 0.0, 0.06096, 0.32155, 0.0181, 0.17967, 0.24055, 0.07524], [0.04474, 0.26262, 0.06096, 0.0, 0.28578, 0.04299, 0.23411, 0.18943, 0.01448], [0.31268, 0.0387, 0.32155, 0.28578, 0.0, 0.31147, 0.39842, 0.13126, 0.27656], [0.00176, 0.29181, 0.0181, 0.04299, 0.31147, 0.0, 0.19622, 0.22583, 0.05736], [0.19456, 0.39546, 0.17967, 0.23411, 0.39842, 0.19622, 0.0, 0.36722, 0.24629], [0.22739, 0.09513, 0.24055, 0.18943, 0.13126, 0.22583, 0.36722, 0.0, 0.17674], [0.05911, 0.25225, 0.07524, 0.01448, 0.27656, 0.05736, 0.24629, 0.17674, 0.0]], "adj_matrix_2": [[0.0, 0.19871, 0.18923, 0.09512, 0.28529, 0.26549, 0.12717, 0.26545, 0.24068], [0.19871, 0.0, 0.01202, 0.11473, 0.14845, 0.10264, 0.08251, 0.10256, 0.05946], [0.18923, 0.01202, 0.0, 0.10355, 0.15842, 0.11375, 0.07091, 0.11366, 0.07117], [0.09512, 0.11473, 0.10355, 0.0, 0.23459, 0.20193, 0.03396, 0.20185, 0.16726], [0.28529, 0.14845, 0.15842, 0.23459, 0.0, 0.05173, 0.21243, 0.05183, 0.0951], [0.26549, 0.10264, 0.11375, 0.20193, 0.05173, 0.0, 0.1755, 0.0001, 0.04507], [0.12717, 0.08251, 0.07091, 0.03396, 0.21243, 0.1755, 0.0, 0.17542, 0.13785], [0.26545, 0.10256, 0.11366, 0.20185, 0.05183, 0.0001, 0.17542, 0.0, 0.04497], [0.24068, 0.05946, 0.07117, 0.16726, 0.0951, 0.04507, 0.13785, 0.04497, 0.0]], "features_1": [[-0.20579199248855717, 0.8300699294363347, 0.0, 0.22621759624601062, 0.5046601704030453, 0.13950595496234866, 0.3052529340910972, 0.6714487155903399, 0.4410953343531667, 0.2060912837698341, 0.008284682400665488, 0.6358819533798994, 0.662729134351399, 0.6829128569968833, 0.8015164802666003, 0.7160371814475851, 0.6201383239542609], [0.09770008008369313, 0.8716105885855818, 0.0, 0.2243366970063119, 0.5088813700392265, 0.1438666992919532, 0.2635503309372716, 0.6650684261053754, 0.4547173803300866, 0.21808567076456042, 0.008117752083540042, 0.6177743418602408, 0.6579795196488565, 0.6989025921305659, 0.8057622642476587, 0.7136118469677682, 0.6236629146081317], [-0.353468995280831, 0.9741592156730096, 0.0, 0.23255127609373627, 0.5429116297566026, 0.13983576462089736, 0.31216318649672986, 0.6714999510499, 0.4393288988355759, 0.2373714004446359, 0.00783923647221818, 0.6412688295188438, 0.6755221963577722, 0.7131048586355658, 0.8021638454418185, 0.7190721111158296, 0.6282979551774384], [-0.5002980565271651, 0.98293935256362, 0.0, 0.23217927780499806, 0.5411567307673631, 0.14026983364465137, 0.2800340386632854, 0.6700818301563765, 0.43251814300741165, 0.24060955575694143, 0.008062078829516484, 0.6337719436814178, 0.6739971129566421, 0.7130088846108384, 0.8021960513506988, 0.7182001193980265, 0.6245200045264836], [-0.0007901819253275377, 0.903517055709616, 0.0, 0.2352738131903431, 0.5179330878048709, 0.1414810313433591, 0.2566322133861988, 0.6676099703047422, 0.4365731598815288, 0.2231857190551889, 0.008006390651371653, 0.6184349167767431, 0.645618450976491, 0.6812226085441453, 0.8015816676992403, 0.7064175858455488, 0.6196328735183074], [-0.42021737262307557, 1.0200201933875246, 0.0, 0.2042354501314096, 0.5520224403280428, 0.14065597443275604, 0.30983188848980775, 0.6713991816063903, 0.44468783694283576, 0.2497760839807317, 0.00822905385914674, 0.6405105195270298, 0.6784967009300877, 0.7124751884995875, 0.8066653878612778, 0.7184683119567843, 0.6379421592153471], [-0.5568647707179313, 0.965511374939109, 0.0, 0.19798228711707505, 0.5368354602130275, 0.13982839793328625, 0.3040080033071796, 0.6710643162341544, 0.43235897130912004, 0.23800171760906896, 0.007894969482732161, 0.6504138121569265, 0.6769589757463057, 0.7144712874000697, 0.8021197873788113, 0.7123578265808875, 0.6315795056935448], [-0.25301244532492717, 0.8866297370472915, 0.0, 0.2044189978098227, 0.5186509452811479, 0.13957147917897583, 0.3032149577488582, 0.6726072492769393, 0.4263928210985992, 0.21843485361849657, 0.008006390651371653, 0.6262023416921705, 0.6888141610996592, 0.7257273189572275, 0.807536290788587, 0.719039126322947, 0.6348845212954896], [-0.2151186612279843, 0.9311127849091154, 0.0, 0.20437209990346156, 0.5292021666053759, 0.1390400444549819, 0.3261100482863547, 0.6727509014619888, 0.42996716059387907, 0.2263669830755466, 0.00783923647221818, 0.6320580566354352, 0.6706148762485488, 0.6938073676369221, 0.8045122134209357, 0.7090646944191829, 0.6356489143414392]], "features_2": [[0.2623368471140055, 0.7605400866190313, 0.0, 0.2343157043872523, 0.47135433350931066, 0.14596189096219714, 0.1745902118911026, 0.6601013832563591, 0.4740308066814525, 0.19461624815016831, 0.008673665988278678, 0.6277071968791339, 0.6557476986966897, 0.6923087232721441, 0.8078696823069939, 0.7228566890239579, 0.6072574041214198], [0.45781737625671237, 0.7884590806717161, 0.0, 0.2447019216593768, 0.47576095874960617, 0.1479450799245435, 0.1845806785377441, 0.6572033676816623, 0.49477309342257025, 0.20372140402648142, 0.008673665988278678, 0.6136880131845119, 0.6554782238612559, 0.6861349672883994, 0.8113689925424152, 0.7329820965920661, 0.6089238643455333], [0.35893628664555033, 0.888786252109141, 0.0, 0.23908090991032174, 0.5094259997435888, 0.14532542475796761, 0.19957327329616703, 0.6624200180614825, 0.48053638593590486, 0.22364635095917684, 0.008562602043175715, 0.6203291037091789, 0.6588732854489046, 0.6857792697972874, 0.8096648584472667, 0.7101709782665078, 0.610705101335287], [0.43910026799572366, 0.9126681800363456, 0.0, 0.24178841382709285, 0.5113621919226694, 0.1462088706331533, 0.16021309747400495, 0.6590860109692701, 0.47214340768306884, 0.22681305515286976, 0.008618141428105908, 0.6203070987044361, 0.6527909665787305, 0.6768325187158881, 0.8067192939856599, 0.7276387518829088, 0.6045983393876596], [0.49693889087095666, 0.8175523519404189, 0.0, 0.27607550890389515, 0.48160277156921144, 0.14885969511621233, 0.16847378978357597, 0.6555283988395, 0.5007643329208904, 0.21267112840696534, 0.008562602043175715, 0.6114852967432021, 0.6614535064892783, 0.6852097796681746, 0.8121022112773222, 0.7180462448372452, 0.6101204613887302], [0.5032585885803171, 0.9472599888451886, 0.0, 0.2539319909313882, 0.5235720600357839, 0.14693801440469473, 0.21679484054422388, 0.6618694980679295, 0.49095908689724466, 0.2376607426964361, 0.008562602043175715, 0.6118190794103415, 0.6706165091051073, 0.6963143014815731, 0.8148804628668618, 0.727482058780514, 0.6160078781125498], [0.7664814249190619, 0.8761381036483147, 0.0, 0.27869188319336197, 0.5007581928696792, 0.14918616692408462, 0.17988249541884258, 0.6569289160038674, 0.5038683365793077, 0.2232774931737973, 0.009338807964934137, 0.6185963310791149, 0.6488538572087948, 0.6821025219513411, 0.8156281881056779, 0.7323087960631474, 0.6171261494787328], [0.4194069341038489, 0.9171506134486441, 0.0, 0.28075405823342103, 0.5091501922445202, 0.1468683628898489, 0.1618878952353235, 0.6574523305660696, 0.47512235257606483, 0.23152434568456703, 0.008784670673857464, 0.6072210984116917, 0.6519981264094319, 0.6912867149070256, 0.8061786356235388, 0.7097901489366396, 0.5963608311985306], [0.4723718005581934, 0.9344798818935482, 0.0, 0.2652513069149831, 0.5135617344353101, 0.14709919857838638, 0.15578678902393434, 0.6567615120672382, 0.46838416963515006, 0.23239813316641533, 0.008673665988278678, 0.61178626343053, 0.6267039323462716, 0.6585318431818331, 0.8058300895097398, 0.7177623559418089, 0.6033646278114614]]}