{"labels_1": ["1", "2", "3", "4", "5", "6", "7", "8", "9"], "labels_2": ["1", "2", "3", "4", "5", "6", "7", "8", "9"], "adj_matrix_1": [[0.0, 0.06136, 0.00579, 0.3007, 0.04883, 0.02168, 0.0951, 0.28997, 0.31103], [0.06136, 0.0, 0.05563, 0.3005, 0.10912, 0.08269, 0.08407, 0.28671, 0.3153], [0.00579, 0.05563, 0.0, 0.30069, 0.05456, 0.02747, 0.09393, 0.28962, 0.31148], [0.3007, 0.3005, 0.30069, 0.0, 0.29796, 0.29964, 0.19758, 0.02665, 0.03494], [0.04883, 0.10912, 0.05456, 0.29796, 0.0, 0.02723, 0.10479, 0.29004, 0.30427], [0.02168, 0.08269, 0.02747, 0.29964, 0.02723, 0.0, 0.09919, 0.29008, 0.30826], [0.0951, 0.08407, 0.09393, 0.19758, 0.10479, 0.09919, 0.0, 0.19368, 0.19982], [0.28997, 0.28671, 0.28962, 0.02665, 0.29004, 0.29008, 0.19368, 0.0, 0.06101], [0.31103, 0.3153, 0.31148, 0.03494, 0.30427, 0.30826, 0.19982, 0.06101, 0.0]], "adj_matrix_2": [[0.0, 0.19058, 0.02635, 0.03711, 0.31921, 0.2214, 0.07959, 0.26565, 0.30849], [0.19058, 0.0, 0.20993, 0.16047, 0.1958, 0.04038, 0.24353, 0.10448, 0.17609], [0.02635, 0.20993, 0.0, 0.06304, 0.32569, 0.23845, 0.05408, 0.27859, 0.31646], [0.03711, 0.16047, 0.06304, 0.0, 0.30596, 0.19428, 0.1143, 0.24371, 0.29334], [0.31921, 0.1958, 0.32569, 0.30596, 0.0, 0.16045, 0.33091, 0.099, 0.02251], [0.2214, 0.04038, 0.23845, 0.19428, 0.16045, 0.0, 0.26659, 0.0652, 0.13969], [0.07959, 0.24353, 0.05408, 0.1143, 0.33091, 0.26659, 0.0, 0.29759, 0.32472], [0.26565, 0.10448, 0.27859, 0.24371, 0.099, 0.0652, 0.29759, 0.0, 0.07703], [0.30849, 0.17609, 0.31646, 0.29334, 0.02251, 0.13969, 0.32472, 0.07703, 0.0]], "features_1": [[0.009204040250456291, 0.6889349803314821, 0.0, 0.21201509126515813, 0.4832115297886603, 0.1261289491997172, 0.24746978666069666, 0.6841562727108621, 0.3524081528041947, 0.15434646023229792, 0.007001439975721224, 0.6121070318172634, 0.6359507510790378, 0.6716235323590762, 0.7725920268826019, 0.69222879793005, 0.6056641608255173], [-0.22539745102527542, 0.7081335212814618, 0.0, 0.21336791680118222, 0.4780619853257553, 0.13062329813931772, 0.20877836901369448, 0.679016985802503, 0.362542231237986, 0.16314137202988, 0.00677745458930179, 0.6216942584956517, 0.6455949534002067, 0.676513288673965, 0.7749585087010907, 0.6821721457161755, 0.6068893419641188], [0.06305225357904254, 0.8286708962938785, 0.0, 0.21687306979246826, 0.5236219828423512, 0.12795934613025933, 0.24563211921006028, 0.6827376456501868, 0.36166029616896567, 0.1848173334616956, 0.007225183508792421, 0.616334752693886, 0.6415146781502279, 0.6607489888856736, 0.7758650140317188, 0.6767469205810271, 0.6090941908207095], [0.44700605576315633, 0.8300518453942515, 0.0, 0.23741151821077464, 0.5239932196574303, 0.12806843898815917, 0.25370838456392375, 0.6828265589997375, 0.36481088027894426, 0.18475933803597844, 0.007448685839370306, 0.5934857389864958, 0.6401068152291147, 0.6448082399851681, 0.7778449439738587, 0.6871179980705073, 0.6098655010618962], [-0.07269926422333661, 0.7081268460240241, 0.0, 0.21942999164002489, 0.47943379004260345, 0.12858553772639528, 0.1948307288614366, 0.6806446831212243, 0.35011060708251973, 0.16045192627134663, 0.0066653709969386465, 0.6141394435578653, 0.6314121600053414, 0.6560209670327115, 0.7686618150291289, 0.6773840281659612, 0.5962042127395231], [-0.20097626672264024, 0.8567083768024256, 0.0, 0.20903666332900894, 0.531859969334144, 0.12775570664060942, 0.3022158899223257, 0.6839745203357275, 0.359111427158072, 0.19175268511917665, 0.00711334193318236, 0.6173050136936706, 0.6581448977616945, 0.673815045968529, 0.7822821856943535, 0.6894242819538776, 0.6181704160085565], [1.7421538365042926, 0.9273377505603381, 0.0, 0.2762776896434886, 0.5385661119583413, 0.1286845310933817, 0.1496502142850929, 0.6793614751368062, 0.35685142375735257, 0.19901658593674498, 0.007001439975721224, 0.556536955943129, 0.6193761802355247, 0.6339576737420498, 0.7630622627295378, 0.7081386560578175, 0.592219976757097], [0.9509716884997776, 0.8013152274969966, 0.0, 0.25545569261373224, 0.5147055316408733, 0.11971470403772227, 0.22191752854853633, 0.6878405783203289, 0.31524027147767986, 0.16463271166663596, 0.00677745458930179, 0.5686583084578092, 0.6158916200661493, 0.6295314504756985, 0.7502927253978722, 0.6712618902787619, 0.556283095697134], [0.3838781455608191, 0.8360194415420739, 0.0, 0.21574494233708086, 0.5212390473104314, 0.12230145519162747, 0.21633434179773872, 0.6861180775548787, 0.332943144117668, 0.1790610862112576, 0.00677745458930179, 0.5897023931068948, 0.6313220142365331, 0.640846554955087, 0.7567293892658501, 0.6749589094816382, 0.5813881232610579]], "features_2": [[0.5285835848671834, 0.8905056794090481, 0.0, 0.3176902627397842, 0.5557245653754149, 0.12278945003547839, 0.4744578628457468, 0.6891188524818739, 0.36358138605148693, 0.19212825830514468, 0.00716927026363523, 0.586554860522452, 0.6605383955630866, 0.6811419573019892, 0.7839394146849105, 0.7285312352434492, 0.5651770845019045], [0.1261918225907257, 0.8463394069220179, 0.0, 0.27214311344872677, 0.5402725060293063, 0.12468896426631573, 0.43372510253124047, 0.6878287782017245, 0.36595665959944657, 0.18718520430849162, 0.007616154688146137, 0.6040052470797632, 0.6636487310514574, 0.6911573776400239, 0.7867574637919338, 0.7177828707168639, 0.569475852031036], [0.325118107619109, 0.9866291550337499, 0.0, 0.28989393312156647, 0.5825048078301087, 0.11976085624870715, 0.43922571980070585, 0.690120307035369, 0.3409666642897513, 0.20653731136041564, 0.007392832833969631, 0.5859340480180726, 0.6578326548691729, 0.6736187772643026, 0.7742814110188613, 0.7107254867445203, 0.5628305264343245], [0.2797791185767773, 1.0338194160830816, 0.0, 0.2751638144268938, 0.5882100265915498, 0.11992270560309012, 0.40389938104293466, 0.6895544426707458, 0.33314233312740615, 0.2148594143329614, 0.0069454663283523566, 0.5880954145961339, 0.6405511145167057, 0.6528953401644374, 0.7705913172756702, 0.6838274179125124, 0.5593611637815638], [-0.1445236752121768, 0.7921125927780515, 0.0, 0.23113181540925024, 0.5197150282808276, 0.12711314402868754, 0.411644325447714, 0.6861147558108068, 0.3771639550153807, 0.1798264425310676, 0.007616154688146137, 0.6226642181670456, 0.6800665683688978, 0.7068616812307328, 0.7910767478934776, 0.7132739432643045, 0.5826578737337168], [0.1707274884081822, 0.9711784831821251, 0.0, 0.2662391576821662, 0.5770906166161238, 0.12057555672842185, 0.4724969209092329, 0.6901000150901571, 0.34261301363721164, 0.20460065142425932, 0.007057398507269275, 0.6083966931265778, 0.6547906892171171, 0.6792374553468906, 0.7794958763536411, 0.7022890782591704, 0.5656493201083063], [0.7013948507703325, 1.0171751161766103, 0.0, 0.3017171482107922, 0.5804452007759211, 0.123658497268793, 0.43532144017520624, 0.6879436634265444, 0.3750494020544781, 0.2179091539463005, 0.007950687539111767, 0.5858193768084679, 0.6478557861642148, 0.6721376396694613, 0.7814224335404015, 0.7064987709129826, 0.5736263002290269], [-0.1789143588003932, 0.8209551099109942, 0.0, 0.23079451129519096, 0.5266587692573517, 0.12657996938742008, 0.3729892759438478, 0.6854521153685854, 0.3734685687736996, 0.18563647365541525, 0.007504523810135222, 0.615503636235883, 0.6589818162466812, 0.6983588746469094, 0.784755060629738, 0.7089827794672097, 0.6116595444792863], [0.12834907069690216, 0.909295125518541, 0.0, 0.27988824854919264, 0.5568145590177104, 0.12297774073093343, 0.3832586868649116, 0.6877973598463945, 0.3478124226469588, 0.19459584652994155, 0.007281081678807366, 0.6109681032076877, 0.6436427738531666, 0.6498724507921643, 0.7757554345179007, 0.6953884922465664, 0.5973665294295712]]}