{"labels_1": ["1", "2", "3", "4", "5", "6", "7", "8", "9"], "labels_2": ["1", "2", "3", "4", "5", "6", "7", "8", "9"], "adj_matrix_1": [[0.0, 0.29316, 0.01634, 0.04474, 0.31268, 0.00176, 0.19456, 0.22739, 0.05911], [0.29316, 0.0, 0.30339, 0.26262, 0.0387, 0.29181, 0.39546, 0.09513, 0.25225], [0.01634, 0.30339, 0.0, 0.06096, 0.32155, 0.0181, 0.17967, 0.24055, 0.07524], [0.04474, 0.26262, 0.06096, 0.0, 0.28578, 0.04299, 0.23411, 0.18943, 0.01448], [0.31268, 0.0387, 0.32155, 0.28578, 0.0, 0.31147, 0.39842, 0.13126, 0.27656], [0.00176, 0.29181, 0.0181, 0.04299, 0.31147, 0.0, 0.19622, 0.22583, 0.05736], [0.19456, 0.39546, 0.17967, 0.23411, 0.39842, 0.19622, 0.0, 0.36722, 0.24629], [0.22739, 0.09513, 0.24055, 0.18943, 0.13126, 0.22583, 0.36722, 0.0, 0.17674], [0.05911, 0.25225, 0.07524, 0.01448, 0.27656, 0.05736, 0.24629, 0.17674, 0.0]], "adj_matrix_2": [[0.0, 0.04107, 0.06259, 0.03477, 0.31852, 0.02478, 0.08985, 0.26625, 0.07509], [0.04107, 0.0, 0.1028, 0.07548, 0.3081, 0.06562, 0.12939, 0.27008, 0.03439], [0.06259, 0.1028, 0.0, 0.02801, 0.3296, 0.03799, 0.02774, 0.25814, 0.13555], [0.03477, 0.07548, 0.02801, 0.0, 0.32516, 0.01002, 0.05562, 0.26186, 0.10889], [0.31852, 0.3081, 0.3296, 0.32516, 0.0, 0.32338, 0.33296, 0.14514, 0.29725], [0.02478, 0.06562, 0.03799, 0.01002, 0.32338, 0.0, 0.06553, 0.26315, 0.09924], [0.08985, 0.12939, 0.02774, 0.05562, 0.33296, 0.06553, 0.0, 0.25401, 0.16135], [0.26625, 0.27008, 0.25814, 0.26186, 0.14514, 0.26315, 0.25401, 0.0, 0.27215], [0.07509, 0.03439, 0.13555, 0.10889, 0.29725, 0.09924, 0.16135, 0.27215, 0.0]], "features_1": [[-0.20579199248855717, 0.8300699294363347, 0.0, 0.22621759624601062, 0.5046601704030453, 0.13950595496234866, 0.3052529340910972, 0.6714487155903399, 0.4410953343531667, 0.2060912837698341, 0.008284682400665488, 0.6358819533798994, 0.662729134351399, 0.6829128569968833, 0.8015164802666003, 0.7160371814475851, 0.6201383239542609], [0.09770008008369313, 0.8716105885855818, 0.0, 0.2243366970063119, 0.5088813700392265, 0.1438666992919532, 0.2635503309372716, 0.6650684261053754, 0.4547173803300866, 0.21808567076456042, 0.008117752083540042, 0.6177743418602408, 0.6579795196488565, 0.6989025921305659, 0.8057622642476587, 0.7136118469677682, 0.6236629146081317], [-0.353468995280831, 0.9741592156730096, 0.0, 0.23255127609373627, 0.5429116297566026, 0.13983576462089736, 0.31216318649672986, 0.6714999510499, 0.4393288988355759, 0.2373714004446359, 0.00783923647221818, 0.6412688295188438, 0.6755221963577722, 0.7131048586355658, 0.8021638454418185, 0.7190721111158296, 0.6282979551774384], [-0.5002980565271651, 0.98293935256362, 0.0, 0.23217927780499806, 0.5411567307673631, 0.14026983364465137, 0.2800340386632854, 0.6700818301563765, 0.43251814300741165, 0.24060955575694143, 0.008062078829516484, 0.6337719436814178, 0.6739971129566421, 0.7130088846108384, 0.8021960513506988, 0.7182001193980265, 0.6245200045264836], [-0.0007901819253275377, 0.903517055709616, 0.0, 0.2352738131903431, 0.5179330878048709, 0.1414810313433591, 0.2566322133861988, 0.6676099703047422, 0.4365731598815288, 0.2231857190551889, 0.008006390651371653, 0.6184349167767431, 0.645618450976491, 0.6812226085441453, 0.8015816676992403, 0.7064175858455488, 0.6196328735183074], [-0.42021737262307557, 1.0200201933875246, 0.0, 0.2042354501314096, 0.5520224403280428, 0.14065597443275604, 0.30983188848980775, 0.6713991816063903, 0.44468783694283576, 0.2497760839807317, 0.00822905385914674, 0.6405105195270298, 0.6784967009300877, 0.7124751884995875, 0.8066653878612778, 0.7184683119567843, 0.6379421592153471], [-0.5568647707179313, 0.965511374939109, 0.0, 0.19798228711707505, 0.5368354602130275, 0.13982839793328625, 0.3040080033071796, 0.6710643162341544, 0.43235897130912004, 0.23800171760906896, 0.007894969482732161, 0.6504138121569265, 0.6769589757463057, 0.7144712874000697, 0.8021197873788113, 0.7123578265808875, 0.6315795056935448], [-0.25301244532492717, 0.8866297370472915, 0.0, 0.2044189978098227, 0.5186509452811479, 0.13957147917897583, 0.3032149577488582, 0.6726072492769393, 0.4263928210985992, 0.21843485361849657, 0.008006390651371653, 0.6262023416921705, 0.6888141610996592, 0.7257273189572275, 0.807536290788587, 0.719039126322947, 0.6348845212954896], [-0.2151186612279843, 0.9311127849091154, 0.0, 0.20437209990346156, 0.5292021666053759, 0.1390400444549819, 0.3261100482863547, 0.6727509014619888, 0.42996716059387907, 0.2263669830755466, 0.00783923647221818, 0.6320580566354352, 0.6706148762485488, 0.6938073676369221, 0.8045122134209357, 0.7090646944191829, 0.6356489143414392]], "features_2": [[-0.26093614799296416, 0.7480578138962231, 0.0, 0.21782511243612523, 0.5137998183842103, 0.11888812635708987, 0.362474555365651, 0.6899150758709567, 0.3201586705562165, 0.15991179731059124, 0.00677745458930179, 0.6206116140567368, 0.6470586201572862, 0.6642987266246018, 0.7623116042899957, 0.6792361687436745, 0.5477399606935448], [-0.0778129043714828, 0.7409568237976336, 0.0, 0.18873438097802117, 0.505265050653425, 0.12423669946270016, 0.35053721236819585, 0.6870729697178488, 0.34916304574249657, 0.1660562177356557, 0.007281081678807366, 0.6108039608768188, 0.6624233358742183, 0.6798420692160739, 0.777247519729249, 0.6873109807827239, 0.5784238089365703], [-0.22159826858669307, 0.8616041045096423, 0.0, 0.21546619430910602, 0.548441729186964, 0.11865689355914102, 0.406910450165055, 0.6903787343333706, 0.3180430549978859, 0.18256465360924556, 0.0066653709969386465, 0.6213762360389854, 0.6655176208928324, 0.6714206130678275, 0.7673162577199959, 0.6696655853920919, 0.5523363524993347], [-0.3037893155221174, 0.8801834560565409, 0.0, 0.21521879612727407, 0.5485266092510067, 0.1201419889639033, 0.3719814307694115, 0.689258093000285, 0.3240486240520195, 0.18865218003123707, 0.00711334193318236, 0.6212363356574713, 0.6541549910134403, 0.6639313340241519, 0.7656907255700656, 0.6886889747175989, 0.5584959438924743], [0.4463418364811327, 0.7222802134967765, 0.0, 0.2500272504596995, 0.4982504084769337, 0.1242475420276107, 0.3476771467769062, 0.6869382911719271, 0.3524718151382611, 0.15930713013439957, 0.006889477554966383, 0.5888273034983271, 0.6567228227204173, 0.6714065392699836, 0.7772030224139816, 0.6883494473922251, 0.5780951254243001], [-0.1288842329566826, 0.8675673586014077, 0.0, 0.20296055369058363, 0.5481373496591911, 0.12041335185339816, 0.4724428469812196, 0.6901626943918739, 0.32688604876294436, 0.18462374113047209, 0.00683347364535547, 0.613075839597975, 0.6711395066186967, 0.6763156395353288, 0.7780762380087028, 0.6993538722577133, 0.5594136633957351], [-0.05826497187873558, 0.8882726262931777, 0.0, 0.22752498098844184, 0.5488321602879956, 0.11882243328643292, 0.3634407992845439, 0.6897522832709425, 0.3279961584011146, 0.18712557502802563, 0.007057398507269275, 0.6129080528208943, 0.6511665288817011, 0.6658417298696778, 0.7631355241513791, 0.6902661689268381, 0.5502939828990123], [1.3041831202962006, 0.7235579958380383, 0.0, 0.2821063774858521, 0.4958361999484713, 0.12116654265502699, 0.26809937704522824, 0.6873767019627319, 0.3386950127119064, 0.15252478684996262, 0.00716927026363523, 0.5643065148369337, 0.6355105509979458, 0.6379537899500543, 0.7606532332145649, 0.694761247882256, 0.5689018279295395], [0.40897658440247175, 0.7809168820921983, 0.0, 0.23401614342200333, 0.5120670552126647, 0.12195010574089991, 0.26693568445015714, 0.6869113323725164, 0.3365400609468858, 0.16665668393966393, 0.006721420376576193, 0.6028438282975059, 0.6278537465668214, 0.6409898152648238, 0.7623528369684665, 0.6902174729790314, 0.5694690386727844]]}