{"labels_1": ["1", "2", "3", "4", "5", "6", "7", "8", "9"], "labels_2": ["1", "2", "3", "4", "5", "6", "7", "8", "9"], "adj_matrix_1": [[0.0, 0.29316, 0.01634, 0.04474, 0.31268, 0.00176, 0.19456, 0.22739, 0.05911], [0.29316, 0.0, 0.30339, 0.26262, 0.0387, 0.29181, 0.39546, 0.09513, 0.25225], [0.01634, 0.30339, 0.0, 0.06096, 0.32155, 0.0181, 0.17967, 0.24055, 0.07524], [0.04474, 0.26262, 0.06096, 0.0, 0.28578, 0.04299, 0.23411, 0.18943, 0.01448], [0.31268, 0.0387, 0.32155, 0.28578, 0.0, 0.31147, 0.39842, 0.13126, 0.27656], [0.00176, 0.29181, 0.0181, 0.04299, 0.31147, 0.0, 0.19622, 0.22583, 0.05736], [0.19456, 0.39546, 0.17967, 0.23411, 0.39842, 0.19622, 0.0, 0.36722, 0.24629], [0.22739, 0.09513, 0.24055, 0.18943, 0.13126, 0.22583, 0.36722, 0.0, 0.17674], [0.05911, 0.25225, 0.07524, 0.01448, 0.27656, 0.05736, 0.24629, 0.17674, 0.0]], "adj_matrix_2": [[0.0, 0.15616, 0.21319, 0.04058, 0.0416, 0.19853, 0.15513, 0.10172, 0.17724], [0.15616, 0.0, 0.06883, 0.11885, 0.1179, 0.0502, 0.00116, 0.24188, 0.29909], [0.21319, 0.06883, 0.0, 0.18007, 0.17922, 0.01899, 0.06995, 0.28595, 0.33169], [0.04058, 0.11885, 0.18007, 0.0, 0.00102, 0.16412, 0.11778, 0.14024, 0.21248], [0.0416, 0.1179, 0.17922, 0.00102, 0.0, 0.16323, 0.11682, 0.14118, 0.21332], [0.19853, 0.0502, 0.01899, 0.16412, 0.16323, 0.0, 0.05134, 0.2752, 0.32428], [0.15513, 0.00116, 0.06995, 0.11778, 0.11682, 0.05134, 0.0, 0.24108, 0.29853], [0.10172, 0.24188, 0.28595, 0.14024, 0.14118, 0.2752, 0.24108, 0.0, 0.08008], [0.17724, 0.29909, 0.33169, 0.21248, 0.21332, 0.32428, 0.29853, 0.08008, 0.0]], "features_1": [[-0.20579199248855717, 0.8300699294363347, 0.0, 0.22621759624601062, 0.5046601704030453, 0.13950595496234866, 0.3052529340910972, 0.6714487155903399, 0.4410953343531667, 0.2060912837698341, 0.008284682400665488, 0.6358819533798994, 0.662729134351399, 0.6829128569968833, 0.8015164802666003, 0.7160371814475851, 0.6201383239542609], [0.09770008008369313, 0.8716105885855818, 0.0, 0.2243366970063119, 0.5088813700392265, 0.1438666992919532, 0.2635503309372716, 0.6650684261053754, 0.4547173803300866, 0.21808567076456042, 0.008117752083540042, 0.6177743418602408, 0.6579795196488565, 0.6989025921305659, 0.8057622642476587, 0.7136118469677682, 0.6236629146081317], [-0.353468995280831, 0.9741592156730096, 0.0, 0.23255127609373627, 0.5429116297566026, 0.13983576462089736, 0.31216318649672986, 0.6714999510499, 0.4393288988355759, 0.2373714004446359, 0.00783923647221818, 0.6412688295188438, 0.6755221963577722, 0.7131048586355658, 0.8021638454418185, 0.7190721111158296, 0.6282979551774384], [-0.5002980565271651, 0.98293935256362, 0.0, 0.23217927780499806, 0.5411567307673631, 0.14026983364465137, 0.2800340386632854, 0.6700818301563765, 0.43251814300741165, 0.24060955575694143, 0.008062078829516484, 0.6337719436814178, 0.6739971129566421, 0.7130088846108384, 0.8021960513506988, 0.7182001193980265, 0.6245200045264836], [-0.0007901819253275377, 0.903517055709616, 0.0, 0.2352738131903431, 0.5179330878048709, 0.1414810313433591, 0.2566322133861988, 0.6676099703047422, 0.4365731598815288, 0.2231857190551889, 0.008006390651371653, 0.6184349167767431, 0.645618450976491, 0.6812226085441453, 0.8015816676992403, 0.7064175858455488, 0.6196328735183074], [-0.42021737262307557, 1.0200201933875246, 0.0, 0.2042354501314096, 0.5520224403280428, 0.14065597443275604, 0.30983188848980775, 0.6713991816063903, 0.44468783694283576, 0.2497760839807317, 0.00822905385914674, 0.6405105195270298, 0.6784967009300877, 0.7124751884995875, 0.8066653878612778, 0.7184683119567843, 0.6379421592153471], [-0.5568647707179313, 0.965511374939109, 0.0, 0.19798228711707505, 0.5368354602130275, 0.13982839793328625, 0.3040080033071796, 0.6710643162341544, 0.43235897130912004, 0.23800171760906896, 0.007894969482732161, 0.6504138121569265, 0.6769589757463057, 0.7144712874000697, 0.8021197873788113, 0.7123578265808875, 0.6315795056935448], [-0.25301244532492717, 0.8866297370472915, 0.0, 0.2044189978098227, 0.5186509452811479, 0.13957147917897583, 0.3032149577488582, 0.6726072492769393, 0.4263928210985992, 0.21843485361849657, 0.008006390651371653, 0.6262023416921705, 0.6888141610996592, 0.7257273189572275, 0.807536290788587, 0.719039126322947, 0.6348845212954896], [-0.2151186612279843, 0.9311127849091154, 0.0, 0.20437209990346156, 0.5292021666053759, 0.1390400444549819, 0.3261100482863547, 0.6727509014619888, 0.42996716059387907, 0.2263669830755466, 0.00783923647221818, 0.6320580566354352, 0.6706148762485488, 0.6938073676369221, 0.8045122134209357, 0.7090646944191829, 0.6356489143414392]], "features_2": [[0.03923318806646625, 0.5937590378234371, 0.0, 0.23934473060255496, 0.44967754625018663, 0.12791721623671726, 0.35840338223941187, 0.6852754824002343, 0.35907602300010977, 0.13404918636299112, 0.007504523810135222, 0.6178230254929291, 0.6493381789884565, 0.6849985956776822, 0.791556045033261, 0.7004136522312181, 0.614691050115427], [0.06865506190871162, 0.6298993237869287, 0.0, 0.24726298895432414, 0.46088019751710474, 0.1297276520239773, 0.33980905153073804, 0.6836773802655532, 0.3737477201732209, 0.14461390343478286, 0.007504523810135222, 0.6077168181526629, 0.6620185158600463, 0.6826333882398825, 0.7939568688658183, 0.7195475278179669, 0.6145731729373122], [0.08957787689959984, 0.6967485767505346, 0.0, 0.2432424289230888, 0.48669476986880866, 0.12852095641292946, 0.33825461699160686, 0.6847345923844105, 0.36315021682392556, 0.15760148111193506, 0.00716927026363523, 0.6079379324672081, 0.6674290130041484, 0.6682756824260301, 0.7912310275971806, 0.7042394538523676, 0.6155791680581709], [-0.06496138831335196, 0.7077947755255112, 0.0, 0.24883846184235034, 0.486933355478389, 0.1300015319575679, 0.36770462550327065, 0.6838232951477483, 0.3661393733210936, 0.16322925502120644, 0.0069454663283523566, 0.6158339110243598, 0.6647818805518929, 0.7001469758150748, 0.7938756170652806, 0.7066960356700157, 0.6157189145120234], [-0.023028625428486382, 0.6779188463347692, 0.0, 0.22596844104480682, 0.4747521728922804, 0.1287495516793537, 0.28864417582589824, 0.6829197181687143, 0.35904884511948376, 0.15477286492692777, 0.00716927026363523, 0.6135367600052222, 0.6540199568191942, 0.6926312512308176, 0.7846545588188061, 0.7020965198955735, 0.5988229896280353], [0.052863567385657007, 0.7325633039772601, 0.0, 0.2343482392404189, 0.49848642729397163, 0.12777820571262427, 0.356743436291309, 0.6852830841075185, 0.35760092086614503, 0.16512495068524924, 0.007281081678807366, 0.6042103211200809, 0.6555027333981966, 0.683322013127713, 0.7901065821331097, 0.7144935175007167, 0.6060228399957278], [0.24939384336504178, 0.7492764142276729, 0.0, 0.2257657808811253, 0.49227685661712917, 0.1295946055821527, 0.23302782853691612, 0.6811914899882516, 0.36002523214686, 0.16900449275847507, 0.007504523810135222, 0.6026896585746222, 0.6417574645976276, 0.6625180056037085, 0.7804397765779172, 0.7092326033345746, 0.5895994782124444], [-0.18706539523292331, 0.6849207769815698, 0.0, 0.20188066802244248, 0.47522816923530664, 0.12761671305423192, 0.28367337954437416, 0.6830013556240517, 0.35077963493627884, 0.15486688466078236, 0.007281081678807366, 0.6197636887242104, 0.6516898246872268, 0.676477957502484, 0.774408804685303, 0.6797706696554201, 0.591277191162864], [-0.20457137668285075, 0.769067840669364, 0.0, 0.21197810471343678, 0.5026647016567488, 0.12461468440027015, 0.25792084501220314, 0.6848678289013375, 0.3453833932439423, 0.17168524119009065, 0.007616154688146137, 0.6274650169965239, 0.6587056968570763, 0.6694839585188397, 0.7657402372904895, 0.6813937465468923, 0.5791715066428336]]}