{"labels_1": ["1", "2", "3", "4", "5", "6", "7", "8", "9"], "labels_2": ["1", "2", "3", "4", "5", "6", "7", "8", "9"], "adj_matrix_1": [[0.0, 0.06015, 0.14483, 0.2525, 0.15205, 0.28839, 0.21918, 0.35183, 0.01198], [0.06015, 0.0, 0.19343, 0.28198, 0.19971, 0.30899, 0.25568, 0.35181, 0.07176], [0.14483, 0.19343, 0.0, 0.13585, 0.0082, 0.18848, 0.09066, 0.29692, 0.13435], [0.2525, 0.28198, 0.13585, 0.0, 0.12825, 0.05886, 0.04774, 0.19248, 0.24537], [0.15205, 0.19971, 0.0082, 0.12825, 0.0, 0.18149, 0.08271, 0.29191, 0.14169], [0.28839, 0.30899, 0.18848, 0.05886, 0.18149, 0.0, 0.1055, 0.13873, 0.2829], [0.21918, 0.25568, 0.09066, 0.04774, 0.08271, 0.1055, 0.0, 0.23256, 0.21077], [0.35183, 0.35181, 0.29692, 0.19248, 0.29191, 0.13873, 0.23256, 0.0, 0.35033], [0.01198, 0.07176, 0.13435, 0.24537, 0.14169, 0.2829, 0.21077, 0.35033, 0.0]], "adj_matrix_2": [[0.0, 0.09571, 0.04723, 0.0441, 0.00119, 0.00415, 0.22803, 0.33278, 0.2188], [0.09571, 0.0, 0.13736, 0.13469, 0.0968, 0.09184, 0.26713, 0.30688, 0.26186], [0.04723, 0.13736, 0.0, 0.00318, 0.04605, 0.05131, 0.1971, 0.33263, 0.18625], [0.0441, 0.13469, 0.00318, 0.0, 0.04292, 0.04819, 0.19939, 0.33292, 0.18863], [0.00119, 0.0968, 0.04605, 0.04292, 0.0, 0.00534, 0.22731, 0.33286, 0.21805], [0.00415, 0.09184, 0.05131, 0.04819, 0.00534, 0.0, 0.2305, 0.33251, 0.22139], [0.22803, 0.26713, 0.1971, 0.19939, 0.22731, 0.2305, 0.0, 0.23415, 0.01407], [0.33278, 0.30688, 0.33263, 0.33292, 0.33286, 0.33251, 0.23415, 0.0, 0.24457], [0.2188, 0.26186, 0.18625, 0.18863, 0.21805, 0.22139, 0.01407, 0.24457, 0.0]], "features_1": [[0.31178647343102783, 0.8508993509403064, 0.0, 0.24761836501470705, 0.53772750154545, 0.12483050139383178, 0.48513892663095604, 0.6877192360655497, 0.34525268432721457, 0.1840640055817786, 0.006721420376576193, 0.5946007887782241, 0.6701366519475089, 0.6860677103840209, 0.7868441378114535, 0.7293278539022338, 0.6028788883736875], [0.5208589214511834, 0.8365608151150471, 0.0, 0.2696862614141457, 0.5288524122098702, 0.12791701185733245, 0.5006153974897046, 0.6859672614269345, 0.36022636524862306, 0.1835680359328702, 0.007057398507269275, 0.5840644155166219, 0.6672940487017728, 0.6966886787721419, 0.7952356271799036, 0.724752872440113, 0.5991974094988439], [0.29382831392204256, 0.9659623768633182, 0.0, 0.24548971551499404, 0.5678455640748076, 0.1252660918106757, 0.4931817842588714, 0.687664944279175, 0.35341468550876964, 0.207668439437944, 0.0069454663283523566, 0.600633620557036, 0.6632351328266239, 0.6836506557060876, 0.7896218603838788, 0.714210871885671, 0.6022661497935689], [0.36401576943753167, 1.0174972069459263, 0.0, 0.22815504981766682, 0.5775515006788935, 0.12473425765724284, 0.4313859663551483, 0.6873497694656285, 0.34284133377823856, 0.21408874948876466, 0.00683347364535547, 0.602546733832531, 0.6436278877103175, 0.6657789403294758, 0.7851960725008623, 0.7272120942615281, 0.6021465885426119], [0.2633235927655182, 0.8335172465446702, 0.0, 0.22131309740876048, 0.519045084174116, 0.13256121599202134, 0.43594975502948047, 0.6818783183343311, 0.3810839467689955, 0.1895126020914677, 0.007616154688146137, 0.6030999845053173, 0.6556449308813858, 0.6826141149875967, 0.8024117085516382, 0.7358734827805636, 0.606833971353928], [0.15194594160536923, 0.9801475137479448, 0.0, 0.2344195854348964, 0.5716720881994688, 0.12470741293763035, 0.5427617062099209, 0.6883195399241948, 0.34625742638860046, 0.20936584527280466, 0.00716927026363523, 0.6094792013498216, 0.6597410309746995, 0.6810573731456999, 0.7906618175716948, 0.7356239194930447, 0.5876866791308429], [0.4073660924128113, 0.9977043751471452, 0.0, 0.22881660925071537, 0.5738752767648542, 0.12340900711727867, 0.4762572674604428, 0.688334100555066, 0.332123298304569, 0.20810444230282776, 0.0069454663283523566, 0.6028899840087127, 0.6465875803846246, 0.6549396814925847, 0.7842999961776939, 0.7234102696318832, 0.5902779781112703], [-0.01200673784410089, 0.8625537579747932, 0.0, 0.22550983120078427, 0.5283874572661523, 0.12996711107197045, 0.40055414487751123, 0.6835222528999433, 0.3796243733558471, 0.19707037626307744, 0.007950687539111767, 0.6278673429195072, 0.6689659684764844, 0.6851574473359581, 0.7965804559021397, 0.7174055398412034, 0.5889508526824602], [0.39127175569731065, 0.9287843126379229, 0.0, 0.25214677122457685, 0.5562018854446856, 0.123615586723763, 0.4761768387194095, 0.6882597306982112, 0.3418115020439314, 0.19808495503696766, 0.007504523810135222, 0.5995689776519595, 0.6424875454612036, 0.6550636099292623, 0.7854268736069766, 0.6896271879624539, 0.5785562996021054]], "features_2": [[0.38301218014823935, 0.7149139931179322, 0.0, 0.2662164494341801, 0.4995238457517889, 0.12041490879558564, 0.43782350661868963, 0.6898085640946622, 0.3384642088469385, 0.1515083342961976, 0.00677745458930179, 0.5967974190589085, 0.6570012305027638, 0.6498294266352528, 0.7739507486587938, 0.7170932300737127, 0.581839663378074], [0.4815829362115793, 0.7093963978772179, 0.0, 0.2715482238689459, 0.49260755451336613, 0.12321005236860043, 0.41274155480681146, 0.6882814017005996, 0.33112170190335877, 0.15276925699272903, 0.00655322669591385, 0.5899231323324972, 0.6631723565342336, 0.6756628006896345, 0.7809966039025211, 0.7061121040399551, 0.5727636338000585], [0.13409528148023586, 0.8666071228485268, 0.0, 0.2511449276756094, 0.5401898301341723, 0.12202896714170332, 0.39277597326769753, 0.6886673744836725, 0.3462486620240841, 0.18639140719262404, 0.006889477554966383, 0.5958130703815581, 0.6461175122250153, 0.6541420270659773, 0.775002577249363, 0.7117967762606955, 0.5873133324720881], [0.15732085541076035, 0.8785209214091733, 0.0, 0.23881149531574364, 0.5435330224804799, 0.12169002100776054, 0.3659585773282238, 0.6884618446852286, 0.3386191745524578, 0.18785535416248256, 0.007225183508792421, 0.6015036625760617, 0.6585311831463659, 0.6677048938302405, 0.7719396937699329, 0.706291085867401, 0.5939357351588529], [0.05610228151588359, 0.6907136329237289, 0.0, 0.25611837059890263, 0.4858415064520682, 0.12397532793229876, 0.4350839318730856, 0.688078323848372, 0.3364442069933973, 0.15176582132796956, 0.006497131753992358, 0.5959095060946753, 0.6424478828890936, 0.6574451198758503, 0.7850647160006984, 0.7005008014725027, 0.5757819342921782], [0.16691794908075774, 0.8812462320866669, 0.0, 0.25937962328141906, 0.5433405603047944, 0.12368184052469532, 0.4286033014041287, 0.6882456025121794, 0.350466754674025, 0.1914132576745069, 0.00677745458930179, 0.5940229339535641, 0.6555555676196082, 0.6660165134158168, 0.7826525191957341, 0.721008241726482, 0.5905552736964501], [0.3885890303741282, 0.8377356488623258, 0.0, 0.2775366272014275, 0.5326150739228477, 0.12228528195083357, 0.3998387243623164, 0.6886643574165876, 0.3329360031537958, 0.17769098393915272, 0.006889477554966383, 0.5980684052835852, 0.6355564313423552, 0.6347172874150184, 0.7772873853033777, 0.700207114813943, 0.5927946036684385], [-0.31535482399198056, 0.7202338492780238, 0.0, 0.24498619639908514, 0.49353808831099666, 0.1217245021912981, 0.436834831749313, 0.6888848016096885, 0.32106177658375756, 0.1560166410008761, 0.006721420376576193, 0.6184885221894421, 0.6625881930049118, 0.6888090517232979, 0.7768376175313568, 0.6624625332657725, 0.5576899116884073], [-0.05470191258322199, 0.7921548029869357, 0.0, 0.24050321008144487, 0.5182339496645658, 0.1203941196515442, 0.3938874209478108, 0.6891275999500366, 0.3086347990514149, 0.16683055456507034, 0.006497131753992358, 0.6040756379007153, 0.6496823227511548, 0.6504485213784436, 0.7693723123414655, 0.6979479057831467, 0.5520311133311404]]}