{"labels_1": ["1", "2", "3", "4", "5", "6", "7", "8", "9"], "labels_2": ["1", "2", "3", "4", "5", "6", "7", "8", "9"], "adj_matrix_1": [[0.0, 0.06136, 0.00579, 0.3007, 0.04883, 0.02168, 0.0951, 0.28997, 0.31103], [0.06136, 0.0, 0.05563, 0.3005, 0.10912, 0.08269, 0.08407, 0.28671, 0.3153], [0.00579, 0.05563, 0.0, 0.30069, 0.05456, 0.02747, 0.09393, 0.28962, 0.31148], [0.3007, 0.3005, 0.30069, 0.0, 0.29796, 0.29964, 0.19758, 0.02665, 0.03494], [0.04883, 0.10912, 0.05456, 0.29796, 0.0, 0.02723, 0.10479, 0.29004, 0.30427], [0.02168, 0.08269, 0.02747, 0.29964, 0.02723, 0.0, 0.09919, 0.29008, 0.30826], [0.0951, 0.08407, 0.09393, 0.19758, 0.10479, 0.09919, 0.0, 0.19368, 0.19982], [0.28997, 0.28671, 0.28962, 0.02665, 0.29004, 0.29008, 0.19368, 0.0, 0.06101], [0.31103, 0.3153, 0.31148, 0.03494, 0.30427, 0.30826, 0.19982, 0.06101, 0.0]], "adj_matrix_2": [[0.0, 0.09571, 0.04723, 0.0441, 0.00119, 0.00415, 0.22803, 0.33278, 0.2188], [0.09571, 0.0, 0.13736, 0.13469, 0.0968, 0.09184, 0.26713, 0.30688, 0.26186], [0.04723, 0.13736, 0.0, 0.00318, 0.04605, 0.05131, 0.1971, 0.33263, 0.18625], [0.0441, 0.13469, 0.00318, 0.0, 0.04292, 0.04819, 0.19939, 0.33292, 0.18863], [0.00119, 0.0968, 0.04605, 0.04292, 0.0, 0.00534, 0.22731, 0.33286, 0.21805], [0.00415, 0.09184, 0.05131, 0.04819, 0.00534, 0.0, 0.2305, 0.33251, 0.22139], [0.22803, 0.26713, 0.1971, 0.19939, 0.22731, 0.2305, 0.0, 0.23415, 0.01407], [0.33278, 0.30688, 0.33263, 0.33292, 0.33286, 0.33251, 0.23415, 0.0, 0.24457], [0.2188, 0.26186, 0.18625, 0.18863, 0.21805, 0.22139, 0.01407, 0.24457, 0.0]], "features_1": [[0.009204040250456291, 0.6889349803314821, 0.0, 0.21201509126515813, 0.4832115297886603, 0.1261289491997172, 0.24746978666069666, 0.6841562727108621, 0.3524081528041947, 0.15434646023229792, 0.007001439975721224, 0.6121070318172634, 0.6359507510790378, 0.6716235323590762, 0.7725920268826019, 0.69222879793005, 0.6056641608255173], [-0.22539745102527542, 0.7081335212814618, 0.0, 0.21336791680118222, 0.4780619853257553, 0.13062329813931772, 0.20877836901369448, 0.679016985802503, 0.362542231237986, 0.16314137202988, 0.00677745458930179, 0.6216942584956517, 0.6455949534002067, 0.676513288673965, 0.7749585087010907, 0.6821721457161755, 0.6068893419641188], [0.06305225357904254, 0.8286708962938785, 0.0, 0.21687306979246826, 0.5236219828423512, 0.12795934613025933, 0.24563211921006028, 0.6827376456501868, 0.36166029616896567, 0.1848173334616956, 0.007225183508792421, 0.616334752693886, 0.6415146781502279, 0.6607489888856736, 0.7758650140317188, 0.6767469205810271, 0.6090941908207095], [0.44700605576315633, 0.8300518453942515, 0.0, 0.23741151821077464, 0.5239932196574303, 0.12806843898815917, 0.25370838456392375, 0.6828265589997375, 0.36481088027894426, 0.18475933803597844, 0.007448685839370306, 0.5934857389864958, 0.6401068152291147, 0.6448082399851681, 0.7778449439738587, 0.6871179980705073, 0.6098655010618962], [-0.07269926422333661, 0.7081268460240241, 0.0, 0.21942999164002489, 0.47943379004260345, 0.12858553772639528, 0.1948307288614366, 0.6806446831212243, 0.35011060708251973, 0.16045192627134663, 0.0066653709969386465, 0.6141394435578653, 0.6314121600053414, 0.6560209670327115, 0.7686618150291289, 0.6773840281659612, 0.5962042127395231], [-0.20097626672264024, 0.8567083768024256, 0.0, 0.20903666332900894, 0.531859969334144, 0.12775570664060942, 0.3022158899223257, 0.6839745203357275, 0.359111427158072, 0.19175268511917665, 0.00711334193318236, 0.6173050136936706, 0.6581448977616945, 0.673815045968529, 0.7822821856943535, 0.6894242819538776, 0.6181704160085565], [1.7421538365042926, 0.9273377505603381, 0.0, 0.2762776896434886, 0.5385661119583413, 0.1286845310933817, 0.1496502142850929, 0.6793614751368062, 0.35685142375735257, 0.19901658593674498, 0.007001439975721224, 0.556536955943129, 0.6193761802355247, 0.6339576737420498, 0.7630622627295378, 0.7081386560578175, 0.592219976757097], [0.9509716884997776, 0.8013152274969966, 0.0, 0.25545569261373224, 0.5147055316408733, 0.11971470403772227, 0.22191752854853633, 0.6878405783203289, 0.31524027147767986, 0.16463271166663596, 0.00677745458930179, 0.5686583084578092, 0.6158916200661493, 0.6295314504756985, 0.7502927253978722, 0.6712618902787619, 0.556283095697134], [0.3838781455608191, 0.8360194415420739, 0.0, 0.21574494233708086, 0.5212390473104314, 0.12230145519162747, 0.21633434179773872, 0.6861180775548787, 0.332943144117668, 0.1790610862112576, 0.00677745458930179, 0.5897023931068948, 0.6313220142365331, 0.640846554955087, 0.7567293892658501, 0.6749589094816382, 0.5813881232610579]], "features_2": [[0.38301218014823935, 0.7149139931179322, 0.0, 0.2662164494341801, 0.4995238457517889, 0.12041490879558564, 0.43782350661868963, 0.6898085640946622, 0.3384642088469385, 0.1515083342961976, 0.00677745458930179, 0.5967974190589085, 0.6570012305027638, 0.6498294266352528, 0.7739507486587938, 0.7170932300737127, 0.581839663378074], [0.4815829362115793, 0.7093963978772179, 0.0, 0.2715482238689459, 0.49260755451336613, 0.12321005236860043, 0.41274155480681146, 0.6882814017005996, 0.33112170190335877, 0.15276925699272903, 0.00655322669591385, 0.5899231323324972, 0.6631723565342336, 0.6756628006896345, 0.7809966039025211, 0.7061121040399551, 0.5727636338000585], [0.13409528148023586, 0.8666071228485268, 0.0, 0.2511449276756094, 0.5401898301341723, 0.12202896714170332, 0.39277597326769753, 0.6886673744836725, 0.3462486620240841, 0.18639140719262404, 0.006889477554966383, 0.5958130703815581, 0.6461175122250153, 0.6541420270659773, 0.775002577249363, 0.7117967762606955, 0.5873133324720881], [0.15732085541076035, 0.8785209214091733, 0.0, 0.23881149531574364, 0.5435330224804799, 0.12169002100776054, 0.3659585773282238, 0.6884618446852286, 0.3386191745524578, 0.18785535416248256, 0.007225183508792421, 0.6015036625760617, 0.6585311831463659, 0.6677048938302405, 0.7719396937699329, 0.706291085867401, 0.5939357351588529], [0.05610228151588359, 0.6907136329237289, 0.0, 0.25611837059890263, 0.4858415064520682, 0.12397532793229876, 0.4350839318730856, 0.688078323848372, 0.3364442069933973, 0.15176582132796956, 0.006497131753992358, 0.5959095060946753, 0.6424478828890936, 0.6574451198758503, 0.7850647160006984, 0.7005008014725027, 0.5757819342921782], [0.16691794908075774, 0.8812462320866669, 0.0, 0.25937962328141906, 0.5433405603047944, 0.12368184052469532, 0.4286033014041287, 0.6882456025121794, 0.350466754674025, 0.1914132576745069, 0.00677745458930179, 0.5940229339535641, 0.6555555676196082, 0.6660165134158168, 0.7826525191957341, 0.721008241726482, 0.5905552736964501], [0.3885890303741282, 0.8377356488623258, 0.0, 0.2775366272014275, 0.5326150739228477, 0.12228528195083357, 0.3998387243623164, 0.6886643574165876, 0.3329360031537958, 0.17769098393915272, 0.006889477554966383, 0.5980684052835852, 0.6355564313423552, 0.6347172874150184, 0.7772873853033777, 0.700207114813943, 0.5927946036684385], [-0.31535482399198056, 0.7202338492780238, 0.0, 0.24498619639908514, 0.49353808831099666, 0.1217245021912981, 0.436834831749313, 0.6888848016096885, 0.32106177658375756, 0.1560166410008761, 0.006721420376576193, 0.6184885221894421, 0.6625881930049118, 0.6888090517232979, 0.7768376175313568, 0.6624625332657725, 0.5576899116884073], [-0.05470191258322199, 0.7921548029869357, 0.0, 0.24050321008144487, 0.5182339496645658, 0.1203941196515442, 0.3938874209478108, 0.6891275999500366, 0.3086347990514149, 0.16683055456507034, 0.006497131753992358, 0.6040756379007153, 0.6496823227511548, 0.6504485213784436, 0.7693723123414655, 0.6979479057831467, 0.5520311133311404]]}