{"labels_1": ["1", "2", "3", "4", "5", "6", "7", "8", "9"], "labels_2": ["1", "2", "3", "4", "5", "6", "7", "8", "9"], "adj_matrix_1": [[0.0, 0.06015, 0.14483, 0.2525, 0.15205, 0.28839, 0.21918, 0.35183, 0.01198], [0.06015, 0.0, 0.19343, 0.28198, 0.19971, 0.30899, 0.25568, 0.35181, 0.07176], [0.14483, 0.19343, 0.0, 0.13585, 0.0082, 0.18848, 0.09066, 0.29692, 0.13435], [0.2525, 0.28198, 0.13585, 0.0, 0.12825, 0.05886, 0.04774, 0.19248, 0.24537], [0.15205, 0.19971, 0.0082, 0.12825, 0.0, 0.18149, 0.08271, 0.29191, 0.14169], [0.28839, 0.30899, 0.18848, 0.05886, 0.18149, 0.0, 0.1055, 0.13873, 0.2829], [0.21918, 0.25568, 0.09066, 0.04774, 0.08271, 0.1055, 0.0, 0.23256, 0.21077], [0.35183, 0.35181, 0.29692, 0.19248, 0.29191, 0.13873, 0.23256, 0.0, 0.35033], [0.01198, 0.07176, 0.13435, 0.24537, 0.14169, 0.2829, 0.21077, 0.35033, 0.0]], "adj_matrix_2": [[0.0, 0.26312, 0.23651, 0.08361, 0.30979, 0.32601, 0.03947, 0.02631, 0.05239], [0.26312, 0.0, 0.03431, 0.19301, 0.06978, 0.09871, 0.29316, 0.28342, 0.22026], [0.23651, 0.03431, 0.0, 0.1627, 0.10302, 0.13111, 0.26869, 0.25816, 0.19124], [0.08361, 0.19301, 0.1627, 0.0, 0.2491, 0.27006, 0.12212, 0.10934, 0.03157], [0.30979, 0.06978, 0.10302, 0.2491, 0.0, 0.0299, 0.33495, 0.32689, 0.27298], [0.32601, 0.09871, 0.13111, 0.27006, 0.0299, 0.0, 0.34898, 0.34159, 0.29221], [0.03947, 0.29316, 0.26869, 0.12212, 0.33495, 0.34898, 0.0, 0.01318, 0.09142], [0.02631, 0.28342, 0.25816, 0.10934, 0.32689, 0.34159, 0.01318, 0.0, 0.07845], [0.05239, 0.22026, 0.19124, 0.03157, 0.27298, 0.29221, 0.09142, 0.07845, 0.0]], "features_1": [[0.31178647343102783, 0.8508993509403064, 0.0, 0.24761836501470705, 0.53772750154545, 0.12483050139383178, 0.48513892663095604, 0.6877192360655497, 0.34525268432721457, 0.1840640055817786, 0.006721420376576193, 0.5946007887782241, 0.6701366519475089, 0.6860677103840209, 0.7868441378114535, 0.7293278539022338, 0.6028788883736875], [0.5208589214511834, 0.8365608151150471, 0.0, 0.2696862614141457, 0.5288524122098702, 0.12791701185733245, 0.5006153974897046, 0.6859672614269345, 0.36022636524862306, 0.1835680359328702, 0.007057398507269275, 0.5840644155166219, 0.6672940487017728, 0.6966886787721419, 0.7952356271799036, 0.724752872440113, 0.5991974094988439], [0.29382831392204256, 0.9659623768633182, 0.0, 0.24548971551499404, 0.5678455640748076, 0.1252660918106757, 0.4931817842588714, 0.687664944279175, 0.35341468550876964, 0.207668439437944, 0.0069454663283523566, 0.600633620557036, 0.6632351328266239, 0.6836506557060876, 0.7896218603838788, 0.714210871885671, 0.6022661497935689], [0.36401576943753167, 1.0174972069459263, 0.0, 0.22815504981766682, 0.5775515006788935, 0.12473425765724284, 0.4313859663551483, 0.6873497694656285, 0.34284133377823856, 0.21408874948876466, 0.00683347364535547, 0.602546733832531, 0.6436278877103175, 0.6657789403294758, 0.7851960725008623, 0.7272120942615281, 0.6021465885426119], [0.2633235927655182, 0.8335172465446702, 0.0, 0.22131309740876048, 0.519045084174116, 0.13256121599202134, 0.43594975502948047, 0.6818783183343311, 0.3810839467689955, 0.1895126020914677, 0.007616154688146137, 0.6030999845053173, 0.6556449308813858, 0.6826141149875967, 0.8024117085516382, 0.7358734827805636, 0.606833971353928], [0.15194594160536923, 0.9801475137479448, 0.0, 0.2344195854348964, 0.5716720881994688, 0.12470741293763035, 0.5427617062099209, 0.6883195399241948, 0.34625742638860046, 0.20936584527280466, 0.00716927026363523, 0.6094792013498216, 0.6597410309746995, 0.6810573731456999, 0.7906618175716948, 0.7356239194930447, 0.5876866791308429], [0.4073660924128113, 0.9977043751471452, 0.0, 0.22881660925071537, 0.5738752767648542, 0.12340900711727867, 0.4762572674604428, 0.688334100555066, 0.332123298304569, 0.20810444230282776, 0.0069454663283523566, 0.6028899840087127, 0.6465875803846246, 0.6549396814925847, 0.7842999961776939, 0.7234102696318832, 0.5902779781112703], [-0.01200673784410089, 0.8625537579747932, 0.0, 0.22550983120078427, 0.5283874572661523, 0.12996711107197045, 0.40055414487751123, 0.6835222528999433, 0.3796243733558471, 0.19707037626307744, 0.007950687539111767, 0.6278673429195072, 0.6689659684764844, 0.6851574473359581, 0.7965804559021397, 0.7174055398412034, 0.5889508526824602], [0.39127175569731065, 0.9287843126379229, 0.0, 0.25214677122457685, 0.5562018854446856, 0.123615586723763, 0.4761768387194095, 0.6882597306982112, 0.3418115020439314, 0.19808495503696766, 0.007504523810135222, 0.5995689776519595, 0.6424875454612036, 0.6550636099292623, 0.7854268736069766, 0.6896271879624539, 0.5785562996021054]], "features_2": [[-0.39915754696390016, 0.7015362219785836, 0.0, 0.18418746013629075, 0.4841525419856714, 0.12696390143310232, 0.3051936225049417, 0.6840959953939725, 0.36391468953955197, 0.16236993504568642, 0.00716927026363523, 0.6338681473820178, 0.6447881585566763, 0.6721604124347692, 0.779156181800933, 0.6964003838419529, 0.6086353848535835], [-0.13973147745943182, 0.6621598480659782, 0.0, 0.24274651267078773, 0.46359078528994274, 0.12929744851390557, 0.27943262880987946, 0.6817051395186933, 0.3744468718113545, 0.15326890115692304, 0.007727725548673403, 0.6178500004739105, 0.6659881807216317, 0.6798511524179557, 0.7817501180324212, 0.708768633178248, 0.617422661430486], [-0.25778409619630693, 0.8156393076197258, 0.0, 0.18753093306410606, 0.5212184843654076, 0.1260022893950261, 0.28410779835738326, 0.6845800219923298, 0.3563947119474189, 0.18392630418560496, 0.00683347364535547, 0.6241930546728343, 0.6409307769312093, 0.6796038680714769, 0.7753848689637376, 0.7072566167235066, 0.6070273412557208], [-0.35198973559610947, 0.8469182080110945, 0.0, 0.17221913044276319, 0.5240293225307192, 0.12796863298694064, 0.26513970535734044, 0.6824400537084596, 0.36655168338495336, 0.19388931362680561, 0.0069454663283523566, 0.6293049220429072, 0.648765517457474, 0.683429478568099, 0.7756089982761858, 0.6890354995856172, 0.6070902877105006], [-0.0019246518614557395, 0.660700017620354, 0.0, 0.252817864439646, 0.46344905718376095, 0.12812427354104, 0.28315810632371663, 0.6822969512955599, 0.36329391672251043, 0.1510523744500636, 0.007281081678807366, 0.6081254581608087, 0.6359240832179542, 0.6662545894282487, 0.7785324262495975, 0.7046405622334658, 0.6180785089790711], [-0.2672008988263963, 0.8351650359302678, 0.0, 0.1796712471438657, 0.523903528820912, 0.128766719106286, 0.33742482137142316, 0.6834624649432763, 0.36531043213894954, 0.1913243049734552, 0.007504523810135222, 0.6193231240468613, 0.6527479603463228, 0.6864618428835279, 0.7859380832111147, 0.7163157291490032, 0.6142429627321189], [-0.3947419051612404, 0.8307653206531669, 0.0, 0.17497286258113323, 0.5253442788366494, 0.12414305839274192, 0.31931053117293684, 0.686330252217014, 0.3506649591849935, 0.18561982601472016, 0.007504523810135222, 0.6305363534897861, 0.6519182689376476, 0.6781234237994844, 0.7738832708204145, 0.7076165635934845, 0.592896722363841], [-0.5500639344511082, 0.7017441148317851, 0.0, 0.19831870398887858, 0.485975951509513, 0.12446814356089075, 0.4046708807307787, 0.686041881901553, 0.343467905849526, 0.15819754207835368, 0.00716927026363523, 0.6305278721981051, 0.6662758442983501, 0.690259985318615, 0.7721353369973972, 0.6878910941960615, 0.6014508481483607], [-0.4663453445873782, 0.775599237756428, 0.0, 0.18208624736151863, 0.50973274848043, 0.12226390379162504, 0.35012453440469715, 0.6872780056871926, 0.3306298664318974, 0.1715739164398804, 0.006721420376576193, 0.6281295431624088, 0.6502637607764027, 0.6581200930125635, 0.7664700374535296, 0.6935425936240491, 0.5856652271519983]]}