{"labels_1": ["1", "2", "3", "4", "5", "6", "7", "8", "9"], "labels_2": ["1", "2", "3", "4", "5", "6", "7", "8", "9"], "adj_matrix_1": [[0.0, 0.06015, 0.14483, 0.2525, 0.15205, 0.28839, 0.21918, 0.35183, 0.01198], [0.06015, 0.0, 0.19343, 0.28198, 0.19971, 0.30899, 0.25568, 0.35181, 0.07176], [0.14483, 0.19343, 0.0, 0.13585, 0.0082, 0.18848, 0.09066, 0.29692, 0.13435], [0.2525, 0.28198, 0.13585, 0.0, 0.12825, 0.05886, 0.04774, 0.19248, 0.24537], [0.15205, 0.19971, 0.0082, 0.12825, 0.0, 0.18149, 0.08271, 0.29191, 0.14169], [0.28839, 0.30899, 0.18848, 0.05886, 0.18149, 0.0, 0.1055, 0.13873, 0.2829], [0.21918, 0.25568, 0.09066, 0.04774, 0.08271, 0.1055, 0.0, 0.23256, 0.21077], [0.35183, 0.35181, 0.29692, 0.19248, 0.29191, 0.13873, 0.23256, 0.0, 0.35033], [0.01198, 0.07176, 0.13435, 0.24537, 0.14169, 0.2829, 0.21077, 0.35033, 0.0]], "adj_matrix_2": [[0.0, 0.04107, 0.06259, 0.03477, 0.31852, 0.02478, 0.08985, 0.26625, 0.07509], [0.04107, 0.0, 0.1028, 0.07548, 0.3081, 0.06562, 0.12939, 0.27008, 0.03439], [0.06259, 0.1028, 0.0, 0.02801, 0.3296, 0.03799, 0.02774, 0.25814, 0.13555], [0.03477, 0.07548, 0.02801, 0.0, 0.32516, 0.01002, 0.05562, 0.26186, 0.10889], [0.31852, 0.3081, 0.3296, 0.32516, 0.0, 0.32338, 0.33296, 0.14514, 0.29725], [0.02478, 0.06562, 0.03799, 0.01002, 0.32338, 0.0, 0.06553, 0.26315, 0.09924], [0.08985, 0.12939, 0.02774, 0.05562, 0.33296, 0.06553, 0.0, 0.25401, 0.16135], [0.26625, 0.27008, 0.25814, 0.26186, 0.14514, 0.26315, 0.25401, 0.0, 0.27215], [0.07509, 0.03439, 0.13555, 0.10889, 0.29725, 0.09924, 0.16135, 0.27215, 0.0]], "features_1": [[0.31178647343102783, 0.8508993509403064, 0.0, 0.24761836501470705, 0.53772750154545, 0.12483050139383178, 0.48513892663095604, 0.6877192360655497, 0.34525268432721457, 0.1840640055817786, 0.006721420376576193, 0.5946007887782241, 0.6701366519475089, 0.6860677103840209, 0.7868441378114535, 0.7293278539022338, 0.6028788883736875], [0.5208589214511834, 0.8365608151150471, 0.0, 0.2696862614141457, 0.5288524122098702, 0.12791701185733245, 0.5006153974897046, 0.6859672614269345, 0.36022636524862306, 0.1835680359328702, 0.007057398507269275, 0.5840644155166219, 0.6672940487017728, 0.6966886787721419, 0.7952356271799036, 0.724752872440113, 0.5991974094988439], [0.29382831392204256, 0.9659623768633182, 0.0, 0.24548971551499404, 0.5678455640748076, 0.1252660918106757, 0.4931817842588714, 0.687664944279175, 0.35341468550876964, 0.207668439437944, 0.0069454663283523566, 0.600633620557036, 0.6632351328266239, 0.6836506557060876, 0.7896218603838788, 0.714210871885671, 0.6022661497935689], [0.36401576943753167, 1.0174972069459263, 0.0, 0.22815504981766682, 0.5775515006788935, 0.12473425765724284, 0.4313859663551483, 0.6873497694656285, 0.34284133377823856, 0.21408874948876466, 0.00683347364535547, 0.602546733832531, 0.6436278877103175, 0.6657789403294758, 0.7851960725008623, 0.7272120942615281, 0.6021465885426119], [0.2633235927655182, 0.8335172465446702, 0.0, 0.22131309740876048, 0.519045084174116, 0.13256121599202134, 0.43594975502948047, 0.6818783183343311, 0.3810839467689955, 0.1895126020914677, 0.007616154688146137, 0.6030999845053173, 0.6556449308813858, 0.6826141149875967, 0.8024117085516382, 0.7358734827805636, 0.606833971353928], [0.15194594160536923, 0.9801475137479448, 0.0, 0.2344195854348964, 0.5716720881994688, 0.12470741293763035, 0.5427617062099209, 0.6883195399241948, 0.34625742638860046, 0.20936584527280466, 0.00716927026363523, 0.6094792013498216, 0.6597410309746995, 0.6810573731456999, 0.7906618175716948, 0.7356239194930447, 0.5876866791308429], [0.4073660924128113, 0.9977043751471452, 0.0, 0.22881660925071537, 0.5738752767648542, 0.12340900711727867, 0.4762572674604428, 0.688334100555066, 0.332123298304569, 0.20810444230282776, 0.0069454663283523566, 0.6028899840087127, 0.6465875803846246, 0.6549396814925847, 0.7842999961776939, 0.7234102696318832, 0.5902779781112703], [-0.01200673784410089, 0.8625537579747932, 0.0, 0.22550983120078427, 0.5283874572661523, 0.12996711107197045, 0.40055414487751123, 0.6835222528999433, 0.3796243733558471, 0.19707037626307744, 0.007950687539111767, 0.6278673429195072, 0.6689659684764844, 0.6851574473359581, 0.7965804559021397, 0.7174055398412034, 0.5889508526824602], [0.39127175569731065, 0.9287843126379229, 0.0, 0.25214677122457685, 0.5562018854446856, 0.123615586723763, 0.4761768387194095, 0.6882597306982112, 0.3418115020439314, 0.19808495503696766, 0.007504523810135222, 0.5995689776519595, 0.6424875454612036, 0.6550636099292623, 0.7854268736069766, 0.6896271879624539, 0.5785562996021054]], "features_2": [[-0.26093614799296416, 0.7480578138962231, 0.0, 0.21782511243612523, 0.5137998183842103, 0.11888812635708987, 0.362474555365651, 0.6899150758709567, 0.3201586705562165, 0.15991179731059124, 0.00677745458930179, 0.6206116140567368, 0.6470586201572862, 0.6642987266246018, 0.7623116042899957, 0.6792361687436745, 0.5477399606935448], [-0.0778129043714828, 0.7409568237976336, 0.0, 0.18873438097802117, 0.505265050653425, 0.12423669946270016, 0.35053721236819585, 0.6870729697178488, 0.34916304574249657, 0.1660562177356557, 0.007281081678807366, 0.6108039608768188, 0.6624233358742183, 0.6798420692160739, 0.777247519729249, 0.6873109807827239, 0.5784238089365703], [-0.22159826858669307, 0.8616041045096423, 0.0, 0.21546619430910602, 0.548441729186964, 0.11865689355914102, 0.406910450165055, 0.6903787343333706, 0.3180430549978859, 0.18256465360924556, 0.0066653709969386465, 0.6213762360389854, 0.6655176208928324, 0.6714206130678275, 0.7673162577199959, 0.6696655853920919, 0.5523363524993347], [-0.3037893155221174, 0.8801834560565409, 0.0, 0.21521879612727407, 0.5485266092510067, 0.1201419889639033, 0.3719814307694115, 0.689258093000285, 0.3240486240520195, 0.18865218003123707, 0.00711334193318236, 0.6212363356574713, 0.6541549910134403, 0.6639313340241519, 0.7656907255700656, 0.6886889747175989, 0.5584959438924743], [0.4463418364811327, 0.7222802134967765, 0.0, 0.2500272504596995, 0.4982504084769337, 0.1242475420276107, 0.3476771467769062, 0.6869382911719271, 0.3524718151382611, 0.15930713013439957, 0.006889477554966383, 0.5888273034983271, 0.6567228227204173, 0.6714065392699836, 0.7772030224139816, 0.6883494473922251, 0.5780951254243001], [-0.1288842329566826, 0.8675673586014077, 0.0, 0.20296055369058363, 0.5481373496591911, 0.12041335185339816, 0.4724428469812196, 0.6901626943918739, 0.32688604876294436, 0.18462374113047209, 0.00683347364535547, 0.613075839597975, 0.6711395066186967, 0.6763156395353288, 0.7780762380087028, 0.6993538722577133, 0.5594136633957351], [-0.05826497187873558, 0.8882726262931777, 0.0, 0.22752498098844184, 0.5488321602879956, 0.11882243328643292, 0.3634407992845439, 0.6897522832709425, 0.3279961584011146, 0.18712557502802563, 0.007057398507269275, 0.6129080528208943, 0.6511665288817011, 0.6658417298696778, 0.7631355241513791, 0.6902661689268381, 0.5502939828990123], [1.3041831202962006, 0.7235579958380383, 0.0, 0.2821063774858521, 0.4958361999484713, 0.12116654265502699, 0.26809937704522824, 0.6873767019627319, 0.3386950127119064, 0.15252478684996262, 0.00716927026363523, 0.5643065148369337, 0.6355105509979458, 0.6379537899500543, 0.7606532332145649, 0.694761247882256, 0.5689018279295395], [0.40897658440247175, 0.7809168820921983, 0.0, 0.23401614342200333, 0.5120670552126647, 0.12195010574089991, 0.26693568445015714, 0.6869113323725164, 0.3365400609468858, 0.16665668393966393, 0.006721420376576193, 0.6028438282975059, 0.6278537465668214, 0.6409898152648238, 0.7623528369684665, 0.6902174729790314, 0.5694690386727844]]}