{"labels_1": ["1", "2", "3", "4", "5", "6", "7", "8", "9"], "labels_2": ["1", "2", "3", "4", "5", "6", "7", "8", "9"], "adj_matrix_1": [[0.0, 0.05166, 0.0591, 0.11647, 0.12406, 0.02933, 0.12069, 0.27256, 0.20153], [0.05166, 0.0, 0.00757, 0.16232, 0.07475, 0.08034, 0.07125, 0.23706, 0.15781], [0.0591, 0.00757, 0.0, 0.16867, 0.06736, 0.08764, 0.06387, 0.23141, 0.15109], [0.11647, 0.16232, 0.16867, 0.0, 0.22158, 0.089, 0.21892, 0.32518, 0.27875], [0.12406, 0.07475, 0.06736, 0.22158, 0.0, 0.15053, 0.00355, 0.17546, 0.08751], [0.02933, 0.08034, 0.08764, 0.089, 0.15053, 0.0, 0.14733, 0.28965, 0.22398], [0.12069, 0.07125, 0.06387, 0.21892, 0.00355, 0.14733, 0.0, 0.17858, 0.09096], [0.27256, 0.23706, 0.23141, 0.32518, 0.17546, 0.28965, 0.17858, 0.0, 0.09312], [0.20153, 0.15781, 0.15109, 0.27875, 0.08751, 0.22398, 0.09096, 0.09312, 0.0]], "adj_matrix_2": [[0.0, 0.06634, 0.11311, 0.06046, 0.00461, 0.18897, 0.06202, 0.32316, 0.32289], [0.06634, 0.0, 0.04987, 0.00606, 0.07076, 0.13688, 0.00445, 0.33345, 0.33289], [0.11311, 0.04987, 0.0, 0.05582, 0.11718, 0.09157, 0.05424, 0.33028, 0.32952], [0.06046, 0.00606, 0.05582, 0.0, 0.06491, 0.1421, 0.00161, 0.33338, 0.33289], [0.00461, 0.07076, 0.11718, 0.06491, 0.0, 0.19208, 0.06647, 0.32186, 0.32161], [0.18897, 0.13688, 0.09157, 0.1421, 0.19208, 0.0, 0.14073, 0.30005, 0.29889], [0.06202, 0.00445, 0.05424, 0.00161, 0.06647, 0.14073, 0.0, 0.33345, 0.33295], [0.32316, 0.33345, 0.33028, 0.33338, 0.32186, 0.30005, 0.33345, 0.0, 0.00194], [0.32289, 0.33289, 0.32952, 0.33289, 0.32161, 0.29889, 0.33295, 0.00194, 0.0]], "features_1": [[0.45876805410703403, 0.8683521378852597, 0.0, 0.25278610234049925, 0.5118758661557365, 0.13942358158134305, 0.22228515496097287, 0.6694125144816083, 0.4388352269005551, 0.20898530952770877, 0.008451478759474051, 0.6075058234723494, 0.6509045268608967, 0.6742366123182543, 0.7976026683284011, 0.7338322432574175, 0.6176826648416356], [0.2489815473928938, 0.876588635000906, 0.0, 0.24103083513205154, 0.5027244409888901, 0.14562307259924478, 0.17271658849326102, 0.6588828317485975, 0.4662096578406345, 0.2191529481100718, 0.008784670673857464, 0.6253996726616231, 0.6569394586837929, 0.6842784001438027, 0.8027776127506872, 0.7252336913707763, 0.6114805091164955], [0.41887227640680136, 1.0065692186866178, 0.0, 0.24230690156253776, 0.5437805452594356, 0.14086171884902818, 0.21658318196480053, 0.6669756542519021, 0.44456756245130435, 0.2389089012121064, 0.008340296057933516, 0.6183632388530707, 0.6398630589900934, 0.6642823225164176, 0.7978939613143357, 0.748831057697323, 0.6191822724808305], [0.32217751324456056, 1.020934535266095, 0.0, 0.23361791807124913, 0.546057076621655, 0.14085098465522478, 0.21142892657320544, 0.6673953389391873, 0.448896632863796, 0.24332966939117173, 0.008673665988278678, 0.6129354946254035, 0.6540828111852471, 0.6721424580390134, 0.7994419933880114, 0.7333423827106104, 0.6227803604253628], [-0.013249761039258345, 0.8997221606279854, 0.0, 0.22680681316742995, 0.5101180803861551, 0.1447065641904053, 0.18775777901591367, 0.6614855271569213, 0.4580382020396956, 0.22442425114688924, 0.008340296057933516, 0.6326444931825737, 0.667993604215236, 0.7035543306227404, 0.8040334124358097, 0.7263444826842684, 0.6091710791722745], [0.09475900748454791, 1.0238406863499212, 0.0, 0.23524664426756764, 0.5466493990802298, 0.1422101911728642, 0.21904361284231158, 0.6660347148692165, 0.450714977340819, 0.24723923242236556, 0.008562602043175715, 0.6247043165134616, 0.6609163733856308, 0.6921549060437705, 0.8022230145231951, 0.736158277320547, 0.6243108928753494], [0.022582386229889728, 1.085623066491004, 0.0, 0.1840167543356504, 0.5616635698117576, 0.13610083880302937, 0.20814049720741323, 0.6722725874098392, 0.4041953652183945, 0.24839634159974078, 0.007783488497544067, 0.6181442519203595, 0.6385094849371825, 0.6532085370663482, 0.7866488488007256, 0.7353369567427054, 0.5897107575821824], [-0.4575350892607992, 0.9220578867048155, 0.0, 0.21926241960016277, 0.5175556698632175, 0.1443238396392909, 0.19858850737288875, 0.6634602282628927, 0.45621042151595503, 0.23225436626335982, 0.008117752083540042, 0.6459474611284528, 0.6803750224283008, 0.7084935391901744, 0.8064731932251178, 0.7109773277398032, 0.6225543455629893], [-0.35186967241978095, 0.9627879472517031, 0.0, 0.21758957844795784, 0.5291145233085133, 0.14189621306543643, 0.205222065357178, 0.6658978497881947, 0.4430176908227752, 0.23702995884983102, 0.008006390651371653, 0.6360363540863501, 0.6604711074280727, 0.6986089426661094, 0.8010770332314934, 0.7285784875757634, 0.6162344710016191]], "features_2": [[0.7046683798375653, 0.7650783119045022, 0.0, 0.24398051906140653, 0.502056831989508, 0.12486022151758835, 0.26218312614541334, 0.6848082541978415, 0.3541766009609908, 0.16902044724860898, 0.007727725548673403, 0.5898742820565981, 0.635945989119624, 0.6584480216635143, 0.7699622331283542, 0.6909006181886004, 0.5686180031945752], [0.5570610997666399, 0.7546320959067717, 0.0, 0.24089853547596227, 0.49446511128091564, 0.12791162244538445, 0.29916497296865996, 0.6829767134156497, 0.3638684431292032, 0.17011793678650822, 0.007727725548673403, 0.5987760237317392, 0.6378507550462137, 0.6644718143097637, 0.7829514439710081, 0.6966063902380125, 0.5757858229357051], [0.41757165578584354, 0.8896663132490157, 0.0, 0.23491806005231053, 0.5350258372449742, 0.1262158548811387, 0.24804567353681078, 0.6835341840562745, 0.36059876469749064, 0.19805725683392805, 0.00783923647221818, 0.600647419330171, 0.6427627552098389, 0.6637812857555808, 0.7726504644593238, 0.6893341968956155, 0.5714017120014554], [0.6725828494835775, 0.9180693663489754, 0.0, 0.2459566342709084, 0.5413541815727909, 0.12741165500339968, 0.24895438298183095, 0.682694156656483, 0.3692506795624646, 0.20344750552857382, 0.007616154688146137, 0.5859361087971435, 0.6252161110127994, 0.6627408650028955, 0.7752641401945074, 0.6800093077282549, 0.5742532162974874], [0.48610328907265643, 0.7687111530196997, 0.0, 0.24097690603026656, 0.4901502495710742, 0.13159930883594206, 0.22084705015092468, 0.6778073554325988, 0.36849120534930413, 0.17520719672325313, 0.007727725548673403, 0.6002735552202894, 0.6481169554157284, 0.6591971628347222, 0.7816792795349965, 0.7151622990833859, 0.5797523487385031], [0.42591847902218394, 0.9008073334347942, 0.0, 0.2120854391739992, 0.5383802118627087, 0.12604057167533836, 0.2683559385233224, 0.6839632899896751, 0.36325014077905116, 0.20068313351251055, 0.007950687539111767, 0.6049032552677991, 0.6404928284278718, 0.6733828288616567, 0.7742371888444382, 0.6982474056604832, 0.571183773085701], [0.2491238403413445, 0.9036010998253978, 0.0, 0.22839626345179775, 0.5385189097880971, 0.12551006600912107, 0.25174890144433776, 0.684237425707955, 0.35304491536990534, 0.1999364184470076, 0.007392832833969631, 0.5933915966982544, 0.6405725457171426, 0.6738195620154761, 0.7690035035459433, 0.6979768211749469, 0.5631230345889208], [-0.3456170659976139, 0.8224490622318034, 0.0, 0.18905877471140428, 0.5055234945630875, 0.13059926872548128, 0.1776150649755806, 0.6780569661692207, 0.3699991986945159, 0.19098455769795786, 0.007671947615560004, 0.6285746632894313, 0.6375185164629634, 0.6549071284296426, 0.7742160198102375, 0.6868826546533495, 0.5796158517980102], [-0.20102341237427446, 0.8672526238145419, 0.0, 0.20315759750232415, 0.5227518629482928, 0.1284011321360958, 0.18150936411687651, 0.68059634795935, 0.3613606541104244, 0.19749502966579024, 0.007671947615560004, 0.6219157460148472, 0.6405339462316172, 0.668500625600838, 0.7699696644876846, 0.6979290751693084, 0.5797572798076385]]}