{"labels_1": ["1", "2", "3", "4", "5", "6", "7", "8", "9"], "labels_2": ["1", "2", "3", "4", "5", "6", "7", "8", "9"], "adj_matrix_1": [[0.0, 0.05166, 0.0591, 0.11647, 0.12406, 0.02933, 0.12069, 0.27256, 0.20153], [0.05166, 0.0, 0.00757, 0.16232, 0.07475, 0.08034, 0.07125, 0.23706, 0.15781], [0.0591, 0.00757, 0.0, 0.16867, 0.06736, 0.08764, 0.06387, 0.23141, 0.15109], [0.11647, 0.16232, 0.16867, 0.0, 0.22158, 0.089, 0.21892, 0.32518, 0.27875], [0.12406, 0.07475, 0.06736, 0.22158, 0.0, 0.15053, 0.00355, 0.17546, 0.08751], [0.02933, 0.08034, 0.08764, 0.089, 0.15053, 0.0, 0.14733, 0.28965, 0.22398], [0.12069, 0.07125, 0.06387, 0.21892, 0.00355, 0.14733, 0.0, 0.17858, 0.09096], [0.27256, 0.23706, 0.23141, 0.32518, 0.17546, 0.28965, 0.17858, 0.0, 0.09312], [0.20153, 0.15781, 0.15109, 0.27875, 0.08751, 0.22398, 0.09096, 0.09312, 0.0]], "adj_matrix_2": [[0.0, 0.25001, 0.08072, 0.05751, 0.30434, 0.0601, 0.17409, 0.18941, 0.01105], [0.25001, 0.0, 0.28931, 0.28011, 0.0894, 0.28125, 0.09873, 0.30029, 0.25658], [0.08072, 0.28931, 0.0, 0.02399, 0.32548, 0.02136, 0.23245, 0.12553, 0.07011], [0.05751, 0.28011, 0.02399, 0.0, 0.3218, 0.00264, 0.21735, 0.14558, 0.04667], [0.30434, 0.0894, 0.32548, 0.3218, 0.0, 0.32232, 0.182, 0.30682, 0.30858], [0.0601, 0.28125, 0.02136, 0.00264, 0.32232, 0.0, 0.21905, 0.14349, 0.04928], [0.17409, 0.09873, 0.23245, 0.21735, 0.182, 0.21905, 0.0, 0.27906, 0.18298], [0.18941, 0.30029, 0.12553, 0.14558, 0.30682, 0.14349, 0.27906, 0.0, 0.18162], [0.01105, 0.25658, 0.07011, 0.04667, 0.30858, 0.04928, 0.18298, 0.18162, 0.0]], "features_1": [[0.45876805410703403, 0.8683521378852597, 0.0, 0.25278610234049925, 0.5118758661557365, 0.13942358158134305, 0.22228515496097287, 0.6694125144816083, 0.4388352269005551, 0.20898530952770877, 0.008451478759474051, 0.6075058234723494, 0.6509045268608967, 0.6742366123182543, 0.7976026683284011, 0.7338322432574175, 0.6176826648416356], [0.2489815473928938, 0.876588635000906, 0.0, 0.24103083513205154, 0.5027244409888901, 0.14562307259924478, 0.17271658849326102, 0.6588828317485975, 0.4662096578406345, 0.2191529481100718, 0.008784670673857464, 0.6253996726616231, 0.6569394586837929, 0.6842784001438027, 0.8027776127506872, 0.7252336913707763, 0.6114805091164955], [0.41887227640680136, 1.0065692186866178, 0.0, 0.24230690156253776, 0.5437805452594356, 0.14086171884902818, 0.21658318196480053, 0.6669756542519021, 0.44456756245130435, 0.2389089012121064, 0.008340296057933516, 0.6183632388530707, 0.6398630589900934, 0.6642823225164176, 0.7978939613143357, 0.748831057697323, 0.6191822724808305], [0.32217751324456056, 1.020934535266095, 0.0, 0.23361791807124913, 0.546057076621655, 0.14085098465522478, 0.21142892657320544, 0.6673953389391873, 0.448896632863796, 0.24332966939117173, 0.008673665988278678, 0.6129354946254035, 0.6540828111852471, 0.6721424580390134, 0.7994419933880114, 0.7333423827106104, 0.6227803604253628], [-0.013249761039258345, 0.8997221606279854, 0.0, 0.22680681316742995, 0.5101180803861551, 0.1447065641904053, 0.18775777901591367, 0.6614855271569213, 0.4580382020396956, 0.22442425114688924, 0.008340296057933516, 0.6326444931825737, 0.667993604215236, 0.7035543306227404, 0.8040334124358097, 0.7263444826842684, 0.6091710791722745], [0.09475900748454791, 1.0238406863499212, 0.0, 0.23524664426756764, 0.5466493990802298, 0.1422101911728642, 0.21904361284231158, 0.6660347148692165, 0.450714977340819, 0.24723923242236556, 0.008562602043175715, 0.6247043165134616, 0.6609163733856308, 0.6921549060437705, 0.8022230145231951, 0.736158277320547, 0.6243108928753494], [0.022582386229889728, 1.085623066491004, 0.0, 0.1840167543356504, 0.5616635698117576, 0.13610083880302937, 0.20814049720741323, 0.6722725874098392, 0.4041953652183945, 0.24839634159974078, 0.007783488497544067, 0.6181442519203595, 0.6385094849371825, 0.6532085370663482, 0.7866488488007256, 0.7353369567427054, 0.5897107575821824], [-0.4575350892607992, 0.9220578867048155, 0.0, 0.21926241960016277, 0.5175556698632175, 0.1443238396392909, 0.19858850737288875, 0.6634602282628927, 0.45621042151595503, 0.23225436626335982, 0.008117752083540042, 0.6459474611284528, 0.6803750224283008, 0.7084935391901744, 0.8064731932251178, 0.7109773277398032, 0.6225543455629893], [-0.35186967241978095, 0.9627879472517031, 0.0, 0.21758957844795784, 0.5291145233085133, 0.14189621306543643, 0.205222065357178, 0.6658978497881947, 0.4430176908227752, 0.23702995884983102, 0.008006390651371653, 0.6360363540863501, 0.6604711074280727, 0.6986089426661094, 0.8010770332314934, 0.7285784875757634, 0.6162344710016191]], "features_2": [[0.0022194878314993893, 0.820534776361236, 0.0, 0.24360145498202715, 0.5338738641831932, 0.12110509466255595, 0.40286923200860014, 0.6893427087914157, 0.3365027373470246, 0.17694515592370763, 0.00711334193318236, 0.6015595227751878, 0.6525572572899107, 0.6798953612871639, 0.7763415978480936, 0.6834570937314779, 0.573898637250418], [-0.43745375352657456, 0.7460147455805731, 0.0, 0.19546421228467803, 0.5096215305156382, 0.12431044999955676, 0.39937146176634286, 0.6877248369190888, 0.35447873174582334, 0.1681700111830713, 0.00711334193318236, 0.6241098547621688, 0.6751009653569049, 0.7013149736597979, 0.7844765048576182, 0.7049232506529509, 0.590192240432592], [0.11997019354885996, 0.9112210961140934, 0.0, 0.24835071772783046, 0.5623116280704994, 0.12009052510012855, 0.4315167722004659, 0.6902563355845631, 0.33468157595225345, 0.1935447614255703, 0.006889477554966383, 0.5942277913414351, 0.645918156565759, 0.6792957829724267, 0.7770791578885871, 0.6932276512870291, 0.5718261100489122], [-0.03377974033011233, 1.008605069722472, 0.0, 0.2321073969953278, 0.5760834746252808, 0.12279678351165879, 0.3596100246755881, 0.6878656171865768, 0.3451518935473976, 0.21600988432997714, 0.007057398507269275, 0.6052471932333394, 0.6557488177418591, 0.674096674196047, 0.7748513633209196, 0.6997007470954798, 0.5719095014614427], [-0.26027992513660925, 0.7466033784312006, 0.0, 0.17044822111354282, 0.5040979849587047, 0.126787162248327, 0.3496236131108468, 0.6854267443059289, 0.35984983976392004, 0.16941761288882118, 0.007448685839370306, 0.621327935135807, 0.6616344507568134, 0.689650313888526, 0.7855645110973483, 0.6936584711820747, 0.59415938701282], [0.08738348761911174, 0.928019598626028, 0.0, 0.2870879597861786, 0.5616626121787135, 0.1262736344487097, 0.4946947427918332, 0.6883485761825632, 0.3718057114244808, 0.20524209372983981, 0.007392832833969631, 0.6047056553613073, 0.6742292987175628, 0.7108244879779576, 0.7967373124462791, 0.7074509921519163, 0.5844802842605324], [0.09953964468753007, 1.010289301070791, 0.0, 0.21523228834580888, 0.5702459082249922, 0.12664995416089395, 0.3534968798372063, 0.6846778816751531, 0.3604991577552028, 0.21858861471672886, 0.0069454663283523566, 0.6074095627537144, 0.6557593342907341, 0.6649997252653231, 0.7750606565940925, 0.7000420829251156, 0.5805137351354204], [0.3876168408542986, 0.7883021799818569, 0.0, 0.284388623084026, 0.518154978894576, 0.12138024026411154, 0.3242888698810432, 0.6881287543829088, 0.3259173270881781, 0.167731071958521, 0.007057398507269275, 0.5816579838229614, 0.6471523367377222, 0.672757442077517, 0.7669500583384536, 0.689927305206417, 0.5763876045222714], [0.1323476020885952, 0.8610247396374994, 0.0, 0.28610604805741774, 0.5386932968229539, 0.12065469721102809, 0.3010985146054111, 0.6882496562686644, 0.3235085363066481, 0.18260817575527, 0.006609306440138685, 0.592776472533902, 0.6332378625275124, 0.6566232497590734, 0.7622237898320536, 0.679142809901688, 0.576570875217679]]}