{"labels_1": ["1", "2", "3", "4", "5", "6", "7", "8", "9"], "labels_2": ["1", "2", "3", "4", "5", "6", "7", "8", "9"], "adj_matrix_1": [[0.0, 0.05166, 0.0591, 0.11647, 0.12406, 0.02933, 0.12069, 0.27256, 0.20153], [0.05166, 0.0, 0.00757, 0.16232, 0.07475, 0.08034, 0.07125, 0.23706, 0.15781], [0.0591, 0.00757, 0.0, 0.16867, 0.06736, 0.08764, 0.06387, 0.23141, 0.15109], [0.11647, 0.16232, 0.16867, 0.0, 0.22158, 0.089, 0.21892, 0.32518, 0.27875], [0.12406, 0.07475, 0.06736, 0.22158, 0.0, 0.15053, 0.00355, 0.17546, 0.08751], [0.02933, 0.08034, 0.08764, 0.089, 0.15053, 0.0, 0.14733, 0.28965, 0.22398], [0.12069, 0.07125, 0.06387, 0.21892, 0.00355, 0.14733, 0.0, 0.17858, 0.09096], [0.27256, 0.23706, 0.23141, 0.32518, 0.17546, 0.28965, 0.17858, 0.0, 0.09312], [0.20153, 0.15781, 0.15109, 0.27875, 0.08751, 0.22398, 0.09096, 0.09312, 0.0]], "adj_matrix_2": [[0.0, 0.01535, 0.01698, 0.01441, 0.24306, 0.09786, 0.16018, 0.30364, 0.34847], [0.01535, 0.0, 0.03232, 0.00094, 0.23042, 0.08283, 0.16328, 0.30464, 0.34656], [0.01698, 0.03232, 0.0, 0.03138, 0.25663, 0.11437, 0.15664, 0.30209, 0.35012], [0.01441, 0.00094, 0.03138, 0.0, 0.23106, 0.08377, 0.16286, 0.30421, 0.34642], [0.24306, 0.23042, 0.25663, 0.23106, 0.0, 0.15739, 0.21422, 0.29113, 0.27296], [0.09786, 0.08283, 0.11437, 0.08377, 0.15739, 0.0, 0.18043, 0.30682, 0.33123], [0.16018, 0.16328, 0.15664, 0.16286, 0.21422, 0.18043, 0.0, 0.16908, 0.21657], [0.30364, 0.30464, 0.30209, 0.30421, 0.29113, 0.30682, 0.16908, 0.0, 0.10048], [0.34847, 0.34656, 0.35012, 0.34642, 0.27296, 0.33123, 0.21657, 0.10048, 0.0]], "features_1": [[0.45876805410703403, 0.8683521378852597, 0.0, 0.25278610234049925, 0.5118758661557365, 0.13942358158134305, 0.22228515496097287, 0.6694125144816083, 0.4388352269005551, 0.20898530952770877, 0.008451478759474051, 0.6075058234723494, 0.6509045268608967, 0.6742366123182543, 0.7976026683284011, 0.7338322432574175, 0.6176826648416356], [0.2489815473928938, 0.876588635000906, 0.0, 0.24103083513205154, 0.5027244409888901, 0.14562307259924478, 0.17271658849326102, 0.6588828317485975, 0.4662096578406345, 0.2191529481100718, 0.008784670673857464, 0.6253996726616231, 0.6569394586837929, 0.6842784001438027, 0.8027776127506872, 0.7252336913707763, 0.6114805091164955], [0.41887227640680136, 1.0065692186866178, 0.0, 0.24230690156253776, 0.5437805452594356, 0.14086171884902818, 0.21658318196480053, 0.6669756542519021, 0.44456756245130435, 0.2389089012121064, 0.008340296057933516, 0.6183632388530707, 0.6398630589900934, 0.6642823225164176, 0.7978939613143357, 0.748831057697323, 0.6191822724808305], [0.32217751324456056, 1.020934535266095, 0.0, 0.23361791807124913, 0.546057076621655, 0.14085098465522478, 0.21142892657320544, 0.6673953389391873, 0.448896632863796, 0.24332966939117173, 0.008673665988278678, 0.6129354946254035, 0.6540828111852471, 0.6721424580390134, 0.7994419933880114, 0.7333423827106104, 0.6227803604253628], [-0.013249761039258345, 0.8997221606279854, 0.0, 0.22680681316742995, 0.5101180803861551, 0.1447065641904053, 0.18775777901591367, 0.6614855271569213, 0.4580382020396956, 0.22442425114688924, 0.008340296057933516, 0.6326444931825737, 0.667993604215236, 0.7035543306227404, 0.8040334124358097, 0.7263444826842684, 0.6091710791722745], [0.09475900748454791, 1.0238406863499212, 0.0, 0.23524664426756764, 0.5466493990802298, 0.1422101911728642, 0.21904361284231158, 0.6660347148692165, 0.450714977340819, 0.24723923242236556, 0.008562602043175715, 0.6247043165134616, 0.6609163733856308, 0.6921549060437705, 0.8022230145231951, 0.736158277320547, 0.6243108928753494], [0.022582386229889728, 1.085623066491004, 0.0, 0.1840167543356504, 0.5616635698117576, 0.13610083880302937, 0.20814049720741323, 0.6722725874098392, 0.4041953652183945, 0.24839634159974078, 0.007783488497544067, 0.6181442519203595, 0.6385094849371825, 0.6532085370663482, 0.7866488488007256, 0.7353369567427054, 0.5897107575821824], [-0.4575350892607992, 0.9220578867048155, 0.0, 0.21926241960016277, 0.5175556698632175, 0.1443238396392909, 0.19858850737288875, 0.6634602282628927, 0.45621042151595503, 0.23225436626335982, 0.008117752083540042, 0.6459474611284528, 0.6803750224283008, 0.7084935391901744, 0.8064731932251178, 0.7109773277398032, 0.6225543455629893], [-0.35186967241978095, 0.9627879472517031, 0.0, 0.21758957844795784, 0.5291145233085133, 0.14189621306543643, 0.205222065357178, 0.6658978497881947, 0.4430176908227752, 0.23702995884983102, 0.008006390651371653, 0.6360363540863501, 0.6604711074280727, 0.6986089426661094, 0.8010770332314934, 0.7285784875757634, 0.6162344710016191]], "features_2": [[-0.3199582275270827, 0.6888576325064705, 0.0, 0.21888541242969536, 0.47385766179111766, 0.1269894568155411, 0.2614926854108006, 0.6827776577498937, 0.34268478623906873, 0.15599113227738437, 0.00716927026363523, 0.6259613793140715, 0.6532075235418133, 0.6679033796198143, 0.7686212603938471, 0.6901971527489239, 0.569680528472627], [-0.32371114475064466, 0.6859730893859651, 0.0, 0.21486073249950896, 0.47289055274062375, 0.12789601106978796, 0.2816772693967998, 0.6826624339244224, 0.3517681713719367, 0.157927066345259, 0.007616154688146137, 0.6256209423022212, 0.6565528252866859, 0.6845535626974395, 0.7764792315063431, 0.7005437365985743, 0.5809708456116878], [-0.2824363906243441, 0.8329930280515235, 0.0, 0.21525711864184927, 0.5168351760281341, 0.12750441758456027, 0.2445914629103733, 0.6823066551449583, 0.3489520746597736, 0.1875529539009957, 0.007281081678807366, 0.6266613850996721, 0.6436210397140182, 0.6605571987336964, 0.7696530696459852, 0.6948437094511631, 0.5758772999424496], [-0.17460117538335362, 0.8724840910059213, 0.0, 0.22957285062158514, 0.5209190234068204, 0.13052409963147993, 0.17901923485227939, 0.6781580688660735, 0.37160235657298313, 0.2006803825729302, 0.007392832833969631, 0.6300151836143875, 0.6478951334140168, 0.6741092734963305, 0.7705641346227706, 0.6934805421401875, 0.5767903813554206], [-0.19579089446490228, 0.659610672543589, 0.0, 0.209028995264643, 0.4638543441274511, 0.1272781656104473, 0.2858857768822979, 0.6830563667673812, 0.34543040262365055, 0.15009852834105475, 0.00716927026363523, 0.6139445107933867, 0.6586544280784719, 0.6863089796394561, 0.7754963996938288, 0.7049301701053027, 0.5746456450793334], [-0.22397561970241808, 0.8664649796632758, 0.0, 0.21499707076222863, 0.5254242028093354, 0.12714207682359754, 0.2342805498450467, 0.6825705067792815, 0.3454520034907762, 0.19401842816374804, 0.007281081678807366, 0.6261505805304437, 0.6508914857758626, 0.6766837178950608, 0.7689265798738101, 0.6856559624770596, 0.5687031914461889], [0.8239200952000192, 0.8548356981465441, 0.0, 0.3183196053621244, 0.5186372497175482, 0.1276230903934313, 0.22604192970469014, 0.6816484922548948, 0.3579384033449533, 0.19132261707839882, 0.007504523810135222, 0.5765836860608857, 0.6320931710028024, 0.6574214364351822, 0.7654988384884517, 0.6968966811300424, 0.5611970411692734], [0.8000733514045275, 0.7400494522477357, 0.0, 0.25305572402483206, 0.49563063070644997, 0.12283947629795108, 0.2491585285564973, 0.686223020758911, 0.33420676583029296, 0.15801148905102957, 0.0069454663283523566, 0.5783015223032066, 0.6229755554742016, 0.6378875113179638, 0.7600601650905826, 0.7235508190674994, 0.5468089054605804], [0.7383929550561397, 0.8169358884452427, 0.0, 0.2562026446313869, 0.5169752524711355, 0.12217336300516962, 0.22069850108619846, 0.686203044828829, 0.3308648654979691, 0.17376157898659983, 0.00716927026363523, 0.577659443762808, 0.6254938405198501, 0.647358938730624, 0.7524530835587899, 0.6801382477759269, 0.5376362608988199]]}