{"labels_1": ["1", "2", "3", "4", "5", "6", "7", "8", "9"], "labels_2": ["1", "2", "3", "4", "5", "6", "7", "8", "9"], "adj_matrix_1": [[0.0, 0.13299, 0.03551, 0.05654, 0.08339, 0.0049, 0.03001, 0.12119, 0.07788], [0.13299, 0.0, 0.1026, 0.08312, 0.19348, 0.13688, 0.10744, 0.21623, 0.18982], [0.03551, 0.1026, 0.0, 0.02145, 0.11585, 0.04036, 0.00555, 0.15094, 0.1107], [0.05654, 0.08312, 0.02145, 0.0, 0.13415, 0.0613, 0.02696, 0.16723, 0.12926], [0.08339, 0.19348, 0.11585, 0.13415, 0.0, 0.07875, 0.11093, 0.04113, 0.00579], [0.0049, 0.13688, 0.04036, 0.0613, 0.07875, 0.0, 0.03488, 0.11689, 0.07324], [0.03001, 0.10744, 0.00555, 0.02696, 0.11093, 0.03488, 0.0, 0.14651, 0.10575], [0.12119, 0.21623, 0.15094, 0.16723, 0.04113, 0.11689, 0.14651, 0.0, 0.04684], [0.07788, 0.18982, 0.1107, 0.12926, 0.00579, 0.07324, 0.10575, 0.04684, 0.0]], "adj_matrix_2": [[0.0, 0.26312, 0.23651, 0.08361, 0.30979, 0.32601, 0.03947, 0.02631, 0.05239], [0.26312, 0.0, 0.03431, 0.19301, 0.06978, 0.09871, 0.29316, 0.28342, 0.22026], [0.23651, 0.03431, 0.0, 0.1627, 0.10302, 0.13111, 0.26869, 0.25816, 0.19124], [0.08361, 0.19301, 0.1627, 0.0, 0.2491, 0.27006, 0.12212, 0.10934, 0.03157], [0.30979, 0.06978, 0.10302, 0.2491, 0.0, 0.0299, 0.33495, 0.32689, 0.27298], [0.32601, 0.09871, 0.13111, 0.27006, 0.0299, 0.0, 0.34898, 0.34159, 0.29221], [0.03947, 0.29316, 0.26869, 0.12212, 0.33495, 0.34898, 0.0, 0.01318, 0.09142], [0.02631, 0.28342, 0.25816, 0.10934, 0.32689, 0.34159, 0.01318, 0.0, 0.07845], [0.05239, 0.22026, 0.19124, 0.03157, 0.27298, 0.29221, 0.09142, 0.07845, 0.0]], "features_1": [[0.3443751068991987, 0.8456422033226172, 0.0, 0.19902932730406503, 0.5071879905625066, 0.1405184252379676, 0.24323321677821497, 0.670226428634478, 0.4302243762359106, 0.2059339709585153, 0.007950687539111767, 0.6031038839066203, 0.6642468931169682, 0.6927377639728548, 0.8067791790469734, 0.7317082022161587, 0.6223836909104213], [0.7051552083821986, 0.8634976417218266, 0.0, 0.20640208759734416, 0.5022180069680537, 0.14557719984229334, 0.2035910520258497, 0.6627528190285312, 0.46358105653291215, 0.2155189354794429, 0.008284682400665488, 0.596805877901796, 0.6693275968716511, 0.6969000242836971, 0.8119118539296174, 0.7415936447240546, 0.6242172192576284], [0.5254274755542223, 0.9739610721237364, 0.0, 0.2085908284579317, 0.541271119270818, 0.14025083759582468, 0.2545823028691082, 0.6711030633051628, 0.4376246971878073, 0.2318038888219376, 0.00839589484089287, 0.6011664611669498, 0.6626232680518122, 0.70069642105036, 0.8073150523240185, 0.7308266519276714, 0.6240990673032171], [0.5026264265719833, 1.0049655152179269, 0.0, 0.21238934865299272, 0.5443600339827558, 0.14246881749696938, 0.22655748411751092, 0.6671969906961539, 0.4559928604140444, 0.2419966815271768, 0.008117752083540042, 0.6035952275075211, 0.6547949998613218, 0.6926628352814921, 0.8069296564927415, 0.7300656224427712, 0.6265805656318271], [0.4929643204745946, 0.8430690220987742, 0.0, 0.1742500723222861, 0.4936475064877909, 0.14791733345134342, 0.2103973825267694, 0.660152170670923, 0.486567945175683, 0.21601266410428965, 0.008840150818991033, 0.6067947549715136, 0.6734417793441673, 0.7168423802197268, 0.8172313317642224, 0.7449406471575385, 0.6207278942065849], [0.6194544830090098, 0.9958799774055122, 0.0, 0.21400361615854047, 0.5453180172243991, 0.14073301063460658, 0.2683860980064061, 0.6714284558149702, 0.4443090636585265, 0.23629641213063413, 0.008618141428105908, 0.5992083142158673, 0.6676197902484287, 0.7022559832754667, 0.8104990096965461, 0.7352752401389844, 0.622623397916805], [0.42263154823170623, 1.0558929755186022, 0.0, 0.20265594316908697, 0.5573184483713636, 0.1397342543618738, 0.23370262335797137, 0.6706717843430151, 0.4349354776810972, 0.24848160154549936, 0.008117752083540042, 0.5954440907635452, 0.6705046159876071, 0.711851187729775, 0.8035177178649567, 0.7357089040128267, 0.6145088234675098], [0.759464585056139, 0.8978731361151095, 0.0, 0.2096873483804808, 0.5123230013568509, 0.14522176214473334, 0.2506426884063629, 0.6654100172142434, 0.4745384569268538, 0.22294624954430997, 0.008451478759474051, 0.6072319108575859, 0.6704712719671764, 0.7026881400348441, 0.8155161110755831, 0.7350105746352122, 0.6180831080901549], [0.49575858647257, 0.9889800373195192, 0.0, 0.21257290367153803, 0.5437365410473092, 0.13897357098479243, 0.2920086578018612, 0.6736468439225047, 0.4282558150155691, 0.23332250897053397, 0.008117752083540042, 0.6002119738673146, 0.6602333603847513, 0.696928924667234, 0.8075301654248701, 0.7293708909136333, 0.6139920605949052]], "features_2": [[-0.39915754696390016, 0.7015362219785836, 0.0, 0.18418746013629075, 0.4841525419856714, 0.12696390143310232, 0.3051936225049417, 0.6840959953939725, 0.36391468953955197, 0.16236993504568642, 0.00716927026363523, 0.6338681473820178, 0.6447881585566763, 0.6721604124347692, 0.779156181800933, 0.6964003838419529, 0.6086353848535835], [-0.13973147745943182, 0.6621598480659782, 0.0, 0.24274651267078773, 0.46359078528994274, 0.12929744851390557, 0.27943262880987946, 0.6817051395186933, 0.3744468718113545, 0.15326890115692304, 0.007727725548673403, 0.6178500004739105, 0.6659881807216317, 0.6798511524179557, 0.7817501180324212, 0.708768633178248, 0.617422661430486], [-0.25778409619630693, 0.8156393076197258, 0.0, 0.18753093306410606, 0.5212184843654076, 0.1260022893950261, 0.28410779835738326, 0.6845800219923298, 0.3563947119474189, 0.18392630418560496, 0.00683347364535547, 0.6241930546728343, 0.6409307769312093, 0.6796038680714769, 0.7753848689637376, 0.7072566167235066, 0.6070273412557208], [-0.35198973559610947, 0.8469182080110945, 0.0, 0.17221913044276319, 0.5240293225307192, 0.12796863298694064, 0.26513970535734044, 0.6824400537084596, 0.36655168338495336, 0.19388931362680561, 0.0069454663283523566, 0.6293049220429072, 0.648765517457474, 0.683429478568099, 0.7756089982761858, 0.6890354995856172, 0.6070902877105006], [-0.0019246518614557395, 0.660700017620354, 0.0, 0.252817864439646, 0.46344905718376095, 0.12812427354104, 0.28315810632371663, 0.6822969512955599, 0.36329391672251043, 0.1510523744500636, 0.007281081678807366, 0.6081254581608087, 0.6359240832179542, 0.6662545894282487, 0.7785324262495975, 0.7046405622334658, 0.6180785089790711], [-0.2672008988263963, 0.8351650359302678, 0.0, 0.1796712471438657, 0.523903528820912, 0.128766719106286, 0.33742482137142316, 0.6834624649432763, 0.36531043213894954, 0.1913243049734552, 0.007504523810135222, 0.6193231240468613, 0.6527479603463228, 0.6864618428835279, 0.7859380832111147, 0.7163157291490032, 0.6142429627321189], [-0.3947419051612404, 0.8307653206531669, 0.0, 0.17497286258113323, 0.5253442788366494, 0.12414305839274192, 0.31931053117293684, 0.686330252217014, 0.3506649591849935, 0.18561982601472016, 0.007504523810135222, 0.6305363534897861, 0.6519182689376476, 0.6781234237994844, 0.7738832708204145, 0.7076165635934845, 0.592896722363841], [-0.5500639344511082, 0.7017441148317851, 0.0, 0.19831870398887858, 0.485975951509513, 0.12446814356089075, 0.4046708807307787, 0.686041881901553, 0.343467905849526, 0.15819754207835368, 0.00716927026363523, 0.6305278721981051, 0.6662758442983501, 0.690259985318615, 0.7721353369973972, 0.6878910941960615, 0.6014508481483607], [-0.4663453445873782, 0.775599237756428, 0.0, 0.18208624736151863, 0.50973274848043, 0.12226390379162504, 0.35012453440469715, 0.6872780056871926, 0.3306298664318974, 0.1715739164398804, 0.006721420376576193, 0.6281295431624088, 0.6502637607764027, 0.6581200930125635, 0.7664700374535296, 0.6935425936240491, 0.5856652271519983]]}