{"labels_1": ["1", "2", "3", "4", "5", "6", "7", "8", "9"], "labels_2": ["1", "2", "3", "4", "5", "6", "7", "8", "9"], "adj_matrix_1": [[0.0, 0.13299, 0.03551, 0.05654, 0.08339, 0.0049, 0.03001, 0.12119, 0.07788], [0.13299, 0.0, 0.1026, 0.08312, 0.19348, 0.13688, 0.10744, 0.21623, 0.18982], [0.03551, 0.1026, 0.0, 0.02145, 0.11585, 0.04036, 0.00555, 0.15094, 0.1107], [0.05654, 0.08312, 0.02145, 0.0, 0.13415, 0.0613, 0.02696, 0.16723, 0.12926], [0.08339, 0.19348, 0.11585, 0.13415, 0.0, 0.07875, 0.11093, 0.04113, 0.00579], [0.0049, 0.13688, 0.04036, 0.0613, 0.07875, 0.0, 0.03488, 0.11689, 0.07324], [0.03001, 0.10744, 0.00555, 0.02696, 0.11093, 0.03488, 0.0, 0.14651, 0.10575], [0.12119, 0.21623, 0.15094, 0.16723, 0.04113, 0.11689, 0.14651, 0.0, 0.04684], [0.07788, 0.18982, 0.1107, 0.12926, 0.00579, 0.07324, 0.10575, 0.04684, 0.0]], "adj_matrix_2": [[0.0, 0.19871, 0.18923, 0.09512, 0.28529, 0.26549, 0.12717, 0.26545, 0.24068], [0.19871, 0.0, 0.01202, 0.11473, 0.14845, 0.10264, 0.08251, 0.10256, 0.05946], [0.18923, 0.01202, 0.0, 0.10355, 0.15842, 0.11375, 0.07091, 0.11366, 0.07117], [0.09512, 0.11473, 0.10355, 0.0, 0.23459, 0.20193, 0.03396, 0.20185, 0.16726], [0.28529, 0.14845, 0.15842, 0.23459, 0.0, 0.05173, 0.21243, 0.05183, 0.0951], [0.26549, 0.10264, 0.11375, 0.20193, 0.05173, 0.0, 0.1755, 0.0001, 0.04507], [0.12717, 0.08251, 0.07091, 0.03396, 0.21243, 0.1755, 0.0, 0.17542, 0.13785], [0.26545, 0.10256, 0.11366, 0.20185, 0.05183, 0.0001, 0.17542, 0.0, 0.04497], [0.24068, 0.05946, 0.07117, 0.16726, 0.0951, 0.04507, 0.13785, 0.04497, 0.0]], "features_1": [[0.3443751068991987, 0.8456422033226172, 0.0, 0.19902932730406503, 0.5071879905625066, 0.1405184252379676, 0.24323321677821497, 0.670226428634478, 0.4302243762359106, 0.2059339709585153, 0.007950687539111767, 0.6031038839066203, 0.6642468931169682, 0.6927377639728548, 0.8067791790469734, 0.7317082022161587, 0.6223836909104213], [0.7051552083821986, 0.8634976417218266, 0.0, 0.20640208759734416, 0.5022180069680537, 0.14557719984229334, 0.2035910520258497, 0.6627528190285312, 0.46358105653291215, 0.2155189354794429, 0.008284682400665488, 0.596805877901796, 0.6693275968716511, 0.6969000242836971, 0.8119118539296174, 0.7415936447240546, 0.6242172192576284], [0.5254274755542223, 0.9739610721237364, 0.0, 0.2085908284579317, 0.541271119270818, 0.14025083759582468, 0.2545823028691082, 0.6711030633051628, 0.4376246971878073, 0.2318038888219376, 0.00839589484089287, 0.6011664611669498, 0.6626232680518122, 0.70069642105036, 0.8073150523240185, 0.7308266519276714, 0.6240990673032171], [0.5026264265719833, 1.0049655152179269, 0.0, 0.21238934865299272, 0.5443600339827558, 0.14246881749696938, 0.22655748411751092, 0.6671969906961539, 0.4559928604140444, 0.2419966815271768, 0.008117752083540042, 0.6035952275075211, 0.6547949998613218, 0.6926628352814921, 0.8069296564927415, 0.7300656224427712, 0.6265805656318271], [0.4929643204745946, 0.8430690220987742, 0.0, 0.1742500723222861, 0.4936475064877909, 0.14791733345134342, 0.2103973825267694, 0.660152170670923, 0.486567945175683, 0.21601266410428965, 0.008840150818991033, 0.6067947549715136, 0.6734417793441673, 0.7168423802197268, 0.8172313317642224, 0.7449406471575385, 0.6207278942065849], [0.6194544830090098, 0.9958799774055122, 0.0, 0.21400361615854047, 0.5453180172243991, 0.14073301063460658, 0.2683860980064061, 0.6714284558149702, 0.4443090636585265, 0.23629641213063413, 0.008618141428105908, 0.5992083142158673, 0.6676197902484287, 0.7022559832754667, 0.8104990096965461, 0.7352752401389844, 0.622623397916805], [0.42263154823170623, 1.0558929755186022, 0.0, 0.20265594316908697, 0.5573184483713636, 0.1397342543618738, 0.23370262335797137, 0.6706717843430151, 0.4349354776810972, 0.24848160154549936, 0.008117752083540042, 0.5954440907635452, 0.6705046159876071, 0.711851187729775, 0.8035177178649567, 0.7357089040128267, 0.6145088234675098], [0.759464585056139, 0.8978731361151095, 0.0, 0.2096873483804808, 0.5123230013568509, 0.14522176214473334, 0.2506426884063629, 0.6654100172142434, 0.4745384569268538, 0.22294624954430997, 0.008451478759474051, 0.6072319108575859, 0.6704712719671764, 0.7026881400348441, 0.8155161110755831, 0.7350105746352122, 0.6180831080901549], [0.49575858647257, 0.9889800373195192, 0.0, 0.21257290367153803, 0.5437365410473092, 0.13897357098479243, 0.2920086578018612, 0.6736468439225047, 0.4282558150155691, 0.23332250897053397, 0.008117752083540042, 0.6002119738673146, 0.6602333603847513, 0.696928924667234, 0.8075301654248701, 0.7293708909136333, 0.6139920605949052]], "features_2": [[0.2623368471140055, 0.7605400866190313, 0.0, 0.2343157043872523, 0.47135433350931066, 0.14596189096219714, 0.1745902118911026, 0.6601013832563591, 0.4740308066814525, 0.19461624815016831, 0.008673665988278678, 0.6277071968791339, 0.6557476986966897, 0.6923087232721441, 0.8078696823069939, 0.7228566890239579, 0.6072574041214198], [0.45781737625671237, 0.7884590806717161, 0.0, 0.2447019216593768, 0.47576095874960617, 0.1479450799245435, 0.1845806785377441, 0.6572033676816623, 0.49477309342257025, 0.20372140402648142, 0.008673665988278678, 0.6136880131845119, 0.6554782238612559, 0.6861349672883994, 0.8113689925424152, 0.7329820965920661, 0.6089238643455333], [0.35893628664555033, 0.888786252109141, 0.0, 0.23908090991032174, 0.5094259997435888, 0.14532542475796761, 0.19957327329616703, 0.6624200180614825, 0.48053638593590486, 0.22364635095917684, 0.008562602043175715, 0.6203291037091789, 0.6588732854489046, 0.6857792697972874, 0.8096648584472667, 0.7101709782665078, 0.610705101335287], [0.43910026799572366, 0.9126681800363456, 0.0, 0.24178841382709285, 0.5113621919226694, 0.1462088706331533, 0.16021309747400495, 0.6590860109692701, 0.47214340768306884, 0.22681305515286976, 0.008618141428105908, 0.6203070987044361, 0.6527909665787305, 0.6768325187158881, 0.8067192939856599, 0.7276387518829088, 0.6045983393876596], [0.49693889087095666, 0.8175523519404189, 0.0, 0.27607550890389515, 0.48160277156921144, 0.14885969511621233, 0.16847378978357597, 0.6555283988395, 0.5007643329208904, 0.21267112840696534, 0.008562602043175715, 0.6114852967432021, 0.6614535064892783, 0.6852097796681746, 0.8121022112773222, 0.7180462448372452, 0.6101204613887302], [0.5032585885803171, 0.9472599888451886, 0.0, 0.2539319909313882, 0.5235720600357839, 0.14693801440469473, 0.21679484054422388, 0.6618694980679295, 0.49095908689724466, 0.2376607426964361, 0.008562602043175715, 0.6118190794103415, 0.6706165091051073, 0.6963143014815731, 0.8148804628668618, 0.727482058780514, 0.6160078781125498], [0.7664814249190619, 0.8761381036483147, 0.0, 0.27869188319336197, 0.5007581928696792, 0.14918616692408462, 0.17988249541884258, 0.6569289160038674, 0.5038683365793077, 0.2232774931737973, 0.009338807964934137, 0.6185963310791149, 0.6488538572087948, 0.6821025219513411, 0.8156281881056779, 0.7323087960631474, 0.6171261494787328], [0.4194069341038489, 0.9171506134486441, 0.0, 0.28075405823342103, 0.5091501922445202, 0.1468683628898489, 0.1618878952353235, 0.6574523305660696, 0.47512235257606483, 0.23152434568456703, 0.008784670673857464, 0.6072210984116917, 0.6519981264094319, 0.6912867149070256, 0.8061786356235388, 0.7097901489366396, 0.5963608311985306], [0.4723718005581934, 0.9344798818935482, 0.0, 0.2652513069149831, 0.5135617344353101, 0.14709919857838638, 0.15578678902393434, 0.6567615120672382, 0.46838416963515006, 0.23239813316641533, 0.008673665988278678, 0.61178626343053, 0.6267039323462716, 0.6585318431818331, 0.8058300895097398, 0.7177623559418089, 0.6033646278114614]]}