{"labels_1": ["1", "2", "3", "4", "5", "6", "7", "8", "9"], "labels_2": ["1", "2", "3", "4", "5", "6", "7", "8", "9"], "adj_matrix_1": [[0.0, 0.13299, 0.03551, 0.05654, 0.08339, 0.0049, 0.03001, 0.12119, 0.07788], [0.13299, 0.0, 0.1026, 0.08312, 0.19348, 0.13688, 0.10744, 0.21623, 0.18982], [0.03551, 0.1026, 0.0, 0.02145, 0.11585, 0.04036, 0.00555, 0.15094, 0.1107], [0.05654, 0.08312, 0.02145, 0.0, 0.13415, 0.0613, 0.02696, 0.16723, 0.12926], [0.08339, 0.19348, 0.11585, 0.13415, 0.0, 0.07875, 0.11093, 0.04113, 0.00579], [0.0049, 0.13688, 0.04036, 0.0613, 0.07875, 0.0, 0.03488, 0.11689, 0.07324], [0.03001, 0.10744, 0.00555, 0.02696, 0.11093, 0.03488, 0.0, 0.14651, 0.10575], [0.12119, 0.21623, 0.15094, 0.16723, 0.04113, 0.11689, 0.14651, 0.0, 0.04684], [0.07788, 0.18982, 0.1107, 0.12926, 0.00579, 0.07324, 0.10575, 0.04684, 0.0]], "adj_matrix_2": [[0.0, 0.15616, 0.21319, 0.04058, 0.0416, 0.19853, 0.15513, 0.10172, 0.17724], [0.15616, 0.0, 0.06883, 0.11885, 0.1179, 0.0502, 0.00116, 0.24188, 0.29909], [0.21319, 0.06883, 0.0, 0.18007, 0.17922, 0.01899, 0.06995, 0.28595, 0.33169], [0.04058, 0.11885, 0.18007, 0.0, 0.00102, 0.16412, 0.11778, 0.14024, 0.21248], [0.0416, 0.1179, 0.17922, 0.00102, 0.0, 0.16323, 0.11682, 0.14118, 0.21332], [0.19853, 0.0502, 0.01899, 0.16412, 0.16323, 0.0, 0.05134, 0.2752, 0.32428], [0.15513, 0.00116, 0.06995, 0.11778, 0.11682, 0.05134, 0.0, 0.24108, 0.29853], [0.10172, 0.24188, 0.28595, 0.14024, 0.14118, 0.2752, 0.24108, 0.0, 0.08008], [0.17724, 0.29909, 0.33169, 0.21248, 0.21332, 0.32428, 0.29853, 0.08008, 0.0]], "features_1": [[0.3443751068991987, 0.8456422033226172, 0.0, 0.19902932730406503, 0.5071879905625066, 0.1405184252379676, 0.24323321677821497, 0.670226428634478, 0.4302243762359106, 0.2059339709585153, 0.007950687539111767, 0.6031038839066203, 0.6642468931169682, 0.6927377639728548, 0.8067791790469734, 0.7317082022161587, 0.6223836909104213], [0.7051552083821986, 0.8634976417218266, 0.0, 0.20640208759734416, 0.5022180069680537, 0.14557719984229334, 0.2035910520258497, 0.6627528190285312, 0.46358105653291215, 0.2155189354794429, 0.008284682400665488, 0.596805877901796, 0.6693275968716511, 0.6969000242836971, 0.8119118539296174, 0.7415936447240546, 0.6242172192576284], [0.5254274755542223, 0.9739610721237364, 0.0, 0.2085908284579317, 0.541271119270818, 0.14025083759582468, 0.2545823028691082, 0.6711030633051628, 0.4376246971878073, 0.2318038888219376, 0.00839589484089287, 0.6011664611669498, 0.6626232680518122, 0.70069642105036, 0.8073150523240185, 0.7308266519276714, 0.6240990673032171], [0.5026264265719833, 1.0049655152179269, 0.0, 0.21238934865299272, 0.5443600339827558, 0.14246881749696938, 0.22655748411751092, 0.6671969906961539, 0.4559928604140444, 0.2419966815271768, 0.008117752083540042, 0.6035952275075211, 0.6547949998613218, 0.6926628352814921, 0.8069296564927415, 0.7300656224427712, 0.6265805656318271], [0.4929643204745946, 0.8430690220987742, 0.0, 0.1742500723222861, 0.4936475064877909, 0.14791733345134342, 0.2103973825267694, 0.660152170670923, 0.486567945175683, 0.21601266410428965, 0.008840150818991033, 0.6067947549715136, 0.6734417793441673, 0.7168423802197268, 0.8172313317642224, 0.7449406471575385, 0.6207278942065849], [0.6194544830090098, 0.9958799774055122, 0.0, 0.21400361615854047, 0.5453180172243991, 0.14073301063460658, 0.2683860980064061, 0.6714284558149702, 0.4443090636585265, 0.23629641213063413, 0.008618141428105908, 0.5992083142158673, 0.6676197902484287, 0.7022559832754667, 0.8104990096965461, 0.7352752401389844, 0.622623397916805], [0.42263154823170623, 1.0558929755186022, 0.0, 0.20265594316908697, 0.5573184483713636, 0.1397342543618738, 0.23370262335797137, 0.6706717843430151, 0.4349354776810972, 0.24848160154549936, 0.008117752083540042, 0.5954440907635452, 0.6705046159876071, 0.711851187729775, 0.8035177178649567, 0.7357089040128267, 0.6145088234675098], [0.759464585056139, 0.8978731361151095, 0.0, 0.2096873483804808, 0.5123230013568509, 0.14522176214473334, 0.2506426884063629, 0.6654100172142434, 0.4745384569268538, 0.22294624954430997, 0.008451478759474051, 0.6072319108575859, 0.6704712719671764, 0.7026881400348441, 0.8155161110755831, 0.7350105746352122, 0.6180831080901549], [0.49575858647257, 0.9889800373195192, 0.0, 0.21257290367153803, 0.5437365410473092, 0.13897357098479243, 0.2920086578018612, 0.6736468439225047, 0.4282558150155691, 0.23332250897053397, 0.008117752083540042, 0.6002119738673146, 0.6602333603847513, 0.696928924667234, 0.8075301654248701, 0.7293708909136333, 0.6139920605949052]], "features_2": [[0.03923318806646625, 0.5937590378234371, 0.0, 0.23934473060255496, 0.44967754625018663, 0.12791721623671726, 0.35840338223941187, 0.6852754824002343, 0.35907602300010977, 0.13404918636299112, 0.007504523810135222, 0.6178230254929291, 0.6493381789884565, 0.6849985956776822, 0.791556045033261, 0.7004136522312181, 0.614691050115427], [0.06865506190871162, 0.6298993237869287, 0.0, 0.24726298895432414, 0.46088019751710474, 0.1297276520239773, 0.33980905153073804, 0.6836773802655532, 0.3737477201732209, 0.14461390343478286, 0.007504523810135222, 0.6077168181526629, 0.6620185158600463, 0.6826333882398825, 0.7939568688658183, 0.7195475278179669, 0.6145731729373122], [0.08957787689959984, 0.6967485767505346, 0.0, 0.2432424289230888, 0.48669476986880866, 0.12852095641292946, 0.33825461699160686, 0.6847345923844105, 0.36315021682392556, 0.15760148111193506, 0.00716927026363523, 0.6079379324672081, 0.6674290130041484, 0.6682756824260301, 0.7912310275971806, 0.7042394538523676, 0.6155791680581709], [-0.06496138831335196, 0.7077947755255112, 0.0, 0.24883846184235034, 0.486933355478389, 0.1300015319575679, 0.36770462550327065, 0.6838232951477483, 0.3661393733210936, 0.16322925502120644, 0.0069454663283523566, 0.6158339110243598, 0.6647818805518929, 0.7001469758150748, 0.7938756170652806, 0.7066960356700157, 0.6157189145120234], [-0.023028625428486382, 0.6779188463347692, 0.0, 0.22596844104480682, 0.4747521728922804, 0.1287495516793537, 0.28864417582589824, 0.6829197181687143, 0.35904884511948376, 0.15477286492692777, 0.00716927026363523, 0.6135367600052222, 0.6540199568191942, 0.6926312512308176, 0.7846545588188061, 0.7020965198955735, 0.5988229896280353], [0.052863567385657007, 0.7325633039772601, 0.0, 0.2343482392404189, 0.49848642729397163, 0.12777820571262427, 0.356743436291309, 0.6852830841075185, 0.35760092086614503, 0.16512495068524924, 0.007281081678807366, 0.6042103211200809, 0.6555027333981966, 0.683322013127713, 0.7901065821331097, 0.7144935175007167, 0.6060228399957278], [0.24939384336504178, 0.7492764142276729, 0.0, 0.2257657808811253, 0.49227685661712917, 0.1295946055821527, 0.23302782853691612, 0.6811914899882516, 0.36002523214686, 0.16900449275847507, 0.007504523810135222, 0.6026896585746222, 0.6417574645976276, 0.6625180056037085, 0.7804397765779172, 0.7092326033345746, 0.5895994782124444], [-0.18706539523292331, 0.6849207769815698, 0.0, 0.20188066802244248, 0.47522816923530664, 0.12761671305423192, 0.28367337954437416, 0.6830013556240517, 0.35077963493627884, 0.15486688466078236, 0.007281081678807366, 0.6197636887242104, 0.6516898246872268, 0.676477957502484, 0.774408804685303, 0.6797706696554201, 0.591277191162864], [-0.20457137668285075, 0.769067840669364, 0.0, 0.21197810471343678, 0.5026647016567488, 0.12461468440027015, 0.25792084501220314, 0.6848678289013375, 0.3453833932439423, 0.17168524119009065, 0.007616154688146137, 0.6274650169965239, 0.6587056968570763, 0.6694839585188397, 0.7657402372904895, 0.6813937465468923, 0.5791715066428336]]}