{"labels_1": ["1", "2", "3", "4", "5", "6", "7", "8", "9"], "labels_2": ["1", "2", "3", "4", "5", "6", "7", "8", "9"], "adj_matrix_1": [[0.0, 0.13299, 0.03551, 0.05654, 0.08339, 0.0049, 0.03001, 0.12119, 0.07788], [0.13299, 0.0, 0.1026, 0.08312, 0.19348, 0.13688, 0.10744, 0.21623, 0.18982], [0.03551, 0.1026, 0.0, 0.02145, 0.11585, 0.04036, 0.00555, 0.15094, 0.1107], [0.05654, 0.08312, 0.02145, 0.0, 0.13415, 0.0613, 0.02696, 0.16723, 0.12926], [0.08339, 0.19348, 0.11585, 0.13415, 0.0, 0.07875, 0.11093, 0.04113, 0.00579], [0.0049, 0.13688, 0.04036, 0.0613, 0.07875, 0.0, 0.03488, 0.11689, 0.07324], [0.03001, 0.10744, 0.00555, 0.02696, 0.11093, 0.03488, 0.0, 0.14651, 0.10575], [0.12119, 0.21623, 0.15094, 0.16723, 0.04113, 0.11689, 0.14651, 0.0, 0.04684], [0.07788, 0.18982, 0.1107, 0.12926, 0.00579, 0.07324, 0.10575, 0.04684, 0.0]], "adj_matrix_2": [[0.0, 0.05719, 0.00052, 0.09851, 0.15367, 0.02648, 0.0954, 0.13226, 0.16082], [0.05719, 0.0, 0.05667, 0.15138, 0.10021, 0.08308, 0.1485, 0.07757, 0.20734], [0.00052, 0.05667, 0.0, 0.09901, 0.1532, 0.02701, 0.0959, 0.13178, 0.16124], [0.09851, 0.15138, 0.09901, 0.0, 0.23446, 0.07303, 0.00329, 0.21667, 0.06878], [0.15367, 0.10021, 0.1532, 0.23446, 0.0, 0.17688, 0.23215, 0.02332, 0.27625], [0.02648, 0.08308, 0.02701, 0.07303, 0.17688, 0.0, 0.06984, 0.15624, 0.13766], [0.0954, 0.1485, 0.0959, 0.00329, 0.23215, 0.06984, 0.0, 0.21421, 0.07197], [0.13226, 0.07757, 0.13178, 0.21667, 0.02332, 0.15624, 0.21421, 0.0, 0.26194], [0.16082, 0.20734, 0.16124, 0.06878, 0.27625, 0.13766, 0.07197, 0.26194, 0.0]], "features_1": [[0.3443751068991987, 0.8456422033226172, 0.0, 0.19902932730406503, 0.5071879905625066, 0.1405184252379676, 0.24323321677821497, 0.670226428634478, 0.4302243762359106, 0.2059339709585153, 0.007950687539111767, 0.6031038839066203, 0.6642468931169682, 0.6927377639728548, 0.8067791790469734, 0.7317082022161587, 0.6223836909104213], [0.7051552083821986, 0.8634976417218266, 0.0, 0.20640208759734416, 0.5022180069680537, 0.14557719984229334, 0.2035910520258497, 0.6627528190285312, 0.46358105653291215, 0.2155189354794429, 0.008284682400665488, 0.596805877901796, 0.6693275968716511, 0.6969000242836971, 0.8119118539296174, 0.7415936447240546, 0.6242172192576284], [0.5254274755542223, 0.9739610721237364, 0.0, 0.2085908284579317, 0.541271119270818, 0.14025083759582468, 0.2545823028691082, 0.6711030633051628, 0.4376246971878073, 0.2318038888219376, 0.00839589484089287, 0.6011664611669498, 0.6626232680518122, 0.70069642105036, 0.8073150523240185, 0.7308266519276714, 0.6240990673032171], [0.5026264265719833, 1.0049655152179269, 0.0, 0.21238934865299272, 0.5443600339827558, 0.14246881749696938, 0.22655748411751092, 0.6671969906961539, 0.4559928604140444, 0.2419966815271768, 0.008117752083540042, 0.6035952275075211, 0.6547949998613218, 0.6926628352814921, 0.8069296564927415, 0.7300656224427712, 0.6265805656318271], [0.4929643204745946, 0.8430690220987742, 0.0, 0.1742500723222861, 0.4936475064877909, 0.14791733345134342, 0.2103973825267694, 0.660152170670923, 0.486567945175683, 0.21601266410428965, 0.008840150818991033, 0.6067947549715136, 0.6734417793441673, 0.7168423802197268, 0.8172313317642224, 0.7449406471575385, 0.6207278942065849], [0.6194544830090098, 0.9958799774055122, 0.0, 0.21400361615854047, 0.5453180172243991, 0.14073301063460658, 0.2683860980064061, 0.6714284558149702, 0.4443090636585265, 0.23629641213063413, 0.008618141428105908, 0.5992083142158673, 0.6676197902484287, 0.7022559832754667, 0.8104990096965461, 0.7352752401389844, 0.622623397916805], [0.42263154823170623, 1.0558929755186022, 0.0, 0.20265594316908697, 0.5573184483713636, 0.1397342543618738, 0.23370262335797137, 0.6706717843430151, 0.4349354776810972, 0.24848160154549936, 0.008117752083540042, 0.5954440907635452, 0.6705046159876071, 0.711851187729775, 0.8035177178649567, 0.7357089040128267, 0.6145088234675098], [0.759464585056139, 0.8978731361151095, 0.0, 0.2096873483804808, 0.5123230013568509, 0.14522176214473334, 0.2506426884063629, 0.6654100172142434, 0.4745384569268538, 0.22294624954430997, 0.008451478759474051, 0.6072319108575859, 0.6704712719671764, 0.7026881400348441, 0.8155161110755831, 0.7350105746352122, 0.6180831080901549], [0.49575858647257, 0.9889800373195192, 0.0, 0.21257290367153803, 0.5437365410473092, 0.13897357098479243, 0.2920086578018612, 0.6736468439225047, 0.4282558150155691, 0.23332250897053397, 0.008117752083540042, 0.6002119738673146, 0.6602333603847513, 0.696928924667234, 0.8075301654248701, 0.7293708909136333, 0.6139920605949052]], "features_2": [[0.29839724681981794, 0.6972164106657137, 0.0, 0.28086929766412116, 0.4825466717807066, 0.12773773558093876, 0.31976053942165805, 0.683660042956471, 0.3749847757422924, 0.15985346113527643, 0.007560346756364078, 0.6040912351284162, 0.6464632845901955, 0.6784788784492923, 0.7809205659769203, 0.7108616733525057, 0.5955614283144783], [-0.061291364029630646, 0.6921317619954783, 0.0, 0.23792612131381563, 0.4750806177892877, 0.13101618003748133, 0.30743541278802977, 0.6809719858346652, 0.38542199229889884, 0.1623021043878885, 0.007504523810135222, 0.6166679406096751, 0.6569746116471117, 0.6774793080234071, 0.7890566195353349, 0.7031184194308334, 0.607908844033817], [0.0317468619556438, 0.7919821289172314, 0.0, 0.25561422268767553, 0.5089651834288151, 0.13014693831135082, 0.3040933368196157, 0.6818918879363558, 0.3868721678938496, 0.18395270598921631, 0.007894969482732161, 0.6152792093791626, 0.6630211585981527, 0.6818424566471348, 0.7866432017770268, 0.7084570612515514, 0.6077074858909853], [0.381176839807539, 0.8210310808397565, 0.0, 0.28450450728769733, 0.5163697691216784, 0.12933101299656824, 0.2897562151480052, 0.6818407286624732, 0.37409047508671467, 0.18614994439587873, 0.007616154688146137, 0.5983049847978159, 0.6372841509404714, 0.6642011491812143, 0.7812401362010994, 0.7197995155965734, 0.6007918315576406], [-0.3401741159546954, 0.708607334226089, 0.0, 0.22662717631995744, 0.47683934473150047, 0.13279805855949156, 0.29070157932343293, 0.6791508684485981, 0.3915624663572017, 0.1696357972385676, 0.007727725548673403, 0.6287207792397029, 0.6697506367247547, 0.6845720243978666, 0.7920489491924733, 0.7040402650172075, 0.6091455495027557], [-0.007121153569617622, 0.8158457142790518, 0.0, 0.25621364339574976, 0.5131572878316865, 0.1314688552627104, 0.3079373419709711, 0.681197581173576, 0.3908184422453582, 0.19035571762566095, 0.007727725548673403, 0.6047794731683562, 0.6592672756189837, 0.6861144223336619, 0.7917974061850328, 0.7113710028774708, 0.611367452861031], [0.5881810273474115, 0.8057731064682672, 0.0, 0.26177195761462185, 0.5067349333717255, 0.1308301033311944, 0.23831057659229984, 0.679594243512408, 0.3779716212864934, 0.1818636433017471, 0.007281081678807366, 0.5946524602228582, 0.6497590569237913, 0.6683055908723362, 0.7812617595129977, 0.7148081212672419, 0.5944703252418981], [-0.1489719410079986, 0.714800568576893, 0.0, 0.2371012845605793, 0.4770105181630144, 0.13378255282775114, 0.29814818173302127, 0.6787272240669243, 0.3934461959380753, 0.1701918874083117, 0.007392832833969631, 0.619680410469932, 0.6589677600109973, 0.6896007076658015, 0.7962512116519842, 0.7185599720412296, 0.6192796293273176], [-0.05994055412478039, 0.7262912897923173, 0.0, 0.27838660030928647, 0.4816858886226061, 0.1325291468881611, 0.268506171787525, 0.6790058734553475, 0.38988206252903046, 0.17009132486003242, 0.007727725548673403, 0.6078678490589544, 0.6476560845144295, 0.6685207033487189, 0.7898234469919966, 0.7082147412813996, 0.6131018859867161]]}