{"labels_1": ["1", "2", "3", "4", "5", "6", "7", "8", "9"], "labels_2": ["1", "2", "3", "4", "5", "6", "7", "8", "9"], "adj_matrix_1": [[0.0, 0.06136, 0.00579, 0.3007, 0.04883, 0.02168, 0.0951, 0.28997, 0.31103], [0.06136, 0.0, 0.05563, 0.3005, 0.10912, 0.08269, 0.08407, 0.28671, 0.3153], [0.00579, 0.05563, 0.0, 0.30069, 0.05456, 0.02747, 0.09393, 0.28962, 0.31148], [0.3007, 0.3005, 0.30069, 0.0, 0.29796, 0.29964, 0.19758, 0.02665, 0.03494], [0.04883, 0.10912, 0.05456, 0.29796, 0.0, 0.02723, 0.10479, 0.29004, 0.30427], [0.02168, 0.08269, 0.02747, 0.29964, 0.02723, 0.0, 0.09919, 0.29008, 0.30826], [0.0951, 0.08407, 0.09393, 0.19758, 0.10479, 0.09919, 0.0, 0.19368, 0.19982], [0.28997, 0.28671, 0.28962, 0.02665, 0.29004, 0.29008, 0.19368, 0.0, 0.06101], [0.31103, 0.3153, 0.31148, 0.03494, 0.30427, 0.30826, 0.19982, 0.06101, 0.0]], "adj_matrix_2": [[0.0, 0.2912, 0.26071, 0.13294, 0.15659, 0.22932, 0.27373, 0.2132, 0.13978], [0.2912, 0.0, 0.17216, 0.26251, 0.25308, 0.12793, 0.1511, 0.14585, 0.19236], [0.26071, 0.17216, 0.0, 0.1617, 0.13902, 0.22931, 0.02769, 0.23036, 0.20535], [0.13294, 0.26251, 0.1617, 0.0, 0.02633, 0.24513, 0.18359, 0.23426, 0.17216], [0.15659, 0.25308, 0.13902, 0.02633, 0.0, 0.24607, 0.1623, 0.23668, 0.17837], [0.22932, 0.12793, 0.22931, 0.24513, 0.24607, 0.0, 0.22082, 0.02444, 0.11743], [0.27373, 0.1511, 0.02769, 0.18359, 0.1623, 0.22082, 0.0, 0.22426, 0.20804], [0.2132, 0.14585, 0.23036, 0.23426, 0.23668, 0.02444, 0.22426, 0.0, 0.09766], [0.13978, 0.19236, 0.20535, 0.17216, 0.17837, 0.11743, 0.20804, 0.09766, 0.0]], "features_1": [[0.009204040250456291, 0.6889349803314821, 0.0, 0.21201509126515813, 0.4832115297886603, 0.1261289491997172, 0.24746978666069666, 0.6841562727108621, 0.3524081528041947, 0.15434646023229792, 0.007001439975721224, 0.6121070318172634, 0.6359507510790378, 0.6716235323590762, 0.7725920268826019, 0.69222879793005, 0.6056641608255173], [-0.22539745102527542, 0.7081335212814618, 0.0, 0.21336791680118222, 0.4780619853257553, 0.13062329813931772, 0.20877836901369448, 0.679016985802503, 0.362542231237986, 0.16314137202988, 0.00677745458930179, 0.6216942584956517, 0.6455949534002067, 0.676513288673965, 0.7749585087010907, 0.6821721457161755, 0.6068893419641188], [0.06305225357904254, 0.8286708962938785, 0.0, 0.21687306979246826, 0.5236219828423512, 0.12795934613025933, 0.24563211921006028, 0.6827376456501868, 0.36166029616896567, 0.1848173334616956, 0.007225183508792421, 0.616334752693886, 0.6415146781502279, 0.6607489888856736, 0.7758650140317188, 0.6767469205810271, 0.6090941908207095], [0.44700605576315633, 0.8300518453942515, 0.0, 0.23741151821077464, 0.5239932196574303, 0.12806843898815917, 0.25370838456392375, 0.6828265589997375, 0.36481088027894426, 0.18475933803597844, 0.007448685839370306, 0.5934857389864958, 0.6401068152291147, 0.6448082399851681, 0.7778449439738587, 0.6871179980705073, 0.6098655010618962], [-0.07269926422333661, 0.7081268460240241, 0.0, 0.21942999164002489, 0.47943379004260345, 0.12858553772639528, 0.1948307288614366, 0.6806446831212243, 0.35011060708251973, 0.16045192627134663, 0.0066653709969386465, 0.6141394435578653, 0.6314121600053414, 0.6560209670327115, 0.7686618150291289, 0.6773840281659612, 0.5962042127395231], [-0.20097626672264024, 0.8567083768024256, 0.0, 0.20903666332900894, 0.531859969334144, 0.12775570664060942, 0.3022158899223257, 0.6839745203357275, 0.359111427158072, 0.19175268511917665, 0.00711334193318236, 0.6173050136936706, 0.6581448977616945, 0.673815045968529, 0.7822821856943535, 0.6894242819538776, 0.6181704160085565], [1.7421538365042926, 0.9273377505603381, 0.0, 0.2762776896434886, 0.5385661119583413, 0.1286845310933817, 0.1496502142850929, 0.6793614751368062, 0.35685142375735257, 0.19901658593674498, 0.007001439975721224, 0.556536955943129, 0.6193761802355247, 0.6339576737420498, 0.7630622627295378, 0.7081386560578175, 0.592219976757097], [0.9509716884997776, 0.8013152274969966, 0.0, 0.25545569261373224, 0.5147055316408733, 0.11971470403772227, 0.22191752854853633, 0.6878405783203289, 0.31524027147767986, 0.16463271166663596, 0.00677745458930179, 0.5686583084578092, 0.6158916200661493, 0.6295314504756985, 0.7502927253978722, 0.6712618902787619, 0.556283095697134], [0.3838781455608191, 0.8360194415420739, 0.0, 0.21574494233708086, 0.5212390473104314, 0.12230145519162747, 0.21633434179773872, 0.6861180775548787, 0.332943144117668, 0.1790610862112576, 0.00677745458930179, 0.5897023931068948, 0.6313220142365331, 0.640846554955087, 0.7567293892658501, 0.6749589094816382, 0.5813881232610579]], "features_2": [[0.11845071690676656, 0.7915999000502356, 0.0, 0.17962450847063802, 0.510910396543632, 0.13039305486627417, 0.42606163836016864, 0.6843240243530742, 0.3913558401018482, 0.1829785048275696, 0.007727725548673403, 0.6133526537586325, 0.6833627814879388, 0.7081018385224287, 0.7989983856480675, 0.718691527426558, 0.5831562861887235], [0.7020657357060385, 0.8568626227332821, 0.0, 0.23918533864793493, 0.5198834777125048, 0.13313795638536363, 0.3076745031863396, 0.6796214298576964, 0.4063336458934599, 0.19831261022018776, 0.00783923647221818, 0.5952806225124394, 0.6530896559142615, 0.6869231580026526, 0.7945233965511741, 0.729882033781282, 0.5842756751330518], [0.11462782744111255, 0.9441990137643109, 0.0, 0.218961816851744, 0.5508565260617052, 0.13086497289971774, 0.3984209913644811, 0.6836357941438802, 0.3931241675216848, 0.21568739595398978, 0.007504523810135222, 0.6022091330745609, 0.6843020677112152, 0.7190905750519695, 0.7962521876193919, 0.7287756757245775, 0.5840524025944173], [0.3945728884254831, 0.954576125036193, 0.0, 0.20790500887387617, 0.5512802484985125, 0.13115140665932834, 0.4279182147297945, 0.6831150448717852, 0.38610342714902113, 0.2152884546396927, 0.007616154688146137, 0.6019756712766693, 0.6569415182156434, 0.6923290301634475, 0.7948173529081949, 0.7214838583622983, 0.5848586672489241], [0.4680332902442026, 0.8578084905797452, 0.0, 0.24079194497576148, 0.5175068400765643, 0.1329571719091793, 0.3063891375551613, 0.6797178392337053, 0.41124808443116834, 0.19979367566398265, 0.007727725548673403, 0.6047962938662448, 0.6526344141195946, 0.6835203011856555, 0.7935950433784024, 0.7399629100248465, 0.5875546684599778], [0.6543395614685528, 1.0108920761145985, 0.0, 0.27292543618639475, 0.5662057852579978, 0.12891909655818706, 0.43185099815907435, 0.6854372086695877, 0.38316793792824955, 0.22411554415399793, 0.007616154688146137, 0.5872885404470258, 0.675104557297821, 0.7095966376259876, 0.79377741750587, 0.7361040845954112, 0.5724736348580761], [0.3682859929553799, 1.0132879005007263, 0.0, 0.272954589557302, 0.5635782394139737, 0.1279330371288426, 0.39221123088494564, 0.6850517797578948, 0.36479346746627783, 0.2221832367621479, 0.007281081678807366, 0.589062816127931, 0.6524998841510274, 0.6755640319713314, 0.7843284684451444, 0.7066127342960511, 0.5758534223346831], [1.8247982250727661, 0.9728860347237724, 0.0, 0.35242436221954937, 0.5529858199775045, 0.12679395639888028, 0.409180017558657, 0.6854618538231538, 0.39318756453066106, 0.21229236033620835, 0.007950687539111767, 0.5636421478974196, 0.6311789549714415, 0.6617765990879729, 0.7819015975393132, 0.7267683573309691, 0.5794308286929536], [1.9498919975419966, 1.0727008907551088, 0.0, 0.3499770060378738, 0.5801421004748352, 0.12234473913709587, 0.37698382374706085, 0.6879227236042764, 0.3520385598719642, 0.22251855939217413, 0.007392832833969631, 0.5574128403517962, 0.6532676406956424, 0.6715800664375954, 0.7693545624951837, 0.7150168914281457, 0.5547030472289133]]}