{"labels_1": ["1", "2", "3", "4", "5", "6", "7", "8", "9"], "labels_2": ["1", "2", "3", "4", "5", "6", "7", "8", "9"], "adj_matrix_1": [[0.0, 0.19312, 0.01658, 0.2775, 0.05514, 0.00642, 0.22376, 0.28977, 0.28922], [0.19312, 0.0, 0.19073, 0.11841, 0.18213, 0.19358, 0.15695, 0.08837, 0.0837], [0.01658, 0.19073, 0.0, 0.27629, 0.03895, 0.02298, 0.23039, 0.28289, 0.28157], [0.2775, 0.11841, 0.27629, 0.0, 0.26838, 0.27799, 0.14832, 0.13844, 0.16163], [0.05514, 0.18213, 0.03895, 0.26838, 0.0, 0.0613, 0.24088, 0.2628, 0.25979], [0.00642, 0.19358, 0.02298, 0.27799, 0.0613, 0.0, 0.22111, 0.2925, 0.29233], [0.22376, 0.15695, 0.23039, 0.14832, 0.24088, 0.22111, 0.0, 0.25914, 0.27557], [0.28977, 0.08837, 0.28289, 0.13844, 0.2628, 0.2925, 0.25914, 0.0, 0.02537], [0.28922, 0.0837, 0.28157, 0.16163, 0.25979, 0.29233, 0.27557, 0.02537, 0.0]], "adj_matrix_2": [[0.0, 0.19058, 0.02635, 0.03711, 0.31921, 0.2214, 0.07959, 0.26565, 0.30849], [0.19058, 0.0, 0.20993, 0.16047, 0.1958, 0.04038, 0.24353, 0.10448, 0.17609], [0.02635, 0.20993, 0.0, 0.06304, 0.32569, 0.23845, 0.05408, 0.27859, 0.31646], [0.03711, 0.16047, 0.06304, 0.0, 0.30596, 0.19428, 0.1143, 0.24371, 0.29334], [0.31921, 0.1958, 0.32569, 0.30596, 0.0, 0.16045, 0.33091, 0.099, 0.02251], [0.2214, 0.04038, 0.23845, 0.19428, 0.16045, 0.0, 0.26659, 0.0652, 0.13969], [0.07959, 0.24353, 0.05408, 0.1143, 0.33091, 0.26659, 0.0, 0.29759, 0.32472], [0.26565, 0.10448, 0.27859, 0.24371, 0.099, 0.0652, 0.29759, 0.0, 0.07703], [0.30849, 0.17609, 0.31646, 0.29334, 0.02251, 0.13969, 0.32472, 0.07703, 0.0]], "features_1": [[0.4455234032734525, 0.7865451394267085, 0.0, 0.2912156053713128, 0.5034466396196174, 0.13766395113922494, 0.3514274222072217, 0.6780791409512954, 0.4392591844009033, 0.1916692035194938, 0.008284682400665488, 0.6035198167556368, 0.6661507635847211, 0.6795172993410129, 0.8109338187522112, 0.7260664807038307, 0.6269501965388191], [0.8937765282291483, 0.8424494116590797, 0.0, 0.30709349984775836, 0.5125950721332206, 0.1423526743541203, 0.32363169317789586, 0.6725872477203165, 0.4695583694164749, 0.20809243032714542, 0.008507047823598457, 0.5946226973599522, 0.6718531163780448, 0.7058122948418504, 0.8161698324842244, 0.7307189513060094, 0.6329401449658656], [0.4471150572421121, 0.9187620650724343, 0.0, 0.28336310091180245, 0.5392013783343935, 0.1380282859843172, 0.3521239290821718, 0.6774924200096735, 0.4368702217525331, 0.21891565404764268, 0.007950687539111767, 0.6009519509939505, 0.669071917625114, 0.68090647423593, 0.811119506811979, 0.7304905424981298, 0.6263744934284002], [0.14400151565741792, 0.9375189034775268, 0.0, 0.27888883644786105, 0.5415212991621753, 0.1386876883955072, 0.335667241273223, 0.6767254158578848, 0.44181763727132806, 0.22532376364682327, 0.008284682400665488, 0.6174362762695247, 0.6804684176425003, 0.7067217263606425, 0.8120796483806947, 0.7155434339532515, 0.6270267511449669], [0.3653650665663606, 0.8302130434747995, 0.0, 0.27369191987459934, 0.5055165267088729, 0.14603142569093722, 0.2875205803305235, 0.6679432617123916, 0.4930455877478066, 0.21121717240608495, 0.008840150818991033, 0.6130442958426883, 0.6662492060738855, 0.7075348563501938, 0.8200708815138603, 0.7272392876778178, 0.6321621458329919], [0.5160045372110647, 0.9684608438440215, 0.0, 0.27714215549544985, 0.5504176098514862, 0.13915414260222597, 0.36227445378442835, 0.6769877522370524, 0.4443826756855085, 0.228726481774705, 0.008507047823598457, 0.6018479666568681, 0.6772802347638435, 0.6816893849385641, 0.8138896694190224, 0.743725793859752, 0.6272415655370959], [0.1149654790605168, 0.9426345928646371, 0.0, 0.26858265729374997, 0.5356326227886936, 0.14160271863941695, 0.27817447614650137, 0.6720895293277899, 0.45379999884346467, 0.22994633006248621, 0.008451478759474051, 0.6131931313517627, 0.6830339531165007, 0.713120145688425, 0.8129848087101832, 0.7271667458694661, 0.6263529353352396], [-0.07484424964537517, 0.8827427594219955, 0.0, 0.24457170118535212, 0.5117315549870489, 0.1467038401186767, 0.2084519234909891, 0.6627827295154862, 0.46555374243321146, 0.22182656186217442, 0.007727725548673403, 0.6323551725176184, 0.6756730398941944, 0.7012070975370456, 0.8127310707642793, 0.7245314162556045, 0.635064090977527], [-0.08366576451134966, 0.9291243401888694, 0.0, 0.2321497306910896, 0.5265082296561278, 0.14341310914722444, 0.22125879321815917, 0.6670526884215691, 0.4527351185868458, 0.22746639754759723, 0.008284682400665488, 0.6300184482572653, 0.691194410679425, 0.7010381331132188, 0.8082487858690056, 0.718594193215803, 0.6299601862309716]], "features_2": [[0.5285835848671834, 0.8905056794090481, 0.0, 0.3176902627397842, 0.5557245653754149, 0.12278945003547839, 0.4744578628457468, 0.6891188524818739, 0.36358138605148693, 0.19212825830514468, 0.00716927026363523, 0.586554860522452, 0.6605383955630866, 0.6811419573019892, 0.7839394146849105, 0.7285312352434492, 0.5651770845019045], [0.1261918225907257, 0.8463394069220179, 0.0, 0.27214311344872677, 0.5402725060293063, 0.12468896426631573, 0.43372510253124047, 0.6878287782017245, 0.36595665959944657, 0.18718520430849162, 0.007616154688146137, 0.6040052470797632, 0.6636487310514574, 0.6911573776400239, 0.7867574637919338, 0.7177828707168639, 0.569475852031036], [0.325118107619109, 0.9866291550337499, 0.0, 0.28989393312156647, 0.5825048078301087, 0.11976085624870715, 0.43922571980070585, 0.690120307035369, 0.3409666642897513, 0.20653731136041564, 0.007392832833969631, 0.5859340480180726, 0.6578326548691729, 0.6736187772643026, 0.7742814110188613, 0.7107254867445203, 0.5628305264343245], [0.2797791185767773, 1.0338194160830816, 0.0, 0.2751638144268938, 0.5882100265915498, 0.11992270560309012, 0.40389938104293466, 0.6895544426707458, 0.33314233312740615, 0.2148594143329614, 0.0069454663283523566, 0.5880954145961339, 0.6405511145167057, 0.6528953401644374, 0.7705913172756702, 0.6838274179125124, 0.5593611637815638], [-0.1445236752121768, 0.7921125927780515, 0.0, 0.23113181540925024, 0.5197150282808276, 0.12711314402868754, 0.411644325447714, 0.6861147558108068, 0.3771639550153807, 0.1798264425310676, 0.007616154688146137, 0.6226642181670456, 0.6800665683688978, 0.7068616812307328, 0.7910767478934776, 0.7132739432643045, 0.5826578737337168], [0.1707274884081822, 0.9711784831821251, 0.0, 0.2662391576821662, 0.5770906166161238, 0.12057555672842185, 0.4724969209092329, 0.6901000150901571, 0.34261301363721164, 0.20460065142425932, 0.007057398507269275, 0.6083966931265778, 0.6547906892171171, 0.6792374553468906, 0.7794958763536411, 0.7022890782591704, 0.5656493201083063], [0.7013948507703325, 1.0171751161766103, 0.0, 0.3017171482107922, 0.5804452007759211, 0.123658497268793, 0.43532144017520624, 0.6879436634265444, 0.3750494020544781, 0.2179091539463005, 0.007950687539111767, 0.5858193768084679, 0.6478557861642148, 0.6721376396694613, 0.7814224335404015, 0.7064987709129826, 0.5736263002290269], [-0.1789143588003932, 0.8209551099109942, 0.0, 0.23079451129519096, 0.5266587692573517, 0.12657996938742008, 0.3729892759438478, 0.6854521153685854, 0.3734685687736996, 0.18563647365541525, 0.007504523810135222, 0.615503636235883, 0.6589818162466812, 0.6983588746469094, 0.784755060629738, 0.7089827794672097, 0.6116595444792863], [0.12834907069690216, 0.909295125518541, 0.0, 0.27988824854919264, 0.5568145590177104, 0.12297774073093343, 0.3832586868649116, 0.6877973598463945, 0.3478124226469588, 0.19459584652994155, 0.007281081678807366, 0.6109681032076877, 0.6436427738531666, 0.6498724507921643, 0.7757554345179007, 0.6953884922465664, 0.5973665294295712]]}