{"labels_1": ["1", "2", "3", "4", "5", "6", "7", "8", "9"], "labels_2": ["1", "2", "3", "4", "5", "6", "7", "8", "9"], "adj_matrix_1": [[0.0, 0.19312, 0.01658, 0.2775, 0.05514, 0.00642, 0.22376, 0.28977, 0.28922], [0.19312, 0.0, 0.19073, 0.11841, 0.18213, 0.19358, 0.15695, 0.08837, 0.0837], [0.01658, 0.19073, 0.0, 0.27629, 0.03895, 0.02298, 0.23039, 0.28289, 0.28157], [0.2775, 0.11841, 0.27629, 0.0, 0.26838, 0.27799, 0.14832, 0.13844, 0.16163], [0.05514, 0.18213, 0.03895, 0.26838, 0.0, 0.0613, 0.24088, 0.2628, 0.25979], [0.00642, 0.19358, 0.02298, 0.27799, 0.0613, 0.0, 0.22111, 0.2925, 0.29233], [0.22376, 0.15695, 0.23039, 0.14832, 0.24088, 0.22111, 0.0, 0.25914, 0.27557], [0.28977, 0.08837, 0.28289, 0.13844, 0.2628, 0.2925, 0.25914, 0.0, 0.02537], [0.28922, 0.0837, 0.28157, 0.16163, 0.25979, 0.29233, 0.27557, 0.02537, 0.0]], "adj_matrix_2": [[0.0, 0.09571, 0.04723, 0.0441, 0.00119, 0.00415, 0.22803, 0.33278, 0.2188], [0.09571, 0.0, 0.13736, 0.13469, 0.0968, 0.09184, 0.26713, 0.30688, 0.26186], [0.04723, 0.13736, 0.0, 0.00318, 0.04605, 0.05131, 0.1971, 0.33263, 0.18625], [0.0441, 0.13469, 0.00318, 0.0, 0.04292, 0.04819, 0.19939, 0.33292, 0.18863], [0.00119, 0.0968, 0.04605, 0.04292, 0.0, 0.00534, 0.22731, 0.33286, 0.21805], [0.00415, 0.09184, 0.05131, 0.04819, 0.00534, 0.0, 0.2305, 0.33251, 0.22139], [0.22803, 0.26713, 0.1971, 0.19939, 0.22731, 0.2305, 0.0, 0.23415, 0.01407], [0.33278, 0.30688, 0.33263, 0.33292, 0.33286, 0.33251, 0.23415, 0.0, 0.24457], [0.2188, 0.26186, 0.18625, 0.18863, 0.21805, 0.22139, 0.01407, 0.24457, 0.0]], "features_1": [[0.4455234032734525, 0.7865451394267085, 0.0, 0.2912156053713128, 0.5034466396196174, 0.13766395113922494, 0.3514274222072217, 0.6780791409512954, 0.4392591844009033, 0.1916692035194938, 0.008284682400665488, 0.6035198167556368, 0.6661507635847211, 0.6795172993410129, 0.8109338187522112, 0.7260664807038307, 0.6269501965388191], [0.8937765282291483, 0.8424494116590797, 0.0, 0.30709349984775836, 0.5125950721332206, 0.1423526743541203, 0.32363169317789586, 0.6725872477203165, 0.4695583694164749, 0.20809243032714542, 0.008507047823598457, 0.5946226973599522, 0.6718531163780448, 0.7058122948418504, 0.8161698324842244, 0.7307189513060094, 0.6329401449658656], [0.4471150572421121, 0.9187620650724343, 0.0, 0.28336310091180245, 0.5392013783343935, 0.1380282859843172, 0.3521239290821718, 0.6774924200096735, 0.4368702217525331, 0.21891565404764268, 0.007950687539111767, 0.6009519509939505, 0.669071917625114, 0.68090647423593, 0.811119506811979, 0.7304905424981298, 0.6263744934284002], [0.14400151565741792, 0.9375189034775268, 0.0, 0.27888883644786105, 0.5415212991621753, 0.1386876883955072, 0.335667241273223, 0.6767254158578848, 0.44181763727132806, 0.22532376364682327, 0.008284682400665488, 0.6174362762695247, 0.6804684176425003, 0.7067217263606425, 0.8120796483806947, 0.7155434339532515, 0.6270267511449669], [0.3653650665663606, 0.8302130434747995, 0.0, 0.27369191987459934, 0.5055165267088729, 0.14603142569093722, 0.2875205803305235, 0.6679432617123916, 0.4930455877478066, 0.21121717240608495, 0.008840150818991033, 0.6130442958426883, 0.6662492060738855, 0.7075348563501938, 0.8200708815138603, 0.7272392876778178, 0.6321621458329919], [0.5160045372110647, 0.9684608438440215, 0.0, 0.27714215549544985, 0.5504176098514862, 0.13915414260222597, 0.36227445378442835, 0.6769877522370524, 0.4443826756855085, 0.228726481774705, 0.008507047823598457, 0.6018479666568681, 0.6772802347638435, 0.6816893849385641, 0.8138896694190224, 0.743725793859752, 0.6272415655370959], [0.1149654790605168, 0.9426345928646371, 0.0, 0.26858265729374997, 0.5356326227886936, 0.14160271863941695, 0.27817447614650137, 0.6720895293277899, 0.45379999884346467, 0.22994633006248621, 0.008451478759474051, 0.6131931313517627, 0.6830339531165007, 0.713120145688425, 0.8129848087101832, 0.7271667458694661, 0.6263529353352396], [-0.07484424964537517, 0.8827427594219955, 0.0, 0.24457170118535212, 0.5117315549870489, 0.1467038401186767, 0.2084519234909891, 0.6627827295154862, 0.46555374243321146, 0.22182656186217442, 0.007727725548673403, 0.6323551725176184, 0.6756730398941944, 0.7012070975370456, 0.8127310707642793, 0.7245314162556045, 0.635064090977527], [-0.08366576451134966, 0.9291243401888694, 0.0, 0.2321497306910896, 0.5265082296561278, 0.14341310914722444, 0.22125879321815917, 0.6670526884215691, 0.4527351185868458, 0.22746639754759723, 0.008284682400665488, 0.6300184482572653, 0.691194410679425, 0.7010381331132188, 0.8082487858690056, 0.718594193215803, 0.6299601862309716]], "features_2": [[0.38301218014823935, 0.7149139931179322, 0.0, 0.2662164494341801, 0.4995238457517889, 0.12041490879558564, 0.43782350661868963, 0.6898085640946622, 0.3384642088469385, 0.1515083342961976, 0.00677745458930179, 0.5967974190589085, 0.6570012305027638, 0.6498294266352528, 0.7739507486587938, 0.7170932300737127, 0.581839663378074], [0.4815829362115793, 0.7093963978772179, 0.0, 0.2715482238689459, 0.49260755451336613, 0.12321005236860043, 0.41274155480681146, 0.6882814017005996, 0.33112170190335877, 0.15276925699272903, 0.00655322669591385, 0.5899231323324972, 0.6631723565342336, 0.6756628006896345, 0.7809966039025211, 0.7061121040399551, 0.5727636338000585], [0.13409528148023586, 0.8666071228485268, 0.0, 0.2511449276756094, 0.5401898301341723, 0.12202896714170332, 0.39277597326769753, 0.6886673744836725, 0.3462486620240841, 0.18639140719262404, 0.006889477554966383, 0.5958130703815581, 0.6461175122250153, 0.6541420270659773, 0.775002577249363, 0.7117967762606955, 0.5873133324720881], [0.15732085541076035, 0.8785209214091733, 0.0, 0.23881149531574364, 0.5435330224804799, 0.12169002100776054, 0.3659585773282238, 0.6884618446852286, 0.3386191745524578, 0.18785535416248256, 0.007225183508792421, 0.6015036625760617, 0.6585311831463659, 0.6677048938302405, 0.7719396937699329, 0.706291085867401, 0.5939357351588529], [0.05610228151588359, 0.6907136329237289, 0.0, 0.25611837059890263, 0.4858415064520682, 0.12397532793229876, 0.4350839318730856, 0.688078323848372, 0.3364442069933973, 0.15176582132796956, 0.006497131753992358, 0.5959095060946753, 0.6424478828890936, 0.6574451198758503, 0.7850647160006984, 0.7005008014725027, 0.5757819342921782], [0.16691794908075774, 0.8812462320866669, 0.0, 0.25937962328141906, 0.5433405603047944, 0.12368184052469532, 0.4286033014041287, 0.6882456025121794, 0.350466754674025, 0.1914132576745069, 0.00677745458930179, 0.5940229339535641, 0.6555555676196082, 0.6660165134158168, 0.7826525191957341, 0.721008241726482, 0.5905552736964501], [0.3885890303741282, 0.8377356488623258, 0.0, 0.2775366272014275, 0.5326150739228477, 0.12228528195083357, 0.3998387243623164, 0.6886643574165876, 0.3329360031537958, 0.17769098393915272, 0.006889477554966383, 0.5980684052835852, 0.6355564313423552, 0.6347172874150184, 0.7772873853033777, 0.700207114813943, 0.5927946036684385], [-0.31535482399198056, 0.7202338492780238, 0.0, 0.24498619639908514, 0.49353808831099666, 0.1217245021912981, 0.436834831749313, 0.6888848016096885, 0.32106177658375756, 0.1560166410008761, 0.006721420376576193, 0.6184885221894421, 0.6625881930049118, 0.6888090517232979, 0.7768376175313568, 0.6624625332657725, 0.5576899116884073], [-0.05470191258322199, 0.7921548029869357, 0.0, 0.24050321008144487, 0.5182339496645658, 0.1203941196515442, 0.3938874209478108, 0.6891275999500366, 0.3086347990514149, 0.16683055456507034, 0.006497131753992358, 0.6040756379007153, 0.6496823227511548, 0.6504485213784436, 0.7693723123414655, 0.6979479057831467, 0.5520311133311404]]}