{"labels_1": ["1", "2", "3", "4", "5", "6", "7", "8", "9"], "labels_2": ["1", "2", "3", "4", "5", "6", "7", "8", "9"], "adj_matrix_1": [[0.0, 0.06136, 0.00579, 0.3007, 0.04883, 0.02168, 0.0951, 0.28997, 0.31103], [0.06136, 0.0, 0.05563, 0.3005, 0.10912, 0.08269, 0.08407, 0.28671, 0.3153], [0.00579, 0.05563, 0.0, 0.30069, 0.05456, 0.02747, 0.09393, 0.28962, 0.31148], [0.3007, 0.3005, 0.30069, 0.0, 0.29796, 0.29964, 0.19758, 0.02665, 0.03494], [0.04883, 0.10912, 0.05456, 0.29796, 0.0, 0.02723, 0.10479, 0.29004, 0.30427], [0.02168, 0.08269, 0.02747, 0.29964, 0.02723, 0.0, 0.09919, 0.29008, 0.30826], [0.0951, 0.08407, 0.09393, 0.19758, 0.10479, 0.09919, 0.0, 0.19368, 0.19982], [0.28997, 0.28671, 0.28962, 0.02665, 0.29004, 0.29008, 0.19368, 0.0, 0.06101], [0.31103, 0.3153, 0.31148, 0.03494, 0.30427, 0.30826, 0.19982, 0.06101, 0.0]], "adj_matrix_2": [[0.0, 0.15616, 0.21319, 0.04058, 0.0416, 0.19853, 0.15513, 0.10172, 0.17724], [0.15616, 0.0, 0.06883, 0.11885, 0.1179, 0.0502, 0.00116, 0.24188, 0.29909], [0.21319, 0.06883, 0.0, 0.18007, 0.17922, 0.01899, 0.06995, 0.28595, 0.33169], [0.04058, 0.11885, 0.18007, 0.0, 0.00102, 0.16412, 0.11778, 0.14024, 0.21248], [0.0416, 0.1179, 0.17922, 0.00102, 0.0, 0.16323, 0.11682, 0.14118, 0.21332], [0.19853, 0.0502, 0.01899, 0.16412, 0.16323, 0.0, 0.05134, 0.2752, 0.32428], [0.15513, 0.00116, 0.06995, 0.11778, 0.11682, 0.05134, 0.0, 0.24108, 0.29853], [0.10172, 0.24188, 0.28595, 0.14024, 0.14118, 0.2752, 0.24108, 0.0, 0.08008], [0.17724, 0.29909, 0.33169, 0.21248, 0.21332, 0.32428, 0.29853, 0.08008, 0.0]], "features_1": [[0.009204040250456291, 0.6889349803314821, 0.0, 0.21201509126515813, 0.4832115297886603, 0.1261289491997172, 0.24746978666069666, 0.6841562727108621, 0.3524081528041947, 0.15434646023229792, 0.007001439975721224, 0.6121070318172634, 0.6359507510790378, 0.6716235323590762, 0.7725920268826019, 0.69222879793005, 0.6056641608255173], [-0.22539745102527542, 0.7081335212814618, 0.0, 0.21336791680118222, 0.4780619853257553, 0.13062329813931772, 0.20877836901369448, 0.679016985802503, 0.362542231237986, 0.16314137202988, 0.00677745458930179, 0.6216942584956517, 0.6455949534002067, 0.676513288673965, 0.7749585087010907, 0.6821721457161755, 0.6068893419641188], [0.06305225357904254, 0.8286708962938785, 0.0, 0.21687306979246826, 0.5236219828423512, 0.12795934613025933, 0.24563211921006028, 0.6827376456501868, 0.36166029616896567, 0.1848173334616956, 0.007225183508792421, 0.616334752693886, 0.6415146781502279, 0.6607489888856736, 0.7758650140317188, 0.6767469205810271, 0.6090941908207095], [0.44700605576315633, 0.8300518453942515, 0.0, 0.23741151821077464, 0.5239932196574303, 0.12806843898815917, 0.25370838456392375, 0.6828265589997375, 0.36481088027894426, 0.18475933803597844, 0.007448685839370306, 0.5934857389864958, 0.6401068152291147, 0.6448082399851681, 0.7778449439738587, 0.6871179980705073, 0.6098655010618962], [-0.07269926422333661, 0.7081268460240241, 0.0, 0.21942999164002489, 0.47943379004260345, 0.12858553772639528, 0.1948307288614366, 0.6806446831212243, 0.35011060708251973, 0.16045192627134663, 0.0066653709969386465, 0.6141394435578653, 0.6314121600053414, 0.6560209670327115, 0.7686618150291289, 0.6773840281659612, 0.5962042127395231], [-0.20097626672264024, 0.8567083768024256, 0.0, 0.20903666332900894, 0.531859969334144, 0.12775570664060942, 0.3022158899223257, 0.6839745203357275, 0.359111427158072, 0.19175268511917665, 0.00711334193318236, 0.6173050136936706, 0.6581448977616945, 0.673815045968529, 0.7822821856943535, 0.6894242819538776, 0.6181704160085565], [1.7421538365042926, 0.9273377505603381, 0.0, 0.2762776896434886, 0.5385661119583413, 0.1286845310933817, 0.1496502142850929, 0.6793614751368062, 0.35685142375735257, 0.19901658593674498, 0.007001439975721224, 0.556536955943129, 0.6193761802355247, 0.6339576737420498, 0.7630622627295378, 0.7081386560578175, 0.592219976757097], [0.9509716884997776, 0.8013152274969966, 0.0, 0.25545569261373224, 0.5147055316408733, 0.11971470403772227, 0.22191752854853633, 0.6878405783203289, 0.31524027147767986, 0.16463271166663596, 0.00677745458930179, 0.5686583084578092, 0.6158916200661493, 0.6295314504756985, 0.7502927253978722, 0.6712618902787619, 0.556283095697134], [0.3838781455608191, 0.8360194415420739, 0.0, 0.21574494233708086, 0.5212390473104314, 0.12230145519162747, 0.21633434179773872, 0.6861180775548787, 0.332943144117668, 0.1790610862112576, 0.00677745458930179, 0.5897023931068948, 0.6313220142365331, 0.640846554955087, 0.7567293892658501, 0.6749589094816382, 0.5813881232610579]], "features_2": [[0.03923318806646625, 0.5937590378234371, 0.0, 0.23934473060255496, 0.44967754625018663, 0.12791721623671726, 0.35840338223941187, 0.6852754824002343, 0.35907602300010977, 0.13404918636299112, 0.007504523810135222, 0.6178230254929291, 0.6493381789884565, 0.6849985956776822, 0.791556045033261, 0.7004136522312181, 0.614691050115427], [0.06865506190871162, 0.6298993237869287, 0.0, 0.24726298895432414, 0.46088019751710474, 0.1297276520239773, 0.33980905153073804, 0.6836773802655532, 0.3737477201732209, 0.14461390343478286, 0.007504523810135222, 0.6077168181526629, 0.6620185158600463, 0.6826333882398825, 0.7939568688658183, 0.7195475278179669, 0.6145731729373122], [0.08957787689959984, 0.6967485767505346, 0.0, 0.2432424289230888, 0.48669476986880866, 0.12852095641292946, 0.33825461699160686, 0.6847345923844105, 0.36315021682392556, 0.15760148111193506, 0.00716927026363523, 0.6079379324672081, 0.6674290130041484, 0.6682756824260301, 0.7912310275971806, 0.7042394538523676, 0.6155791680581709], [-0.06496138831335196, 0.7077947755255112, 0.0, 0.24883846184235034, 0.486933355478389, 0.1300015319575679, 0.36770462550327065, 0.6838232951477483, 0.3661393733210936, 0.16322925502120644, 0.0069454663283523566, 0.6158339110243598, 0.6647818805518929, 0.7001469758150748, 0.7938756170652806, 0.7066960356700157, 0.6157189145120234], [-0.023028625428486382, 0.6779188463347692, 0.0, 0.22596844104480682, 0.4747521728922804, 0.1287495516793537, 0.28864417582589824, 0.6829197181687143, 0.35904884511948376, 0.15477286492692777, 0.00716927026363523, 0.6135367600052222, 0.6540199568191942, 0.6926312512308176, 0.7846545588188061, 0.7020965198955735, 0.5988229896280353], [0.052863567385657007, 0.7325633039772601, 0.0, 0.2343482392404189, 0.49848642729397163, 0.12777820571262427, 0.356743436291309, 0.6852830841075185, 0.35760092086614503, 0.16512495068524924, 0.007281081678807366, 0.6042103211200809, 0.6555027333981966, 0.683322013127713, 0.7901065821331097, 0.7144935175007167, 0.6060228399957278], [0.24939384336504178, 0.7492764142276729, 0.0, 0.2257657808811253, 0.49227685661712917, 0.1295946055821527, 0.23302782853691612, 0.6811914899882516, 0.36002523214686, 0.16900449275847507, 0.007504523810135222, 0.6026896585746222, 0.6417574645976276, 0.6625180056037085, 0.7804397765779172, 0.7092326033345746, 0.5895994782124444], [-0.18706539523292331, 0.6849207769815698, 0.0, 0.20188066802244248, 0.47522816923530664, 0.12761671305423192, 0.28367337954437416, 0.6830013556240517, 0.35077963493627884, 0.15486688466078236, 0.007281081678807366, 0.6197636887242104, 0.6516898246872268, 0.676477957502484, 0.774408804685303, 0.6797706696554201, 0.591277191162864], [-0.20457137668285075, 0.769067840669364, 0.0, 0.21197810471343678, 0.5026647016567488, 0.12461468440027015, 0.25792084501220314, 0.6848678289013375, 0.3453833932439423, 0.17168524119009065, 0.007616154688146137, 0.6274650169965239, 0.6587056968570763, 0.6694839585188397, 0.7657402372904895, 0.6813937465468923, 0.5791715066428336]]}