{"labels_1": ["1", "2", "3", "4", "5", "6", "7", "8", "9"], "labels_2": ["1", "2", "3", "4", "5", "6", "7", "8", "9"], "adj_matrix_1": [[0.0, 0.06136, 0.00579, 0.3007, 0.04883, 0.02168, 0.0951, 0.28997, 0.31103], [0.06136, 0.0, 0.05563, 0.3005, 0.10912, 0.08269, 0.08407, 0.28671, 0.3153], [0.00579, 0.05563, 0.0, 0.30069, 0.05456, 0.02747, 0.09393, 0.28962, 0.31148], [0.3007, 0.3005, 0.30069, 0.0, 0.29796, 0.29964, 0.19758, 0.02665, 0.03494], [0.04883, 0.10912, 0.05456, 0.29796, 0.0, 0.02723, 0.10479, 0.29004, 0.30427], [0.02168, 0.08269, 0.02747, 0.29964, 0.02723, 0.0, 0.09919, 0.29008, 0.30826], [0.0951, 0.08407, 0.09393, 0.19758, 0.10479, 0.09919, 0.0, 0.19368, 0.19982], [0.28997, 0.28671, 0.28962, 0.02665, 0.29004, 0.29008, 0.19368, 0.0, 0.06101], [0.31103, 0.3153, 0.31148, 0.03494, 0.30427, 0.30826, 0.19982, 0.06101, 0.0]], "adj_matrix_2": [[0.0, 0.16374, 0.06243, 0.0343, 0.11497, 0.15942, 0.25405, 0.16535, 0.05799], [0.16374, 0.0, 0.21324, 0.13342, 0.05387, 0.27218, 0.11296, 0.00186, 0.11127], [0.06243, 0.21324, 0.0, 0.0955, 0.17016, 0.10452, 0.28864, 0.21463, 0.11787], [0.0343, 0.13342, 0.0955, 0.0, 0.0824, 0.18652, 0.23055, 0.13512, 0.02395], [0.11497, 0.05387, 0.17016, 0.0824, 0.0, 0.2429, 0.16274, 0.05571, 0.05906], [0.15942, 0.27218, 0.10452, 0.18652, 0.2429, 0.0, 0.31654, 0.27309, 0.20414], [0.25405, 0.11296, 0.28864, 0.23055, 0.16274, 0.31654, 0.0, 0.11119, 0.21245], [0.16535, 0.00186, 0.21463, 0.13512, 0.05571, 0.27309, 0.11119, 0.0, 0.11302], [0.05799, 0.11127, 0.11787, 0.02395, 0.05906, 0.20414, 0.21245, 0.11302, 0.0]], "features_1": [[0.009204040250456291, 0.6889349803314821, 0.0, 0.21201509126515813, 0.4832115297886603, 0.1261289491997172, 0.24746978666069666, 0.6841562727108621, 0.3524081528041947, 0.15434646023229792, 0.007001439975721224, 0.6121070318172634, 0.6359507510790378, 0.6716235323590762, 0.7725920268826019, 0.69222879793005, 0.6056641608255173], [-0.22539745102527542, 0.7081335212814618, 0.0, 0.21336791680118222, 0.4780619853257553, 0.13062329813931772, 0.20877836901369448, 0.679016985802503, 0.362542231237986, 0.16314137202988, 0.00677745458930179, 0.6216942584956517, 0.6455949534002067, 0.676513288673965, 0.7749585087010907, 0.6821721457161755, 0.6068893419641188], [0.06305225357904254, 0.8286708962938785, 0.0, 0.21687306979246826, 0.5236219828423512, 0.12795934613025933, 0.24563211921006028, 0.6827376456501868, 0.36166029616896567, 0.1848173334616956, 0.007225183508792421, 0.616334752693886, 0.6415146781502279, 0.6607489888856736, 0.7758650140317188, 0.6767469205810271, 0.6090941908207095], [0.44700605576315633, 0.8300518453942515, 0.0, 0.23741151821077464, 0.5239932196574303, 0.12806843898815917, 0.25370838456392375, 0.6828265589997375, 0.36481088027894426, 0.18475933803597844, 0.007448685839370306, 0.5934857389864958, 0.6401068152291147, 0.6448082399851681, 0.7778449439738587, 0.6871179980705073, 0.6098655010618962], [-0.07269926422333661, 0.7081268460240241, 0.0, 0.21942999164002489, 0.47943379004260345, 0.12858553772639528, 0.1948307288614366, 0.6806446831212243, 0.35011060708251973, 0.16045192627134663, 0.0066653709969386465, 0.6141394435578653, 0.6314121600053414, 0.6560209670327115, 0.7686618150291289, 0.6773840281659612, 0.5962042127395231], [-0.20097626672264024, 0.8567083768024256, 0.0, 0.20903666332900894, 0.531859969334144, 0.12775570664060942, 0.3022158899223257, 0.6839745203357275, 0.359111427158072, 0.19175268511917665, 0.00711334193318236, 0.6173050136936706, 0.6581448977616945, 0.673815045968529, 0.7822821856943535, 0.6894242819538776, 0.6181704160085565], [1.7421538365042926, 0.9273377505603381, 0.0, 0.2762776896434886, 0.5385661119583413, 0.1286845310933817, 0.1496502142850929, 0.6793614751368062, 0.35685142375735257, 0.19901658593674498, 0.007001439975721224, 0.556536955943129, 0.6193761802355247, 0.6339576737420498, 0.7630622627295378, 0.7081386560578175, 0.592219976757097], [0.9509716884997776, 0.8013152274969966, 0.0, 0.25545569261373224, 0.5147055316408733, 0.11971470403772227, 0.22191752854853633, 0.6878405783203289, 0.31524027147767986, 0.16463271166663596, 0.00677745458930179, 0.5686583084578092, 0.6158916200661493, 0.6295314504756985, 0.7502927253978722, 0.6712618902787619, 0.556283095697134], [0.3838781455608191, 0.8360194415420739, 0.0, 0.21574494233708086, 0.5212390473104314, 0.12230145519162747, 0.21633434179773872, 0.6861180775548787, 0.332943144117668, 0.1790610862112576, 0.00677745458930179, 0.5897023931068948, 0.6313220142365331, 0.640846554955087, 0.7567293892658501, 0.6749589094816382, 0.5813881232610579]], "features_2": [[0.48463138962458263, 0.6228880847281145, 0.0, 0.23940313349775882, 0.454041902102888, 0.12652345885638205, 0.3159846524354307, 0.684990393740166, 0.3659943059177273, 0.13748136427076085, 0.007560346756364078, 0.592609782527076, 0.6556241847436769, 0.6507136383613026, 0.7770154022252923, 0.6726639484238544, 0.5977015357171414], [0.15311815105275262, 0.6350448803538278, 0.0, 0.22008098482449132, 0.44976705119377797, 0.13194630410914945, 0.2957566811968825, 0.6810651729023266, 0.40328067286565306, 0.1479076029457913, 0.007671947615560004, 0.6147352388064573, 0.6649845608735996, 0.6746735166440939, 0.789273166239169, 0.6953087733163545, 0.6029121177928309], [0.3612619460654276, 0.7219676251888744, 0.0, 0.24245999543916633, 0.4864053127403075, 0.12838929721107414, 0.3371151396404855, 0.6836068323971396, 0.3789876930305567, 0.16194837647879612, 0.007783488497544067, 0.5984145290646479, 0.6544592256235061, 0.6614398041713484, 0.7788124670247751, 0.6820490370845999, 0.6028726058810654], [0.5668697254873596, 0.7733887748795373, 0.0, 0.26752861224455815, 0.5017401287351243, 0.1270857056471255, 0.32527969692160996, 0.6844349853888363, 0.3719603111204215, 0.17042141405778666, 0.007336964783822175, 0.5990414910742721, 0.6191519554866491, 0.6384052739233602, 0.777180149513364, 0.7210402633331976, 0.5895159910899804], [0.2047788591862676, 0.606542032709884, 0.0, 0.25901014186790916, 0.43859942202264746, 0.1300939127426966, 0.31425484825516037, 0.6826475562636893, 0.3945435766902903, 0.14033268817554023, 0.007671947615560004, 0.6061253624342018, 0.6490921257606094, 0.6725717828434902, 0.7849398436214128, 0.697896974755096, 0.596247861109374], [0.35812530153216704, 0.7255959311327557, 0.0, 0.25228608611993475, 0.4879217051248609, 0.12701660848880827, 0.3320052791921754, 0.6847179067934279, 0.3664040559197914, 0.16140370127577874, 0.007783488497544067, 0.593115292592761, 0.6486101882856612, 0.6617309843265664, 0.7763050040047139, 0.6876382956065425, 0.6019901696646089], [-0.1612351832943677, 0.698868421696291, 0.0, 0.2650273481311938, 0.47797130651162384, 0.12901255904192577, 0.3393007733749684, 0.6834498533099802, 0.36079324725597517, 0.1601957650723489, 0.00711334193318236, 0.6155534294895877, 0.6738230562260658, 0.6993751996078854, 0.7856163861513673, 0.6981434223657046, 0.6014963996606891], [0.09053740397144683, 0.6394901094011082, 0.0, 0.2554868945060738, 0.4571958021861818, 0.12439421486343527, 0.3981446961731251, 0.6873190497251815, 0.3489590112500116, 0.14062817060193455, 0.007448685839370306, 0.603265165820507, 0.6420423751699263, 0.6516907707876581, 0.7745179185310028, 0.6920500984894727, 0.5710668126570375], [-0.23577604657047058, 0.6881339891031565, 0.0, 0.2474157118792208, 0.4775259339330566, 0.12291960628765801, 0.3805583590932663, 0.6876420956756479, 0.3341930299074918, 0.15173476526893803, 0.00711334193318236, 0.6108230587919903, 0.6480929496886316, 0.682761523143626, 0.7696832867602164, 0.671276735418296, 0.5662858034454253]]}