{"labels_1": ["1", "2", "3", "4", "5", "6", "7", "8", "9"], "labels_2": ["1", "2", "3", "4", "5", "6", "7", "8", "9"], "adj_matrix_1": [[0.0, 0.11796, 0.08165, 0.06801, 0.03815, 0.1059, 0.24331, 0.0018, 0.18092], [0.11796, 0.0, 0.19243, 0.18032, 0.1534, 0.21355, 0.14728, 0.11617, 0.06989], [0.08165, 0.19243, 0.0, 0.01389, 0.04396, 0.025, 0.29606, 0.08342, 0.24718], [0.06801, 0.18032, 0.01389, 0.0, 0.03013, 0.03884, 0.2879, 0.0698, 0.23665], [0.03815, 0.1534, 0.04396, 0.03013, 0.0, 0.06871, 0.26918, 0.03995, 0.21285], [0.1059, 0.21355, 0.025, 0.03884, 0.06871, 0.0, 0.30989, 0.10771, 0.26546], [0.24331, 0.14728, 0.29606, 0.2879, 0.26918, 0.30989, 0.0, 0.24203, 0.082], [0.0018, 0.11617, 0.08342, 0.0698, 0.03995, 0.10771, 0.24203, 0.0, 0.17945], [0.18092, 0.06989, 0.24718, 0.23665, 0.21285, 0.26546, 0.082, 0.17945, 0.0]], "adj_matrix_2": [[0.0, 0.09571, 0.04723, 0.0441, 0.00119, 0.00415, 0.22803, 0.33278, 0.2188], [0.09571, 0.0, 0.13736, 0.13469, 0.0968, 0.09184, 0.26713, 0.30688, 0.26186], [0.04723, 0.13736, 0.0, 0.00318, 0.04605, 0.05131, 0.1971, 0.33263, 0.18625], [0.0441, 0.13469, 0.00318, 0.0, 0.04292, 0.04819, 0.19939, 0.33292, 0.18863], [0.00119, 0.0968, 0.04605, 0.04292, 0.0, 0.00534, 0.22731, 0.33286, 0.21805], [0.00415, 0.09184, 0.05131, 0.04819, 0.00534, 0.0, 0.2305, 0.33251, 0.22139], [0.22803, 0.26713, 0.1971, 0.19939, 0.22731, 0.2305, 0.0, 0.23415, 0.01407], [0.33278, 0.30688, 0.33263, 0.33292, 0.33286, 0.33251, 0.23415, 0.0, 0.24457], [0.2188, 0.26186, 0.18625, 0.18863, 0.21805, 0.22139, 0.01407, 0.24457, 0.0]], "features_1": [[-0.11055655535691766, 0.7772025579406713, 0.0, 0.21417154087903234, 0.4840881631857048, 0.1449866554481338, 0.2296290731241129, 0.6659477161046915, 0.480528106747538, 0.19868013224212855, 0.008062078829516484, 0.6352856309933028, 0.6725565531462375, 0.7010031252764027, 0.8126173639916983, 0.744180845491142, 0.6252925868759767], [-0.11025012752751762, 0.8130453895479732, 0.0, 0.23235332282497098, 0.48664102049877134, 0.14910027570235168, 0.2002557065093235, 0.6600375021870557, 0.5175605391670293, 0.21406603635003196, 0.009061923644820391, 0.6343725664369786, 0.6859886360236199, 0.7278027524913493, 0.8176369280910942, 0.7443037595688549, 0.629200185514616], [-0.13348034615503757, 0.9262216081005812, 0.0, 0.22639329052269738, 0.5242137708291205, 0.14500868217035512, 0.22921450333790575, 0.6657497304262778, 0.4882462512410255, 0.23298605189085686, 0.008284682400665488, 0.6355388608517991, 0.6698864027414196, 0.7073296866942788, 0.811940753553442, 0.7344647984663938, 0.6264743052599049], [-0.10354549070577779, 0.9646888582559311, 0.0, 0.19510228585844233, 0.5315730398659109, 0.14453481589119838, 0.2174565771723067, 0.6654001964619195, 0.4802223100924319, 0.24030419285449645, 0.008284682400665488, 0.6356066297904068, 0.6855601680496842, 0.7185535824625132, 0.8091335058816689, 0.7276332996608386, 0.6162198351929258], [-0.3010326222534587, 0.8685320279433623, 0.0, 0.20741506124340575, 0.49877642591015503, 0.1510096473747982, 0.15366317373543054, 0.6552283685653219, 0.5186294247256318, 0.22938838815495766, 0.009061923644820391, 0.6469317342833121, 0.678400286229617, 0.7163055157030974, 0.8154178724655774, 0.7394729376157843, 0.6210656234493098], [-0.2841296068264034, 1.0312530619612765, 0.0, 0.22628425126196203, 0.5494440350437559, 0.14298604906059867, 0.24457949381196756, 0.6686485527118441, 0.4743191913305773, 0.25346624568827725, 0.00839589484089287, 0.6421965379188159, 0.6836284109923697, 0.7331838021313658, 0.8098851651671466, 0.724824907057694, 0.6177004293763173], [0.1842957015967781, 1.0429687298721946, 0.0, 0.2439261679362237, 0.5465404198854038, 0.14389387440709794, 0.1979916527830845, 0.6650654484759435, 0.4774304794429667, 0.2547106196061433, 0.008284682400665488, 0.6173050718430513, 0.6593949443866391, 0.7068766903581587, 0.8048378037369963, 0.7333701274820831, 0.605597381171444], [-0.20453686997136744, 1.0432994861953984, 0.0, 0.22721913612874375, 0.5487632189865095, 0.14141136822419131, 0.2084329912216205, 0.6695462440919725, 0.4515343818740194, 0.25236581782382106, 0.00822905385914674, 0.6296551687047638, 0.6549431397997212, 0.7010286249978994, 0.8029983208167324, 0.7121147621203, 0.5930185401781712], [-0.12631456301649768, 1.0970975918606622, 0.0, 0.23229531906490938, 0.5627129946688447, 0.1391629054358001, 0.2255327276013496, 0.672126991940144, 0.43770298046890965, 0.2589031654010694, 0.007894969482732161, 0.6237724761171224, 0.6682019352347494, 0.7028451304947403, 0.79927309325976, 0.7236564782038059, 0.5858196967975957]], "features_2": [[0.38301218014823935, 0.7149139931179322, 0.0, 0.2662164494341801, 0.4995238457517889, 0.12041490879558564, 0.43782350661868963, 0.6898085640946622, 0.3384642088469385, 0.1515083342961976, 0.00677745458930179, 0.5967974190589085, 0.6570012305027638, 0.6498294266352528, 0.7739507486587938, 0.7170932300737127, 0.581839663378074], [0.4815829362115793, 0.7093963978772179, 0.0, 0.2715482238689459, 0.49260755451336613, 0.12321005236860043, 0.41274155480681146, 0.6882814017005996, 0.33112170190335877, 0.15276925699272903, 0.00655322669591385, 0.5899231323324972, 0.6631723565342336, 0.6756628006896345, 0.7809966039025211, 0.7061121040399551, 0.5727636338000585], [0.13409528148023586, 0.8666071228485268, 0.0, 0.2511449276756094, 0.5401898301341723, 0.12202896714170332, 0.39277597326769753, 0.6886673744836725, 0.3462486620240841, 0.18639140719262404, 0.006889477554966383, 0.5958130703815581, 0.6461175122250153, 0.6541420270659773, 0.775002577249363, 0.7117967762606955, 0.5873133324720881], [0.15732085541076035, 0.8785209214091733, 0.0, 0.23881149531574364, 0.5435330224804799, 0.12169002100776054, 0.3659585773282238, 0.6884618446852286, 0.3386191745524578, 0.18785535416248256, 0.007225183508792421, 0.6015036625760617, 0.6585311831463659, 0.6677048938302405, 0.7719396937699329, 0.706291085867401, 0.5939357351588529], [0.05610228151588359, 0.6907136329237289, 0.0, 0.25611837059890263, 0.4858415064520682, 0.12397532793229876, 0.4350839318730856, 0.688078323848372, 0.3364442069933973, 0.15176582132796956, 0.006497131753992358, 0.5959095060946753, 0.6424478828890936, 0.6574451198758503, 0.7850647160006984, 0.7005008014725027, 0.5757819342921782], [0.16691794908075774, 0.8812462320866669, 0.0, 0.25937962328141906, 0.5433405603047944, 0.12368184052469532, 0.4286033014041287, 0.6882456025121794, 0.350466754674025, 0.1914132576745069, 0.00677745458930179, 0.5940229339535641, 0.6555555676196082, 0.6660165134158168, 0.7826525191957341, 0.721008241726482, 0.5905552736964501], [0.3885890303741282, 0.8377356488623258, 0.0, 0.2775366272014275, 0.5326150739228477, 0.12228528195083357, 0.3998387243623164, 0.6886643574165876, 0.3329360031537958, 0.17769098393915272, 0.006889477554966383, 0.5980684052835852, 0.6355564313423552, 0.6347172874150184, 0.7772873853033777, 0.700207114813943, 0.5927946036684385], [-0.31535482399198056, 0.7202338492780238, 0.0, 0.24498619639908514, 0.49353808831099666, 0.1217245021912981, 0.436834831749313, 0.6888848016096885, 0.32106177658375756, 0.1560166410008761, 0.006721420376576193, 0.6184885221894421, 0.6625881930049118, 0.6888090517232979, 0.7768376175313568, 0.6624625332657725, 0.5576899116884073], [-0.05470191258322199, 0.7921548029869357, 0.0, 0.24050321008144487, 0.5182339496645658, 0.1203941196515442, 0.3938874209478108, 0.6891275999500366, 0.3086347990514149, 0.16683055456507034, 0.006497131753992358, 0.6040756379007153, 0.6496823227511548, 0.6504485213784436, 0.7693723123414655, 0.6979479057831467, 0.5520311133311404]]}