{"labels_1": ["1", "2", "3", "4", "5", "6", "7", "8", "9"], "labels_2": ["1", "2", "3", "4", "5", "6", "7", "8", "9"], "adj_matrix_1": [[0.0, 0.11796, 0.08165, 0.06801, 0.03815, 0.1059, 0.24331, 0.0018, 0.18092], [0.11796, 0.0, 0.19243, 0.18032, 0.1534, 0.21355, 0.14728, 0.11617, 0.06989], [0.08165, 0.19243, 0.0, 0.01389, 0.04396, 0.025, 0.29606, 0.08342, 0.24718], [0.06801, 0.18032, 0.01389, 0.0, 0.03013, 0.03884, 0.2879, 0.0698, 0.23665], [0.03815, 0.1534, 0.04396, 0.03013, 0.0, 0.06871, 0.26918, 0.03995, 0.21285], [0.1059, 0.21355, 0.025, 0.03884, 0.06871, 0.0, 0.30989, 0.10771, 0.26546], [0.24331, 0.14728, 0.29606, 0.2879, 0.26918, 0.30989, 0.0, 0.24203, 0.082], [0.0018, 0.11617, 0.08342, 0.0698, 0.03995, 0.10771, 0.24203, 0.0, 0.17945], [0.18092, 0.06989, 0.24718, 0.23665, 0.21285, 0.26546, 0.082, 0.17945, 0.0]], "adj_matrix_2": [[0.0, 0.06634, 0.11311, 0.06046, 0.00461, 0.18897, 0.06202, 0.32316, 0.32289], [0.06634, 0.0, 0.04987, 0.00606, 0.07076, 0.13688, 0.00445, 0.33345, 0.33289], [0.11311, 0.04987, 0.0, 0.05582, 0.11718, 0.09157, 0.05424, 0.33028, 0.32952], [0.06046, 0.00606, 0.05582, 0.0, 0.06491, 0.1421, 0.00161, 0.33338, 0.33289], [0.00461, 0.07076, 0.11718, 0.06491, 0.0, 0.19208, 0.06647, 0.32186, 0.32161], [0.18897, 0.13688, 0.09157, 0.1421, 0.19208, 0.0, 0.14073, 0.30005, 0.29889], [0.06202, 0.00445, 0.05424, 0.00161, 0.06647, 0.14073, 0.0, 0.33345, 0.33295], [0.32316, 0.33345, 0.33028, 0.33338, 0.32186, 0.30005, 0.33345, 0.0, 0.00194], [0.32289, 0.33289, 0.32952, 0.33289, 0.32161, 0.29889, 0.33295, 0.00194, 0.0]], "features_1": [[-0.11055655535691766, 0.7772025579406713, 0.0, 0.21417154087903234, 0.4840881631857048, 0.1449866554481338, 0.2296290731241129, 0.6659477161046915, 0.480528106747538, 0.19868013224212855, 0.008062078829516484, 0.6352856309933028, 0.6725565531462375, 0.7010031252764027, 0.8126173639916983, 0.744180845491142, 0.6252925868759767], [-0.11025012752751762, 0.8130453895479732, 0.0, 0.23235332282497098, 0.48664102049877134, 0.14910027570235168, 0.2002557065093235, 0.6600375021870557, 0.5175605391670293, 0.21406603635003196, 0.009061923644820391, 0.6343725664369786, 0.6859886360236199, 0.7278027524913493, 0.8176369280910942, 0.7443037595688549, 0.629200185514616], [-0.13348034615503757, 0.9262216081005812, 0.0, 0.22639329052269738, 0.5242137708291205, 0.14500868217035512, 0.22921450333790575, 0.6657497304262778, 0.4882462512410255, 0.23298605189085686, 0.008284682400665488, 0.6355388608517991, 0.6698864027414196, 0.7073296866942788, 0.811940753553442, 0.7344647984663938, 0.6264743052599049], [-0.10354549070577779, 0.9646888582559311, 0.0, 0.19510228585844233, 0.5315730398659109, 0.14453481589119838, 0.2174565771723067, 0.6654001964619195, 0.4802223100924319, 0.24030419285449645, 0.008284682400665488, 0.6356066297904068, 0.6855601680496842, 0.7185535824625132, 0.8091335058816689, 0.7276332996608386, 0.6162198351929258], [-0.3010326222534587, 0.8685320279433623, 0.0, 0.20741506124340575, 0.49877642591015503, 0.1510096473747982, 0.15366317373543054, 0.6552283685653219, 0.5186294247256318, 0.22938838815495766, 0.009061923644820391, 0.6469317342833121, 0.678400286229617, 0.7163055157030974, 0.8154178724655774, 0.7394729376157843, 0.6210656234493098], [-0.2841296068264034, 1.0312530619612765, 0.0, 0.22628425126196203, 0.5494440350437559, 0.14298604906059867, 0.24457949381196756, 0.6686485527118441, 0.4743191913305773, 0.25346624568827725, 0.00839589484089287, 0.6421965379188159, 0.6836284109923697, 0.7331838021313658, 0.8098851651671466, 0.724824907057694, 0.6177004293763173], [0.1842957015967781, 1.0429687298721946, 0.0, 0.2439261679362237, 0.5465404198854038, 0.14389387440709794, 0.1979916527830845, 0.6650654484759435, 0.4774304794429667, 0.2547106196061433, 0.008284682400665488, 0.6173050718430513, 0.6593949443866391, 0.7068766903581587, 0.8048378037369963, 0.7333701274820831, 0.605597381171444], [-0.20453686997136744, 1.0432994861953984, 0.0, 0.22721913612874375, 0.5487632189865095, 0.14141136822419131, 0.2084329912216205, 0.6695462440919725, 0.4515343818740194, 0.25236581782382106, 0.00822905385914674, 0.6296551687047638, 0.6549431397997212, 0.7010286249978994, 0.8029983208167324, 0.7121147621203, 0.5930185401781712], [-0.12631456301649768, 1.0970975918606622, 0.0, 0.23229531906490938, 0.5627129946688447, 0.1391629054358001, 0.2255327276013496, 0.672126991940144, 0.43770298046890965, 0.2589031654010694, 0.007894969482732161, 0.6237724761171224, 0.6682019352347494, 0.7028451304947403, 0.79927309325976, 0.7236564782038059, 0.5858196967975957]], "features_2": [[0.7046683798375653, 0.7650783119045022, 0.0, 0.24398051906140653, 0.502056831989508, 0.12486022151758835, 0.26218312614541334, 0.6848082541978415, 0.3541766009609908, 0.16902044724860898, 0.007727725548673403, 0.5898742820565981, 0.635945989119624, 0.6584480216635143, 0.7699622331283542, 0.6909006181886004, 0.5686180031945752], [0.5570610997666399, 0.7546320959067717, 0.0, 0.24089853547596227, 0.49446511128091564, 0.12791162244538445, 0.29916497296865996, 0.6829767134156497, 0.3638684431292032, 0.17011793678650822, 0.007727725548673403, 0.5987760237317392, 0.6378507550462137, 0.6644718143097637, 0.7829514439710081, 0.6966063902380125, 0.5757858229357051], [0.41757165578584354, 0.8896663132490157, 0.0, 0.23491806005231053, 0.5350258372449742, 0.1262158548811387, 0.24804567353681078, 0.6835341840562745, 0.36059876469749064, 0.19805725683392805, 0.00783923647221818, 0.600647419330171, 0.6427627552098389, 0.6637812857555808, 0.7726504644593238, 0.6893341968956155, 0.5714017120014554], [0.6725828494835775, 0.9180693663489754, 0.0, 0.2459566342709084, 0.5413541815727909, 0.12741165500339968, 0.24895438298183095, 0.682694156656483, 0.3692506795624646, 0.20344750552857382, 0.007616154688146137, 0.5859361087971435, 0.6252161110127994, 0.6627408650028955, 0.7752641401945074, 0.6800093077282549, 0.5742532162974874], [0.48610328907265643, 0.7687111530196997, 0.0, 0.24097690603026656, 0.4901502495710742, 0.13159930883594206, 0.22084705015092468, 0.6778073554325988, 0.36849120534930413, 0.17520719672325313, 0.007727725548673403, 0.6002735552202894, 0.6481169554157284, 0.6591971628347222, 0.7816792795349965, 0.7151622990833859, 0.5797523487385031], [0.42591847902218394, 0.9008073334347942, 0.0, 0.2120854391739992, 0.5383802118627087, 0.12604057167533836, 0.2683559385233224, 0.6839632899896751, 0.36325014077905116, 0.20068313351251055, 0.007950687539111767, 0.6049032552677991, 0.6404928284278718, 0.6733828288616567, 0.7742371888444382, 0.6982474056604832, 0.571183773085701], [0.2491238403413445, 0.9036010998253978, 0.0, 0.22839626345179775, 0.5385189097880971, 0.12551006600912107, 0.25174890144433776, 0.684237425707955, 0.35304491536990534, 0.1999364184470076, 0.007392832833969631, 0.5933915966982544, 0.6405725457171426, 0.6738195620154761, 0.7690035035459433, 0.6979768211749469, 0.5631230345889208], [-0.3456170659976139, 0.8224490622318034, 0.0, 0.18905877471140428, 0.5055234945630875, 0.13059926872548128, 0.1776150649755806, 0.6780569661692207, 0.3699991986945159, 0.19098455769795786, 0.007671947615560004, 0.6285746632894313, 0.6375185164629634, 0.6549071284296426, 0.7742160198102375, 0.6868826546533495, 0.5796158517980102], [-0.20102341237427446, 0.8672526238145419, 0.0, 0.20315759750232415, 0.5227518629482928, 0.1284011321360958, 0.18150936411687651, 0.68059634795935, 0.3613606541104244, 0.19749502966579024, 0.007671947615560004, 0.6219157460148472, 0.6405339462316172, 0.668500625600838, 0.7699696644876846, 0.6979290751693084, 0.5797572798076385]]}