{"labels_1": ["1", "2", "3", "4", "5", "6", "7", "8", "9"], "labels_2": ["1", "2", "3", "4", "5", "6", "7", "8", "9"], "adj_matrix_1": [[0.0, 0.11796, 0.08165, 0.06801, 0.03815, 0.1059, 0.24331, 0.0018, 0.18092], [0.11796, 0.0, 0.19243, 0.18032, 0.1534, 0.21355, 0.14728, 0.11617, 0.06989], [0.08165, 0.19243, 0.0, 0.01389, 0.04396, 0.025, 0.29606, 0.08342, 0.24718], [0.06801, 0.18032, 0.01389, 0.0, 0.03013, 0.03884, 0.2879, 0.0698, 0.23665], [0.03815, 0.1534, 0.04396, 0.03013, 0.0, 0.06871, 0.26918, 0.03995, 0.21285], [0.1059, 0.21355, 0.025, 0.03884, 0.06871, 0.0, 0.30989, 0.10771, 0.26546], [0.24331, 0.14728, 0.29606, 0.2879, 0.26918, 0.30989, 0.0, 0.24203, 0.082], [0.0018, 0.11617, 0.08342, 0.0698, 0.03995, 0.10771, 0.24203, 0.0, 0.17945], [0.18092, 0.06989, 0.24718, 0.23665, 0.21285, 0.26546, 0.082, 0.17945, 0.0]], "adj_matrix_2": [[0.0, 0.19871, 0.18923, 0.09512, 0.28529, 0.26549, 0.12717, 0.26545, 0.24068], [0.19871, 0.0, 0.01202, 0.11473, 0.14845, 0.10264, 0.08251, 0.10256, 0.05946], [0.18923, 0.01202, 0.0, 0.10355, 0.15842, 0.11375, 0.07091, 0.11366, 0.07117], [0.09512, 0.11473, 0.10355, 0.0, 0.23459, 0.20193, 0.03396, 0.20185, 0.16726], [0.28529, 0.14845, 0.15842, 0.23459, 0.0, 0.05173, 0.21243, 0.05183, 0.0951], [0.26549, 0.10264, 0.11375, 0.20193, 0.05173, 0.0, 0.1755, 0.0001, 0.04507], [0.12717, 0.08251, 0.07091, 0.03396, 0.21243, 0.1755, 0.0, 0.17542, 0.13785], [0.26545, 0.10256, 0.11366, 0.20185, 0.05183, 0.0001, 0.17542, 0.0, 0.04497], [0.24068, 0.05946, 0.07117, 0.16726, 0.0951, 0.04507, 0.13785, 0.04497, 0.0]], "features_1": [[-0.11055655535691766, 0.7772025579406713, 0.0, 0.21417154087903234, 0.4840881631857048, 0.1449866554481338, 0.2296290731241129, 0.6659477161046915, 0.480528106747538, 0.19868013224212855, 0.008062078829516484, 0.6352856309933028, 0.6725565531462375, 0.7010031252764027, 0.8126173639916983, 0.744180845491142, 0.6252925868759767], [-0.11025012752751762, 0.8130453895479732, 0.0, 0.23235332282497098, 0.48664102049877134, 0.14910027570235168, 0.2002557065093235, 0.6600375021870557, 0.5175605391670293, 0.21406603635003196, 0.009061923644820391, 0.6343725664369786, 0.6859886360236199, 0.7278027524913493, 0.8176369280910942, 0.7443037595688549, 0.629200185514616], [-0.13348034615503757, 0.9262216081005812, 0.0, 0.22639329052269738, 0.5242137708291205, 0.14500868217035512, 0.22921450333790575, 0.6657497304262778, 0.4882462512410255, 0.23298605189085686, 0.008284682400665488, 0.6355388608517991, 0.6698864027414196, 0.7073296866942788, 0.811940753553442, 0.7344647984663938, 0.6264743052599049], [-0.10354549070577779, 0.9646888582559311, 0.0, 0.19510228585844233, 0.5315730398659109, 0.14453481589119838, 0.2174565771723067, 0.6654001964619195, 0.4802223100924319, 0.24030419285449645, 0.008284682400665488, 0.6356066297904068, 0.6855601680496842, 0.7185535824625132, 0.8091335058816689, 0.7276332996608386, 0.6162198351929258], [-0.3010326222534587, 0.8685320279433623, 0.0, 0.20741506124340575, 0.49877642591015503, 0.1510096473747982, 0.15366317373543054, 0.6552283685653219, 0.5186294247256318, 0.22938838815495766, 0.009061923644820391, 0.6469317342833121, 0.678400286229617, 0.7163055157030974, 0.8154178724655774, 0.7394729376157843, 0.6210656234493098], [-0.2841296068264034, 1.0312530619612765, 0.0, 0.22628425126196203, 0.5494440350437559, 0.14298604906059867, 0.24457949381196756, 0.6686485527118441, 0.4743191913305773, 0.25346624568827725, 0.00839589484089287, 0.6421965379188159, 0.6836284109923697, 0.7331838021313658, 0.8098851651671466, 0.724824907057694, 0.6177004293763173], [0.1842957015967781, 1.0429687298721946, 0.0, 0.2439261679362237, 0.5465404198854038, 0.14389387440709794, 0.1979916527830845, 0.6650654484759435, 0.4774304794429667, 0.2547106196061433, 0.008284682400665488, 0.6173050718430513, 0.6593949443866391, 0.7068766903581587, 0.8048378037369963, 0.7333701274820831, 0.605597381171444], [-0.20453686997136744, 1.0432994861953984, 0.0, 0.22721913612874375, 0.5487632189865095, 0.14141136822419131, 0.2084329912216205, 0.6695462440919725, 0.4515343818740194, 0.25236581782382106, 0.00822905385914674, 0.6296551687047638, 0.6549431397997212, 0.7010286249978994, 0.8029983208167324, 0.7121147621203, 0.5930185401781712], [-0.12631456301649768, 1.0970975918606622, 0.0, 0.23229531906490938, 0.5627129946688447, 0.1391629054358001, 0.2255327276013496, 0.672126991940144, 0.43770298046890965, 0.2589031654010694, 0.007894969482732161, 0.6237724761171224, 0.6682019352347494, 0.7028451304947403, 0.79927309325976, 0.7236564782038059, 0.5858196967975957]], "features_2": [[0.2623368471140055, 0.7605400866190313, 0.0, 0.2343157043872523, 0.47135433350931066, 0.14596189096219714, 0.1745902118911026, 0.6601013832563591, 0.4740308066814525, 0.19461624815016831, 0.008673665988278678, 0.6277071968791339, 0.6557476986966897, 0.6923087232721441, 0.8078696823069939, 0.7228566890239579, 0.6072574041214198], [0.45781737625671237, 0.7884590806717161, 0.0, 0.2447019216593768, 0.47576095874960617, 0.1479450799245435, 0.1845806785377441, 0.6572033676816623, 0.49477309342257025, 0.20372140402648142, 0.008673665988278678, 0.6136880131845119, 0.6554782238612559, 0.6861349672883994, 0.8113689925424152, 0.7329820965920661, 0.6089238643455333], [0.35893628664555033, 0.888786252109141, 0.0, 0.23908090991032174, 0.5094259997435888, 0.14532542475796761, 0.19957327329616703, 0.6624200180614825, 0.48053638593590486, 0.22364635095917684, 0.008562602043175715, 0.6203291037091789, 0.6588732854489046, 0.6857792697972874, 0.8096648584472667, 0.7101709782665078, 0.610705101335287], [0.43910026799572366, 0.9126681800363456, 0.0, 0.24178841382709285, 0.5113621919226694, 0.1462088706331533, 0.16021309747400495, 0.6590860109692701, 0.47214340768306884, 0.22681305515286976, 0.008618141428105908, 0.6203070987044361, 0.6527909665787305, 0.6768325187158881, 0.8067192939856599, 0.7276387518829088, 0.6045983393876596], [0.49693889087095666, 0.8175523519404189, 0.0, 0.27607550890389515, 0.48160277156921144, 0.14885969511621233, 0.16847378978357597, 0.6555283988395, 0.5007643329208904, 0.21267112840696534, 0.008562602043175715, 0.6114852967432021, 0.6614535064892783, 0.6852097796681746, 0.8121022112773222, 0.7180462448372452, 0.6101204613887302], [0.5032585885803171, 0.9472599888451886, 0.0, 0.2539319909313882, 0.5235720600357839, 0.14693801440469473, 0.21679484054422388, 0.6618694980679295, 0.49095908689724466, 0.2376607426964361, 0.008562602043175715, 0.6118190794103415, 0.6706165091051073, 0.6963143014815731, 0.8148804628668618, 0.727482058780514, 0.6160078781125498], [0.7664814249190619, 0.8761381036483147, 0.0, 0.27869188319336197, 0.5007581928696792, 0.14918616692408462, 0.17988249541884258, 0.6569289160038674, 0.5038683365793077, 0.2232774931737973, 0.009338807964934137, 0.6185963310791149, 0.6488538572087948, 0.6821025219513411, 0.8156281881056779, 0.7323087960631474, 0.6171261494787328], [0.4194069341038489, 0.9171506134486441, 0.0, 0.28075405823342103, 0.5091501922445202, 0.1468683628898489, 0.1618878952353235, 0.6574523305660696, 0.47512235257606483, 0.23152434568456703, 0.008784670673857464, 0.6072210984116917, 0.6519981264094319, 0.6912867149070256, 0.8061786356235388, 0.7097901489366396, 0.5963608311985306], [0.4723718005581934, 0.9344798818935482, 0.0, 0.2652513069149831, 0.5135617344353101, 0.14709919857838638, 0.15578678902393434, 0.6567615120672382, 0.46838416963515006, 0.23239813316641533, 0.008673665988278678, 0.61178626343053, 0.6267039323462716, 0.6585318431818331, 0.8058300895097398, 0.7177623559418089, 0.6033646278114614]]}