{"labels_1": ["1", "2", "3", "4", "5", "6", "7", "8", "9"], "labels_2": ["1", "2", "3", "4", "5", "6", "7", "8", "9"], "adj_matrix_1": [[0.0, 0.11796, 0.08165, 0.06801, 0.03815, 0.1059, 0.24331, 0.0018, 0.18092], [0.11796, 0.0, 0.19243, 0.18032, 0.1534, 0.21355, 0.14728, 0.11617, 0.06989], [0.08165, 0.19243, 0.0, 0.01389, 0.04396, 0.025, 0.29606, 0.08342, 0.24718], [0.06801, 0.18032, 0.01389, 0.0, 0.03013, 0.03884, 0.2879, 0.0698, 0.23665], [0.03815, 0.1534, 0.04396, 0.03013, 0.0, 0.06871, 0.26918, 0.03995, 0.21285], [0.1059, 0.21355, 0.025, 0.03884, 0.06871, 0.0, 0.30989, 0.10771, 0.26546], [0.24331, 0.14728, 0.29606, 0.2879, 0.26918, 0.30989, 0.0, 0.24203, 0.082], [0.0018, 0.11617, 0.08342, 0.0698, 0.03995, 0.10771, 0.24203, 0.0, 0.17945], [0.18092, 0.06989, 0.24718, 0.23665, 0.21285, 0.26546, 0.082, 0.17945, 0.0]], "adj_matrix_2": [[0.0, 0.01535, 0.01698, 0.01441, 0.24306, 0.09786, 0.16018, 0.30364, 0.34847], [0.01535, 0.0, 0.03232, 0.00094, 0.23042, 0.08283, 0.16328, 0.30464, 0.34656], [0.01698, 0.03232, 0.0, 0.03138, 0.25663, 0.11437, 0.15664, 0.30209, 0.35012], [0.01441, 0.00094, 0.03138, 0.0, 0.23106, 0.08377, 0.16286, 0.30421, 0.34642], [0.24306, 0.23042, 0.25663, 0.23106, 0.0, 0.15739, 0.21422, 0.29113, 0.27296], [0.09786, 0.08283, 0.11437, 0.08377, 0.15739, 0.0, 0.18043, 0.30682, 0.33123], [0.16018, 0.16328, 0.15664, 0.16286, 0.21422, 0.18043, 0.0, 0.16908, 0.21657], [0.30364, 0.30464, 0.30209, 0.30421, 0.29113, 0.30682, 0.16908, 0.0, 0.10048], [0.34847, 0.34656, 0.35012, 0.34642, 0.27296, 0.33123, 0.21657, 0.10048, 0.0]], "features_1": [[-0.11055655535691766, 0.7772025579406713, 0.0, 0.21417154087903234, 0.4840881631857048, 0.1449866554481338, 0.2296290731241129, 0.6659477161046915, 0.480528106747538, 0.19868013224212855, 0.008062078829516484, 0.6352856309933028, 0.6725565531462375, 0.7010031252764027, 0.8126173639916983, 0.744180845491142, 0.6252925868759767], [-0.11025012752751762, 0.8130453895479732, 0.0, 0.23235332282497098, 0.48664102049877134, 0.14910027570235168, 0.2002557065093235, 0.6600375021870557, 0.5175605391670293, 0.21406603635003196, 0.009061923644820391, 0.6343725664369786, 0.6859886360236199, 0.7278027524913493, 0.8176369280910942, 0.7443037595688549, 0.629200185514616], [-0.13348034615503757, 0.9262216081005812, 0.0, 0.22639329052269738, 0.5242137708291205, 0.14500868217035512, 0.22921450333790575, 0.6657497304262778, 0.4882462512410255, 0.23298605189085686, 0.008284682400665488, 0.6355388608517991, 0.6698864027414196, 0.7073296866942788, 0.811940753553442, 0.7344647984663938, 0.6264743052599049], [-0.10354549070577779, 0.9646888582559311, 0.0, 0.19510228585844233, 0.5315730398659109, 0.14453481589119838, 0.2174565771723067, 0.6654001964619195, 0.4802223100924319, 0.24030419285449645, 0.008284682400665488, 0.6356066297904068, 0.6855601680496842, 0.7185535824625132, 0.8091335058816689, 0.7276332996608386, 0.6162198351929258], [-0.3010326222534587, 0.8685320279433623, 0.0, 0.20741506124340575, 0.49877642591015503, 0.1510096473747982, 0.15366317373543054, 0.6552283685653219, 0.5186294247256318, 0.22938838815495766, 0.009061923644820391, 0.6469317342833121, 0.678400286229617, 0.7163055157030974, 0.8154178724655774, 0.7394729376157843, 0.6210656234493098], [-0.2841296068264034, 1.0312530619612765, 0.0, 0.22628425126196203, 0.5494440350437559, 0.14298604906059867, 0.24457949381196756, 0.6686485527118441, 0.4743191913305773, 0.25346624568827725, 0.00839589484089287, 0.6421965379188159, 0.6836284109923697, 0.7331838021313658, 0.8098851651671466, 0.724824907057694, 0.6177004293763173], [0.1842957015967781, 1.0429687298721946, 0.0, 0.2439261679362237, 0.5465404198854038, 0.14389387440709794, 0.1979916527830845, 0.6650654484759435, 0.4774304794429667, 0.2547106196061433, 0.008284682400665488, 0.6173050718430513, 0.6593949443866391, 0.7068766903581587, 0.8048378037369963, 0.7333701274820831, 0.605597381171444], [-0.20453686997136744, 1.0432994861953984, 0.0, 0.22721913612874375, 0.5487632189865095, 0.14141136822419131, 0.2084329912216205, 0.6695462440919725, 0.4515343818740194, 0.25236581782382106, 0.00822905385914674, 0.6296551687047638, 0.6549431397997212, 0.7010286249978994, 0.8029983208167324, 0.7121147621203, 0.5930185401781712], [-0.12631456301649768, 1.0970975918606622, 0.0, 0.23229531906490938, 0.5627129946688447, 0.1391629054358001, 0.2255327276013496, 0.672126991940144, 0.43770298046890965, 0.2589031654010694, 0.007894969482732161, 0.6237724761171224, 0.6682019352347494, 0.7028451304947403, 0.79927309325976, 0.7236564782038059, 0.5858196967975957]], "features_2": [[-0.3199582275270827, 0.6888576325064705, 0.0, 0.21888541242969536, 0.47385766179111766, 0.1269894568155411, 0.2614926854108006, 0.6827776577498937, 0.34268478623906873, 0.15599113227738437, 0.00716927026363523, 0.6259613793140715, 0.6532075235418133, 0.6679033796198143, 0.7686212603938471, 0.6901971527489239, 0.569680528472627], [-0.32371114475064466, 0.6859730893859651, 0.0, 0.21486073249950896, 0.47289055274062375, 0.12789601106978796, 0.2816772693967998, 0.6826624339244224, 0.3517681713719367, 0.157927066345259, 0.007616154688146137, 0.6256209423022212, 0.6565528252866859, 0.6845535626974395, 0.7764792315063431, 0.7005437365985743, 0.5809708456116878], [-0.2824363906243441, 0.8329930280515235, 0.0, 0.21525711864184927, 0.5168351760281341, 0.12750441758456027, 0.2445914629103733, 0.6823066551449583, 0.3489520746597736, 0.1875529539009957, 0.007281081678807366, 0.6266613850996721, 0.6436210397140182, 0.6605571987336964, 0.7696530696459852, 0.6948437094511631, 0.5758772999424496], [-0.17460117538335362, 0.8724840910059213, 0.0, 0.22957285062158514, 0.5209190234068204, 0.13052409963147993, 0.17901923485227939, 0.6781580688660735, 0.37160235657298313, 0.2006803825729302, 0.007392832833969631, 0.6300151836143875, 0.6478951334140168, 0.6741092734963305, 0.7705641346227706, 0.6934805421401875, 0.5767903813554206], [-0.19579089446490228, 0.659610672543589, 0.0, 0.209028995264643, 0.4638543441274511, 0.1272781656104473, 0.2858857768822979, 0.6830563667673812, 0.34543040262365055, 0.15009852834105475, 0.00716927026363523, 0.6139445107933867, 0.6586544280784719, 0.6863089796394561, 0.7754963996938288, 0.7049301701053027, 0.5746456450793334], [-0.22397561970241808, 0.8664649796632758, 0.0, 0.21499707076222863, 0.5254242028093354, 0.12714207682359754, 0.2342805498450467, 0.6825705067792815, 0.3454520034907762, 0.19401842816374804, 0.007281081678807366, 0.6261505805304437, 0.6508914857758626, 0.6766837178950608, 0.7689265798738101, 0.6856559624770596, 0.5687031914461889], [0.8239200952000192, 0.8548356981465441, 0.0, 0.3183196053621244, 0.5186372497175482, 0.1276230903934313, 0.22604192970469014, 0.6816484922548948, 0.3579384033449533, 0.19132261707839882, 0.007504523810135222, 0.5765836860608857, 0.6320931710028024, 0.6574214364351822, 0.7654988384884517, 0.6968966811300424, 0.5611970411692734], [0.8000733514045275, 0.7400494522477357, 0.0, 0.25305572402483206, 0.49563063070644997, 0.12283947629795108, 0.2491585285564973, 0.686223020758911, 0.33420676583029296, 0.15801148905102957, 0.0069454663283523566, 0.5783015223032066, 0.6229755554742016, 0.6378875113179638, 0.7600601650905826, 0.7235508190674994, 0.5468089054605804], [0.7383929550561397, 0.8169358884452427, 0.0, 0.2562026446313869, 0.5169752524711355, 0.12217336300516962, 0.22069850108619846, 0.686203044828829, 0.3308648654979691, 0.17376157898659983, 0.00716927026363523, 0.577659443762808, 0.6254938405198501, 0.647358938730624, 0.7524530835587899, 0.6801382477759269, 0.5376362608988199]]}