{"labels_1": ["1", "2", "3", "4", "5", "6", "7", "8", "9"], "labels_2": ["1", "2", "3", "4", "5", "6", "7", "8", "9"], "adj_matrix_1": [[0.0, 0.24312, 0.03639, 0.30077, 0.05658, 0.03702, 0.0739, 0.35756, 0.26815], [0.24312, 0.0, 0.23426, 0.22218, 0.2282, 0.24878, 0.25211, 0.19871, 0.23238], [0.03639, 0.23426, 0.0, 0.31452, 0.02047, 0.0728, 0.10848, 0.3608, 0.28655], [0.30077, 0.22218, 0.31452, 0.0, 0.31986, 0.28266, 0.26001, 0.12101, 0.05485], [0.05658, 0.2282, 0.02047, 0.31986, 0.0, 0.09232, 0.12704, 0.36035, 0.29483], [0.03702, 0.24878, 0.0728, 0.28266, 0.09232, 0.0, 0.03748, 0.34964, 0.24542], [0.0739, 0.25211, 0.10848, 0.26001, 0.12704, 0.03748, 0.0, 0.33684, 0.21865], [0.35756, 0.19871, 0.3608, 0.12101, 0.36035, 0.34964, 0.33684, 0.0, 0.17249], [0.26815, 0.23238, 0.28655, 0.05485, 0.29483, 0.24542, 0.21865, 0.17249, 0.0]], "adj_matrix_2": [[0.0, 0.09571, 0.04723, 0.0441, 0.00119, 0.00415, 0.22803, 0.33278, 0.2188], [0.09571, 0.0, 0.13736, 0.13469, 0.0968, 0.09184, 0.26713, 0.30688, 0.26186], [0.04723, 0.13736, 0.0, 0.00318, 0.04605, 0.05131, 0.1971, 0.33263, 0.18625], [0.0441, 0.13469, 0.00318, 0.0, 0.04292, 0.04819, 0.19939, 0.33292, 0.18863], [0.00119, 0.0968, 0.04605, 0.04292, 0.0, 0.00534, 0.22731, 0.33286, 0.21805], [0.00415, 0.09184, 0.05131, 0.04819, 0.00534, 0.0, 0.2305, 0.33251, 0.22139], [0.22803, 0.26713, 0.1971, 0.19939, 0.22731, 0.2305, 0.0, 0.23415, 0.01407], [0.33278, 0.30688, 0.33263, 0.33292, 0.33286, 0.33251, 0.23415, 0.0, 0.24457], [0.2188, 0.26186, 0.18625, 0.18863, 0.21805, 0.22139, 0.01407, 0.24457, 0.0]], "features_1": [[0.04253815832281704, 0.7513205099676191, 0.0, 0.23772558750814998, 0.5033365528605472, 0.12513587802894952, 0.38521769357419017, 0.6867068854448257, 0.3475322818541693, 0.16443137603652103, 0.0069454663283523566, 0.6089892733818427, 0.6592374391038291, 0.650410569769113, 0.7838159303628442, 0.7133456777730894, 0.599062213322498], [0.44924413812664543, 0.7446443675122122, 0.0, 0.27213104020344603, 0.49582467146350495, 0.12996529302486304, 0.34491771885279193, 0.6830951941545684, 0.37388885071078226, 0.16952732379984892, 0.007504523810135222, 0.5859305586219903, 0.6541303037804277, 0.6745082930338034, 0.7921113941846133, 0.7066493721758932, 0.6114467388535465], [0.07891032491118288, 0.8850290206335376, 0.0, 0.24526413203750577, 0.541807314066921, 0.12532243959192838, 0.38648480271153146, 0.6866964748286519, 0.3460083465254524, 0.19089613636452052, 0.006721420376576193, 0.6090615145416782, 0.6480778594944219, 0.6363552613954592, 0.7839505551019971, 0.7165479804919221, 0.5983882940391184], [-0.20448586773194855, 0.9131584824307981, 0.0, 0.23867848675827336, 0.5508938176702173, 0.1234149757690721, 0.42326579628156935, 0.6881475824227026, 0.345579983181759, 0.19790649441725972, 0.007392832833969631, 0.6244082756490443, 0.663257661518552, 0.6783469605738045, 0.7826205287676765, 0.7249180318827293, 0.5834679308237286], [0.374659244212344, 0.7194475631659203, 0.0, 0.2765888743776577, 0.4932874062245707, 0.12772751381507697, 0.41554646318157606, 0.6858699528619228, 0.37139987601306346, 0.16257248885058218, 0.007616154688146137, 0.5926952910878531, 0.6580317771658875, 0.6901392825658486, 0.7931898541046621, 0.7132471932861533, 0.5972507757782405], [-0.021768878726338148, 0.8926367036077354, 0.0, 0.23181106355693773, 0.5478326070305741, 0.12423670412899707, 0.47390175460263534, 0.6885275674084603, 0.3465992531760176, 0.19287907063418874, 0.006609306440138685, 0.6095503676391023, 0.6635664369873365, 0.6772642813998352, 0.7898135034059044, 0.7263064107323688, 0.5928049649246107], [0.2237652141639841, 0.8544772359331483, 0.0, 0.2406549486841967, 0.5340517428708563, 0.12444730960570766, 0.4263108937718343, 0.68755085032647, 0.36909454374546957, 0.18628088081714367, 0.007448685839370306, 0.6046052707437641, 0.662368151021155, 0.6808728052303481, 0.7867158503260329, 0.719772003446533, 0.5928112963399349], [-0.38501967064972353, 0.7368071740897458, 0.0, 0.2257336295128794, 0.5087051401971411, 0.12139038318542222, 0.5551813324481877, 0.690423873022912, 0.32620483769470243, 0.16017879423044645, 0.0064410216040902135, 0.623420134814954, 0.6776549722036764, 0.6905232630197992, 0.7894299300564306, 0.7060179668701864, 0.5830147861744499], [-0.194165714723586, 0.7778249595246197, 0.0, 0.23630319309321213, 0.5224872676734709, 0.1217167766321377, 0.5688581465397611, 0.6905326616977355, 0.34218586437453125, 0.16811310235239008, 0.0064410216040902135, 0.6095151740440095, 0.6567584500976253, 0.6778312635110192, 0.7919904556411258, 0.6992895325664461, 0.5939622225948186]], "features_2": [[0.38301218014823935, 0.7149139931179322, 0.0, 0.2662164494341801, 0.4995238457517889, 0.12041490879558564, 0.43782350661868963, 0.6898085640946622, 0.3384642088469385, 0.1515083342961976, 0.00677745458930179, 0.5967974190589085, 0.6570012305027638, 0.6498294266352528, 0.7739507486587938, 0.7170932300737127, 0.581839663378074], [0.4815829362115793, 0.7093963978772179, 0.0, 0.2715482238689459, 0.49260755451336613, 0.12321005236860043, 0.41274155480681146, 0.6882814017005996, 0.33112170190335877, 0.15276925699272903, 0.00655322669591385, 0.5899231323324972, 0.6631723565342336, 0.6756628006896345, 0.7809966039025211, 0.7061121040399551, 0.5727636338000585], [0.13409528148023586, 0.8666071228485268, 0.0, 0.2511449276756094, 0.5401898301341723, 0.12202896714170332, 0.39277597326769753, 0.6886673744836725, 0.3462486620240841, 0.18639140719262404, 0.006889477554966383, 0.5958130703815581, 0.6461175122250153, 0.6541420270659773, 0.775002577249363, 0.7117967762606955, 0.5873133324720881], [0.15732085541076035, 0.8785209214091733, 0.0, 0.23881149531574364, 0.5435330224804799, 0.12169002100776054, 0.3659585773282238, 0.6884618446852286, 0.3386191745524578, 0.18785535416248256, 0.007225183508792421, 0.6015036625760617, 0.6585311831463659, 0.6677048938302405, 0.7719396937699329, 0.706291085867401, 0.5939357351588529], [0.05610228151588359, 0.6907136329237289, 0.0, 0.25611837059890263, 0.4858415064520682, 0.12397532793229876, 0.4350839318730856, 0.688078323848372, 0.3364442069933973, 0.15176582132796956, 0.006497131753992358, 0.5959095060946753, 0.6424478828890936, 0.6574451198758503, 0.7850647160006984, 0.7005008014725027, 0.5757819342921782], [0.16691794908075774, 0.8812462320866669, 0.0, 0.25937962328141906, 0.5433405603047944, 0.12368184052469532, 0.4286033014041287, 0.6882456025121794, 0.350466754674025, 0.1914132576745069, 0.00677745458930179, 0.5940229339535641, 0.6555555676196082, 0.6660165134158168, 0.7826525191957341, 0.721008241726482, 0.5905552736964501], [0.3885890303741282, 0.8377356488623258, 0.0, 0.2775366272014275, 0.5326150739228477, 0.12228528195083357, 0.3998387243623164, 0.6886643574165876, 0.3329360031537958, 0.17769098393915272, 0.006889477554966383, 0.5980684052835852, 0.6355564313423552, 0.6347172874150184, 0.7772873853033777, 0.700207114813943, 0.5927946036684385], [-0.31535482399198056, 0.7202338492780238, 0.0, 0.24498619639908514, 0.49353808831099666, 0.1217245021912981, 0.436834831749313, 0.6888848016096885, 0.32106177658375756, 0.1560166410008761, 0.006721420376576193, 0.6184885221894421, 0.6625881930049118, 0.6888090517232979, 0.7768376175313568, 0.6624625332657725, 0.5576899116884073], [-0.05470191258322199, 0.7921548029869357, 0.0, 0.24050321008144487, 0.5182339496645658, 0.1203941196515442, 0.3938874209478108, 0.6891275999500366, 0.3086347990514149, 0.16683055456507034, 0.006497131753992358, 0.6040756379007153, 0.6496823227511548, 0.6504485213784436, 0.7693723123414655, 0.6979479057831467, 0.5520311133311404]]}