{"labels_1": ["1", "2", "3", "4", "5", "6", "7", "8", "9"], "labels_2": ["1", "2", "3", "4", "5", "6", "7", "8", "9"], "adj_matrix_1": [[0.0, 0.24312, 0.03639, 0.30077, 0.05658, 0.03702, 0.0739, 0.35756, 0.26815], [0.24312, 0.0, 0.23426, 0.22218, 0.2282, 0.24878, 0.25211, 0.19871, 0.23238], [0.03639, 0.23426, 0.0, 0.31452, 0.02047, 0.0728, 0.10848, 0.3608, 0.28655], [0.30077, 0.22218, 0.31452, 0.0, 0.31986, 0.28266, 0.26001, 0.12101, 0.05485], [0.05658, 0.2282, 0.02047, 0.31986, 0.0, 0.09232, 0.12704, 0.36035, 0.29483], [0.03702, 0.24878, 0.0728, 0.28266, 0.09232, 0.0, 0.03748, 0.34964, 0.24542], [0.0739, 0.25211, 0.10848, 0.26001, 0.12704, 0.03748, 0.0, 0.33684, 0.21865], [0.35756, 0.19871, 0.3608, 0.12101, 0.36035, 0.34964, 0.33684, 0.0, 0.17249], [0.26815, 0.23238, 0.28655, 0.05485, 0.29483, 0.24542, 0.21865, 0.17249, 0.0]], "adj_matrix_2": [[0.0, 0.25001, 0.08072, 0.05751, 0.30434, 0.0601, 0.17409, 0.18941, 0.01105], [0.25001, 0.0, 0.28931, 0.28011, 0.0894, 0.28125, 0.09873, 0.30029, 0.25658], [0.08072, 0.28931, 0.0, 0.02399, 0.32548, 0.02136, 0.23245, 0.12553, 0.07011], [0.05751, 0.28011, 0.02399, 0.0, 0.3218, 0.00264, 0.21735, 0.14558, 0.04667], [0.30434, 0.0894, 0.32548, 0.3218, 0.0, 0.32232, 0.182, 0.30682, 0.30858], [0.0601, 0.28125, 0.02136, 0.00264, 0.32232, 0.0, 0.21905, 0.14349, 0.04928], [0.17409, 0.09873, 0.23245, 0.21735, 0.182, 0.21905, 0.0, 0.27906, 0.18298], [0.18941, 0.30029, 0.12553, 0.14558, 0.30682, 0.14349, 0.27906, 0.0, 0.18162], [0.01105, 0.25658, 0.07011, 0.04667, 0.30858, 0.04928, 0.18298, 0.18162, 0.0]], "features_1": [[0.04253815832281704, 0.7513205099676191, 0.0, 0.23772558750814998, 0.5033365528605472, 0.12513587802894952, 0.38521769357419017, 0.6867068854448257, 0.3475322818541693, 0.16443137603652103, 0.0069454663283523566, 0.6089892733818427, 0.6592374391038291, 0.650410569769113, 0.7838159303628442, 0.7133456777730894, 0.599062213322498], [0.44924413812664543, 0.7446443675122122, 0.0, 0.27213104020344603, 0.49582467146350495, 0.12996529302486304, 0.34491771885279193, 0.6830951941545684, 0.37388885071078226, 0.16952732379984892, 0.007504523810135222, 0.5859305586219903, 0.6541303037804277, 0.6745082930338034, 0.7921113941846133, 0.7066493721758932, 0.6114467388535465], [0.07891032491118288, 0.8850290206335376, 0.0, 0.24526413203750577, 0.541807314066921, 0.12532243959192838, 0.38648480271153146, 0.6866964748286519, 0.3460083465254524, 0.19089613636452052, 0.006721420376576193, 0.6090615145416782, 0.6480778594944219, 0.6363552613954592, 0.7839505551019971, 0.7165479804919221, 0.5983882940391184], [-0.20448586773194855, 0.9131584824307981, 0.0, 0.23867848675827336, 0.5508938176702173, 0.1234149757690721, 0.42326579628156935, 0.6881475824227026, 0.345579983181759, 0.19790649441725972, 0.007392832833969631, 0.6244082756490443, 0.663257661518552, 0.6783469605738045, 0.7826205287676765, 0.7249180318827293, 0.5834679308237286], [0.374659244212344, 0.7194475631659203, 0.0, 0.2765888743776577, 0.4932874062245707, 0.12772751381507697, 0.41554646318157606, 0.6858699528619228, 0.37139987601306346, 0.16257248885058218, 0.007616154688146137, 0.5926952910878531, 0.6580317771658875, 0.6901392825658486, 0.7931898541046621, 0.7132471932861533, 0.5972507757782405], [-0.021768878726338148, 0.8926367036077354, 0.0, 0.23181106355693773, 0.5478326070305741, 0.12423670412899707, 0.47390175460263534, 0.6885275674084603, 0.3465992531760176, 0.19287907063418874, 0.006609306440138685, 0.6095503676391023, 0.6635664369873365, 0.6772642813998352, 0.7898135034059044, 0.7263064107323688, 0.5928049649246107], [0.2237652141639841, 0.8544772359331483, 0.0, 0.2406549486841967, 0.5340517428708563, 0.12444730960570766, 0.4263108937718343, 0.68755085032647, 0.36909454374546957, 0.18628088081714367, 0.007448685839370306, 0.6046052707437641, 0.662368151021155, 0.6808728052303481, 0.7867158503260329, 0.719772003446533, 0.5928112963399349], [-0.38501967064972353, 0.7368071740897458, 0.0, 0.2257336295128794, 0.5087051401971411, 0.12139038318542222, 0.5551813324481877, 0.690423873022912, 0.32620483769470243, 0.16017879423044645, 0.0064410216040902135, 0.623420134814954, 0.6776549722036764, 0.6905232630197992, 0.7894299300564306, 0.7060179668701864, 0.5830147861744499], [-0.194165714723586, 0.7778249595246197, 0.0, 0.23630319309321213, 0.5224872676734709, 0.1217167766321377, 0.5688581465397611, 0.6905326616977355, 0.34218586437453125, 0.16811310235239008, 0.0064410216040902135, 0.6095151740440095, 0.6567584500976253, 0.6778312635110192, 0.7919904556411258, 0.6992895325664461, 0.5939622225948186]], "features_2": [[0.0022194878314993893, 0.820534776361236, 0.0, 0.24360145498202715, 0.5338738641831932, 0.12110509466255595, 0.40286923200860014, 0.6893427087914157, 0.3365027373470246, 0.17694515592370763, 0.00711334193318236, 0.6015595227751878, 0.6525572572899107, 0.6798953612871639, 0.7763415978480936, 0.6834570937314779, 0.573898637250418], [-0.43745375352657456, 0.7460147455805731, 0.0, 0.19546421228467803, 0.5096215305156382, 0.12431044999955676, 0.39937146176634286, 0.6877248369190888, 0.35447873174582334, 0.1681700111830713, 0.00711334193318236, 0.6241098547621688, 0.6751009653569049, 0.7013149736597979, 0.7844765048576182, 0.7049232506529509, 0.590192240432592], [0.11997019354885996, 0.9112210961140934, 0.0, 0.24835071772783046, 0.5623116280704994, 0.12009052510012855, 0.4315167722004659, 0.6902563355845631, 0.33468157595225345, 0.1935447614255703, 0.006889477554966383, 0.5942277913414351, 0.645918156565759, 0.6792957829724267, 0.7770791578885871, 0.6932276512870291, 0.5718261100489122], [-0.03377974033011233, 1.008605069722472, 0.0, 0.2321073969953278, 0.5760834746252808, 0.12279678351165879, 0.3596100246755881, 0.6878656171865768, 0.3451518935473976, 0.21600988432997714, 0.007057398507269275, 0.6052471932333394, 0.6557488177418591, 0.674096674196047, 0.7748513633209196, 0.6997007470954798, 0.5719095014614427], [-0.26027992513660925, 0.7466033784312006, 0.0, 0.17044822111354282, 0.5040979849587047, 0.126787162248327, 0.3496236131108468, 0.6854267443059289, 0.35984983976392004, 0.16941761288882118, 0.007448685839370306, 0.621327935135807, 0.6616344507568134, 0.689650313888526, 0.7855645110973483, 0.6936584711820747, 0.59415938701282], [0.08738348761911174, 0.928019598626028, 0.0, 0.2870879597861786, 0.5616626121787135, 0.1262736344487097, 0.4946947427918332, 0.6883485761825632, 0.3718057114244808, 0.20524209372983981, 0.007392832833969631, 0.6047056553613073, 0.6742292987175628, 0.7108244879779576, 0.7967373124462791, 0.7074509921519163, 0.5844802842605324], [0.09953964468753007, 1.010289301070791, 0.0, 0.21523228834580888, 0.5702459082249922, 0.12664995416089395, 0.3534968798372063, 0.6846778816751531, 0.3604991577552028, 0.21858861471672886, 0.0069454663283523566, 0.6074095627537144, 0.6557593342907341, 0.6649997252653231, 0.7750606565940925, 0.7000420829251156, 0.5805137351354204], [0.3876168408542986, 0.7883021799818569, 0.0, 0.284388623084026, 0.518154978894576, 0.12138024026411154, 0.3242888698810432, 0.6881287543829088, 0.3259173270881781, 0.167731071958521, 0.007057398507269275, 0.5816579838229614, 0.6471523367377222, 0.672757442077517, 0.7669500583384536, 0.689927305206417, 0.5763876045222714], [0.1323476020885952, 0.8610247396374994, 0.0, 0.28610604805741774, 0.5386932968229539, 0.12065469721102809, 0.3010985146054111, 0.6882496562686644, 0.3235085363066481, 0.18260817575527, 0.006609306440138685, 0.592776472533902, 0.6332378625275124, 0.6566232497590734, 0.7622237898320536, 0.679142809901688, 0.576570875217679]]}