{"labels_1": ["1", "2", "3", "4", "5", "6", "7", "8", "9"], "labels_2": ["1", "2", "3", "4", "5", "6", "7", "8", "9"], "adj_matrix_1": [[0.0, 0.2125, 0.06078, 0.14643, 0.07633, 0.15722, 0.22754, 0.24021, 0.18956], [0.2125, 0.0, 0.16621, 0.29613, 0.26058, 0.0728, 0.02467, 0.33239, 0.31456], [0.06078, 0.16621, 0.0, 0.19851, 0.134, 0.10231, 0.18493, 0.28067, 0.23688], [0.14643, 0.29613, 0.19851, 0.0, 0.0737, 0.26787, 0.30127, 0.10929, 0.04862], [0.07633, 0.26058, 0.134, 0.0737, 0.0, 0.21841, 0.27058, 0.17777, 0.12072], [0.15722, 0.0728, 0.10231, 0.26787, 0.21841, 0.0, 0.09613, 0.32452, 0.29532], [0.22754, 0.02467, 0.18493, 0.30127, 0.27058, 0.09613, 0.0, 0.3305, 0.31648], [0.24021, 0.33239, 0.28067, 0.10929, 0.17777, 0.32452, 0.3305, 0.0, 0.06178], [0.18956, 0.31456, 0.23688, 0.04862, 0.12072, 0.29532, 0.31648, 0.06178, 0.0]], "adj_matrix_2": [[0.0, 0.23745, 0.01285, 0.2134, 0.30534, 0.25602, 0.3037, 0.26402, 0.31087], [0.23745, 0.0, 0.23135, 0.04042, 0.18006, 0.03721, 0.17531, 0.05424, 0.20882], [0.01285, 0.23135, 0.0, 0.20594, 0.30615, 0.25151, 0.3046, 0.26, 0.31292], [0.2134, 0.04042, 0.20594, 0.0, 0.21252, 0.07703, 0.20823, 0.09358, 0.23891], [0.30534, 0.18006, 0.30615, 0.21252, 0.0, 0.14748, 0.00532, 0.13184, 0.03433], [0.25602, 0.03721, 0.25151, 0.07703, 0.14748, 0.0, 0.14265, 0.01718, 0.17819], [0.3037, 0.17531, 0.3046, 0.20823, 0.00532, 0.14265, 0.0, 0.12679, 0.03963], [0.26402, 0.05424, 0.26, 0.09358, 0.13184, 0.01718, 0.12679, 0.0, 0.16321], [0.31087, 0.20882, 0.31292, 0.23891, 0.03433, 0.17819, 0.03963, 0.16321, 0.0]], "features_1": [[0.5402931030672291, 0.8252805241549732, 0.0, 0.2729352575834278, 0.5251267456319099, 0.12674412851094835, 0.7300868848677105, 0.6866775598878871, 0.36744555034676996, 0.17990703626572824, 0.007448685839370306, 0.6032717028689818, 0.6444876168686063, 0.6654194023376673, 0.7733580882053558, 0.6912152541359017, 0.5957330212377583], [0.5229114416509284, 0.8480894852642635, 0.0, 0.27493809374931877, 0.5244166844934515, 0.12458559352634965, 0.5125620138478588, 0.6864131438577185, 0.3638910198091485, 0.18204742620439252, 0.007225183508792421, 0.5976671754730505, 0.6336512396110339, 0.6444252604038336, 0.7645741257571997, 0.7015937045134901, 0.5847703382465294], [0.6442264842640384, 0.9462411898052087, 0.0, 0.2825684102606791, 0.556920782300538, 0.12635048008450578, 0.6948051348911705, 0.6867607456688776, 0.3639562279077584, 0.20254537334142575, 0.007336964783822175, 0.5908389658445392, 0.6478497076033913, 0.6680906852377407, 0.7739754618724615, 0.7080252978958267, 0.5942463916356789], [0.2564576952771538, 0.9615493771233294, 0.0, 0.2652240409212584, 0.5569237587453799, 0.12899171169560675, 0.6792678942847182, 0.6848313163125387, 0.3772783494215901, 0.21094824148817115, 0.007448685839370306, 0.6136851667033041, 0.6529915468936647, 0.6682373775770406, 0.778671974858086, 0.6899707888586464, 0.6009033073050581], [0.2268252709975913, 0.7960469811728713, 0.0, 0.2576531754055605, 0.5115715243938773, 0.12532002596565323, 0.5392994362979451, 0.6861029729517322, 0.3641145352271844, 0.17372609168986464, 0.007671947615560004, 0.6044315484059537, 0.6262115218854795, 0.6316003541734347, 0.7672595160752498, 0.7164176940037845, 0.5776889965652222], [0.5597763924484265, 0.9522559647795088, 0.0, 0.3037442281011564, 0.5578370448776985, 0.12659442958122832, 0.7418366544278434, 0.6873203054835777, 0.37069888201566736, 0.2056510220059644, 0.007448685839370306, 0.5908686514707859, 0.6509002764589003, 0.66562332182905, 0.7788650115888338, 0.7081091312108287, 0.5900325946363956], [0.7593241946761804, 0.9546819841156043, 0.0, 0.25373768426570265, 0.5522933156090296, 0.1298884759961558, 0.662222520736578, 0.6839807610734736, 0.37695318878494843, 0.20765564422344385, 0.007336964783822175, 0.5848560975571833, 0.6282606953458838, 0.648990891487539, 0.7774915757040881, 0.7081345276102937, 0.594748482378082], [-0.020933376302401552, 0.7494940391782542, 0.0, 0.25923839681614036, 0.4972942106117554, 0.12949678837256207, 0.6887036057826578, 0.6845172337605043, 0.38094577718590306, 0.17020836914285908, 0.007560346756364078, 0.6201881867094547, 0.6446106832604865, 0.6661003606926456, 0.778923373498145, 0.7080965173473168, 0.5919870050720566], [0.2928126035734997, 0.7849614181525436, 0.0, 0.26811068806041377, 0.507251398827425, 0.13096507909618837, 0.730186768135303, 0.6843426719068952, 0.4017417859109733, 0.178039219700161, 0.007894969482732161, 0.6145382673868993, 0.6451615831005819, 0.6758957443424464, 0.7848412396594667, 0.7103290707238062, 0.6016261549105154]], "features_2": [[0.5797429447139995, 0.8045642984136602, 0.0, 0.23587183386487173, 0.5382807136801099, 0.11727213562178569, 0.5106504645417758, 0.6914607155349511, 0.30620767431466556, 0.16284949656073877, 0.006384896235913207, 0.5691669745097521, 0.6428112537358344, 0.65202371841822, 0.7688028644656795, 0.7092380551371819, 0.5705579439467233], [0.2571363355826364, 0.8177781240161134, 0.0, 0.22051764874453314, 0.5254023099951675, 0.1250356169253996, 0.30019986553921, 0.685824520982971, 0.352930232075614, 0.1787541583074903, 0.006889477554966383, 0.5964844939656895, 0.652132775747901, 0.6709596416849823, 0.7748995341583141, 0.7109039683009207, 0.5912038728501091], [0.5123686703432817, 0.9588364612762961, 0.0, 0.23074354909808006, 0.5770498682848236, 0.11869069714053751, 0.503067303442451, 0.6909305934986218, 0.32745348415625997, 0.19614654378634322, 0.00655322669591385, 0.5731856766175762, 0.6553537846718148, 0.6777596312663836, 0.7701385004277265, 0.7210512413075668, 0.5775446966024143], [0.39081871622176356, 0.9751328660247417, 0.0, 0.23386658481479236, 0.5807177041028685, 0.11913721719039921, 0.5479895924102998, 0.6909543334772412, 0.3278250329190242, 0.200065068077673, 0.006497131753992358, 0.5841655582425593, 0.6490316454154771, 0.6842499080997212, 0.7729435324179517, 0.7178506129347119, 0.5693209703541726], [-0.1625082356255052, 0.7699320978673065, 0.0, 0.19744263445811444, 0.5126454650073085, 0.12512043896064454, 0.3712927952111912, 0.6868069609762797, 0.36034808065179136, 0.17263261972993615, 0.007504523810135222, 0.6191357965284787, 0.6544753530335902, 0.6840636350119119, 0.7832758651827881, 0.6950095351483365, 0.5905763760357808], [0.2740276243963997, 1.0145096049310376, 0.0, 0.2058876240504066, 0.5840054662124751, 0.12542841199611018, 0.4940685896292386, 0.6883516858677061, 0.3690581290301189, 0.21689366107484775, 0.00711334193318236, 0.5969291369458269, 0.662860978473459, 0.6944807565592449, 0.7882473099279635, 0.717363633352731, 0.5926315788570264], [0.12154793396093888, 1.0574801641611318, 0.0, 0.212059121424351, 0.5887027474769453, 0.118999648202731, 0.27638697115480115, 0.6888071007149535, 0.30846856284439417, 0.21736941538383991, 0.00683347364535547, 0.601628194840369, 0.6354733844895736, 0.6469221588798157, 0.7511168129976936, 0.6706301610230649, 0.5636175057408823], [0.14094903941150783, 0.832861956107261, 0.0, 0.23177285376212842, 0.5458261345060598, 0.11578947435873321, 0.47443420339535936, 0.6917488537395485, 0.3046350382451566, 0.16954106819652237, 0.006721420376576193, 0.5973791532569996, 0.6497001592099135, 0.6516033765235958, 0.7629863085704244, 0.6935524539747356, 0.5643152851397812], [0.04334334656763783, 0.892443203700098, 0.0, 0.22286168567074993, 0.5614547673594333, 0.11564775220689824, 0.4377150120153644, 0.6916858944062918, 0.3002501842957688, 0.18153013447294208, 0.006497131753992358, 0.6077129329479409, 0.6622043517883278, 0.6660517170589042, 0.7605992397035939, 0.6820270836503499, 0.5704595263219813]]}