{"labels_1": ["1", "2", "3", "4", "5", "6", "7", "8", "9"], "labels_2": ["1", "2", "3", "4", "5", "6", "7", "8", "9"], "adj_matrix_1": [[0.0, 0.24312, 0.03639, 0.30077, 0.05658, 0.03702, 0.0739, 0.35756, 0.26815], [0.24312, 0.0, 0.23426, 0.22218, 0.2282, 0.24878, 0.25211, 0.19871, 0.23238], [0.03639, 0.23426, 0.0, 0.31452, 0.02047, 0.0728, 0.10848, 0.3608, 0.28655], [0.30077, 0.22218, 0.31452, 0.0, 0.31986, 0.28266, 0.26001, 0.12101, 0.05485], [0.05658, 0.2282, 0.02047, 0.31986, 0.0, 0.09232, 0.12704, 0.36035, 0.29483], [0.03702, 0.24878, 0.0728, 0.28266, 0.09232, 0.0, 0.03748, 0.34964, 0.24542], [0.0739, 0.25211, 0.10848, 0.26001, 0.12704, 0.03748, 0.0, 0.33684, 0.21865], [0.35756, 0.19871, 0.3608, 0.12101, 0.36035, 0.34964, 0.33684, 0.0, 0.17249], [0.26815, 0.23238, 0.28655, 0.05485, 0.29483, 0.24542, 0.21865, 0.17249, 0.0]], "adj_matrix_2": [[0.0, 0.2912, 0.26071, 0.13294, 0.15659, 0.22932, 0.27373, 0.2132, 0.13978], [0.2912, 0.0, 0.17216, 0.26251, 0.25308, 0.12793, 0.1511, 0.14585, 0.19236], [0.26071, 0.17216, 0.0, 0.1617, 0.13902, 0.22931, 0.02769, 0.23036, 0.20535], [0.13294, 0.26251, 0.1617, 0.0, 0.02633, 0.24513, 0.18359, 0.23426, 0.17216], [0.15659, 0.25308, 0.13902, 0.02633, 0.0, 0.24607, 0.1623, 0.23668, 0.17837], [0.22932, 0.12793, 0.22931, 0.24513, 0.24607, 0.0, 0.22082, 0.02444, 0.11743], [0.27373, 0.1511, 0.02769, 0.18359, 0.1623, 0.22082, 0.0, 0.22426, 0.20804], [0.2132, 0.14585, 0.23036, 0.23426, 0.23668, 0.02444, 0.22426, 0.0, 0.09766], [0.13978, 0.19236, 0.20535, 0.17216, 0.17837, 0.11743, 0.20804, 0.09766, 0.0]], "features_1": [[0.04253815832281704, 0.7513205099676191, 0.0, 0.23772558750814998, 0.5033365528605472, 0.12513587802894952, 0.38521769357419017, 0.6867068854448257, 0.3475322818541693, 0.16443137603652103, 0.0069454663283523566, 0.6089892733818427, 0.6592374391038291, 0.650410569769113, 0.7838159303628442, 0.7133456777730894, 0.599062213322498], [0.44924413812664543, 0.7446443675122122, 0.0, 0.27213104020344603, 0.49582467146350495, 0.12996529302486304, 0.34491771885279193, 0.6830951941545684, 0.37388885071078226, 0.16952732379984892, 0.007504523810135222, 0.5859305586219903, 0.6541303037804277, 0.6745082930338034, 0.7921113941846133, 0.7066493721758932, 0.6114467388535465], [0.07891032491118288, 0.8850290206335376, 0.0, 0.24526413203750577, 0.541807314066921, 0.12532243959192838, 0.38648480271153146, 0.6866964748286519, 0.3460083465254524, 0.19089613636452052, 0.006721420376576193, 0.6090615145416782, 0.6480778594944219, 0.6363552613954592, 0.7839505551019971, 0.7165479804919221, 0.5983882940391184], [-0.20448586773194855, 0.9131584824307981, 0.0, 0.23867848675827336, 0.5508938176702173, 0.1234149757690721, 0.42326579628156935, 0.6881475824227026, 0.345579983181759, 0.19790649441725972, 0.007392832833969631, 0.6244082756490443, 0.663257661518552, 0.6783469605738045, 0.7826205287676765, 0.7249180318827293, 0.5834679308237286], [0.374659244212344, 0.7194475631659203, 0.0, 0.2765888743776577, 0.4932874062245707, 0.12772751381507697, 0.41554646318157606, 0.6858699528619228, 0.37139987601306346, 0.16257248885058218, 0.007616154688146137, 0.5926952910878531, 0.6580317771658875, 0.6901392825658486, 0.7931898541046621, 0.7132471932861533, 0.5972507757782405], [-0.021768878726338148, 0.8926367036077354, 0.0, 0.23181106355693773, 0.5478326070305741, 0.12423670412899707, 0.47390175460263534, 0.6885275674084603, 0.3465992531760176, 0.19287907063418874, 0.006609306440138685, 0.6095503676391023, 0.6635664369873365, 0.6772642813998352, 0.7898135034059044, 0.7263064107323688, 0.5928049649246107], [0.2237652141639841, 0.8544772359331483, 0.0, 0.2406549486841967, 0.5340517428708563, 0.12444730960570766, 0.4263108937718343, 0.68755085032647, 0.36909454374546957, 0.18628088081714367, 0.007448685839370306, 0.6046052707437641, 0.662368151021155, 0.6808728052303481, 0.7867158503260329, 0.719772003446533, 0.5928112963399349], [-0.38501967064972353, 0.7368071740897458, 0.0, 0.2257336295128794, 0.5087051401971411, 0.12139038318542222, 0.5551813324481877, 0.690423873022912, 0.32620483769470243, 0.16017879423044645, 0.0064410216040902135, 0.623420134814954, 0.6776549722036764, 0.6905232630197992, 0.7894299300564306, 0.7060179668701864, 0.5830147861744499], [-0.194165714723586, 0.7778249595246197, 0.0, 0.23630319309321213, 0.5224872676734709, 0.1217167766321377, 0.5688581465397611, 0.6905326616977355, 0.34218586437453125, 0.16811310235239008, 0.0064410216040902135, 0.6095151740440095, 0.6567584500976253, 0.6778312635110192, 0.7919904556411258, 0.6992895325664461, 0.5939622225948186]], "features_2": [[0.11845071690676656, 0.7915999000502356, 0.0, 0.17962450847063802, 0.510910396543632, 0.13039305486627417, 0.42606163836016864, 0.6843240243530742, 0.3913558401018482, 0.1829785048275696, 0.007727725548673403, 0.6133526537586325, 0.6833627814879388, 0.7081018385224287, 0.7989983856480675, 0.718691527426558, 0.5831562861887235], [0.7020657357060385, 0.8568626227332821, 0.0, 0.23918533864793493, 0.5198834777125048, 0.13313795638536363, 0.3076745031863396, 0.6796214298576964, 0.4063336458934599, 0.19831261022018776, 0.00783923647221818, 0.5952806225124394, 0.6530896559142615, 0.6869231580026526, 0.7945233965511741, 0.729882033781282, 0.5842756751330518], [0.11462782744111255, 0.9441990137643109, 0.0, 0.218961816851744, 0.5508565260617052, 0.13086497289971774, 0.3984209913644811, 0.6836357941438802, 0.3931241675216848, 0.21568739595398978, 0.007504523810135222, 0.6022091330745609, 0.6843020677112152, 0.7190905750519695, 0.7962521876193919, 0.7287756757245775, 0.5840524025944173], [0.3945728884254831, 0.954576125036193, 0.0, 0.20790500887387617, 0.5512802484985125, 0.13115140665932834, 0.4279182147297945, 0.6831150448717852, 0.38610342714902113, 0.2152884546396927, 0.007616154688146137, 0.6019756712766693, 0.6569415182156434, 0.6923290301634475, 0.7948173529081949, 0.7214838583622983, 0.5848586672489241], [0.4680332902442026, 0.8578084905797452, 0.0, 0.24079194497576148, 0.5175068400765643, 0.1329571719091793, 0.3063891375551613, 0.6797178392337053, 0.41124808443116834, 0.19979367566398265, 0.007727725548673403, 0.6047962938662448, 0.6526344141195946, 0.6835203011856555, 0.7935950433784024, 0.7399629100248465, 0.5875546684599778], [0.6543395614685528, 1.0108920761145985, 0.0, 0.27292543618639475, 0.5662057852579978, 0.12891909655818706, 0.43185099815907435, 0.6854372086695877, 0.38316793792824955, 0.22411554415399793, 0.007616154688146137, 0.5872885404470258, 0.675104557297821, 0.7095966376259876, 0.79377741750587, 0.7361040845954112, 0.5724736348580761], [0.3682859929553799, 1.0132879005007263, 0.0, 0.272954589557302, 0.5635782394139737, 0.1279330371288426, 0.39221123088494564, 0.6850517797578948, 0.36479346746627783, 0.2221832367621479, 0.007281081678807366, 0.589062816127931, 0.6524998841510274, 0.6755640319713314, 0.7843284684451444, 0.7066127342960511, 0.5758534223346831], [1.8247982250727661, 0.9728860347237724, 0.0, 0.35242436221954937, 0.5529858199775045, 0.12679395639888028, 0.409180017558657, 0.6854618538231538, 0.39318756453066106, 0.21229236033620835, 0.007950687539111767, 0.5636421478974196, 0.6311789549714415, 0.6617765990879729, 0.7819015975393132, 0.7267683573309691, 0.5794308286929536], [1.9498919975419966, 1.0727008907551088, 0.0, 0.3499770060378738, 0.5801421004748352, 0.12234473913709587, 0.37698382374706085, 0.6879227236042764, 0.3520385598719642, 0.22251855939217413, 0.007392832833969631, 0.5574128403517962, 0.6532676406956424, 0.6715800664375954, 0.7693545624951837, 0.7150168914281457, 0.5547030472289133]]}