{"labels_1": ["1", "2", "3", "4", "5", "6", "7", "8", "9"], "labels_2": ["1", "2", "3", "4", "5", "6", "7", "8", "9"], "adj_matrix_1": [[0.0, 0.24312, 0.03639, 0.30077, 0.05658, 0.03702, 0.0739, 0.35756, 0.26815], [0.24312, 0.0, 0.23426, 0.22218, 0.2282, 0.24878, 0.25211, 0.19871, 0.23238], [0.03639, 0.23426, 0.0, 0.31452, 0.02047, 0.0728, 0.10848, 0.3608, 0.28655], [0.30077, 0.22218, 0.31452, 0.0, 0.31986, 0.28266, 0.26001, 0.12101, 0.05485], [0.05658, 0.2282, 0.02047, 0.31986, 0.0, 0.09232, 0.12704, 0.36035, 0.29483], [0.03702, 0.24878, 0.0728, 0.28266, 0.09232, 0.0, 0.03748, 0.34964, 0.24542], [0.0739, 0.25211, 0.10848, 0.26001, 0.12704, 0.03748, 0.0, 0.33684, 0.21865], [0.35756, 0.19871, 0.3608, 0.12101, 0.36035, 0.34964, 0.33684, 0.0, 0.17249], [0.26815, 0.23238, 0.28655, 0.05485, 0.29483, 0.24542, 0.21865, 0.17249, 0.0]], "adj_matrix_2": [[0.0, 0.08511, 0.02285, 0.06885, 0.26095, 0.00771, 0.24309, 0.13441, 0.04844], [0.08511, 0.0, 0.10715, 0.01664, 0.19981, 0.07758, 0.17669, 0.05182, 0.1315], [0.02285, 0.10715, 0.0, 0.09117, 0.27493, 0.03055, 0.2587, 0.15528, 0.0257], [0.06885, 0.01664, 0.09117, 0.0, 0.21252, 0.06127, 0.1904, 0.0682, 0.11588], [0.26095, 0.19981, 0.27493, 0.21252, 0.0, 0.25577, 0.0295, 0.15703, 0.28986], [0.00771, 0.07758, 0.03055, 0.06127, 0.25577, 0.0, 0.23751, 0.12718, 0.05609], [0.24309, 0.17669, 0.2587, 0.1904, 0.0295, 0.23751, 0.0, 0.13124, 0.27538], [0.13441, 0.05182, 0.15528, 0.0682, 0.15703, 0.12718, 0.13124, 0.0, 0.17817], [0.04844, 0.1315, 0.0257, 0.11588, 0.28986, 0.05609, 0.27538, 0.17817, 0.0]], "features_1": [[0.04253815832281704, 0.7513205099676191, 0.0, 0.23772558750814998, 0.5033365528605472, 0.12513587802894952, 0.38521769357419017, 0.6867068854448257, 0.3475322818541693, 0.16443137603652103, 0.0069454663283523566, 0.6089892733818427, 0.6592374391038291, 0.650410569769113, 0.7838159303628442, 0.7133456777730894, 0.599062213322498], [0.44924413812664543, 0.7446443675122122, 0.0, 0.27213104020344603, 0.49582467146350495, 0.12996529302486304, 0.34491771885279193, 0.6830951941545684, 0.37388885071078226, 0.16952732379984892, 0.007504523810135222, 0.5859305586219903, 0.6541303037804277, 0.6745082930338034, 0.7921113941846133, 0.7066493721758932, 0.6114467388535465], [0.07891032491118288, 0.8850290206335376, 0.0, 0.24526413203750577, 0.541807314066921, 0.12532243959192838, 0.38648480271153146, 0.6866964748286519, 0.3460083465254524, 0.19089613636452052, 0.006721420376576193, 0.6090615145416782, 0.6480778594944219, 0.6363552613954592, 0.7839505551019971, 0.7165479804919221, 0.5983882940391184], [-0.20448586773194855, 0.9131584824307981, 0.0, 0.23867848675827336, 0.5508938176702173, 0.1234149757690721, 0.42326579628156935, 0.6881475824227026, 0.345579983181759, 0.19790649441725972, 0.007392832833969631, 0.6244082756490443, 0.663257661518552, 0.6783469605738045, 0.7826205287676765, 0.7249180318827293, 0.5834679308237286], [0.374659244212344, 0.7194475631659203, 0.0, 0.2765888743776577, 0.4932874062245707, 0.12772751381507697, 0.41554646318157606, 0.6858699528619228, 0.37139987601306346, 0.16257248885058218, 0.007616154688146137, 0.5926952910878531, 0.6580317771658875, 0.6901392825658486, 0.7931898541046621, 0.7132471932861533, 0.5972507757782405], [-0.021768878726338148, 0.8926367036077354, 0.0, 0.23181106355693773, 0.5478326070305741, 0.12423670412899707, 0.47390175460263534, 0.6885275674084603, 0.3465992531760176, 0.19287907063418874, 0.006609306440138685, 0.6095503676391023, 0.6635664369873365, 0.6772642813998352, 0.7898135034059044, 0.7263064107323688, 0.5928049649246107], [0.2237652141639841, 0.8544772359331483, 0.0, 0.2406549486841967, 0.5340517428708563, 0.12444730960570766, 0.4263108937718343, 0.68755085032647, 0.36909454374546957, 0.18628088081714367, 0.007448685839370306, 0.6046052707437641, 0.662368151021155, 0.6808728052303481, 0.7867158503260329, 0.719772003446533, 0.5928112963399349], [-0.38501967064972353, 0.7368071740897458, 0.0, 0.2257336295128794, 0.5087051401971411, 0.12139038318542222, 0.5551813324481877, 0.690423873022912, 0.32620483769470243, 0.16017879423044645, 0.0064410216040902135, 0.623420134814954, 0.6776549722036764, 0.6905232630197992, 0.7894299300564306, 0.7060179668701864, 0.5830147861744499], [-0.194165714723586, 0.7778249595246197, 0.0, 0.23630319309321213, 0.5224872676734709, 0.1217167766321377, 0.5688581465397611, 0.6905326616977355, 0.34218586437453125, 0.16811310235239008, 0.0064410216040902135, 0.6095151740440095, 0.6567584500976253, 0.6778312635110192, 0.7919904556411258, 0.6992895325664461, 0.5939622225948186]], "features_2": [[0.05756823887640916, 0.9523957134179167, 0.0, 0.23186970699133894, 0.5511878024652984, 0.12692445414590636, 0.3908329622164274, 0.6852124909535986, 0.34054750141098555, 0.2074621842876887, 0.007001439975721224, 0.6093068757839029, 0.6605023602431007, 0.6629593605940459, 0.7897733733064207, 0.722975993519907, 0.5920228401785038], [-0.026265775212174436, 1.00791281235601, 0.0, 0.29935421881270197, 0.5654273073504601, 0.1271983213950802, 0.43979898124869693, 0.6858183842514123, 0.34461286891551834, 0.22119221935908873, 0.00711334193318236, 0.6137990943563008, 0.6781179647578758, 0.6853675418760009, 0.7941580891935174, 0.7177969297339205, 0.5978403436822924], [0.0685047458344914, 1.1297775854258851, 0.0, 0.24121778802400876, 0.589446762924515, 0.12668827474705543, 0.3496619694700499, 0.6846415255627138, 0.3367938520699483, 0.23895954883264547, 0.007336964783822175, 0.6104209533231946, 0.6632332659124255, 0.6549452603394779, 0.7846724003623696, 0.7225696975485825, 0.5906821429961109], [0.06861103572458216, 1.1167313572577966, 0.0, 0.22770974658115797, 0.58485435725515, 0.128899116016187, 0.37254066312895234, 0.6835203056473453, 0.34636309667558174, 0.24029398533299084, 0.007336964783822175, 0.6140700920356528, 0.6576335113232883, 0.6718079831446835, 0.7917445229886194, 0.7321450798654964, 0.5955637867075585], [0.23892845558331777, 0.9859227465408508, 0.0, 0.311949027592228, 0.5593053909640243, 0.1301071271721228, 0.4941814789773339, 0.6851214455524035, 0.3677152760679021, 0.21990691146411012, 0.007448685839370306, 0.606777848066588, 0.6786730816045106, 0.69798919599396, 0.8065196014235273, 0.7404417241099859, 0.6132127910399431], [-0.003667589395653703, 1.143185340159902, 0.0, 0.2680206472335176, 0.5949655221238087, 0.12736804892286552, 0.42660665140340515, 0.6856529594764345, 0.3406784378064527, 0.24379286758772256, 0.0069454663283523566, 0.6100940223333016, 0.65519830796829, 0.6744367600779094, 0.7943566373341139, 0.7235856070763618, 0.6012666379525117], [0.020596537410635385, 1.085853969531802, 0.0, 0.26332675977398107, 0.5823461777753449, 0.12991838887333382, 0.4411430951946258, 0.6843826243514679, 0.36318619232360083, 0.23966042236773366, 0.007225183508792421, 0.6115037475972096, 0.6679282516238819, 0.6866671164122856, 0.8025772206179747, 0.7133259809465817, 0.6079354540312228], [0.34500631474477395, 0.9999976196758159, 0.0, 0.306356751926895, 0.5616601687068763, 0.13172252270253693, 0.49183146724864457, 0.6843818323788496, 0.37910746362552405, 0.22209158397612994, 0.007783488497544067, 0.6055064756735762, 0.6644789248311918, 0.6781459086132662, 0.8108826036582861, 0.7490093917209708, 0.6283014212783039], [-0.10749322553639296, 1.1066129876391466, 0.0, 0.26258489893979664, 0.5863329726438536, 0.12931818546025695, 0.4536129627485259, 0.6849075273572212, 0.3556878482206398, 0.24178563111671103, 0.007392832833969631, 0.6196301158982165, 0.6625563241864525, 0.6922294486043502, 0.800772604844429, 0.7319984754052442, 0.6105311938787636]]}