{"labels_1": ["1", "2", "3", "4", "5", "6", "7", "8", "9"], "labels_2": ["1", "2", "3", "4", "5", "6", "7", "8", "9"], "adj_matrix_1": [[0.0, 0.24312, 0.03639, 0.30077, 0.05658, 0.03702, 0.0739, 0.35756, 0.26815], [0.24312, 0.0, 0.23426, 0.22218, 0.2282, 0.24878, 0.25211, 0.19871, 0.23238], [0.03639, 0.23426, 0.0, 0.31452, 0.02047, 0.0728, 0.10848, 0.3608, 0.28655], [0.30077, 0.22218, 0.31452, 0.0, 0.31986, 0.28266, 0.26001, 0.12101, 0.05485], [0.05658, 0.2282, 0.02047, 0.31986, 0.0, 0.09232, 0.12704, 0.36035, 0.29483], [0.03702, 0.24878, 0.0728, 0.28266, 0.09232, 0.0, 0.03748, 0.34964, 0.24542], [0.0739, 0.25211, 0.10848, 0.26001, 0.12704, 0.03748, 0.0, 0.33684, 0.21865], [0.35756, 0.19871, 0.3608, 0.12101, 0.36035, 0.34964, 0.33684, 0.0, 0.17249], [0.26815, 0.23238, 0.28655, 0.05485, 0.29483, 0.24542, 0.21865, 0.17249, 0.0]], "adj_matrix_2": [[0.0, 0.04107, 0.06259, 0.03477, 0.31852, 0.02478, 0.08985, 0.26625, 0.07509], [0.04107, 0.0, 0.1028, 0.07548, 0.3081, 0.06562, 0.12939, 0.27008, 0.03439], [0.06259, 0.1028, 0.0, 0.02801, 0.3296, 0.03799, 0.02774, 0.25814, 0.13555], [0.03477, 0.07548, 0.02801, 0.0, 0.32516, 0.01002, 0.05562, 0.26186, 0.10889], [0.31852, 0.3081, 0.3296, 0.32516, 0.0, 0.32338, 0.33296, 0.14514, 0.29725], [0.02478, 0.06562, 0.03799, 0.01002, 0.32338, 0.0, 0.06553, 0.26315, 0.09924], [0.08985, 0.12939, 0.02774, 0.05562, 0.33296, 0.06553, 0.0, 0.25401, 0.16135], [0.26625, 0.27008, 0.25814, 0.26186, 0.14514, 0.26315, 0.25401, 0.0, 0.27215], [0.07509, 0.03439, 0.13555, 0.10889, 0.29725, 0.09924, 0.16135, 0.27215, 0.0]], "features_1": [[0.04253815832281704, 0.7513205099676191, 0.0, 0.23772558750814998, 0.5033365528605472, 0.12513587802894952, 0.38521769357419017, 0.6867068854448257, 0.3475322818541693, 0.16443137603652103, 0.0069454663283523566, 0.6089892733818427, 0.6592374391038291, 0.650410569769113, 0.7838159303628442, 0.7133456777730894, 0.599062213322498], [0.44924413812664543, 0.7446443675122122, 0.0, 0.27213104020344603, 0.49582467146350495, 0.12996529302486304, 0.34491771885279193, 0.6830951941545684, 0.37388885071078226, 0.16952732379984892, 0.007504523810135222, 0.5859305586219903, 0.6541303037804277, 0.6745082930338034, 0.7921113941846133, 0.7066493721758932, 0.6114467388535465], [0.07891032491118288, 0.8850290206335376, 0.0, 0.24526413203750577, 0.541807314066921, 0.12532243959192838, 0.38648480271153146, 0.6866964748286519, 0.3460083465254524, 0.19089613636452052, 0.006721420376576193, 0.6090615145416782, 0.6480778594944219, 0.6363552613954592, 0.7839505551019971, 0.7165479804919221, 0.5983882940391184], [-0.20448586773194855, 0.9131584824307981, 0.0, 0.23867848675827336, 0.5508938176702173, 0.1234149757690721, 0.42326579628156935, 0.6881475824227026, 0.345579983181759, 0.19790649441725972, 0.007392832833969631, 0.6244082756490443, 0.663257661518552, 0.6783469605738045, 0.7826205287676765, 0.7249180318827293, 0.5834679308237286], [0.374659244212344, 0.7194475631659203, 0.0, 0.2765888743776577, 0.4932874062245707, 0.12772751381507697, 0.41554646318157606, 0.6858699528619228, 0.37139987601306346, 0.16257248885058218, 0.007616154688146137, 0.5926952910878531, 0.6580317771658875, 0.6901392825658486, 0.7931898541046621, 0.7132471932861533, 0.5972507757782405], [-0.021768878726338148, 0.8926367036077354, 0.0, 0.23181106355693773, 0.5478326070305741, 0.12423670412899707, 0.47390175460263534, 0.6885275674084603, 0.3465992531760176, 0.19287907063418874, 0.006609306440138685, 0.6095503676391023, 0.6635664369873365, 0.6772642813998352, 0.7898135034059044, 0.7263064107323688, 0.5928049649246107], [0.2237652141639841, 0.8544772359331483, 0.0, 0.2406549486841967, 0.5340517428708563, 0.12444730960570766, 0.4263108937718343, 0.68755085032647, 0.36909454374546957, 0.18628088081714367, 0.007448685839370306, 0.6046052707437641, 0.662368151021155, 0.6808728052303481, 0.7867158503260329, 0.719772003446533, 0.5928112963399349], [-0.38501967064972353, 0.7368071740897458, 0.0, 0.2257336295128794, 0.5087051401971411, 0.12139038318542222, 0.5551813324481877, 0.690423873022912, 0.32620483769470243, 0.16017879423044645, 0.0064410216040902135, 0.623420134814954, 0.6776549722036764, 0.6905232630197992, 0.7894299300564306, 0.7060179668701864, 0.5830147861744499], [-0.194165714723586, 0.7778249595246197, 0.0, 0.23630319309321213, 0.5224872676734709, 0.1217167766321377, 0.5688581465397611, 0.6905326616977355, 0.34218586437453125, 0.16811310235239008, 0.0064410216040902135, 0.6095151740440095, 0.6567584500976253, 0.6778312635110192, 0.7919904556411258, 0.6992895325664461, 0.5939622225948186]], "features_2": [[-0.26093614799296416, 0.7480578138962231, 0.0, 0.21782511243612523, 0.5137998183842103, 0.11888812635708987, 0.362474555365651, 0.6899150758709567, 0.3201586705562165, 0.15991179731059124, 0.00677745458930179, 0.6206116140567368, 0.6470586201572862, 0.6642987266246018, 0.7623116042899957, 0.6792361687436745, 0.5477399606935448], [-0.0778129043714828, 0.7409568237976336, 0.0, 0.18873438097802117, 0.505265050653425, 0.12423669946270016, 0.35053721236819585, 0.6870729697178488, 0.34916304574249657, 0.1660562177356557, 0.007281081678807366, 0.6108039608768188, 0.6624233358742183, 0.6798420692160739, 0.777247519729249, 0.6873109807827239, 0.5784238089365703], [-0.22159826858669307, 0.8616041045096423, 0.0, 0.21546619430910602, 0.548441729186964, 0.11865689355914102, 0.406910450165055, 0.6903787343333706, 0.3180430549978859, 0.18256465360924556, 0.0066653709969386465, 0.6213762360389854, 0.6655176208928324, 0.6714206130678275, 0.7673162577199959, 0.6696655853920919, 0.5523363524993347], [-0.3037893155221174, 0.8801834560565409, 0.0, 0.21521879612727407, 0.5485266092510067, 0.1201419889639033, 0.3719814307694115, 0.689258093000285, 0.3240486240520195, 0.18865218003123707, 0.00711334193318236, 0.6212363356574713, 0.6541549910134403, 0.6639313340241519, 0.7656907255700656, 0.6886889747175989, 0.5584959438924743], [0.4463418364811327, 0.7222802134967765, 0.0, 0.2500272504596995, 0.4982504084769337, 0.1242475420276107, 0.3476771467769062, 0.6869382911719271, 0.3524718151382611, 0.15930713013439957, 0.006889477554966383, 0.5888273034983271, 0.6567228227204173, 0.6714065392699836, 0.7772030224139816, 0.6883494473922251, 0.5780951254243001], [-0.1288842329566826, 0.8675673586014077, 0.0, 0.20296055369058363, 0.5481373496591911, 0.12041335185339816, 0.4724428469812196, 0.6901626943918739, 0.32688604876294436, 0.18462374113047209, 0.00683347364535547, 0.613075839597975, 0.6711395066186967, 0.6763156395353288, 0.7780762380087028, 0.6993538722577133, 0.5594136633957351], [-0.05826497187873558, 0.8882726262931777, 0.0, 0.22752498098844184, 0.5488321602879956, 0.11882243328643292, 0.3634407992845439, 0.6897522832709425, 0.3279961584011146, 0.18712557502802563, 0.007057398507269275, 0.6129080528208943, 0.6511665288817011, 0.6658417298696778, 0.7631355241513791, 0.6902661689268381, 0.5502939828990123], [1.3041831202962006, 0.7235579958380383, 0.0, 0.2821063774858521, 0.4958361999484713, 0.12116654265502699, 0.26809937704522824, 0.6873767019627319, 0.3386950127119064, 0.15252478684996262, 0.00716927026363523, 0.5643065148369337, 0.6355105509979458, 0.6379537899500543, 0.7606532332145649, 0.694761247882256, 0.5689018279295395], [0.40897658440247175, 0.7809168820921983, 0.0, 0.23401614342200333, 0.5120670552126647, 0.12195010574089991, 0.26693568445015714, 0.6869113323725164, 0.3365400609468858, 0.16665668393966393, 0.006721420376576193, 0.6028438282975059, 0.6278537465668214, 0.6409898152648238, 0.7623528369684665, 0.6902174729790314, 0.5694690386727844]]}