{"labels_1": ["1", "2", "3", "4", "5", "6", "7", "8", "9"], "labels_2": ["1", "2", "3", "4", "5", "6", "7", "8", "9"], "adj_matrix_1": [[0.0, 0.24312, 0.03639, 0.30077, 0.05658, 0.03702, 0.0739, 0.35756, 0.26815], [0.24312, 0.0, 0.23426, 0.22218, 0.2282, 0.24878, 0.25211, 0.19871, 0.23238], [0.03639, 0.23426, 0.0, 0.31452, 0.02047, 0.0728, 0.10848, 0.3608, 0.28655], [0.30077, 0.22218, 0.31452, 0.0, 0.31986, 0.28266, 0.26001, 0.12101, 0.05485], [0.05658, 0.2282, 0.02047, 0.31986, 0.0, 0.09232, 0.12704, 0.36035, 0.29483], [0.03702, 0.24878, 0.0728, 0.28266, 0.09232, 0.0, 0.03748, 0.34964, 0.24542], [0.0739, 0.25211, 0.10848, 0.26001, 0.12704, 0.03748, 0.0, 0.33684, 0.21865], [0.35756, 0.19871, 0.3608, 0.12101, 0.36035, 0.34964, 0.33684, 0.0, 0.17249], [0.26815, 0.23238, 0.28655, 0.05485, 0.29483, 0.24542, 0.21865, 0.17249, 0.0]], "adj_matrix_2": [[0.0, 0.09144, 0.24068, 0.06701, 0.02325, 0.06628, 0.17131, 0.01997, 0.19883], [0.09144, 0.0, 0.30804, 0.02502, 0.11378, 0.15425, 0.08574, 0.11065, 0.27265], [0.24068, 0.30804, 0.0, 0.29163, 0.22132, 0.18327, 0.35306, 0.22407, 0.04831], [0.06701, 0.02502, 0.29163, 0.0, 0.08975, 0.13123, 0.10971, 0.08655, 0.2542], [0.02325, 0.11378, 0.22132, 0.08975, 0.0, 0.04326, 0.1914, 0.00329, 0.17818], [0.06628, 0.15425, 0.18327, 0.13123, 0.04326, 0.0, 0.22702, 0.04652, 0.13806], [0.17131, 0.08574, 0.35306, 0.10971, 0.1914, 0.22702, 0.0, 0.1886, 0.32543], [0.01997, 0.11065, 0.22407, 0.08655, 0.00329, 0.04652, 0.1886, 0.0, 0.18113], [0.19883, 0.27265, 0.04831, 0.2542, 0.17818, 0.13806, 0.32543, 0.18113, 0.0]], "features_1": [[0.04253815832281704, 0.7513205099676191, 0.0, 0.23772558750814998, 0.5033365528605472, 0.12513587802894952, 0.38521769357419017, 0.6867068854448257, 0.3475322818541693, 0.16443137603652103, 0.0069454663283523566, 0.6089892733818427, 0.6592374391038291, 0.650410569769113, 0.7838159303628442, 0.7133456777730894, 0.599062213322498], [0.44924413812664543, 0.7446443675122122, 0.0, 0.27213104020344603, 0.49582467146350495, 0.12996529302486304, 0.34491771885279193, 0.6830951941545684, 0.37388885071078226, 0.16952732379984892, 0.007504523810135222, 0.5859305586219903, 0.6541303037804277, 0.6745082930338034, 0.7921113941846133, 0.7066493721758932, 0.6114467388535465], [0.07891032491118288, 0.8850290206335376, 0.0, 0.24526413203750577, 0.541807314066921, 0.12532243959192838, 0.38648480271153146, 0.6866964748286519, 0.3460083465254524, 0.19089613636452052, 0.006721420376576193, 0.6090615145416782, 0.6480778594944219, 0.6363552613954592, 0.7839505551019971, 0.7165479804919221, 0.5983882940391184], [-0.20448586773194855, 0.9131584824307981, 0.0, 0.23867848675827336, 0.5508938176702173, 0.1234149757690721, 0.42326579628156935, 0.6881475824227026, 0.345579983181759, 0.19790649441725972, 0.007392832833969631, 0.6244082756490443, 0.663257661518552, 0.6783469605738045, 0.7826205287676765, 0.7249180318827293, 0.5834679308237286], [0.374659244212344, 0.7194475631659203, 0.0, 0.2765888743776577, 0.4932874062245707, 0.12772751381507697, 0.41554646318157606, 0.6858699528619228, 0.37139987601306346, 0.16257248885058218, 0.007616154688146137, 0.5926952910878531, 0.6580317771658875, 0.6901392825658486, 0.7931898541046621, 0.7132471932861533, 0.5972507757782405], [-0.021768878726338148, 0.8926367036077354, 0.0, 0.23181106355693773, 0.5478326070305741, 0.12423670412899707, 0.47390175460263534, 0.6885275674084603, 0.3465992531760176, 0.19287907063418874, 0.006609306440138685, 0.6095503676391023, 0.6635664369873365, 0.6772642813998352, 0.7898135034059044, 0.7263064107323688, 0.5928049649246107], [0.2237652141639841, 0.8544772359331483, 0.0, 0.2406549486841967, 0.5340517428708563, 0.12444730960570766, 0.4263108937718343, 0.68755085032647, 0.36909454374546957, 0.18628088081714367, 0.007448685839370306, 0.6046052707437641, 0.662368151021155, 0.6808728052303481, 0.7867158503260329, 0.719772003446533, 0.5928112963399349], [-0.38501967064972353, 0.7368071740897458, 0.0, 0.2257336295128794, 0.5087051401971411, 0.12139038318542222, 0.5551813324481877, 0.690423873022912, 0.32620483769470243, 0.16017879423044645, 0.0064410216040902135, 0.623420134814954, 0.6776549722036764, 0.6905232630197992, 0.7894299300564306, 0.7060179668701864, 0.5830147861744499], [-0.194165714723586, 0.7778249595246197, 0.0, 0.23630319309321213, 0.5224872676734709, 0.1217167766321377, 0.5688581465397611, 0.6905326616977355, 0.34218586437453125, 0.16811310235239008, 0.0064410216040902135, 0.6095151740440095, 0.6567584500976253, 0.6778312635110192, 0.7919904556411258, 0.6992895325664461, 0.5939622225948186]], "features_2": [[-0.04646255251689313, 0.8312374879308196, 0.0, 0.2460531463237335, 0.5401194922162498, 0.11828600347404371, 0.4196884033599311, 0.6910805449775537, 0.3275370503303845, 0.1745679180645796, 0.0069454663283523566, 0.6080437736455964, 0.6561428987946444, 0.662267492270998, 0.7711832378085236, 0.6917453710278495, 0.5861743073667168], [-0.04809596774875535, 0.8536599689085526, 0.0, 0.25221877828448974, 0.5474825306170981, 0.11803231521918851, 0.44276599659677063, 0.6912652699596332, 0.33283754390216, 0.17995821777818732, 0.007057398507269275, 0.6070232410738479, 0.6392229848707517, 0.6503148429989005, 0.7735976954648494, 0.7000382717311698, 0.5877705236879813], [-0.20803023878042648, 0.9926734347989883, 0.0, 0.23404598512410646, 0.5773839201226957, 0.11974372587113527, 0.37577540822511396, 0.6902431191371062, 0.3330282664558839, 0.20843160247777415, 0.007057398507269275, 0.6241650517574362, 0.6560653218402585, 0.6673619299457259, 0.7716941580463741, 0.6780171948029626, 0.5872518173755195], [-0.09029532517186878, 0.9687525696971968, 0.0, 0.25466354516937056, 0.572580594496222, 0.12013644178777569, 0.41607892118197043, 0.6902922597612045, 0.3440843393176003, 0.20497325492312846, 0.007001439975721224, 0.6068562463113567, 0.6534271364062174, 0.6727678389706887, 0.7743499421007118, 0.6982162473326934, 0.5913437333136248], [0.20210986926685148, 0.8454348180718342, 0.0, 0.2402992842975149, 0.54472033394145, 0.11723944822341636, 0.4264050442630172, 0.691379934362812, 0.32681869977411915, 0.1749121270398144, 0.007225183508792421, 0.6083146277110836, 0.6429895480031644, 0.6602673529519455, 0.7699620291604616, 0.7011620244011426, 0.5833783500543335], [0.10612824391280018, 0.990187881533566, 0.0, 0.2578493082794986, 0.579405678673085, 0.12017665591796103, 0.47623539577176927, 0.6908370845513534, 0.3454182169608686, 0.2074809286997139, 0.00711334193318236, 0.6135733184472447, 0.6603125384897066, 0.6746292112359749, 0.7813189643597489, 0.7015313386421291, 0.5935178401017086], [0.31233384456597335, 0.9539963528699067, 0.0, 0.24981634347686735, 0.5647428958722164, 0.12071498879238873, 0.33347198771426034, 0.689203746490497, 0.33710835749540613, 0.1989979634362531, 0.007225183508792421, 0.5939943430038297, 0.6428304582271587, 0.659719331544878, 0.7697747896353762, 0.6865402820200224, 0.5951356411998551], [0.14091333510164805, 0.8036173674791064, 0.0, 0.23711453292672308, 0.5253291249121812, 0.11783336774271419, 0.40022673109713625, 0.690255259379107, 0.3226249158560397, 0.167051297426285, 0.007001439975721224, 0.6061203646207687, 0.6410524951992637, 0.6504789236292275, 0.7594748192985581, 0.683495444217543, 0.5691565688050049], [-0.011343865443527612, 0.8431883466976283, 0.0, 0.24630408753420535, 0.5371639658132698, 0.1188312458343653, 0.4039991734811103, 0.6900447474561329, 0.31982779230935976, 0.1751487383293302, 0.00711334193318236, 0.6145776907041554, 0.6399848977867688, 0.6372544707017449, 0.7627108117276566, 0.6886311302661531, 0.578097181088638]]}