{"labels_1": ["1", "2", "3", "4", "5", "6", "7", "8", "9"], "labels_2": ["1", "2", "3", "4", "5", "6", "7", "8", "9"], "adj_matrix_1": [[0.0, 0.2125, 0.06078, 0.14643, 0.07633, 0.15722, 0.22754, 0.24021, 0.18956], [0.2125, 0.0, 0.16621, 0.29613, 0.26058, 0.0728, 0.02467, 0.33239, 0.31456], [0.06078, 0.16621, 0.0, 0.19851, 0.134, 0.10231, 0.18493, 0.28067, 0.23688], [0.14643, 0.29613, 0.19851, 0.0, 0.0737, 0.26787, 0.30127, 0.10929, 0.04862], [0.07633, 0.26058, 0.134, 0.0737, 0.0, 0.21841, 0.27058, 0.17777, 0.12072], [0.15722, 0.0728, 0.10231, 0.26787, 0.21841, 0.0, 0.09613, 0.32452, 0.29532], [0.22754, 0.02467, 0.18493, 0.30127, 0.27058, 0.09613, 0.0, 0.3305, 0.31648], [0.24021, 0.33239, 0.28067, 0.10929, 0.17777, 0.32452, 0.3305, 0.0, 0.06178], [0.18956, 0.31456, 0.23688, 0.04862, 0.12072, 0.29532, 0.31648, 0.06178, 0.0]], "adj_matrix_2": [[0.0, 0.2912, 0.26071, 0.13294, 0.15659, 0.22932, 0.27373, 0.2132, 0.13978], [0.2912, 0.0, 0.17216, 0.26251, 0.25308, 0.12793, 0.1511, 0.14585, 0.19236], [0.26071, 0.17216, 0.0, 0.1617, 0.13902, 0.22931, 0.02769, 0.23036, 0.20535], [0.13294, 0.26251, 0.1617, 0.0, 0.02633, 0.24513, 0.18359, 0.23426, 0.17216], [0.15659, 0.25308, 0.13902, 0.02633, 0.0, 0.24607, 0.1623, 0.23668, 0.17837], [0.22932, 0.12793, 0.22931, 0.24513, 0.24607, 0.0, 0.22082, 0.02444, 0.11743], [0.27373, 0.1511, 0.02769, 0.18359, 0.1623, 0.22082, 0.0, 0.22426, 0.20804], [0.2132, 0.14585, 0.23036, 0.23426, 0.23668, 0.02444, 0.22426, 0.0, 0.09766], [0.13978, 0.19236, 0.20535, 0.17216, 0.17837, 0.11743, 0.20804, 0.09766, 0.0]], "features_1": [[0.5402931030672291, 0.8252805241549732, 0.0, 0.2729352575834278, 0.5251267456319099, 0.12674412851094835, 0.7300868848677105, 0.6866775598878871, 0.36744555034676996, 0.17990703626572824, 0.007448685839370306, 0.6032717028689818, 0.6444876168686063, 0.6654194023376673, 0.7733580882053558, 0.6912152541359017, 0.5957330212377583], [0.5229114416509284, 0.8480894852642635, 0.0, 0.27493809374931877, 0.5244166844934515, 0.12458559352634965, 0.5125620138478588, 0.6864131438577185, 0.3638910198091485, 0.18204742620439252, 0.007225183508792421, 0.5976671754730505, 0.6336512396110339, 0.6444252604038336, 0.7645741257571997, 0.7015937045134901, 0.5847703382465294], [0.6442264842640384, 0.9462411898052087, 0.0, 0.2825684102606791, 0.556920782300538, 0.12635048008450578, 0.6948051348911705, 0.6867607456688776, 0.3639562279077584, 0.20254537334142575, 0.007336964783822175, 0.5908389658445392, 0.6478497076033913, 0.6680906852377407, 0.7739754618724615, 0.7080252978958267, 0.5942463916356789], [0.2564576952771538, 0.9615493771233294, 0.0, 0.2652240409212584, 0.5569237587453799, 0.12899171169560675, 0.6792678942847182, 0.6848313163125387, 0.3772783494215901, 0.21094824148817115, 0.007448685839370306, 0.6136851667033041, 0.6529915468936647, 0.6682373775770406, 0.778671974858086, 0.6899707888586464, 0.6009033073050581], [0.2268252709975913, 0.7960469811728713, 0.0, 0.2576531754055605, 0.5115715243938773, 0.12532002596565323, 0.5392994362979451, 0.6861029729517322, 0.3641145352271844, 0.17372609168986464, 0.007671947615560004, 0.6044315484059537, 0.6262115218854795, 0.6316003541734347, 0.7672595160752498, 0.7164176940037845, 0.5776889965652222], [0.5597763924484265, 0.9522559647795088, 0.0, 0.3037442281011564, 0.5578370448776985, 0.12659442958122832, 0.7418366544278434, 0.6873203054835777, 0.37069888201566736, 0.2056510220059644, 0.007448685839370306, 0.5908686514707859, 0.6509002764589003, 0.66562332182905, 0.7788650115888338, 0.7081091312108287, 0.5900325946363956], [0.7593241946761804, 0.9546819841156043, 0.0, 0.25373768426570265, 0.5522933156090296, 0.1298884759961558, 0.662222520736578, 0.6839807610734736, 0.37695318878494843, 0.20765564422344385, 0.007336964783822175, 0.5848560975571833, 0.6282606953458838, 0.648990891487539, 0.7774915757040881, 0.7081345276102937, 0.594748482378082], [-0.020933376302401552, 0.7494940391782542, 0.0, 0.25923839681614036, 0.4972942106117554, 0.12949678837256207, 0.6887036057826578, 0.6845172337605043, 0.38094577718590306, 0.17020836914285908, 0.007560346756364078, 0.6201881867094547, 0.6446106832604865, 0.6661003606926456, 0.778923373498145, 0.7080965173473168, 0.5919870050720566], [0.2928126035734997, 0.7849614181525436, 0.0, 0.26811068806041377, 0.507251398827425, 0.13096507909618837, 0.730186768135303, 0.6843426719068952, 0.4017417859109733, 0.178039219700161, 0.007894969482732161, 0.6145382673868993, 0.6451615831005819, 0.6758957443424464, 0.7848412396594667, 0.7103290707238062, 0.6016261549105154]], "features_2": [[0.11845071690676656, 0.7915999000502356, 0.0, 0.17962450847063802, 0.510910396543632, 0.13039305486627417, 0.42606163836016864, 0.6843240243530742, 0.3913558401018482, 0.1829785048275696, 0.007727725548673403, 0.6133526537586325, 0.6833627814879388, 0.7081018385224287, 0.7989983856480675, 0.718691527426558, 0.5831562861887235], [0.7020657357060385, 0.8568626227332821, 0.0, 0.23918533864793493, 0.5198834777125048, 0.13313795638536363, 0.3076745031863396, 0.6796214298576964, 0.4063336458934599, 0.19831261022018776, 0.00783923647221818, 0.5952806225124394, 0.6530896559142615, 0.6869231580026526, 0.7945233965511741, 0.729882033781282, 0.5842756751330518], [0.11462782744111255, 0.9441990137643109, 0.0, 0.218961816851744, 0.5508565260617052, 0.13086497289971774, 0.3984209913644811, 0.6836357941438802, 0.3931241675216848, 0.21568739595398978, 0.007504523810135222, 0.6022091330745609, 0.6843020677112152, 0.7190905750519695, 0.7962521876193919, 0.7287756757245775, 0.5840524025944173], [0.3945728884254831, 0.954576125036193, 0.0, 0.20790500887387617, 0.5512802484985125, 0.13115140665932834, 0.4279182147297945, 0.6831150448717852, 0.38610342714902113, 0.2152884546396927, 0.007616154688146137, 0.6019756712766693, 0.6569415182156434, 0.6923290301634475, 0.7948173529081949, 0.7214838583622983, 0.5848586672489241], [0.4680332902442026, 0.8578084905797452, 0.0, 0.24079194497576148, 0.5175068400765643, 0.1329571719091793, 0.3063891375551613, 0.6797178392337053, 0.41124808443116834, 0.19979367566398265, 0.007727725548673403, 0.6047962938662448, 0.6526344141195946, 0.6835203011856555, 0.7935950433784024, 0.7399629100248465, 0.5875546684599778], [0.6543395614685528, 1.0108920761145985, 0.0, 0.27292543618639475, 0.5662057852579978, 0.12891909655818706, 0.43185099815907435, 0.6854372086695877, 0.38316793792824955, 0.22411554415399793, 0.007616154688146137, 0.5872885404470258, 0.675104557297821, 0.7095966376259876, 0.79377741750587, 0.7361040845954112, 0.5724736348580761], [0.3682859929553799, 1.0132879005007263, 0.0, 0.272954589557302, 0.5635782394139737, 0.1279330371288426, 0.39221123088494564, 0.6850517797578948, 0.36479346746627783, 0.2221832367621479, 0.007281081678807366, 0.589062816127931, 0.6524998841510274, 0.6755640319713314, 0.7843284684451444, 0.7066127342960511, 0.5758534223346831], [1.8247982250727661, 0.9728860347237724, 0.0, 0.35242436221954937, 0.5529858199775045, 0.12679395639888028, 0.409180017558657, 0.6854618538231538, 0.39318756453066106, 0.21229236033620835, 0.007950687539111767, 0.5636421478974196, 0.6311789549714415, 0.6617765990879729, 0.7819015975393132, 0.7267683573309691, 0.5794308286929536], [1.9498919975419966, 1.0727008907551088, 0.0, 0.3499770060378738, 0.5801421004748352, 0.12234473913709587, 0.37698382374706085, 0.6879227236042764, 0.3520385598719642, 0.22251855939217413, 0.007392832833969631, 0.5574128403517962, 0.6532676406956424, 0.6715800664375954, 0.7693545624951837, 0.7150168914281457, 0.5547030472289133]]}