{"labels_1": ["1", "2", "3", "4", "5", "6", "7", "8", "9"], "labels_2": ["1", "2", "3", "4", "5", "6", "7", "8", "9"], "adj_matrix_1": [[0.0, 0.24312, 0.03639, 0.30077, 0.05658, 0.03702, 0.0739, 0.35756, 0.26815], [0.24312, 0.0, 0.23426, 0.22218, 0.2282, 0.24878, 0.25211, 0.19871, 0.23238], [0.03639, 0.23426, 0.0, 0.31452, 0.02047, 0.0728, 0.10848, 0.3608, 0.28655], [0.30077, 0.22218, 0.31452, 0.0, 0.31986, 0.28266, 0.26001, 0.12101, 0.05485], [0.05658, 0.2282, 0.02047, 0.31986, 0.0, 0.09232, 0.12704, 0.36035, 0.29483], [0.03702, 0.24878, 0.0728, 0.28266, 0.09232, 0.0, 0.03748, 0.34964, 0.24542], [0.0739, 0.25211, 0.10848, 0.26001, 0.12704, 0.03748, 0.0, 0.33684, 0.21865], [0.35756, 0.19871, 0.3608, 0.12101, 0.36035, 0.34964, 0.33684, 0.0, 0.17249], [0.26815, 0.23238, 0.28655, 0.05485, 0.29483, 0.24542, 0.21865, 0.17249, 0.0]], "adj_matrix_2": [[0.0, 0.16374, 0.06243, 0.0343, 0.11497, 0.15942, 0.25405, 0.16535, 0.05799], [0.16374, 0.0, 0.21324, 0.13342, 0.05387, 0.27218, 0.11296, 0.00186, 0.11127], [0.06243, 0.21324, 0.0, 0.0955, 0.17016, 0.10452, 0.28864, 0.21463, 0.11787], [0.0343, 0.13342, 0.0955, 0.0, 0.0824, 0.18652, 0.23055, 0.13512, 0.02395], [0.11497, 0.05387, 0.17016, 0.0824, 0.0, 0.2429, 0.16274, 0.05571, 0.05906], [0.15942, 0.27218, 0.10452, 0.18652, 0.2429, 0.0, 0.31654, 0.27309, 0.20414], [0.25405, 0.11296, 0.28864, 0.23055, 0.16274, 0.31654, 0.0, 0.11119, 0.21245], [0.16535, 0.00186, 0.21463, 0.13512, 0.05571, 0.27309, 0.11119, 0.0, 0.11302], [0.05799, 0.11127, 0.11787, 0.02395, 0.05906, 0.20414, 0.21245, 0.11302, 0.0]], "features_1": [[0.04253815832281704, 0.7513205099676191, 0.0, 0.23772558750814998, 0.5033365528605472, 0.12513587802894952, 0.38521769357419017, 0.6867068854448257, 0.3475322818541693, 0.16443137603652103, 0.0069454663283523566, 0.6089892733818427, 0.6592374391038291, 0.650410569769113, 0.7838159303628442, 0.7133456777730894, 0.599062213322498], [0.44924413812664543, 0.7446443675122122, 0.0, 0.27213104020344603, 0.49582467146350495, 0.12996529302486304, 0.34491771885279193, 0.6830951941545684, 0.37388885071078226, 0.16952732379984892, 0.007504523810135222, 0.5859305586219903, 0.6541303037804277, 0.6745082930338034, 0.7921113941846133, 0.7066493721758932, 0.6114467388535465], [0.07891032491118288, 0.8850290206335376, 0.0, 0.24526413203750577, 0.541807314066921, 0.12532243959192838, 0.38648480271153146, 0.6866964748286519, 0.3460083465254524, 0.19089613636452052, 0.006721420376576193, 0.6090615145416782, 0.6480778594944219, 0.6363552613954592, 0.7839505551019971, 0.7165479804919221, 0.5983882940391184], [-0.20448586773194855, 0.9131584824307981, 0.0, 0.23867848675827336, 0.5508938176702173, 0.1234149757690721, 0.42326579628156935, 0.6881475824227026, 0.345579983181759, 0.19790649441725972, 0.007392832833969631, 0.6244082756490443, 0.663257661518552, 0.6783469605738045, 0.7826205287676765, 0.7249180318827293, 0.5834679308237286], [0.374659244212344, 0.7194475631659203, 0.0, 0.2765888743776577, 0.4932874062245707, 0.12772751381507697, 0.41554646318157606, 0.6858699528619228, 0.37139987601306346, 0.16257248885058218, 0.007616154688146137, 0.5926952910878531, 0.6580317771658875, 0.6901392825658486, 0.7931898541046621, 0.7132471932861533, 0.5972507757782405], [-0.021768878726338148, 0.8926367036077354, 0.0, 0.23181106355693773, 0.5478326070305741, 0.12423670412899707, 0.47390175460263534, 0.6885275674084603, 0.3465992531760176, 0.19287907063418874, 0.006609306440138685, 0.6095503676391023, 0.6635664369873365, 0.6772642813998352, 0.7898135034059044, 0.7263064107323688, 0.5928049649246107], [0.2237652141639841, 0.8544772359331483, 0.0, 0.2406549486841967, 0.5340517428708563, 0.12444730960570766, 0.4263108937718343, 0.68755085032647, 0.36909454374546957, 0.18628088081714367, 0.007448685839370306, 0.6046052707437641, 0.662368151021155, 0.6808728052303481, 0.7867158503260329, 0.719772003446533, 0.5928112963399349], [-0.38501967064972353, 0.7368071740897458, 0.0, 0.2257336295128794, 0.5087051401971411, 0.12139038318542222, 0.5551813324481877, 0.690423873022912, 0.32620483769470243, 0.16017879423044645, 0.0064410216040902135, 0.623420134814954, 0.6776549722036764, 0.6905232630197992, 0.7894299300564306, 0.7060179668701864, 0.5830147861744499], [-0.194165714723586, 0.7778249595246197, 0.0, 0.23630319309321213, 0.5224872676734709, 0.1217167766321377, 0.5688581465397611, 0.6905326616977355, 0.34218586437453125, 0.16811310235239008, 0.0064410216040902135, 0.6095151740440095, 0.6567584500976253, 0.6778312635110192, 0.7919904556411258, 0.6992895325664461, 0.5939622225948186]], "features_2": [[0.48463138962458263, 0.6228880847281145, 0.0, 0.23940313349775882, 0.454041902102888, 0.12652345885638205, 0.3159846524354307, 0.684990393740166, 0.3659943059177273, 0.13748136427076085, 0.007560346756364078, 0.592609782527076, 0.6556241847436769, 0.6507136383613026, 0.7770154022252923, 0.6726639484238544, 0.5977015357171414], [0.15311815105275262, 0.6350448803538278, 0.0, 0.22008098482449132, 0.44976705119377797, 0.13194630410914945, 0.2957566811968825, 0.6810651729023266, 0.40328067286565306, 0.1479076029457913, 0.007671947615560004, 0.6147352388064573, 0.6649845608735996, 0.6746735166440939, 0.789273166239169, 0.6953087733163545, 0.6029121177928309], [0.3612619460654276, 0.7219676251888744, 0.0, 0.24245999543916633, 0.4864053127403075, 0.12838929721107414, 0.3371151396404855, 0.6836068323971396, 0.3789876930305567, 0.16194837647879612, 0.007783488497544067, 0.5984145290646479, 0.6544592256235061, 0.6614398041713484, 0.7788124670247751, 0.6820490370845999, 0.6028726058810654], [0.5668697254873596, 0.7733887748795373, 0.0, 0.26752861224455815, 0.5017401287351243, 0.1270857056471255, 0.32527969692160996, 0.6844349853888363, 0.3719603111204215, 0.17042141405778666, 0.007336964783822175, 0.5990414910742721, 0.6191519554866491, 0.6384052739233602, 0.777180149513364, 0.7210402633331976, 0.5895159910899804], [0.2047788591862676, 0.606542032709884, 0.0, 0.25901014186790916, 0.43859942202264746, 0.1300939127426966, 0.31425484825516037, 0.6826475562636893, 0.3945435766902903, 0.14033268817554023, 0.007671947615560004, 0.6061253624342018, 0.6490921257606094, 0.6725717828434902, 0.7849398436214128, 0.697896974755096, 0.596247861109374], [0.35812530153216704, 0.7255959311327557, 0.0, 0.25228608611993475, 0.4879217051248609, 0.12701660848880827, 0.3320052791921754, 0.6847179067934279, 0.3664040559197914, 0.16140370127577874, 0.007783488497544067, 0.593115292592761, 0.6486101882856612, 0.6617309843265664, 0.7763050040047139, 0.6876382956065425, 0.6019901696646089], [-0.1612351832943677, 0.698868421696291, 0.0, 0.2650273481311938, 0.47797130651162384, 0.12901255904192577, 0.3393007733749684, 0.6834498533099802, 0.36079324725597517, 0.1601957650723489, 0.00711334193318236, 0.6155534294895877, 0.6738230562260658, 0.6993751996078854, 0.7856163861513673, 0.6981434223657046, 0.6014963996606891], [0.09053740397144683, 0.6394901094011082, 0.0, 0.2554868945060738, 0.4571958021861818, 0.12439421486343527, 0.3981446961731251, 0.6873190497251815, 0.3489590112500116, 0.14062817060193455, 0.007448685839370306, 0.603265165820507, 0.6420423751699263, 0.6516907707876581, 0.7745179185310028, 0.6920500984894727, 0.5710668126570375], [-0.23577604657047058, 0.6881339891031565, 0.0, 0.2474157118792208, 0.4775259339330566, 0.12291960628765801, 0.3805583590932663, 0.6876420956756479, 0.3341930299074918, 0.15173476526893803, 0.00711334193318236, 0.6108230587919903, 0.6480929496886316, 0.682761523143626, 0.7696832867602164, 0.671276735418296, 0.5662858034454253]]}