{"labels_1": ["1", "2", "3", "4", "5", "6", "7", "8", "9"], "labels_2": ["1", "2", "3", "4", "5", "6", "7", "8", "9"], "adj_matrix_1": [[0.0, 0.13228, 0.00616, 0.1582, 0.22459, 0.16967, 0.25254, 0.21421, 0.15847], [0.13228, 0.0, 0.12699, 0.24339, 0.17088, 0.04892, 0.28736, 0.19568, 0.03335], [0.00616, 0.12699, 0.0, 0.16326, 0.22317, 0.16522, 0.25584, 0.21414, 0.15371], [0.1582, 0.24339, 0.16326, 0.0, 0.22878, 0.25605, 0.12785, 0.19105, 0.2531], [0.22459, 0.17088, 0.22317, 0.22878, 0.0, 0.13806, 0.20783, 0.06586, 0.14943], [0.16967, 0.04892, 0.16522, 0.25605, 0.13806, 0.0, 0.28118, 0.17588, 0.01586], [0.25254, 0.28736, 0.25584, 0.12785, 0.20783, 0.28118, 0.0, 0.16084, 0.28419], [0.21421, 0.19568, 0.21414, 0.19105, 0.06586, 0.17588, 0.16084, 0.0, 0.18314], [0.15847, 0.03335, 0.15371, 0.2531, 0.14943, 0.01586, 0.28419, 0.18314, 0.0]], "adj_matrix_2": [[0.0, 0.23745, 0.01285, 0.2134, 0.30534, 0.25602, 0.3037, 0.26402, 0.31087], [0.23745, 0.0, 0.23135, 0.04042, 0.18006, 0.03721, 0.17531, 0.05424, 0.20882], [0.01285, 0.23135, 0.0, 0.20594, 0.30615, 0.25151, 0.3046, 0.26, 0.31292], [0.2134, 0.04042, 0.20594, 0.0, 0.21252, 0.07703, 0.20823, 0.09358, 0.23891], [0.30534, 0.18006, 0.30615, 0.21252, 0.0, 0.14748, 0.00532, 0.13184, 0.03433], [0.25602, 0.03721, 0.25151, 0.07703, 0.14748, 0.0, 0.14265, 0.01718, 0.17819], [0.3037, 0.17531, 0.3046, 0.20823, 0.00532, 0.14265, 0.0, 0.12679, 0.03963], [0.26402, 0.05424, 0.26, 0.09358, 0.13184, 0.01718, 0.12679, 0.0, 0.16321], [0.31087, 0.20882, 0.31292, 0.23891, 0.03433, 0.17819, 0.03963, 0.16321, 0.0]], "features_1": [[0.4762685478380506, 0.7708953248183084, 0.0, 0.2527369879715567, 0.5244425064254615, 0.11436630730412656, 0.4167833476789724, 0.6917345840788235, 0.28752437087378646, 0.15488800454089313, 0.00677745458930179, 0.5742869206267043, 0.6209878735795238, 0.6379714737637474, 0.7523648598548757, 0.6668551167778987, 0.5537559637985404], [0.6420838782170213, 0.7943982943071789, 0.0, 0.2648081712630555, 0.5317989663371655, 0.11517580292917358, 0.44412574655265474, 0.6916843784489337, 0.2980731042123814, 0.16193451420140414, 0.00677745458930179, 0.5708047051470935, 0.6320082472074663, 0.6599937097816534, 0.758945223084764, 0.6661519700036054, 0.579829104392276], [0.5633500071059907, 0.9229690018990516, 0.0, 0.26020631667437677, 0.5650092502336737, 0.11502157357155089, 0.3996906805325544, 0.691540417637011, 0.293426597198543, 0.18462863892195513, 0.00655322669591385, 0.5733611549663244, 0.6288179074638484, 0.6224030544813481, 0.7555756790802838, 0.6792589578881422, 0.5573691717253739], [0.38344057047215596, 0.9219977733834399, 0.0, 0.23745259337188898, 0.5601541723385792, 0.11661916599772998, 0.3483944388312388, 0.6906192469427915, 0.29347572735962335, 0.1866824982047579, 0.00655322669591385, 0.5891054983197419, 0.6264220237204055, 0.6412433522633479, 0.7547918489508221, 0.6813223934484314, 0.5555927943962914], [1.5814565846624964, 0.8021593338661057, 0.0, 0.26286580739383997, 0.5351419842261327, 0.1142304331148744, 0.4078470556073164, 0.6918197152821406, 0.29069196918838136, 0.160626477586451, 0.0066653709969386465, 0.5493513094553433, 0.6188563475996813, 0.6387219854179391, 0.7562566573065581, 0.6746774509514177, 0.5744884213297107], [1.1438797540176804, 0.9553954923504832, 0.0, 0.2719403554414265, 0.5715462439020341, 0.11938760239131191, 0.4754763596058019, 0.690630859572431, 0.32696364725297267, 0.19643671300645216, 0.007001439975721224, 0.5657699877963285, 0.6513896413745596, 0.6591238248953909, 0.7750575108889827, 0.6971322827185905, 0.5819743750478064], [0.48135775413872883, 1.0134693184962187, 0.0, 0.25027289920007445, 0.5734227098867408, 0.11909769626473825, 0.2192683307008906, 0.6880839213744817, 0.306429338504804, 0.20701758552010996, 0.0069454663283523566, 0.5958252223177758, 0.6264422401120756, 0.6392077986306576, 0.7456510738963019, 0.6872755673767486, 0.5626375896683163], [1.8969448742467687, 0.8196512266848996, 0.0, 0.28703038604019043, 0.5384619777849579, 0.11631232432703698, 0.380857332576246, 0.6909478621652634, 0.3111123022419917, 0.16616225137096863, 0.00683347364535547, 0.5470501750111292, 0.6120907119341906, 0.6288447590575166, 0.7592819609186168, 0.6756711293461211, 0.5808651756748281], [1.2881986692248226, 0.879560857482488, 0.0, 0.2765560210021178, 0.5512875212533687, 0.11665231014928062, 0.3161871190986737, 0.6903574742040084, 0.3059645770786097, 0.1777074863795718, 0.006721420376576193, 0.5633075294639367, 0.6277034516422906, 0.6451363228472424, 0.7535975339668814, 0.6623756412741647, 0.566476814881227]], "features_2": [[0.5797429447139995, 0.8045642984136602, 0.0, 0.23587183386487173, 0.5382807136801099, 0.11727213562178569, 0.5106504645417758, 0.6914607155349511, 0.30620767431466556, 0.16284949656073877, 0.006384896235913207, 0.5691669745097521, 0.6428112537358344, 0.65202371841822, 0.7688028644656795, 0.7092380551371819, 0.5705579439467233], [0.2571363355826364, 0.8177781240161134, 0.0, 0.22051764874453314, 0.5254023099951675, 0.1250356169253996, 0.30019986553921, 0.685824520982971, 0.352930232075614, 0.1787541583074903, 0.006889477554966383, 0.5964844939656895, 0.652132775747901, 0.6709596416849823, 0.7748995341583141, 0.7109039683009207, 0.5912038728501091], [0.5123686703432817, 0.9588364612762961, 0.0, 0.23074354909808006, 0.5770498682848236, 0.11869069714053751, 0.503067303442451, 0.6909305934986218, 0.32745348415625997, 0.19614654378634322, 0.00655322669591385, 0.5731856766175762, 0.6553537846718148, 0.6777596312663836, 0.7701385004277265, 0.7210512413075668, 0.5775446966024143], [0.39081871622176356, 0.9751328660247417, 0.0, 0.23386658481479236, 0.5807177041028685, 0.11913721719039921, 0.5479895924102998, 0.6909543334772412, 0.3278250329190242, 0.200065068077673, 0.006497131753992358, 0.5841655582425593, 0.6490316454154771, 0.6842499080997212, 0.7729435324179517, 0.7178506129347119, 0.5693209703541726], [-0.1625082356255052, 0.7699320978673065, 0.0, 0.19744263445811444, 0.5126454650073085, 0.12512043896064454, 0.3712927952111912, 0.6868069609762797, 0.36034808065179136, 0.17263261972993615, 0.007504523810135222, 0.6191357965284787, 0.6544753530335902, 0.6840636350119119, 0.7832758651827881, 0.6950095351483365, 0.5905763760357808], [0.2740276243963997, 1.0145096049310376, 0.0, 0.2058876240504066, 0.5840054662124751, 0.12542841199611018, 0.4940685896292386, 0.6883516858677061, 0.3690581290301189, 0.21689366107484775, 0.00711334193318236, 0.5969291369458269, 0.662860978473459, 0.6944807565592449, 0.7882473099279635, 0.717363633352731, 0.5926315788570264], [0.12154793396093888, 1.0574801641611318, 0.0, 0.212059121424351, 0.5887027474769453, 0.118999648202731, 0.27638697115480115, 0.6888071007149535, 0.30846856284439417, 0.21736941538383991, 0.00683347364535547, 0.601628194840369, 0.6354733844895736, 0.6469221588798157, 0.7511168129976936, 0.6706301610230649, 0.5636175057408823], [0.14094903941150783, 0.832861956107261, 0.0, 0.23177285376212842, 0.5458261345060598, 0.11578947435873321, 0.47443420339535936, 0.6917488537395485, 0.3046350382451566, 0.16954106819652237, 0.006721420376576193, 0.5973791532569996, 0.6497001592099135, 0.6516033765235958, 0.7629863085704244, 0.6935524539747356, 0.5643152851397812], [0.04334334656763783, 0.892443203700098, 0.0, 0.22286168567074993, 0.5614547673594333, 0.11564775220689824, 0.4377150120153644, 0.6916858944062918, 0.3002501842957688, 0.18153013447294208, 0.006497131753992358, 0.6077129329479409, 0.6622043517883278, 0.6660517170589042, 0.7605992397035939, 0.6820270836503499, 0.5704595263219813]]}