{"labels_1": ["1", "2", "3", "4", "5", "6", "7", "8", "9"], "labels_2": ["1", "2", "3", "4", "5", "6", "7", "8", "9"], "adj_matrix_1": [[0.0, 0.13228, 0.00616, 0.1582, 0.22459, 0.16967, 0.25254, 0.21421, 0.15847], [0.13228, 0.0, 0.12699, 0.24339, 0.17088, 0.04892, 0.28736, 0.19568, 0.03335], [0.00616, 0.12699, 0.0, 0.16326, 0.22317, 0.16522, 0.25584, 0.21414, 0.15371], [0.1582, 0.24339, 0.16326, 0.0, 0.22878, 0.25605, 0.12785, 0.19105, 0.2531], [0.22459, 0.17088, 0.22317, 0.22878, 0.0, 0.13806, 0.20783, 0.06586, 0.14943], [0.16967, 0.04892, 0.16522, 0.25605, 0.13806, 0.0, 0.28118, 0.17588, 0.01586], [0.25254, 0.28736, 0.25584, 0.12785, 0.20783, 0.28118, 0.0, 0.16084, 0.28419], [0.21421, 0.19568, 0.21414, 0.19105, 0.06586, 0.17588, 0.16084, 0.0, 0.18314], [0.15847, 0.03335, 0.15371, 0.2531, 0.14943, 0.01586, 0.28419, 0.18314, 0.0]], "adj_matrix_2": [[0.0, 0.01535, 0.01698, 0.01441, 0.24306, 0.09786, 0.16018, 0.30364, 0.34847], [0.01535, 0.0, 0.03232, 0.00094, 0.23042, 0.08283, 0.16328, 0.30464, 0.34656], [0.01698, 0.03232, 0.0, 0.03138, 0.25663, 0.11437, 0.15664, 0.30209, 0.35012], [0.01441, 0.00094, 0.03138, 0.0, 0.23106, 0.08377, 0.16286, 0.30421, 0.34642], [0.24306, 0.23042, 0.25663, 0.23106, 0.0, 0.15739, 0.21422, 0.29113, 0.27296], [0.09786, 0.08283, 0.11437, 0.08377, 0.15739, 0.0, 0.18043, 0.30682, 0.33123], [0.16018, 0.16328, 0.15664, 0.16286, 0.21422, 0.18043, 0.0, 0.16908, 0.21657], [0.30364, 0.30464, 0.30209, 0.30421, 0.29113, 0.30682, 0.16908, 0.0, 0.10048], [0.34847, 0.34656, 0.35012, 0.34642, 0.27296, 0.33123, 0.21657, 0.10048, 0.0]], "features_1": [[0.4762685478380506, 0.7708953248183084, 0.0, 0.2527369879715567, 0.5244425064254615, 0.11436630730412656, 0.4167833476789724, 0.6917345840788235, 0.28752437087378646, 0.15488800454089313, 0.00677745458930179, 0.5742869206267043, 0.6209878735795238, 0.6379714737637474, 0.7523648598548757, 0.6668551167778987, 0.5537559637985404], [0.6420838782170213, 0.7943982943071789, 0.0, 0.2648081712630555, 0.5317989663371655, 0.11517580292917358, 0.44412574655265474, 0.6916843784489337, 0.2980731042123814, 0.16193451420140414, 0.00677745458930179, 0.5708047051470935, 0.6320082472074663, 0.6599937097816534, 0.758945223084764, 0.6661519700036054, 0.579829104392276], [0.5633500071059907, 0.9229690018990516, 0.0, 0.26020631667437677, 0.5650092502336737, 0.11502157357155089, 0.3996906805325544, 0.691540417637011, 0.293426597198543, 0.18462863892195513, 0.00655322669591385, 0.5733611549663244, 0.6288179074638484, 0.6224030544813481, 0.7555756790802838, 0.6792589578881422, 0.5573691717253739], [0.38344057047215596, 0.9219977733834399, 0.0, 0.23745259337188898, 0.5601541723385792, 0.11661916599772998, 0.3483944388312388, 0.6906192469427915, 0.29347572735962335, 0.1866824982047579, 0.00655322669591385, 0.5891054983197419, 0.6264220237204055, 0.6412433522633479, 0.7547918489508221, 0.6813223934484314, 0.5555927943962914], [1.5814565846624964, 0.8021593338661057, 0.0, 0.26286580739383997, 0.5351419842261327, 0.1142304331148744, 0.4078470556073164, 0.6918197152821406, 0.29069196918838136, 0.160626477586451, 0.0066653709969386465, 0.5493513094553433, 0.6188563475996813, 0.6387219854179391, 0.7562566573065581, 0.6746774509514177, 0.5744884213297107], [1.1438797540176804, 0.9553954923504832, 0.0, 0.2719403554414265, 0.5715462439020341, 0.11938760239131191, 0.4754763596058019, 0.690630859572431, 0.32696364725297267, 0.19643671300645216, 0.007001439975721224, 0.5657699877963285, 0.6513896413745596, 0.6591238248953909, 0.7750575108889827, 0.6971322827185905, 0.5819743750478064], [0.48135775413872883, 1.0134693184962187, 0.0, 0.25027289920007445, 0.5734227098867408, 0.11909769626473825, 0.2192683307008906, 0.6880839213744817, 0.306429338504804, 0.20701758552010996, 0.0069454663283523566, 0.5958252223177758, 0.6264422401120756, 0.6392077986306576, 0.7456510738963019, 0.6872755673767486, 0.5626375896683163], [1.8969448742467687, 0.8196512266848996, 0.0, 0.28703038604019043, 0.5384619777849579, 0.11631232432703698, 0.380857332576246, 0.6909478621652634, 0.3111123022419917, 0.16616225137096863, 0.00683347364535547, 0.5470501750111292, 0.6120907119341906, 0.6288447590575166, 0.7592819609186168, 0.6756711293461211, 0.5808651756748281], [1.2881986692248226, 0.879560857482488, 0.0, 0.2765560210021178, 0.5512875212533687, 0.11665231014928062, 0.3161871190986737, 0.6903574742040084, 0.3059645770786097, 0.1777074863795718, 0.006721420376576193, 0.5633075294639367, 0.6277034516422906, 0.6451363228472424, 0.7535975339668814, 0.6623756412741647, 0.566476814881227]], "features_2": [[-0.3199582275270827, 0.6888576325064705, 0.0, 0.21888541242969536, 0.47385766179111766, 0.1269894568155411, 0.2614926854108006, 0.6827776577498937, 0.34268478623906873, 0.15599113227738437, 0.00716927026363523, 0.6259613793140715, 0.6532075235418133, 0.6679033796198143, 0.7686212603938471, 0.6901971527489239, 0.569680528472627], [-0.32371114475064466, 0.6859730893859651, 0.0, 0.21486073249950896, 0.47289055274062375, 0.12789601106978796, 0.2816772693967998, 0.6826624339244224, 0.3517681713719367, 0.157927066345259, 0.007616154688146137, 0.6256209423022212, 0.6565528252866859, 0.6845535626974395, 0.7764792315063431, 0.7005437365985743, 0.5809708456116878], [-0.2824363906243441, 0.8329930280515235, 0.0, 0.21525711864184927, 0.5168351760281341, 0.12750441758456027, 0.2445914629103733, 0.6823066551449583, 0.3489520746597736, 0.1875529539009957, 0.007281081678807366, 0.6266613850996721, 0.6436210397140182, 0.6605571987336964, 0.7696530696459852, 0.6948437094511631, 0.5758772999424496], [-0.17460117538335362, 0.8724840910059213, 0.0, 0.22957285062158514, 0.5209190234068204, 0.13052409963147993, 0.17901923485227939, 0.6781580688660735, 0.37160235657298313, 0.2006803825729302, 0.007392832833969631, 0.6300151836143875, 0.6478951334140168, 0.6741092734963305, 0.7705641346227706, 0.6934805421401875, 0.5767903813554206], [-0.19579089446490228, 0.659610672543589, 0.0, 0.209028995264643, 0.4638543441274511, 0.1272781656104473, 0.2858857768822979, 0.6830563667673812, 0.34543040262365055, 0.15009852834105475, 0.00716927026363523, 0.6139445107933867, 0.6586544280784719, 0.6863089796394561, 0.7754963996938288, 0.7049301701053027, 0.5746456450793334], [-0.22397561970241808, 0.8664649796632758, 0.0, 0.21499707076222863, 0.5254242028093354, 0.12714207682359754, 0.2342805498450467, 0.6825705067792815, 0.3454520034907762, 0.19401842816374804, 0.007281081678807366, 0.6261505805304437, 0.6508914857758626, 0.6766837178950608, 0.7689265798738101, 0.6856559624770596, 0.5687031914461889], [0.8239200952000192, 0.8548356981465441, 0.0, 0.3183196053621244, 0.5186372497175482, 0.1276230903934313, 0.22604192970469014, 0.6816484922548948, 0.3579384033449533, 0.19132261707839882, 0.007504523810135222, 0.5765836860608857, 0.6320931710028024, 0.6574214364351822, 0.7654988384884517, 0.6968966811300424, 0.5611970411692734], [0.8000733514045275, 0.7400494522477357, 0.0, 0.25305572402483206, 0.49563063070644997, 0.12283947629795108, 0.2491585285564973, 0.686223020758911, 0.33420676583029296, 0.15801148905102957, 0.0069454663283523566, 0.5783015223032066, 0.6229755554742016, 0.6378875113179638, 0.7600601650905826, 0.7235508190674994, 0.5468089054605804], [0.7383929550561397, 0.8169358884452427, 0.0, 0.2562026446313869, 0.5169752524711355, 0.12217336300516962, 0.22069850108619846, 0.686203044828829, 0.3308648654979691, 0.17376157898659983, 0.00716927026363523, 0.577659443762808, 0.6254938405198501, 0.647358938730624, 0.7524530835587899, 0.6801382477759269, 0.5376362608988199]]}