{"labels_1": ["1", "2", "3", "4", "5", "6", "7", "8", "9"], "labels_2": ["1", "2", "3", "4", "5", "6", "7", "8", "9"], "adj_matrix_1": [[0.0, 0.16332, 0.02737, 0.00979, 0.27984, 0.09746, 0.03855, 0.16405, 0.30589], [0.16332, 0.0, 0.18727, 0.17194, 0.15766, 0.07064, 0.12807, 0.20142, 0.21485], [0.02737, 0.18727, 0.0, 0.01759, 0.29482, 0.12362, 0.06568, 0.15773, 0.31558], [0.00979, 0.17194, 0.01759, 0.0, 0.28522, 0.10688, 0.04828, 0.16163, 0.30937], [0.27984, 0.15766, 0.29482, 0.28522, 0.0, 0.2146, 0.25623, 0.22338, 0.07531], [0.09746, 0.07064, 0.12362, 0.10688, 0.2146, 0.0, 0.05977, 0.18602, 0.25939], [0.03855, 0.12807, 0.06568, 0.04828, 0.25623, 0.05977, 0.0, 0.17261, 0.28971], [0.16405, 0.20142, 0.15773, 0.16163, 0.22338, 0.18602, 0.17261, 0.0, 0.22041], [0.30589, 0.21485, 0.31558, 0.30937, 0.07531, 0.25939, 0.28971, 0.22041, 0.0]], "adj_matrix_2": [[0.0, 0.04107, 0.06259, 0.03477, 0.31852, 0.02478, 0.08985, 0.26625, 0.07509], [0.04107, 0.0, 0.1028, 0.07548, 0.3081, 0.06562, 0.12939, 0.27008, 0.03439], [0.06259, 0.1028, 0.0, 0.02801, 0.3296, 0.03799, 0.02774, 0.25814, 0.13555], [0.03477, 0.07548, 0.02801, 0.0, 0.32516, 0.01002, 0.05562, 0.26186, 0.10889], [0.31852, 0.3081, 0.3296, 0.32516, 0.0, 0.32338, 0.33296, 0.14514, 0.29725], [0.02478, 0.06562, 0.03799, 0.01002, 0.32338, 0.0, 0.06553, 0.26315, 0.09924], [0.08985, 0.12939, 0.02774, 0.05562, 0.33296, 0.06553, 0.0, 0.25401, 0.16135], [0.26625, 0.27008, 0.25814, 0.26186, 0.14514, 0.26315, 0.25401, 0.0, 0.27215], [0.07509, 0.03439, 0.13555, 0.10889, 0.29725, 0.09924, 0.16135, 0.27215, 0.0]], "features_1": [[0.14808448647386863, 0.7695581721028427, 0.0, 0.3068200868033381, 0.5173025608973301, 0.12034509064965727, 0.5505215437957489, 0.6894963013597435, 0.32480793346398484, 0.16379327799389887, 0.006721420376576193, 0.6065068385306589, 0.6439877098558333, 0.6511454745064943, 0.7641196463394434, 0.6636452984424728, 0.5822737875243219], [0.18848028006261508, 0.7488251993106597, 0.0, 0.2863723923941366, 0.5067862603091113, 0.1241973982437593, 0.6145548280466386, 0.6877250329311448, 0.3413345607727525, 0.164641685093194, 0.007057398507269275, 0.6056275584376758, 0.6191093601484421, 0.6494164890511923, 0.7709281003315837, 0.6885504047457071, 0.5774359653748908], [0.21445121973528947, 0.901208570038184, 0.0, 0.2977046226037685, 0.5525720398700438, 0.12186542571374992, 0.6184523621606374, 0.6890293039382779, 0.3326981012909167, 0.19158020692454314, 0.007057398507269275, 0.6073225337541555, 0.6404815825061804, 0.6533888504272649, 0.765738156602623, 0.6698224094169093, 0.5816155103678078], [0.1585805142039023, 0.9074057863431053, 0.0, 0.2937857690626003, 0.5532928997022728, 0.12246341559421833, 0.5379102902599442, 0.6883787898690499, 0.32970048527774765, 0.19213610224912436, 0.007281081678807366, 0.6070498164911735, 0.6315791604875778, 0.6366844686755413, 0.7682869066581068, 0.6753018992324334, 0.587309588340298], [0.1855120741428533, 0.7412386496754882, 0.0, 0.26295305407096536, 0.502718140440892, 0.1253580842584229, 0.6508327095154186, 0.6870277721800865, 0.3380702951068233, 0.1614247142821974, 0.007504523810135222, 0.6042306403899802, 0.6335290915780966, 0.6485136040569882, 0.7694379449281602, 0.6937674806777717, 0.568789507689754], [0.18255502088874653, 0.9145270908229296, 0.0, 0.28358678554808664, 0.5565626236457994, 0.12133922573945362, 0.6500023083431486, 0.6895676338225482, 0.32767732876740663, 0.19132368922480936, 0.007448685839370306, 0.6059629415923671, 0.6432644080921569, 0.6384667820003045, 0.7655671591919432, 0.6964328999722631, 0.575739249034169], [0.08918640955587076, 0.8673308564402632, 0.0, 0.2686238912500157, 0.5458616571758316, 0.12074327376612823, 0.6731783316355682, 0.6898627483418382, 0.31569194665308653, 0.18099341323452323, 0.007001439975721224, 0.6054831961587235, 0.6471769048131603, 0.6344890749197706, 0.7640410541640383, 0.6671147543435831, 0.5804087034208465], [0.9402258375188448, 0.778236866843295, 0.0, 0.2590018147357586, 0.5187763550884572, 0.12227286615848035, 0.8347311119336005, 0.6896966018435, 0.3170651914802427, 0.1586921400656598, 0.00711334193318236, 0.5645818007508252, 0.6460020246472851, 0.6504537779276913, 0.7617502082830744, 0.6981637962034688, 0.5611647507680803], [0.21391426278080683, 0.7928997131486625, 0.0, 0.26228562496705154, 0.5237756888982794, 0.12321770558576367, 0.8524720836286377, 0.6895386347446, 0.3181868291638186, 0.16502891831210653, 0.007001439975721224, 0.5848297492425629, 0.630524094721625, 0.635469600834839, 0.7657764894131563, 0.6855145329000851, 0.5823069800137664]], "features_2": [[-0.26093614799296416, 0.7480578138962231, 0.0, 0.21782511243612523, 0.5137998183842103, 0.11888812635708987, 0.362474555365651, 0.6899150758709567, 0.3201586705562165, 0.15991179731059124, 0.00677745458930179, 0.6206116140567368, 0.6470586201572862, 0.6642987266246018, 0.7623116042899957, 0.6792361687436745, 0.5477399606935448], [-0.0778129043714828, 0.7409568237976336, 0.0, 0.18873438097802117, 0.505265050653425, 0.12423669946270016, 0.35053721236819585, 0.6870729697178488, 0.34916304574249657, 0.1660562177356557, 0.007281081678807366, 0.6108039608768188, 0.6624233358742183, 0.6798420692160739, 0.777247519729249, 0.6873109807827239, 0.5784238089365703], [-0.22159826858669307, 0.8616041045096423, 0.0, 0.21546619430910602, 0.548441729186964, 0.11865689355914102, 0.406910450165055, 0.6903787343333706, 0.3180430549978859, 0.18256465360924556, 0.0066653709969386465, 0.6213762360389854, 0.6655176208928324, 0.6714206130678275, 0.7673162577199959, 0.6696655853920919, 0.5523363524993347], [-0.3037893155221174, 0.8801834560565409, 0.0, 0.21521879612727407, 0.5485266092510067, 0.1201419889639033, 0.3719814307694115, 0.689258093000285, 0.3240486240520195, 0.18865218003123707, 0.00711334193318236, 0.6212363356574713, 0.6541549910134403, 0.6639313340241519, 0.7656907255700656, 0.6886889747175989, 0.5584959438924743], [0.4463418364811327, 0.7222802134967765, 0.0, 0.2500272504596995, 0.4982504084769337, 0.1242475420276107, 0.3476771467769062, 0.6869382911719271, 0.3524718151382611, 0.15930713013439957, 0.006889477554966383, 0.5888273034983271, 0.6567228227204173, 0.6714065392699836, 0.7772030224139816, 0.6883494473922251, 0.5780951254243001], [-0.1288842329566826, 0.8675673586014077, 0.0, 0.20296055369058363, 0.5481373496591911, 0.12041335185339816, 0.4724428469812196, 0.6901626943918739, 0.32688604876294436, 0.18462374113047209, 0.00683347364535547, 0.613075839597975, 0.6711395066186967, 0.6763156395353288, 0.7780762380087028, 0.6993538722577133, 0.5594136633957351], [-0.05826497187873558, 0.8882726262931777, 0.0, 0.22752498098844184, 0.5488321602879956, 0.11882243328643292, 0.3634407992845439, 0.6897522832709425, 0.3279961584011146, 0.18712557502802563, 0.007057398507269275, 0.6129080528208943, 0.6511665288817011, 0.6658417298696778, 0.7631355241513791, 0.6902661689268381, 0.5502939828990123], [1.3041831202962006, 0.7235579958380383, 0.0, 0.2821063774858521, 0.4958361999484713, 0.12116654265502699, 0.26809937704522824, 0.6873767019627319, 0.3386950127119064, 0.15252478684996262, 0.00716927026363523, 0.5643065148369337, 0.6355105509979458, 0.6379537899500543, 0.7606532332145649, 0.694761247882256, 0.5689018279295395], [0.40897658440247175, 0.7809168820921983, 0.0, 0.23401614342200333, 0.5120670552126647, 0.12195010574089991, 0.26693568445015714, 0.6869113323725164, 0.3365400609468858, 0.16665668393966393, 0.006721420376576193, 0.6028438282975059, 0.6278537465668214, 0.6409898152648238, 0.7623528369684665, 0.6902174729790314, 0.5694690386727844]]}