{"labels_1": ["1", "2", "3", "4", "5", "6", "7", "8", "9"], "labels_2": ["1", "2", "3", "4", "5", "6", "7", "8", "9"], "adj_matrix_1": [[0.0, 0.16332, 0.02737, 0.00979, 0.27984, 0.09746, 0.03855, 0.16405, 0.30589], [0.16332, 0.0, 0.18727, 0.17194, 0.15766, 0.07064, 0.12807, 0.20142, 0.21485], [0.02737, 0.18727, 0.0, 0.01759, 0.29482, 0.12362, 0.06568, 0.15773, 0.31558], [0.00979, 0.17194, 0.01759, 0.0, 0.28522, 0.10688, 0.04828, 0.16163, 0.30937], [0.27984, 0.15766, 0.29482, 0.28522, 0.0, 0.2146, 0.25623, 0.22338, 0.07531], [0.09746, 0.07064, 0.12362, 0.10688, 0.2146, 0.0, 0.05977, 0.18602, 0.25939], [0.03855, 0.12807, 0.06568, 0.04828, 0.25623, 0.05977, 0.0, 0.17261, 0.28971], [0.16405, 0.20142, 0.15773, 0.16163, 0.22338, 0.18602, 0.17261, 0.0, 0.22041], [0.30589, 0.21485, 0.31558, 0.30937, 0.07531, 0.25939, 0.28971, 0.22041, 0.0]], "adj_matrix_2": [[0.0, 0.01535, 0.01698, 0.01441, 0.24306, 0.09786, 0.16018, 0.30364, 0.34847], [0.01535, 0.0, 0.03232, 0.00094, 0.23042, 0.08283, 0.16328, 0.30464, 0.34656], [0.01698, 0.03232, 0.0, 0.03138, 0.25663, 0.11437, 0.15664, 0.30209, 0.35012], [0.01441, 0.00094, 0.03138, 0.0, 0.23106, 0.08377, 0.16286, 0.30421, 0.34642], [0.24306, 0.23042, 0.25663, 0.23106, 0.0, 0.15739, 0.21422, 0.29113, 0.27296], [0.09786, 0.08283, 0.11437, 0.08377, 0.15739, 0.0, 0.18043, 0.30682, 0.33123], [0.16018, 0.16328, 0.15664, 0.16286, 0.21422, 0.18043, 0.0, 0.16908, 0.21657], [0.30364, 0.30464, 0.30209, 0.30421, 0.29113, 0.30682, 0.16908, 0.0, 0.10048], [0.34847, 0.34656, 0.35012, 0.34642, 0.27296, 0.33123, 0.21657, 0.10048, 0.0]], "features_1": [[0.14808448647386863, 0.7695581721028427, 0.0, 0.3068200868033381, 0.5173025608973301, 0.12034509064965727, 0.5505215437957489, 0.6894963013597435, 0.32480793346398484, 0.16379327799389887, 0.006721420376576193, 0.6065068385306589, 0.6439877098558333, 0.6511454745064943, 0.7641196463394434, 0.6636452984424728, 0.5822737875243219], [0.18848028006261508, 0.7488251993106597, 0.0, 0.2863723923941366, 0.5067862603091113, 0.1241973982437593, 0.6145548280466386, 0.6877250329311448, 0.3413345607727525, 0.164641685093194, 0.007057398507269275, 0.6056275584376758, 0.6191093601484421, 0.6494164890511923, 0.7709281003315837, 0.6885504047457071, 0.5774359653748908], [0.21445121973528947, 0.901208570038184, 0.0, 0.2977046226037685, 0.5525720398700438, 0.12186542571374992, 0.6184523621606374, 0.6890293039382779, 0.3326981012909167, 0.19158020692454314, 0.007057398507269275, 0.6073225337541555, 0.6404815825061804, 0.6533888504272649, 0.765738156602623, 0.6698224094169093, 0.5816155103678078], [0.1585805142039023, 0.9074057863431053, 0.0, 0.2937857690626003, 0.5532928997022728, 0.12246341559421833, 0.5379102902599442, 0.6883787898690499, 0.32970048527774765, 0.19213610224912436, 0.007281081678807366, 0.6070498164911735, 0.6315791604875778, 0.6366844686755413, 0.7682869066581068, 0.6753018992324334, 0.587309588340298], [0.1855120741428533, 0.7412386496754882, 0.0, 0.26295305407096536, 0.502718140440892, 0.1253580842584229, 0.6508327095154186, 0.6870277721800865, 0.3380702951068233, 0.1614247142821974, 0.007504523810135222, 0.6042306403899802, 0.6335290915780966, 0.6485136040569882, 0.7694379449281602, 0.6937674806777717, 0.568789507689754], [0.18255502088874653, 0.9145270908229296, 0.0, 0.28358678554808664, 0.5565626236457994, 0.12133922573945362, 0.6500023083431486, 0.6895676338225482, 0.32767732876740663, 0.19132368922480936, 0.007448685839370306, 0.6059629415923671, 0.6432644080921569, 0.6384667820003045, 0.7655671591919432, 0.6964328999722631, 0.575739249034169], [0.08918640955587076, 0.8673308564402632, 0.0, 0.2686238912500157, 0.5458616571758316, 0.12074327376612823, 0.6731783316355682, 0.6898627483418382, 0.31569194665308653, 0.18099341323452323, 0.007001439975721224, 0.6054831961587235, 0.6471769048131603, 0.6344890749197706, 0.7640410541640383, 0.6671147543435831, 0.5804087034208465], [0.9402258375188448, 0.778236866843295, 0.0, 0.2590018147357586, 0.5187763550884572, 0.12227286615848035, 0.8347311119336005, 0.6896966018435, 0.3170651914802427, 0.1586921400656598, 0.00711334193318236, 0.5645818007508252, 0.6460020246472851, 0.6504537779276913, 0.7617502082830744, 0.6981637962034688, 0.5611647507680803], [0.21391426278080683, 0.7928997131486625, 0.0, 0.26228562496705154, 0.5237756888982794, 0.12321770558576367, 0.8524720836286377, 0.6895386347446, 0.3181868291638186, 0.16502891831210653, 0.007001439975721224, 0.5848297492425629, 0.630524094721625, 0.635469600834839, 0.7657764894131563, 0.6855145329000851, 0.5823069800137664]], "features_2": [[-0.3199582275270827, 0.6888576325064705, 0.0, 0.21888541242969536, 0.47385766179111766, 0.1269894568155411, 0.2614926854108006, 0.6827776577498937, 0.34268478623906873, 0.15599113227738437, 0.00716927026363523, 0.6259613793140715, 0.6532075235418133, 0.6679033796198143, 0.7686212603938471, 0.6901971527489239, 0.569680528472627], [-0.32371114475064466, 0.6859730893859651, 0.0, 0.21486073249950896, 0.47289055274062375, 0.12789601106978796, 0.2816772693967998, 0.6826624339244224, 0.3517681713719367, 0.157927066345259, 0.007616154688146137, 0.6256209423022212, 0.6565528252866859, 0.6845535626974395, 0.7764792315063431, 0.7005437365985743, 0.5809708456116878], [-0.2824363906243441, 0.8329930280515235, 0.0, 0.21525711864184927, 0.5168351760281341, 0.12750441758456027, 0.2445914629103733, 0.6823066551449583, 0.3489520746597736, 0.1875529539009957, 0.007281081678807366, 0.6266613850996721, 0.6436210397140182, 0.6605571987336964, 0.7696530696459852, 0.6948437094511631, 0.5758772999424496], [-0.17460117538335362, 0.8724840910059213, 0.0, 0.22957285062158514, 0.5209190234068204, 0.13052409963147993, 0.17901923485227939, 0.6781580688660735, 0.37160235657298313, 0.2006803825729302, 0.007392832833969631, 0.6300151836143875, 0.6478951334140168, 0.6741092734963305, 0.7705641346227706, 0.6934805421401875, 0.5767903813554206], [-0.19579089446490228, 0.659610672543589, 0.0, 0.209028995264643, 0.4638543441274511, 0.1272781656104473, 0.2858857768822979, 0.6830563667673812, 0.34543040262365055, 0.15009852834105475, 0.00716927026363523, 0.6139445107933867, 0.6586544280784719, 0.6863089796394561, 0.7754963996938288, 0.7049301701053027, 0.5746456450793334], [-0.22397561970241808, 0.8664649796632758, 0.0, 0.21499707076222863, 0.5254242028093354, 0.12714207682359754, 0.2342805498450467, 0.6825705067792815, 0.3454520034907762, 0.19401842816374804, 0.007281081678807366, 0.6261505805304437, 0.6508914857758626, 0.6766837178950608, 0.7689265798738101, 0.6856559624770596, 0.5687031914461889], [0.8239200952000192, 0.8548356981465441, 0.0, 0.3183196053621244, 0.5186372497175482, 0.1276230903934313, 0.22604192970469014, 0.6816484922548948, 0.3579384033449533, 0.19132261707839882, 0.007504523810135222, 0.5765836860608857, 0.6320931710028024, 0.6574214364351822, 0.7654988384884517, 0.6968966811300424, 0.5611970411692734], [0.8000733514045275, 0.7400494522477357, 0.0, 0.25305572402483206, 0.49563063070644997, 0.12283947629795108, 0.2491585285564973, 0.686223020758911, 0.33420676583029296, 0.15801148905102957, 0.0069454663283523566, 0.5783015223032066, 0.6229755554742016, 0.6378875113179638, 0.7600601650905826, 0.7235508190674994, 0.5468089054605804], [0.7383929550561397, 0.8169358884452427, 0.0, 0.2562026446313869, 0.5169752524711355, 0.12217336300516962, 0.22069850108619846, 0.686203044828829, 0.3308648654979691, 0.17376157898659983, 0.00716927026363523, 0.577659443762808, 0.6254938405198501, 0.647358938730624, 0.7524530835587899, 0.6801382477759269, 0.5376362608988199]]}