{"labels_1": ["1", "2", "3", "4", "5", "6", "7", "8", "9"], "labels_2": ["1", "2", "3", "4", "5", "6", "7", "8", "9"], "adj_matrix_1": [[0.0, 0.16332, 0.02737, 0.00979, 0.27984, 0.09746, 0.03855, 0.16405, 0.30589], [0.16332, 0.0, 0.18727, 0.17194, 0.15766, 0.07064, 0.12807, 0.20142, 0.21485], [0.02737, 0.18727, 0.0, 0.01759, 0.29482, 0.12362, 0.06568, 0.15773, 0.31558], [0.00979, 0.17194, 0.01759, 0.0, 0.28522, 0.10688, 0.04828, 0.16163, 0.30937], [0.27984, 0.15766, 0.29482, 0.28522, 0.0, 0.2146, 0.25623, 0.22338, 0.07531], [0.09746, 0.07064, 0.12362, 0.10688, 0.2146, 0.0, 0.05977, 0.18602, 0.25939], [0.03855, 0.12807, 0.06568, 0.04828, 0.25623, 0.05977, 0.0, 0.17261, 0.28971], [0.16405, 0.20142, 0.15773, 0.16163, 0.22338, 0.18602, 0.17261, 0.0, 0.22041], [0.30589, 0.21485, 0.31558, 0.30937, 0.07531, 0.25939, 0.28971, 0.22041, 0.0]], "adj_matrix_2": [[0.0, 0.05719, 0.00052, 0.09851, 0.15367, 0.02648, 0.0954, 0.13226, 0.16082], [0.05719, 0.0, 0.05667, 0.15138, 0.10021, 0.08308, 0.1485, 0.07757, 0.20734], [0.00052, 0.05667, 0.0, 0.09901, 0.1532, 0.02701, 0.0959, 0.13178, 0.16124], [0.09851, 0.15138, 0.09901, 0.0, 0.23446, 0.07303, 0.00329, 0.21667, 0.06878], [0.15367, 0.10021, 0.1532, 0.23446, 0.0, 0.17688, 0.23215, 0.02332, 0.27625], [0.02648, 0.08308, 0.02701, 0.07303, 0.17688, 0.0, 0.06984, 0.15624, 0.13766], [0.0954, 0.1485, 0.0959, 0.00329, 0.23215, 0.06984, 0.0, 0.21421, 0.07197], [0.13226, 0.07757, 0.13178, 0.21667, 0.02332, 0.15624, 0.21421, 0.0, 0.26194], [0.16082, 0.20734, 0.16124, 0.06878, 0.27625, 0.13766, 0.07197, 0.26194, 0.0]], "features_1": [[0.14808448647386863, 0.7695581721028427, 0.0, 0.3068200868033381, 0.5173025608973301, 0.12034509064965727, 0.5505215437957489, 0.6894963013597435, 0.32480793346398484, 0.16379327799389887, 0.006721420376576193, 0.6065068385306589, 0.6439877098558333, 0.6511454745064943, 0.7641196463394434, 0.6636452984424728, 0.5822737875243219], [0.18848028006261508, 0.7488251993106597, 0.0, 0.2863723923941366, 0.5067862603091113, 0.1241973982437593, 0.6145548280466386, 0.6877250329311448, 0.3413345607727525, 0.164641685093194, 0.007057398507269275, 0.6056275584376758, 0.6191093601484421, 0.6494164890511923, 0.7709281003315837, 0.6885504047457071, 0.5774359653748908], [0.21445121973528947, 0.901208570038184, 0.0, 0.2977046226037685, 0.5525720398700438, 0.12186542571374992, 0.6184523621606374, 0.6890293039382779, 0.3326981012909167, 0.19158020692454314, 0.007057398507269275, 0.6073225337541555, 0.6404815825061804, 0.6533888504272649, 0.765738156602623, 0.6698224094169093, 0.5816155103678078], [0.1585805142039023, 0.9074057863431053, 0.0, 0.2937857690626003, 0.5532928997022728, 0.12246341559421833, 0.5379102902599442, 0.6883787898690499, 0.32970048527774765, 0.19213610224912436, 0.007281081678807366, 0.6070498164911735, 0.6315791604875778, 0.6366844686755413, 0.7682869066581068, 0.6753018992324334, 0.587309588340298], [0.1855120741428533, 0.7412386496754882, 0.0, 0.26295305407096536, 0.502718140440892, 0.1253580842584229, 0.6508327095154186, 0.6870277721800865, 0.3380702951068233, 0.1614247142821974, 0.007504523810135222, 0.6042306403899802, 0.6335290915780966, 0.6485136040569882, 0.7694379449281602, 0.6937674806777717, 0.568789507689754], [0.18255502088874653, 0.9145270908229296, 0.0, 0.28358678554808664, 0.5565626236457994, 0.12133922573945362, 0.6500023083431486, 0.6895676338225482, 0.32767732876740663, 0.19132368922480936, 0.007448685839370306, 0.6059629415923671, 0.6432644080921569, 0.6384667820003045, 0.7655671591919432, 0.6964328999722631, 0.575739249034169], [0.08918640955587076, 0.8673308564402632, 0.0, 0.2686238912500157, 0.5458616571758316, 0.12074327376612823, 0.6731783316355682, 0.6898627483418382, 0.31569194665308653, 0.18099341323452323, 0.007001439975721224, 0.6054831961587235, 0.6471769048131603, 0.6344890749197706, 0.7640410541640383, 0.6671147543435831, 0.5804087034208465], [0.9402258375188448, 0.778236866843295, 0.0, 0.2590018147357586, 0.5187763550884572, 0.12227286615848035, 0.8347311119336005, 0.6896966018435, 0.3170651914802427, 0.1586921400656598, 0.00711334193318236, 0.5645818007508252, 0.6460020246472851, 0.6504537779276913, 0.7617502082830744, 0.6981637962034688, 0.5611647507680803], [0.21391426278080683, 0.7928997131486625, 0.0, 0.26228562496705154, 0.5237756888982794, 0.12321770558576367, 0.8524720836286377, 0.6895386347446, 0.3181868291638186, 0.16502891831210653, 0.007001439975721224, 0.5848297492425629, 0.630524094721625, 0.635469600834839, 0.7657764894131563, 0.6855145329000851, 0.5823069800137664]], "features_2": [[0.29839724681981794, 0.6972164106657137, 0.0, 0.28086929766412116, 0.4825466717807066, 0.12773773558093876, 0.31976053942165805, 0.683660042956471, 0.3749847757422924, 0.15985346113527643, 0.007560346756364078, 0.6040912351284162, 0.6464632845901955, 0.6784788784492923, 0.7809205659769203, 0.7108616733525057, 0.5955614283144783], [-0.061291364029630646, 0.6921317619954783, 0.0, 0.23792612131381563, 0.4750806177892877, 0.13101618003748133, 0.30743541278802977, 0.6809719858346652, 0.38542199229889884, 0.1623021043878885, 0.007504523810135222, 0.6166679406096751, 0.6569746116471117, 0.6774793080234071, 0.7890566195353349, 0.7031184194308334, 0.607908844033817], [0.0317468619556438, 0.7919821289172314, 0.0, 0.25561422268767553, 0.5089651834288151, 0.13014693831135082, 0.3040933368196157, 0.6818918879363558, 0.3868721678938496, 0.18395270598921631, 0.007894969482732161, 0.6152792093791626, 0.6630211585981527, 0.6818424566471348, 0.7866432017770268, 0.7084570612515514, 0.6077074858909853], [0.381176839807539, 0.8210310808397565, 0.0, 0.28450450728769733, 0.5163697691216784, 0.12933101299656824, 0.2897562151480052, 0.6818407286624732, 0.37409047508671467, 0.18614994439587873, 0.007616154688146137, 0.5983049847978159, 0.6372841509404714, 0.6642011491812143, 0.7812401362010994, 0.7197995155965734, 0.6007918315576406], [-0.3401741159546954, 0.708607334226089, 0.0, 0.22662717631995744, 0.47683934473150047, 0.13279805855949156, 0.29070157932343293, 0.6791508684485981, 0.3915624663572017, 0.1696357972385676, 0.007727725548673403, 0.6287207792397029, 0.6697506367247547, 0.6845720243978666, 0.7920489491924733, 0.7040402650172075, 0.6091455495027557], [-0.007121153569617622, 0.8158457142790518, 0.0, 0.25621364339574976, 0.5131572878316865, 0.1314688552627104, 0.3079373419709711, 0.681197581173576, 0.3908184422453582, 0.19035571762566095, 0.007727725548673403, 0.6047794731683562, 0.6592672756189837, 0.6861144223336619, 0.7917974061850328, 0.7113710028774708, 0.611367452861031], [0.5881810273474115, 0.8057731064682672, 0.0, 0.26177195761462185, 0.5067349333717255, 0.1308301033311944, 0.23831057659229984, 0.679594243512408, 0.3779716212864934, 0.1818636433017471, 0.007281081678807366, 0.5946524602228582, 0.6497590569237913, 0.6683055908723362, 0.7812617595129977, 0.7148081212672419, 0.5944703252418981], [-0.1489719410079986, 0.714800568576893, 0.0, 0.2371012845605793, 0.4770105181630144, 0.13378255282775114, 0.29814818173302127, 0.6787272240669243, 0.3934461959380753, 0.1701918874083117, 0.007392832833969631, 0.619680410469932, 0.6589677600109973, 0.6896007076658015, 0.7962512116519842, 0.7185599720412296, 0.6192796293273176], [-0.05994055412478039, 0.7262912897923173, 0.0, 0.27838660030928647, 0.4816858886226061, 0.1325291468881611, 0.268506171787525, 0.6790058734553475, 0.38988206252903046, 0.17009132486003242, 0.007727725548673403, 0.6078678490589544, 0.6476560845144295, 0.6685207033487189, 0.7898234469919966, 0.7082147412813996, 0.6131018859867161]]}