{"labels_1": ["1", "2", "3", "4", "5", "6", "7", "8", "9"], "labels_2": ["1", "2", "3", "4", "5", "6", "7", "8", "9"], "adj_matrix_1": [[0.0, 0.10748, 0.1187, 0.06518, 0.14101, 0.03749, 0.23282, 0.09436, 0.14342], [0.10748, 0.0, 0.21587, 0.16852, 0.03515, 0.14301, 0.30474, 0.19466, 0.23672], [0.1187, 0.21587, 0.0, 0.05525, 0.24449, 0.08267, 0.13222, 0.02553, 0.02667], [0.06518, 0.16852, 0.05525, 0.0, 0.19981, 0.02795, 0.18085, 0.02989, 0.08138], [0.14101, 0.03515, 0.24449, 0.19981, 0.0, 0.17538, 0.32416, 0.2246, 0.26381], [0.03749, 0.14301, 0.08267, 0.02795, 0.17538, 0.0, 0.20377, 0.05764, 0.10828], [0.23282, 0.30474, 0.13222, 0.18085, 0.32416, 0.20377, 0.0, 0.15512, 0.10751], [0.09436, 0.19466, 0.02553, 0.02989, 0.2246, 0.05764, 0.15512, 0.0, 0.05205], [0.14342, 0.23672, 0.02667, 0.08138, 0.26381, 0.10828, 0.10751, 0.05205, 0.0]], "adj_matrix_2": [[0.0, 0.06634, 0.11311, 0.06046, 0.00461, 0.18897, 0.06202, 0.32316, 0.32289], [0.06634, 0.0, 0.04987, 0.00606, 0.07076, 0.13688, 0.00445, 0.33345, 0.33289], [0.11311, 0.04987, 0.0, 0.05582, 0.11718, 0.09157, 0.05424, 0.33028, 0.32952], [0.06046, 0.00606, 0.05582, 0.0, 0.06491, 0.1421, 0.00161, 0.33338, 0.33289], [0.00461, 0.07076, 0.11718, 0.06491, 0.0, 0.19208, 0.06647, 0.32186, 0.32161], [0.18897, 0.13688, 0.09157, 0.1421, 0.19208, 0.0, 0.14073, 0.30005, 0.29889], [0.06202, 0.00445, 0.05424, 0.00161, 0.06647, 0.14073, 0.0, 0.33345, 0.33295], [0.32316, 0.33345, 0.33028, 0.33338, 0.32186, 0.30005, 0.33345, 0.0, 0.00194], [0.32289, 0.33289, 0.32952, 0.33289, 0.32161, 0.29889, 0.33295, 0.00194, 0.0]], "features_1": [[-0.2536270953751303, 0.8316505613692671, 0.0, 0.21636498688829398, 0.5108307267936896, 0.13482065138568577, 0.2866536594529478, 0.677393413739337, 0.413350939521012, 0.19954868048423924, 0.007894969482732161, 0.6262034999055341, 0.6636360751959397, 0.6992406823602523, 0.7990786879614152, 0.7240463249958278, 0.6117209333971189], [-0.3441586041955085, 0.8719818389730739, 0.0, 0.2147194122240584, 0.5209728681254753, 0.1372725433744763, 0.2936020493423669, 0.6757196295991275, 0.4182656476077071, 0.21207140294859794, 0.008006390651371653, 0.6417413136887622, 0.6723639510578628, 0.7114744461249491, 0.8063448164864809, 0.7265653586451903, 0.6182283504156566], [-0.2989212148407736, 0.9859509259742075, 0.0, 0.21346167114760206, 0.548540113401884, 0.1363117799800563, 0.27098720564313084, 0.6757779017505279, 0.4159707216774582, 0.2334534852657737, 0.007894969482732161, 0.6294332597237595, 0.6716331702975453, 0.7013506720127731, 0.8010146895097322, 0.7322300609750295, 0.6171666020141396], [-0.323758194660519, 0.9956401855885575, 0.0, 0.1942882549060873, 0.5487096831489574, 0.13699873088629894, 0.2464659787875604, 0.6740523564140419, 0.42289034442926887, 0.23623134889928843, 0.008117752083540042, 0.6260485174049983, 0.6680753600915615, 0.7051689792548033, 0.799306391378585, 0.7258296986073485, 0.6153280531211412], [-0.28879002211440064, 0.8793122629948217, 0.0, 0.21658446125568645, 0.5200688765284917, 0.1384157756997802, 0.2961172625967542, 0.6746915869650929, 0.422128667048592, 0.2142376931863419, 0.008006390651371653, 0.6343747816205185, 0.6773646879403837, 0.7099604155145, 0.8087102466076553, 0.7333131717138605, 0.6227939749377964], [-0.29124076451480496, 1.0218368077052185, 0.0, 0.2017636227092994, 0.558886065280569, 0.13630596327934302, 0.3082857656513994, 0.6770500414289902, 0.42156874071447237, 0.2417490538483884, 0.007894969482732161, 0.6350708591667467, 0.6815305137651211, 0.7122690756449084, 0.8054250931948408, 0.7333769518698495, 0.6209278763035038], [-0.11241682712690926, 0.9804033519535995, 0.0, 0.21785177128556318, 0.5465777632833516, 0.13704861430889237, 0.29807635213749606, 0.6759694381354728, 0.41956051995350485, 0.23206587678032187, 0.008117752083540042, 0.6186140854268509, 0.6723419224061027, 0.7086738655491429, 0.8054721453245397, 0.7178422341763124, 0.6225441431105089], [-0.061774111950260835, 0.9151444622768309, 0.0, 0.20350010795950685, 0.5314704911967648, 0.137688587551828, 0.3224157078057438, 0.6763466434604253, 0.4242170919452193, 0.22086751336330224, 0.00822905385914674, 0.6237069477711501, 0.6761496661561032, 0.7192734851521654, 0.8103627930839671, 0.7345964871263071, 0.6212456022449797], [-0.015543268837554969, 0.9158484809641884, 0.0, 0.22458636894009176, 0.5335932605263357, 0.13736238037249862, 0.33684299539154167, 0.6770490419084694, 0.42559036299302444, 0.21991494517255106, 0.00822905385914674, 0.623182129221981, 0.6789185280124498, 0.7129866853533385, 0.8109161964729367, 0.7483983589598356, 0.6253969501640075]], "features_2": [[0.7046683798375653, 0.7650783119045022, 0.0, 0.24398051906140653, 0.502056831989508, 0.12486022151758835, 0.26218312614541334, 0.6848082541978415, 0.3541766009609908, 0.16902044724860898, 0.007727725548673403, 0.5898742820565981, 0.635945989119624, 0.6584480216635143, 0.7699622331283542, 0.6909006181886004, 0.5686180031945752], [0.5570610997666399, 0.7546320959067717, 0.0, 0.24089853547596227, 0.49446511128091564, 0.12791162244538445, 0.29916497296865996, 0.6829767134156497, 0.3638684431292032, 0.17011793678650822, 0.007727725548673403, 0.5987760237317392, 0.6378507550462137, 0.6644718143097637, 0.7829514439710081, 0.6966063902380125, 0.5757858229357051], [0.41757165578584354, 0.8896663132490157, 0.0, 0.23491806005231053, 0.5350258372449742, 0.1262158548811387, 0.24804567353681078, 0.6835341840562745, 0.36059876469749064, 0.19805725683392805, 0.00783923647221818, 0.600647419330171, 0.6427627552098389, 0.6637812857555808, 0.7726504644593238, 0.6893341968956155, 0.5714017120014554], [0.6725828494835775, 0.9180693663489754, 0.0, 0.2459566342709084, 0.5413541815727909, 0.12741165500339968, 0.24895438298183095, 0.682694156656483, 0.3692506795624646, 0.20344750552857382, 0.007616154688146137, 0.5859361087971435, 0.6252161110127994, 0.6627408650028955, 0.7752641401945074, 0.6800093077282549, 0.5742532162974874], [0.48610328907265643, 0.7687111530196997, 0.0, 0.24097690603026656, 0.4901502495710742, 0.13159930883594206, 0.22084705015092468, 0.6778073554325988, 0.36849120534930413, 0.17520719672325313, 0.007727725548673403, 0.6002735552202894, 0.6481169554157284, 0.6591971628347222, 0.7816792795349965, 0.7151622990833859, 0.5797523487385031], [0.42591847902218394, 0.9008073334347942, 0.0, 0.2120854391739992, 0.5383802118627087, 0.12604057167533836, 0.2683559385233224, 0.6839632899896751, 0.36325014077905116, 0.20068313351251055, 0.007950687539111767, 0.6049032552677991, 0.6404928284278718, 0.6733828288616567, 0.7742371888444382, 0.6982474056604832, 0.571183773085701], [0.2491238403413445, 0.9036010998253978, 0.0, 0.22839626345179775, 0.5385189097880971, 0.12551006600912107, 0.25174890144433776, 0.684237425707955, 0.35304491536990534, 0.1999364184470076, 0.007392832833969631, 0.5933915966982544, 0.6405725457171426, 0.6738195620154761, 0.7690035035459433, 0.6979768211749469, 0.5631230345889208], [-0.3456170659976139, 0.8224490622318034, 0.0, 0.18905877471140428, 0.5055234945630875, 0.13059926872548128, 0.1776150649755806, 0.6780569661692207, 0.3699991986945159, 0.19098455769795786, 0.007671947615560004, 0.6285746632894313, 0.6375185164629634, 0.6549071284296426, 0.7742160198102375, 0.6868826546533495, 0.5796158517980102], [-0.20102341237427446, 0.8672526238145419, 0.0, 0.20315759750232415, 0.5227518629482928, 0.1284011321360958, 0.18150936411687651, 0.68059634795935, 0.3613606541104244, 0.19749502966579024, 0.007671947615560004, 0.6219157460148472, 0.6405339462316172, 0.668500625600838, 0.7699696644876846, 0.6979290751693084, 0.5797572798076385]]}