{"labels_1": ["1", "2", "3", "4", "5", "6", "7", "8", "9"], "labels_2": ["1", "2", "3", "4", "5", "6", "7", "8", "9"], "adj_matrix_1": [[0.0, 0.06221, 0.01317, 0.12374, 0.21727, 0.1051, 0.30168, 0.31238, 0.30391], [0.06221, 0.0, 0.04934, 0.06509, 0.17159, 0.04501, 0.27955, 0.29467, 0.28275], [0.01317, 0.04934, 0.0, 0.11193, 0.20863, 0.09291, 0.29837, 0.31003, 0.30085], [0.12374, 0.06509, 0.11193, 0.0, 0.11436, 0.02046, 0.24235, 0.26163, 0.24644], [0.21727, 0.17159, 0.20863, 0.11436, 0.0, 0.133, 0.1493, 0.17414, 0.15455], [0.1051, 0.04501, 0.09291, 0.02046, 0.133, 0.0, 0.25537, 0.27343, 0.25921], [0.30168, 0.27955, 0.29837, 0.24235, 0.1493, 0.25537, 0.0, 0.02772, 0.00581], [0.31238, 0.29467, 0.31003, 0.26163, 0.17414, 0.27343, 0.02772, 0.0, 0.02192], [0.30391, 0.28275, 0.30085, 0.24644, 0.15455, 0.25921, 0.00581, 0.02192, 0.0]], "adj_matrix_2": [[0.0, 0.26895, 0.05852, 0.00902, 0.29181, 0.10359, 0.11728, 0.03611, 0.16478], [0.26895, 0.0, 0.26981, 0.26841, 0.15343, 0.26737, 0.25724, 0.26982, 0.25743], [0.05852, 0.26981, 0.0, 0.06741, 0.26658, 0.04629, 0.17128, 0.02261, 0.11135], [0.00902, 0.26841, 0.06741, 0.0, 0.29509, 0.11217, 0.10869, 0.04508, 0.17265], [0.29181, 0.15343, 0.26658, 0.29509, 0.0, 0.24198, 0.32473, 0.27697, 0.19853], [0.10359, 0.26737, 0.04629, 0.11217, 0.24198, 0.0, 0.21047, 0.06858, 0.06676], [0.11728, 0.25724, 0.17128, 0.10869, 0.32473, 0.21047, 0.0, 0.15099, 0.25962], [0.03611, 0.26982, 0.02261, 0.04508, 0.27697, 0.06858, 0.15099, 0.0, 0.13238], [0.16478, 0.25743, 0.11135, 0.17265, 0.19853, 0.06676, 0.25962, 0.13238, 0.0]], "features_1": [[0.39792298121487324, 0.7550156069347317, 0.0, 0.24025230219423313, 0.4860320475683454, 0.13875490011181385, 0.2257096138214969, 0.6714462504337733, 0.41725058623078004, 0.17989693705447407, 0.00783923647221818, 0.6056299431868681, 0.6548469318272319, 0.6712500801239382, 0.793328550872562, 0.7165743421156906, 0.613853354584697], [0.26513038958489554, 0.8254286705543331, 0.0, 0.2304102176035063, 0.5078349145450822, 0.138368608775439, 0.3019497186438699, 0.6746385561343058, 0.4078323852910297, 0.19547291603850048, 0.007504523810135222, 0.6054608206495504, 0.6661528088192853, 0.6898913334433919, 0.8006776662709387, 0.7238664868189633, 0.6227540758328404], [0.34871876162208926, 0.8897169452090956, 0.0, 0.2553689544326547, 0.5225276806362493, 0.13940557432641867, 0.22268455590548797, 0.6706933882806942, 0.4168287345268378, 0.21034348907401923, 0.007950687539111767, 0.6071077031271916, 0.6427006312150109, 0.6733332707631121, 0.7949914928280608, 0.7159864172899406, 0.6166185441034634], [0.47567328487410565, 0.8463425431615236, 0.0, 0.19959381182787903, 0.5126848868259751, 0.14058411592714937, 0.24503797949801437, 0.6704232497399162, 0.4294860765292743, 0.201947245632353, 0.008173410423425675, 0.60877641729211, 0.6360392216493643, 0.6766820967301933, 0.8004428431304105, 0.727045925552389, 0.6248468605417312], [-0.05671923028676762, 0.8205444980685039, 0.0, 0.22222115626536687, 0.5063676287000574, 0.13997301005532856, 0.3253067693679753, 0.6734512408787796, 0.42441491144512966, 0.19994324849328815, 0.00783923647221818, 0.617951062351223, 0.6790169152001456, 0.7101780036446967, 0.8030834742435005, 0.7164232068045032, 0.6276767734454289], [0.39076514559140385, 0.8986164359209908, 0.0, 0.22739237022795783, 0.527091373010613, 0.14062342036142156, 0.2642848858212261, 0.6713158306977951, 0.42341881872941034, 0.21423177072133748, 0.007616154688146137, 0.6096690848609638, 0.6720375830473545, 0.690547750970431, 0.8019287647327871, 0.7198198721051069, 0.6281863557532842], [-0.02163833106775659, 0.9077698604322461, 0.0, 0.17805452418040948, 0.5269686159010672, 0.1408384970358972, 0.25202921392047417, 0.6714540291414264, 0.4208034159468641, 0.21623796551262653, 0.008062078829516484, 0.6273843530739083, 0.6712840823745605, 0.6810127284369066, 0.8043355471666789, 0.7149800718593493, 0.6187774268557692], [-0.3707367921005855, 0.9071459265297552, 0.0, 0.25739872760052834, 0.5386889370614587, 0.1311098479401353, 0.33747126710519526, 0.6809090569764642, 0.378912657715176, 0.21008579925820703, 0.007671947615560004, 0.6274417057874784, 0.6601233715662334, 0.6734438490330782, 0.7852654360950834, 0.7028271151557757, 0.5929028490299477], [-0.12032643940232424, 0.960859020270427, 0.0, 0.2247817366479666, 0.5463392133839794, 0.13218631132458597, 0.2719126136525915, 0.679164664395991, 0.36949017380304916, 0.2184863129361685, 0.007281081678807366, 0.6209598000259291, 0.6541426049957298, 0.6848690433047276, 0.7849268770811721, 0.694632192363666, 0.5904218894591984]], "features_2": [[0.11556241983514726, 0.7031054228487387, 0.0, 0.24731428429221558, 0.4805730480531322, 0.13525674338590243, 0.30820799676499105, 0.6757210261881708, 0.41527878106112204, 0.16851746610025886, 0.008062078829516484, 0.6217028495830821, 0.6549283129269359, 0.6770817748717805, 0.7880270566132983, 0.7059804909868789, 0.6137438751637103], [0.8363481373198463, 0.831265833768642, 0.0, 0.2675676744140909, 0.5090962709191973, 0.1358656754550042, 0.22845649747535646, 0.672048886083847, 0.41857349936888877, 0.19496405148517448, 0.00783923647221818, 0.5879961602747634, 0.6223848161217654, 0.652925727541824, 0.7793093022032737, 0.6897918047259071, 0.6065421962226707], [0.3926653775098843, 0.8149935655697327, 0.0, 0.257229113460227, 0.5148793812813534, 0.13405470677553027, 0.3228229639389106, 0.6765149647235044, 0.411594348876702, 0.19093989391551647, 0.008507047823598457, 0.6109414713096641, 0.6400405661099224, 0.656702758703338, 0.7834798804360488, 0.6901490498101908, 0.6097582441541631], [0.22801656743082122, 0.7732397515458782, 0.0, 0.2444717935381626, 0.5012533610518668, 0.13581269098506446, 0.3114598225044155, 0.6754710995559942, 0.41416930570068655, 0.1834632029548513, 0.00783923647221818, 0.6146698831912758, 0.6506619791551663, 0.6727968826584372, 0.791667163607247, 0.7090340523066284, 0.6152911794114806], [0.6579838885256115, 0.826772273595638, 0.0, 0.2681631177058547, 0.5074844814486725, 0.13498442149806797, 0.22276898990026908, 0.6726304098452249, 0.40796777996319644, 0.1934278753569414, 0.00783923647221818, 0.5914132441144702, 0.6345183672938388, 0.6562510182267652, 0.7756835727262028, 0.6875671522899928, 0.5953124742295326], [0.27153597998393497, 0.826660777503795, 0.0, 0.2419392520262884, 0.515437699922162, 0.1350891764594353, 0.32648505709343356, 0.6750668872657151, 0.41179055432365264, 0.19471782594692155, 0.007950687539111767, 0.6085525486172978, 0.6259718412926675, 0.646460066587292, 0.782786753713836, 0.6887703412157464, 0.604902686649859], [-0.039404654163290864, 0.7641013687127924, 0.0, 0.23212422188175613, 0.48715027060671934, 0.13953654631178186, 0.2714393129500465, 0.6700962255878298, 0.43366332237610705, 0.1892771421103896, 0.008284682400665488, 0.6328386013817995, 0.6444353868969284, 0.6705929737818493, 0.7929788777559418, 0.699139294518417, 0.6151981661345006], [-0.035943143789724186, 0.8739932206627437, 0.0, 0.21157175464469108, 0.5195617270238766, 0.13203003681964895, 0.22746381253042997, 0.6756721056824431, 0.3697921657570036, 0.20068780624190885, 0.007392832833969631, 0.6127252289275007, 0.628357664241074, 0.6451117959294802, 0.7657931413159842, 0.674971892557553, 0.5785933082105491], [0.04121620531296433, 0.9357900187631956, 0.0, 0.23998135183563074, 0.53541749512604, 0.131758742316483, 0.2316582460348556, 0.6766678930575447, 0.37632368823214746, 0.21529208100994213, 0.007727725548673403, 0.6025865750730865, 0.6279722202573079, 0.6486954179891115, 0.7683050673149133, 0.686594633171797, 0.5818838383503073]]}