{"labels_1": ["1", "2", "3", "4", "5", "6", "7", "8", "9"], "labels_2": ["1", "2", "3", "4", "5", "6", "7", "8", "9"], "adj_matrix_1": [[0.0, 0.06221, 0.01317, 0.12374, 0.21727, 0.1051, 0.30168, 0.31238, 0.30391], [0.06221, 0.0, 0.04934, 0.06509, 0.17159, 0.04501, 0.27955, 0.29467, 0.28275], [0.01317, 0.04934, 0.0, 0.11193, 0.20863, 0.09291, 0.29837, 0.31003, 0.30085], [0.12374, 0.06509, 0.11193, 0.0, 0.11436, 0.02046, 0.24235, 0.26163, 0.24644], [0.21727, 0.17159, 0.20863, 0.11436, 0.0, 0.133, 0.1493, 0.17414, 0.15455], [0.1051, 0.04501, 0.09291, 0.02046, 0.133, 0.0, 0.25537, 0.27343, 0.25921], [0.30168, 0.27955, 0.29837, 0.24235, 0.1493, 0.25537, 0.0, 0.02772, 0.00581], [0.31238, 0.29467, 0.31003, 0.26163, 0.17414, 0.27343, 0.02772, 0.0, 0.02192], [0.30391, 0.28275, 0.30085, 0.24644, 0.15455, 0.25921, 0.00581, 0.02192, 0.0]], "adj_matrix_2": [[0.0, 0.13987, 0.01846, 0.00807, 0.31859, 0.26478, 0.30349, 0.29167, 0.28604], [0.13987, 0.0, 0.15685, 0.14733, 0.25545, 0.15255, 0.21597, 0.19434, 0.18497], [0.01846, 0.15685, 0.0, 0.0104, 0.32409, 0.27695, 0.31212, 0.30169, 0.29661], [0.00807, 0.14733, 0.0104, 0.0, 0.32105, 0.27017, 0.30732, 0.29611, 0.29073], [0.31859, 0.25545, 0.32409, 0.32105, 0.0, 0.1408, 0.06658, 0.09493, 0.10608], [0.26478, 0.15255, 0.27695, 0.27017, 0.1408, 0.0, 0.07957, 0.05065, 0.03877], [0.30349, 0.21597, 0.31212, 0.30732, 0.06658, 0.07957, 0.0, 0.02971, 0.04163], [0.29167, 0.19434, 0.30169, 0.29611, 0.09493, 0.05065, 0.02971, 0.0, 0.01203], [0.28604, 0.18497, 0.29661, 0.29073, 0.10608, 0.03877, 0.04163, 0.01203, 0.0]], "features_1": [[0.39792298121487324, 0.7550156069347317, 0.0, 0.24025230219423313, 0.4860320475683454, 0.13875490011181385, 0.2257096138214969, 0.6714462504337733, 0.41725058623078004, 0.17989693705447407, 0.00783923647221818, 0.6056299431868681, 0.6548469318272319, 0.6712500801239382, 0.793328550872562, 0.7165743421156906, 0.613853354584697], [0.26513038958489554, 0.8254286705543331, 0.0, 0.2304102176035063, 0.5078349145450822, 0.138368608775439, 0.3019497186438699, 0.6746385561343058, 0.4078323852910297, 0.19547291603850048, 0.007504523810135222, 0.6054608206495504, 0.6661528088192853, 0.6898913334433919, 0.8006776662709387, 0.7238664868189633, 0.6227540758328404], [0.34871876162208926, 0.8897169452090956, 0.0, 0.2553689544326547, 0.5225276806362493, 0.13940557432641867, 0.22268455590548797, 0.6706933882806942, 0.4168287345268378, 0.21034348907401923, 0.007950687539111767, 0.6071077031271916, 0.6427006312150109, 0.6733332707631121, 0.7949914928280608, 0.7159864172899406, 0.6166185441034634], [0.47567328487410565, 0.8463425431615236, 0.0, 0.19959381182787903, 0.5126848868259751, 0.14058411592714937, 0.24503797949801437, 0.6704232497399162, 0.4294860765292743, 0.201947245632353, 0.008173410423425675, 0.60877641729211, 0.6360392216493643, 0.6766820967301933, 0.8004428431304105, 0.727045925552389, 0.6248468605417312], [-0.05671923028676762, 0.8205444980685039, 0.0, 0.22222115626536687, 0.5063676287000574, 0.13997301005532856, 0.3253067693679753, 0.6734512408787796, 0.42441491144512966, 0.19994324849328815, 0.00783923647221818, 0.617951062351223, 0.6790169152001456, 0.7101780036446967, 0.8030834742435005, 0.7164232068045032, 0.6276767734454289], [0.39076514559140385, 0.8986164359209908, 0.0, 0.22739237022795783, 0.527091373010613, 0.14062342036142156, 0.2642848858212261, 0.6713158306977951, 0.42341881872941034, 0.21423177072133748, 0.007616154688146137, 0.6096690848609638, 0.6720375830473545, 0.690547750970431, 0.8019287647327871, 0.7198198721051069, 0.6281863557532842], [-0.02163833106775659, 0.9077698604322461, 0.0, 0.17805452418040948, 0.5269686159010672, 0.1408384970358972, 0.25202921392047417, 0.6714540291414264, 0.4208034159468641, 0.21623796551262653, 0.008062078829516484, 0.6273843530739083, 0.6712840823745605, 0.6810127284369066, 0.8043355471666789, 0.7149800718593493, 0.6187774268557692], [-0.3707367921005855, 0.9071459265297552, 0.0, 0.25739872760052834, 0.5386889370614587, 0.1311098479401353, 0.33747126710519526, 0.6809090569764642, 0.378912657715176, 0.21008579925820703, 0.007671947615560004, 0.6274417057874784, 0.6601233715662334, 0.6734438490330782, 0.7852654360950834, 0.7028271151557757, 0.5929028490299477], [-0.12032643940232424, 0.960859020270427, 0.0, 0.2247817366479666, 0.5463392133839794, 0.13218631132458597, 0.2719126136525915, 0.679164664395991, 0.36949017380304916, 0.2184863129361685, 0.007281081678807366, 0.6209598000259291, 0.6541426049957298, 0.6848690433047276, 0.7849268770811721, 0.694632192363666, 0.5904218894591984]], "features_2": [[-0.2515580480565234, 0.7103283790992778, 0.0, 0.24792690634706016, 0.46764001533917116, 0.143264332070454, 0.17076609387540245, 0.6644392094923548, 0.44983802356746483, 0.18232235750796622, 0.008173410423425675, 0.6407935310104635, 0.6662830005917296, 0.6984401985884385, 0.8008703958876446, 0.7144082081458107, 0.629518497467338], [-0.17260991111919788, 0.8027458791625929, 0.0, 0.20110655939167926, 0.4914952206198042, 0.14426045593459547, 0.14762481872465544, 0.6610925195501218, 0.4661006963979504, 0.20502443591469066, 0.00839589484089287, 0.63194811420183, 0.647475796139311, 0.6899507459484153, 0.7984925138030667, 0.7275170508594195, 0.630057053825713], [-0.2994275647653293, 0.8272373339752345, 0.0, 0.24716834520256328, 0.5027872084477989, 0.142657349801973, 0.16261390899076106, 0.6646274170488224, 0.45148873887547025, 0.20847517854147646, 0.008284682400665488, 0.6432423357352808, 0.6724048636054806, 0.7124324772703503, 0.7972588422709582, 0.7328041662957162, 0.6329310726228583], [-0.26230632572114754, 0.7831363649519832, 0.0, 0.2589669918804206, 0.49120603969885157, 0.14244754628721013, 0.20703158991286869, 0.6669100640562795, 0.44619156701429863, 0.1985800491062144, 0.008173410423425675, 0.6381374047606321, 0.6676503911159792, 0.7091549821711514, 0.8026353573722105, 0.7297296160224521, 0.6277511047659585], [0.13216590141457552, 0.8040329164544185, 0.0, 0.2444596456753057, 0.4976857970342472, 0.1423829093262686, 0.20331062998441068, 0.6668376509235368, 0.4493761110746872, 0.2006869616100051, 0.008340296057933516, 0.6196236678638511, 0.6579213108042293, 0.6912269068643608, 0.8023737218986265, 0.719244721034526, 0.634215355463966], [-0.16224505657066102, 0.8427068648568745, 0.0, 0.26028278789600373, 0.5102206567731815, 0.14122067344829745, 0.19938182658014653, 0.6676350974304279, 0.44151497449600763, 0.20915079532726621, 0.008117752083540042, 0.6232956911336323, 0.6651188562097353, 0.7023979403320963, 0.7973614157855002, 0.7209912422670266, 0.6356727640117161], [0.3555131520401633, 0.7639995894147826, 0.0, 0.27336957306896087, 0.48355406423010155, 0.14227854329550638, 0.23346243102866354, 0.6672201761029448, 0.45448705121052835, 0.1915657838818472, 0.008340296057933516, 0.6084960179707108, 0.6556134641656105, 0.6899215975094249, 0.8008973353176225, 0.7329043756350886, 0.623417820338832], [-0.08237556803203505, 0.8374063252961444, 0.0, 0.26671915522365036, 0.5098692036367023, 0.13741338236276357, 0.28506814065536545, 0.6736812327149213, 0.41194716374038376, 0.20208957220357937, 0.00783923647221818, 0.6194959934182509, 0.6703066759172532, 0.7053363326939796, 0.7915533618506433, 0.7204472965819784, 0.613119207355277], [-0.027792775735062225, 0.8695391986467537, 0.0, 0.3003776073388724, 0.519440788958577, 0.1352156744465788, 0.30770155237201424, 0.6765496501516922, 0.40892826622677636, 0.20801028486947093, 0.007950687539111767, 0.614079104779067, 0.6629945633130815, 0.6994332914576875, 0.7896537124936683, 0.7231797308202979, 0.5961454107980961]]}