{"labels_1": ["1", "2", "3", "4", "5", "6", "7", "8", "9"], "labels_2": ["1", "2", "3", "4", "5", "6", "7", "8", "9"], "adj_matrix_1": [[0.0, 0.29634, 0.22176, 0.11203, 0.30782, 0.25794, 0.14313, 0.32335, 0.32145], [0.29634, 0.0, 0.16233, 0.26335, 0.04788, 0.10134, 0.24342, 0.24403, 0.14884], [0.22176, 0.16233, 0.0, 0.13795, 0.2031, 0.06625, 0.10568, 0.34509, 0.28095], [0.11203, 0.26335, 0.13795, 0.0, 0.28959, 0.19321, 0.03575, 0.36218, 0.33341], [0.30782, 0.04788, 0.2031, 0.28959, 0.0, 0.14629, 0.27384, 0.20424, 0.10353], [0.25794, 0.10134, 0.06625, 0.19321, 0.14629, 0.0, 0.1651, 0.31416, 0.23583], [0.14313, 0.24342, 0.10568, 0.03575, 0.27384, 0.1651, 0.0, 0.36464, 0.32688], [0.32335, 0.24403, 0.34509, 0.36218, 0.20424, 0.31416, 0.36464, 0.0, 0.10747], [0.32145, 0.14884, 0.28095, 0.33341, 0.10353, 0.23583, 0.32688, 0.10747, 0.0]], "adj_matrix_2": [[0.0, 0.14137, 0.12089, 0.01359, 0.06588, 0.15005, 0.06007, 0.1534, 0.12351], [0.14137, 0.0, 0.20115, 0.13296, 0.24361, 0.03365, 0.25865, 0.047, 0.0642], [0.12089, 0.20115, 0.0, 0.12862, 0.15389, 0.19766, 0.14598, 0.19539, 0.2004], [0.01359, 0.13296, 0.12862, 0.0, 0.05908, 0.1421, 0.05366, 0.14568, 0.11475], [0.06588, 0.24361, 0.15389, 0.05908, 0.0, 0.25479, 0.03188, 0.25791, 0.20973], [0.15005, 0.03365, 0.19766, 0.1421, 0.25479, 0.0, 0.26658, 0.01357, 0.09586], [0.06007, 0.25865, 0.14598, 0.05366, 0.03188, 0.26658, 0.0, 0.26838, 0.23064], [0.1534, 0.047, 0.19539, 0.14568, 0.25791, 0.01357, 0.26838, 0.0, 0.10801], [0.12351, 0.0642, 0.2004, 0.11475, 0.20973, 0.09586, 0.23064, 0.10801, 0.0]], "features_1": [[0.32359426410544145, 0.6950063475992185, 0.0, 0.2799436688975077, 0.466317233647615, 0.14300642347715226, 0.2293718242354011, 0.6684880257276781, 0.4500073593346554, 0.1735814665969846, 0.007560346756364078, 0.5999601230672733, 0.6603583778648653, 0.6920871566101506, 0.8110473597437575, 0.7241655539541907, 0.6459847814372602], [-0.12396468631332658, 0.7667175632559419, 0.0, 0.2765082476936831, 0.4901143220920139, 0.14055959215889463, 0.25148783301896316, 0.6713099619061145, 0.4202147698309422, 0.1881378065871413, 0.007671947615560004, 0.6258427468602488, 0.670852618696671, 0.6930097140671865, 0.8056675799115743, 0.7132302507709558, 0.6383137014426407], [0.256251679516176, 0.7948232763015614, 0.0, 0.2795134185554542, 0.4992172681635668, 0.1420781389587, 0.24567882481432407, 0.670143939171784, 0.438598551399185, 0.19339203094247992, 0.007560346756364078, 0.610982008892559, 0.6707888859434429, 0.67479121434533, 0.8109224404791693, 0.7379842561846999, 0.6471530849353279], [0.1693200555835741, 0.7697021956410809, 0.0, 0.26136003481365594, 0.4862813076872007, 0.1448465748956867, 0.21680792976849333, 0.6655994473604465, 0.46721548937686896, 0.19486544346691703, 0.008340296057933516, 0.6208832344780193, 0.6788873915007764, 0.712758438608579, 0.8136426824566082, 0.7261953924076444, 0.6482749518636617], [-0.13974009351208405, 0.7823559541452036, 0.0, 0.2512430698730476, 0.4938887929144048, 0.13856474572486221, 0.263634816832613, 0.672404152914001, 0.41371807644180136, 0.19062648881177036, 0.007392832833969631, 0.6234681692670314, 0.6528064591905126, 0.6822396448118159, 0.7967206735401399, 0.714771269407946, 0.6271679473247918], [0.21359709343502553, 0.8095318577260989, 0.0, 0.2692158262298063, 0.5017456377860028, 0.1428569433329447, 0.22706573324357393, 0.6686358277651848, 0.4477125784231766, 0.19881239289415054, 0.008117752083540042, 0.6128722790708749, 0.6647988397802244, 0.6712392960640535, 0.8091568956799134, 0.7362315787359459, 0.6437173832353127], [0.17957815352266104, 0.7175104621521813, 0.0, 0.2631124830221972, 0.4633429770726707, 0.14917038369818592, 0.17810754451830632, 0.658115464493061, 0.5129611867753654, 0.1892775889610585, 0.008729175733573014, 0.6293279390258952, 0.6718440018178677, 0.7119838036940647, 0.8149526618633769, 0.7187932916709983, 0.6518355965227003], [-0.4548492019568795, 0.8714643479180949, 0.0, 0.24421808822888802, 0.5217004564784371, 0.1332167189863635, 0.2881252500562823, 0.6768264571999006, 0.3847339030374355, 0.20621104886310904, 0.007448685839370306, 0.6340566741986859, 0.6668500047378579, 0.6962507077683675, 0.7795093726738569, 0.6802248897824253, 0.6015710761884903], [-0.13575140725758983, 0.8472176571600396, 0.0, 0.2650188515243332, 0.5118724208301726, 0.13736005948893681, 0.2364939771412665, 0.6734597362936307, 0.41857819208996117, 0.2050300438027428, 0.00783923647221818, 0.6349908996660849, 0.6508234364193316, 0.6731355478437928, 0.7936158154986622, 0.7039304931594867, 0.6107533169982378]], "features_2": [[2.715432164334633, 0.9391745082258657, 0.0, 0.34425947525968287, 0.5361239352249775, 0.13050244766698182, 0.1807617089155052, 0.6772033595980225, 0.38311372330432913, 0.2061463659015741, 0.007727725548673403, 0.5477622835006153, 0.6199601918563099, 0.6495085417016192, 0.7657364837485284, 0.6964197667090867, 0.5633258879307101], [0.5186745967241038, 0.9308227715606434, 0.0, 0.26574356496048357, 0.5353388887467259, 0.13138227078348938, 0.20742690025162175, 0.6771383595131095, 0.38083686414561124, 0.21029240888195022, 0.007727725548673403, 0.5836746741451919, 0.6262338888541212, 0.6481498146292096, 0.7730451637259796, 0.7155420664213689, 0.5781888011731653], [1.8766434393946403, 1.034932062950704, 0.0, 0.3225303760369465, 0.5554737599326867, 0.1321390576590214, 0.15208508198112441, 0.6753296284111732, 0.3924458913996465, 0.22977738761681943, 0.007727725548673403, 0.5582882805458309, 0.608435389284352, 0.640661766004495, 0.7694989364452528, 0.7004498981165385, 0.567370490388268], [2.3898725526818634, 0.9828784807150832, 0.0, 0.33132849974568157, 0.5422259364780073, 0.13455300178177787, 0.17813240540947534, 0.6735238591073327, 0.4061055994845124, 0.2210419275694011, 0.007727725548673403, 0.553904460280159, 0.6140356337179901, 0.6333168773878124, 0.7792049675646231, 0.7099265061317563, 0.5870448519065723], [0.2768332453148781, 0.8253383894994161, 0.0, 0.24714910732176582, 0.5050636985832331, 0.1361199810213374, 0.21101837459880812, 0.6733311357456722, 0.4044230325484326, 0.1958128566258226, 0.007504523810135222, 0.6086986471550873, 0.6410790796159858, 0.6718469126381064, 0.7859514320141915, 0.7045556930441651, 0.5938871407847516], [0.28243802422209807, 0.9385972632695695, 0.0, 0.26741133735257316, 0.5290166813615667, 0.13762265791355008, 0.18611646745200333, 0.6708652702217244, 0.41650145326628407, 0.22277345802097837, 0.007727725548673403, 0.5966803898156179, 0.6505562257621629, 0.683751138278249, 0.7872052788767274, 0.7119254564559632, 0.5943037646717305], [0.03804928268568153, 0.8084125222781069, 0.0, 0.25727237427266547, 0.49185271969845434, 0.13988814527705268, 0.17263812467180345, 0.668250060643831, 0.4217894794370891, 0.1979827531401912, 0.007783488497544067, 0.6221597256849662, 0.6492458251056977, 0.6829989859523833, 0.7930320867563581, 0.7028356868596362, 0.6264264301277039], [0.6909021542142417, 0.8619073796924607, 0.0, 0.24149073262065207, 0.5050451435699663, 0.13729661786068187, 0.1672930373030141, 0.6690668013307579, 0.41496850765858184, 0.20442570894471457, 0.007894969482732161, 0.604345158695744, 0.6332320032761332, 0.6523966353897866, 0.7773279913060911, 0.6961570273148578, 0.5631621784980305], [0.4909753916006365, 0.8800660402595256, 0.0, 0.2107177444571921, 0.5091197345446856, 0.1349313378153649, 0.15752026952856965, 0.6713148844828518, 0.39376987738274405, 0.20442067828146704, 0.007727725548673403, 0.5984454589376949, 0.6346432778590185, 0.6640009876139834, 0.7699541134594374, 0.6921626927560555, 0.5645057276107963]]}