{"labels_1": ["1", "2", "3", "4", "5", "6", "7", "8", "9"], "labels_2": ["1", "2", "3", "4", "5", "6", "7", "8", "9"], "adj_matrix_1": [[0.0, 0.11118, 0.01895, 0.05973, 0.16902, 0.17379, 0.05446, 0.10465, 0.06978], [0.11118, 0.0, 0.09359, 0.05402, 0.06832, 0.07447, 0.15905, 0.19991, 0.04385], [0.01895, 0.09359, 0.0, 0.04108, 0.15383, 0.15894, 0.07293, 0.12216, 0.05127], [0.05973, 0.05402, 0.04108, 0.0, 0.11876, 0.12438, 0.11186, 0.15813, 0.01035], [0.16902, 0.06832, 0.15383, 0.11876, 0.0, 0.00643, 0.20862, 0.24038, 0.10948], [0.17379, 0.07447, 0.15894, 0.12438, 0.00643, 0.0, 0.21248, 0.24338, 0.11522], [0.05446, 0.15905, 0.07293, 0.11186, 0.20862, 0.21248, 0.0, 0.05188, 0.12126], [0.10465, 0.19991, 0.12216, 0.15813, 0.24038, 0.24338, 0.05188, 0.0, 0.16664], [0.06978, 0.04385, 0.05127, 0.01035, 0.10948, 0.11522, 0.12126, 0.16664, 0.0]], "adj_matrix_2": [[0.0, 0.26895, 0.05852, 0.00902, 0.29181, 0.10359, 0.11728, 0.03611, 0.16478], [0.26895, 0.0, 0.26981, 0.26841, 0.15343, 0.26737, 0.25724, 0.26982, 0.25743], [0.05852, 0.26981, 0.0, 0.06741, 0.26658, 0.04629, 0.17128, 0.02261, 0.11135], [0.00902, 0.26841, 0.06741, 0.0, 0.29509, 0.11217, 0.10869, 0.04508, 0.17265], [0.29181, 0.15343, 0.26658, 0.29509, 0.0, 0.24198, 0.32473, 0.27697, 0.19853], [0.10359, 0.26737, 0.04629, 0.11217, 0.24198, 0.0, 0.21047, 0.06858, 0.06676], [0.11728, 0.25724, 0.17128, 0.10869, 0.32473, 0.21047, 0.0, 0.15099, 0.25962], [0.03611, 0.26982, 0.02261, 0.04508, 0.27697, 0.06858, 0.15099, 0.0, 0.13238], [0.16478, 0.25743, 0.11135, 0.17265, 0.19853, 0.06676, 0.25962, 0.13238, 0.0]], "features_1": [[0.3007619283478089, 0.8325116652054682, 0.0, 0.19582365391662732, 0.5057364625368578, 0.14037181956022393, 0.19630207012306897, 0.6688553306523571, 0.4522100214004656, 0.20171509075911764, 0.008117752083540042, 0.6179585228872455, 0.6502915767267073, 0.6726554525129409, 0.7967170394663267, 0.7110702298639516, 0.6179534035571033], [0.5514500945646472, 0.8892340155528995, 0.0, 0.23674294402528076, 0.5198114633924339, 0.14050490003343707, 0.1881302737005491, 0.6684975407477336, 0.44960311313628476, 0.2150014400534992, 0.008562602043175715, 0.6037413037444717, 0.6399488802005566, 0.671976545578304, 0.7958333061854663, 0.7113909059939413, 0.6090133226117705], [0.29975805273918166, 0.98520309316039, 0.0, 0.19822930731990415, 0.5406263636088953, 0.14071599802434565, 0.18819435132706203, 0.6667177082877547, 0.45276590113863535, 0.23331110968840885, 0.008284682400665488, 0.6142431888863555, 0.6434947505032408, 0.6747011630064261, 0.7911295810977138, 0.7076160280157859, 0.6116962026258613], [0.31053719059563756, 0.8982850889589649, 0.0, 0.215884721702808, 0.5199512184945373, 0.14179424448894745, 0.17640854955568486, 0.6662212170180093, 0.46136837408855125, 0.2170081554791703, 0.008562602043175715, 0.6095905811188498, 0.6412728525913991, 0.6397707433570241, 0.7976098305198046, 0.7353832367385189, 0.6191054669940705], [1.0171294883959003, 0.8362035939911012, 0.0, 0.2690533375290508, 0.5121667019450272, 0.13679674922179832, 0.262338032888281, 0.6743555871687561, 0.426810776377301, 0.1964845275285545, 0.008062078829516484, 0.5884936163228038, 0.6378022633632714, 0.6684709563930898, 0.7923978929641269, 0.7267980608743493, 0.5965537683847774], [0.6354095588467072, 0.9514761814138468, 0.0, 0.24847976479994638, 0.5368740999313273, 0.13860925846628233, 0.19664117321877228, 0.6702697028101189, 0.434634131753481, 0.22113317811851219, 0.008173410423425675, 0.5920886167450379, 0.6418758330034323, 0.6684138505282523, 0.7904020017697749, 0.7066443787016654, 0.6099366207522167], [0.11139581826451517, 0.8015349148863609, 0.0, 0.2140359883614536, 0.4925856850734417, 0.1380829872201931, 0.18239157329695885, 0.6693307259413488, 0.4350927262337829, 0.1947781760446523, 0.008284682400665488, 0.6134377520181635, 0.6502450571963122, 0.6805442740231805, 0.7862227198698395, 0.7078656349017718, 0.6101970816394158], [0.5194188713936461, 0.9227961763468026, 0.0, 0.3016226882917737, 0.5504854990247519, 0.12357662833230204, 0.3769060239468935, 0.6867025668632218, 0.3655733796688636, 0.19907461137493287, 0.007950687539111767, 0.5999130515179059, 0.6363863939977983, 0.6534076072770276, 0.7683235700267061, 0.7041551510425849, 0.5660639046457717], [0.3653886945022018, 0.9199540826978515, 0.0, 0.27835722680211195, 0.5395756351237928, 0.1259577009705216, 0.2923705364392326, 0.6834697427587186, 0.3527183003064507, 0.20066881992551844, 0.007281081678807366, 0.5941006416268027, 0.6187793878026024, 0.6513867055720295, 0.7618832919611561, 0.6821638715744668, 0.5714912316093137]], "features_2": [[0.11556241983514726, 0.7031054228487387, 0.0, 0.24731428429221558, 0.4805730480531322, 0.13525674338590243, 0.30820799676499105, 0.6757210261881708, 0.41527878106112204, 0.16851746610025886, 0.008062078829516484, 0.6217028495830821, 0.6549283129269359, 0.6770817748717805, 0.7880270566132983, 0.7059804909868789, 0.6137438751637103], [0.8363481373198463, 0.831265833768642, 0.0, 0.2675676744140909, 0.5090962709191973, 0.1358656754550042, 0.22845649747535646, 0.672048886083847, 0.41857349936888877, 0.19496405148517448, 0.00783923647221818, 0.5879961602747634, 0.6223848161217654, 0.652925727541824, 0.7793093022032737, 0.6897918047259071, 0.6065421962226707], [0.3926653775098843, 0.8149935655697327, 0.0, 0.257229113460227, 0.5148793812813534, 0.13405470677553027, 0.3228229639389106, 0.6765149647235044, 0.411594348876702, 0.19093989391551647, 0.008507047823598457, 0.6109414713096641, 0.6400405661099224, 0.656702758703338, 0.7834798804360488, 0.6901490498101908, 0.6097582441541631], [0.22801656743082122, 0.7732397515458782, 0.0, 0.2444717935381626, 0.5012533610518668, 0.13581269098506446, 0.3114598225044155, 0.6754710995559942, 0.41416930570068655, 0.1834632029548513, 0.00783923647221818, 0.6146698831912758, 0.6506619791551663, 0.6727968826584372, 0.791667163607247, 0.7090340523066284, 0.6152911794114806], [0.6579838885256115, 0.826772273595638, 0.0, 0.2681631177058547, 0.5074844814486725, 0.13498442149806797, 0.22276898990026908, 0.6726304098452249, 0.40796777996319644, 0.1934278753569414, 0.00783923647221818, 0.5914132441144702, 0.6345183672938388, 0.6562510182267652, 0.7756835727262028, 0.6875671522899928, 0.5953124742295326], [0.27153597998393497, 0.826660777503795, 0.0, 0.2419392520262884, 0.515437699922162, 0.1350891764594353, 0.32648505709343356, 0.6750668872657151, 0.41179055432365264, 0.19471782594692155, 0.007950687539111767, 0.6085525486172978, 0.6259718412926675, 0.646460066587292, 0.782786753713836, 0.6887703412157464, 0.604902686649859], [-0.039404654163290864, 0.7641013687127924, 0.0, 0.23212422188175613, 0.48715027060671934, 0.13953654631178186, 0.2714393129500465, 0.6700962255878298, 0.43366332237610705, 0.1892771421103896, 0.008284682400665488, 0.6328386013817995, 0.6444353868969284, 0.6705929737818493, 0.7929788777559418, 0.699139294518417, 0.6151981661345006], [-0.035943143789724186, 0.8739932206627437, 0.0, 0.21157175464469108, 0.5195617270238766, 0.13203003681964895, 0.22746381253042997, 0.6756721056824431, 0.3697921657570036, 0.20068780624190885, 0.007392832833969631, 0.6127252289275007, 0.628357664241074, 0.6451117959294802, 0.7657931413159842, 0.674971892557553, 0.5785933082105491], [0.04121620531296433, 0.9357900187631956, 0.0, 0.23998135183563074, 0.53541749512604, 0.131758742316483, 0.2316582460348556, 0.6766678930575447, 0.37632368823214746, 0.21529208100994213, 0.007727725548673403, 0.6025865750730865, 0.6279722202573079, 0.6486954179891115, 0.7683050673149133, 0.686594633171797, 0.5818838383503073]]}