{"labels_1": ["1", "2", "3", "4", "5", "6", "7", "8", "9"], "labels_2": ["1", "2", "3", "4", "5", "6", "7", "8", "9"], "adj_matrix_1": [[0.0, 0.29634, 0.22176, 0.11203, 0.30782, 0.25794, 0.14313, 0.32335, 0.32145], [0.29634, 0.0, 0.16233, 0.26335, 0.04788, 0.10134, 0.24342, 0.24403, 0.14884], [0.22176, 0.16233, 0.0, 0.13795, 0.2031, 0.06625, 0.10568, 0.34509, 0.28095], [0.11203, 0.26335, 0.13795, 0.0, 0.28959, 0.19321, 0.03575, 0.36218, 0.33341], [0.30782, 0.04788, 0.2031, 0.28959, 0.0, 0.14629, 0.27384, 0.20424, 0.10353], [0.25794, 0.10134, 0.06625, 0.19321, 0.14629, 0.0, 0.1651, 0.31416, 0.23583], [0.14313, 0.24342, 0.10568, 0.03575, 0.27384, 0.1651, 0.0, 0.36464, 0.32688], [0.32335, 0.24403, 0.34509, 0.36218, 0.20424, 0.31416, 0.36464, 0.0, 0.10747], [0.32145, 0.14884, 0.28095, 0.33341, 0.10353, 0.23583, 0.32688, 0.10747, 0.0]], "adj_matrix_2": [[0.0, 0.12123, 0.25656, 0.10628, 0.26734, 0.16954, 0.04986, 0.2548, 0.08309], [0.12123, 0.0, 0.18305, 0.01618, 0.23552, 0.19663, 0.0739, 0.32124, 0.19372], [0.25656, 0.18305, 0.0, 0.19449, 0.10404, 0.20437, 0.23112, 0.31588, 0.28762], [0.10628, 0.01618, 0.19449, 0.0, 0.24145, 0.19349, 0.05814, 0.31535, 0.18092], [0.26734, 0.23552, 0.10404, 0.24145, 0.0, 0.16806, 0.25835, 0.25646, 0.27275], [0.16954, 0.19663, 0.20437, 0.19349, 0.16806, 0.0, 0.18111, 0.10696, 0.14934], [0.04986, 0.0739, 0.23112, 0.05814, 0.25835, 0.18111, 0.0, 0.28686, 0.13029], [0.2548, 0.32124, 0.31588, 0.31535, 0.25646, 0.10696, 0.28686, 0.0, 0.18863], [0.08309, 0.19372, 0.28762, 0.18092, 0.27275, 0.14934, 0.13029, 0.18863, 0.0]], "features_1": [[0.32359426410544145, 0.6950063475992185, 0.0, 0.2799436688975077, 0.466317233647615, 0.14300642347715226, 0.2293718242354011, 0.6684880257276781, 0.4500073593346554, 0.1735814665969846, 0.007560346756364078, 0.5999601230672733, 0.6603583778648653, 0.6920871566101506, 0.8110473597437575, 0.7241655539541907, 0.6459847814372602], [-0.12396468631332658, 0.7667175632559419, 0.0, 0.2765082476936831, 0.4901143220920139, 0.14055959215889463, 0.25148783301896316, 0.6713099619061145, 0.4202147698309422, 0.1881378065871413, 0.007671947615560004, 0.6258427468602488, 0.670852618696671, 0.6930097140671865, 0.8056675799115743, 0.7132302507709558, 0.6383137014426407], [0.256251679516176, 0.7948232763015614, 0.0, 0.2795134185554542, 0.4992172681635668, 0.1420781389587, 0.24567882481432407, 0.670143939171784, 0.438598551399185, 0.19339203094247992, 0.007560346756364078, 0.610982008892559, 0.6707888859434429, 0.67479121434533, 0.8109224404791693, 0.7379842561846999, 0.6471530849353279], [0.1693200555835741, 0.7697021956410809, 0.0, 0.26136003481365594, 0.4862813076872007, 0.1448465748956867, 0.21680792976849333, 0.6655994473604465, 0.46721548937686896, 0.19486544346691703, 0.008340296057933516, 0.6208832344780193, 0.6788873915007764, 0.712758438608579, 0.8136426824566082, 0.7261953924076444, 0.6482749518636617], [-0.13974009351208405, 0.7823559541452036, 0.0, 0.2512430698730476, 0.4938887929144048, 0.13856474572486221, 0.263634816832613, 0.672404152914001, 0.41371807644180136, 0.19062648881177036, 0.007392832833969631, 0.6234681692670314, 0.6528064591905126, 0.6822396448118159, 0.7967206735401399, 0.714771269407946, 0.6271679473247918], [0.21359709343502553, 0.8095318577260989, 0.0, 0.2692158262298063, 0.5017456377860028, 0.1428569433329447, 0.22706573324357393, 0.6686358277651848, 0.4477125784231766, 0.19881239289415054, 0.008117752083540042, 0.6128722790708749, 0.6647988397802244, 0.6712392960640535, 0.8091568956799134, 0.7362315787359459, 0.6437173832353127], [0.17957815352266104, 0.7175104621521813, 0.0, 0.2631124830221972, 0.4633429770726707, 0.14917038369818592, 0.17810754451830632, 0.658115464493061, 0.5129611867753654, 0.1892775889610585, 0.008729175733573014, 0.6293279390258952, 0.6718440018178677, 0.7119838036940647, 0.8149526618633769, 0.7187932916709983, 0.6518355965227003], [-0.4548492019568795, 0.8714643479180949, 0.0, 0.24421808822888802, 0.5217004564784371, 0.1332167189863635, 0.2881252500562823, 0.6768264571999006, 0.3847339030374355, 0.20621104886310904, 0.007448685839370306, 0.6340566741986859, 0.6668500047378579, 0.6962507077683675, 0.7795093726738569, 0.6802248897824253, 0.6015710761884903], [-0.13575140725758983, 0.8472176571600396, 0.0, 0.2650188515243332, 0.5118724208301726, 0.13736005948893681, 0.2364939771412665, 0.6734597362936307, 0.41857819208996117, 0.2050300438027428, 0.00783923647221818, 0.6349908996660849, 0.6508234364193316, 0.6731355478437928, 0.7936158154986622, 0.7039304931594867, 0.6107533169982378]], "features_2": [[0.4749531600112915, 0.8085625310601599, 0.0, 0.309524004114284, 0.5045448463242933, 0.13763555850079606, 0.28074294770370967, 0.6748028343272712, 0.43509787654890353, 0.1935705757369266, 0.00783923647221818, 0.6087256257278948, 0.6440687002795256, 0.6689370887402261, 0.8003170879754008, 0.7347152389216042, 0.6161006584197238], [0.24230500564162538, 0.7995457650959986, 0.0, 0.261439191637507, 0.4973087682495778, 0.14253032846313154, 0.22565855540610258, 0.6679627110784296, 0.4479117423443111, 0.19729002963000042, 0.00783923647221818, 0.611814940414467, 0.6503468393937752, 0.6809379995845714, 0.8062707627060535, 0.723506510386626, 0.6369101627943143], [0.8114522956327508, 0.9073995463262907, 0.0, 0.3127052023007096, 0.5321297764994798, 0.13914793794767746, 0.26959397531567647, 0.6732796487879353, 0.4460889919301212, 0.21363629773686754, 0.007950687539111767, 0.5950299659882194, 0.6581249364953436, 0.6956099326974381, 0.8020804453654048, 0.7303908228917446, 0.6323231162274987], [0.3900856800492294, 0.882807193841884, 0.0, 0.29602845820150936, 0.5218811260601028, 0.14150559828386705, 0.28395940823809696, 0.6705050716678063, 0.4579981934858375, 0.2143299817461981, 0.008173410423425675, 0.6102553833344908, 0.664883718719279, 0.6988290140273763, 0.8043870121927875, 0.7239726690429039, 0.6276187872330891], [0.3240299750731723, 0.7884240167576029, 0.0, 0.2399344281801691, 0.4967531394715885, 0.14274860797434663, 0.26614916518961207, 0.6698500000834466, 0.4527191674236457, 0.19458188608957938, 0.008284682400665488, 0.6002558023042037, 0.669152062506206, 0.6972714646573176, 0.8102711351107367, 0.7273409842274668, 0.6448205123512641], [1.1645765841621332, 0.891595908697318, 0.0, 0.30003885749048603, 0.5267633026602316, 0.14240436320362082, 0.25593566713041727, 0.6695881421523264, 0.46497686649663295, 0.2130893043020925, 0.008840150818991033, 0.5835982927007886, 0.6528931990853443, 0.6829488602663739, 0.8060367821725954, 0.7276045743662196, 0.6445964572598261], [0.14600303948496673, 0.8663038916652552, 0.0, 0.20312518332482277, 0.5132147906511986, 0.14422035206528874, 0.275397036362002, 0.6659300145794573, 0.46009770066414735, 0.21446916212951006, 0.00783923647221818, 0.6122496373538584, 0.647196889103741, 0.6887818986860915, 0.8020010776462343, 0.7133987816912529, 0.6208648819862007], [-0.3530504609124212, 0.860979497957559, 0.0, 0.21577148429252008, 0.5217863189708831, 0.13339242069840457, 0.23545718614282904, 0.6774983515136481, 0.38209126657282355, 0.20175511991770834, 0.007504523810135222, 0.628213329056748, 0.6520652935834163, 0.6696166831497513, 0.7873935318811313, 0.7099740403763327, 0.6107951052499825], [-0.09441890840345568, 0.9062484575715497, 0.0, 0.2304594722979583, 0.5217479571843132, 0.13831515830597158, 0.16260385393347718, 0.668360347878655, 0.3957845663335535, 0.21597236557678268, 0.007504523810135222, 0.6166754410184077, 0.6404668973439976, 0.6669969129255817, 0.7844080960240603, 0.6901848006941825, 0.605072675113363]]}