{"labels_1": ["1", "2", "3", "4", "5", "6", "7", "8", "9"], "labels_2": ["1", "2", "3", "4", "5", "6", "7", "8", "9"], "adj_matrix_1": [[0.0, 0.29634, 0.22176, 0.11203, 0.30782, 0.25794, 0.14313, 0.32335, 0.32145], [0.29634, 0.0, 0.16233, 0.26335, 0.04788, 0.10134, 0.24342, 0.24403, 0.14884], [0.22176, 0.16233, 0.0, 0.13795, 0.2031, 0.06625, 0.10568, 0.34509, 0.28095], [0.11203, 0.26335, 0.13795, 0.0, 0.28959, 0.19321, 0.03575, 0.36218, 0.33341], [0.30782, 0.04788, 0.2031, 0.28959, 0.0, 0.14629, 0.27384, 0.20424, 0.10353], [0.25794, 0.10134, 0.06625, 0.19321, 0.14629, 0.0, 0.1651, 0.31416, 0.23583], [0.14313, 0.24342, 0.10568, 0.03575, 0.27384, 0.1651, 0.0, 0.36464, 0.32688], [0.32335, 0.24403, 0.34509, 0.36218, 0.20424, 0.31416, 0.36464, 0.0, 0.10747], [0.32145, 0.14884, 0.28095, 0.33341, 0.10353, 0.23583, 0.32688, 0.10747, 0.0]], "adj_matrix_2": [[0.0, 0.23962, 0.12587, 0.22065, 0.25155, 0.26583, 0.25359, 0.02635, 0.04068], [0.23962, 0.0, 0.12854, 0.02432, 0.01615, 0.03658, 0.019, 0.26005, 0.27082], [0.12587, 0.12854, 0.0, 0.10561, 0.14338, 0.16171, 0.14597, 0.15072, 0.16404], [0.22065, 0.02432, 0.10561, 0.0, 0.0404, 0.06065, 0.04323, 0.2421, 0.25345], [0.25155, 0.01615, 0.14338, 0.0404, 0.0, 0.02049, 0.00285, 0.27123, 0.28159], [0.26583, 0.03658, 0.16171, 0.06065, 0.02049, 0.0, 0.01764, 0.28456, 0.29438], [0.25359, 0.019, 0.14597, 0.04323, 0.00285, 0.01764, 0.0, 0.27317, 0.28347], [0.02635, 0.26005, 0.15072, 0.2421, 0.27123, 0.28456, 0.27317, 0.0, 0.01438], [0.04068, 0.27082, 0.16404, 0.25345, 0.28159, 0.29438, 0.28347, 0.01438, 0.0]], "features_1": [[0.32359426410544145, 0.6950063475992185, 0.0, 0.2799436688975077, 0.466317233647615, 0.14300642347715226, 0.2293718242354011, 0.6684880257276781, 0.4500073593346554, 0.1735814665969846, 0.007560346756364078, 0.5999601230672733, 0.6603583778648653, 0.6920871566101506, 0.8110473597437575, 0.7241655539541907, 0.6459847814372602], [-0.12396468631332658, 0.7667175632559419, 0.0, 0.2765082476936831, 0.4901143220920139, 0.14055959215889463, 0.25148783301896316, 0.6713099619061145, 0.4202147698309422, 0.1881378065871413, 0.007671947615560004, 0.6258427468602488, 0.670852618696671, 0.6930097140671865, 0.8056675799115743, 0.7132302507709558, 0.6383137014426407], [0.256251679516176, 0.7948232763015614, 0.0, 0.2795134185554542, 0.4992172681635668, 0.1420781389587, 0.24567882481432407, 0.670143939171784, 0.438598551399185, 0.19339203094247992, 0.007560346756364078, 0.610982008892559, 0.6707888859434429, 0.67479121434533, 0.8109224404791693, 0.7379842561846999, 0.6471530849353279], [0.1693200555835741, 0.7697021956410809, 0.0, 0.26136003481365594, 0.4862813076872007, 0.1448465748956867, 0.21680792976849333, 0.6655994473604465, 0.46721548937686896, 0.19486544346691703, 0.008340296057933516, 0.6208832344780193, 0.6788873915007764, 0.712758438608579, 0.8136426824566082, 0.7261953924076444, 0.6482749518636617], [-0.13974009351208405, 0.7823559541452036, 0.0, 0.2512430698730476, 0.4938887929144048, 0.13856474572486221, 0.263634816832613, 0.672404152914001, 0.41371807644180136, 0.19062648881177036, 0.007392832833969631, 0.6234681692670314, 0.6528064591905126, 0.6822396448118159, 0.7967206735401399, 0.714771269407946, 0.6271679473247918], [0.21359709343502553, 0.8095318577260989, 0.0, 0.2692158262298063, 0.5017456377860028, 0.1428569433329447, 0.22706573324357393, 0.6686358277651848, 0.4477125784231766, 0.19881239289415054, 0.008117752083540042, 0.6128722790708749, 0.6647988397802244, 0.6712392960640535, 0.8091568956799134, 0.7362315787359459, 0.6437173832353127], [0.17957815352266104, 0.7175104621521813, 0.0, 0.2631124830221972, 0.4633429770726707, 0.14917038369818592, 0.17810754451830632, 0.658115464493061, 0.5129611867753654, 0.1892775889610585, 0.008729175733573014, 0.6293279390258952, 0.6718440018178677, 0.7119838036940647, 0.8149526618633769, 0.7187932916709983, 0.6518355965227003], [-0.4548492019568795, 0.8714643479180949, 0.0, 0.24421808822888802, 0.5217004564784371, 0.1332167189863635, 0.2881252500562823, 0.6768264571999006, 0.3847339030374355, 0.20621104886310904, 0.007448685839370306, 0.6340566741986859, 0.6668500047378579, 0.6962507077683675, 0.7795093726738569, 0.6802248897824253, 0.6015710761884903], [-0.13575140725758983, 0.8472176571600396, 0.0, 0.2650188515243332, 0.5118724208301726, 0.13736005948893681, 0.2364939771412665, 0.6734597362936307, 0.41857819208996117, 0.2050300438027428, 0.00783923647221818, 0.6349908996660849, 0.6508234364193316, 0.6731355478437928, 0.7936158154986622, 0.7039304931594867, 0.6107533169982378]], "features_2": [[-0.18824285872308755, 0.6830140306929026, 0.0, 0.20970915611355087, 0.4586929424258296, 0.14047330914335687, 0.26626098042539825, 0.6708497460912204, 0.45206175083533107, 0.17234521410391235, 0.008117752083540042, 0.6382977861729868, 0.6772430775280808, 0.7129615648508022, 0.8042179163783455, 0.7260901669616202, 0.6097436597632209], [0.06345601672517365, 0.7492607406626166, 0.0, 0.19855549648594256, 0.47941855941554823, 0.14326970605579278, 0.21310329543318077, 0.6665031519926059, 0.4613235259837942, 0.18831787218134544, 0.00822905385914674, 0.6262817342546732, 0.6720179044221715, 0.6994167935735407, 0.8032638817602247, 0.7427302775556771, 0.6055937529097429], [-0.11387468155116132, 0.7990210435611051, 0.0, 0.19444521737126141, 0.48952803756468644, 0.1420811882849193, 0.19451248667907706, 0.6667654836283037, 0.45055016311252816, 0.20014835619454607, 0.007894969482732161, 0.6260968969379479, 0.6728141049805587, 0.7218451586194028, 0.8004159954714977, 0.7245836606890018, 0.6097947533561555], [-0.21394998528430342, 0.731328127143882, 0.0, 0.20558824262112696, 0.4674652465955098, 0.14373808759631135, 0.19696812937096694, 0.6645680045220146, 0.46211640342031823, 0.18660427136083269, 0.007560346756364078, 0.6280918552863584, 0.6798162964194682, 0.7104973016951832, 0.80619591820628, 0.7307626718539123, 0.6260595797687379], [0.2677542535787696, 0.7500545140700684, 0.0, 0.19917108991517612, 0.4826381433450949, 0.14101771485680975, 0.20712583900607698, 0.6692401075877805, 0.45124791750269067, 0.18537935675855755, 0.008062078829516484, 0.6134439730609045, 0.664569391944709, 0.6889990667611544, 0.7998856591337236, 0.7232571482479926, 0.6132067831094516], [-0.14002157483980238, 0.7989811509613607, 0.0, 0.1951613979909244, 0.4825664761368548, 0.14494170288903976, 0.13057645615293084, 0.6595944345710634, 0.4547452244366452, 0.20232792934603716, 0.008340296057933516, 0.6257906406159006, 0.6495335613259187, 0.6813806085622034, 0.7962840354901037, 0.7255574351296649, 0.6210073548422184], [-0.1646825447142879, 0.7881515135500902, 0.0, 0.2320789704908785, 0.48489550233550954, 0.14091730926023693, 0.17231550904753518, 0.6669518140437121, 0.425220160674165, 0.19533617266399994, 0.007894969482732161, 0.6260785236970072, 0.6495014305340489, 0.6967970860645464, 0.795950538876722, 0.721252071638301, 0.6021025079799429], [-0.37518165690231253, 0.825024563566094, 0.0, 0.24994593563247944, 0.5132797872254967, 0.1300844855287455, 0.2629960674286359, 0.6807205991018841, 0.3669652057152599, 0.19018902263901305, 0.00716927026363523, 0.6300536399223557, 0.6488180651943148, 0.683366468246212, 0.7819929354999077, 0.6998499847062861, 0.5951978082321016], [-0.29682994771819793, 0.8531513347260102, 0.0, 0.23345229917721025, 0.5039596249041023, 0.13752801053660538, 0.15034703461316284, 0.6683563048387063, 0.418968751245959, 0.2073820092213705, 0.007671947615560004, 0.6401197855037912, 0.6430829263254665, 0.6822838911099418, 0.7790468795862104, 0.6947041369801865, 0.6029640669893366]]}