{"labels_1": ["1", "2", "3", "4", "5", "6", "7", "8", "9"], "labels_2": ["1", "2", "3", "4", "5", "6", "7", "8", "9"], "adj_matrix_1": [[0.0, 0.29634, 0.22176, 0.11203, 0.30782, 0.25794, 0.14313, 0.32335, 0.32145], [0.29634, 0.0, 0.16233, 0.26335, 0.04788, 0.10134, 0.24342, 0.24403, 0.14884], [0.22176, 0.16233, 0.0, 0.13795, 0.2031, 0.06625, 0.10568, 0.34509, 0.28095], [0.11203, 0.26335, 0.13795, 0.0, 0.28959, 0.19321, 0.03575, 0.36218, 0.33341], [0.30782, 0.04788, 0.2031, 0.28959, 0.0, 0.14629, 0.27384, 0.20424, 0.10353], [0.25794, 0.10134, 0.06625, 0.19321, 0.14629, 0.0, 0.1651, 0.31416, 0.23583], [0.14313, 0.24342, 0.10568, 0.03575, 0.27384, 0.1651, 0.0, 0.36464, 0.32688], [0.32335, 0.24403, 0.34509, 0.36218, 0.20424, 0.31416, 0.36464, 0.0, 0.10747], [0.32145, 0.14884, 0.28095, 0.33341, 0.10353, 0.23583, 0.32688, 0.10747, 0.0]], "adj_matrix_2": [[0.0, 0.16278, 0.07328, 0.03248, 0.14503, 0.22207, 0.11889, 0.21084, 0.26517], [0.16278, 0.0, 0.22226, 0.19, 0.27417, 0.0777, 0.04928, 0.23147, 0.2417], [0.07328, 0.22226, 0.0, 0.04121, 0.07489, 0.26892, 0.1844, 0.19579, 0.26176], [0.03248, 0.19, 0.04121, 0.0, 0.11475, 0.24393, 0.14857, 0.20442, 0.26439], [0.14503, 0.27417, 0.07489, 0.11475, 0.0, 0.30677, 0.24377, 0.17944, 0.25341], [0.22207, 0.0777, 0.26892, 0.24393, 0.30677, 0.0, 0.12386, 0.22747, 0.21005], [0.11889, 0.04928, 0.1844, 0.14857, 0.24377, 0.12386, 0.0, 0.22868, 0.25415], [0.21084, 0.23147, 0.19579, 0.20442, 0.17944, 0.22747, 0.22868, 0.0, 0.10072], [0.26517, 0.2417, 0.26176, 0.26439, 0.25341, 0.21005, 0.25415, 0.10072, 0.0]], "features_1": [[0.32359426410544145, 0.6950063475992185, 0.0, 0.2799436688975077, 0.466317233647615, 0.14300642347715226, 0.2293718242354011, 0.6684880257276781, 0.4500073593346554, 0.1735814665969846, 0.007560346756364078, 0.5999601230672733, 0.6603583778648653, 0.6920871566101506, 0.8110473597437575, 0.7241655539541907, 0.6459847814372602], [-0.12396468631332658, 0.7667175632559419, 0.0, 0.2765082476936831, 0.4901143220920139, 0.14055959215889463, 0.25148783301896316, 0.6713099619061145, 0.4202147698309422, 0.1881378065871413, 0.007671947615560004, 0.6258427468602488, 0.670852618696671, 0.6930097140671865, 0.8056675799115743, 0.7132302507709558, 0.6383137014426407], [0.256251679516176, 0.7948232763015614, 0.0, 0.2795134185554542, 0.4992172681635668, 0.1420781389587, 0.24567882481432407, 0.670143939171784, 0.438598551399185, 0.19339203094247992, 0.007560346756364078, 0.610982008892559, 0.6707888859434429, 0.67479121434533, 0.8109224404791693, 0.7379842561846999, 0.6471530849353279], [0.1693200555835741, 0.7697021956410809, 0.0, 0.26136003481365594, 0.4862813076872007, 0.1448465748956867, 0.21680792976849333, 0.6655994473604465, 0.46721548937686896, 0.19486544346691703, 0.008340296057933516, 0.6208832344780193, 0.6788873915007764, 0.712758438608579, 0.8136426824566082, 0.7261953924076444, 0.6482749518636617], [-0.13974009351208405, 0.7823559541452036, 0.0, 0.2512430698730476, 0.4938887929144048, 0.13856474572486221, 0.263634816832613, 0.672404152914001, 0.41371807644180136, 0.19062648881177036, 0.007392832833969631, 0.6234681692670314, 0.6528064591905126, 0.6822396448118159, 0.7967206735401399, 0.714771269407946, 0.6271679473247918], [0.21359709343502553, 0.8095318577260989, 0.0, 0.2692158262298063, 0.5017456377860028, 0.1428569433329447, 0.22706573324357393, 0.6686358277651848, 0.4477125784231766, 0.19881239289415054, 0.008117752083540042, 0.6128722790708749, 0.6647988397802244, 0.6712392960640535, 0.8091568956799134, 0.7362315787359459, 0.6437173832353127], [0.17957815352266104, 0.7175104621521813, 0.0, 0.2631124830221972, 0.4633429770726707, 0.14917038369818592, 0.17810754451830632, 0.658115464493061, 0.5129611867753654, 0.1892775889610585, 0.008729175733573014, 0.6293279390258952, 0.6718440018178677, 0.7119838036940647, 0.8149526618633769, 0.7187932916709983, 0.6518355965227003], [-0.4548492019568795, 0.8714643479180949, 0.0, 0.24421808822888802, 0.5217004564784371, 0.1332167189863635, 0.2881252500562823, 0.6768264571999006, 0.3847339030374355, 0.20621104886310904, 0.007448685839370306, 0.6340566741986859, 0.6668500047378579, 0.6962507077683675, 0.7795093726738569, 0.6802248897824253, 0.6015710761884903], [-0.13575140725758983, 0.8472176571600396, 0.0, 0.2650188515243332, 0.5118724208301726, 0.13736005948893681, 0.2364939771412665, 0.6734597362936307, 0.41857819208996117, 0.2050300438027428, 0.00783923647221818, 0.6349908996660849, 0.6508234364193316, 0.6731355478437928, 0.7936158154986622, 0.7039304931594867, 0.6107533169982378]], "features_2": [[0.08404047796673986, 0.6147230566380846, 0.0, 0.2278944344807944, 0.45078921226552615, 0.13584927159124394, 0.32609884153325197, 0.6781669330482387, 0.40840636918210915, 0.1472147284384071, 0.007783488497544067, 0.613049390490275, 0.679146854159333, 0.7074458460729486, 0.8056298471506834, 0.7343163409966358, 0.6335391012632399], [-0.09970706283875419, 0.7152741593130868, 0.0, 0.22861359638625464, 0.4800654450712568, 0.1367644221233617, 0.2643673100293668, 0.675551087697245, 0.41170870270000104, 0.1736102951038605, 0.007783488497544067, 0.6172888190121717, 0.6660744072237248, 0.6989684625851212, 0.7997608869135768, 0.7162991843888749, 0.6330338617494965], [0.12436686319408752, 0.72643592293233, 0.0, 0.2468667982998365, 0.4909440352197031, 0.13364054978514261, 0.3171799058825876, 0.6796254121497027, 0.39926665466658084, 0.1709056673241185, 0.007560346756364078, 0.6151436999687823, 0.6714621498464989, 0.6999205645807246, 0.799013351837692, 0.7125317154815012, 0.6263756711100188], [0.22329434456333708, 0.6886654472364095, 0.0, 0.23465864546560034, 0.4757986143575363, 0.13682602405183775, 0.30776009271830773, 0.6765295517301282, 0.40629810916227704, 0.16464522127913161, 0.007671947615560004, 0.6121617332398119, 0.6637947725758524, 0.692188744653856, 0.8059533929482526, 0.728648251913538, 0.6338665546012392], [-0.04666978508079067, 0.7319635603609532, 0.0, 0.24573812278052942, 0.4814293162580074, 0.13548904105680773, 0.23825475562545861, 0.6753905786865875, 0.40694896678618075, 0.17667480598669583, 0.007392832833969631, 0.6224453178040175, 0.6689729695807535, 0.7010323242028611, 0.7932780392209784, 0.7172356887195026, 0.6107432178872663], [0.3431570560371151, 0.7617719570813913, 0.0, 0.24744305958643006, 0.49754098214004605, 0.13495164995727868, 0.2901730723983043, 0.6775311562444715, 0.4063371277389185, 0.18030708617057312, 0.007560346756364078, 0.6044020114847037, 0.6575296029447658, 0.683168945358986, 0.7987245953160079, 0.7293851803883797, 0.6202394744123554], [0.29409435371064063, 0.6909529078683486, 0.0, 0.2517276741043078, 0.4640016173606841, 0.14207651092257395, 0.20680976657700328, 0.6677897790447775, 0.4508584293555298, 0.17298265310287575, 0.007894969482732161, 0.6150169650665667, 0.650157754995938, 0.6816909202008522, 0.804223173033613, 0.7223607604773149, 0.6322304135598216], [0.6498041999970274, 0.7791409781764073, 0.0, 0.2886026173829346, 0.4868376289549239, 0.13571065387238315, 0.18566868847039117, 0.6729352536963378, 0.4108892768340935, 0.18826842141100752, 0.008062078829516484, 0.5831423174681412, 0.6554276406200125, 0.6848155063308528, 0.7857942578735474, 0.69371942470537, 0.5881151774807837], [0.8243511926254778, 0.7224937797649847, 0.0, 0.3004709309556364, 0.46954007422630684, 0.14182673099972684, 0.20311144536917922, 0.6677664085212835, 0.4567896579495112, 0.18151422928230532, 0.00839589484089287, 0.5866741854451343, 0.6518452845063993, 0.6941958750315572, 0.8028940464991584, 0.7047157649582091, 0.6208205410677954]]}