{"labels_1": ["1", "2", "3", "4", "5", "6", "7", "8", "9"], "labels_2": ["1", "2", "3", "4", "5", "6", "7", "8", "9"], "adj_matrix_1": [[0.0, 0.22334, 0.08823, 0.07626, 0.2706, 0.24845, 0.27195, 0.23767, 0.18136], [0.22334, 0.0, 0.15594, 0.16616, 0.16926, 0.2082, 0.16148, 0.21492, 0.05953], [0.08823, 0.15594, 0.0, 0.01242, 0.25175, 0.24857, 0.25003, 0.2427, 0.10332], [0.07626, 0.16616, 0.01242, 0.0, 0.25531, 0.24927, 0.25404, 0.24263, 0.11482], [0.2706, 0.16926, 0.25175, 0.25531, 0.0, 0.07421, 0.01134, 0.09505, 0.2069], [0.24845, 0.2082, 0.24857, 0.24927, 0.07421, 0.0, 0.08466, 0.02305, 0.23023], [0.27195, 0.16148, 0.25003, 0.25404, 0.01134, 0.08466, 0.0, 0.10492, 0.20125], [0.23767, 0.21492, 0.2427, 0.24263, 0.09505, 0.02305, 0.10492, 0.0, 0.23202], [0.18136, 0.05953, 0.10332, 0.11482, 0.2069, 0.23023, 0.20125, 0.23202, 0.0]], "adj_matrix_2": [[0.0, 0.00036, 0.05045, 0.19417, 0.11557, 0.20174, 0.0278, 0.25943, 0.18019], [0.00036, 0.0, 0.05081, 0.19442, 0.11589, 0.202, 0.02744, 0.25958, 0.18046], [0.05045, 0.05081, 0.0, 0.15694, 0.06848, 0.16595, 0.07724, 0.23733, 0.14068], [0.19417, 0.19442, 0.15694, 0.0, 0.09621, 0.01108, 0.21112, 0.10964, 0.01934], [0.11557, 0.11589, 0.06848, 0.09621, 0.0, 0.10653, 0.13926, 0.19292, 0.07781], [0.20174, 0.202, 0.16595, 0.01108, 0.10653, 0.0, 0.21781, 0.09924, 0.03038], [0.0278, 0.02744, 0.07724, 0.21112, 0.13926, 0.21781, 0.0, 0.26729, 0.19861], [0.25943, 0.25958, 0.23733, 0.10964, 0.19292, 0.09924, 0.26729, 0.0, 0.12743], [0.18019, 0.18046, 0.14068, 0.01934, 0.07781, 0.03038, 0.19861, 0.12743, 0.0]], "features_1": [[0.2855113434212315, 0.7149687748091538, 0.0, 0.23409496119393558, 0.4678937179730581, 0.14215010278451928, 0.10193306538510569, 0.6613662276126646, 0.4398850018196361, 0.17668539468290523, 0.007894969482732161, 0.6209828168462512, 0.6289613788005882, 0.6640439919272828, 0.7881281177904473, 0.7208354035556676, 0.6090584301780819], [0.20011621897365206, 0.7592373924579241, 0.0, 0.2828771572997224, 0.4894746770870745, 0.14153144819914795, 0.16998914311882843, 0.6671714074077695, 0.45634886726351964, 0.19043120193655416, 0.00822905385914674, 0.6040349343087459, 0.6592496050316682, 0.6906176377808796, 0.7991744999441451, 0.7117022831021048, 0.6257088822644831], [0.20801783849037703, 0.850587549908589, 0.0, 0.27620282240431787, 0.5127476340695216, 0.14043494778434212, 0.12708929062588012, 0.6649464295714249, 0.42604329993439594, 0.2048748297428078, 0.007671947615560004, 0.6171342016124655, 0.6363804263580856, 0.6550504361560476, 0.7858966477956414, 0.7054058043621931, 0.6126347123237096], [0.3108618660762952, 0.8484960855889954, 0.0, 0.2814088926688408, 0.5094993474339229, 0.1399627053603465, 0.14211552961563215, 0.6651394476083806, 0.420569388253476, 0.20366898838342462, 0.007894969482732161, 0.6162341841443906, 0.6271019307409528, 0.6576511676598994, 0.7852367466193096, 0.7252055771906188, 0.607396850946176], [0.9523040129611529, 0.8386786094569757, 0.0, 0.3622155940145208, 0.5212645966409185, 0.1344847575050701, 0.2342242082832712, 0.6764971138684708, 0.4110710700503175, 0.19706624629074576, 0.007894969482732161, 0.5843585961174902, 0.6335550897009071, 0.6690992140161314, 0.788153642365766, 0.6953347688191227, 0.6155288419897794], [0.7786666004593377, 0.928993186696073, 0.0, 0.31896939739115243, 0.5394796952592551, 0.13693139243131813, 0.20265482559041317, 0.6717535658989187, 0.40985021877609573, 0.21686031047198773, 0.007671947615560004, 0.5869510461646668, 0.6284725130637092, 0.6445320795495223, 0.7850188083207881, 0.7005576367106441, 0.6127167702333417], [0.7113394220595732, 0.8254134640507386, 0.0, 0.3201801964588557, 0.511289689186061, 0.1353647014761793, 0.24073115566616465, 0.6741025649138077, 0.40093088661425047, 0.193580858125467, 0.007783488497544067, 0.591778759890996, 0.6373917487900183, 0.6626393311451154, 0.7857050464251206, 0.693116709835482, 0.6122988031084629], [0.6797420229577997, 0.9806401296760275, 0.0, 0.26807461152939116, 0.5583618236207482, 0.1263577163487169, 0.24785707390101736, 0.6829397358027448, 0.35888600417737715, 0.21462860787741578, 0.007392832833969631, 0.5768428890713511, 0.6376892707425658, 0.6719075543085516, 0.7660172873717244, 0.6893271527223076, 0.5771535293736278], [0.48256670931279055, 0.9645607584021841, 0.0, 0.2576845907242562, 0.5498607131429731, 0.12705392628933038, 0.22141885696268132, 0.6812152624790224, 0.3588262641020046, 0.21258555027106474, 0.007504523810135222, 0.5885706011055976, 0.6272279193446693, 0.6534853875209058, 0.7618879044874833, 0.6834928698977304, 0.5745349347104758]], "features_2": [[0.409053390779897, 0.8992252560727539, 0.0, 0.25097301735273786, 0.5257096777144175, 0.13537199661753918, 0.157912954512382, 0.6715474777505892, 0.40531593058892335, 0.208503860531277, 0.007783488497544067, 0.5920424058484834, 0.6280327111065513, 0.6602000137039024, 0.7804474159038732, 0.7031194632406668, 0.6188494532447416], [0.6915933259363549, 0.937407039948818, 0.0, 0.2640391701244167, 0.5333716348026109, 0.1372245630151824, 0.12981044926922608, 0.6687036887718244, 0.4216199596235566, 0.21782690040230213, 0.008006390651371653, 0.5876125237211443, 0.6369261889644079, 0.6602656328503996, 0.7799780767809216, 0.7014100263839156, 0.6262187678052297], [0.3246261734098037, 1.044337663395367, 0.0, 0.2419047231921737, 0.5592412065486901, 0.1360042743417309, 0.1615861180234397, 0.6703403817566489, 0.4056341707334161, 0.23587774148871388, 0.007783488497544067, 0.5981206596459674, 0.6213822156769562, 0.65297962372786, 0.7784888535390159, 0.7038134965624566, 0.624843918296491], [0.020195602315898675, 0.9343783523975621, 0.0, 0.22200841203790558, 0.5351958989021048, 0.13696735257196718, 0.2323999461425032, 0.6715941021776693, 0.4144703699311889, 0.21864836888146, 0.007783488497544067, 0.6153290677971315, 0.6402831629468114, 0.6779288397264172, 0.7904786795780727, 0.7141203666791108, 0.6254429209499119], [0.5722252562538661, 0.8991162753345828, 0.0, 0.26034273681146747, 0.5280810038173143, 0.13670623352556804, 0.2562003237315274, 0.6723856040027418, 0.4123488532377537, 0.20883421866486884, 0.007894969482732161, 0.5952197515553075, 0.6486155495727709, 0.6724070038442277, 0.7855174299088395, 0.7097733195460715, 0.6240231277618575], [0.09511634018894677, 1.0156918179511123, 0.0, 0.24527452388614193, 0.5509184215360761, 0.1392950237521581, 0.2314580718425269, 0.6677255249711718, 0.42040868954351707, 0.23435925540086755, 0.007894969482732161, 0.6118072741811509, 0.6543228785568291, 0.6753771863801482, 0.7858026429134105, 0.7111287283030923, 0.6287960932170411], [0.10232311906629477, 0.8956795963278833, 0.0, 0.24560406884657954, 0.5259401897234917, 0.13632156131504775, 0.3145849737156382, 0.6750847536335155, 0.39766884067774755, 0.20728628540990313, 0.007894969482732161, 0.6073324374342985, 0.6482134047943152, 0.6728359273730854, 0.7926986563552023, 0.6964404476501626, 0.6153816176376444], [0.12721236767672783, 0.903768464903701, 0.0, 0.2377906455382472, 0.5326905230324155, 0.1307445641785294, 0.3891823930986952, 0.6789203027259902, 0.36210165765575497, 0.20173814018012326, 0.007336964783822175, 0.6041313260441732, 0.625632656765754, 0.6450480767189842, 0.7651771141339777, 0.6968475672044488, 0.5855952826577328], [-0.033835401599802584, 0.9445404866231836, 0.0, 0.2484786226826045, 0.538644563333419, 0.13134382667435213, 0.26980996591689177, 0.6781136087070921, 0.36874267282774076, 0.2134656338456884, 0.007336964783822175, 0.6041531064907741, 0.6423507974412438, 0.6720399911053985, 0.7713561112983994, 0.6822132936445702, 0.5896010023534638]]}