{"labels_1": ["1", "2", "3", "4", "5", "6", "7", "8", "9"], "labels_2": ["1", "2", "3", "4", "5", "6", "7", "8", "9"], "adj_matrix_1": [[0.0, 0.22334, 0.08823, 0.07626, 0.2706, 0.24845, 0.27195, 0.23767, 0.18136], [0.22334, 0.0, 0.15594, 0.16616, 0.16926, 0.2082, 0.16148, 0.21492, 0.05953], [0.08823, 0.15594, 0.0, 0.01242, 0.25175, 0.24857, 0.25003, 0.2427, 0.10332], [0.07626, 0.16616, 0.01242, 0.0, 0.25531, 0.24927, 0.25404, 0.24263, 0.11482], [0.2706, 0.16926, 0.25175, 0.25531, 0.0, 0.07421, 0.01134, 0.09505, 0.2069], [0.24845, 0.2082, 0.24857, 0.24927, 0.07421, 0.0, 0.08466, 0.02305, 0.23023], [0.27195, 0.16148, 0.25003, 0.25404, 0.01134, 0.08466, 0.0, 0.10492, 0.20125], [0.23767, 0.21492, 0.2427, 0.24263, 0.09505, 0.02305, 0.10492, 0.0, 0.23202], [0.18136, 0.05953, 0.10332, 0.11482, 0.2069, 0.23023, 0.20125, 0.23202, 0.0]], "adj_matrix_2": [[0.0, 0.03505, 0.22004, 0.07822, 0.32429, 0.24914, 0.02546, 0.131, 0.10727], [0.03505, 0.0, 0.19014, 0.04361, 0.30109, 0.22083, 0.06031, 0.16278, 0.07324], [0.22004, 0.19014, 0.0, 0.15061, 0.13242, 0.03499, 0.24053, 0.31242, 0.12232], [0.07822, 0.04361, 0.15061, 0.0, 0.26869, 0.18292, 0.1029, 0.20033, 0.02997], [0.32429, 0.30109, 0.13242, 0.26869, 0.0, 0.09844, 0.3394, 0.38407, 0.2445], [0.24914, 0.22083, 0.03499, 0.18292, 0.09844, 0.0, 0.26834, 0.33335, 0.15553], [0.02546, 0.06031, 0.24053, 0.1029, 0.3394, 0.26834, 0.0, 0.10715, 0.13138], [0.131, 0.16278, 0.31242, 0.20033, 0.38407, 0.33335, 0.10715, 0.0, 0.22465], [0.10727, 0.07324, 0.12232, 0.02997, 0.2445, 0.15553, 0.13138, 0.22465, 0.0]], "features_1": [[0.2855113434212315, 0.7149687748091538, 0.0, 0.23409496119393558, 0.4678937179730581, 0.14215010278451928, 0.10193306538510569, 0.6613662276126646, 0.4398850018196361, 0.17668539468290523, 0.007894969482732161, 0.6209828168462512, 0.6289613788005882, 0.6640439919272828, 0.7881281177904473, 0.7208354035556676, 0.6090584301780819], [0.20011621897365206, 0.7592373924579241, 0.0, 0.2828771572997224, 0.4894746770870745, 0.14153144819914795, 0.16998914311882843, 0.6671714074077695, 0.45634886726351964, 0.19043120193655416, 0.00822905385914674, 0.6040349343087459, 0.6592496050316682, 0.6906176377808796, 0.7991744999441451, 0.7117022831021048, 0.6257088822644831], [0.20801783849037703, 0.850587549908589, 0.0, 0.27620282240431787, 0.5127476340695216, 0.14043494778434212, 0.12708929062588012, 0.6649464295714249, 0.42604329993439594, 0.2048748297428078, 0.007671947615560004, 0.6171342016124655, 0.6363804263580856, 0.6550504361560476, 0.7858966477956414, 0.7054058043621931, 0.6126347123237096], [0.3108618660762952, 0.8484960855889954, 0.0, 0.2814088926688408, 0.5094993474339229, 0.1399627053603465, 0.14211552961563215, 0.6651394476083806, 0.420569388253476, 0.20366898838342462, 0.007894969482732161, 0.6162341841443906, 0.6271019307409528, 0.6576511676598994, 0.7852367466193096, 0.7252055771906188, 0.607396850946176], [0.9523040129611529, 0.8386786094569757, 0.0, 0.3622155940145208, 0.5212645966409185, 0.1344847575050701, 0.2342242082832712, 0.6764971138684708, 0.4110710700503175, 0.19706624629074576, 0.007894969482732161, 0.5843585961174902, 0.6335550897009071, 0.6690992140161314, 0.788153642365766, 0.6953347688191227, 0.6155288419897794], [0.7786666004593377, 0.928993186696073, 0.0, 0.31896939739115243, 0.5394796952592551, 0.13693139243131813, 0.20265482559041317, 0.6717535658989187, 0.40985021877609573, 0.21686031047198773, 0.007671947615560004, 0.5869510461646668, 0.6284725130637092, 0.6445320795495223, 0.7850188083207881, 0.7005576367106441, 0.6127167702333417], [0.7113394220595732, 0.8254134640507386, 0.0, 0.3201801964588557, 0.511289689186061, 0.1353647014761793, 0.24073115566616465, 0.6741025649138077, 0.40093088661425047, 0.193580858125467, 0.007783488497544067, 0.591778759890996, 0.6373917487900183, 0.6626393311451154, 0.7857050464251206, 0.693116709835482, 0.6122988031084629], [0.6797420229577997, 0.9806401296760275, 0.0, 0.26807461152939116, 0.5583618236207482, 0.1263577163487169, 0.24785707390101736, 0.6829397358027448, 0.35888600417737715, 0.21462860787741578, 0.007392832833969631, 0.5768428890713511, 0.6376892707425658, 0.6719075543085516, 0.7660172873717244, 0.6893271527223076, 0.5771535293736278], [0.48256670931279055, 0.9645607584021841, 0.0, 0.2576845907242562, 0.5498607131429731, 0.12705392628933038, 0.22141885696268132, 0.6812152624790224, 0.3588262641020046, 0.21258555027106474, 0.007504523810135222, 0.5885706011055976, 0.6272279193446693, 0.6534853875209058, 0.7618879044874833, 0.6834928698977304, 0.5745349347104758]], "features_2": [[-0.28687834298283743, 0.6683622635898264, 0.0, 0.24098048377029568, 0.4579885604522319, 0.1410804170281507, 0.35737477529953593, 0.6725549640834866, 0.43281191887306325, 0.1672990435948989, 0.008062078829516484, 0.634524142813498, 0.683779243649542, 0.7172177938626767, 0.812264792838873, 0.7251244032720948, 0.6414588153941788], [-0.37272440624782943, 0.6961557649807433, 0.0, 0.2593917288893092, 0.46132682130622055, 0.14324541075476113, 0.31804326822203277, 0.6687318955297787, 0.4477536139824747, 0.17770597636203256, 0.00822905385914674, 0.634427536448396, 0.6702353601551981, 0.7050073250077868, 0.8102724925319115, 0.7330081015653994, 0.6323963919468047], [-0.325977981971731, 0.766116319539364, 0.0, 0.2511597460038844, 0.49019065940825357, 0.13907083159943767, 0.3360616119931933, 0.6736317286041826, 0.4210192882095656, 0.1874634644120161, 0.007950687539111767, 0.6379536968689561, 0.6743023287602005, 0.7031721464192624, 0.8051150855915655, 0.7304644912921674, 0.6335502462371694], [-0.26912195909879166, 0.7540699170461167, 0.0, 0.20534530521355202, 0.4834478466681827, 0.1406654433651539, 0.28273005239960725, 0.6713548290134359, 0.43899665665839116, 0.18830092426959988, 0.008062078829516484, 0.626543716533412, 0.6799627911333002, 0.7159918730333253, 0.808793636229424, 0.7340297209813779, 0.6406618103752164], [-0.457173671833063, 0.6724953013087265, 0.0, 0.23188349604543382, 0.45128535471081244, 0.14256958382314977, 0.23661436725212043, 0.6677980427822785, 0.45839462615204596, 0.17265197573672775, 0.00839589484089287, 0.6492287208985954, 0.6792764180506778, 0.7032405526838073, 0.8051983986588712, 0.7072739861213846, 0.6315121116430945], [-0.3514490611509795, 0.7770352626181978, 0.0, 0.24324343518918903, 0.4925630894898618, 0.13756538994970974, 0.29433650864412114, 0.674331467931355, 0.42968997004419607, 0.19098626534665852, 0.00839589484089287, 0.6416233954577355, 0.6460465313701267, 0.689112698652511, 0.7994189867204645, 0.6957880093912912, 0.6288855372338007], [-0.30051138447393333, 0.752866784580119, 0.0, 0.19765553954765055, 0.4695843945507409, 0.14245383822743407, 0.13076957548524176, 0.6631664489043845, 0.4520837180145212, 0.19156285660847905, 0.008451478759474051, 0.6371763405063002, 0.6636787724826778, 0.6965787393171086, 0.7947453042797045, 0.6935586163234336, 0.6203801516915474], [-0.2878611912939202, 0.797575651145401, 0.0, 0.23322640084682392, 0.495614995850332, 0.13281121701102838, 0.19189693962385518, 0.6764385744277415, 0.3867104853554877, 0.189053785207959, 0.007616154688146137, 0.6188513351041616, 0.6440307774873075, 0.6686504789303876, 0.7790094979154537, 0.7087047174415483, 0.5894945545415302], [-0.2020490398732484, 0.8547293318012492, 0.0, 0.22473211867552859, 0.5091295270960191, 0.13282172717221702, 0.18032393646457692, 0.6761074473122135, 0.38959039047596433, 0.1999152324645328, 0.007950687539111767, 0.6249537280883721, 0.650171422872052, 0.6771445931404821, 0.7778841342446321, 0.6826511506303528, 0.5859379404783264]]}