{"labels_1": ["1", "2", "3", "4", "5", "6", "7", "8", "9"], "labels_2": ["1", "2", "3", "4", "5", "6", "7", "8", "9"], "adj_matrix_1": [[0.0, 0.11118, 0.01895, 0.05973, 0.16902, 0.17379, 0.05446, 0.10465, 0.06978], [0.11118, 0.0, 0.09359, 0.05402, 0.06832, 0.07447, 0.15905, 0.19991, 0.04385], [0.01895, 0.09359, 0.0, 0.04108, 0.15383, 0.15894, 0.07293, 0.12216, 0.05127], [0.05973, 0.05402, 0.04108, 0.0, 0.11876, 0.12438, 0.11186, 0.15813, 0.01035], [0.16902, 0.06832, 0.15383, 0.11876, 0.0, 0.00643, 0.20862, 0.24038, 0.10948], [0.17379, 0.07447, 0.15894, 0.12438, 0.00643, 0.0, 0.21248, 0.24338, 0.11522], [0.05446, 0.15905, 0.07293, 0.11186, 0.20862, 0.21248, 0.0, 0.05188, 0.12126], [0.10465, 0.19991, 0.12216, 0.15813, 0.24038, 0.24338, 0.05188, 0.0, 0.16664], [0.06978, 0.04385, 0.05127, 0.01035, 0.10948, 0.11522, 0.12126, 0.16664, 0.0]], "adj_matrix_2": [[0.0, 0.19835, 0.18109, 0.12021, 0.27329, 0.26758, 0.14933, 0.27083, 0.26758], [0.19835, 0.0, 0.02699, 0.10375, 0.31807, 0.16813, 0.07019, 0.32648, 0.16818], [0.18109, 0.02699, 0.0, 0.07851, 0.32326, 0.18913, 0.04384, 0.33029, 0.18918], [0.12021, 0.10375, 0.07851, 0.0, 0.32216, 0.23858, 0.03569, 0.32501, 0.23861], [0.27329, 0.31807, 0.32326, 0.32216, 0.0, 0.22377, 0.32567, 0.02138, 0.22373], [0.26758, 0.16813, 0.18913, 0.23858, 0.22377, 0.0, 0.21896, 0.24061, 6e-05], [0.14933, 0.07019, 0.04384, 0.03569, 0.32567, 0.21896, 0.0, 0.33037, 0.21899], [0.27083, 0.32648, 0.33029, 0.32501, 0.02138, 0.24061, 0.33037, 0.0, 0.24057], [0.26758, 0.16818, 0.18918, 0.23861, 0.22373, 6e-05, 0.21899, 0.24057, 0.0]], "features_1": [[0.3007619283478089, 0.8325116652054682, 0.0, 0.19582365391662732, 0.5057364625368578, 0.14037181956022393, 0.19630207012306897, 0.6688553306523571, 0.4522100214004656, 0.20171509075911764, 0.008117752083540042, 0.6179585228872455, 0.6502915767267073, 0.6726554525129409, 0.7967170394663267, 0.7110702298639516, 0.6179534035571033], [0.5514500945646472, 0.8892340155528995, 0.0, 0.23674294402528076, 0.5198114633924339, 0.14050490003343707, 0.1881302737005491, 0.6684975407477336, 0.44960311313628476, 0.2150014400534992, 0.008562602043175715, 0.6037413037444717, 0.6399488802005566, 0.671976545578304, 0.7958333061854663, 0.7113909059939413, 0.6090133226117705], [0.29975805273918166, 0.98520309316039, 0.0, 0.19822930731990415, 0.5406263636088953, 0.14071599802434565, 0.18819435132706203, 0.6667177082877547, 0.45276590113863535, 0.23331110968840885, 0.008284682400665488, 0.6142431888863555, 0.6434947505032408, 0.6747011630064261, 0.7911295810977138, 0.7076160280157859, 0.6116962026258613], [0.31053719059563756, 0.8982850889589649, 0.0, 0.215884721702808, 0.5199512184945373, 0.14179424448894745, 0.17640854955568486, 0.6662212170180093, 0.46136837408855125, 0.2170081554791703, 0.008562602043175715, 0.6095905811188498, 0.6412728525913991, 0.6397707433570241, 0.7976098305198046, 0.7353832367385189, 0.6191054669940705], [1.0171294883959003, 0.8362035939911012, 0.0, 0.2690533375290508, 0.5121667019450272, 0.13679674922179832, 0.262338032888281, 0.6743555871687561, 0.426810776377301, 0.1964845275285545, 0.008062078829516484, 0.5884936163228038, 0.6378022633632714, 0.6684709563930898, 0.7923978929641269, 0.7267980608743493, 0.5965537683847774], [0.6354095588467072, 0.9514761814138468, 0.0, 0.24847976479994638, 0.5368740999313273, 0.13860925846628233, 0.19664117321877228, 0.6702697028101189, 0.434634131753481, 0.22113317811851219, 0.008173410423425675, 0.5920886167450379, 0.6418758330034323, 0.6684138505282523, 0.7904020017697749, 0.7066443787016654, 0.6099366207522167], [0.11139581826451517, 0.8015349148863609, 0.0, 0.2140359883614536, 0.4925856850734417, 0.1380829872201931, 0.18239157329695885, 0.6693307259413488, 0.4350927262337829, 0.1947781760446523, 0.008284682400665488, 0.6134377520181635, 0.6502450571963122, 0.6805442740231805, 0.7862227198698395, 0.7078656349017718, 0.6101970816394158], [0.5194188713936461, 0.9227961763468026, 0.0, 0.3016226882917737, 0.5504854990247519, 0.12357662833230204, 0.3769060239468935, 0.6867025668632218, 0.3655733796688636, 0.19907461137493287, 0.007950687539111767, 0.5999130515179059, 0.6363863939977983, 0.6534076072770276, 0.7683235700267061, 0.7041551510425849, 0.5660639046457717], [0.3653886945022018, 0.9199540826978515, 0.0, 0.27835722680211195, 0.5395756351237928, 0.1259577009705216, 0.2923705364392326, 0.6834697427587186, 0.3527183003064507, 0.20066881992551844, 0.007281081678807366, 0.5941006416268027, 0.6187793878026024, 0.6513867055720295, 0.7618832919611561, 0.6821638715744668, 0.5714912316093137]], "features_2": [[0.5492133065035447, 0.7579878997234233, 0.0, 0.2664295760791878, 0.47839538015182886, 0.14100902923152714, 0.19818411508563755, 0.6664091465574936, 0.4286083077249212, 0.1829841556945624, 0.007727725548673403, 0.594268807372107, 0.6283137716138922, 0.6383930292728283, 0.7883763998739485, 0.707219769892105, 0.6135363269982653], [0.09874490803840308, 0.8048486304684576, 0.0, 0.26213708887787207, 0.49554053196216585, 0.1422476437468956, 0.347628816234522, 0.6681657991946628, 0.4434556991300682, 0.1988311930091371, 0.008562602043175715, 0.6047190914417548, 0.6548854922425781, 0.6839116818726738, 0.7957408417604785, 0.7205987300361635, 0.6214519228723667], [0.26165855544058747, 0.9154692401439445, 0.0, 0.2330191545564502, 0.5192835807430639, 0.14124289554856678, 0.17593783415808062, 0.6649151398540343, 0.43727220507808373, 0.21963792850419694, 0.007894969482732161, 0.6074767855719025, 0.6455123734644475, 0.6758260438595012, 0.7854444435478698, 0.689838705040279, 0.6108505127477823], [0.5033305426929604, 0.8852914135812566, 0.0, 0.2605514902974259, 0.5081899389473288, 0.1423678328145364, 0.13444088615888675, 0.6624018634293081, 0.43448040719641745, 0.21246204439262395, 0.007894969482732161, 0.6059289967348591, 0.6272470788458268, 0.6543079686185416, 0.7866336970232143, 0.6956858517489302, 0.608071500080907], [-0.32462396098448876, 0.8552715108818744, 0.0, 0.23684614809274016, 0.5138841814467962, 0.1367389233041592, 0.2877878947734217, 0.6736546655168326, 0.4204586585578274, 0.20774431602429355, 0.008117752083540042, 0.6312162761580402, 0.6525853432773618, 0.6827392622861926, 0.7890550701835036, 0.7184720049403455, 0.6037876194440545], [0.04233255024784066, 0.9391958927450934, 0.0, 0.22521882829490017, 0.5278165230060924, 0.1397226753429487, 0.20842879939005812, 0.6676836173494194, 0.42604986249017185, 0.22308521950984006, 0.007783488497544067, 0.612126369626615, 0.6472966733741307, 0.6667913358545828, 0.7837797010740736, 0.7090736074637418, 0.6017006246732585], [0.37278755001476016, 0.9137723069914743, 0.0, 0.25424310435099334, 0.5213439464145543, 0.1371601762169174, 0.19900181010432902, 0.6715497670760997, 0.4249973291794209, 0.21498662390119527, 0.007894969482732161, 0.6025157575742863, 0.6456735803845342, 0.6810430330506464, 0.786167836459488, 0.6939140567566419, 0.5883875978594338], [-0.09056721455677863, 0.9315855616121032, 0.0, 0.23859869767539246, 0.5394527282532718, 0.12873613368056738, 0.23446148445110565, 0.6811502292067935, 0.378908794568215, 0.21027221055351974, 0.007671947615560004, 0.6250331724446387, 0.666067477421091, 0.6764757863647944, 0.7753597875891681, 0.7035583690927467, 0.5855711342937423], [-0.17096558928273042, 0.9412179814699853, 0.0, 0.2657929180984279, 0.539721235157171, 0.12957302471170828, 0.25318856309977633, 0.6806330611799876, 0.37774454972418203, 0.21306287218473496, 0.007560346756364078, 0.6140901619170704, 0.6367281094594518, 0.6588889416814372, 0.7760532124646241, 0.6791555135779969, 0.5804606940885652]]}