{"labels_1": ["1", "2", "3", "4", "5", "6", "7", "8", "9"], "labels_2": ["1", "2", "3", "4", "5", "6", "7", "8", "9"], "adj_matrix_1": [[0.0, 0.22334, 0.08823, 0.07626, 0.2706, 0.24845, 0.27195, 0.23767, 0.18136], [0.22334, 0.0, 0.15594, 0.16616, 0.16926, 0.2082, 0.16148, 0.21492, 0.05953], [0.08823, 0.15594, 0.0, 0.01242, 0.25175, 0.24857, 0.25003, 0.2427, 0.10332], [0.07626, 0.16616, 0.01242, 0.0, 0.25531, 0.24927, 0.25404, 0.24263, 0.11482], [0.2706, 0.16926, 0.25175, 0.25531, 0.0, 0.07421, 0.01134, 0.09505, 0.2069], [0.24845, 0.2082, 0.24857, 0.24927, 0.07421, 0.0, 0.08466, 0.02305, 0.23023], [0.27195, 0.16148, 0.25003, 0.25404, 0.01134, 0.08466, 0.0, 0.10492, 0.20125], [0.23767, 0.21492, 0.2427, 0.24263, 0.09505, 0.02305, 0.10492, 0.0, 0.23202], [0.18136, 0.05953, 0.10332, 0.11482, 0.2069, 0.23023, 0.20125, 0.23202, 0.0]], "adj_matrix_2": [[0.0, 0.27989, 0.01221, 0.09961, 0.29456, 0.07398, 0.18369, 0.12238, 0.01875], [0.27989, 0.0, 0.28709, 0.21068, 0.03195, 0.32028, 0.36711, 0.34258, 0.29065], [0.01221, 0.28709, 0.0, 0.11133, 0.30085, 0.06196, 0.17268, 0.11074, 0.00656], [0.09961, 0.21068, 0.11133, 0.0, 0.23271, 0.16926, 0.26691, 0.21311, 0.11753], [0.29456, 0.03195, 0.30085, 0.23271, 0.0, 0.32931, 0.36763, 0.34787, 0.30393], [0.07398, 0.32028, 0.06196, 0.16926, 0.32931, 0.0, 0.11414, 0.04978, 0.05547], [0.18369, 0.36711, 0.17268, 0.26691, 0.36763, 0.11414, 0.0, 0.0653, 0.16666], [0.12238, 0.34258, 0.11074, 0.21311, 0.34787, 0.04978, 0.0653, 0.0, 0.10443], [0.01875, 0.29065, 0.00656, 0.11753, 0.30393, 0.05547, 0.16666, 0.10443, 0.0]], "features_1": [[0.2855113434212315, 0.7149687748091538, 0.0, 0.23409496119393558, 0.4678937179730581, 0.14215010278451928, 0.10193306538510569, 0.6613662276126646, 0.4398850018196361, 0.17668539468290523, 0.007894969482732161, 0.6209828168462512, 0.6289613788005882, 0.6640439919272828, 0.7881281177904473, 0.7208354035556676, 0.6090584301780819], [0.20011621897365206, 0.7592373924579241, 0.0, 0.2828771572997224, 0.4894746770870745, 0.14153144819914795, 0.16998914311882843, 0.6671714074077695, 0.45634886726351964, 0.19043120193655416, 0.00822905385914674, 0.6040349343087459, 0.6592496050316682, 0.6906176377808796, 0.7991744999441451, 0.7117022831021048, 0.6257088822644831], [0.20801783849037703, 0.850587549908589, 0.0, 0.27620282240431787, 0.5127476340695216, 0.14043494778434212, 0.12708929062588012, 0.6649464295714249, 0.42604329993439594, 0.2048748297428078, 0.007671947615560004, 0.6171342016124655, 0.6363804263580856, 0.6550504361560476, 0.7858966477956414, 0.7054058043621931, 0.6126347123237096], [0.3108618660762952, 0.8484960855889954, 0.0, 0.2814088926688408, 0.5094993474339229, 0.1399627053603465, 0.14211552961563215, 0.6651394476083806, 0.420569388253476, 0.20366898838342462, 0.007894969482732161, 0.6162341841443906, 0.6271019307409528, 0.6576511676598994, 0.7852367466193096, 0.7252055771906188, 0.607396850946176], [0.9523040129611529, 0.8386786094569757, 0.0, 0.3622155940145208, 0.5212645966409185, 0.1344847575050701, 0.2342242082832712, 0.6764971138684708, 0.4110710700503175, 0.19706624629074576, 0.007894969482732161, 0.5843585961174902, 0.6335550897009071, 0.6690992140161314, 0.788153642365766, 0.6953347688191227, 0.6155288419897794], [0.7786666004593377, 0.928993186696073, 0.0, 0.31896939739115243, 0.5394796952592551, 0.13693139243131813, 0.20265482559041317, 0.6717535658989187, 0.40985021877609573, 0.21686031047198773, 0.007671947615560004, 0.5869510461646668, 0.6284725130637092, 0.6445320795495223, 0.7850188083207881, 0.7005576367106441, 0.6127167702333417], [0.7113394220595732, 0.8254134640507386, 0.0, 0.3201801964588557, 0.511289689186061, 0.1353647014761793, 0.24073115566616465, 0.6741025649138077, 0.40093088661425047, 0.193580858125467, 0.007783488497544067, 0.591778759890996, 0.6373917487900183, 0.6626393311451154, 0.7857050464251206, 0.693116709835482, 0.6122988031084629], [0.6797420229577997, 0.9806401296760275, 0.0, 0.26807461152939116, 0.5583618236207482, 0.1263577163487169, 0.24785707390101736, 0.6829397358027448, 0.35888600417737715, 0.21462860787741578, 0.007392832833969631, 0.5768428890713511, 0.6376892707425658, 0.6719075543085516, 0.7660172873717244, 0.6893271527223076, 0.5771535293736278], [0.48256670931279055, 0.9645607584021841, 0.0, 0.2576845907242562, 0.5498607131429731, 0.12705392628933038, 0.22141885696268132, 0.6812152624790224, 0.3588262641020046, 0.21258555027106474, 0.007504523810135222, 0.5885706011055976, 0.6272279193446693, 0.6534853875209058, 0.7618879044874833, 0.6834928698977304, 0.5745349347104758]], "features_2": [[-0.1952951640970375, 0.7595963756024647, 0.0, 0.21226315500300977, 0.49019327430581916, 0.13724923167827152, 0.2998512859120616, 0.6760499255069155, 0.4174015617699147, 0.184895373700787, 0.007783488497544067, 0.630017170566856, 0.6671065298460044, 0.6957730647557089, 0.8000256149016151, 0.7130082534275543, 0.6288361307231131], [0.1305761388586424, 0.8780367944522366, 0.0, 0.20621722089466007, 0.5169622731099988, 0.14197038666075207, 0.26657009817272054, 0.6697791383452987, 0.4410471797338369, 0.21426183922821296, 0.007783488497544067, 0.6157472757449396, 0.6669101225229109, 0.6811338080312199, 0.8018899071921857, 0.7444915246918409, 0.6219995538935095], [-0.14806410474879828, 0.8820971427775249, 0.0, 0.22228336559746092, 0.5243421533016942, 0.1372472368511447, 0.2926985365136957, 0.6753355873710265, 0.417523589892421, 0.21065275582814458, 0.008006390651371653, 0.6301550241336216, 0.6852418245930448, 0.7165988415949951, 0.7966642158599736, 0.6950232811425386, 0.6295690420394466], [-0.27437260851649325, 0.840852614332979, 0.0, 0.21067320875407808, 0.512131795028824, 0.1368857025043324, 0.28280198230037995, 0.6754789428050858, 0.4169657224540815, 0.20298778237859638, 0.007894969482732161, 0.6251086394598606, 0.6611830163812987, 0.6977092653035061, 0.7978400551698817, 0.6994796994105884, 0.6271007665417264], [0.0708619245219193, 0.9335992307002337, 0.0, 0.20471331325267306, 0.5308351906838594, 0.1395900735027109, 0.20687629066714663, 0.6709446737149147, 0.4325574796448872, 0.22454089561283563, 0.007894969482732161, 0.6244271625621352, 0.6559273701273151, 0.7071594201169116, 0.7947905979600057, 0.706094207470136, 0.6069727477574292], [-0.3338239119431812, 0.9474834553593174, 0.0, 0.20330112630268135, 0.5366958093408197, 0.13853181328485548, 0.25543471761807124, 0.6727461438645006, 0.431074266433386, 0.22706651168665837, 0.007894969482732161, 0.6372023918307896, 0.6772109349732102, 0.7076342044262954, 0.7945713724860441, 0.6956893706617688, 0.6228173637804579], [-0.46398587054692797, 0.8715467887444435, 0.0, 0.15308997916869632, 0.5194790549008188, 0.13739015356544257, 0.3002680358715786, 0.6756308600631975, 0.4218885318043004, 0.21119997317819394, 0.008006390651371653, 0.6449168316229099, 0.6968853287226968, 0.7288942221085828, 0.7987050302937941, 0.7207964441623602, 0.6120229535060118], [-0.2961285727408183, 1.022402182282066, 0.0, 0.24344581451725955, 0.5624077301926236, 0.13137333898361783, 0.3249318022202381, 0.6813709300790489, 0.3932682818288553, 0.23191620868757346, 0.007616154688146137, 0.6301579789514808, 0.6602351102720374, 0.6765426212395641, 0.7892881844634202, 0.6983192643128927, 0.582860771198256], [-0.16525532797315368, 1.0513093610868625, 0.0, 0.24323075926799825, 0.5735875543841646, 0.12847075455670245, 0.3610632656746041, 0.6841910432294489, 0.3708660010083582, 0.23387173335958455, 0.007671947615560004, 0.6261026240117609, 0.6595479753043838, 0.679978877368518, 0.785596144548595, 0.7008575454982116, 0.5896969603291435]]}