{"labels_1": ["1", "2", "3", "4", "5", "6", "7", "8", "9"], "labels_2": ["1", "2", "3", "4", "5", "6", "7", "8", "9"], "adj_matrix_1": [[0.0, 0.40145, 0.01882, 0.23821, 0.17119, 0.16907, 0.34063, 0.21776, 0.38456], [0.40145, 0.0, 0.40621, 0.29591, 0.33632, 0.33732, 0.19761, 0.30948, 0.08419], [0.01882, 0.40621, 0.0, 0.25446, 0.18874, 0.18668, 0.35319, 0.23449, 0.38629], [0.23821, 0.29591, 0.25446, 0.0, 0.07455, 0.07679, 0.13691, 0.02362, 0.32588], [0.17119, 0.33632, 0.18874, 0.07455, 0.0, 0.00227, 0.20475, 0.05118, 0.35133], [0.16907, 0.33732, 0.18668, 0.07679, 0.00227, 0.0, 0.20671, 0.05344, 0.35191], [0.34063, 0.19761, 0.35319, 0.13691, 0.20475, 0.20671, 0.0, 0.15884, 0.25496], [0.21776, 0.30948, 0.23449, 0.02362, 0.05118, 0.05344, 0.15884, 0.0, 0.33472], [0.38456, 0.08419, 0.38629, 0.32588, 0.35133, 0.35191, 0.25496, 0.33472, 0.0]], "adj_matrix_2": [[0.0, 0.0393, 0.18915, 0.22375, 0.23907, 0.27909, 0.25312, 0.03867, 0.24637], [0.0393, 0.0, 0.21558, 0.19393, 0.2108, 0.25563, 0.22642, 0.07725, 0.25188], [0.18915, 0.21558, 0.0, 0.3016, 0.30595, 0.31484, 0.30947, 0.1599, 0.15335], [0.22375, 0.19393, 0.3016, 0.0, 0.02075, 0.07969, 0.04065, 0.2493, 0.2435], [0.23907, 0.2108, 0.30595, 0.02075, 0.0, 0.05928, 0.01996, 0.26284, 0.24048], [0.27909, 0.25563, 0.31484, 0.07969, 0.05928, 0.0, 0.03948, 0.29772, 0.23057], [0.25312, 0.22642, 0.30947, 0.04065, 0.01996, 0.03948, 0.0, 0.2752, 0.23731], [0.03867, 0.07725, 0.1599, 0.2493, 0.26284, 0.29772, 0.2752, 0.0, 0.23775], [0.24637, 0.25188, 0.15335, 0.2435, 0.24048, 0.23057, 0.23731, 0.23775, 0.0]], "features_1": [[-0.5487290790484414, 0.7381367544945384, 0.0, 0.21902745087359196, 0.4900894962594151, 0.1353711278351461, 0.353139081681892, 0.6794279099036411, 0.41359702775633345, 0.1802847128144971, 0.008062078829516484, 0.6488310649801654, 0.6827957541316653, 0.7046213024695486, 0.8057266369241507, 0.7262316400271502, 0.6036217308317908], [-0.2747296873994127, 0.7891252523000017, 0.0, 0.20668779675018223, 0.4960516286963226, 0.1422192936993304, 0.27054604926087367, 0.6712331460051302, 0.4535384076580704, 0.1988665134679135, 0.007950687539111767, 0.6284649140279068, 0.6793637467779633, 0.7159969649331838, 0.811949692220574, 0.7236293687273717, 0.6171767050219166], [-0.49407176050904056, 0.843758538696558, 0.0, 0.2312908800282877, 0.5163161988973729, 0.13850639105248644, 0.2949668004954781, 0.6753227644192672, 0.4275345450827315, 0.20604150745148408, 0.008062078829516484, 0.6485036721554445, 0.6691485358995412, 0.697922268270381, 0.8063888069920321, 0.7156251728408088, 0.618126031084692], [-0.3919573536783054, 0.8096754158400742, 0.0, 0.22960777324554843, 0.5062036558815888, 0.1370193140504297, 0.30126554830839963, 0.6763976954413142, 0.4232247599550749, 0.197888295586655, 0.007783488497544067, 0.6400537589052149, 0.6714340048255397, 0.6910234933350704, 0.8045649818070866, 0.7135134598652911, 0.6120415664780435], [-0.18506689344062233, 0.7515115735005046, 0.0, 0.2002803522855171, 0.478006702581212, 0.1453372824887863, 0.24503889068624574, 0.6671540501541997, 0.4685665096847267, 0.19329274919951045, 0.008340296057933516, 0.6400164224936602, 0.6896543794856085, 0.7276943602971943, 0.8144458968991269, 0.7488933896782853, 0.6175851115254389], [-0.44624002206800784, 0.8391802626320982, 0.0, 0.230293442205793, 0.5091049169036131, 0.14052624427306715, 0.2608255703901243, 0.6720526038258829, 0.43272380122845866, 0.20686907442461688, 0.008006390651371653, 0.6416155571757542, 0.6691790593658383, 0.6886774900264793, 0.805791764369407, 0.7275289466977072, 0.6139107066481349], [-0.08939003193753159, 0.8503320661116127, 0.0, 0.23258356779346068, 0.5084098925671683, 0.13758689971353255, 0.24155497061129622, 0.67328324702104, 0.41806191058771724, 0.2053940586031131, 0.008006390651371653, 0.6239830238396653, 0.6724104496655876, 0.7036720963762112, 0.795567076655647, 0.7062524025433305, 0.6058611476388435], [-0.20353540055912722, 0.851865041008191, 0.0, 0.19337482413407917, 0.5142749860774163, 0.13496928643288825, 0.3201878202471022, 0.6781377357056582, 0.4011388025604401, 0.20014540351881882, 0.007504523810135222, 0.6305458072387307, 0.6731179881143032, 0.6874083807570139, 0.7966882955810376, 0.7226933193574707, 0.5974290545555098], [0.021534705763430306, 0.8956132418641287, 0.0, 0.1784861674667752, 0.5212038347882592, 0.13534777171533802, 0.2668390259167168, 0.675497264689306, 0.3962266086879491, 0.20990289219611435, 0.007504523810135222, 0.5995244905311345, 0.6554662052411857, 0.6795892513884001, 0.7900599199535954, 0.701705683177725, 0.609581561093723]], "features_2": [[0.017734886406774564, 0.6043690205352161, 0.0, 0.28835811853434595, 0.4338469796536959, 0.1456303671623742, 0.17380842291852971, 0.6615640026470531, 0.48093685825822163, 0.15839833912623136, 0.00822905385914674, 0.6217638223578237, 0.6633206086763277, 0.7029591339653415, 0.8045486452318337, 0.7138198406189267, 0.6310374779186844], [-0.01864657485317034, 0.624638026683451, 0.0, 0.2638506018036618, 0.44374356485551125, 0.14256843744083658, 0.19527069384402368, 0.6670442359691795, 0.47278473225100237, 0.16138207802189686, 0.008173410423425675, 0.6291352586815577, 0.6620397851466998, 0.6922652166632922, 0.8033426339031597, 0.6994067790321986, 0.6321308842134586], [0.3059818088118469, 0.7094703042041725, 0.0, 0.3132621388674435, 0.476051476862171, 0.141098504671216, 0.1867346133360293, 0.6678088144532639, 0.44523261556226656, 0.1771539428518163, 0.00822905385914674, 0.5999786267254508, 0.6691045021069182, 0.7050396411651152, 0.7979226604967522, 0.7204097059897275, 0.6184569545058858], [-0.07761694317184809, 0.65614704576895, 0.0, 0.20752825559961477, 0.45943949272295437, 0.1423234565560619, 0.24781186110126824, 0.6689689912011404, 0.46349395841630314, 0.16720458044548536, 0.00822905385914674, 0.6342607431927867, 0.6828933839578093, 0.7111976780433032, 0.8092409422857899, 0.7139452845914794, 0.6347439250269123], [0.04794852348244261, 0.6018323169613632, 0.0, 0.24014289584566684, 0.44207641180308377, 0.1350558528721638, 0.26054663685493723, 0.6767341699846852, 0.42258159164607334, 0.1450953742098593, 0.008062078829516484, 0.6256904822773333, 0.6605152921606277, 0.6792640085992848, 0.795702285320374, 0.7141659551197732, 0.6196779617826094], [-0.06691418030756147, 0.6869870855388408, 0.0, 0.22060521085934698, 0.47508665771620584, 0.13731531317805087, 0.2384525720241129, 0.6738330548844971, 0.4219132266808807, 0.16743728296655713, 0.007894969482732161, 0.63026330827048, 0.6591798241741212, 0.6867613312766284, 0.7978709406529364, 0.7054464266148994, 0.6170420877195018], [-0.22098803174979764, 0.6518751348571258, 0.0, 0.2128248365283905, 0.45900744193455967, 0.13543885297123634, 0.31526366868104744, 0.6773970967439116, 0.41037822757823017, 0.1586880574453602, 0.007894969482732161, 0.6266648086145659, 0.6796511361834157, 0.7060570998628558, 0.8008503001951777, 0.7167106736835296, 0.6211027388120477], [0.14381251899371295, 0.7602415317744345, 0.0, 0.23448652340820583, 0.4960773678125291, 0.12858520295151407, 0.258644009259806, 0.6819415130204859, 0.355701157300802, 0.17160218484869638, 0.00716927026363523, 0.604672320263627, 0.6378990121756732, 0.6573019289588656, 0.7779353509824911, 0.7110338539502413, 0.5755620139500235], [0.7095381991625578, 0.7808488344394133, 0.0, 0.27501672998154714, 0.49639705617575736, 0.13192602422239902, 0.21326500190835276, 0.6778960354948167, 0.3844095913404175, 0.18036190531603857, 0.007783488497544067, 0.5852436913957089, 0.6370330861546409, 0.6718670868619617, 0.7812007889307829, 0.7018309525662818, 0.5884848998519264]]}