{"labels_1": ["1", "2", "3", "4", "5", "6", "7", "8", "9"], "labels_2": ["1", "2", "3", "4", "5", "6", "7", "8", "9"], "adj_matrix_1": [[0.0, 0.40145, 0.01882, 0.23821, 0.17119, 0.16907, 0.34063, 0.21776, 0.38456], [0.40145, 0.0, 0.40621, 0.29591, 0.33632, 0.33732, 0.19761, 0.30948, 0.08419], [0.01882, 0.40621, 0.0, 0.25446, 0.18874, 0.18668, 0.35319, 0.23449, 0.38629], [0.23821, 0.29591, 0.25446, 0.0, 0.07455, 0.07679, 0.13691, 0.02362, 0.32588], [0.17119, 0.33632, 0.18874, 0.07455, 0.0, 0.00227, 0.20475, 0.05118, 0.35133], [0.16907, 0.33732, 0.18668, 0.07679, 0.00227, 0.0, 0.20671, 0.05344, 0.35191], [0.34063, 0.19761, 0.35319, 0.13691, 0.20475, 0.20671, 0.0, 0.15884, 0.25496], [0.21776, 0.30948, 0.23449, 0.02362, 0.05118, 0.05344, 0.15884, 0.0, 0.33472], [0.38456, 0.08419, 0.38629, 0.32588, 0.35133, 0.35191, 0.25496, 0.33472, 0.0]], "adj_matrix_2": [[0.0, 0.01963, 0.11025, 0.05541, 0.11792, 0.11285, 0.01024, 0.13081, 0.04641], [0.01963, 0.0, 0.12869, 0.07469, 0.1362, 0.13124, 0.02985, 0.14881, 0.06578], [0.11025, 0.12869, 0.0, 0.05628, 0.00807, 0.00275, 0.10052, 0.02183, 0.06524], [0.05541, 0.07469, 0.05628, 0.0, 0.06424, 0.05899, 0.04529, 0.07775, 0.00909], [0.11792, 0.1362, 0.00807, 0.06424, 0.0, 0.00532, 0.10825, 0.01377, 0.07316], [0.11285, 0.13124, 0.00275, 0.05899, 0.00532, 0.0, 0.10315, 0.01909, 0.06794], [0.01024, 0.02985, 0.10052, 0.04529, 0.10825, 0.10315, 0.0, 0.1213, 0.03626], [0.13081, 0.14881, 0.02183, 0.07775, 0.01377, 0.01909, 0.1213, 0.0, 0.08661], [0.04641, 0.06578, 0.06524, 0.00909, 0.07316, 0.06794, 0.03626, 0.08661, 0.0]], "features_1": [[-0.5487290790484414, 0.7381367544945384, 0.0, 0.21902745087359196, 0.4900894962594151, 0.1353711278351461, 0.353139081681892, 0.6794279099036411, 0.41359702775633345, 0.1802847128144971, 0.008062078829516484, 0.6488310649801654, 0.6827957541316653, 0.7046213024695486, 0.8057266369241507, 0.7262316400271502, 0.6036217308317908], [-0.2747296873994127, 0.7891252523000017, 0.0, 0.20668779675018223, 0.4960516286963226, 0.1422192936993304, 0.27054604926087367, 0.6712331460051302, 0.4535384076580704, 0.1988665134679135, 0.007950687539111767, 0.6284649140279068, 0.6793637467779633, 0.7159969649331838, 0.811949692220574, 0.7236293687273717, 0.6171767050219166], [-0.49407176050904056, 0.843758538696558, 0.0, 0.2312908800282877, 0.5163161988973729, 0.13850639105248644, 0.2949668004954781, 0.6753227644192672, 0.4275345450827315, 0.20604150745148408, 0.008062078829516484, 0.6485036721554445, 0.6691485358995412, 0.697922268270381, 0.8063888069920321, 0.7156251728408088, 0.618126031084692], [-0.3919573536783054, 0.8096754158400742, 0.0, 0.22960777324554843, 0.5062036558815888, 0.1370193140504297, 0.30126554830839963, 0.6763976954413142, 0.4232247599550749, 0.197888295586655, 0.007783488497544067, 0.6400537589052149, 0.6714340048255397, 0.6910234933350704, 0.8045649818070866, 0.7135134598652911, 0.6120415664780435], [-0.18506689344062233, 0.7515115735005046, 0.0, 0.2002803522855171, 0.478006702581212, 0.1453372824887863, 0.24503889068624574, 0.6671540501541997, 0.4685665096847267, 0.19329274919951045, 0.008340296057933516, 0.6400164224936602, 0.6896543794856085, 0.7276943602971943, 0.8144458968991269, 0.7488933896782853, 0.6175851115254389], [-0.44624002206800784, 0.8391802626320982, 0.0, 0.230293442205793, 0.5091049169036131, 0.14052624427306715, 0.2608255703901243, 0.6720526038258829, 0.43272380122845866, 0.20686907442461688, 0.008006390651371653, 0.6416155571757542, 0.6691790593658383, 0.6886774900264793, 0.805791764369407, 0.7275289466977072, 0.6139107066481349], [-0.08939003193753159, 0.8503320661116127, 0.0, 0.23258356779346068, 0.5084098925671683, 0.13758689971353255, 0.24155497061129622, 0.67328324702104, 0.41806191058771724, 0.2053940586031131, 0.008006390651371653, 0.6239830238396653, 0.6724104496655876, 0.7036720963762112, 0.795567076655647, 0.7062524025433305, 0.6058611476388435], [-0.20353540055912722, 0.851865041008191, 0.0, 0.19337482413407917, 0.5142749860774163, 0.13496928643288825, 0.3201878202471022, 0.6781377357056582, 0.4011388025604401, 0.20014540351881882, 0.007504523810135222, 0.6305458072387307, 0.6731179881143032, 0.6874083807570139, 0.7966882955810376, 0.7226933193574707, 0.5974290545555098], [0.021534705763430306, 0.8956132418641287, 0.0, 0.1784861674667752, 0.5212038347882592, 0.13534777171533802, 0.2668390259167168, 0.675497264689306, 0.3962266086879491, 0.20990289219611435, 0.007504523810135222, 0.5995244905311345, 0.6554662052411857, 0.6795892513884001, 0.7900599199535954, 0.701705683177725, 0.609581561093723]], "features_2": [[0.30459091584619236, 0.7907279729070629, 0.0, 0.2372318217313772, 0.48522860195531703, 0.14056390196137047, 0.1347358566236508, 0.6652108955422791, 0.44334774566680824, 0.19334107923932975, 0.008451478759474051, 0.6197649580542146, 0.6488300688859113, 0.6801659453637281, 0.7891947536841497, 0.7143061712693711, 0.6059776518327028], [0.33819811037488057, 0.891446668989126, 0.0, 0.22878750690174382, 0.5140955561163495, 0.14052613867261982, 0.14481619972061566, 0.6659228471369624, 0.4545367079747986, 0.2177041640043984, 0.00822905385914674, 0.6174703203424095, 0.6337222475437018, 0.6715247165467796, 0.7896671045431277, 0.7101926084092179, 0.6120965894006707], [0.21758039571043364, 0.9429572461540039, 0.0, 0.2179656612463184, 0.5300408942391994, 0.1365788192581823, 0.14862207650744352, 0.670214804021138, 0.4203207934781097, 0.22077524063242726, 0.008117752083540042, 0.6205545743582728, 0.6558480957172553, 0.6700897382861203, 0.7805440215172399, 0.6953128678285165, 0.5985583855267131], [0.2385381386316774, 0.9071142006255848, 0.0, 0.22529424805711076, 0.5188911635912903, 0.1395404284482435, 0.14959379858662913, 0.6667051259559656, 0.4277052235259311, 0.21596192503604716, 0.007671947615560004, 0.622196075880074, 0.6437253372746058, 0.6699934211584414, 0.7872998743268304, 0.7106417346112486, 0.6089989703091546], [0.148894381253887, 0.9051671417880255, 0.0, 0.1925634156273141, 0.5216043043681496, 0.14031397830698109, 0.17392369801656002, 0.6684348923753677, 0.44302031687293986, 0.21957490171878713, 0.008117752083540042, 0.6306366819406621, 0.6652220630215453, 0.6755197929494192, 0.7931464260145865, 0.7207101450125948, 0.61942704308226], [0.1424807060386568, 0.9801891643816827, 0.0, 0.2149540949890518, 0.5446939654936219, 0.13543135709775075, 0.20190627767924738, 0.6735362669999079, 0.40674717013974515, 0.22718254760876988, 0.007950687539111767, 0.6267517833713319, 0.6332713009158247, 0.6524979532206381, 0.7833921199416118, 0.701450622629861, 0.6088610510158544], [0.18508282639185047, 0.9121638471307423, 0.0, 0.190908058550822, 0.517794359745841, 0.14304968491387526, 0.3316419248603779, 0.6642441956523306, 0.44599503083384806, 0.22005411058192648, 0.008284682400665488, 0.6180616418294735, 0.632609100914481, 0.6642138178529146, 0.7873562618543072, 0.7296476533875156, 0.615451653105464], [-0.04812242545822798, 0.9822978555426544, 0.0, 0.19099574225119195, 0.5549668174298138, 0.12904930330029293, 0.27636477397266435, 0.68209433631703, 0.37102419171668233, 0.22064378294088338, 0.007392832833969631, 0.6156119451144728, 0.6560026773524363, 0.6869768055165606, 0.7796583835762643, 0.6940268169462108, 0.5929800422131296], [-0.10559869846409864, 0.9975886083612855, 0.0, 0.19262270007763266, 0.5523832147909397, 0.13321370507417213, 0.34484751933502833, 0.6780853443571783, 0.38183026986785373, 0.2284467038507083, 0.007448685839370306, 0.6210949571870832, 0.6571179825835695, 0.6701242961918691, 0.7802119134119464, 0.713590541093992, 0.5945022977036107]]}