{"labels_1": ["1", "2", "3", "4", "5", "6", "7", "8", "9"], "labels_2": ["1", "2", "3", "4", "5", "6", "7", "8", "9"], "adj_matrix_1": [[0.0, 0.40145, 0.01882, 0.23821, 0.17119, 0.16907, 0.34063, 0.21776, 0.38456], [0.40145, 0.0, 0.40621, 0.29591, 0.33632, 0.33732, 0.19761, 0.30948, 0.08419], [0.01882, 0.40621, 0.0, 0.25446, 0.18874, 0.18668, 0.35319, 0.23449, 0.38629], [0.23821, 0.29591, 0.25446, 0.0, 0.07455, 0.07679, 0.13691, 0.02362, 0.32588], [0.17119, 0.33632, 0.18874, 0.07455, 0.0, 0.00227, 0.20475, 0.05118, 0.35133], [0.16907, 0.33732, 0.18668, 0.07679, 0.00227, 0.0, 0.20671, 0.05344, 0.35191], [0.34063, 0.19761, 0.35319, 0.13691, 0.20475, 0.20671, 0.0, 0.15884, 0.25496], [0.21776, 0.30948, 0.23449, 0.02362, 0.05118, 0.05344, 0.15884, 0.0, 0.33472], [0.38456, 0.08419, 0.38629, 0.32588, 0.35133, 0.35191, 0.25496, 0.33472, 0.0]], "adj_matrix_2": [[0.0, 0.12123, 0.25656, 0.10628, 0.26734, 0.16954, 0.04986, 0.2548, 0.08309], [0.12123, 0.0, 0.18305, 0.01618, 0.23552, 0.19663, 0.0739, 0.32124, 0.19372], [0.25656, 0.18305, 0.0, 0.19449, 0.10404, 0.20437, 0.23112, 0.31588, 0.28762], [0.10628, 0.01618, 0.19449, 0.0, 0.24145, 0.19349, 0.05814, 0.31535, 0.18092], [0.26734, 0.23552, 0.10404, 0.24145, 0.0, 0.16806, 0.25835, 0.25646, 0.27275], [0.16954, 0.19663, 0.20437, 0.19349, 0.16806, 0.0, 0.18111, 0.10696, 0.14934], [0.04986, 0.0739, 0.23112, 0.05814, 0.25835, 0.18111, 0.0, 0.28686, 0.13029], [0.2548, 0.32124, 0.31588, 0.31535, 0.25646, 0.10696, 0.28686, 0.0, 0.18863], [0.08309, 0.19372, 0.28762, 0.18092, 0.27275, 0.14934, 0.13029, 0.18863, 0.0]], "features_1": [[-0.5487290790484414, 0.7381367544945384, 0.0, 0.21902745087359196, 0.4900894962594151, 0.1353711278351461, 0.353139081681892, 0.6794279099036411, 0.41359702775633345, 0.1802847128144971, 0.008062078829516484, 0.6488310649801654, 0.6827957541316653, 0.7046213024695486, 0.8057266369241507, 0.7262316400271502, 0.6036217308317908], [-0.2747296873994127, 0.7891252523000017, 0.0, 0.20668779675018223, 0.4960516286963226, 0.1422192936993304, 0.27054604926087367, 0.6712331460051302, 0.4535384076580704, 0.1988665134679135, 0.007950687539111767, 0.6284649140279068, 0.6793637467779633, 0.7159969649331838, 0.811949692220574, 0.7236293687273717, 0.6171767050219166], [-0.49407176050904056, 0.843758538696558, 0.0, 0.2312908800282877, 0.5163161988973729, 0.13850639105248644, 0.2949668004954781, 0.6753227644192672, 0.4275345450827315, 0.20604150745148408, 0.008062078829516484, 0.6485036721554445, 0.6691485358995412, 0.697922268270381, 0.8063888069920321, 0.7156251728408088, 0.618126031084692], [-0.3919573536783054, 0.8096754158400742, 0.0, 0.22960777324554843, 0.5062036558815888, 0.1370193140504297, 0.30126554830839963, 0.6763976954413142, 0.4232247599550749, 0.197888295586655, 0.007783488497544067, 0.6400537589052149, 0.6714340048255397, 0.6910234933350704, 0.8045649818070866, 0.7135134598652911, 0.6120415664780435], [-0.18506689344062233, 0.7515115735005046, 0.0, 0.2002803522855171, 0.478006702581212, 0.1453372824887863, 0.24503889068624574, 0.6671540501541997, 0.4685665096847267, 0.19329274919951045, 0.008340296057933516, 0.6400164224936602, 0.6896543794856085, 0.7276943602971943, 0.8144458968991269, 0.7488933896782853, 0.6175851115254389], [-0.44624002206800784, 0.8391802626320982, 0.0, 0.230293442205793, 0.5091049169036131, 0.14052624427306715, 0.2608255703901243, 0.6720526038258829, 0.43272380122845866, 0.20686907442461688, 0.008006390651371653, 0.6416155571757542, 0.6691790593658383, 0.6886774900264793, 0.805791764369407, 0.7275289466977072, 0.6139107066481349], [-0.08939003193753159, 0.8503320661116127, 0.0, 0.23258356779346068, 0.5084098925671683, 0.13758689971353255, 0.24155497061129622, 0.67328324702104, 0.41806191058771724, 0.2053940586031131, 0.008006390651371653, 0.6239830238396653, 0.6724104496655876, 0.7036720963762112, 0.795567076655647, 0.7062524025433305, 0.6058611476388435], [-0.20353540055912722, 0.851865041008191, 0.0, 0.19337482413407917, 0.5142749860774163, 0.13496928643288825, 0.3201878202471022, 0.6781377357056582, 0.4011388025604401, 0.20014540351881882, 0.007504523810135222, 0.6305458072387307, 0.6731179881143032, 0.6874083807570139, 0.7966882955810376, 0.7226933193574707, 0.5974290545555098], [0.021534705763430306, 0.8956132418641287, 0.0, 0.1784861674667752, 0.5212038347882592, 0.13534777171533802, 0.2668390259167168, 0.675497264689306, 0.3962266086879491, 0.20990289219611435, 0.007504523810135222, 0.5995244905311345, 0.6554662052411857, 0.6795892513884001, 0.7900599199535954, 0.701705683177725, 0.609581561093723]], "features_2": [[0.4749531600112915, 0.8085625310601599, 0.0, 0.309524004114284, 0.5045448463242933, 0.13763555850079606, 0.28074294770370967, 0.6748028343272712, 0.43509787654890353, 0.1935705757369266, 0.00783923647221818, 0.6087256257278948, 0.6440687002795256, 0.6689370887402261, 0.8003170879754008, 0.7347152389216042, 0.6161006584197238], [0.24230500564162538, 0.7995457650959986, 0.0, 0.261439191637507, 0.4973087682495778, 0.14253032846313154, 0.22565855540610258, 0.6679627110784296, 0.4479117423443111, 0.19729002963000042, 0.00783923647221818, 0.611814940414467, 0.6503468393937752, 0.6809379995845714, 0.8062707627060535, 0.723506510386626, 0.6369101627943143], [0.8114522956327508, 0.9073995463262907, 0.0, 0.3127052023007096, 0.5321297764994798, 0.13914793794767746, 0.26959397531567647, 0.6732796487879353, 0.4460889919301212, 0.21363629773686754, 0.007950687539111767, 0.5950299659882194, 0.6581249364953436, 0.6956099326974381, 0.8020804453654048, 0.7303908228917446, 0.6323231162274987], [0.3900856800492294, 0.882807193841884, 0.0, 0.29602845820150936, 0.5218811260601028, 0.14150559828386705, 0.28395940823809696, 0.6705050716678063, 0.4579981934858375, 0.2143299817461981, 0.008173410423425675, 0.6102553833344908, 0.664883718719279, 0.6988290140273763, 0.8043870121927875, 0.7239726690429039, 0.6276187872330891], [0.3240299750731723, 0.7884240167576029, 0.0, 0.2399344281801691, 0.4967531394715885, 0.14274860797434663, 0.26614916518961207, 0.6698500000834466, 0.4527191674236457, 0.19458188608957938, 0.008284682400665488, 0.6002558023042037, 0.669152062506206, 0.6972714646573176, 0.8102711351107367, 0.7273409842274668, 0.6448205123512641], [1.1645765841621332, 0.891595908697318, 0.0, 0.30003885749048603, 0.5267633026602316, 0.14240436320362082, 0.25593566713041727, 0.6695881421523264, 0.46497686649663295, 0.2130893043020925, 0.008840150818991033, 0.5835982927007886, 0.6528931990853443, 0.6829488602663739, 0.8060367821725954, 0.7276045743662196, 0.6445964572598261], [0.14600303948496673, 0.8663038916652552, 0.0, 0.20312518332482277, 0.5132147906511986, 0.14422035206528874, 0.275397036362002, 0.6659300145794573, 0.46009770066414735, 0.21446916212951006, 0.00783923647221818, 0.6122496373538584, 0.647196889103741, 0.6887818986860915, 0.8020010776462343, 0.7133987816912529, 0.6208648819862007], [-0.3530504609124212, 0.860979497957559, 0.0, 0.21577148429252008, 0.5217863189708831, 0.13339242069840457, 0.23545718614282904, 0.6774983515136481, 0.38209126657282355, 0.20175511991770834, 0.007504523810135222, 0.628213329056748, 0.6520652935834163, 0.6696166831497513, 0.7873935318811313, 0.7099740403763327, 0.6107951052499825], [-0.09441890840345568, 0.9062484575715497, 0.0, 0.2304594722979583, 0.5217479571843132, 0.13831515830597158, 0.16260385393347718, 0.668360347878655, 0.3957845663335535, 0.21597236557678268, 0.007504523810135222, 0.6166754410184077, 0.6404668973439976, 0.6669969129255817, 0.7844080960240603, 0.6901848006941825, 0.605072675113363]]}