{"labels_1": ["1", "2", "3", "4", "5", "6", "7", "8", "9"], "labels_2": ["1", "2", "3", "4", "5", "6", "7", "8", "9"], "adj_matrix_1": [[0.0, 0.40145, 0.01882, 0.23821, 0.17119, 0.16907, 0.34063, 0.21776, 0.38456], [0.40145, 0.0, 0.40621, 0.29591, 0.33632, 0.33732, 0.19761, 0.30948, 0.08419], [0.01882, 0.40621, 0.0, 0.25446, 0.18874, 0.18668, 0.35319, 0.23449, 0.38629], [0.23821, 0.29591, 0.25446, 0.0, 0.07455, 0.07679, 0.13691, 0.02362, 0.32588], [0.17119, 0.33632, 0.18874, 0.07455, 0.0, 0.00227, 0.20475, 0.05118, 0.35133], [0.16907, 0.33732, 0.18668, 0.07679, 0.00227, 0.0, 0.20671, 0.05344, 0.35191], [0.34063, 0.19761, 0.35319, 0.13691, 0.20475, 0.20671, 0.0, 0.15884, 0.25496], [0.21776, 0.30948, 0.23449, 0.02362, 0.05118, 0.05344, 0.15884, 0.0, 0.33472], [0.38456, 0.08419, 0.38629, 0.32588, 0.35133, 0.35191, 0.25496, 0.33472, 0.0]], "adj_matrix_2": [[0.0, 0.01719, 0.104, 0.01908, 0.09973, 0.1058, 0.28247, 0.24656, 0.28456], [0.01719, 0.0, 0.08739, 0.03622, 0.11608, 0.08922, 0.29008, 0.25766, 0.28512], [0.104, 0.08739, 0.0, 0.12217, 0.19544, 0.00188, 0.3215, 0.30658, 0.28311], [0.01908, 0.03622, 0.12217, 0.0, 0.08132, 0.12395, 0.27328, 0.23366, 0.28343], [0.09973, 0.11608, 0.19544, 0.08132, 0.0, 0.19703, 0.22595, 0.17105, 0.2724], [0.1058, 0.08922, 0.00188, 0.12395, 0.19703, 0.0, 0.32198, 0.30747, 0.28296], [0.28247, 0.29008, 0.3215, 0.27328, 0.22595, 0.32198, 0.0, 0.07657, 0.14575], [0.24656, 0.25766, 0.30658, 0.23366, 0.17105, 0.30747, 0.07657, 0.0, 0.20029], [0.28456, 0.28512, 0.28311, 0.28343, 0.2724, 0.28296, 0.14575, 0.20029, 0.0]], "features_1": [[-0.5487290790484414, 0.7381367544945384, 0.0, 0.21902745087359196, 0.4900894962594151, 0.1353711278351461, 0.353139081681892, 0.6794279099036411, 0.41359702775633345, 0.1802847128144971, 0.008062078829516484, 0.6488310649801654, 0.6827957541316653, 0.7046213024695486, 0.8057266369241507, 0.7262316400271502, 0.6036217308317908], [-0.2747296873994127, 0.7891252523000017, 0.0, 0.20668779675018223, 0.4960516286963226, 0.1422192936993304, 0.27054604926087367, 0.6712331460051302, 0.4535384076580704, 0.1988665134679135, 0.007950687539111767, 0.6284649140279068, 0.6793637467779633, 0.7159969649331838, 0.811949692220574, 0.7236293687273717, 0.6171767050219166], [-0.49407176050904056, 0.843758538696558, 0.0, 0.2312908800282877, 0.5163161988973729, 0.13850639105248644, 0.2949668004954781, 0.6753227644192672, 0.4275345450827315, 0.20604150745148408, 0.008062078829516484, 0.6485036721554445, 0.6691485358995412, 0.697922268270381, 0.8063888069920321, 0.7156251728408088, 0.618126031084692], [-0.3919573536783054, 0.8096754158400742, 0.0, 0.22960777324554843, 0.5062036558815888, 0.1370193140504297, 0.30126554830839963, 0.6763976954413142, 0.4232247599550749, 0.197888295586655, 0.007783488497544067, 0.6400537589052149, 0.6714340048255397, 0.6910234933350704, 0.8045649818070866, 0.7135134598652911, 0.6120415664780435], [-0.18506689344062233, 0.7515115735005046, 0.0, 0.2002803522855171, 0.478006702581212, 0.1453372824887863, 0.24503889068624574, 0.6671540501541997, 0.4685665096847267, 0.19329274919951045, 0.008340296057933516, 0.6400164224936602, 0.6896543794856085, 0.7276943602971943, 0.8144458968991269, 0.7488933896782853, 0.6175851115254389], [-0.44624002206800784, 0.8391802626320982, 0.0, 0.230293442205793, 0.5091049169036131, 0.14052624427306715, 0.2608255703901243, 0.6720526038258829, 0.43272380122845866, 0.20686907442461688, 0.008006390651371653, 0.6416155571757542, 0.6691790593658383, 0.6886774900264793, 0.805791764369407, 0.7275289466977072, 0.6139107066481349], [-0.08939003193753159, 0.8503320661116127, 0.0, 0.23258356779346068, 0.5084098925671683, 0.13758689971353255, 0.24155497061129622, 0.67328324702104, 0.41806191058771724, 0.2053940586031131, 0.008006390651371653, 0.6239830238396653, 0.6724104496655876, 0.7036720963762112, 0.795567076655647, 0.7062524025433305, 0.6058611476388435], [-0.20353540055912722, 0.851865041008191, 0.0, 0.19337482413407917, 0.5142749860774163, 0.13496928643288825, 0.3201878202471022, 0.6781377357056582, 0.4011388025604401, 0.20014540351881882, 0.007504523810135222, 0.6305458072387307, 0.6731179881143032, 0.6874083807570139, 0.7966882955810376, 0.7226933193574707, 0.5974290545555098], [0.021534705763430306, 0.8956132418641287, 0.0, 0.1784861674667752, 0.5212038347882592, 0.13534777171533802, 0.2668390259167168, 0.675497264689306, 0.3962266086879491, 0.20990289219611435, 0.007504523810135222, 0.5995244905311345, 0.6554662052411857, 0.6795892513884001, 0.7900599199535954, 0.701705683177725, 0.609581561093723]], "features_2": [[0.047283401594695906, 0.654585896882069, 0.0, 0.21986152687266033, 0.4595183917648342, 0.1354320938403553, 0.33034762098177806, 0.6788885766442542, 0.41441174096505184, 0.15722063055695745, 0.007783488497544067, 0.6196638072354759, 0.6708167800685572, 0.6977771246730163, 0.803479573636017, 0.7285994806945051, 0.6218439227995315], [0.008215280019383542, 0.7407803261474806, 0.0, 0.2691230645657179, 0.4860311519689281, 0.13568661840180918, 0.3233470721662222, 0.6782297120987275, 0.42457333811053655, 0.17939629339381824, 0.007616154688146137, 0.6192039179798297, 0.6723025733646812, 0.698370895840485, 0.8024569660635409, 0.7383793498386, 0.6165230357604112], [-0.09529757898104751, 0.7667131984047872, 0.0, 0.25914536405798355, 0.49513388508571277, 0.13502996426979638, 0.3253989772744433, 0.6789765539456772, 0.4031690626354667, 0.18236851354241246, 0.007727725548673403, 0.6252953038343609, 0.6842265989226473, 0.700095635001322, 0.8015558481983134, 0.7368821018903827, 0.621162416610214], [-0.0292152055953947, 0.6928295615743431, 0.0, 0.23811837714455603, 0.4744227031159664, 0.13555779916314528, 0.3816537256049813, 0.6801379146774366, 0.4137545074630198, 0.16616821842643903, 0.008062078829516484, 0.6201942370717726, 0.6813817439289854, 0.708985851368742, 0.8096012706274238, 0.74145205723382, 0.6310550462428828], [-0.13309011209973187, 0.7363714164118383, 0.0, 0.23140380269610103, 0.4885224315169484, 0.13192200001990956, 0.33123745784908676, 0.6814210683835634, 0.3931155571600726, 0.17328590729398918, 0.007616154688146137, 0.6273289511667393, 0.6778439430990318, 0.6943874300743232, 0.7945837019115206, 0.7295134259211595, 0.593800330998994], [-0.24163530847097725, 0.7904316308931427, 0.0, 0.27259386864428337, 0.5066654980655255, 0.13131207389381275, 0.34799642164887884, 0.6821755069731341, 0.3860781527492614, 0.1846054949947804, 0.007392832833969631, 0.6271831270778416, 0.6756927058022488, 0.707075664703466, 0.7946504740189027, 0.711940058412521, 0.6116222325577361], [0.6733179967030476, 0.6790851158396116, 0.0, 0.29552524712367134, 0.47275799795508167, 0.13209417817854527, 0.40952928537560923, 0.6829802475929871, 0.409868007876115, 0.15795713181862459, 0.008173410423425675, 0.5940023235362537, 0.6690051621845807, 0.6975367279605452, 0.8028330220410156, 0.7360959587233817, 0.608519714883074], [0.6617133519969256, 0.8272295745999807, 0.0, 0.30117683352307234, 0.5215511393197493, 0.12457371850368537, 0.29437375434351265, 0.6862830558430784, 0.3567103072139133, 0.18087100038559734, 0.007448685839370306, 0.5910524002557409, 0.6313030451893963, 0.6532680573296383, 0.7722703704663139, 0.7150887024100653, 0.5835751869053365], [1.2008852148200928, 0.8420712856141496, 0.0, 0.3178359205080987, 0.5202502255691996, 0.12819595588309812, 0.2761822504488777, 0.6829132002737719, 0.37339923905060357, 0.18602181238155446, 0.007616154688146137, 0.5791020690573871, 0.6320855008732925, 0.6473781787028948, 0.7785539259247096, 0.7185778071060738, 0.5851941335843994]]}