{"labels_1": ["1", "2", "3", "4", "5", "6", "7", "8", "9"], "labels_2": ["1", "2", "3", "4", "5", "6", "7", "8", "9"], "adj_matrix_1": [[0.0, 0.40145, 0.01882, 0.23821, 0.17119, 0.16907, 0.34063, 0.21776, 0.38456], [0.40145, 0.0, 0.40621, 0.29591, 0.33632, 0.33732, 0.19761, 0.30948, 0.08419], [0.01882, 0.40621, 0.0, 0.25446, 0.18874, 0.18668, 0.35319, 0.23449, 0.38629], [0.23821, 0.29591, 0.25446, 0.0, 0.07455, 0.07679, 0.13691, 0.02362, 0.32588], [0.17119, 0.33632, 0.18874, 0.07455, 0.0, 0.00227, 0.20475, 0.05118, 0.35133], [0.16907, 0.33732, 0.18668, 0.07679, 0.00227, 0.0, 0.20671, 0.05344, 0.35191], [0.34063, 0.19761, 0.35319, 0.13691, 0.20475, 0.20671, 0.0, 0.15884, 0.25496], [0.21776, 0.30948, 0.23449, 0.02362, 0.05118, 0.05344, 0.15884, 0.0, 0.33472], [0.38456, 0.08419, 0.38629, 0.32588, 0.35133, 0.35191, 0.25496, 0.33472, 0.0]], "adj_matrix_2": [[0.0, 0.27989, 0.01221, 0.09961, 0.29456, 0.07398, 0.18369, 0.12238, 0.01875], [0.27989, 0.0, 0.28709, 0.21068, 0.03195, 0.32028, 0.36711, 0.34258, 0.29065], [0.01221, 0.28709, 0.0, 0.11133, 0.30085, 0.06196, 0.17268, 0.11074, 0.00656], [0.09961, 0.21068, 0.11133, 0.0, 0.23271, 0.16926, 0.26691, 0.21311, 0.11753], [0.29456, 0.03195, 0.30085, 0.23271, 0.0, 0.32931, 0.36763, 0.34787, 0.30393], [0.07398, 0.32028, 0.06196, 0.16926, 0.32931, 0.0, 0.11414, 0.04978, 0.05547], [0.18369, 0.36711, 0.17268, 0.26691, 0.36763, 0.11414, 0.0, 0.0653, 0.16666], [0.12238, 0.34258, 0.11074, 0.21311, 0.34787, 0.04978, 0.0653, 0.0, 0.10443], [0.01875, 0.29065, 0.00656, 0.11753, 0.30393, 0.05547, 0.16666, 0.10443, 0.0]], "features_1": [[-0.5487290790484414, 0.7381367544945384, 0.0, 0.21902745087359196, 0.4900894962594151, 0.1353711278351461, 0.353139081681892, 0.6794279099036411, 0.41359702775633345, 0.1802847128144971, 0.008062078829516484, 0.6488310649801654, 0.6827957541316653, 0.7046213024695486, 0.8057266369241507, 0.7262316400271502, 0.6036217308317908], [-0.2747296873994127, 0.7891252523000017, 0.0, 0.20668779675018223, 0.4960516286963226, 0.1422192936993304, 0.27054604926087367, 0.6712331460051302, 0.4535384076580704, 0.1988665134679135, 0.007950687539111767, 0.6284649140279068, 0.6793637467779633, 0.7159969649331838, 0.811949692220574, 0.7236293687273717, 0.6171767050219166], [-0.49407176050904056, 0.843758538696558, 0.0, 0.2312908800282877, 0.5163161988973729, 0.13850639105248644, 0.2949668004954781, 0.6753227644192672, 0.4275345450827315, 0.20604150745148408, 0.008062078829516484, 0.6485036721554445, 0.6691485358995412, 0.697922268270381, 0.8063888069920321, 0.7156251728408088, 0.618126031084692], [-0.3919573536783054, 0.8096754158400742, 0.0, 0.22960777324554843, 0.5062036558815888, 0.1370193140504297, 0.30126554830839963, 0.6763976954413142, 0.4232247599550749, 0.197888295586655, 0.007783488497544067, 0.6400537589052149, 0.6714340048255397, 0.6910234933350704, 0.8045649818070866, 0.7135134598652911, 0.6120415664780435], [-0.18506689344062233, 0.7515115735005046, 0.0, 0.2002803522855171, 0.478006702581212, 0.1453372824887863, 0.24503889068624574, 0.6671540501541997, 0.4685665096847267, 0.19329274919951045, 0.008340296057933516, 0.6400164224936602, 0.6896543794856085, 0.7276943602971943, 0.8144458968991269, 0.7488933896782853, 0.6175851115254389], [-0.44624002206800784, 0.8391802626320982, 0.0, 0.230293442205793, 0.5091049169036131, 0.14052624427306715, 0.2608255703901243, 0.6720526038258829, 0.43272380122845866, 0.20686907442461688, 0.008006390651371653, 0.6416155571757542, 0.6691790593658383, 0.6886774900264793, 0.805791764369407, 0.7275289466977072, 0.6139107066481349], [-0.08939003193753159, 0.8503320661116127, 0.0, 0.23258356779346068, 0.5084098925671683, 0.13758689971353255, 0.24155497061129622, 0.67328324702104, 0.41806191058771724, 0.2053940586031131, 0.008006390651371653, 0.6239830238396653, 0.6724104496655876, 0.7036720963762112, 0.795567076655647, 0.7062524025433305, 0.6058611476388435], [-0.20353540055912722, 0.851865041008191, 0.0, 0.19337482413407917, 0.5142749860774163, 0.13496928643288825, 0.3201878202471022, 0.6781377357056582, 0.4011388025604401, 0.20014540351881882, 0.007504523810135222, 0.6305458072387307, 0.6731179881143032, 0.6874083807570139, 0.7966882955810376, 0.7226933193574707, 0.5974290545555098], [0.021534705763430306, 0.8956132418641287, 0.0, 0.1784861674667752, 0.5212038347882592, 0.13534777171533802, 0.2668390259167168, 0.675497264689306, 0.3962266086879491, 0.20990289219611435, 0.007504523810135222, 0.5995244905311345, 0.6554662052411857, 0.6795892513884001, 0.7900599199535954, 0.701705683177725, 0.609581561093723]], "features_2": [[-0.1952951640970375, 0.7595963756024647, 0.0, 0.21226315500300977, 0.49019327430581916, 0.13724923167827152, 0.2998512859120616, 0.6760499255069155, 0.4174015617699147, 0.184895373700787, 0.007783488497544067, 0.630017170566856, 0.6671065298460044, 0.6957730647557089, 0.8000256149016151, 0.7130082534275543, 0.6288361307231131], [0.1305761388586424, 0.8780367944522366, 0.0, 0.20621722089466007, 0.5169622731099988, 0.14197038666075207, 0.26657009817272054, 0.6697791383452987, 0.4410471797338369, 0.21426183922821296, 0.007783488497544067, 0.6157472757449396, 0.6669101225229109, 0.6811338080312199, 0.8018899071921857, 0.7444915246918409, 0.6219995538935095], [-0.14806410474879828, 0.8820971427775249, 0.0, 0.22228336559746092, 0.5243421533016942, 0.1372472368511447, 0.2926985365136957, 0.6753355873710265, 0.417523589892421, 0.21065275582814458, 0.008006390651371653, 0.6301550241336216, 0.6852418245930448, 0.7165988415949951, 0.7966642158599736, 0.6950232811425386, 0.6295690420394466], [-0.27437260851649325, 0.840852614332979, 0.0, 0.21067320875407808, 0.512131795028824, 0.1368857025043324, 0.28280198230037995, 0.6754789428050858, 0.4169657224540815, 0.20298778237859638, 0.007894969482732161, 0.6251086394598606, 0.6611830163812987, 0.6977092653035061, 0.7978400551698817, 0.6994796994105884, 0.6271007665417264], [0.0708619245219193, 0.9335992307002337, 0.0, 0.20471331325267306, 0.5308351906838594, 0.1395900735027109, 0.20687629066714663, 0.6709446737149147, 0.4325574796448872, 0.22454089561283563, 0.007894969482732161, 0.6244271625621352, 0.6559273701273151, 0.7071594201169116, 0.7947905979600057, 0.706094207470136, 0.6069727477574292], [-0.3338239119431812, 0.9474834553593174, 0.0, 0.20330112630268135, 0.5366958093408197, 0.13853181328485548, 0.25543471761807124, 0.6727461438645006, 0.431074266433386, 0.22706651168665837, 0.007894969482732161, 0.6372023918307896, 0.6772109349732102, 0.7076342044262954, 0.7945713724860441, 0.6956893706617688, 0.6228173637804579], [-0.46398587054692797, 0.8715467887444435, 0.0, 0.15308997916869632, 0.5194790549008188, 0.13739015356544257, 0.3002680358715786, 0.6756308600631975, 0.4218885318043004, 0.21119997317819394, 0.008006390651371653, 0.6449168316229099, 0.6968853287226968, 0.7288942221085828, 0.7987050302937941, 0.7207964441623602, 0.6120229535060118], [-0.2961285727408183, 1.022402182282066, 0.0, 0.24344581451725955, 0.5624077301926236, 0.13137333898361783, 0.3249318022202381, 0.6813709300790489, 0.3932682818288553, 0.23191620868757346, 0.007616154688146137, 0.6301579789514808, 0.6602351102720374, 0.6765426212395641, 0.7892881844634202, 0.6983192643128927, 0.582860771198256], [-0.16525532797315368, 1.0513093610868625, 0.0, 0.24323075926799825, 0.5735875543841646, 0.12847075455670245, 0.3610632656746041, 0.6841910432294489, 0.3708660010083582, 0.23387173335958455, 0.007671947615560004, 0.6261026240117609, 0.6595479753043838, 0.679978877368518, 0.785596144548595, 0.7008575454982116, 0.5896969603291435]]}