{"labels_1": ["1", "2", "3", "4", "5", "6", "7", "8", "9"], "labels_2": ["1", "2", "3", "4", "5", "6", "7", "8", "9"], "adj_matrix_1": [[0.0, 0.40145, 0.01882, 0.23821, 0.17119, 0.16907, 0.34063, 0.21776, 0.38456], [0.40145, 0.0, 0.40621, 0.29591, 0.33632, 0.33732, 0.19761, 0.30948, 0.08419], [0.01882, 0.40621, 0.0, 0.25446, 0.18874, 0.18668, 0.35319, 0.23449, 0.38629], [0.23821, 0.29591, 0.25446, 0.0, 0.07455, 0.07679, 0.13691, 0.02362, 0.32588], [0.17119, 0.33632, 0.18874, 0.07455, 0.0, 0.00227, 0.20475, 0.05118, 0.35133], [0.16907, 0.33732, 0.18668, 0.07679, 0.00227, 0.0, 0.20671, 0.05344, 0.35191], [0.34063, 0.19761, 0.35319, 0.13691, 0.20475, 0.20671, 0.0, 0.15884, 0.25496], [0.21776, 0.30948, 0.23449, 0.02362, 0.05118, 0.05344, 0.15884, 0.0, 0.33472], [0.38456, 0.08419, 0.38629, 0.32588, 0.35133, 0.35191, 0.25496, 0.33472, 0.0]], "adj_matrix_2": [[0.0, 0.19835, 0.18109, 0.12021, 0.27329, 0.26758, 0.14933, 0.27083, 0.26758], [0.19835, 0.0, 0.02699, 0.10375, 0.31807, 0.16813, 0.07019, 0.32648, 0.16818], [0.18109, 0.02699, 0.0, 0.07851, 0.32326, 0.18913, 0.04384, 0.33029, 0.18918], [0.12021, 0.10375, 0.07851, 0.0, 0.32216, 0.23858, 0.03569, 0.32501, 0.23861], [0.27329, 0.31807, 0.32326, 0.32216, 0.0, 0.22377, 0.32567, 0.02138, 0.22373], [0.26758, 0.16813, 0.18913, 0.23858, 0.22377, 0.0, 0.21896, 0.24061, 6e-05], [0.14933, 0.07019, 0.04384, 0.03569, 0.32567, 0.21896, 0.0, 0.33037, 0.21899], [0.27083, 0.32648, 0.33029, 0.32501, 0.02138, 0.24061, 0.33037, 0.0, 0.24057], [0.26758, 0.16818, 0.18918, 0.23861, 0.22373, 6e-05, 0.21899, 0.24057, 0.0]], "features_1": [[-0.5487290790484414, 0.7381367544945384, 0.0, 0.21902745087359196, 0.4900894962594151, 0.1353711278351461, 0.353139081681892, 0.6794279099036411, 0.41359702775633345, 0.1802847128144971, 0.008062078829516484, 0.6488310649801654, 0.6827957541316653, 0.7046213024695486, 0.8057266369241507, 0.7262316400271502, 0.6036217308317908], [-0.2747296873994127, 0.7891252523000017, 0.0, 0.20668779675018223, 0.4960516286963226, 0.1422192936993304, 0.27054604926087367, 0.6712331460051302, 0.4535384076580704, 0.1988665134679135, 0.007950687539111767, 0.6284649140279068, 0.6793637467779633, 0.7159969649331838, 0.811949692220574, 0.7236293687273717, 0.6171767050219166], [-0.49407176050904056, 0.843758538696558, 0.0, 0.2312908800282877, 0.5163161988973729, 0.13850639105248644, 0.2949668004954781, 0.6753227644192672, 0.4275345450827315, 0.20604150745148408, 0.008062078829516484, 0.6485036721554445, 0.6691485358995412, 0.697922268270381, 0.8063888069920321, 0.7156251728408088, 0.618126031084692], [-0.3919573536783054, 0.8096754158400742, 0.0, 0.22960777324554843, 0.5062036558815888, 0.1370193140504297, 0.30126554830839963, 0.6763976954413142, 0.4232247599550749, 0.197888295586655, 0.007783488497544067, 0.6400537589052149, 0.6714340048255397, 0.6910234933350704, 0.8045649818070866, 0.7135134598652911, 0.6120415664780435], [-0.18506689344062233, 0.7515115735005046, 0.0, 0.2002803522855171, 0.478006702581212, 0.1453372824887863, 0.24503889068624574, 0.6671540501541997, 0.4685665096847267, 0.19329274919951045, 0.008340296057933516, 0.6400164224936602, 0.6896543794856085, 0.7276943602971943, 0.8144458968991269, 0.7488933896782853, 0.6175851115254389], [-0.44624002206800784, 0.8391802626320982, 0.0, 0.230293442205793, 0.5091049169036131, 0.14052624427306715, 0.2608255703901243, 0.6720526038258829, 0.43272380122845866, 0.20686907442461688, 0.008006390651371653, 0.6416155571757542, 0.6691790593658383, 0.6886774900264793, 0.805791764369407, 0.7275289466977072, 0.6139107066481349], [-0.08939003193753159, 0.8503320661116127, 0.0, 0.23258356779346068, 0.5084098925671683, 0.13758689971353255, 0.24155497061129622, 0.67328324702104, 0.41806191058771724, 0.2053940586031131, 0.008006390651371653, 0.6239830238396653, 0.6724104496655876, 0.7036720963762112, 0.795567076655647, 0.7062524025433305, 0.6058611476388435], [-0.20353540055912722, 0.851865041008191, 0.0, 0.19337482413407917, 0.5142749860774163, 0.13496928643288825, 0.3201878202471022, 0.6781377357056582, 0.4011388025604401, 0.20014540351881882, 0.007504523810135222, 0.6305458072387307, 0.6731179881143032, 0.6874083807570139, 0.7966882955810376, 0.7226933193574707, 0.5974290545555098], [0.021534705763430306, 0.8956132418641287, 0.0, 0.1784861674667752, 0.5212038347882592, 0.13534777171533802, 0.2668390259167168, 0.675497264689306, 0.3962266086879491, 0.20990289219611435, 0.007504523810135222, 0.5995244905311345, 0.6554662052411857, 0.6795892513884001, 0.7900599199535954, 0.701705683177725, 0.609581561093723]], "features_2": [[0.5492133065035447, 0.7579878997234233, 0.0, 0.2664295760791878, 0.47839538015182886, 0.14100902923152714, 0.19818411508563755, 0.6664091465574936, 0.4286083077249212, 0.1829841556945624, 0.007727725548673403, 0.594268807372107, 0.6283137716138922, 0.6383930292728283, 0.7883763998739485, 0.707219769892105, 0.6135363269982653], [0.09874490803840308, 0.8048486304684576, 0.0, 0.26213708887787207, 0.49554053196216585, 0.1422476437468956, 0.347628816234522, 0.6681657991946628, 0.4434556991300682, 0.1988311930091371, 0.008562602043175715, 0.6047190914417548, 0.6548854922425781, 0.6839116818726738, 0.7957408417604785, 0.7205987300361635, 0.6214519228723667], [0.26165855544058747, 0.9154692401439445, 0.0, 0.2330191545564502, 0.5192835807430639, 0.14124289554856678, 0.17593783415808062, 0.6649151398540343, 0.43727220507808373, 0.21963792850419694, 0.007894969482732161, 0.6074767855719025, 0.6455123734644475, 0.6758260438595012, 0.7854444435478698, 0.689838705040279, 0.6108505127477823], [0.5033305426929604, 0.8852914135812566, 0.0, 0.2605514902974259, 0.5081899389473288, 0.1423678328145364, 0.13444088615888675, 0.6624018634293081, 0.43448040719641745, 0.21246204439262395, 0.007894969482732161, 0.6059289967348591, 0.6272470788458268, 0.6543079686185416, 0.7866336970232143, 0.6956858517489302, 0.608071500080907], [-0.32462396098448876, 0.8552715108818744, 0.0, 0.23684614809274016, 0.5138841814467962, 0.1367389233041592, 0.2877878947734217, 0.6736546655168326, 0.4204586585578274, 0.20774431602429355, 0.008117752083540042, 0.6312162761580402, 0.6525853432773618, 0.6827392622861926, 0.7890550701835036, 0.7184720049403455, 0.6037876194440545], [0.04233255024784066, 0.9391958927450934, 0.0, 0.22521882829490017, 0.5278165230060924, 0.1397226753429487, 0.20842879939005812, 0.6676836173494194, 0.42604986249017185, 0.22308521950984006, 0.007783488497544067, 0.612126369626615, 0.6472966733741307, 0.6667913358545828, 0.7837797010740736, 0.7090736074637418, 0.6017006246732585], [0.37278755001476016, 0.9137723069914743, 0.0, 0.25424310435099334, 0.5213439464145543, 0.1371601762169174, 0.19900181010432902, 0.6715497670760997, 0.4249973291794209, 0.21498662390119527, 0.007894969482732161, 0.6025157575742863, 0.6456735803845342, 0.6810430330506464, 0.786167836459488, 0.6939140567566419, 0.5883875978594338], [-0.09056721455677863, 0.9315855616121032, 0.0, 0.23859869767539246, 0.5394527282532718, 0.12873613368056738, 0.23446148445110565, 0.6811502292067935, 0.378908794568215, 0.21027221055351974, 0.007671947615560004, 0.6250331724446387, 0.666067477421091, 0.6764757863647944, 0.7753597875891681, 0.7035583690927467, 0.5855711342937423], [-0.17096558928273042, 0.9412179814699853, 0.0, 0.2657929180984279, 0.539721235157171, 0.12957302471170828, 0.25318856309977633, 0.6806330611799876, 0.37774454972418203, 0.21306287218473496, 0.007560346756364078, 0.6140901619170704, 0.6367281094594518, 0.6588889416814372, 0.7760532124646241, 0.6791555135779969, 0.5804606940885652]]}