{"labels_1": ["1", "2", "3", "4", "5", "6", "7", "8", "9"], "labels_2": ["1", "2", "3", "4", "5", "6", "7", "8", "9"], "adj_matrix_1": [[0.0, 0.05472, 0.09777, 0.16744, 0.04534, 0.23911, 0.26012, 0.23439, 0.26645], [0.05472, 0.0, 0.14607, 0.20641, 0.09806, 0.26356, 0.27913, 0.25997, 0.28361], [0.09777, 0.14607, 0.0, 0.0788, 0.05422, 0.16987, 0.19905, 0.16352, 0.20836], [0.16744, 0.20641, 0.0788, 0.0, 0.12934, 0.09872, 0.13224, 0.09157, 0.14315], [0.04534, 0.09806, 0.05422, 0.12934, 0.0, 0.21108, 0.23616, 0.20554, 0.24392], [0.23911, 0.26356, 0.16987, 0.09872, 0.21108, 0.0, 0.0358, 0.00749, 0.04773], [0.26012, 0.27913, 0.19905, 0.13224, 0.23616, 0.0358, 0.0, 0.04323, 0.01201], [0.23439, 0.25997, 0.16352, 0.09157, 0.20554, 0.00749, 0.04323, 0.0, 0.05513], [0.26645, 0.28361, 0.20836, 0.14315, 0.24392, 0.04773, 0.01201, 0.05513, 0.0]], "adj_matrix_2": [[0.0, 0.16412, 0.22922, 0.01789, 0.11456, 0.17991, 0.04018, 0.06047, 0.1812], [0.16412, 0.0, 0.07626, 0.17965, 0.05369, 0.0179, 0.12757, 0.2145, 0.01934], [0.22922, 0.07626, 0.0, 0.24267, 0.12816, 0.05862, 0.19678, 0.27179, 0.05719], [0.01789, 0.17965, 0.24267, 0.0, 0.13123, 0.195, 0.05788, 0.04281, 0.19624], [0.11456, 0.05369, 0.12816, 0.13123, 0.0, 0.07134, 0.0759, 0.16943, 0.07277], [0.17991, 0.0179, 0.05862, 0.195, 0.07134, 0.0, 0.14422, 0.22859, 0.00145], [0.04018, 0.12757, 0.19678, 0.05788, 0.0759, 0.14422, 0.0, 0.09947, 0.14556], [0.06047, 0.2145, 0.27179, 0.04281, 0.16943, 0.22859, 0.09947, 0.0, 0.22974], [0.1812, 0.01934, 0.05719, 0.19624, 0.07277, 0.00145, 0.14556, 0.22974, 0.0]], "features_1": [[0.6901058159284839, 0.7658556695289936, 0.0, 0.20913275734314699, 0.49522160460873554, 0.13572363584061287, 0.3375124651047088, 0.6777826804763325, 0.43087417700680786, 0.17995030993780192, 0.00783923647221818, 0.589840030976525, 0.6718582613510887, 0.687931143596429, 0.8012238999888327, 0.7272443297686003, 0.6008434335574525], [0.696105470659409, 0.7891977511700997, 0.0, 0.27190138893522997, 0.49025978025218064, 0.14424632912056684, 0.28716753103008374, 0.6671633663159262, 0.4934251256681541, 0.1970506675727126, 0.008729175733573014, 0.5988637718238756, 0.6605246460416714, 0.6809618409811112, 0.8109258494316474, 0.723683477288959, 0.6257724527409905], [0.51013743439509, 0.8735646689093733, 0.0, 0.2070480809266347, 0.5234365177333755, 0.1367733027623714, 0.3484135459372233, 0.6761226071691833, 0.42595633186473925, 0.2039282625967591, 0.007950687539111767, 0.5993672666983341, 0.6626744205071816, 0.6755876840070875, 0.7987803087674189, 0.7260083322819202, 0.6116220861842592], [0.11495873349515406, 0.8192814458407328, 0.0, 0.1992034759475176, 0.5075227853350531, 0.13840953218064073, 0.3282513378934134, 0.6747465510858355, 0.43716628959579973, 0.19722142234841433, 0.00783923647221818, 0.6132774366043181, 0.6697982597179006, 0.6877353863208024, 0.8032938080878826, 0.7212125478137976, 0.6186195193660408], [0.2775356745276709, 0.7666356491059099, 0.0, 0.2428020399044958, 0.48113012145778156, 0.1455855871541954, 0.25620194903117055, 0.6648091198081973, 0.4966869388182391, 0.1954148078373572, 0.008507047823598457, 0.6186007398260172, 0.668391790566686, 0.7007892561050357, 0.8099620727201416, 0.7100397556520337, 0.6343525189520529], [0.22248899205028083, 0.8620779178124653, 0.0, 0.2285221435814066, 0.517159632825292, 0.1393559634764081, 0.31225997131052025, 0.6722073701019351, 0.4402783064158653, 0.20667229787358865, 0.008173410423425675, 0.6129828995213642, 0.655366087807023, 0.6623356817319134, 0.7988943108902437, 0.7213804475812744, 0.6326181345742174], [-0.11900565878124114, 0.7421991040893411, 0.0, 0.22089082772134544, 0.4811834528594959, 0.14288166502439464, 0.34740616278358943, 0.6690169510074422, 0.4496036969178041, 0.18659013037728145, 0.008673665988278678, 0.6292203706750308, 0.6712947949163217, 0.7031167594514797, 0.8045448272335443, 0.7170893054574632, 0.631130057282317], [-0.08536822160261393, 0.888286622486991, 0.0, 0.20797982366807893, 0.5283464120740022, 0.13254032926483572, 0.36850236043758355, 0.6794758337887432, 0.3970365050073843, 0.20705386603978204, 0.007950687539111767, 0.6275969386032441, 0.6554369858913214, 0.6784856611521523, 0.7840184256328598, 0.7107826021145401, 0.5899160820403058], [0.08173886713746237, 0.8760318620155326, 0.0, 0.18864807166811134, 0.5258661638729597, 0.1345644095268645, 0.44704591228804774, 0.678066847689363, 0.39748781321152893, 0.20501747760659383, 0.007281081678807366, 0.6221960692020634, 0.6407856455685151, 0.6811482568156529, 0.7878936804416343, 0.7090190836543798, 0.5920502338532164]], "features_2": [[-0.12487557842325225, 0.6711921337069356, 0.0, 0.21649940142529078, 0.47621328183198397, 0.13602350642130884, 0.3535891725897038, 0.6793871785695619, 0.4331606854839898, 0.16525234216428597, 0.008451478759474051, 0.6298654744913286, 0.6857390988349605, 0.7246487662664066, 0.8070579352349863, 0.7131467371960594, 0.6282124935166717], [-0.016883417842087578, 0.7556133001051952, 0.0, 0.19919989484041065, 0.4950616404610497, 0.1387261226604744, 0.29742358938819036, 0.675292868904405, 0.4371192472639809, 0.18660806748683378, 0.008340296057933516, 0.6361771141370327, 0.6892936583928444, 0.7173244986658921, 0.806695981009733, 0.7287982598250847, 0.6167140712246938], [-0.20054602070929617, 0.7943544506067634, 0.0, 0.2267240796229121, 0.5160351955252735, 0.13611469423144787, 0.3337524093749515, 0.6789497195335531, 0.4322082563219434, 0.19364819180787118, 0.008451478759474051, 0.6340272891919785, 0.6871740474053469, 0.706443537718083, 0.8050901577579922, 0.7234852013556505, 0.6248956999356743], [-0.16727792500999694, 0.7401905931896371, 0.0, 0.22054779265297283, 0.4960537757521922, 0.13712214677722245, 0.33987812415779217, 0.677995791294919, 0.4406511494025629, 0.18271669734417673, 0.008562602043175715, 0.6333835572688127, 0.6895890550933139, 0.7150536208849789, 0.8082872286180408, 0.7206959310917642, 0.6323558538861893], [0.07252438948476714, 0.7189616203208886, 0.0, 0.21520251516133246, 0.48151984186110086, 0.13895090661753684, 0.29717358927680876, 0.6751296546769616, 0.4442175494414242, 0.17730907707521215, 0.008507047823598457, 0.63056051783421, 0.6890710163275318, 0.7218814556977132, 0.808162948382917, 0.7274041861910995, 0.6190482249676441], [-0.21696816577798517, 0.790420146311408, 0.0, 0.23310778586487513, 0.5054591241886769, 0.13904724309439492, 0.2860667557333052, 0.6747785646506965, 0.44452837459304195, 0.19572302874501957, 0.008451478759474051, 0.6330207928893441, 0.6872562760698426, 0.7138184111321979, 0.8052028666549967, 0.7221321555891164, 0.6259885619548722], [-0.13983000826960135, 0.7398790725453873, 0.0, 0.23442398336453393, 0.4847952741549145, 0.13670422650205172, 0.27414420060071765, 0.6750819697987488, 0.4312701677721291, 0.18239872876846763, 0.008451478759474051, 0.6223978230050082, 0.6556063563961824, 0.67623891129013, 0.797191541247024, 0.6893212682877328, 0.6056717184572097], [-0.06106447566540396, 0.7437031493157302, 0.0, 0.24897560651838088, 0.47949765822144286, 0.13678746281937038, 0.23112403150500355, 0.6746400617430219, 0.42086757557055, 0.1812379903950474, 0.008006390651371653, 0.6184350547615309, 0.657577424119692, 0.696639535859165, 0.7946790044672966, 0.7227135961158329, 0.6132961158042699], [-0.09963160657651926, 0.751692842746456, 0.0, 0.1953718039926943, 0.4825827982323046, 0.13389960304232765, 0.25485127730253865, 0.6770210025663279, 0.39873464844185214, 0.17918891098832357, 0.00783923647221818, 0.6250795370771005, 0.6623954563439304, 0.6819326210137799, 0.7882035671388178, 0.706837674274419, 0.5974203741523622]]}