{"labels_1": ["1", "2", "3", "4", "5", "6", "7", "8", "9"], "labels_2": ["1", "2", "3", "4", "5", "6", "7", "8", "9"], "adj_matrix_1": [[0.0, 0.05472, 0.09777, 0.16744, 0.04534, 0.23911, 0.26012, 0.23439, 0.26645], [0.05472, 0.0, 0.14607, 0.20641, 0.09806, 0.26356, 0.27913, 0.25997, 0.28361], [0.09777, 0.14607, 0.0, 0.0788, 0.05422, 0.16987, 0.19905, 0.16352, 0.20836], [0.16744, 0.20641, 0.0788, 0.0, 0.12934, 0.09872, 0.13224, 0.09157, 0.14315], [0.04534, 0.09806, 0.05422, 0.12934, 0.0, 0.21108, 0.23616, 0.20554, 0.24392], [0.23911, 0.26356, 0.16987, 0.09872, 0.21108, 0.0, 0.0358, 0.00749, 0.04773], [0.26012, 0.27913, 0.19905, 0.13224, 0.23616, 0.0358, 0.0, 0.04323, 0.01201], [0.23439, 0.25997, 0.16352, 0.09157, 0.20554, 0.00749, 0.04323, 0.0, 0.05513], [0.26645, 0.28361, 0.20836, 0.14315, 0.24392, 0.04773, 0.01201, 0.05513, 0.0]], "adj_matrix_2": [[0.0, 0.19835, 0.18109, 0.12021, 0.27329, 0.26758, 0.14933, 0.27083, 0.26758], [0.19835, 0.0, 0.02699, 0.10375, 0.31807, 0.16813, 0.07019, 0.32648, 0.16818], [0.18109, 0.02699, 0.0, 0.07851, 0.32326, 0.18913, 0.04384, 0.33029, 0.18918], [0.12021, 0.10375, 0.07851, 0.0, 0.32216, 0.23858, 0.03569, 0.32501, 0.23861], [0.27329, 0.31807, 0.32326, 0.32216, 0.0, 0.22377, 0.32567, 0.02138, 0.22373], [0.26758, 0.16813, 0.18913, 0.23858, 0.22377, 0.0, 0.21896, 0.24061, 6e-05], [0.14933, 0.07019, 0.04384, 0.03569, 0.32567, 0.21896, 0.0, 0.33037, 0.21899], [0.27083, 0.32648, 0.33029, 0.32501, 0.02138, 0.24061, 0.33037, 0.0, 0.24057], [0.26758, 0.16818, 0.18918, 0.23861, 0.22373, 6e-05, 0.21899, 0.24057, 0.0]], "features_1": [[0.6901058159284839, 0.7658556695289936, 0.0, 0.20913275734314699, 0.49522160460873554, 0.13572363584061287, 0.3375124651047088, 0.6777826804763325, 0.43087417700680786, 0.17995030993780192, 0.00783923647221818, 0.589840030976525, 0.6718582613510887, 0.687931143596429, 0.8012238999888327, 0.7272443297686003, 0.6008434335574525], [0.696105470659409, 0.7891977511700997, 0.0, 0.27190138893522997, 0.49025978025218064, 0.14424632912056684, 0.28716753103008374, 0.6671633663159262, 0.4934251256681541, 0.1970506675727126, 0.008729175733573014, 0.5988637718238756, 0.6605246460416714, 0.6809618409811112, 0.8109258494316474, 0.723683477288959, 0.6257724527409905], [0.51013743439509, 0.8735646689093733, 0.0, 0.2070480809266347, 0.5234365177333755, 0.1367733027623714, 0.3484135459372233, 0.6761226071691833, 0.42595633186473925, 0.2039282625967591, 0.007950687539111767, 0.5993672666983341, 0.6626744205071816, 0.6755876840070875, 0.7987803087674189, 0.7260083322819202, 0.6116220861842592], [0.11495873349515406, 0.8192814458407328, 0.0, 0.1992034759475176, 0.5075227853350531, 0.13840953218064073, 0.3282513378934134, 0.6747465510858355, 0.43716628959579973, 0.19722142234841433, 0.00783923647221818, 0.6132774366043181, 0.6697982597179006, 0.6877353863208024, 0.8032938080878826, 0.7212125478137976, 0.6186195193660408], [0.2775356745276709, 0.7666356491059099, 0.0, 0.2428020399044958, 0.48113012145778156, 0.1455855871541954, 0.25620194903117055, 0.6648091198081973, 0.4966869388182391, 0.1954148078373572, 0.008507047823598457, 0.6186007398260172, 0.668391790566686, 0.7007892561050357, 0.8099620727201416, 0.7100397556520337, 0.6343525189520529], [0.22248899205028083, 0.8620779178124653, 0.0, 0.2285221435814066, 0.517159632825292, 0.1393559634764081, 0.31225997131052025, 0.6722073701019351, 0.4402783064158653, 0.20667229787358865, 0.008173410423425675, 0.6129828995213642, 0.655366087807023, 0.6623356817319134, 0.7988943108902437, 0.7213804475812744, 0.6326181345742174], [-0.11900565878124114, 0.7421991040893411, 0.0, 0.22089082772134544, 0.4811834528594959, 0.14288166502439464, 0.34740616278358943, 0.6690169510074422, 0.4496036969178041, 0.18659013037728145, 0.008673665988278678, 0.6292203706750308, 0.6712947949163217, 0.7031167594514797, 0.8045448272335443, 0.7170893054574632, 0.631130057282317], [-0.08536822160261393, 0.888286622486991, 0.0, 0.20797982366807893, 0.5283464120740022, 0.13254032926483572, 0.36850236043758355, 0.6794758337887432, 0.3970365050073843, 0.20705386603978204, 0.007950687539111767, 0.6275969386032441, 0.6554369858913214, 0.6784856611521523, 0.7840184256328598, 0.7107826021145401, 0.5899160820403058], [0.08173886713746237, 0.8760318620155326, 0.0, 0.18864807166811134, 0.5258661638729597, 0.1345644095268645, 0.44704591228804774, 0.678066847689363, 0.39748781321152893, 0.20501747760659383, 0.007281081678807366, 0.6221960692020634, 0.6407856455685151, 0.6811482568156529, 0.7878936804416343, 0.7090190836543798, 0.5920502338532164]], "features_2": [[0.5492133065035447, 0.7579878997234233, 0.0, 0.2664295760791878, 0.47839538015182886, 0.14100902923152714, 0.19818411508563755, 0.6664091465574936, 0.4286083077249212, 0.1829841556945624, 0.007727725548673403, 0.594268807372107, 0.6283137716138922, 0.6383930292728283, 0.7883763998739485, 0.707219769892105, 0.6135363269982653], [0.09874490803840308, 0.8048486304684576, 0.0, 0.26213708887787207, 0.49554053196216585, 0.1422476437468956, 0.347628816234522, 0.6681657991946628, 0.4434556991300682, 0.1988311930091371, 0.008562602043175715, 0.6047190914417548, 0.6548854922425781, 0.6839116818726738, 0.7957408417604785, 0.7205987300361635, 0.6214519228723667], [0.26165855544058747, 0.9154692401439445, 0.0, 0.2330191545564502, 0.5192835807430639, 0.14124289554856678, 0.17593783415808062, 0.6649151398540343, 0.43727220507808373, 0.21963792850419694, 0.007894969482732161, 0.6074767855719025, 0.6455123734644475, 0.6758260438595012, 0.7854444435478698, 0.689838705040279, 0.6108505127477823], [0.5033305426929604, 0.8852914135812566, 0.0, 0.2605514902974259, 0.5081899389473288, 0.1423678328145364, 0.13444088615888675, 0.6624018634293081, 0.43448040719641745, 0.21246204439262395, 0.007894969482732161, 0.6059289967348591, 0.6272470788458268, 0.6543079686185416, 0.7866336970232143, 0.6956858517489302, 0.608071500080907], [-0.32462396098448876, 0.8552715108818744, 0.0, 0.23684614809274016, 0.5138841814467962, 0.1367389233041592, 0.2877878947734217, 0.6736546655168326, 0.4204586585578274, 0.20774431602429355, 0.008117752083540042, 0.6312162761580402, 0.6525853432773618, 0.6827392622861926, 0.7890550701835036, 0.7184720049403455, 0.6037876194440545], [0.04233255024784066, 0.9391958927450934, 0.0, 0.22521882829490017, 0.5278165230060924, 0.1397226753429487, 0.20842879939005812, 0.6676836173494194, 0.42604986249017185, 0.22308521950984006, 0.007783488497544067, 0.612126369626615, 0.6472966733741307, 0.6667913358545828, 0.7837797010740736, 0.7090736074637418, 0.6017006246732585], [0.37278755001476016, 0.9137723069914743, 0.0, 0.25424310435099334, 0.5213439464145543, 0.1371601762169174, 0.19900181010432902, 0.6715497670760997, 0.4249973291794209, 0.21498662390119527, 0.007894969482732161, 0.6025157575742863, 0.6456735803845342, 0.6810430330506464, 0.786167836459488, 0.6939140567566419, 0.5883875978594338], [-0.09056721455677863, 0.9315855616121032, 0.0, 0.23859869767539246, 0.5394527282532718, 0.12873613368056738, 0.23446148445110565, 0.6811502292067935, 0.378908794568215, 0.21027221055351974, 0.007671947615560004, 0.6250331724446387, 0.666067477421091, 0.6764757863647944, 0.7753597875891681, 0.7035583690927467, 0.5855711342937423], [-0.17096558928273042, 0.9412179814699853, 0.0, 0.2657929180984279, 0.539721235157171, 0.12957302471170828, 0.25318856309977633, 0.6806330611799876, 0.37774454972418203, 0.21306287218473496, 0.007560346756364078, 0.6140901619170704, 0.6367281094594518, 0.6588889416814372, 0.7760532124646241, 0.6791555135779969, 0.5804606940885652]]}