{"labels_1": ["1", "2", "3", "4", "5", "6", "7", "8", "9"], "labels_2": ["1", "2", "3", "4", "5", "6", "7", "8", "9"], "adj_matrix_1": [[0.0, 0.06152, 0.15196, 0.0062, 0.16965, 0.03309, 0.22546, 0.21597, 0.2417], [0.06152, 0.0, 0.17927, 0.05561, 0.12556, 0.02921, 0.20687, 0.25716, 0.26598], [0.15196, 0.17927, 0.0, 0.15529, 0.19584, 0.16823, 0.17922, 0.08832, 0.12347], [0.0062, 0.05561, 0.15529, 0.0, 0.16595, 0.02697, 0.22446, 0.22041, 0.24475], [0.16965, 0.12556, 0.19584, 0.16595, 0.0, 0.14797, 0.11516, 0.3107, 0.26615], [0.03309, 0.02921, 0.16823, 0.02697, 0.14797, 0.0, 0.21784, 0.23876, 0.25633], [0.22546, 0.20687, 0.17922, 0.22446, 0.11516, 0.21784, 0.0, 0.3033, 0.20634], [0.21597, 0.25716, 0.08832, 0.22041, 0.3107, 0.23876, 0.3033, 0.0, 0.15858], [0.2417, 0.26598, 0.12347, 0.24475, 0.26615, 0.25633, 0.20634, 0.15858, 0.0]], "adj_matrix_2": [[0.0, 0.00036, 0.05045, 0.19417, 0.11557, 0.20174, 0.0278, 0.25943, 0.18019], [0.00036, 0.0, 0.05081, 0.19442, 0.11589, 0.202, 0.02744, 0.25958, 0.18046], [0.05045, 0.05081, 0.0, 0.15694, 0.06848, 0.16595, 0.07724, 0.23733, 0.14068], [0.19417, 0.19442, 0.15694, 0.0, 0.09621, 0.01108, 0.21112, 0.10964, 0.01934], [0.11557, 0.11589, 0.06848, 0.09621, 0.0, 0.10653, 0.13926, 0.19292, 0.07781], [0.20174, 0.202, 0.16595, 0.01108, 0.10653, 0.0, 0.21781, 0.09924, 0.03038], [0.0278, 0.02744, 0.07724, 0.21112, 0.13926, 0.21781, 0.0, 0.26729, 0.19861], [0.25943, 0.25958, 0.23733, 0.10964, 0.19292, 0.09924, 0.26729, 0.0, 0.12743], [0.18019, 0.18046, 0.14068, 0.01934, 0.07781, 0.03038, 0.19861, 0.12743, 0.0]], "features_1": [[0.6627153789387847, 0.7706415509689225, 0.0, 0.3045750704772115, 0.49407001609084067, 0.134272750183929, 0.2581193345058992, 0.6750697159036685, 0.40169859130712626, 0.17996310639724356, 0.007727725548673403, 0.5810395687706675, 0.6309779118697965, 0.6652642160698455, 0.7865035037242529, 0.6922421685102431, 0.6166975747278798], [0.4103035396429551, 0.7775035451594028, 0.0, 0.2899774515569552, 0.4899036455840401, 0.13969328784793836, 0.2898731696416753, 0.6695731701854816, 0.41566969961841127, 0.1869879115605544, 0.00716927026363523, 0.5921255656953468, 0.6468811992319301, 0.6730622812286347, 0.7954537686637633, 0.7208286856287158, 0.61665289196497], [1.0698418062743986, 0.85370321366811, 0.0, 0.3436562998803999, 0.5109055789514666, 0.13843301949754988, 0.22698965762913587, 0.6688604687302178, 0.4222176382436891, 0.20123989915926033, 0.008062078829516484, 0.5735305951205258, 0.6294371678854404, 0.6559539577641484, 0.7874383190533301, 0.7027036722061384, 0.6246580395011174], [0.5975133894749791, 0.8232297874640881, 0.0, 0.3217602879613671, 0.49717179420913904, 0.13960937564594803, 0.18075475626379714, 0.665667410912351, 0.43727401103735186, 0.19875536694345186, 0.007950687539111767, 0.5869090471463836, 0.6419894248108982, 0.6799272265296498, 0.7894773591390392, 0.7144369308137135, 0.6240783829451668], [0.22275658583217028, 0.7769038571566118, 0.0, 0.26024879541108675, 0.4936935275236666, 0.13688694536082868, 0.32179006737445237, 0.674737980845445, 0.4085052339591435, 0.18418128729455607, 0.007392832833969631, 0.5994479151680556, 0.6493539771195083, 0.6651571648550685, 0.7956659474298895, 0.7472235820504753, 0.61003072553989], [0.5042704874468349, 0.8049727506335335, 0.0, 0.3049984697042185, 0.49205137838125057, 0.14023182693165576, 0.20086353742568122, 0.665511914289205, 0.425998574650849, 0.19329658837369013, 0.007504523810135222, 0.5918836669942351, 0.6258526119672706, 0.6508632439391694, 0.7893110260776541, 0.7289618901620393, 0.6261132062013107], [0.4177600999344646, 0.7516636665107952, 0.0, 0.2879007074097486, 0.46659035943464994, 0.14103051346389975, 0.12747356026464515, 0.6611981620117434, 0.44000984335710447, 0.18309939502211603, 0.007950687539111767, 0.6035535797673792, 0.6270532283982787, 0.6616839111041602, 0.7856130925496717, 0.7013171092511521, 0.6162022339641321], [-0.000352497095261306, 0.8851053654943153, 0.0, 0.23077274916576165, 0.5282480014968567, 0.12815703531328837, 0.24101746740144492, 0.6818304648583602, 0.36111495169255714, 0.1952857679753397, 0.007336964783822175, 0.6119797263468034, 0.6325675805247508, 0.6451021053825636, 0.7745216121623093, 0.6857583188710374, 0.5661185266246433], [0.22857720725205688, 0.8363766071479436, 0.0, 0.26809418589905887, 0.4958854128378568, 0.13615484589597293, 0.1021158469674603, 0.6682478027959222, 0.40165121244247404, 0.19542186557021823, 0.007671947615560004, 0.6154827078425025, 0.6221274509962428, 0.6346637532586649, 0.772344212400799, 0.6911817838371432, 0.6124393610376395]], "features_2": [[0.409053390779897, 0.8992252560727539, 0.0, 0.25097301735273786, 0.5257096777144175, 0.13537199661753918, 0.157912954512382, 0.6715474777505892, 0.40531593058892335, 0.208503860531277, 0.007783488497544067, 0.5920424058484834, 0.6280327111065513, 0.6602000137039024, 0.7804474159038732, 0.7031194632406668, 0.6188494532447416], [0.6915933259363549, 0.937407039948818, 0.0, 0.2640391701244167, 0.5333716348026109, 0.1372245630151824, 0.12981044926922608, 0.6687036887718244, 0.4216199596235566, 0.21782690040230213, 0.008006390651371653, 0.5876125237211443, 0.6369261889644079, 0.6602656328503996, 0.7799780767809216, 0.7014100263839156, 0.6262187678052297], [0.3246261734098037, 1.044337663395367, 0.0, 0.2419047231921737, 0.5592412065486901, 0.1360042743417309, 0.1615861180234397, 0.6703403817566489, 0.4056341707334161, 0.23587774148871388, 0.007783488497544067, 0.5981206596459674, 0.6213822156769562, 0.65297962372786, 0.7784888535390159, 0.7038134965624566, 0.624843918296491], [0.020195602315898675, 0.9343783523975621, 0.0, 0.22200841203790558, 0.5351958989021048, 0.13696735257196718, 0.2323999461425032, 0.6715941021776693, 0.4144703699311889, 0.21864836888146, 0.007783488497544067, 0.6153290677971315, 0.6402831629468114, 0.6779288397264172, 0.7904786795780727, 0.7141203666791108, 0.6254429209499119], [0.5722252562538661, 0.8991162753345828, 0.0, 0.26034273681146747, 0.5280810038173143, 0.13670623352556804, 0.2562003237315274, 0.6723856040027418, 0.4123488532377537, 0.20883421866486884, 0.007894969482732161, 0.5952197515553075, 0.6486155495727709, 0.6724070038442277, 0.7855174299088395, 0.7097733195460715, 0.6240231277618575], [0.09511634018894677, 1.0156918179511123, 0.0, 0.24527452388614193, 0.5509184215360761, 0.1392950237521581, 0.2314580718425269, 0.6677255249711718, 0.42040868954351707, 0.23435925540086755, 0.007894969482732161, 0.6118072741811509, 0.6543228785568291, 0.6753771863801482, 0.7858026429134105, 0.7111287283030923, 0.6287960932170411], [0.10232311906629477, 0.8956795963278833, 0.0, 0.24560406884657954, 0.5259401897234917, 0.13632156131504775, 0.3145849737156382, 0.6750847536335155, 0.39766884067774755, 0.20728628540990313, 0.007894969482732161, 0.6073324374342985, 0.6482134047943152, 0.6728359273730854, 0.7926986563552023, 0.6964404476501626, 0.6153816176376444], [0.12721236767672783, 0.903768464903701, 0.0, 0.2377906455382472, 0.5326905230324155, 0.1307445641785294, 0.3891823930986952, 0.6789203027259902, 0.36210165765575497, 0.20173814018012326, 0.007336964783822175, 0.6041313260441732, 0.625632656765754, 0.6450480767189842, 0.7651771141339777, 0.6968475672044488, 0.5855952826577328], [-0.033835401599802584, 0.9445404866231836, 0.0, 0.2484786226826045, 0.538644563333419, 0.13134382667435213, 0.26980996591689177, 0.6781136087070921, 0.36874267282774076, 0.2134656338456884, 0.007336964783822175, 0.6041531064907741, 0.6423507974412438, 0.6720399911053985, 0.7713561112983994, 0.6822132936445702, 0.5896010023534638]]}