{"labels_1": ["1", "2", "3", "4", "5", "6", "7", "8", "9"], "labels_2": ["1", "2", "3", "4", "5", "6", "7", "8", "9"], "adj_matrix_1": [[0.0, 0.05712, 0.00642, 0.11668, 0.03911, 0.09338, 0.15134, 0.03089, 0.14584], [0.05712, 0.0, 0.05108, 0.14992, 0.01896, 0.04168, 0.1699, 0.0273, 0.13241], [0.00642, 0.05108, 0.0, 0.12123, 0.03284, 0.08821, 0.15429, 0.02454, 0.14479], [0.11668, 0.14992, 0.12123, 0.0, 0.14113, 0.16182, 0.05333, 0.13653, 0.13248], [0.03911, 0.01896, 0.03284, 0.14113, 0.0, 0.05951, 0.16606, 0.00844, 0.1385], [0.09338, 0.04168, 0.08821, 0.16182, 0.05951, 0.0, 0.17081, 0.06713, 0.11245], [0.15134, 0.1699, 0.15429, 0.05333, 0.16606, 0.17081, 0.0, 0.16364, 0.11785], [0.03089, 0.0273, 0.02454, 0.13653, 0.00844, 0.06713, 0.16364, 0.0, 0.1407], [0.14584, 0.13241, 0.14479, 0.13248, 0.1385, 0.11245, 0.11785, 0.1407, 0.0]], "adj_matrix_2": [[0.0, 0.0393, 0.18915, 0.22375, 0.23907, 0.27909, 0.25312, 0.03867, 0.24637], [0.0393, 0.0, 0.21558, 0.19393, 0.2108, 0.25563, 0.22642, 0.07725, 0.25188], [0.18915, 0.21558, 0.0, 0.3016, 0.30595, 0.31484, 0.30947, 0.1599, 0.15335], [0.22375, 0.19393, 0.3016, 0.0, 0.02075, 0.07969, 0.04065, 0.2493, 0.2435], [0.23907, 0.2108, 0.30595, 0.02075, 0.0, 0.05928, 0.01996, 0.26284, 0.24048], [0.27909, 0.25563, 0.31484, 0.07969, 0.05928, 0.0, 0.03948, 0.29772, 0.23057], [0.25312, 0.22642, 0.30947, 0.04065, 0.01996, 0.03948, 0.0, 0.2752, 0.23731], [0.03867, 0.07725, 0.1599, 0.2493, 0.26284, 0.29772, 0.2752, 0.0, 0.23775], [0.24637, 0.25188, 0.15335, 0.2435, 0.24048, 0.23057, 0.23731, 0.23775, 0.0]], "features_1": [[2.3542190327961343, 1.0253636641783863, 0.0, 0.3388103789871004, 0.5633416197200705, 0.12573291472978881, 0.20210945671258856, 0.6826009759555429, 0.3483310369475343, 0.2125920421737082, 0.007225183508792421, 0.5551567910071413, 0.6132846319014037, 0.640249761513825, 0.7555725758002982, 0.6832658407237054, 0.5362835284686834], [3.163432772717324, 1.1160987145069838, 0.0, 0.35554872962431744, 0.5839701101379022, 0.12393725279294657, 0.15341008271439094, 0.6837365152911697, 0.3465514944081509, 0.22295175913248633, 0.007448685839370306, 0.5442132736090217, 0.6106037660166642, 0.6241874246961953, 0.7491915528138097, 0.7038998180343538, 0.516191257039832], [2.745134179879888, 1.2551784534522754, 0.0, 0.3321761346534426, 0.6105186690300047, 0.12380003042685729, 0.1542441727697316, 0.6834323655055394, 0.33960761488077496, 0.2463230608547764, 0.007225183508792421, 0.5485647514251539, 0.6085489260296288, 0.6239017802763546, 0.7428606889283003, 0.6861689805965562, 0.5225818534553782], [1.8512491145570742, 1.124820153461168, 0.0, 0.330659345943895, 0.5876571035604842, 0.1250108729027098, 0.2281995577387015, 0.6840074697282306, 0.3545078952169205, 0.23302408236304917, 0.007560346756364078, 0.5654550380896723, 0.6135643682328087, 0.6323044174930701, 0.7596248209922538, 0.6823650704478595, 0.5500338053736004], [3.0822615874350623, 1.087824332680612, 0.0, 0.3305306768500915, 0.581574759799324, 0.12140824402915609, 0.17202195950002164, 0.6860050410400996, 0.34013610984076714, 0.216529459092905, 0.007560346756364078, 0.539588388789126, 0.6180148859406188, 0.6203550494965856, 0.745197062743102, 0.6899891385560507, 0.5166832844944383], [3.158357431228655, 1.1796395671216642, 0.0, 0.3331680239627906, 0.5981339449643341, 0.12303607283772294, 0.15666499952455126, 0.6845323753547099, 0.3418916652394006, 0.23331427597757748, 0.007671947615560004, 0.5441887589654992, 0.6135599065959206, 0.622077452385736, 0.7458608769560858, 0.691583459914501, 0.5227641977148553], [2.1417325792552244, 1.0113969755489296, 0.0, 0.3458767139354261, 0.562513285257242, 0.12626127550698046, 0.23738170906388803, 0.6835162220807673, 0.37471615863762486, 0.2167956353946685, 0.007616154688146137, 0.5664724055572945, 0.6212815468468909, 0.6511980681717843, 0.7685204006270647, 0.7069381581457144, 0.5571464190610051], [2.9689848153096428, 1.0144689615867286, 0.0, 0.36438079609429447, 0.5626738929788683, 0.12264266138693546, 0.12140090537101003, 0.684223417495899, 0.3451522503247344, 0.20921510222195816, 0.007616154688146137, 0.5420171995784844, 0.6023014682209933, 0.6190830799211869, 0.7423380091454522, 0.674981025033568, 0.5270306441601194], [3.85586954432219, 1.0413074697682703, 0.0, 0.37373845928090244, 0.5654187613746218, 0.1254401452943797, 0.14884378964545206, 0.6825776006934132, 0.368332251747747, 0.2165531669875418, 0.007727725548673403, 0.5438784214650534, 0.6130574069784871, 0.6196914806863869, 0.7542417378006288, 0.692104771422567, 0.5311092247930117]], "features_2": [[0.017734886406774564, 0.6043690205352161, 0.0, 0.28835811853434595, 0.4338469796536959, 0.1456303671623742, 0.17380842291852971, 0.6615640026470531, 0.48093685825822163, 0.15839833912623136, 0.00822905385914674, 0.6217638223578237, 0.6633206086763277, 0.7029591339653415, 0.8045486452318337, 0.7138198406189267, 0.6310374779186844], [-0.01864657485317034, 0.624638026683451, 0.0, 0.2638506018036618, 0.44374356485551125, 0.14256843744083658, 0.19527069384402368, 0.6670442359691795, 0.47278473225100237, 0.16138207802189686, 0.008173410423425675, 0.6291352586815577, 0.6620397851466998, 0.6922652166632922, 0.8033426339031597, 0.6994067790321986, 0.6321308842134586], [0.3059818088118469, 0.7094703042041725, 0.0, 0.3132621388674435, 0.476051476862171, 0.141098504671216, 0.1867346133360293, 0.6678088144532639, 0.44523261556226656, 0.1771539428518163, 0.00822905385914674, 0.5999786267254508, 0.6691045021069182, 0.7050396411651152, 0.7979226604967522, 0.7204097059897275, 0.6184569545058858], [-0.07761694317184809, 0.65614704576895, 0.0, 0.20752825559961477, 0.45943949272295437, 0.1423234565560619, 0.24781186110126824, 0.6689689912011404, 0.46349395841630314, 0.16720458044548536, 0.00822905385914674, 0.6342607431927867, 0.6828933839578093, 0.7111976780433032, 0.8092409422857899, 0.7139452845914794, 0.6347439250269123], [0.04794852348244261, 0.6018323169613632, 0.0, 0.24014289584566684, 0.44207641180308377, 0.1350558528721638, 0.26054663685493723, 0.6767341699846852, 0.42258159164607334, 0.1450953742098593, 0.008062078829516484, 0.6256904822773333, 0.6605152921606277, 0.6792640085992848, 0.795702285320374, 0.7141659551197732, 0.6196779617826094], [-0.06691418030756147, 0.6869870855388408, 0.0, 0.22060521085934698, 0.47508665771620584, 0.13731531317805087, 0.2384525720241129, 0.6738330548844971, 0.4219132266808807, 0.16743728296655713, 0.007894969482732161, 0.63026330827048, 0.6591798241741212, 0.6867613312766284, 0.7978709406529364, 0.7054464266148994, 0.6170420877195018], [-0.22098803174979764, 0.6518751348571258, 0.0, 0.2128248365283905, 0.45900744193455967, 0.13543885297123634, 0.31526366868104744, 0.6773970967439116, 0.41037822757823017, 0.1586880574453602, 0.007894969482732161, 0.6266648086145659, 0.6796511361834157, 0.7060570998628558, 0.8008503001951777, 0.7167106736835296, 0.6211027388120477], [0.14381251899371295, 0.7602415317744345, 0.0, 0.23448652340820583, 0.4960773678125291, 0.12858520295151407, 0.258644009259806, 0.6819415130204859, 0.355701157300802, 0.17160218484869638, 0.00716927026363523, 0.604672320263627, 0.6378990121756732, 0.6573019289588656, 0.7779353509824911, 0.7110338539502413, 0.5755620139500235], [0.7095381991625578, 0.7808488344394133, 0.0, 0.27501672998154714, 0.49639705617575736, 0.13192602422239902, 0.21326500190835276, 0.6778960354948167, 0.3844095913404175, 0.18036190531603857, 0.007783488497544067, 0.5852436913957089, 0.6370330861546409, 0.6718670868619617, 0.7812007889307829, 0.7018309525662818, 0.5884848998519264]]}