{"labels_1": ["1", "2", "3", "4", "5", "6", "7", "8", "9"], "labels_2": ["1", "2", "3", "4", "5", "6", "7", "8", "9"], "adj_matrix_1": [[0.0, 0.06152, 0.15196, 0.0062, 0.16965, 0.03309, 0.22546, 0.21597, 0.2417], [0.06152, 0.0, 0.17927, 0.05561, 0.12556, 0.02921, 0.20687, 0.25716, 0.26598], [0.15196, 0.17927, 0.0, 0.15529, 0.19584, 0.16823, 0.17922, 0.08832, 0.12347], [0.0062, 0.05561, 0.15529, 0.0, 0.16595, 0.02697, 0.22446, 0.22041, 0.24475], [0.16965, 0.12556, 0.19584, 0.16595, 0.0, 0.14797, 0.11516, 0.3107, 0.26615], [0.03309, 0.02921, 0.16823, 0.02697, 0.14797, 0.0, 0.21784, 0.23876, 0.25633], [0.22546, 0.20687, 0.17922, 0.22446, 0.11516, 0.21784, 0.0, 0.3033, 0.20634], [0.21597, 0.25716, 0.08832, 0.22041, 0.3107, 0.23876, 0.3033, 0.0, 0.15858], [0.2417, 0.26598, 0.12347, 0.24475, 0.26615, 0.25633, 0.20634, 0.15858, 0.0]], "adj_matrix_2": [[0.0, 0.03505, 0.22004, 0.07822, 0.32429, 0.24914, 0.02546, 0.131, 0.10727], [0.03505, 0.0, 0.19014, 0.04361, 0.30109, 0.22083, 0.06031, 0.16278, 0.07324], [0.22004, 0.19014, 0.0, 0.15061, 0.13242, 0.03499, 0.24053, 0.31242, 0.12232], [0.07822, 0.04361, 0.15061, 0.0, 0.26869, 0.18292, 0.1029, 0.20033, 0.02997], [0.32429, 0.30109, 0.13242, 0.26869, 0.0, 0.09844, 0.3394, 0.38407, 0.2445], [0.24914, 0.22083, 0.03499, 0.18292, 0.09844, 0.0, 0.26834, 0.33335, 0.15553], [0.02546, 0.06031, 0.24053, 0.1029, 0.3394, 0.26834, 0.0, 0.10715, 0.13138], [0.131, 0.16278, 0.31242, 0.20033, 0.38407, 0.33335, 0.10715, 0.0, 0.22465], [0.10727, 0.07324, 0.12232, 0.02997, 0.2445, 0.15553, 0.13138, 0.22465, 0.0]], "features_1": [[0.6627153789387847, 0.7706415509689225, 0.0, 0.3045750704772115, 0.49407001609084067, 0.134272750183929, 0.2581193345058992, 0.6750697159036685, 0.40169859130712626, 0.17996310639724356, 0.007727725548673403, 0.5810395687706675, 0.6309779118697965, 0.6652642160698455, 0.7865035037242529, 0.6922421685102431, 0.6166975747278798], [0.4103035396429551, 0.7775035451594028, 0.0, 0.2899774515569552, 0.4899036455840401, 0.13969328784793836, 0.2898731696416753, 0.6695731701854816, 0.41566969961841127, 0.1869879115605544, 0.00716927026363523, 0.5921255656953468, 0.6468811992319301, 0.6730622812286347, 0.7954537686637633, 0.7208286856287158, 0.61665289196497], [1.0698418062743986, 0.85370321366811, 0.0, 0.3436562998803999, 0.5109055789514666, 0.13843301949754988, 0.22698965762913587, 0.6688604687302178, 0.4222176382436891, 0.20123989915926033, 0.008062078829516484, 0.5735305951205258, 0.6294371678854404, 0.6559539577641484, 0.7874383190533301, 0.7027036722061384, 0.6246580395011174], [0.5975133894749791, 0.8232297874640881, 0.0, 0.3217602879613671, 0.49717179420913904, 0.13960937564594803, 0.18075475626379714, 0.665667410912351, 0.43727401103735186, 0.19875536694345186, 0.007950687539111767, 0.5869090471463836, 0.6419894248108982, 0.6799272265296498, 0.7894773591390392, 0.7144369308137135, 0.6240783829451668], [0.22275658583217028, 0.7769038571566118, 0.0, 0.26024879541108675, 0.4936935275236666, 0.13688694536082868, 0.32179006737445237, 0.674737980845445, 0.4085052339591435, 0.18418128729455607, 0.007392832833969631, 0.5994479151680556, 0.6493539771195083, 0.6651571648550685, 0.7956659474298895, 0.7472235820504753, 0.61003072553989], [0.5042704874468349, 0.8049727506335335, 0.0, 0.3049984697042185, 0.49205137838125057, 0.14023182693165576, 0.20086353742568122, 0.665511914289205, 0.425998574650849, 0.19329658837369013, 0.007504523810135222, 0.5918836669942351, 0.6258526119672706, 0.6508632439391694, 0.7893110260776541, 0.7289618901620393, 0.6261132062013107], [0.4177600999344646, 0.7516636665107952, 0.0, 0.2879007074097486, 0.46659035943464994, 0.14103051346389975, 0.12747356026464515, 0.6611981620117434, 0.44000984335710447, 0.18309939502211603, 0.007950687539111767, 0.6035535797673792, 0.6270532283982787, 0.6616839111041602, 0.7856130925496717, 0.7013171092511521, 0.6162022339641321], [-0.000352497095261306, 0.8851053654943153, 0.0, 0.23077274916576165, 0.5282480014968567, 0.12815703531328837, 0.24101746740144492, 0.6818304648583602, 0.36111495169255714, 0.1952857679753397, 0.007336964783822175, 0.6119797263468034, 0.6325675805247508, 0.6451021053825636, 0.7745216121623093, 0.6857583188710374, 0.5661185266246433], [0.22857720725205688, 0.8363766071479436, 0.0, 0.26809418589905887, 0.4958854128378568, 0.13615484589597293, 0.1021158469674603, 0.6682478027959222, 0.40165121244247404, 0.19542186557021823, 0.007671947615560004, 0.6154827078425025, 0.6221274509962428, 0.6346637532586649, 0.772344212400799, 0.6911817838371432, 0.6124393610376395]], "features_2": [[-0.28687834298283743, 0.6683622635898264, 0.0, 0.24098048377029568, 0.4579885604522319, 0.1410804170281507, 0.35737477529953593, 0.6725549640834866, 0.43281191887306325, 0.1672990435948989, 0.008062078829516484, 0.634524142813498, 0.683779243649542, 0.7172177938626767, 0.812264792838873, 0.7251244032720948, 0.6414588153941788], [-0.37272440624782943, 0.6961557649807433, 0.0, 0.2593917288893092, 0.46132682130622055, 0.14324541075476113, 0.31804326822203277, 0.6687318955297787, 0.4477536139824747, 0.17770597636203256, 0.00822905385914674, 0.634427536448396, 0.6702353601551981, 0.7050073250077868, 0.8102724925319115, 0.7330081015653994, 0.6323963919468047], [-0.325977981971731, 0.766116319539364, 0.0, 0.2511597460038844, 0.49019065940825357, 0.13907083159943767, 0.3360616119931933, 0.6736317286041826, 0.4210192882095656, 0.1874634644120161, 0.007950687539111767, 0.6379536968689561, 0.6743023287602005, 0.7031721464192624, 0.8051150855915655, 0.7304644912921674, 0.6335502462371694], [-0.26912195909879166, 0.7540699170461167, 0.0, 0.20534530521355202, 0.4834478466681827, 0.1406654433651539, 0.28273005239960725, 0.6713548290134359, 0.43899665665839116, 0.18830092426959988, 0.008062078829516484, 0.626543716533412, 0.6799627911333002, 0.7159918730333253, 0.808793636229424, 0.7340297209813779, 0.6406618103752164], [-0.457173671833063, 0.6724953013087265, 0.0, 0.23188349604543382, 0.45128535471081244, 0.14256958382314977, 0.23661436725212043, 0.6677980427822785, 0.45839462615204596, 0.17265197573672775, 0.00839589484089287, 0.6492287208985954, 0.6792764180506778, 0.7032405526838073, 0.8051983986588712, 0.7072739861213846, 0.6315121116430945], [-0.3514490611509795, 0.7770352626181978, 0.0, 0.24324343518918903, 0.4925630894898618, 0.13756538994970974, 0.29433650864412114, 0.674331467931355, 0.42968997004419607, 0.19098626534665852, 0.00839589484089287, 0.6416233954577355, 0.6460465313701267, 0.689112698652511, 0.7994189867204645, 0.6957880093912912, 0.6288855372338007], [-0.30051138447393333, 0.752866784580119, 0.0, 0.19765553954765055, 0.4695843945507409, 0.14245383822743407, 0.13076957548524176, 0.6631664489043845, 0.4520837180145212, 0.19156285660847905, 0.008451478759474051, 0.6371763405063002, 0.6636787724826778, 0.6965787393171086, 0.7947453042797045, 0.6935586163234336, 0.6203801516915474], [-0.2878611912939202, 0.797575651145401, 0.0, 0.23322640084682392, 0.495614995850332, 0.13281121701102838, 0.19189693962385518, 0.6764385744277415, 0.3867104853554877, 0.189053785207959, 0.007616154688146137, 0.6188513351041616, 0.6440307774873075, 0.6686504789303876, 0.7790094979154537, 0.7087047174415483, 0.5894945545415302], [-0.2020490398732484, 0.8547293318012492, 0.0, 0.22473211867552859, 0.5091295270960191, 0.13282172717221702, 0.18032393646457692, 0.6761074473122135, 0.38959039047596433, 0.1999152324645328, 0.007950687539111767, 0.6249537280883721, 0.650171422872052, 0.6771445931404821, 0.7778841342446321, 0.6826511506303528, 0.5859379404783264]]}