{"labels_1": ["1", "2", "3", "4", "5", "6", "7", "8", "9"], "labels_2": ["1", "2", "3", "4", "5", "6", "7", "8", "9"], "adj_matrix_1": [[0.0, 0.06152, 0.15196, 0.0062, 0.16965, 0.03309, 0.22546, 0.21597, 0.2417], [0.06152, 0.0, 0.17927, 0.05561, 0.12556, 0.02921, 0.20687, 0.25716, 0.26598], [0.15196, 0.17927, 0.0, 0.15529, 0.19584, 0.16823, 0.17922, 0.08832, 0.12347], [0.0062, 0.05561, 0.15529, 0.0, 0.16595, 0.02697, 0.22446, 0.22041, 0.24475], [0.16965, 0.12556, 0.19584, 0.16595, 0.0, 0.14797, 0.11516, 0.3107, 0.26615], [0.03309, 0.02921, 0.16823, 0.02697, 0.14797, 0.0, 0.21784, 0.23876, 0.25633], [0.22546, 0.20687, 0.17922, 0.22446, 0.11516, 0.21784, 0.0, 0.3033, 0.20634], [0.21597, 0.25716, 0.08832, 0.22041, 0.3107, 0.23876, 0.3033, 0.0, 0.15858], [0.2417, 0.26598, 0.12347, 0.24475, 0.26615, 0.25633, 0.20634, 0.15858, 0.0]], "adj_matrix_2": [[0.0, 0.19835, 0.18109, 0.12021, 0.27329, 0.26758, 0.14933, 0.27083, 0.26758], [0.19835, 0.0, 0.02699, 0.10375, 0.31807, 0.16813, 0.07019, 0.32648, 0.16818], [0.18109, 0.02699, 0.0, 0.07851, 0.32326, 0.18913, 0.04384, 0.33029, 0.18918], [0.12021, 0.10375, 0.07851, 0.0, 0.32216, 0.23858, 0.03569, 0.32501, 0.23861], [0.27329, 0.31807, 0.32326, 0.32216, 0.0, 0.22377, 0.32567, 0.02138, 0.22373], [0.26758, 0.16813, 0.18913, 0.23858, 0.22377, 0.0, 0.21896, 0.24061, 6e-05], [0.14933, 0.07019, 0.04384, 0.03569, 0.32567, 0.21896, 0.0, 0.33037, 0.21899], [0.27083, 0.32648, 0.33029, 0.32501, 0.02138, 0.24061, 0.33037, 0.0, 0.24057], [0.26758, 0.16818, 0.18918, 0.23861, 0.22373, 6e-05, 0.21899, 0.24057, 0.0]], "features_1": [[0.6627153789387847, 0.7706415509689225, 0.0, 0.3045750704772115, 0.49407001609084067, 0.134272750183929, 0.2581193345058992, 0.6750697159036685, 0.40169859130712626, 0.17996310639724356, 0.007727725548673403, 0.5810395687706675, 0.6309779118697965, 0.6652642160698455, 0.7865035037242529, 0.6922421685102431, 0.6166975747278798], [0.4103035396429551, 0.7775035451594028, 0.0, 0.2899774515569552, 0.4899036455840401, 0.13969328784793836, 0.2898731696416753, 0.6695731701854816, 0.41566969961841127, 0.1869879115605544, 0.00716927026363523, 0.5921255656953468, 0.6468811992319301, 0.6730622812286347, 0.7954537686637633, 0.7208286856287158, 0.61665289196497], [1.0698418062743986, 0.85370321366811, 0.0, 0.3436562998803999, 0.5109055789514666, 0.13843301949754988, 0.22698965762913587, 0.6688604687302178, 0.4222176382436891, 0.20123989915926033, 0.008062078829516484, 0.5735305951205258, 0.6294371678854404, 0.6559539577641484, 0.7874383190533301, 0.7027036722061384, 0.6246580395011174], [0.5975133894749791, 0.8232297874640881, 0.0, 0.3217602879613671, 0.49717179420913904, 0.13960937564594803, 0.18075475626379714, 0.665667410912351, 0.43727401103735186, 0.19875536694345186, 0.007950687539111767, 0.5869090471463836, 0.6419894248108982, 0.6799272265296498, 0.7894773591390392, 0.7144369308137135, 0.6240783829451668], [0.22275658583217028, 0.7769038571566118, 0.0, 0.26024879541108675, 0.4936935275236666, 0.13688694536082868, 0.32179006737445237, 0.674737980845445, 0.4085052339591435, 0.18418128729455607, 0.007392832833969631, 0.5994479151680556, 0.6493539771195083, 0.6651571648550685, 0.7956659474298895, 0.7472235820504753, 0.61003072553989], [0.5042704874468349, 0.8049727506335335, 0.0, 0.3049984697042185, 0.49205137838125057, 0.14023182693165576, 0.20086353742568122, 0.665511914289205, 0.425998574650849, 0.19329658837369013, 0.007504523810135222, 0.5918836669942351, 0.6258526119672706, 0.6508632439391694, 0.7893110260776541, 0.7289618901620393, 0.6261132062013107], [0.4177600999344646, 0.7516636665107952, 0.0, 0.2879007074097486, 0.46659035943464994, 0.14103051346389975, 0.12747356026464515, 0.6611981620117434, 0.44000984335710447, 0.18309939502211603, 0.007950687539111767, 0.6035535797673792, 0.6270532283982787, 0.6616839111041602, 0.7856130925496717, 0.7013171092511521, 0.6162022339641321], [-0.000352497095261306, 0.8851053654943153, 0.0, 0.23077274916576165, 0.5282480014968567, 0.12815703531328837, 0.24101746740144492, 0.6818304648583602, 0.36111495169255714, 0.1952857679753397, 0.007336964783822175, 0.6119797263468034, 0.6325675805247508, 0.6451021053825636, 0.7745216121623093, 0.6857583188710374, 0.5661185266246433], [0.22857720725205688, 0.8363766071479436, 0.0, 0.26809418589905887, 0.4958854128378568, 0.13615484589597293, 0.1021158469674603, 0.6682478027959222, 0.40165121244247404, 0.19542186557021823, 0.007671947615560004, 0.6154827078425025, 0.6221274509962428, 0.6346637532586649, 0.772344212400799, 0.6911817838371432, 0.6124393610376395]], "features_2": [[0.5492133065035447, 0.7579878997234233, 0.0, 0.2664295760791878, 0.47839538015182886, 0.14100902923152714, 0.19818411508563755, 0.6664091465574936, 0.4286083077249212, 0.1829841556945624, 0.007727725548673403, 0.594268807372107, 0.6283137716138922, 0.6383930292728283, 0.7883763998739485, 0.707219769892105, 0.6135363269982653], [0.09874490803840308, 0.8048486304684576, 0.0, 0.26213708887787207, 0.49554053196216585, 0.1422476437468956, 0.347628816234522, 0.6681657991946628, 0.4434556991300682, 0.1988311930091371, 0.008562602043175715, 0.6047190914417548, 0.6548854922425781, 0.6839116818726738, 0.7957408417604785, 0.7205987300361635, 0.6214519228723667], [0.26165855544058747, 0.9154692401439445, 0.0, 0.2330191545564502, 0.5192835807430639, 0.14124289554856678, 0.17593783415808062, 0.6649151398540343, 0.43727220507808373, 0.21963792850419694, 0.007894969482732161, 0.6074767855719025, 0.6455123734644475, 0.6758260438595012, 0.7854444435478698, 0.689838705040279, 0.6108505127477823], [0.5033305426929604, 0.8852914135812566, 0.0, 0.2605514902974259, 0.5081899389473288, 0.1423678328145364, 0.13444088615888675, 0.6624018634293081, 0.43448040719641745, 0.21246204439262395, 0.007894969482732161, 0.6059289967348591, 0.6272470788458268, 0.6543079686185416, 0.7866336970232143, 0.6956858517489302, 0.608071500080907], [-0.32462396098448876, 0.8552715108818744, 0.0, 0.23684614809274016, 0.5138841814467962, 0.1367389233041592, 0.2877878947734217, 0.6736546655168326, 0.4204586585578274, 0.20774431602429355, 0.008117752083540042, 0.6312162761580402, 0.6525853432773618, 0.6827392622861926, 0.7890550701835036, 0.7184720049403455, 0.6037876194440545], [0.04233255024784066, 0.9391958927450934, 0.0, 0.22521882829490017, 0.5278165230060924, 0.1397226753429487, 0.20842879939005812, 0.6676836173494194, 0.42604986249017185, 0.22308521950984006, 0.007783488497544067, 0.612126369626615, 0.6472966733741307, 0.6667913358545828, 0.7837797010740736, 0.7090736074637418, 0.6017006246732585], [0.37278755001476016, 0.9137723069914743, 0.0, 0.25424310435099334, 0.5213439464145543, 0.1371601762169174, 0.19900181010432902, 0.6715497670760997, 0.4249973291794209, 0.21498662390119527, 0.007894969482732161, 0.6025157575742863, 0.6456735803845342, 0.6810430330506464, 0.786167836459488, 0.6939140567566419, 0.5883875978594338], [-0.09056721455677863, 0.9315855616121032, 0.0, 0.23859869767539246, 0.5394527282532718, 0.12873613368056738, 0.23446148445110565, 0.6811502292067935, 0.378908794568215, 0.21027221055351974, 0.007671947615560004, 0.6250331724446387, 0.666067477421091, 0.6764757863647944, 0.7753597875891681, 0.7035583690927467, 0.5855711342937423], [-0.17096558928273042, 0.9412179814699853, 0.0, 0.2657929180984279, 0.539721235157171, 0.12957302471170828, 0.25318856309977633, 0.6806330611799876, 0.37774454972418203, 0.21306287218473496, 0.007560346756364078, 0.6140901619170704, 0.6367281094594518, 0.6588889416814372, 0.7760532124646241, 0.6791555135779969, 0.5804606940885652]]}