{"labels_1": ["1", "2", "3", "4", "5", "6", "7", "8", "9"], "labels_2": ["1", "2", "3", "4", "5", "6", "7", "8", "9"], "adj_matrix_1": [[0.0, 0.05712, 0.00642, 0.11668, 0.03911, 0.09338, 0.15134, 0.03089, 0.14584], [0.05712, 0.0, 0.05108, 0.14992, 0.01896, 0.04168, 0.1699, 0.0273, 0.13241], [0.00642, 0.05108, 0.0, 0.12123, 0.03284, 0.08821, 0.15429, 0.02454, 0.14479], [0.11668, 0.14992, 0.12123, 0.0, 0.14113, 0.16182, 0.05333, 0.13653, 0.13248], [0.03911, 0.01896, 0.03284, 0.14113, 0.0, 0.05951, 0.16606, 0.00844, 0.1385], [0.09338, 0.04168, 0.08821, 0.16182, 0.05951, 0.0, 0.17081, 0.06713, 0.11245], [0.15134, 0.1699, 0.15429, 0.05333, 0.16606, 0.17081, 0.0, 0.16364, 0.11785], [0.03089, 0.0273, 0.02454, 0.13653, 0.00844, 0.06713, 0.16364, 0.0, 0.1407], [0.14584, 0.13241, 0.14479, 0.13248, 0.1385, 0.11245, 0.11785, 0.1407, 0.0]], "adj_matrix_2": [[0.0, 0.14137, 0.12089, 0.01359, 0.06588, 0.15005, 0.06007, 0.1534, 0.12351], [0.14137, 0.0, 0.20115, 0.13296, 0.24361, 0.03365, 0.25865, 0.047, 0.0642], [0.12089, 0.20115, 0.0, 0.12862, 0.15389, 0.19766, 0.14598, 0.19539, 0.2004], [0.01359, 0.13296, 0.12862, 0.0, 0.05908, 0.1421, 0.05366, 0.14568, 0.11475], [0.06588, 0.24361, 0.15389, 0.05908, 0.0, 0.25479, 0.03188, 0.25791, 0.20973], [0.15005, 0.03365, 0.19766, 0.1421, 0.25479, 0.0, 0.26658, 0.01357, 0.09586], [0.06007, 0.25865, 0.14598, 0.05366, 0.03188, 0.26658, 0.0, 0.26838, 0.23064], [0.1534, 0.047, 0.19539, 0.14568, 0.25791, 0.01357, 0.26838, 0.0, 0.10801], [0.12351, 0.0642, 0.2004, 0.11475, 0.20973, 0.09586, 0.23064, 0.10801, 0.0]], "features_1": [[2.3542190327961343, 1.0253636641783863, 0.0, 0.3388103789871004, 0.5633416197200705, 0.12573291472978881, 0.20210945671258856, 0.6826009759555429, 0.3483310369475343, 0.2125920421737082, 0.007225183508792421, 0.5551567910071413, 0.6132846319014037, 0.640249761513825, 0.7555725758002982, 0.6832658407237054, 0.5362835284686834], [3.163432772717324, 1.1160987145069838, 0.0, 0.35554872962431744, 0.5839701101379022, 0.12393725279294657, 0.15341008271439094, 0.6837365152911697, 0.3465514944081509, 0.22295175913248633, 0.007448685839370306, 0.5442132736090217, 0.6106037660166642, 0.6241874246961953, 0.7491915528138097, 0.7038998180343538, 0.516191257039832], [2.745134179879888, 1.2551784534522754, 0.0, 0.3321761346534426, 0.6105186690300047, 0.12380003042685729, 0.1542441727697316, 0.6834323655055394, 0.33960761488077496, 0.2463230608547764, 0.007225183508792421, 0.5485647514251539, 0.6085489260296288, 0.6239017802763546, 0.7428606889283003, 0.6861689805965562, 0.5225818534553782], [1.8512491145570742, 1.124820153461168, 0.0, 0.330659345943895, 0.5876571035604842, 0.1250108729027098, 0.2281995577387015, 0.6840074697282306, 0.3545078952169205, 0.23302408236304917, 0.007560346756364078, 0.5654550380896723, 0.6135643682328087, 0.6323044174930701, 0.7596248209922538, 0.6823650704478595, 0.5500338053736004], [3.0822615874350623, 1.087824332680612, 0.0, 0.3305306768500915, 0.581574759799324, 0.12140824402915609, 0.17202195950002164, 0.6860050410400996, 0.34013610984076714, 0.216529459092905, 0.007560346756364078, 0.539588388789126, 0.6180148859406188, 0.6203550494965856, 0.745197062743102, 0.6899891385560507, 0.5166832844944383], [3.158357431228655, 1.1796395671216642, 0.0, 0.3331680239627906, 0.5981339449643341, 0.12303607283772294, 0.15666499952455126, 0.6845323753547099, 0.3418916652394006, 0.23331427597757748, 0.007671947615560004, 0.5441887589654992, 0.6135599065959206, 0.622077452385736, 0.7458608769560858, 0.691583459914501, 0.5227641977148553], [2.1417325792552244, 1.0113969755489296, 0.0, 0.3458767139354261, 0.562513285257242, 0.12626127550698046, 0.23738170906388803, 0.6835162220807673, 0.37471615863762486, 0.2167956353946685, 0.007616154688146137, 0.5664724055572945, 0.6212815468468909, 0.6511980681717843, 0.7685204006270647, 0.7069381581457144, 0.5571464190610051], [2.9689848153096428, 1.0144689615867286, 0.0, 0.36438079609429447, 0.5626738929788683, 0.12264266138693546, 0.12140090537101003, 0.684223417495899, 0.3451522503247344, 0.20921510222195816, 0.007616154688146137, 0.5420171995784844, 0.6023014682209933, 0.6190830799211869, 0.7423380091454522, 0.674981025033568, 0.5270306441601194], [3.85586954432219, 1.0413074697682703, 0.0, 0.37373845928090244, 0.5654187613746218, 0.1254401452943797, 0.14884378964545206, 0.6825776006934132, 0.368332251747747, 0.2165531669875418, 0.007727725548673403, 0.5438784214650534, 0.6130574069784871, 0.6196914806863869, 0.7542417378006288, 0.692104771422567, 0.5311092247930117]], "features_2": [[2.715432164334633, 0.9391745082258657, 0.0, 0.34425947525968287, 0.5361239352249775, 0.13050244766698182, 0.1807617089155052, 0.6772033595980225, 0.38311372330432913, 0.2061463659015741, 0.007727725548673403, 0.5477622835006153, 0.6199601918563099, 0.6495085417016192, 0.7657364837485284, 0.6964197667090867, 0.5633258879307101], [0.5186745967241038, 0.9308227715606434, 0.0, 0.26574356496048357, 0.5353388887467259, 0.13138227078348938, 0.20742690025162175, 0.6771383595131095, 0.38083686414561124, 0.21029240888195022, 0.007727725548673403, 0.5836746741451919, 0.6262338888541212, 0.6481498146292096, 0.7730451637259796, 0.7155420664213689, 0.5781888011731653], [1.8766434393946403, 1.034932062950704, 0.0, 0.3225303760369465, 0.5554737599326867, 0.1321390576590214, 0.15208508198112441, 0.6753296284111732, 0.3924458913996465, 0.22977738761681943, 0.007727725548673403, 0.5582882805458309, 0.608435389284352, 0.640661766004495, 0.7694989364452528, 0.7004498981165385, 0.567370490388268], [2.3898725526818634, 0.9828784807150832, 0.0, 0.33132849974568157, 0.5422259364780073, 0.13455300178177787, 0.17813240540947534, 0.6735238591073327, 0.4061055994845124, 0.2210419275694011, 0.007727725548673403, 0.553904460280159, 0.6140356337179901, 0.6333168773878124, 0.7792049675646231, 0.7099265061317563, 0.5870448519065723], [0.2768332453148781, 0.8253383894994161, 0.0, 0.24714910732176582, 0.5050636985832331, 0.1361199810213374, 0.21101837459880812, 0.6733311357456722, 0.4044230325484326, 0.1958128566258226, 0.007504523810135222, 0.6086986471550873, 0.6410790796159858, 0.6718469126381064, 0.7859514320141915, 0.7045556930441651, 0.5938871407847516], [0.28243802422209807, 0.9385972632695695, 0.0, 0.26741133735257316, 0.5290166813615667, 0.13762265791355008, 0.18611646745200333, 0.6708652702217244, 0.41650145326628407, 0.22277345802097837, 0.007727725548673403, 0.5966803898156179, 0.6505562257621629, 0.683751138278249, 0.7872052788767274, 0.7119254564559632, 0.5943037646717305], [0.03804928268568153, 0.8084125222781069, 0.0, 0.25727237427266547, 0.49185271969845434, 0.13988814527705268, 0.17263812467180345, 0.668250060643831, 0.4217894794370891, 0.1979827531401912, 0.007783488497544067, 0.6221597256849662, 0.6492458251056977, 0.6829989859523833, 0.7930320867563581, 0.7028356868596362, 0.6264264301277039], [0.6909021542142417, 0.8619073796924607, 0.0, 0.24149073262065207, 0.5050451435699663, 0.13729661786068187, 0.1672930373030141, 0.6690668013307579, 0.41496850765858184, 0.20442570894471457, 0.007894969482732161, 0.604345158695744, 0.6332320032761332, 0.6523966353897866, 0.7773279913060911, 0.6961570273148578, 0.5631621784980305], [0.4909753916006365, 0.8800660402595256, 0.0, 0.2107177444571921, 0.5091197345446856, 0.1349313378153649, 0.15752026952856965, 0.6713148844828518, 0.39376987738274405, 0.20442067828146704, 0.007727725548673403, 0.5984454589376949, 0.6346432778590185, 0.6640009876139834, 0.7699541134594374, 0.6921626927560555, 0.5645057276107963]]}