{"labels_1": ["1", "2", "3", "4", "5", "6", "7", "8", "9"], "labels_2": ["1", "2", "3", "4", "5", "6", "7", "8", "9"], "adj_matrix_1": [[0.0, 0.20858, 0.07156, 0.03156, 0.0655, 0.18236, 0.17787, 0.27325, 0.20278], [0.20858, 0.0, 0.15696, 0.2273, 0.24549, 0.04081, 0.04696, 0.30828, 0.00994], [0.07156, 0.15696, 0.0, 0.10169, 0.13314, 0.12348, 0.11797, 0.30612, 0.1493], [0.03156, 0.2273, 0.10169, 0.0, 0.03433, 0.20479, 0.20076, 0.25395, 0.22248], [0.0655, 0.24549, 0.13314, 0.03433, 0.0, 0.22689, 0.22351, 0.22983, 0.2416], [0.18236, 0.04081, 0.12348, 0.20479, 0.22689, 0.0, 0.00625, 0.31792, 0.031], [0.17787, 0.04696, 0.11797, 0.20076, 0.22351, 0.00625, 0.0, 0.3187, 0.03719], [0.27325, 0.30828, 0.30612, 0.25395, 0.22983, 0.31792, 0.3187, 0.0, 0.31126], [0.20278, 0.00994, 0.1493, 0.22248, 0.2416, 0.031, 0.03719, 0.31126, 0.0]], "adj_matrix_2": [[0.0, 0.16412, 0.22922, 0.01789, 0.11456, 0.17991, 0.04018, 0.06047, 0.1812], [0.16412, 0.0, 0.07626, 0.17965, 0.05369, 0.0179, 0.12757, 0.2145, 0.01934], [0.22922, 0.07626, 0.0, 0.24267, 0.12816, 0.05862, 0.19678, 0.27179, 0.05719], [0.01789, 0.17965, 0.24267, 0.0, 0.13123, 0.195, 0.05788, 0.04281, 0.19624], [0.11456, 0.05369, 0.12816, 0.13123, 0.0, 0.07134, 0.0759, 0.16943, 0.07277], [0.17991, 0.0179, 0.05862, 0.195, 0.07134, 0.0, 0.14422, 0.22859, 0.00145], [0.04018, 0.12757, 0.19678, 0.05788, 0.0759, 0.14422, 0.0, 0.09947, 0.14556], [0.06047, 0.2145, 0.27179, 0.04281, 0.16943, 0.22859, 0.09947, 0.0, 0.22974], [0.1812, 0.01934, 0.05719, 0.19624, 0.07277, 0.00145, 0.14556, 0.22974, 0.0]], "features_1": [[0.21336573414471527, 0.879809599352899, 0.0, 0.23016815737481525, 0.5175824274007882, 0.13158819410674927, 0.16281559178946664, 0.6751779538645196, 0.3783062159934276, 0.2010750714206493, 0.007225183508792421, 0.6037957386485502, 0.6269420220795839, 0.6666568395917232, 0.7646826642273793, 0.7046894327853135, 0.5831027846030689], [0.616367726573551, 0.835434556673647, 0.0, 0.22969800320432762, 0.5019017098747611, 0.1351894234477713, 0.15903576911244316, 0.6718486068901188, 0.3989310118937952, 0.19382116349573542, 0.007448685839370306, 0.5912904975268769, 0.6313157066295686, 0.6565493583040478, 0.77921583409886, 0.6999340276394506, 0.6006537431726569], [0.18214690404998013, 1.034823554307197, 0.0, 0.2167569992088675, 0.5536925282512798, 0.13121901731037022, 0.1189310584594537, 0.6749753527877037, 0.38224517370151156, 0.23187242653899287, 0.007671947615560004, 0.6044158849133694, 0.6125393492782633, 0.6462448221000575, 0.7619564059761722, 0.6786834857710189, 0.5836639319973415], [0.2858253475048733, 0.9919875191232893, 0.0, 0.23478306606196805, 0.5441180000352934, 0.1333150189405197, 0.1394225009861209, 0.6731183474298131, 0.384432310965269, 0.22461594399150475, 0.007225183508792421, 0.6001001342957522, 0.6257354897656039, 0.6630577152005365, 0.7675940830073913, 0.6969864833693644, 0.5885748716650656], [0.512540930296661, 0.7972984865754265, 0.0, 0.20822161761380964, 0.4917309988638545, 0.1361389475571181, 0.1726892319189325, 0.6713910100659002, 0.4063972118632928, 0.18654395985351035, 0.007894969482732161, 0.6085017545860656, 0.6517321921591035, 0.663909536000136, 0.7847357699594, 0.7100731443381553, 0.6107580597764256], [0.43014605727030286, 0.9837783900937019, 0.0, 0.22186729698493898, 0.5415405478044172, 0.1337933656483195, 0.12856904822173262, 0.6728956605786012, 0.3940172138875715, 0.2236343058030108, 0.007783488497544067, 0.5997063002757961, 0.6312863225925702, 0.6513379882888032, 0.7716443325350553, 0.6921494797325163, 0.5940247443268525], [0.33362439365052676, 0.8850863917590729, 0.0, 0.2638836340206138, 0.5156099791747991, 0.1371307497377243, 0.12949190976565178, 0.6696937180525293, 0.3985646357633603, 0.20804848478947413, 0.007392832833969631, 0.5946858379290267, 0.630376659808114, 0.6606400876532333, 0.7798668987491661, 0.6953098429880729, 0.5968900093965401], [-0.008831093851589866, 0.9046612149156916, 0.0, 0.18652309248225818, 0.5270206881088842, 0.13180433467065444, 0.15605586398472227, 0.6761379310457405, 0.370381650790659, 0.20647580350171357, 0.00711334193318236, 0.6193767196199933, 0.6294411180688271, 0.6487292713476499, 0.7725255563000477, 0.6829408031079407, 0.5895298585623868], [0.6539086721623639, 0.9229795462606936, 0.0, 0.2758440123871209, 0.5235408322605618, 0.13563646009126978, 0.14101305455884444, 0.6709152561330907, 0.4020494537640402, 0.21246237585800554, 0.00783923647221818, 0.5867097876651051, 0.6324032668012679, 0.6480231490562293, 0.7759824798384856, 0.7042623303922615, 0.5890277385484669]], "features_2": [[-0.12487557842325225, 0.6711921337069356, 0.0, 0.21649940142529078, 0.47621328183198397, 0.13602350642130884, 0.3535891725897038, 0.6793871785695619, 0.4331606854839898, 0.16525234216428597, 0.008451478759474051, 0.6298654744913286, 0.6857390988349605, 0.7246487662664066, 0.8070579352349863, 0.7131467371960594, 0.6282124935166717], [-0.016883417842087578, 0.7556133001051952, 0.0, 0.19919989484041065, 0.4950616404610497, 0.1387261226604744, 0.29742358938819036, 0.675292868904405, 0.4371192472639809, 0.18660806748683378, 0.008340296057933516, 0.6361771141370327, 0.6892936583928444, 0.7173244986658921, 0.806695981009733, 0.7287982598250847, 0.6167140712246938], [-0.20054602070929617, 0.7943544506067634, 0.0, 0.2267240796229121, 0.5160351955252735, 0.13611469423144787, 0.3337524093749515, 0.6789497195335531, 0.4322082563219434, 0.19364819180787118, 0.008451478759474051, 0.6340272891919785, 0.6871740474053469, 0.706443537718083, 0.8050901577579922, 0.7234852013556505, 0.6248956999356743], [-0.16727792500999694, 0.7401905931896371, 0.0, 0.22054779265297283, 0.4960537757521922, 0.13712214677722245, 0.33987812415779217, 0.677995791294919, 0.4406511494025629, 0.18271669734417673, 0.008562602043175715, 0.6333835572688127, 0.6895890550933139, 0.7150536208849789, 0.8082872286180408, 0.7206959310917642, 0.6323558538861893], [0.07252438948476714, 0.7189616203208886, 0.0, 0.21520251516133246, 0.48151984186110086, 0.13895090661753684, 0.29717358927680876, 0.6751296546769616, 0.4442175494414242, 0.17730907707521215, 0.008507047823598457, 0.63056051783421, 0.6890710163275318, 0.7218814556977132, 0.808162948382917, 0.7274041861910995, 0.6190482249676441], [-0.21696816577798517, 0.790420146311408, 0.0, 0.23310778586487513, 0.5054591241886769, 0.13904724309439492, 0.2860667557333052, 0.6747785646506965, 0.44452837459304195, 0.19572302874501957, 0.008451478759474051, 0.6330207928893441, 0.6872562760698426, 0.7138184111321979, 0.8052028666549967, 0.7221321555891164, 0.6259885619548722], [-0.13983000826960135, 0.7398790725453873, 0.0, 0.23442398336453393, 0.4847952741549145, 0.13670422650205172, 0.27414420060071765, 0.6750819697987488, 0.4312701677721291, 0.18239872876846763, 0.008451478759474051, 0.6223978230050082, 0.6556063563961824, 0.67623891129013, 0.797191541247024, 0.6893212682877328, 0.6056717184572097], [-0.06106447566540396, 0.7437031493157302, 0.0, 0.24897560651838088, 0.47949765822144286, 0.13678746281937038, 0.23112403150500355, 0.6746400617430219, 0.42086757557055, 0.1812379903950474, 0.008006390651371653, 0.6184350547615309, 0.657577424119692, 0.696639535859165, 0.7946790044672966, 0.7227135961158329, 0.6132961158042699], [-0.09963160657651926, 0.751692842746456, 0.0, 0.1953718039926943, 0.4825827982323046, 0.13389960304232765, 0.25485127730253865, 0.6770210025663279, 0.39873464844185214, 0.17918891098832357, 0.00783923647221818, 0.6250795370771005, 0.6623954563439304, 0.6819326210137799, 0.7882035671388178, 0.706837674274419, 0.5974203741523622]]}