{"labels_1": ["1", "2", "3", "4", "5", "6", "7", "8", "9"], "labels_2": ["1", "2", "3", "4", "5", "6", "7", "8", "9"], "adj_matrix_1": [[0.0, 0.20858, 0.07156, 0.03156, 0.0655, 0.18236, 0.17787, 0.27325, 0.20278], [0.20858, 0.0, 0.15696, 0.2273, 0.24549, 0.04081, 0.04696, 0.30828, 0.00994], [0.07156, 0.15696, 0.0, 0.10169, 0.13314, 0.12348, 0.11797, 0.30612, 0.1493], [0.03156, 0.2273, 0.10169, 0.0, 0.03433, 0.20479, 0.20076, 0.25395, 0.22248], [0.0655, 0.24549, 0.13314, 0.03433, 0.0, 0.22689, 0.22351, 0.22983, 0.2416], [0.18236, 0.04081, 0.12348, 0.20479, 0.22689, 0.0, 0.00625, 0.31792, 0.031], [0.17787, 0.04696, 0.11797, 0.20076, 0.22351, 0.00625, 0.0, 0.3187, 0.03719], [0.27325, 0.30828, 0.30612, 0.25395, 0.22983, 0.31792, 0.3187, 0.0, 0.31126], [0.20278, 0.00994, 0.1493, 0.22248, 0.2416, 0.031, 0.03719, 0.31126, 0.0]], "adj_matrix_2": [[0.0, 0.03505, 0.22004, 0.07822, 0.32429, 0.24914, 0.02546, 0.131, 0.10727], [0.03505, 0.0, 0.19014, 0.04361, 0.30109, 0.22083, 0.06031, 0.16278, 0.07324], [0.22004, 0.19014, 0.0, 0.15061, 0.13242, 0.03499, 0.24053, 0.31242, 0.12232], [0.07822, 0.04361, 0.15061, 0.0, 0.26869, 0.18292, 0.1029, 0.20033, 0.02997], [0.32429, 0.30109, 0.13242, 0.26869, 0.0, 0.09844, 0.3394, 0.38407, 0.2445], [0.24914, 0.22083, 0.03499, 0.18292, 0.09844, 0.0, 0.26834, 0.33335, 0.15553], [0.02546, 0.06031, 0.24053, 0.1029, 0.3394, 0.26834, 0.0, 0.10715, 0.13138], [0.131, 0.16278, 0.31242, 0.20033, 0.38407, 0.33335, 0.10715, 0.0, 0.22465], [0.10727, 0.07324, 0.12232, 0.02997, 0.2445, 0.15553, 0.13138, 0.22465, 0.0]], "features_1": [[0.21336573414471527, 0.879809599352899, 0.0, 0.23016815737481525, 0.5175824274007882, 0.13158819410674927, 0.16281559178946664, 0.6751779538645196, 0.3783062159934276, 0.2010750714206493, 0.007225183508792421, 0.6037957386485502, 0.6269420220795839, 0.6666568395917232, 0.7646826642273793, 0.7046894327853135, 0.5831027846030689], [0.616367726573551, 0.835434556673647, 0.0, 0.22969800320432762, 0.5019017098747611, 0.1351894234477713, 0.15903576911244316, 0.6718486068901188, 0.3989310118937952, 0.19382116349573542, 0.007448685839370306, 0.5912904975268769, 0.6313157066295686, 0.6565493583040478, 0.77921583409886, 0.6999340276394506, 0.6006537431726569], [0.18214690404998013, 1.034823554307197, 0.0, 0.2167569992088675, 0.5536925282512798, 0.13121901731037022, 0.1189310584594537, 0.6749753527877037, 0.38224517370151156, 0.23187242653899287, 0.007671947615560004, 0.6044158849133694, 0.6125393492782633, 0.6462448221000575, 0.7619564059761722, 0.6786834857710189, 0.5836639319973415], [0.2858253475048733, 0.9919875191232893, 0.0, 0.23478306606196805, 0.5441180000352934, 0.1333150189405197, 0.1394225009861209, 0.6731183474298131, 0.384432310965269, 0.22461594399150475, 0.007225183508792421, 0.6001001342957522, 0.6257354897656039, 0.6630577152005365, 0.7675940830073913, 0.6969864833693644, 0.5885748716650656], [0.512540930296661, 0.7972984865754265, 0.0, 0.20822161761380964, 0.4917309988638545, 0.1361389475571181, 0.1726892319189325, 0.6713910100659002, 0.4063972118632928, 0.18654395985351035, 0.007894969482732161, 0.6085017545860656, 0.6517321921591035, 0.663909536000136, 0.7847357699594, 0.7100731443381553, 0.6107580597764256], [0.43014605727030286, 0.9837783900937019, 0.0, 0.22186729698493898, 0.5415405478044172, 0.1337933656483195, 0.12856904822173262, 0.6728956605786012, 0.3940172138875715, 0.2236343058030108, 0.007783488497544067, 0.5997063002757961, 0.6312863225925702, 0.6513379882888032, 0.7716443325350553, 0.6921494797325163, 0.5940247443268525], [0.33362439365052676, 0.8850863917590729, 0.0, 0.2638836340206138, 0.5156099791747991, 0.1371307497377243, 0.12949190976565178, 0.6696937180525293, 0.3985646357633603, 0.20804848478947413, 0.007392832833969631, 0.5946858379290267, 0.630376659808114, 0.6606400876532333, 0.7798668987491661, 0.6953098429880729, 0.5968900093965401], [-0.008831093851589866, 0.9046612149156916, 0.0, 0.18652309248225818, 0.5270206881088842, 0.13180433467065444, 0.15605586398472227, 0.6761379310457405, 0.370381650790659, 0.20647580350171357, 0.00711334193318236, 0.6193767196199933, 0.6294411180688271, 0.6487292713476499, 0.7725255563000477, 0.6829408031079407, 0.5895298585623868], [0.6539086721623639, 0.9229795462606936, 0.0, 0.2758440123871209, 0.5235408322605618, 0.13563646009126978, 0.14101305455884444, 0.6709152561330907, 0.4020494537640402, 0.21246237585800554, 0.00783923647221818, 0.5867097876651051, 0.6324032668012679, 0.6480231490562293, 0.7759824798384856, 0.7042623303922615, 0.5890277385484669]], "features_2": [[-0.28687834298283743, 0.6683622635898264, 0.0, 0.24098048377029568, 0.4579885604522319, 0.1410804170281507, 0.35737477529953593, 0.6725549640834866, 0.43281191887306325, 0.1672990435948989, 0.008062078829516484, 0.634524142813498, 0.683779243649542, 0.7172177938626767, 0.812264792838873, 0.7251244032720948, 0.6414588153941788], [-0.37272440624782943, 0.6961557649807433, 0.0, 0.2593917288893092, 0.46132682130622055, 0.14324541075476113, 0.31804326822203277, 0.6687318955297787, 0.4477536139824747, 0.17770597636203256, 0.00822905385914674, 0.634427536448396, 0.6702353601551981, 0.7050073250077868, 0.8102724925319115, 0.7330081015653994, 0.6323963919468047], [-0.325977981971731, 0.766116319539364, 0.0, 0.2511597460038844, 0.49019065940825357, 0.13907083159943767, 0.3360616119931933, 0.6736317286041826, 0.4210192882095656, 0.1874634644120161, 0.007950687539111767, 0.6379536968689561, 0.6743023287602005, 0.7031721464192624, 0.8051150855915655, 0.7304644912921674, 0.6335502462371694], [-0.26912195909879166, 0.7540699170461167, 0.0, 0.20534530521355202, 0.4834478466681827, 0.1406654433651539, 0.28273005239960725, 0.6713548290134359, 0.43899665665839116, 0.18830092426959988, 0.008062078829516484, 0.626543716533412, 0.6799627911333002, 0.7159918730333253, 0.808793636229424, 0.7340297209813779, 0.6406618103752164], [-0.457173671833063, 0.6724953013087265, 0.0, 0.23188349604543382, 0.45128535471081244, 0.14256958382314977, 0.23661436725212043, 0.6677980427822785, 0.45839462615204596, 0.17265197573672775, 0.00839589484089287, 0.6492287208985954, 0.6792764180506778, 0.7032405526838073, 0.8051983986588712, 0.7072739861213846, 0.6315121116430945], [-0.3514490611509795, 0.7770352626181978, 0.0, 0.24324343518918903, 0.4925630894898618, 0.13756538994970974, 0.29433650864412114, 0.674331467931355, 0.42968997004419607, 0.19098626534665852, 0.00839589484089287, 0.6416233954577355, 0.6460465313701267, 0.689112698652511, 0.7994189867204645, 0.6957880093912912, 0.6288855372338007], [-0.30051138447393333, 0.752866784580119, 0.0, 0.19765553954765055, 0.4695843945507409, 0.14245383822743407, 0.13076957548524176, 0.6631664489043845, 0.4520837180145212, 0.19156285660847905, 0.008451478759474051, 0.6371763405063002, 0.6636787724826778, 0.6965787393171086, 0.7947453042797045, 0.6935586163234336, 0.6203801516915474], [-0.2878611912939202, 0.797575651145401, 0.0, 0.23322640084682392, 0.495614995850332, 0.13281121701102838, 0.19189693962385518, 0.6764385744277415, 0.3867104853554877, 0.189053785207959, 0.007616154688146137, 0.6188513351041616, 0.6440307774873075, 0.6686504789303876, 0.7790094979154537, 0.7087047174415483, 0.5894945545415302], [-0.2020490398732484, 0.8547293318012492, 0.0, 0.22473211867552859, 0.5091295270960191, 0.13282172717221702, 0.18032393646457692, 0.6761074473122135, 0.38959039047596433, 0.1999152324645328, 0.007950687539111767, 0.6249537280883721, 0.650171422872052, 0.6771445931404821, 0.7778841342446321, 0.6826511506303528, 0.5859379404783264]]}