{"labels_1": ["1", "2", "3", "4", "5", "6", "7", "8", "9"], "labels_2": ["1", "2", "3", "4", "5", "6", "7", "8", "9"], "adj_matrix_1": [[0.0, 0.20858, 0.07156, 0.03156, 0.0655, 0.18236, 0.17787, 0.27325, 0.20278], [0.20858, 0.0, 0.15696, 0.2273, 0.24549, 0.04081, 0.04696, 0.30828, 0.00994], [0.07156, 0.15696, 0.0, 0.10169, 0.13314, 0.12348, 0.11797, 0.30612, 0.1493], [0.03156, 0.2273, 0.10169, 0.0, 0.03433, 0.20479, 0.20076, 0.25395, 0.22248], [0.0655, 0.24549, 0.13314, 0.03433, 0.0, 0.22689, 0.22351, 0.22983, 0.2416], [0.18236, 0.04081, 0.12348, 0.20479, 0.22689, 0.0, 0.00625, 0.31792, 0.031], [0.17787, 0.04696, 0.11797, 0.20076, 0.22351, 0.00625, 0.0, 0.3187, 0.03719], [0.27325, 0.30828, 0.30612, 0.25395, 0.22983, 0.31792, 0.3187, 0.0, 0.31126], [0.20278, 0.00994, 0.1493, 0.22248, 0.2416, 0.031, 0.03719, 0.31126, 0.0]], "adj_matrix_2": [[0.0, 0.10079, 0.07183, 0.1995, 0.24386, 0.00262, 0.19155, 0.26356, 0.36877], [0.10079, 0.0, 0.02948, 0.10454, 0.15424, 0.10335, 0.09584, 0.17709, 0.32271], [0.07183, 0.02948, 0.0, 0.13285, 0.18122, 0.07442, 0.12432, 0.20327, 0.33752], [0.1995, 0.10454, 0.13285, 0.0, 0.05246, 0.20184, 0.00897, 0.07734, 0.25893], [0.24386, 0.15424, 0.18122, 0.05246, 0.0, 0.24601, 0.06134, 0.02525, 0.22078], [0.00262, 0.10335, 0.07442, 0.20184, 0.24601, 0.0, 0.1939, 0.26564, 0.36974], [0.19155, 0.09584, 0.12432, 0.00897, 0.06134, 0.1939, 0.0, 0.0861, 0.26502], [0.26356, 0.17709, 0.20327, 0.07734, 0.02525, 0.26564, 0.0861, 0.0, 0.20095], [0.36877, 0.32271, 0.33752, 0.25893, 0.22078, 0.36974, 0.26502, 0.20095, 0.0]], "features_1": [[0.21336573414471527, 0.879809599352899, 0.0, 0.23016815737481525, 0.5175824274007882, 0.13158819410674927, 0.16281559178946664, 0.6751779538645196, 0.3783062159934276, 0.2010750714206493, 0.007225183508792421, 0.6037957386485502, 0.6269420220795839, 0.6666568395917232, 0.7646826642273793, 0.7046894327853135, 0.5831027846030689], [0.616367726573551, 0.835434556673647, 0.0, 0.22969800320432762, 0.5019017098747611, 0.1351894234477713, 0.15903576911244316, 0.6718486068901188, 0.3989310118937952, 0.19382116349573542, 0.007448685839370306, 0.5912904975268769, 0.6313157066295686, 0.6565493583040478, 0.77921583409886, 0.6999340276394506, 0.6006537431726569], [0.18214690404998013, 1.034823554307197, 0.0, 0.2167569992088675, 0.5536925282512798, 0.13121901731037022, 0.1189310584594537, 0.6749753527877037, 0.38224517370151156, 0.23187242653899287, 0.007671947615560004, 0.6044158849133694, 0.6125393492782633, 0.6462448221000575, 0.7619564059761722, 0.6786834857710189, 0.5836639319973415], [0.2858253475048733, 0.9919875191232893, 0.0, 0.23478306606196805, 0.5441180000352934, 0.1333150189405197, 0.1394225009861209, 0.6731183474298131, 0.384432310965269, 0.22461594399150475, 0.007225183508792421, 0.6001001342957522, 0.6257354897656039, 0.6630577152005365, 0.7675940830073913, 0.6969864833693644, 0.5885748716650656], [0.512540930296661, 0.7972984865754265, 0.0, 0.20822161761380964, 0.4917309988638545, 0.1361389475571181, 0.1726892319189325, 0.6713910100659002, 0.4063972118632928, 0.18654395985351035, 0.007894969482732161, 0.6085017545860656, 0.6517321921591035, 0.663909536000136, 0.7847357699594, 0.7100731443381553, 0.6107580597764256], [0.43014605727030286, 0.9837783900937019, 0.0, 0.22186729698493898, 0.5415405478044172, 0.1337933656483195, 0.12856904822173262, 0.6728956605786012, 0.3940172138875715, 0.2236343058030108, 0.007783488497544067, 0.5997063002757961, 0.6312863225925702, 0.6513379882888032, 0.7716443325350553, 0.6921494797325163, 0.5940247443268525], [0.33362439365052676, 0.8850863917590729, 0.0, 0.2638836340206138, 0.5156099791747991, 0.1371307497377243, 0.12949190976565178, 0.6696937180525293, 0.3985646357633603, 0.20804848478947413, 0.007392832833969631, 0.5946858379290267, 0.630376659808114, 0.6606400876532333, 0.7798668987491661, 0.6953098429880729, 0.5968900093965401], [-0.008831093851589866, 0.9046612149156916, 0.0, 0.18652309248225818, 0.5270206881088842, 0.13180433467065444, 0.15605586398472227, 0.6761379310457405, 0.370381650790659, 0.20647580350171357, 0.00711334193318236, 0.6193767196199933, 0.6294411180688271, 0.6487292713476499, 0.7725255563000477, 0.6829408031079407, 0.5895298585623868], [0.6539086721623639, 0.9229795462606936, 0.0, 0.2758440123871209, 0.5235408322605618, 0.13563646009126978, 0.14101305455884444, 0.6709152561330907, 0.4020494537640402, 0.21246237585800554, 0.00783923647221818, 0.5867097876651051, 0.6324032668012679, 0.6480231490562293, 0.7759824798384856, 0.7042623303922615, 0.5890277385484669]], "features_2": [[-0.4326576858704878, 0.6640893193674424, 0.0, 0.19880230845616287, 0.4542222349633334, 0.1450974143733649, 0.2365965542375527, 0.6651109727311151, 0.47989011866763853, 0.17391737247353944, 0.008507047823598457, 0.6520823287035307, 0.6682664349227461, 0.7178121975364408, 0.8139515403021675, 0.7256841279398024, 0.6329935035455735], [-0.28752658616490345, 0.6948610707959303, 0.0, 0.23931683064951348, 0.4618926688131164, 0.14584188331920062, 0.26113422897273464, 0.6658916396501868, 0.4790674889961728, 0.18062266833061114, 0.008173410423425675, 0.6433359646422034, 0.7005428006502019, 0.7329653585996102, 0.818907562527634, 0.7238655961041358, 0.6389565413700959], [-0.4525533914426547, 0.7216659224604133, 0.0, 0.20708051796640958, 0.4795719708672207, 0.14435889156916282, 0.3126279328174988, 0.6699278271777691, 0.4735067880322412, 0.18684410065654466, 0.008284682400665488, 0.6445693352490927, 0.7034303413846982, 0.7456444195625334, 0.8188926685074929, 0.7301166589834287, 0.6384670386609561], [-0.5176466371384083, 0.7327212630865837, 0.0, 0.1954695276003336, 0.47680013879875693, 0.14515420379582156, 0.23820062803169292, 0.665074181715279, 0.4814944547051676, 0.19313195209442435, 0.00839589484089287, 0.6492910647581058, 0.6943124470799276, 0.7296343833206494, 0.8127512517167854, 0.7188654291671831, 0.6320114646011087], [-0.29924894369771016, 0.6758596718396258, 0.0, 0.22648779989580883, 0.4589849197226682, 0.14453274501568159, 0.2964524607502028, 0.6686611774929477, 0.4723839827384704, 0.1763967354462701, 0.008173410423425675, 0.6405532532032343, 0.6982204771090459, 0.7365781743247802, 0.8162366399558808, 0.7425960095982327, 0.6362902619647675], [-0.5428057613645123, 0.7153576114776434, 0.0, 0.1824408809669806, 0.4749512999782962, 0.14556093970082423, 0.3121457213400305, 0.6675525661751065, 0.4760804210747218, 0.18757649174039992, 0.00839589484089287, 0.6506795243320758, 0.7043010458933291, 0.7410299801595296, 0.8151386901468705, 0.7140820542155641, 0.6393466513709256], [-0.3582783222610031, 0.6635299966039515, 0.0, 0.2331816897950339, 0.45101815057862954, 0.1489791576927396, 0.31640944236526136, 0.6637712486176115, 0.4846978877401602, 0.1761694904058675, 0.008173410423425675, 0.6494485130420191, 0.6840020902515966, 0.7076928915623241, 0.8202722527436715, 0.7393601574495708, 0.6415017170327035], [-0.17974335191476065, 0.7923319320844106, 0.0, 0.21253154770128102, 0.4977296232565599, 0.13759198987907573, 0.3572478664587223, 0.6755020301816401, 0.4262992396856362, 0.19384823305149368, 0.007950687539111767, 0.6225562908965661, 0.6779299861074659, 0.7211904962713482, 0.8004201020761229, 0.7490170701326488, 0.6020014499635506], [0.09050583076239826, 0.7960532870536989, 0.0, 0.22182427883599545, 0.4910042433068901, 0.1410838879277996, 0.354633497262963, 0.6693258776998579, 0.4461041852502059, 0.19722644825067648, 0.008062078829516484, 0.6150612766439996, 0.6446612877185122, 0.6862923848076483, 0.7961314647658767, 0.7125830070286013, 0.604274123589797]]}