{"labels_1": ["1", "2", "3", "4", "5", "6", "7", "8", "9"], "labels_2": ["1", "2", "3", "4", "5", "6", "7", "8", "9"], "adj_matrix_1": [[0.0, 0.04046, 0.18305, 0.09827, 0.10856, 0.1359, 0.01638, 0.03533, 0.22767], [0.04046, 0.0, 0.21426, 0.05937, 0.07017, 0.1709, 0.02417, 0.00517, 0.25433], [0.18305, 0.21426, 0.0, 0.25232, 0.25817, 0.05385, 0.19616, 0.21055, 0.05619], [0.09827, 0.05937, 0.25232, 0.0, 0.01112, 0.21591, 0.08275, 0.06441, 0.2845], [0.10856, 0.07017, 0.25817, 0.01112, 0.0, 0.2232, 0.09327, 0.07514, 0.28875], [0.1359, 0.1709, 0.05385, 0.21591, 0.2232, 0.0, 0.15045, 0.16666, 0.10871], [0.01638, 0.02417, 0.19616, 0.08275, 0.09327, 0.15045, 0.0, 0.01902, 0.23913], [0.03533, 0.00517, 0.21055, 0.06441, 0.07514, 0.16666, 0.01902, 0.0, 0.25132], [0.22767, 0.25433, 0.05619, 0.2845, 0.28875, 0.10871, 0.23913, 0.25132, 0.0]], "adj_matrix_2": [[0.0, 0.00036, 0.05045, 0.19417, 0.11557, 0.20174, 0.0278, 0.25943, 0.18019], [0.00036, 0.0, 0.05081, 0.19442, 0.11589, 0.202, 0.02744, 0.25958, 0.18046], [0.05045, 0.05081, 0.0, 0.15694, 0.06848, 0.16595, 0.07724, 0.23733, 0.14068], [0.19417, 0.19442, 0.15694, 0.0, 0.09621, 0.01108, 0.21112, 0.10964, 0.01934], [0.11557, 0.11589, 0.06848, 0.09621, 0.0, 0.10653, 0.13926, 0.19292, 0.07781], [0.20174, 0.202, 0.16595, 0.01108, 0.10653, 0.0, 0.21781, 0.09924, 0.03038], [0.0278, 0.02744, 0.07724, 0.21112, 0.13926, 0.21781, 0.0, 0.26729, 0.19861], [0.25943, 0.25958, 0.23733, 0.10964, 0.19292, 0.09924, 0.26729, 0.0, 0.12743], [0.18019, 0.18046, 0.14068, 0.01934, 0.07781, 0.03038, 0.19861, 0.12743, 0.0]], "features_1": [[0.431074329583077, 0.7239235567874138, 0.0, 0.23991735630055752, 0.476041239334842, 0.13774967285447579, 0.3251308368932321, 0.6737520033997191, 0.4197467915931139, 0.17420232539495628, 0.00783923647221818, 0.607712746395964, 0.649816221114368, 0.6852766799618372, 0.799258888294052, 0.7322177768186829, 0.6048850385570652], [0.4083366232259231, 0.8031038406779519, 0.0, 0.22629953462111302, 0.49117153868271834, 0.14271721697423267, 0.28449264665585117, 0.667881080729601, 0.44400869971858636, 0.19497193096449528, 0.007950687539111767, 0.6125751889992563, 0.660849651682172, 0.6910303703785776, 0.8056103608982673, 0.7413118849739475, 0.6122991683340769], [0.20236709593512225, 0.8600603790225841, 0.0, 0.20713128117116683, 0.511730833084688, 0.14018264695876897, 0.2742750898883138, 0.6702212337323032, 0.4283399613484846, 0.20669016415562425, 0.007504523810135222, 0.6177288514461816, 0.6614761279873234, 0.689753896000965, 0.7996821346708285, 0.7245910928496677, 0.6027200200304416], [0.2599944703296715, 0.8455088061650363, 0.0, 0.22001804843579167, 0.5046518200412218, 0.141687254859436, 0.2376268145650265, 0.6673152534685372, 0.4439713313327751, 0.20632713796690294, 0.007950687539111767, 0.6056930965503677, 0.6693732035107381, 0.6941181217555794, 0.8016140803426091, 0.7384698018396472, 0.6168986441087614], [0.3636443579958599, 0.8322305361727689, 0.0, 0.25239131184151076, 0.4942559902727137, 0.1427377042640633, 0.22794834916253706, 0.6659091598371176, 0.4516439169619222, 0.20463412461394137, 0.00839589484089287, 0.6096063500072013, 0.6647771091573473, 0.6918545314701976, 0.8000278587641553, 0.7180264737519092, 0.6133033330389238], [0.022852052633050235, 0.9233773814253099, 0.0, 0.1872723072905854, 0.5208053493002657, 0.14191380584535818, 0.2071002604289788, 0.6656948681603182, 0.44495408044482887, 0.2246261268342049, 0.008062078829516484, 0.6173871855326847, 0.6629380812052098, 0.7122461399583241, 0.7948772526561197, 0.7195959522897929, 0.6068563059124003], [-0.044022247307976325, 0.8798430592750833, 0.0, 0.20853348435083724, 0.5054555315219436, 0.1455130691876899, 0.1612399774679581, 0.6609546545013536, 0.46055746280284904, 0.21969246169942003, 0.008284682400665488, 0.6161606513845106, 0.6674789302573453, 0.6961254270500238, 0.8026118051616247, 0.7205201637501376, 0.6315027418381265], [0.45394546075808684, 0.9011302015022832, 0.0, 0.27672763905688974, 0.517971548709258, 0.13488624529850357, 0.19056172175732727, 0.6730222344129653, 0.41289180330353625, 0.2106208643024119, 0.007950687539111767, 0.6032978912221081, 0.6411930692432266, 0.6706860639327458, 0.7765787555193622, 0.7174950322111683, 0.59033791769514], [-0.04172700008582897, 1.0127490789722684, 0.0, 0.2057106144901517, 0.5522937772187383, 0.1302047364904987, 0.19059717471883814, 0.6782338734856708, 0.3779392727308124, 0.2288294963716797, 0.007616154688146137, 0.6153377593834382, 0.6401938540034927, 0.6589393487887244, 0.7670080180640183, 0.6724202875297992, 0.5742239129987446]], "features_2": [[0.409053390779897, 0.8992252560727539, 0.0, 0.25097301735273786, 0.5257096777144175, 0.13537199661753918, 0.157912954512382, 0.6715474777505892, 0.40531593058892335, 0.208503860531277, 0.007783488497544067, 0.5920424058484834, 0.6280327111065513, 0.6602000137039024, 0.7804474159038732, 0.7031194632406668, 0.6188494532447416], [0.6915933259363549, 0.937407039948818, 0.0, 0.2640391701244167, 0.5333716348026109, 0.1372245630151824, 0.12981044926922608, 0.6687036887718244, 0.4216199596235566, 0.21782690040230213, 0.008006390651371653, 0.5876125237211443, 0.6369261889644079, 0.6602656328503996, 0.7799780767809216, 0.7014100263839156, 0.6262187678052297], [0.3246261734098037, 1.044337663395367, 0.0, 0.2419047231921737, 0.5592412065486901, 0.1360042743417309, 0.1615861180234397, 0.6703403817566489, 0.4056341707334161, 0.23587774148871388, 0.007783488497544067, 0.5981206596459674, 0.6213822156769562, 0.65297962372786, 0.7784888535390159, 0.7038134965624566, 0.624843918296491], [0.020195602315898675, 0.9343783523975621, 0.0, 0.22200841203790558, 0.5351958989021048, 0.13696735257196718, 0.2323999461425032, 0.6715941021776693, 0.4144703699311889, 0.21864836888146, 0.007783488497544067, 0.6153290677971315, 0.6402831629468114, 0.6779288397264172, 0.7904786795780727, 0.7141203666791108, 0.6254429209499119], [0.5722252562538661, 0.8991162753345828, 0.0, 0.26034273681146747, 0.5280810038173143, 0.13670623352556804, 0.2562003237315274, 0.6723856040027418, 0.4123488532377537, 0.20883421866486884, 0.007894969482732161, 0.5952197515553075, 0.6486155495727709, 0.6724070038442277, 0.7855174299088395, 0.7097733195460715, 0.6240231277618575], [0.09511634018894677, 1.0156918179511123, 0.0, 0.24527452388614193, 0.5509184215360761, 0.1392950237521581, 0.2314580718425269, 0.6677255249711718, 0.42040868954351707, 0.23435925540086755, 0.007894969482732161, 0.6118072741811509, 0.6543228785568291, 0.6753771863801482, 0.7858026429134105, 0.7111287283030923, 0.6287960932170411], [0.10232311906629477, 0.8956795963278833, 0.0, 0.24560406884657954, 0.5259401897234917, 0.13632156131504775, 0.3145849737156382, 0.6750847536335155, 0.39766884067774755, 0.20728628540990313, 0.007894969482732161, 0.6073324374342985, 0.6482134047943152, 0.6728359273730854, 0.7926986563552023, 0.6964404476501626, 0.6153816176376444], [0.12721236767672783, 0.903768464903701, 0.0, 0.2377906455382472, 0.5326905230324155, 0.1307445641785294, 0.3891823930986952, 0.6789203027259902, 0.36210165765575497, 0.20173814018012326, 0.007336964783822175, 0.6041313260441732, 0.625632656765754, 0.6450480767189842, 0.7651771141339777, 0.6968475672044488, 0.5855952826577328], [-0.033835401599802584, 0.9445404866231836, 0.0, 0.2484786226826045, 0.538644563333419, 0.13134382667435213, 0.26980996591689177, 0.6781136087070921, 0.36874267282774076, 0.2134656338456884, 0.007336964783822175, 0.6041531064907741, 0.6423507974412438, 0.6720399911053985, 0.7713561112983994, 0.6822132936445702, 0.5896010023534638]]}