{"labels_1": ["1", "2", "3", "4", "5", "6", "7", "8", "9"], "labels_2": ["1", "2", "3", "4", "5", "6", "7", "8", "9"], "adj_matrix_1": [[0.0, 0.05712, 0.00642, 0.11668, 0.03911, 0.09338, 0.15134, 0.03089, 0.14584], [0.05712, 0.0, 0.05108, 0.14992, 0.01896, 0.04168, 0.1699, 0.0273, 0.13241], [0.00642, 0.05108, 0.0, 0.12123, 0.03284, 0.08821, 0.15429, 0.02454, 0.14479], [0.11668, 0.14992, 0.12123, 0.0, 0.14113, 0.16182, 0.05333, 0.13653, 0.13248], [0.03911, 0.01896, 0.03284, 0.14113, 0.0, 0.05951, 0.16606, 0.00844, 0.1385], [0.09338, 0.04168, 0.08821, 0.16182, 0.05951, 0.0, 0.17081, 0.06713, 0.11245], [0.15134, 0.1699, 0.15429, 0.05333, 0.16606, 0.17081, 0.0, 0.16364, 0.11785], [0.03089, 0.0273, 0.02454, 0.13653, 0.00844, 0.06713, 0.16364, 0.0, 0.1407], [0.14584, 0.13241, 0.14479, 0.13248, 0.1385, 0.11245, 0.11785, 0.1407, 0.0]], "adj_matrix_2": [[0.0, 0.12123, 0.25656, 0.10628, 0.26734, 0.16954, 0.04986, 0.2548, 0.08309], [0.12123, 0.0, 0.18305, 0.01618, 0.23552, 0.19663, 0.0739, 0.32124, 0.19372], [0.25656, 0.18305, 0.0, 0.19449, 0.10404, 0.20437, 0.23112, 0.31588, 0.28762], [0.10628, 0.01618, 0.19449, 0.0, 0.24145, 0.19349, 0.05814, 0.31535, 0.18092], [0.26734, 0.23552, 0.10404, 0.24145, 0.0, 0.16806, 0.25835, 0.25646, 0.27275], [0.16954, 0.19663, 0.20437, 0.19349, 0.16806, 0.0, 0.18111, 0.10696, 0.14934], [0.04986, 0.0739, 0.23112, 0.05814, 0.25835, 0.18111, 0.0, 0.28686, 0.13029], [0.2548, 0.32124, 0.31588, 0.31535, 0.25646, 0.10696, 0.28686, 0.0, 0.18863], [0.08309, 0.19372, 0.28762, 0.18092, 0.27275, 0.14934, 0.13029, 0.18863, 0.0]], "features_1": [[2.3542190327961343, 1.0253636641783863, 0.0, 0.3388103789871004, 0.5633416197200705, 0.12573291472978881, 0.20210945671258856, 0.6826009759555429, 0.3483310369475343, 0.2125920421737082, 0.007225183508792421, 0.5551567910071413, 0.6132846319014037, 0.640249761513825, 0.7555725758002982, 0.6832658407237054, 0.5362835284686834], [3.163432772717324, 1.1160987145069838, 0.0, 0.35554872962431744, 0.5839701101379022, 0.12393725279294657, 0.15341008271439094, 0.6837365152911697, 0.3465514944081509, 0.22295175913248633, 0.007448685839370306, 0.5442132736090217, 0.6106037660166642, 0.6241874246961953, 0.7491915528138097, 0.7038998180343538, 0.516191257039832], [2.745134179879888, 1.2551784534522754, 0.0, 0.3321761346534426, 0.6105186690300047, 0.12380003042685729, 0.1542441727697316, 0.6834323655055394, 0.33960761488077496, 0.2463230608547764, 0.007225183508792421, 0.5485647514251539, 0.6085489260296288, 0.6239017802763546, 0.7428606889283003, 0.6861689805965562, 0.5225818534553782], [1.8512491145570742, 1.124820153461168, 0.0, 0.330659345943895, 0.5876571035604842, 0.1250108729027098, 0.2281995577387015, 0.6840074697282306, 0.3545078952169205, 0.23302408236304917, 0.007560346756364078, 0.5654550380896723, 0.6135643682328087, 0.6323044174930701, 0.7596248209922538, 0.6823650704478595, 0.5500338053736004], [3.0822615874350623, 1.087824332680612, 0.0, 0.3305306768500915, 0.581574759799324, 0.12140824402915609, 0.17202195950002164, 0.6860050410400996, 0.34013610984076714, 0.216529459092905, 0.007560346756364078, 0.539588388789126, 0.6180148859406188, 0.6203550494965856, 0.745197062743102, 0.6899891385560507, 0.5166832844944383], [3.158357431228655, 1.1796395671216642, 0.0, 0.3331680239627906, 0.5981339449643341, 0.12303607283772294, 0.15666499952455126, 0.6845323753547099, 0.3418916652394006, 0.23331427597757748, 0.007671947615560004, 0.5441887589654992, 0.6135599065959206, 0.622077452385736, 0.7458608769560858, 0.691583459914501, 0.5227641977148553], [2.1417325792552244, 1.0113969755489296, 0.0, 0.3458767139354261, 0.562513285257242, 0.12626127550698046, 0.23738170906388803, 0.6835162220807673, 0.37471615863762486, 0.2167956353946685, 0.007616154688146137, 0.5664724055572945, 0.6212815468468909, 0.6511980681717843, 0.7685204006270647, 0.7069381581457144, 0.5571464190610051], [2.9689848153096428, 1.0144689615867286, 0.0, 0.36438079609429447, 0.5626738929788683, 0.12264266138693546, 0.12140090537101003, 0.684223417495899, 0.3451522503247344, 0.20921510222195816, 0.007616154688146137, 0.5420171995784844, 0.6023014682209933, 0.6190830799211869, 0.7423380091454522, 0.674981025033568, 0.5270306441601194], [3.85586954432219, 1.0413074697682703, 0.0, 0.37373845928090244, 0.5654187613746218, 0.1254401452943797, 0.14884378964545206, 0.6825776006934132, 0.368332251747747, 0.2165531669875418, 0.007727725548673403, 0.5438784214650534, 0.6130574069784871, 0.6196914806863869, 0.7542417378006288, 0.692104771422567, 0.5311092247930117]], "features_2": [[0.4749531600112915, 0.8085625310601599, 0.0, 0.309524004114284, 0.5045448463242933, 0.13763555850079606, 0.28074294770370967, 0.6748028343272712, 0.43509787654890353, 0.1935705757369266, 0.00783923647221818, 0.6087256257278948, 0.6440687002795256, 0.6689370887402261, 0.8003170879754008, 0.7347152389216042, 0.6161006584197238], [0.24230500564162538, 0.7995457650959986, 0.0, 0.261439191637507, 0.4973087682495778, 0.14253032846313154, 0.22565855540610258, 0.6679627110784296, 0.4479117423443111, 0.19729002963000042, 0.00783923647221818, 0.611814940414467, 0.6503468393937752, 0.6809379995845714, 0.8062707627060535, 0.723506510386626, 0.6369101627943143], [0.8114522956327508, 0.9073995463262907, 0.0, 0.3127052023007096, 0.5321297764994798, 0.13914793794767746, 0.26959397531567647, 0.6732796487879353, 0.4460889919301212, 0.21363629773686754, 0.007950687539111767, 0.5950299659882194, 0.6581249364953436, 0.6956099326974381, 0.8020804453654048, 0.7303908228917446, 0.6323231162274987], [0.3900856800492294, 0.882807193841884, 0.0, 0.29602845820150936, 0.5218811260601028, 0.14150559828386705, 0.28395940823809696, 0.6705050716678063, 0.4579981934858375, 0.2143299817461981, 0.008173410423425675, 0.6102553833344908, 0.664883718719279, 0.6988290140273763, 0.8043870121927875, 0.7239726690429039, 0.6276187872330891], [0.3240299750731723, 0.7884240167576029, 0.0, 0.2399344281801691, 0.4967531394715885, 0.14274860797434663, 0.26614916518961207, 0.6698500000834466, 0.4527191674236457, 0.19458188608957938, 0.008284682400665488, 0.6002558023042037, 0.669152062506206, 0.6972714646573176, 0.8102711351107367, 0.7273409842274668, 0.6448205123512641], [1.1645765841621332, 0.891595908697318, 0.0, 0.30003885749048603, 0.5267633026602316, 0.14240436320362082, 0.25593566713041727, 0.6695881421523264, 0.46497686649663295, 0.2130893043020925, 0.008840150818991033, 0.5835982927007886, 0.6528931990853443, 0.6829488602663739, 0.8060367821725954, 0.7276045743662196, 0.6445964572598261], [0.14600303948496673, 0.8663038916652552, 0.0, 0.20312518332482277, 0.5132147906511986, 0.14422035206528874, 0.275397036362002, 0.6659300145794573, 0.46009770066414735, 0.21446916212951006, 0.00783923647221818, 0.6122496373538584, 0.647196889103741, 0.6887818986860915, 0.8020010776462343, 0.7133987816912529, 0.6208648819862007], [-0.3530504609124212, 0.860979497957559, 0.0, 0.21577148429252008, 0.5217863189708831, 0.13339242069840457, 0.23545718614282904, 0.6774983515136481, 0.38209126657282355, 0.20175511991770834, 0.007504523810135222, 0.628213329056748, 0.6520652935834163, 0.6696166831497513, 0.7873935318811313, 0.7099740403763327, 0.6107951052499825], [-0.09441890840345568, 0.9062484575715497, 0.0, 0.2304594722979583, 0.5217479571843132, 0.13831515830597158, 0.16260385393347718, 0.668360347878655, 0.3957845663335535, 0.21597236557678268, 0.007504523810135222, 0.6166754410184077, 0.6404668973439976, 0.6669969129255817, 0.7844080960240603, 0.6901848006941825, 0.605072675113363]]}