{"labels_1": ["1", "2", "3", "4", "5", "6", "7", "8", "9"], "labels_2": ["1", "2", "3", "4", "5", "6", "7", "8", "9"], "adj_matrix_1": [[0.0, 0.04046, 0.18305, 0.09827, 0.10856, 0.1359, 0.01638, 0.03533, 0.22767], [0.04046, 0.0, 0.21426, 0.05937, 0.07017, 0.1709, 0.02417, 0.00517, 0.25433], [0.18305, 0.21426, 0.0, 0.25232, 0.25817, 0.05385, 0.19616, 0.21055, 0.05619], [0.09827, 0.05937, 0.25232, 0.0, 0.01112, 0.21591, 0.08275, 0.06441, 0.2845], [0.10856, 0.07017, 0.25817, 0.01112, 0.0, 0.2232, 0.09327, 0.07514, 0.28875], [0.1359, 0.1709, 0.05385, 0.21591, 0.2232, 0.0, 0.15045, 0.16666, 0.10871], [0.01638, 0.02417, 0.19616, 0.08275, 0.09327, 0.15045, 0.0, 0.01902, 0.23913], [0.03533, 0.00517, 0.21055, 0.06441, 0.07514, 0.16666, 0.01902, 0.0, 0.25132], [0.22767, 0.25433, 0.05619, 0.2845, 0.28875, 0.10871, 0.23913, 0.25132, 0.0]], "adj_matrix_2": [[0.0, 0.01719, 0.104, 0.01908, 0.09973, 0.1058, 0.28247, 0.24656, 0.28456], [0.01719, 0.0, 0.08739, 0.03622, 0.11608, 0.08922, 0.29008, 0.25766, 0.28512], [0.104, 0.08739, 0.0, 0.12217, 0.19544, 0.00188, 0.3215, 0.30658, 0.28311], [0.01908, 0.03622, 0.12217, 0.0, 0.08132, 0.12395, 0.27328, 0.23366, 0.28343], [0.09973, 0.11608, 0.19544, 0.08132, 0.0, 0.19703, 0.22595, 0.17105, 0.2724], [0.1058, 0.08922, 0.00188, 0.12395, 0.19703, 0.0, 0.32198, 0.30747, 0.28296], [0.28247, 0.29008, 0.3215, 0.27328, 0.22595, 0.32198, 0.0, 0.07657, 0.14575], [0.24656, 0.25766, 0.30658, 0.23366, 0.17105, 0.30747, 0.07657, 0.0, 0.20029], [0.28456, 0.28512, 0.28311, 0.28343, 0.2724, 0.28296, 0.14575, 0.20029, 0.0]], "features_1": [[0.431074329583077, 0.7239235567874138, 0.0, 0.23991735630055752, 0.476041239334842, 0.13774967285447579, 0.3251308368932321, 0.6737520033997191, 0.4197467915931139, 0.17420232539495628, 0.00783923647221818, 0.607712746395964, 0.649816221114368, 0.6852766799618372, 0.799258888294052, 0.7322177768186829, 0.6048850385570652], [0.4083366232259231, 0.8031038406779519, 0.0, 0.22629953462111302, 0.49117153868271834, 0.14271721697423267, 0.28449264665585117, 0.667881080729601, 0.44400869971858636, 0.19497193096449528, 0.007950687539111767, 0.6125751889992563, 0.660849651682172, 0.6910303703785776, 0.8056103608982673, 0.7413118849739475, 0.6122991683340769], [0.20236709593512225, 0.8600603790225841, 0.0, 0.20713128117116683, 0.511730833084688, 0.14018264695876897, 0.2742750898883138, 0.6702212337323032, 0.4283399613484846, 0.20669016415562425, 0.007504523810135222, 0.6177288514461816, 0.6614761279873234, 0.689753896000965, 0.7996821346708285, 0.7245910928496677, 0.6027200200304416], [0.2599944703296715, 0.8455088061650363, 0.0, 0.22001804843579167, 0.5046518200412218, 0.141687254859436, 0.2376268145650265, 0.6673152534685372, 0.4439713313327751, 0.20632713796690294, 0.007950687539111767, 0.6056930965503677, 0.6693732035107381, 0.6941181217555794, 0.8016140803426091, 0.7384698018396472, 0.6168986441087614], [0.3636443579958599, 0.8322305361727689, 0.0, 0.25239131184151076, 0.4942559902727137, 0.1427377042640633, 0.22794834916253706, 0.6659091598371176, 0.4516439169619222, 0.20463412461394137, 0.00839589484089287, 0.6096063500072013, 0.6647771091573473, 0.6918545314701976, 0.8000278587641553, 0.7180264737519092, 0.6133033330389238], [0.022852052633050235, 0.9233773814253099, 0.0, 0.1872723072905854, 0.5208053493002657, 0.14191380584535818, 0.2071002604289788, 0.6656948681603182, 0.44495408044482887, 0.2246261268342049, 0.008062078829516484, 0.6173871855326847, 0.6629380812052098, 0.7122461399583241, 0.7948772526561197, 0.7195959522897929, 0.6068563059124003], [-0.044022247307976325, 0.8798430592750833, 0.0, 0.20853348435083724, 0.5054555315219436, 0.1455130691876899, 0.1612399774679581, 0.6609546545013536, 0.46055746280284904, 0.21969246169942003, 0.008284682400665488, 0.6161606513845106, 0.6674789302573453, 0.6961254270500238, 0.8026118051616247, 0.7205201637501376, 0.6315027418381265], [0.45394546075808684, 0.9011302015022832, 0.0, 0.27672763905688974, 0.517971548709258, 0.13488624529850357, 0.19056172175732727, 0.6730222344129653, 0.41289180330353625, 0.2106208643024119, 0.007950687539111767, 0.6032978912221081, 0.6411930692432266, 0.6706860639327458, 0.7765787555193622, 0.7174950322111683, 0.59033791769514], [-0.04172700008582897, 1.0127490789722684, 0.0, 0.2057106144901517, 0.5522937772187383, 0.1302047364904987, 0.19059717471883814, 0.6782338734856708, 0.3779392727308124, 0.2288294963716797, 0.007616154688146137, 0.6153377593834382, 0.6401938540034927, 0.6589393487887244, 0.7670080180640183, 0.6724202875297992, 0.5742239129987446]], "features_2": [[0.047283401594695906, 0.654585896882069, 0.0, 0.21986152687266033, 0.4595183917648342, 0.1354320938403553, 0.33034762098177806, 0.6788885766442542, 0.41441174096505184, 0.15722063055695745, 0.007783488497544067, 0.6196638072354759, 0.6708167800685572, 0.6977771246730163, 0.803479573636017, 0.7285994806945051, 0.6218439227995315], [0.008215280019383542, 0.7407803261474806, 0.0, 0.2691230645657179, 0.4860311519689281, 0.13568661840180918, 0.3233470721662222, 0.6782297120987275, 0.42457333811053655, 0.17939629339381824, 0.007616154688146137, 0.6192039179798297, 0.6723025733646812, 0.698370895840485, 0.8024569660635409, 0.7383793498386, 0.6165230357604112], [-0.09529757898104751, 0.7667131984047872, 0.0, 0.25914536405798355, 0.49513388508571277, 0.13502996426979638, 0.3253989772744433, 0.6789765539456772, 0.4031690626354667, 0.18236851354241246, 0.007727725548673403, 0.6252953038343609, 0.6842265989226473, 0.700095635001322, 0.8015558481983134, 0.7368821018903827, 0.621162416610214], [-0.0292152055953947, 0.6928295615743431, 0.0, 0.23811837714455603, 0.4744227031159664, 0.13555779916314528, 0.3816537256049813, 0.6801379146774366, 0.4137545074630198, 0.16616821842643903, 0.008062078829516484, 0.6201942370717726, 0.6813817439289854, 0.708985851368742, 0.8096012706274238, 0.74145205723382, 0.6310550462428828], [-0.13309011209973187, 0.7363714164118383, 0.0, 0.23140380269610103, 0.4885224315169484, 0.13192200001990956, 0.33123745784908676, 0.6814210683835634, 0.3931155571600726, 0.17328590729398918, 0.007616154688146137, 0.6273289511667393, 0.6778439430990318, 0.6943874300743232, 0.7945837019115206, 0.7295134259211595, 0.593800330998994], [-0.24163530847097725, 0.7904316308931427, 0.0, 0.27259386864428337, 0.5066654980655255, 0.13131207389381275, 0.34799642164887884, 0.6821755069731341, 0.3860781527492614, 0.1846054949947804, 0.007392832833969631, 0.6271831270778416, 0.6756927058022488, 0.707075664703466, 0.7946504740189027, 0.711940058412521, 0.6116222325577361], [0.6733179967030476, 0.6790851158396116, 0.0, 0.29552524712367134, 0.47275799795508167, 0.13209417817854527, 0.40952928537560923, 0.6829802475929871, 0.409868007876115, 0.15795713181862459, 0.008173410423425675, 0.5940023235362537, 0.6690051621845807, 0.6975367279605452, 0.8028330220410156, 0.7360959587233817, 0.608519714883074], [0.6617133519969256, 0.8272295745999807, 0.0, 0.30117683352307234, 0.5215511393197493, 0.12457371850368537, 0.29437375434351265, 0.6862830558430784, 0.3567103072139133, 0.18087100038559734, 0.007448685839370306, 0.5910524002557409, 0.6313030451893963, 0.6532680573296383, 0.7722703704663139, 0.7150887024100653, 0.5835751869053365], [1.2008852148200928, 0.8420712856141496, 0.0, 0.3178359205080987, 0.5202502255691996, 0.12819595588309812, 0.2761822504488777, 0.6829132002737719, 0.37339923905060357, 0.18602181238155446, 0.007616154688146137, 0.5791020690573871, 0.6320855008732925, 0.6473781787028948, 0.7785539259247096, 0.7185778071060738, 0.5851941335843994]]}