{"labels_1": ["1", "2", "3", "4", "5", "6", "7", "8", "9"], "labels_2": ["1", "2", "3", "4", "5", "6", "7", "8", "9"], "adj_matrix_1": [[0.0, 0.04046, 0.18305, 0.09827, 0.10856, 0.1359, 0.01638, 0.03533, 0.22767], [0.04046, 0.0, 0.21426, 0.05937, 0.07017, 0.1709, 0.02417, 0.00517, 0.25433], [0.18305, 0.21426, 0.0, 0.25232, 0.25817, 0.05385, 0.19616, 0.21055, 0.05619], [0.09827, 0.05937, 0.25232, 0.0, 0.01112, 0.21591, 0.08275, 0.06441, 0.2845], [0.10856, 0.07017, 0.25817, 0.01112, 0.0, 0.2232, 0.09327, 0.07514, 0.28875], [0.1359, 0.1709, 0.05385, 0.21591, 0.2232, 0.0, 0.15045, 0.16666, 0.10871], [0.01638, 0.02417, 0.19616, 0.08275, 0.09327, 0.15045, 0.0, 0.01902, 0.23913], [0.03533, 0.00517, 0.21055, 0.06441, 0.07514, 0.16666, 0.01902, 0.0, 0.25132], [0.22767, 0.25433, 0.05619, 0.2845, 0.28875, 0.10871, 0.23913, 0.25132, 0.0]], "adj_matrix_2": [[0.0, 0.13987, 0.01846, 0.00807, 0.31859, 0.26478, 0.30349, 0.29167, 0.28604], [0.13987, 0.0, 0.15685, 0.14733, 0.25545, 0.15255, 0.21597, 0.19434, 0.18497], [0.01846, 0.15685, 0.0, 0.0104, 0.32409, 0.27695, 0.31212, 0.30169, 0.29661], [0.00807, 0.14733, 0.0104, 0.0, 0.32105, 0.27017, 0.30732, 0.29611, 0.29073], [0.31859, 0.25545, 0.32409, 0.32105, 0.0, 0.1408, 0.06658, 0.09493, 0.10608], [0.26478, 0.15255, 0.27695, 0.27017, 0.1408, 0.0, 0.07957, 0.05065, 0.03877], [0.30349, 0.21597, 0.31212, 0.30732, 0.06658, 0.07957, 0.0, 0.02971, 0.04163], [0.29167, 0.19434, 0.30169, 0.29611, 0.09493, 0.05065, 0.02971, 0.0, 0.01203], [0.28604, 0.18497, 0.29661, 0.29073, 0.10608, 0.03877, 0.04163, 0.01203, 0.0]], "features_1": [[0.431074329583077, 0.7239235567874138, 0.0, 0.23991735630055752, 0.476041239334842, 0.13774967285447579, 0.3251308368932321, 0.6737520033997191, 0.4197467915931139, 0.17420232539495628, 0.00783923647221818, 0.607712746395964, 0.649816221114368, 0.6852766799618372, 0.799258888294052, 0.7322177768186829, 0.6048850385570652], [0.4083366232259231, 0.8031038406779519, 0.0, 0.22629953462111302, 0.49117153868271834, 0.14271721697423267, 0.28449264665585117, 0.667881080729601, 0.44400869971858636, 0.19497193096449528, 0.007950687539111767, 0.6125751889992563, 0.660849651682172, 0.6910303703785776, 0.8056103608982673, 0.7413118849739475, 0.6122991683340769], [0.20236709593512225, 0.8600603790225841, 0.0, 0.20713128117116683, 0.511730833084688, 0.14018264695876897, 0.2742750898883138, 0.6702212337323032, 0.4283399613484846, 0.20669016415562425, 0.007504523810135222, 0.6177288514461816, 0.6614761279873234, 0.689753896000965, 0.7996821346708285, 0.7245910928496677, 0.6027200200304416], [0.2599944703296715, 0.8455088061650363, 0.0, 0.22001804843579167, 0.5046518200412218, 0.141687254859436, 0.2376268145650265, 0.6673152534685372, 0.4439713313327751, 0.20632713796690294, 0.007950687539111767, 0.6056930965503677, 0.6693732035107381, 0.6941181217555794, 0.8016140803426091, 0.7384698018396472, 0.6168986441087614], [0.3636443579958599, 0.8322305361727689, 0.0, 0.25239131184151076, 0.4942559902727137, 0.1427377042640633, 0.22794834916253706, 0.6659091598371176, 0.4516439169619222, 0.20463412461394137, 0.00839589484089287, 0.6096063500072013, 0.6647771091573473, 0.6918545314701976, 0.8000278587641553, 0.7180264737519092, 0.6133033330389238], [0.022852052633050235, 0.9233773814253099, 0.0, 0.1872723072905854, 0.5208053493002657, 0.14191380584535818, 0.2071002604289788, 0.6656948681603182, 0.44495408044482887, 0.2246261268342049, 0.008062078829516484, 0.6173871855326847, 0.6629380812052098, 0.7122461399583241, 0.7948772526561197, 0.7195959522897929, 0.6068563059124003], [-0.044022247307976325, 0.8798430592750833, 0.0, 0.20853348435083724, 0.5054555315219436, 0.1455130691876899, 0.1612399774679581, 0.6609546545013536, 0.46055746280284904, 0.21969246169942003, 0.008284682400665488, 0.6161606513845106, 0.6674789302573453, 0.6961254270500238, 0.8026118051616247, 0.7205201637501376, 0.6315027418381265], [0.45394546075808684, 0.9011302015022832, 0.0, 0.27672763905688974, 0.517971548709258, 0.13488624529850357, 0.19056172175732727, 0.6730222344129653, 0.41289180330353625, 0.2106208643024119, 0.007950687539111767, 0.6032978912221081, 0.6411930692432266, 0.6706860639327458, 0.7765787555193622, 0.7174950322111683, 0.59033791769514], [-0.04172700008582897, 1.0127490789722684, 0.0, 0.2057106144901517, 0.5522937772187383, 0.1302047364904987, 0.19059717471883814, 0.6782338734856708, 0.3779392727308124, 0.2288294963716797, 0.007616154688146137, 0.6153377593834382, 0.6401938540034927, 0.6589393487887244, 0.7670080180640183, 0.6724202875297992, 0.5742239129987446]], "features_2": [[-0.2515580480565234, 0.7103283790992778, 0.0, 0.24792690634706016, 0.46764001533917116, 0.143264332070454, 0.17076609387540245, 0.6644392094923548, 0.44983802356746483, 0.18232235750796622, 0.008173410423425675, 0.6407935310104635, 0.6662830005917296, 0.6984401985884385, 0.8008703958876446, 0.7144082081458107, 0.629518497467338], [-0.17260991111919788, 0.8027458791625929, 0.0, 0.20110655939167926, 0.4914952206198042, 0.14426045593459547, 0.14762481872465544, 0.6610925195501218, 0.4661006963979504, 0.20502443591469066, 0.00839589484089287, 0.63194811420183, 0.647475796139311, 0.6899507459484153, 0.7984925138030667, 0.7275170508594195, 0.630057053825713], [-0.2994275647653293, 0.8272373339752345, 0.0, 0.24716834520256328, 0.5027872084477989, 0.142657349801973, 0.16261390899076106, 0.6646274170488224, 0.45148873887547025, 0.20847517854147646, 0.008284682400665488, 0.6432423357352808, 0.6724048636054806, 0.7124324772703503, 0.7972588422709582, 0.7328041662957162, 0.6329310726228583], [-0.26230632572114754, 0.7831363649519832, 0.0, 0.2589669918804206, 0.49120603969885157, 0.14244754628721013, 0.20703158991286869, 0.6669100640562795, 0.44619156701429863, 0.1985800491062144, 0.008173410423425675, 0.6381374047606321, 0.6676503911159792, 0.7091549821711514, 0.8026353573722105, 0.7297296160224521, 0.6277511047659585], [0.13216590141457552, 0.8040329164544185, 0.0, 0.2444596456753057, 0.4976857970342472, 0.1423829093262686, 0.20331062998441068, 0.6668376509235368, 0.4493761110746872, 0.2006869616100051, 0.008340296057933516, 0.6196236678638511, 0.6579213108042293, 0.6912269068643608, 0.8023737218986265, 0.719244721034526, 0.634215355463966], [-0.16224505657066102, 0.8427068648568745, 0.0, 0.26028278789600373, 0.5102206567731815, 0.14122067344829745, 0.19938182658014653, 0.6676350974304279, 0.44151497449600763, 0.20915079532726621, 0.008117752083540042, 0.6232956911336323, 0.6651188562097353, 0.7023979403320963, 0.7973614157855002, 0.7209912422670266, 0.6356727640117161], [0.3555131520401633, 0.7639995894147826, 0.0, 0.27336957306896087, 0.48355406423010155, 0.14227854329550638, 0.23346243102866354, 0.6672201761029448, 0.45448705121052835, 0.1915657838818472, 0.008340296057933516, 0.6084960179707108, 0.6556134641656105, 0.6899215975094249, 0.8008973353176225, 0.7329043756350886, 0.623417820338832], [-0.08237556803203505, 0.8374063252961444, 0.0, 0.26671915522365036, 0.5098692036367023, 0.13741338236276357, 0.28506814065536545, 0.6736812327149213, 0.41194716374038376, 0.20208957220357937, 0.00783923647221818, 0.6194959934182509, 0.6703066759172532, 0.7053363326939796, 0.7915533618506433, 0.7204472965819784, 0.613119207355277], [-0.027792775735062225, 0.8695391986467537, 0.0, 0.3003776073388724, 0.519440788958577, 0.1352156744465788, 0.30770155237201424, 0.6765496501516922, 0.40892826622677636, 0.20801028486947093, 0.007950687539111767, 0.614079104779067, 0.6629945633130815, 0.6994332914576875, 0.7896537124936683, 0.7231797308202979, 0.5961454107980961]]}