{"labels_1": ["1", "2", "3", "4", "5", "6", "7", "8", "9"], "labels_2": ["1", "2", "3", "4", "5", "6", "7", "8", "9"], "adj_matrix_1": [[0.0, 0.05712, 0.00642, 0.11668, 0.03911, 0.09338, 0.15134, 0.03089, 0.14584], [0.05712, 0.0, 0.05108, 0.14992, 0.01896, 0.04168, 0.1699, 0.0273, 0.13241], [0.00642, 0.05108, 0.0, 0.12123, 0.03284, 0.08821, 0.15429, 0.02454, 0.14479], [0.11668, 0.14992, 0.12123, 0.0, 0.14113, 0.16182, 0.05333, 0.13653, 0.13248], [0.03911, 0.01896, 0.03284, 0.14113, 0.0, 0.05951, 0.16606, 0.00844, 0.1385], [0.09338, 0.04168, 0.08821, 0.16182, 0.05951, 0.0, 0.17081, 0.06713, 0.11245], [0.15134, 0.1699, 0.15429, 0.05333, 0.16606, 0.17081, 0.0, 0.16364, 0.11785], [0.03089, 0.0273, 0.02454, 0.13653, 0.00844, 0.06713, 0.16364, 0.0, 0.1407], [0.14584, 0.13241, 0.14479, 0.13248, 0.1385, 0.11245, 0.11785, 0.1407, 0.0]], "adj_matrix_2": [[0.0, 0.16412, 0.22922, 0.01789, 0.11456, 0.17991, 0.04018, 0.06047, 0.1812], [0.16412, 0.0, 0.07626, 0.17965, 0.05369, 0.0179, 0.12757, 0.2145, 0.01934], [0.22922, 0.07626, 0.0, 0.24267, 0.12816, 0.05862, 0.19678, 0.27179, 0.05719], [0.01789, 0.17965, 0.24267, 0.0, 0.13123, 0.195, 0.05788, 0.04281, 0.19624], [0.11456, 0.05369, 0.12816, 0.13123, 0.0, 0.07134, 0.0759, 0.16943, 0.07277], [0.17991, 0.0179, 0.05862, 0.195, 0.07134, 0.0, 0.14422, 0.22859, 0.00145], [0.04018, 0.12757, 0.19678, 0.05788, 0.0759, 0.14422, 0.0, 0.09947, 0.14556], [0.06047, 0.2145, 0.27179, 0.04281, 0.16943, 0.22859, 0.09947, 0.0, 0.22974], [0.1812, 0.01934, 0.05719, 0.19624, 0.07277, 0.00145, 0.14556, 0.22974, 0.0]], "features_1": [[2.3542190327961343, 1.0253636641783863, 0.0, 0.3388103789871004, 0.5633416197200705, 0.12573291472978881, 0.20210945671258856, 0.6826009759555429, 0.3483310369475343, 0.2125920421737082, 0.007225183508792421, 0.5551567910071413, 0.6132846319014037, 0.640249761513825, 0.7555725758002982, 0.6832658407237054, 0.5362835284686834], [3.163432772717324, 1.1160987145069838, 0.0, 0.35554872962431744, 0.5839701101379022, 0.12393725279294657, 0.15341008271439094, 0.6837365152911697, 0.3465514944081509, 0.22295175913248633, 0.007448685839370306, 0.5442132736090217, 0.6106037660166642, 0.6241874246961953, 0.7491915528138097, 0.7038998180343538, 0.516191257039832], [2.745134179879888, 1.2551784534522754, 0.0, 0.3321761346534426, 0.6105186690300047, 0.12380003042685729, 0.1542441727697316, 0.6834323655055394, 0.33960761488077496, 0.2463230608547764, 0.007225183508792421, 0.5485647514251539, 0.6085489260296288, 0.6239017802763546, 0.7428606889283003, 0.6861689805965562, 0.5225818534553782], [1.8512491145570742, 1.124820153461168, 0.0, 0.330659345943895, 0.5876571035604842, 0.1250108729027098, 0.2281995577387015, 0.6840074697282306, 0.3545078952169205, 0.23302408236304917, 0.007560346756364078, 0.5654550380896723, 0.6135643682328087, 0.6323044174930701, 0.7596248209922538, 0.6823650704478595, 0.5500338053736004], [3.0822615874350623, 1.087824332680612, 0.0, 0.3305306768500915, 0.581574759799324, 0.12140824402915609, 0.17202195950002164, 0.6860050410400996, 0.34013610984076714, 0.216529459092905, 0.007560346756364078, 0.539588388789126, 0.6180148859406188, 0.6203550494965856, 0.745197062743102, 0.6899891385560507, 0.5166832844944383], [3.158357431228655, 1.1796395671216642, 0.0, 0.3331680239627906, 0.5981339449643341, 0.12303607283772294, 0.15666499952455126, 0.6845323753547099, 0.3418916652394006, 0.23331427597757748, 0.007671947615560004, 0.5441887589654992, 0.6135599065959206, 0.622077452385736, 0.7458608769560858, 0.691583459914501, 0.5227641977148553], [2.1417325792552244, 1.0113969755489296, 0.0, 0.3458767139354261, 0.562513285257242, 0.12626127550698046, 0.23738170906388803, 0.6835162220807673, 0.37471615863762486, 0.2167956353946685, 0.007616154688146137, 0.5664724055572945, 0.6212815468468909, 0.6511980681717843, 0.7685204006270647, 0.7069381581457144, 0.5571464190610051], [2.9689848153096428, 1.0144689615867286, 0.0, 0.36438079609429447, 0.5626738929788683, 0.12264266138693546, 0.12140090537101003, 0.684223417495899, 0.3451522503247344, 0.20921510222195816, 0.007616154688146137, 0.5420171995784844, 0.6023014682209933, 0.6190830799211869, 0.7423380091454522, 0.674981025033568, 0.5270306441601194], [3.85586954432219, 1.0413074697682703, 0.0, 0.37373845928090244, 0.5654187613746218, 0.1254401452943797, 0.14884378964545206, 0.6825776006934132, 0.368332251747747, 0.2165531669875418, 0.007727725548673403, 0.5438784214650534, 0.6130574069784871, 0.6196914806863869, 0.7542417378006288, 0.692104771422567, 0.5311092247930117]], "features_2": [[-0.12487557842325225, 0.6711921337069356, 0.0, 0.21649940142529078, 0.47621328183198397, 0.13602350642130884, 0.3535891725897038, 0.6793871785695619, 0.4331606854839898, 0.16525234216428597, 0.008451478759474051, 0.6298654744913286, 0.6857390988349605, 0.7246487662664066, 0.8070579352349863, 0.7131467371960594, 0.6282124935166717], [-0.016883417842087578, 0.7556133001051952, 0.0, 0.19919989484041065, 0.4950616404610497, 0.1387261226604744, 0.29742358938819036, 0.675292868904405, 0.4371192472639809, 0.18660806748683378, 0.008340296057933516, 0.6361771141370327, 0.6892936583928444, 0.7173244986658921, 0.806695981009733, 0.7287982598250847, 0.6167140712246938], [-0.20054602070929617, 0.7943544506067634, 0.0, 0.2267240796229121, 0.5160351955252735, 0.13611469423144787, 0.3337524093749515, 0.6789497195335531, 0.4322082563219434, 0.19364819180787118, 0.008451478759474051, 0.6340272891919785, 0.6871740474053469, 0.706443537718083, 0.8050901577579922, 0.7234852013556505, 0.6248956999356743], [-0.16727792500999694, 0.7401905931896371, 0.0, 0.22054779265297283, 0.4960537757521922, 0.13712214677722245, 0.33987812415779217, 0.677995791294919, 0.4406511494025629, 0.18271669734417673, 0.008562602043175715, 0.6333835572688127, 0.6895890550933139, 0.7150536208849789, 0.8082872286180408, 0.7206959310917642, 0.6323558538861893], [0.07252438948476714, 0.7189616203208886, 0.0, 0.21520251516133246, 0.48151984186110086, 0.13895090661753684, 0.29717358927680876, 0.6751296546769616, 0.4442175494414242, 0.17730907707521215, 0.008507047823598457, 0.63056051783421, 0.6890710163275318, 0.7218814556977132, 0.808162948382917, 0.7274041861910995, 0.6190482249676441], [-0.21696816577798517, 0.790420146311408, 0.0, 0.23310778586487513, 0.5054591241886769, 0.13904724309439492, 0.2860667557333052, 0.6747785646506965, 0.44452837459304195, 0.19572302874501957, 0.008451478759474051, 0.6330207928893441, 0.6872562760698426, 0.7138184111321979, 0.8052028666549967, 0.7221321555891164, 0.6259885619548722], [-0.13983000826960135, 0.7398790725453873, 0.0, 0.23442398336453393, 0.4847952741549145, 0.13670422650205172, 0.27414420060071765, 0.6750819697987488, 0.4312701677721291, 0.18239872876846763, 0.008451478759474051, 0.6223978230050082, 0.6556063563961824, 0.67623891129013, 0.797191541247024, 0.6893212682877328, 0.6056717184572097], [-0.06106447566540396, 0.7437031493157302, 0.0, 0.24897560651838088, 0.47949765822144286, 0.13678746281937038, 0.23112403150500355, 0.6746400617430219, 0.42086757557055, 0.1812379903950474, 0.008006390651371653, 0.6184350547615309, 0.657577424119692, 0.696639535859165, 0.7946790044672966, 0.7227135961158329, 0.6132961158042699], [-0.09963160657651926, 0.751692842746456, 0.0, 0.1953718039926943, 0.4825827982323046, 0.13389960304232765, 0.25485127730253865, 0.6770210025663279, 0.39873464844185214, 0.17918891098832357, 0.00783923647221818, 0.6250795370771005, 0.6623954563439304, 0.6819326210137799, 0.7882035671388178, 0.706837674274419, 0.5974203741523622]]}