{"labels_1": ["1", "2", "3", "4", "5", "6", "7", "8", "9"], "labels_2": ["1", "2", "3", "4", "5", "6", "7", "8", "9"], "adj_matrix_1": [[0.0, 0.04046, 0.18305, 0.09827, 0.10856, 0.1359, 0.01638, 0.03533, 0.22767], [0.04046, 0.0, 0.21426, 0.05937, 0.07017, 0.1709, 0.02417, 0.00517, 0.25433], [0.18305, 0.21426, 0.0, 0.25232, 0.25817, 0.05385, 0.19616, 0.21055, 0.05619], [0.09827, 0.05937, 0.25232, 0.0, 0.01112, 0.21591, 0.08275, 0.06441, 0.2845], [0.10856, 0.07017, 0.25817, 0.01112, 0.0, 0.2232, 0.09327, 0.07514, 0.28875], [0.1359, 0.1709, 0.05385, 0.21591, 0.2232, 0.0, 0.15045, 0.16666, 0.10871], [0.01638, 0.02417, 0.19616, 0.08275, 0.09327, 0.15045, 0.0, 0.01902, 0.23913], [0.03533, 0.00517, 0.21055, 0.06441, 0.07514, 0.16666, 0.01902, 0.0, 0.25132], [0.22767, 0.25433, 0.05619, 0.2845, 0.28875, 0.10871, 0.23913, 0.25132, 0.0]], "adj_matrix_2": [[0.0, 0.16278, 0.07328, 0.03248, 0.14503, 0.22207, 0.11889, 0.21084, 0.26517], [0.16278, 0.0, 0.22226, 0.19, 0.27417, 0.0777, 0.04928, 0.23147, 0.2417], [0.07328, 0.22226, 0.0, 0.04121, 0.07489, 0.26892, 0.1844, 0.19579, 0.26176], [0.03248, 0.19, 0.04121, 0.0, 0.11475, 0.24393, 0.14857, 0.20442, 0.26439], [0.14503, 0.27417, 0.07489, 0.11475, 0.0, 0.30677, 0.24377, 0.17944, 0.25341], [0.22207, 0.0777, 0.26892, 0.24393, 0.30677, 0.0, 0.12386, 0.22747, 0.21005], [0.11889, 0.04928, 0.1844, 0.14857, 0.24377, 0.12386, 0.0, 0.22868, 0.25415], [0.21084, 0.23147, 0.19579, 0.20442, 0.17944, 0.22747, 0.22868, 0.0, 0.10072], [0.26517, 0.2417, 0.26176, 0.26439, 0.25341, 0.21005, 0.25415, 0.10072, 0.0]], "features_1": [[0.431074329583077, 0.7239235567874138, 0.0, 0.23991735630055752, 0.476041239334842, 0.13774967285447579, 0.3251308368932321, 0.6737520033997191, 0.4197467915931139, 0.17420232539495628, 0.00783923647221818, 0.607712746395964, 0.649816221114368, 0.6852766799618372, 0.799258888294052, 0.7322177768186829, 0.6048850385570652], [0.4083366232259231, 0.8031038406779519, 0.0, 0.22629953462111302, 0.49117153868271834, 0.14271721697423267, 0.28449264665585117, 0.667881080729601, 0.44400869971858636, 0.19497193096449528, 0.007950687539111767, 0.6125751889992563, 0.660849651682172, 0.6910303703785776, 0.8056103608982673, 0.7413118849739475, 0.6122991683340769], [0.20236709593512225, 0.8600603790225841, 0.0, 0.20713128117116683, 0.511730833084688, 0.14018264695876897, 0.2742750898883138, 0.6702212337323032, 0.4283399613484846, 0.20669016415562425, 0.007504523810135222, 0.6177288514461816, 0.6614761279873234, 0.689753896000965, 0.7996821346708285, 0.7245910928496677, 0.6027200200304416], [0.2599944703296715, 0.8455088061650363, 0.0, 0.22001804843579167, 0.5046518200412218, 0.141687254859436, 0.2376268145650265, 0.6673152534685372, 0.4439713313327751, 0.20632713796690294, 0.007950687539111767, 0.6056930965503677, 0.6693732035107381, 0.6941181217555794, 0.8016140803426091, 0.7384698018396472, 0.6168986441087614], [0.3636443579958599, 0.8322305361727689, 0.0, 0.25239131184151076, 0.4942559902727137, 0.1427377042640633, 0.22794834916253706, 0.6659091598371176, 0.4516439169619222, 0.20463412461394137, 0.00839589484089287, 0.6096063500072013, 0.6647771091573473, 0.6918545314701976, 0.8000278587641553, 0.7180264737519092, 0.6133033330389238], [0.022852052633050235, 0.9233773814253099, 0.0, 0.1872723072905854, 0.5208053493002657, 0.14191380584535818, 0.2071002604289788, 0.6656948681603182, 0.44495408044482887, 0.2246261268342049, 0.008062078829516484, 0.6173871855326847, 0.6629380812052098, 0.7122461399583241, 0.7948772526561197, 0.7195959522897929, 0.6068563059124003], [-0.044022247307976325, 0.8798430592750833, 0.0, 0.20853348435083724, 0.5054555315219436, 0.1455130691876899, 0.1612399774679581, 0.6609546545013536, 0.46055746280284904, 0.21969246169942003, 0.008284682400665488, 0.6161606513845106, 0.6674789302573453, 0.6961254270500238, 0.8026118051616247, 0.7205201637501376, 0.6315027418381265], [0.45394546075808684, 0.9011302015022832, 0.0, 0.27672763905688974, 0.517971548709258, 0.13488624529850357, 0.19056172175732727, 0.6730222344129653, 0.41289180330353625, 0.2106208643024119, 0.007950687539111767, 0.6032978912221081, 0.6411930692432266, 0.6706860639327458, 0.7765787555193622, 0.7174950322111683, 0.59033791769514], [-0.04172700008582897, 1.0127490789722684, 0.0, 0.2057106144901517, 0.5522937772187383, 0.1302047364904987, 0.19059717471883814, 0.6782338734856708, 0.3779392727308124, 0.2288294963716797, 0.007616154688146137, 0.6153377593834382, 0.6401938540034927, 0.6589393487887244, 0.7670080180640183, 0.6724202875297992, 0.5742239129987446]], "features_2": [[0.08404047796673986, 0.6147230566380846, 0.0, 0.2278944344807944, 0.45078921226552615, 0.13584927159124394, 0.32609884153325197, 0.6781669330482387, 0.40840636918210915, 0.1472147284384071, 0.007783488497544067, 0.613049390490275, 0.679146854159333, 0.7074458460729486, 0.8056298471506834, 0.7343163409966358, 0.6335391012632399], [-0.09970706283875419, 0.7152741593130868, 0.0, 0.22861359638625464, 0.4800654450712568, 0.1367644221233617, 0.2643673100293668, 0.675551087697245, 0.41170870270000104, 0.1736102951038605, 0.007783488497544067, 0.6172888190121717, 0.6660744072237248, 0.6989684625851212, 0.7997608869135768, 0.7162991843888749, 0.6330338617494965], [0.12436686319408752, 0.72643592293233, 0.0, 0.2468667982998365, 0.4909440352197031, 0.13364054978514261, 0.3171799058825876, 0.6796254121497027, 0.39926665466658084, 0.1709056673241185, 0.007560346756364078, 0.6151436999687823, 0.6714621498464989, 0.6999205645807246, 0.799013351837692, 0.7125317154815012, 0.6263756711100188], [0.22329434456333708, 0.6886654472364095, 0.0, 0.23465864546560034, 0.4757986143575363, 0.13682602405183775, 0.30776009271830773, 0.6765295517301282, 0.40629810916227704, 0.16464522127913161, 0.007671947615560004, 0.6121617332398119, 0.6637947725758524, 0.692188744653856, 0.8059533929482526, 0.728648251913538, 0.6338665546012392], [-0.04666978508079067, 0.7319635603609532, 0.0, 0.24573812278052942, 0.4814293162580074, 0.13548904105680773, 0.23825475562545861, 0.6753905786865875, 0.40694896678618075, 0.17667480598669583, 0.007392832833969631, 0.6224453178040175, 0.6689729695807535, 0.7010323242028611, 0.7932780392209784, 0.7172356887195026, 0.6107432178872663], [0.3431570560371151, 0.7617719570813913, 0.0, 0.24744305958643006, 0.49754098214004605, 0.13495164995727868, 0.2901730723983043, 0.6775311562444715, 0.4063371277389185, 0.18030708617057312, 0.007560346756364078, 0.6044020114847037, 0.6575296029447658, 0.683168945358986, 0.7987245953160079, 0.7293851803883797, 0.6202394744123554], [0.29409435371064063, 0.6909529078683486, 0.0, 0.2517276741043078, 0.4640016173606841, 0.14207651092257395, 0.20680976657700328, 0.6677897790447775, 0.4508584293555298, 0.17298265310287575, 0.007894969482732161, 0.6150169650665667, 0.650157754995938, 0.6816909202008522, 0.804223173033613, 0.7223607604773149, 0.6322304135598216], [0.6498041999970274, 0.7791409781764073, 0.0, 0.2886026173829346, 0.4868376289549239, 0.13571065387238315, 0.18566868847039117, 0.6729352536963378, 0.4108892768340935, 0.18826842141100752, 0.008062078829516484, 0.5831423174681412, 0.6554276406200125, 0.6848155063308528, 0.7857942578735474, 0.69371942470537, 0.5881151774807837], [0.8243511926254778, 0.7224937797649847, 0.0, 0.3004709309556364, 0.46954007422630684, 0.14182673099972684, 0.20311144536917922, 0.6677664085212835, 0.4567896579495112, 0.18151422928230532, 0.00839589484089287, 0.5866741854451343, 0.6518452845063993, 0.6941958750315572, 0.8028940464991584, 0.7047157649582091, 0.6208205410677954]]}