{"labels_1": ["1", "2", "3", "4", "5", "6", "7", "8", "9"], "labels_2": ["1", "2", "3", "4", "5", "6", "7", "8", "9"], "adj_matrix_1": [[0.0, 0.19441, 0.06936, 0.02173, 0.29611, 0.12621, 0.20091, 0.26191, 0.31776], [0.19441, 0.0, 0.15359, 0.20403, 0.2108, 0.23322, 0.23708, 0.22638, 0.19105], [0.06936, 0.15359, 0.0, 0.0898, 0.29283, 0.18049, 0.2371, 0.27615, 0.29808], [0.02173, 0.20403, 0.0898, 0.0, 0.29313, 0.10697, 0.18623, 0.25352, 0.32019], [0.29611, 0.2108, 0.29283, 0.29313, 0.0, 0.25045, 0.18315, 0.08786, 0.09446], [0.12621, 0.23322, 0.18049, 0.10697, 0.25045, 0.0, 0.09339, 0.18598, 0.30459], [0.20091, 0.23708, 0.2371, 0.18623, 0.18315, 0.09339, 0.0, 0.10347, 0.25699], [0.26191, 0.22638, 0.27615, 0.25352, 0.08786, 0.18598, 0.10347, 0.0, 0.17647], [0.31776, 0.19105, 0.29808, 0.32019, 0.09446, 0.30459, 0.25699, 0.17647, 0.0]], "adj_matrix_2": [[0.0, 0.13987, 0.01846, 0.00807, 0.31859, 0.26478, 0.30349, 0.29167, 0.28604], [0.13987, 0.0, 0.15685, 0.14733, 0.25545, 0.15255, 0.21597, 0.19434, 0.18497], [0.01846, 0.15685, 0.0, 0.0104, 0.32409, 0.27695, 0.31212, 0.30169, 0.29661], [0.00807, 0.14733, 0.0104, 0.0, 0.32105, 0.27017, 0.30732, 0.29611, 0.29073], [0.31859, 0.25545, 0.32409, 0.32105, 0.0, 0.1408, 0.06658, 0.09493, 0.10608], [0.26478, 0.15255, 0.27695, 0.27017, 0.1408, 0.0, 0.07957, 0.05065, 0.03877], [0.30349, 0.21597, 0.31212, 0.30732, 0.06658, 0.07957, 0.0, 0.02971, 0.04163], [0.29167, 0.19434, 0.30169, 0.29611, 0.09493, 0.05065, 0.02971, 0.0, 0.01203], [0.28604, 0.18497, 0.29661, 0.29073, 0.10608, 0.03877, 0.04163, 0.01203, 0.0]], "features_1": [[0.3060510078009524, 0.699443785178533, 0.0, 0.24487134187131263, 0.46416686463142853, 0.14314491751591238, 0.2633830254765471, 0.6694230541175645, 0.45528932320326, 0.17718284431487819, 0.007894969482732161, 0.607249724324749, 0.6820980114293707, 0.7068187122149673, 0.812575962464847, 0.7214533761548633, 0.6317368982449199], [0.7512411803252719, 0.7466827955700548, 0.0, 0.2640743485158599, 0.4789524088188028, 0.14758670786091244, 0.23740867359531137, 0.6645707379863306, 0.4812261707143868, 0.1895664589098116, 0.008451478759474051, 0.595412123414828, 0.6705167539116952, 0.691471520795901, 0.817788212876047, 0.7400014702430096, 0.6421381365936046], [0.2884330897908307, 0.7679825294816072, 0.0, 0.26796302860222304, 0.4837068809030479, 0.14634538198466868, 0.22296689276439424, 0.6647518112460775, 0.4724045102409862, 0.19673045342369044, 0.008006390651371653, 0.6110024605271633, 0.6804734771193938, 0.7146245161705023, 0.8144785026858484, 0.7355395758545462, 0.6380833851793002], [0.06621078816281134, 0.7262829061824879, 0.0, 0.2269763481416128, 0.4674274685351718, 0.14627729447891624, 0.23530912985649052, 0.6646633758034787, 0.470259140914443, 0.1877012991842939, 0.00839589484089287, 0.6183116668853872, 0.6804901537713347, 0.7238580161026642, 0.816730089783211, 0.7264581911430867, 0.6387389560714256], [0.029016447744924623, 0.7033430906714836, 0.0, 0.2248266666640025, 0.46410922885252043, 0.14737836164096096, 0.23250876263671216, 0.6644843001678112, 0.4769018400545775, 0.18111712527529744, 0.008117752083540042, 0.6339298579944281, 0.6849999219635566, 0.708737856075827, 0.8160919022340936, 0.7319542367685171, 0.6332249412978403], [0.1158614331538419, 0.7183652026853152, 0.0, 0.24166999978466805, 0.4666899805266383, 0.14946962780785217, 0.2027804996489806, 0.6605220286358149, 0.49399411248080694, 0.1892226197019493, 0.008507047823598457, 0.6218170286009022, 0.6716729603231553, 0.7172284612614357, 0.8185511100658764, 0.7066121872025549, 0.6443987223079566], [0.2039112309503519, 0.6735924113784859, 0.0, 0.19662965018323264, 0.44231484037949187, 0.14999838308527458, 0.19789056541540262, 0.6577922365848419, 0.4942591748801384, 0.17675715884704535, 0.008618141428105908, 0.6207010000274087, 0.657388794115059, 0.6930063652390057, 0.8169741711377871, 0.7383848974298911, 0.6396519808877905], [0.03541905152516556, 0.7667356919597468, 0.0, 0.2169610605293967, 0.4871793653883406, 0.13791790003259916, 0.26815688752516775, 0.6749348600989529, 0.42342203262839395, 0.18530285907637234, 0.008117752083540042, 0.6195528844762705, 0.6642496300640401, 0.6962582480904699, 0.8000357177687882, 0.714632715908851, 0.6125636633976091], [-0.29513035662357145, 0.7414879185246215, 0.0, 0.15414164767060395, 0.45860219584422357, 0.14785581880578533, 0.11645473279625947, 0.6559394801033555, 0.4778297600762442, 0.19371019053471494, 0.008451478759474051, 0.6363866802240334, 0.6645072338244176, 0.6994853415340422, 0.8027449273346913, 0.711314518297246, 0.6263408889663942]], "features_2": [[-0.2515580480565234, 0.7103283790992778, 0.0, 0.24792690634706016, 0.46764001533917116, 0.143264332070454, 0.17076609387540245, 0.6644392094923548, 0.44983802356746483, 0.18232235750796622, 0.008173410423425675, 0.6407935310104635, 0.6662830005917296, 0.6984401985884385, 0.8008703958876446, 0.7144082081458107, 0.629518497467338], [-0.17260991111919788, 0.8027458791625929, 0.0, 0.20110655939167926, 0.4914952206198042, 0.14426045593459547, 0.14762481872465544, 0.6610925195501218, 0.4661006963979504, 0.20502443591469066, 0.00839589484089287, 0.63194811420183, 0.647475796139311, 0.6899507459484153, 0.7984925138030667, 0.7275170508594195, 0.630057053825713], [-0.2994275647653293, 0.8272373339752345, 0.0, 0.24716834520256328, 0.5027872084477989, 0.142657349801973, 0.16261390899076106, 0.6646274170488224, 0.45148873887547025, 0.20847517854147646, 0.008284682400665488, 0.6432423357352808, 0.6724048636054806, 0.7124324772703503, 0.7972588422709582, 0.7328041662957162, 0.6329310726228583], [-0.26230632572114754, 0.7831363649519832, 0.0, 0.2589669918804206, 0.49120603969885157, 0.14244754628721013, 0.20703158991286869, 0.6669100640562795, 0.44619156701429863, 0.1985800491062144, 0.008173410423425675, 0.6381374047606321, 0.6676503911159792, 0.7091549821711514, 0.8026353573722105, 0.7297296160224521, 0.6277511047659585], [0.13216590141457552, 0.8040329164544185, 0.0, 0.2444596456753057, 0.4976857970342472, 0.1423829093262686, 0.20331062998441068, 0.6668376509235368, 0.4493761110746872, 0.2006869616100051, 0.008340296057933516, 0.6196236678638511, 0.6579213108042293, 0.6912269068643608, 0.8023737218986265, 0.719244721034526, 0.634215355463966], [-0.16224505657066102, 0.8427068648568745, 0.0, 0.26028278789600373, 0.5102206567731815, 0.14122067344829745, 0.19938182658014653, 0.6676350974304279, 0.44151497449600763, 0.20915079532726621, 0.008117752083540042, 0.6232956911336323, 0.6651188562097353, 0.7023979403320963, 0.7973614157855002, 0.7209912422670266, 0.6356727640117161], [0.3555131520401633, 0.7639995894147826, 0.0, 0.27336957306896087, 0.48355406423010155, 0.14227854329550638, 0.23346243102866354, 0.6672201761029448, 0.45448705121052835, 0.1915657838818472, 0.008340296057933516, 0.6084960179707108, 0.6556134641656105, 0.6899215975094249, 0.8008973353176225, 0.7329043756350886, 0.623417820338832], [-0.08237556803203505, 0.8374063252961444, 0.0, 0.26671915522365036, 0.5098692036367023, 0.13741338236276357, 0.28506814065536545, 0.6736812327149213, 0.41194716374038376, 0.20208957220357937, 0.00783923647221818, 0.6194959934182509, 0.6703066759172532, 0.7053363326939796, 0.7915533618506433, 0.7204472965819784, 0.613119207355277], [-0.027792775735062225, 0.8695391986467537, 0.0, 0.3003776073388724, 0.519440788958577, 0.1352156744465788, 0.30770155237201424, 0.6765496501516922, 0.40892826622677636, 0.20801028486947093, 0.007950687539111767, 0.614079104779067, 0.6629945633130815, 0.6994332914576875, 0.7896537124936683, 0.7231797308202979, 0.5961454107980961]]}