{"labels_1": ["1", "2", "3", "4", "5", "6", "7", "8", "9"], "labels_2": ["1", "2", "3", "4", "5", "6", "7", "8", "9"], "adj_matrix_1": [[0.0, 0.05712, 0.00642, 0.11668, 0.03911, 0.09338, 0.15134, 0.03089, 0.14584], [0.05712, 0.0, 0.05108, 0.14992, 0.01896, 0.04168, 0.1699, 0.0273, 0.13241], [0.00642, 0.05108, 0.0, 0.12123, 0.03284, 0.08821, 0.15429, 0.02454, 0.14479], [0.11668, 0.14992, 0.12123, 0.0, 0.14113, 0.16182, 0.05333, 0.13653, 0.13248], [0.03911, 0.01896, 0.03284, 0.14113, 0.0, 0.05951, 0.16606, 0.00844, 0.1385], [0.09338, 0.04168, 0.08821, 0.16182, 0.05951, 0.0, 0.17081, 0.06713, 0.11245], [0.15134, 0.1699, 0.15429, 0.05333, 0.16606, 0.17081, 0.0, 0.16364, 0.11785], [0.03089, 0.0273, 0.02454, 0.13653, 0.00844, 0.06713, 0.16364, 0.0, 0.1407], [0.14584, 0.13241, 0.14479, 0.13248, 0.1385, 0.11245, 0.11785, 0.1407, 0.0]], "adj_matrix_2": [[0.0, 0.01719, 0.104, 0.01908, 0.09973, 0.1058, 0.28247, 0.24656, 0.28456], [0.01719, 0.0, 0.08739, 0.03622, 0.11608, 0.08922, 0.29008, 0.25766, 0.28512], [0.104, 0.08739, 0.0, 0.12217, 0.19544, 0.00188, 0.3215, 0.30658, 0.28311], [0.01908, 0.03622, 0.12217, 0.0, 0.08132, 0.12395, 0.27328, 0.23366, 0.28343], [0.09973, 0.11608, 0.19544, 0.08132, 0.0, 0.19703, 0.22595, 0.17105, 0.2724], [0.1058, 0.08922, 0.00188, 0.12395, 0.19703, 0.0, 0.32198, 0.30747, 0.28296], [0.28247, 0.29008, 0.3215, 0.27328, 0.22595, 0.32198, 0.0, 0.07657, 0.14575], [0.24656, 0.25766, 0.30658, 0.23366, 0.17105, 0.30747, 0.07657, 0.0, 0.20029], [0.28456, 0.28512, 0.28311, 0.28343, 0.2724, 0.28296, 0.14575, 0.20029, 0.0]], "features_1": [[2.3542190327961343, 1.0253636641783863, 0.0, 0.3388103789871004, 0.5633416197200705, 0.12573291472978881, 0.20210945671258856, 0.6826009759555429, 0.3483310369475343, 0.2125920421737082, 0.007225183508792421, 0.5551567910071413, 0.6132846319014037, 0.640249761513825, 0.7555725758002982, 0.6832658407237054, 0.5362835284686834], [3.163432772717324, 1.1160987145069838, 0.0, 0.35554872962431744, 0.5839701101379022, 0.12393725279294657, 0.15341008271439094, 0.6837365152911697, 0.3465514944081509, 0.22295175913248633, 0.007448685839370306, 0.5442132736090217, 0.6106037660166642, 0.6241874246961953, 0.7491915528138097, 0.7038998180343538, 0.516191257039832], [2.745134179879888, 1.2551784534522754, 0.0, 0.3321761346534426, 0.6105186690300047, 0.12380003042685729, 0.1542441727697316, 0.6834323655055394, 0.33960761488077496, 0.2463230608547764, 0.007225183508792421, 0.5485647514251539, 0.6085489260296288, 0.6239017802763546, 0.7428606889283003, 0.6861689805965562, 0.5225818534553782], [1.8512491145570742, 1.124820153461168, 0.0, 0.330659345943895, 0.5876571035604842, 0.1250108729027098, 0.2281995577387015, 0.6840074697282306, 0.3545078952169205, 0.23302408236304917, 0.007560346756364078, 0.5654550380896723, 0.6135643682328087, 0.6323044174930701, 0.7596248209922538, 0.6823650704478595, 0.5500338053736004], [3.0822615874350623, 1.087824332680612, 0.0, 0.3305306768500915, 0.581574759799324, 0.12140824402915609, 0.17202195950002164, 0.6860050410400996, 0.34013610984076714, 0.216529459092905, 0.007560346756364078, 0.539588388789126, 0.6180148859406188, 0.6203550494965856, 0.745197062743102, 0.6899891385560507, 0.5166832844944383], [3.158357431228655, 1.1796395671216642, 0.0, 0.3331680239627906, 0.5981339449643341, 0.12303607283772294, 0.15666499952455126, 0.6845323753547099, 0.3418916652394006, 0.23331427597757748, 0.007671947615560004, 0.5441887589654992, 0.6135599065959206, 0.622077452385736, 0.7458608769560858, 0.691583459914501, 0.5227641977148553], [2.1417325792552244, 1.0113969755489296, 0.0, 0.3458767139354261, 0.562513285257242, 0.12626127550698046, 0.23738170906388803, 0.6835162220807673, 0.37471615863762486, 0.2167956353946685, 0.007616154688146137, 0.5664724055572945, 0.6212815468468909, 0.6511980681717843, 0.7685204006270647, 0.7069381581457144, 0.5571464190610051], [2.9689848153096428, 1.0144689615867286, 0.0, 0.36438079609429447, 0.5626738929788683, 0.12264266138693546, 0.12140090537101003, 0.684223417495899, 0.3451522503247344, 0.20921510222195816, 0.007616154688146137, 0.5420171995784844, 0.6023014682209933, 0.6190830799211869, 0.7423380091454522, 0.674981025033568, 0.5270306441601194], [3.85586954432219, 1.0413074697682703, 0.0, 0.37373845928090244, 0.5654187613746218, 0.1254401452943797, 0.14884378964545206, 0.6825776006934132, 0.368332251747747, 0.2165531669875418, 0.007727725548673403, 0.5438784214650534, 0.6130574069784871, 0.6196914806863869, 0.7542417378006288, 0.692104771422567, 0.5311092247930117]], "features_2": [[0.047283401594695906, 0.654585896882069, 0.0, 0.21986152687266033, 0.4595183917648342, 0.1354320938403553, 0.33034762098177806, 0.6788885766442542, 0.41441174096505184, 0.15722063055695745, 0.007783488497544067, 0.6196638072354759, 0.6708167800685572, 0.6977771246730163, 0.803479573636017, 0.7285994806945051, 0.6218439227995315], [0.008215280019383542, 0.7407803261474806, 0.0, 0.2691230645657179, 0.4860311519689281, 0.13568661840180918, 0.3233470721662222, 0.6782297120987275, 0.42457333811053655, 0.17939629339381824, 0.007616154688146137, 0.6192039179798297, 0.6723025733646812, 0.698370895840485, 0.8024569660635409, 0.7383793498386, 0.6165230357604112], [-0.09529757898104751, 0.7667131984047872, 0.0, 0.25914536405798355, 0.49513388508571277, 0.13502996426979638, 0.3253989772744433, 0.6789765539456772, 0.4031690626354667, 0.18236851354241246, 0.007727725548673403, 0.6252953038343609, 0.6842265989226473, 0.700095635001322, 0.8015558481983134, 0.7368821018903827, 0.621162416610214], [-0.0292152055953947, 0.6928295615743431, 0.0, 0.23811837714455603, 0.4744227031159664, 0.13555779916314528, 0.3816537256049813, 0.6801379146774366, 0.4137545074630198, 0.16616821842643903, 0.008062078829516484, 0.6201942370717726, 0.6813817439289854, 0.708985851368742, 0.8096012706274238, 0.74145205723382, 0.6310550462428828], [-0.13309011209973187, 0.7363714164118383, 0.0, 0.23140380269610103, 0.4885224315169484, 0.13192200001990956, 0.33123745784908676, 0.6814210683835634, 0.3931155571600726, 0.17328590729398918, 0.007616154688146137, 0.6273289511667393, 0.6778439430990318, 0.6943874300743232, 0.7945837019115206, 0.7295134259211595, 0.593800330998994], [-0.24163530847097725, 0.7904316308931427, 0.0, 0.27259386864428337, 0.5066654980655255, 0.13131207389381275, 0.34799642164887884, 0.6821755069731341, 0.3860781527492614, 0.1846054949947804, 0.007392832833969631, 0.6271831270778416, 0.6756927058022488, 0.707075664703466, 0.7946504740189027, 0.711940058412521, 0.6116222325577361], [0.6733179967030476, 0.6790851158396116, 0.0, 0.29552524712367134, 0.47275799795508167, 0.13209417817854527, 0.40952928537560923, 0.6829802475929871, 0.409868007876115, 0.15795713181862459, 0.008173410423425675, 0.5940023235362537, 0.6690051621845807, 0.6975367279605452, 0.8028330220410156, 0.7360959587233817, 0.608519714883074], [0.6617133519969256, 0.8272295745999807, 0.0, 0.30117683352307234, 0.5215511393197493, 0.12457371850368537, 0.29437375434351265, 0.6862830558430784, 0.3567103072139133, 0.18087100038559734, 0.007448685839370306, 0.5910524002557409, 0.6313030451893963, 0.6532680573296383, 0.7722703704663139, 0.7150887024100653, 0.5835751869053365], [1.2008852148200928, 0.8420712856141496, 0.0, 0.3178359205080987, 0.5202502255691996, 0.12819595588309812, 0.2761822504488777, 0.6829132002737719, 0.37339923905060357, 0.18602181238155446, 0.007616154688146137, 0.5791020690573871, 0.6320855008732925, 0.6473781787028948, 0.7785539259247096, 0.7185778071060738, 0.5851941335843994]]}