{"labels_1": ["1", "2", "3", "4", "5", "6", "7", "8", "9"], "labels_2": ["1", "2", "3", "4", "5", "6", "7", "8", "9"], "adj_matrix_1": [[0.0, 0.05712, 0.00642, 0.11668, 0.03911, 0.09338, 0.15134, 0.03089, 0.14584], [0.05712, 0.0, 0.05108, 0.14992, 0.01896, 0.04168, 0.1699, 0.0273, 0.13241], [0.00642, 0.05108, 0.0, 0.12123, 0.03284, 0.08821, 0.15429, 0.02454, 0.14479], [0.11668, 0.14992, 0.12123, 0.0, 0.14113, 0.16182, 0.05333, 0.13653, 0.13248], [0.03911, 0.01896, 0.03284, 0.14113, 0.0, 0.05951, 0.16606, 0.00844, 0.1385], [0.09338, 0.04168, 0.08821, 0.16182, 0.05951, 0.0, 0.17081, 0.06713, 0.11245], [0.15134, 0.1699, 0.15429, 0.05333, 0.16606, 0.17081, 0.0, 0.16364, 0.11785], [0.03089, 0.0273, 0.02454, 0.13653, 0.00844, 0.06713, 0.16364, 0.0, 0.1407], [0.14584, 0.13241, 0.14479, 0.13248, 0.1385, 0.11245, 0.11785, 0.1407, 0.0]], "adj_matrix_2": [[0.0, 0.13987, 0.01846, 0.00807, 0.31859, 0.26478, 0.30349, 0.29167, 0.28604], [0.13987, 0.0, 0.15685, 0.14733, 0.25545, 0.15255, 0.21597, 0.19434, 0.18497], [0.01846, 0.15685, 0.0, 0.0104, 0.32409, 0.27695, 0.31212, 0.30169, 0.29661], [0.00807, 0.14733, 0.0104, 0.0, 0.32105, 0.27017, 0.30732, 0.29611, 0.29073], [0.31859, 0.25545, 0.32409, 0.32105, 0.0, 0.1408, 0.06658, 0.09493, 0.10608], [0.26478, 0.15255, 0.27695, 0.27017, 0.1408, 0.0, 0.07957, 0.05065, 0.03877], [0.30349, 0.21597, 0.31212, 0.30732, 0.06658, 0.07957, 0.0, 0.02971, 0.04163], [0.29167, 0.19434, 0.30169, 0.29611, 0.09493, 0.05065, 0.02971, 0.0, 0.01203], [0.28604, 0.18497, 0.29661, 0.29073, 0.10608, 0.03877, 0.04163, 0.01203, 0.0]], "features_1": [[2.3542190327961343, 1.0253636641783863, 0.0, 0.3388103789871004, 0.5633416197200705, 0.12573291472978881, 0.20210945671258856, 0.6826009759555429, 0.3483310369475343, 0.2125920421737082, 0.007225183508792421, 0.5551567910071413, 0.6132846319014037, 0.640249761513825, 0.7555725758002982, 0.6832658407237054, 0.5362835284686834], [3.163432772717324, 1.1160987145069838, 0.0, 0.35554872962431744, 0.5839701101379022, 0.12393725279294657, 0.15341008271439094, 0.6837365152911697, 0.3465514944081509, 0.22295175913248633, 0.007448685839370306, 0.5442132736090217, 0.6106037660166642, 0.6241874246961953, 0.7491915528138097, 0.7038998180343538, 0.516191257039832], [2.745134179879888, 1.2551784534522754, 0.0, 0.3321761346534426, 0.6105186690300047, 0.12380003042685729, 0.1542441727697316, 0.6834323655055394, 0.33960761488077496, 0.2463230608547764, 0.007225183508792421, 0.5485647514251539, 0.6085489260296288, 0.6239017802763546, 0.7428606889283003, 0.6861689805965562, 0.5225818534553782], [1.8512491145570742, 1.124820153461168, 0.0, 0.330659345943895, 0.5876571035604842, 0.1250108729027098, 0.2281995577387015, 0.6840074697282306, 0.3545078952169205, 0.23302408236304917, 0.007560346756364078, 0.5654550380896723, 0.6135643682328087, 0.6323044174930701, 0.7596248209922538, 0.6823650704478595, 0.5500338053736004], [3.0822615874350623, 1.087824332680612, 0.0, 0.3305306768500915, 0.581574759799324, 0.12140824402915609, 0.17202195950002164, 0.6860050410400996, 0.34013610984076714, 0.216529459092905, 0.007560346756364078, 0.539588388789126, 0.6180148859406188, 0.6203550494965856, 0.745197062743102, 0.6899891385560507, 0.5166832844944383], [3.158357431228655, 1.1796395671216642, 0.0, 0.3331680239627906, 0.5981339449643341, 0.12303607283772294, 0.15666499952455126, 0.6845323753547099, 0.3418916652394006, 0.23331427597757748, 0.007671947615560004, 0.5441887589654992, 0.6135599065959206, 0.622077452385736, 0.7458608769560858, 0.691583459914501, 0.5227641977148553], [2.1417325792552244, 1.0113969755489296, 0.0, 0.3458767139354261, 0.562513285257242, 0.12626127550698046, 0.23738170906388803, 0.6835162220807673, 0.37471615863762486, 0.2167956353946685, 0.007616154688146137, 0.5664724055572945, 0.6212815468468909, 0.6511980681717843, 0.7685204006270647, 0.7069381581457144, 0.5571464190610051], [2.9689848153096428, 1.0144689615867286, 0.0, 0.36438079609429447, 0.5626738929788683, 0.12264266138693546, 0.12140090537101003, 0.684223417495899, 0.3451522503247344, 0.20921510222195816, 0.007616154688146137, 0.5420171995784844, 0.6023014682209933, 0.6190830799211869, 0.7423380091454522, 0.674981025033568, 0.5270306441601194], [3.85586954432219, 1.0413074697682703, 0.0, 0.37373845928090244, 0.5654187613746218, 0.1254401452943797, 0.14884378964545206, 0.6825776006934132, 0.368332251747747, 0.2165531669875418, 0.007727725548673403, 0.5438784214650534, 0.6130574069784871, 0.6196914806863869, 0.7542417378006288, 0.692104771422567, 0.5311092247930117]], "features_2": [[-0.2515580480565234, 0.7103283790992778, 0.0, 0.24792690634706016, 0.46764001533917116, 0.143264332070454, 0.17076609387540245, 0.6644392094923548, 0.44983802356746483, 0.18232235750796622, 0.008173410423425675, 0.6407935310104635, 0.6662830005917296, 0.6984401985884385, 0.8008703958876446, 0.7144082081458107, 0.629518497467338], [-0.17260991111919788, 0.8027458791625929, 0.0, 0.20110655939167926, 0.4914952206198042, 0.14426045593459547, 0.14762481872465544, 0.6610925195501218, 0.4661006963979504, 0.20502443591469066, 0.00839589484089287, 0.63194811420183, 0.647475796139311, 0.6899507459484153, 0.7984925138030667, 0.7275170508594195, 0.630057053825713], [-0.2994275647653293, 0.8272373339752345, 0.0, 0.24716834520256328, 0.5027872084477989, 0.142657349801973, 0.16261390899076106, 0.6646274170488224, 0.45148873887547025, 0.20847517854147646, 0.008284682400665488, 0.6432423357352808, 0.6724048636054806, 0.7124324772703503, 0.7972588422709582, 0.7328041662957162, 0.6329310726228583], [-0.26230632572114754, 0.7831363649519832, 0.0, 0.2589669918804206, 0.49120603969885157, 0.14244754628721013, 0.20703158991286869, 0.6669100640562795, 0.44619156701429863, 0.1985800491062144, 0.008173410423425675, 0.6381374047606321, 0.6676503911159792, 0.7091549821711514, 0.8026353573722105, 0.7297296160224521, 0.6277511047659585], [0.13216590141457552, 0.8040329164544185, 0.0, 0.2444596456753057, 0.4976857970342472, 0.1423829093262686, 0.20331062998441068, 0.6668376509235368, 0.4493761110746872, 0.2006869616100051, 0.008340296057933516, 0.6196236678638511, 0.6579213108042293, 0.6912269068643608, 0.8023737218986265, 0.719244721034526, 0.634215355463966], [-0.16224505657066102, 0.8427068648568745, 0.0, 0.26028278789600373, 0.5102206567731815, 0.14122067344829745, 0.19938182658014653, 0.6676350974304279, 0.44151497449600763, 0.20915079532726621, 0.008117752083540042, 0.6232956911336323, 0.6651188562097353, 0.7023979403320963, 0.7973614157855002, 0.7209912422670266, 0.6356727640117161], [0.3555131520401633, 0.7639995894147826, 0.0, 0.27336957306896087, 0.48355406423010155, 0.14227854329550638, 0.23346243102866354, 0.6672201761029448, 0.45448705121052835, 0.1915657838818472, 0.008340296057933516, 0.6084960179707108, 0.6556134641656105, 0.6899215975094249, 0.8008973353176225, 0.7329043756350886, 0.623417820338832], [-0.08237556803203505, 0.8374063252961444, 0.0, 0.26671915522365036, 0.5098692036367023, 0.13741338236276357, 0.28506814065536545, 0.6736812327149213, 0.41194716374038376, 0.20208957220357937, 0.00783923647221818, 0.6194959934182509, 0.6703066759172532, 0.7053363326939796, 0.7915533618506433, 0.7204472965819784, 0.613119207355277], [-0.027792775735062225, 0.8695391986467537, 0.0, 0.3003776073388724, 0.519440788958577, 0.1352156744465788, 0.30770155237201424, 0.6765496501516922, 0.40892826622677636, 0.20801028486947093, 0.007950687539111767, 0.614079104779067, 0.6629945633130815, 0.6994332914576875, 0.7896537124936683, 0.7231797308202979, 0.5961454107980961]]}