{"labels_1": ["1", "2", "3", "4", "5", "6", "7", "8", "9"], "labels_2": ["1", "2", "3", "4", "5", "6", "7", "8", "9"], "adj_matrix_1": [[0.0, 0.11118, 0.01895, 0.05973, 0.16902, 0.17379, 0.05446, 0.10465, 0.06978], [0.11118, 0.0, 0.09359, 0.05402, 0.06832, 0.07447, 0.15905, 0.19991, 0.04385], [0.01895, 0.09359, 0.0, 0.04108, 0.15383, 0.15894, 0.07293, 0.12216, 0.05127], [0.05973, 0.05402, 0.04108, 0.0, 0.11876, 0.12438, 0.11186, 0.15813, 0.01035], [0.16902, 0.06832, 0.15383, 0.11876, 0.0, 0.00643, 0.20862, 0.24038, 0.10948], [0.17379, 0.07447, 0.15894, 0.12438, 0.00643, 0.0, 0.21248, 0.24338, 0.11522], [0.05446, 0.15905, 0.07293, 0.11186, 0.20862, 0.21248, 0.0, 0.05188, 0.12126], [0.10465, 0.19991, 0.12216, 0.15813, 0.24038, 0.24338, 0.05188, 0.0, 0.16664], [0.06978, 0.04385, 0.05127, 0.01035, 0.10948, 0.11522, 0.12126, 0.16664, 0.0]], "adj_matrix_2": [[0.0, 0.14137, 0.12089, 0.01359, 0.06588, 0.15005, 0.06007, 0.1534, 0.12351], [0.14137, 0.0, 0.20115, 0.13296, 0.24361, 0.03365, 0.25865, 0.047, 0.0642], [0.12089, 0.20115, 0.0, 0.12862, 0.15389, 0.19766, 0.14598, 0.19539, 0.2004], [0.01359, 0.13296, 0.12862, 0.0, 0.05908, 0.1421, 0.05366, 0.14568, 0.11475], [0.06588, 0.24361, 0.15389, 0.05908, 0.0, 0.25479, 0.03188, 0.25791, 0.20973], [0.15005, 0.03365, 0.19766, 0.1421, 0.25479, 0.0, 0.26658, 0.01357, 0.09586], [0.06007, 0.25865, 0.14598, 0.05366, 0.03188, 0.26658, 0.0, 0.26838, 0.23064], [0.1534, 0.047, 0.19539, 0.14568, 0.25791, 0.01357, 0.26838, 0.0, 0.10801], [0.12351, 0.0642, 0.2004, 0.11475, 0.20973, 0.09586, 0.23064, 0.10801, 0.0]], "features_1": [[0.3007619283478089, 0.8325116652054682, 0.0, 0.19582365391662732, 0.5057364625368578, 0.14037181956022393, 0.19630207012306897, 0.6688553306523571, 0.4522100214004656, 0.20171509075911764, 0.008117752083540042, 0.6179585228872455, 0.6502915767267073, 0.6726554525129409, 0.7967170394663267, 0.7110702298639516, 0.6179534035571033], [0.5514500945646472, 0.8892340155528995, 0.0, 0.23674294402528076, 0.5198114633924339, 0.14050490003343707, 0.1881302737005491, 0.6684975407477336, 0.44960311313628476, 0.2150014400534992, 0.008562602043175715, 0.6037413037444717, 0.6399488802005566, 0.671976545578304, 0.7958333061854663, 0.7113909059939413, 0.6090133226117705], [0.29975805273918166, 0.98520309316039, 0.0, 0.19822930731990415, 0.5406263636088953, 0.14071599802434565, 0.18819435132706203, 0.6667177082877547, 0.45276590113863535, 0.23331110968840885, 0.008284682400665488, 0.6142431888863555, 0.6434947505032408, 0.6747011630064261, 0.7911295810977138, 0.7076160280157859, 0.6116962026258613], [0.31053719059563756, 0.8982850889589649, 0.0, 0.215884721702808, 0.5199512184945373, 0.14179424448894745, 0.17640854955568486, 0.6662212170180093, 0.46136837408855125, 0.2170081554791703, 0.008562602043175715, 0.6095905811188498, 0.6412728525913991, 0.6397707433570241, 0.7976098305198046, 0.7353832367385189, 0.6191054669940705], [1.0171294883959003, 0.8362035939911012, 0.0, 0.2690533375290508, 0.5121667019450272, 0.13679674922179832, 0.262338032888281, 0.6743555871687561, 0.426810776377301, 0.1964845275285545, 0.008062078829516484, 0.5884936163228038, 0.6378022633632714, 0.6684709563930898, 0.7923978929641269, 0.7267980608743493, 0.5965537683847774], [0.6354095588467072, 0.9514761814138468, 0.0, 0.24847976479994638, 0.5368740999313273, 0.13860925846628233, 0.19664117321877228, 0.6702697028101189, 0.434634131753481, 0.22113317811851219, 0.008173410423425675, 0.5920886167450379, 0.6418758330034323, 0.6684138505282523, 0.7904020017697749, 0.7066443787016654, 0.6099366207522167], [0.11139581826451517, 0.8015349148863609, 0.0, 0.2140359883614536, 0.4925856850734417, 0.1380829872201931, 0.18239157329695885, 0.6693307259413488, 0.4350927262337829, 0.1947781760446523, 0.008284682400665488, 0.6134377520181635, 0.6502450571963122, 0.6805442740231805, 0.7862227198698395, 0.7078656349017718, 0.6101970816394158], [0.5194188713936461, 0.9227961763468026, 0.0, 0.3016226882917737, 0.5504854990247519, 0.12357662833230204, 0.3769060239468935, 0.6867025668632218, 0.3655733796688636, 0.19907461137493287, 0.007950687539111767, 0.5999130515179059, 0.6363863939977983, 0.6534076072770276, 0.7683235700267061, 0.7041551510425849, 0.5660639046457717], [0.3653886945022018, 0.9199540826978515, 0.0, 0.27835722680211195, 0.5395756351237928, 0.1259577009705216, 0.2923705364392326, 0.6834697427587186, 0.3527183003064507, 0.20066881992551844, 0.007281081678807366, 0.5941006416268027, 0.6187793878026024, 0.6513867055720295, 0.7618832919611561, 0.6821638715744668, 0.5714912316093137]], "features_2": [[2.715432164334633, 0.9391745082258657, 0.0, 0.34425947525968287, 0.5361239352249775, 0.13050244766698182, 0.1807617089155052, 0.6772033595980225, 0.38311372330432913, 0.2061463659015741, 0.007727725548673403, 0.5477622835006153, 0.6199601918563099, 0.6495085417016192, 0.7657364837485284, 0.6964197667090867, 0.5633258879307101], [0.5186745967241038, 0.9308227715606434, 0.0, 0.26574356496048357, 0.5353388887467259, 0.13138227078348938, 0.20742690025162175, 0.6771383595131095, 0.38083686414561124, 0.21029240888195022, 0.007727725548673403, 0.5836746741451919, 0.6262338888541212, 0.6481498146292096, 0.7730451637259796, 0.7155420664213689, 0.5781888011731653], [1.8766434393946403, 1.034932062950704, 0.0, 0.3225303760369465, 0.5554737599326867, 0.1321390576590214, 0.15208508198112441, 0.6753296284111732, 0.3924458913996465, 0.22977738761681943, 0.007727725548673403, 0.5582882805458309, 0.608435389284352, 0.640661766004495, 0.7694989364452528, 0.7004498981165385, 0.567370490388268], [2.3898725526818634, 0.9828784807150832, 0.0, 0.33132849974568157, 0.5422259364780073, 0.13455300178177787, 0.17813240540947534, 0.6735238591073327, 0.4061055994845124, 0.2210419275694011, 0.007727725548673403, 0.553904460280159, 0.6140356337179901, 0.6333168773878124, 0.7792049675646231, 0.7099265061317563, 0.5870448519065723], [0.2768332453148781, 0.8253383894994161, 0.0, 0.24714910732176582, 0.5050636985832331, 0.1361199810213374, 0.21101837459880812, 0.6733311357456722, 0.4044230325484326, 0.1958128566258226, 0.007504523810135222, 0.6086986471550873, 0.6410790796159858, 0.6718469126381064, 0.7859514320141915, 0.7045556930441651, 0.5938871407847516], [0.28243802422209807, 0.9385972632695695, 0.0, 0.26741133735257316, 0.5290166813615667, 0.13762265791355008, 0.18611646745200333, 0.6708652702217244, 0.41650145326628407, 0.22277345802097837, 0.007727725548673403, 0.5966803898156179, 0.6505562257621629, 0.683751138278249, 0.7872052788767274, 0.7119254564559632, 0.5943037646717305], [0.03804928268568153, 0.8084125222781069, 0.0, 0.25727237427266547, 0.49185271969845434, 0.13988814527705268, 0.17263812467180345, 0.668250060643831, 0.4217894794370891, 0.1979827531401912, 0.007783488497544067, 0.6221597256849662, 0.6492458251056977, 0.6829989859523833, 0.7930320867563581, 0.7028356868596362, 0.6264264301277039], [0.6909021542142417, 0.8619073796924607, 0.0, 0.24149073262065207, 0.5050451435699663, 0.13729661786068187, 0.1672930373030141, 0.6690668013307579, 0.41496850765858184, 0.20442570894471457, 0.007894969482732161, 0.604345158695744, 0.6332320032761332, 0.6523966353897866, 0.7773279913060911, 0.6961570273148578, 0.5631621784980305], [0.4909753916006365, 0.8800660402595256, 0.0, 0.2107177444571921, 0.5091197345446856, 0.1349313378153649, 0.15752026952856965, 0.6713148844828518, 0.39376987738274405, 0.20442067828146704, 0.007727725548673403, 0.5984454589376949, 0.6346432778590185, 0.6640009876139834, 0.7699541134594374, 0.6921626927560555, 0.5645057276107963]]}