{"labels_1": ["1", "2", "3", "4", "5", "6", "7", "8", "9"], "labels_2": ["1", "2", "3", "4", "5", "6", "7", "8", "9"], "adj_matrix_1": [[0.0, 0.07079, 0.26843, 0.22771, 0.19235, 0.32304, 0.27814, 0.31259, 0.21655], [0.07079, 0.0, 0.31457, 0.28163, 0.25125, 0.34997, 0.26992, 0.34511, 0.2722], [0.26843, 0.31457, 0.0, 0.05748, 0.09972, 0.11671, 0.25779, 0.08567, 0.07133], [0.22771, 0.28163, 0.05748, 0.0, 0.04347, 0.16753, 0.27217, 0.13926, 0.01416], [0.19235, 0.25125, 0.09972, 0.04347, 0.0, 0.20254, 0.27898, 0.1769, 0.02938], [0.32304, 0.34997, 0.11671, 0.16753, 0.20254, 0.0, 0.20452, 0.03313, 0.17918], [0.27814, 0.26992, 0.25779, 0.27217, 0.27898, 0.20452, 0.0, 0.22264, 0.27453], [0.31259, 0.34511, 0.08567, 0.13926, 0.1769, 0.03313, 0.22264, 0.0, 0.15176], [0.21655, 0.2722, 0.07133, 0.01416, 0.02938, 0.17918, 0.27453, 0.15176, 0.0]], "adj_matrix_2": [[0.0, 0.14137, 0.12089, 0.01359, 0.06588, 0.15005, 0.06007, 0.1534, 0.12351], [0.14137, 0.0, 0.20115, 0.13296, 0.24361, 0.03365, 0.25865, 0.047, 0.0642], [0.12089, 0.20115, 0.0, 0.12862, 0.15389, 0.19766, 0.14598, 0.19539, 0.2004], [0.01359, 0.13296, 0.12862, 0.0, 0.05908, 0.1421, 0.05366, 0.14568, 0.11475], [0.06588, 0.24361, 0.15389, 0.05908, 0.0, 0.25479, 0.03188, 0.25791, 0.20973], [0.15005, 0.03365, 0.19766, 0.1421, 0.25479, 0.0, 0.26658, 0.01357, 0.09586], [0.06007, 0.25865, 0.14598, 0.05366, 0.03188, 0.26658, 0.0, 0.26838, 0.23064], [0.1534, 0.047, 0.19539, 0.14568, 0.25791, 0.01357, 0.26838, 0.0, 0.10801], [0.12351, 0.0642, 0.2004, 0.11475, 0.20973, 0.09586, 0.23064, 0.10801, 0.0]], "features_1": [[0.0534715653832758, 0.6113088461103916, 0.0, 0.1626078044870415, 0.4352376103445035, 0.14525472909793355, 0.25533950009071377, 0.6662734841089203, 0.48067534068936313, 0.15726904814012377, 0.008618141428105908, 0.6361313022659119, 0.6755287529375958, 0.68541174588248, 0.8142281597265253, 0.7433591008138138, 0.6359062554304844], [-0.21868290765072995, 0.6529671327914427, 0.0, 0.22048708776857462, 0.45416826287018036, 0.14169633921949784, 0.26473391043007977, 0.6698871373477824, 0.44172307086658913, 0.16483438305928177, 0.008284682400665488, 0.638225651262819, 0.6673495045400917, 0.697306949663227, 0.8096861322701264, 0.7291694730608879, 0.6282613639735951], [-0.04606592874741988, 0.7363936319949125, 0.0, 0.18139744200828695, 0.47267492804541655, 0.14485796638943668, 0.2274472732951537, 0.6645396035294036, 0.47038024526152933, 0.1871538419261627, 0.008173410423425675, 0.6272952239920844, 0.6784673588728672, 0.6917505322882243, 0.8084856728657609, 0.7324629576974484, 0.6231339832755646], [0.05525948660016322, 0.7224018623526476, 0.0, 0.18305047171007416, 0.4634089858109897, 0.14939732571313985, 0.21759403069976885, 0.6588715457120216, 0.5017415216692085, 0.18930045643206928, 0.009061923644820391, 0.629070849937508, 0.6886992821211992, 0.7132177271698521, 0.8146838918728244, 0.7308555908976473, 0.6309777884544018], [-0.04525438387589631, 0.6798339218502957, 0.0, 0.19289998530436944, 0.45906550025880594, 0.14235195302601475, 0.2577075081157922, 0.6681152008675204, 0.449108154719029, 0.17126269211950884, 0.007950687539111767, 0.6223159735260393, 0.6557460158309221, 0.6798508529514191, 0.8074052926337024, 0.7152181697821808, 0.6208673470805104], [0.02909070114244372, 0.7751337568149113, 0.0, 0.22506921403154434, 0.4841886538164481, 0.14453528026086715, 0.2309972247974116, 0.6649486960428357, 0.4612746182416638, 0.1954825840045289, 0.008507047823598457, 0.6208121230848316, 0.6601214250465268, 0.6701127287566967, 0.8073511850046247, 0.7259896107631643, 0.6198624360264384], [0.7949305688261727, 0.7833135503229716, 0.0, 0.24490114223985918, 0.47943160687883557, 0.14641305623100465, 0.19258787515180345, 0.6603510137642904, 0.480026981847975, 0.19599891306416595, 0.008729175733573014, 0.6005603109395592, 0.6461545939340018, 0.6687113403422774, 0.8041198976229862, 0.7318421257956397, 0.6292805025474063], [0.4428119212610495, 0.8001468424570365, 0.0, 0.20035393267325372, 0.5006860607199837, 0.13684496044796662, 0.22168443252912057, 0.673599651074904, 0.4386657318655116, 0.19116287522158038, 0.008173410423425675, 0.6130249900592704, 0.6444062946589613, 0.649850374806621, 0.7927052938156804, 0.7087597787537521, 0.6242176769449969], [0.4647575094111218, 0.8806020017247783, 0.0, 0.22038835200933465, 0.5185795556529916, 0.13497298969692123, 0.1637273587948549, 0.6731981372040232, 0.4147786285005648, 0.20782371000620858, 0.008062078829516484, 0.6114417102933851, 0.6349893309455371, 0.65710896835391, 0.7808493835978996, 0.7081724875573967, 0.6073023606220026]], "features_2": [[2.715432164334633, 0.9391745082258657, 0.0, 0.34425947525968287, 0.5361239352249775, 0.13050244766698182, 0.1807617089155052, 0.6772033595980225, 0.38311372330432913, 0.2061463659015741, 0.007727725548673403, 0.5477622835006153, 0.6199601918563099, 0.6495085417016192, 0.7657364837485284, 0.6964197667090867, 0.5633258879307101], [0.5186745967241038, 0.9308227715606434, 0.0, 0.26574356496048357, 0.5353388887467259, 0.13138227078348938, 0.20742690025162175, 0.6771383595131095, 0.38083686414561124, 0.21029240888195022, 0.007727725548673403, 0.5836746741451919, 0.6262338888541212, 0.6481498146292096, 0.7730451637259796, 0.7155420664213689, 0.5781888011731653], [1.8766434393946403, 1.034932062950704, 0.0, 0.3225303760369465, 0.5554737599326867, 0.1321390576590214, 0.15208508198112441, 0.6753296284111732, 0.3924458913996465, 0.22977738761681943, 0.007727725548673403, 0.5582882805458309, 0.608435389284352, 0.640661766004495, 0.7694989364452528, 0.7004498981165385, 0.567370490388268], [2.3898725526818634, 0.9828784807150832, 0.0, 0.33132849974568157, 0.5422259364780073, 0.13455300178177787, 0.17813240540947534, 0.6735238591073327, 0.4061055994845124, 0.2210419275694011, 0.007727725548673403, 0.553904460280159, 0.6140356337179901, 0.6333168773878124, 0.7792049675646231, 0.7099265061317563, 0.5870448519065723], [0.2768332453148781, 0.8253383894994161, 0.0, 0.24714910732176582, 0.5050636985832331, 0.1361199810213374, 0.21101837459880812, 0.6733311357456722, 0.4044230325484326, 0.1958128566258226, 0.007504523810135222, 0.6086986471550873, 0.6410790796159858, 0.6718469126381064, 0.7859514320141915, 0.7045556930441651, 0.5938871407847516], [0.28243802422209807, 0.9385972632695695, 0.0, 0.26741133735257316, 0.5290166813615667, 0.13762265791355008, 0.18611646745200333, 0.6708652702217244, 0.41650145326628407, 0.22277345802097837, 0.007727725548673403, 0.5966803898156179, 0.6505562257621629, 0.683751138278249, 0.7872052788767274, 0.7119254564559632, 0.5943037646717305], [0.03804928268568153, 0.8084125222781069, 0.0, 0.25727237427266547, 0.49185271969845434, 0.13988814527705268, 0.17263812467180345, 0.668250060643831, 0.4217894794370891, 0.1979827531401912, 0.007783488497544067, 0.6221597256849662, 0.6492458251056977, 0.6829989859523833, 0.7930320867563581, 0.7028356868596362, 0.6264264301277039], [0.6909021542142417, 0.8619073796924607, 0.0, 0.24149073262065207, 0.5050451435699663, 0.13729661786068187, 0.1672930373030141, 0.6690668013307579, 0.41496850765858184, 0.20442570894471457, 0.007894969482732161, 0.604345158695744, 0.6332320032761332, 0.6523966353897866, 0.7773279913060911, 0.6961570273148578, 0.5631621784980305], [0.4909753916006365, 0.8800660402595256, 0.0, 0.2107177444571921, 0.5091197345446856, 0.1349313378153649, 0.15752026952856965, 0.6713148844828518, 0.39376987738274405, 0.20442067828146704, 0.007727725548673403, 0.5984454589376949, 0.6346432778590185, 0.6640009876139834, 0.7699541134594374, 0.6921626927560555, 0.5645057276107963]]}