{"labels_1": ["1", "2", "3", "4", "5", "6", "7", "8", "9"], "labels_2": ["1", "2", "3", "4", "5", "6", "7", "8", "9"], "adj_matrix_1": [[0.0, 0.07079, 0.26843, 0.22771, 0.19235, 0.32304, 0.27814, 0.31259, 0.21655], [0.07079, 0.0, 0.31457, 0.28163, 0.25125, 0.34997, 0.26992, 0.34511, 0.2722], [0.26843, 0.31457, 0.0, 0.05748, 0.09972, 0.11671, 0.25779, 0.08567, 0.07133], [0.22771, 0.28163, 0.05748, 0.0, 0.04347, 0.16753, 0.27217, 0.13926, 0.01416], [0.19235, 0.25125, 0.09972, 0.04347, 0.0, 0.20254, 0.27898, 0.1769, 0.02938], [0.32304, 0.34997, 0.11671, 0.16753, 0.20254, 0.0, 0.20452, 0.03313, 0.17918], [0.27814, 0.26992, 0.25779, 0.27217, 0.27898, 0.20452, 0.0, 0.22264, 0.27453], [0.31259, 0.34511, 0.08567, 0.13926, 0.1769, 0.03313, 0.22264, 0.0, 0.15176], [0.21655, 0.2722, 0.07133, 0.01416, 0.02938, 0.17918, 0.27453, 0.15176, 0.0]], "adj_matrix_2": [[0.0, 0.16412, 0.22922, 0.01789, 0.11456, 0.17991, 0.04018, 0.06047, 0.1812], [0.16412, 0.0, 0.07626, 0.17965, 0.05369, 0.0179, 0.12757, 0.2145, 0.01934], [0.22922, 0.07626, 0.0, 0.24267, 0.12816, 0.05862, 0.19678, 0.27179, 0.05719], [0.01789, 0.17965, 0.24267, 0.0, 0.13123, 0.195, 0.05788, 0.04281, 0.19624], [0.11456, 0.05369, 0.12816, 0.13123, 0.0, 0.07134, 0.0759, 0.16943, 0.07277], [0.17991, 0.0179, 0.05862, 0.195, 0.07134, 0.0, 0.14422, 0.22859, 0.00145], [0.04018, 0.12757, 0.19678, 0.05788, 0.0759, 0.14422, 0.0, 0.09947, 0.14556], [0.06047, 0.2145, 0.27179, 0.04281, 0.16943, 0.22859, 0.09947, 0.0, 0.22974], [0.1812, 0.01934, 0.05719, 0.19624, 0.07277, 0.00145, 0.14556, 0.22974, 0.0]], "features_1": [[0.0534715653832758, 0.6113088461103916, 0.0, 0.1626078044870415, 0.4352376103445035, 0.14525472909793355, 0.25533950009071377, 0.6662734841089203, 0.48067534068936313, 0.15726904814012377, 0.008618141428105908, 0.6361313022659119, 0.6755287529375958, 0.68541174588248, 0.8142281597265253, 0.7433591008138138, 0.6359062554304844], [-0.21868290765072995, 0.6529671327914427, 0.0, 0.22048708776857462, 0.45416826287018036, 0.14169633921949784, 0.26473391043007977, 0.6698871373477824, 0.44172307086658913, 0.16483438305928177, 0.008284682400665488, 0.638225651262819, 0.6673495045400917, 0.697306949663227, 0.8096861322701264, 0.7291694730608879, 0.6282613639735951], [-0.04606592874741988, 0.7363936319949125, 0.0, 0.18139744200828695, 0.47267492804541655, 0.14485796638943668, 0.2274472732951537, 0.6645396035294036, 0.47038024526152933, 0.1871538419261627, 0.008173410423425675, 0.6272952239920844, 0.6784673588728672, 0.6917505322882243, 0.8084856728657609, 0.7324629576974484, 0.6231339832755646], [0.05525948660016322, 0.7224018623526476, 0.0, 0.18305047171007416, 0.4634089858109897, 0.14939732571313985, 0.21759403069976885, 0.6588715457120216, 0.5017415216692085, 0.18930045643206928, 0.009061923644820391, 0.629070849937508, 0.6886992821211992, 0.7132177271698521, 0.8146838918728244, 0.7308555908976473, 0.6309777884544018], [-0.04525438387589631, 0.6798339218502957, 0.0, 0.19289998530436944, 0.45906550025880594, 0.14235195302601475, 0.2577075081157922, 0.6681152008675204, 0.449108154719029, 0.17126269211950884, 0.007950687539111767, 0.6223159735260393, 0.6557460158309221, 0.6798508529514191, 0.8074052926337024, 0.7152181697821808, 0.6208673470805104], [0.02909070114244372, 0.7751337568149113, 0.0, 0.22506921403154434, 0.4841886538164481, 0.14453528026086715, 0.2309972247974116, 0.6649486960428357, 0.4612746182416638, 0.1954825840045289, 0.008507047823598457, 0.6208121230848316, 0.6601214250465268, 0.6701127287566967, 0.8073511850046247, 0.7259896107631643, 0.6198624360264384], [0.7949305688261727, 0.7833135503229716, 0.0, 0.24490114223985918, 0.47943160687883557, 0.14641305623100465, 0.19258787515180345, 0.6603510137642904, 0.480026981847975, 0.19599891306416595, 0.008729175733573014, 0.6005603109395592, 0.6461545939340018, 0.6687113403422774, 0.8041198976229862, 0.7318421257956397, 0.6292805025474063], [0.4428119212610495, 0.8001468424570365, 0.0, 0.20035393267325372, 0.5006860607199837, 0.13684496044796662, 0.22168443252912057, 0.673599651074904, 0.4386657318655116, 0.19116287522158038, 0.008173410423425675, 0.6130249900592704, 0.6444062946589613, 0.649850374806621, 0.7927052938156804, 0.7087597787537521, 0.6242176769449969], [0.4647575094111218, 0.8806020017247783, 0.0, 0.22038835200933465, 0.5185795556529916, 0.13497298969692123, 0.1637273587948549, 0.6731981372040232, 0.4147786285005648, 0.20782371000620858, 0.008062078829516484, 0.6114417102933851, 0.6349893309455371, 0.65710896835391, 0.7808493835978996, 0.7081724875573967, 0.6073023606220026]], "features_2": [[-0.12487557842325225, 0.6711921337069356, 0.0, 0.21649940142529078, 0.47621328183198397, 0.13602350642130884, 0.3535891725897038, 0.6793871785695619, 0.4331606854839898, 0.16525234216428597, 0.008451478759474051, 0.6298654744913286, 0.6857390988349605, 0.7246487662664066, 0.8070579352349863, 0.7131467371960594, 0.6282124935166717], [-0.016883417842087578, 0.7556133001051952, 0.0, 0.19919989484041065, 0.4950616404610497, 0.1387261226604744, 0.29742358938819036, 0.675292868904405, 0.4371192472639809, 0.18660806748683378, 0.008340296057933516, 0.6361771141370327, 0.6892936583928444, 0.7173244986658921, 0.806695981009733, 0.7287982598250847, 0.6167140712246938], [-0.20054602070929617, 0.7943544506067634, 0.0, 0.2267240796229121, 0.5160351955252735, 0.13611469423144787, 0.3337524093749515, 0.6789497195335531, 0.4322082563219434, 0.19364819180787118, 0.008451478759474051, 0.6340272891919785, 0.6871740474053469, 0.706443537718083, 0.8050901577579922, 0.7234852013556505, 0.6248956999356743], [-0.16727792500999694, 0.7401905931896371, 0.0, 0.22054779265297283, 0.4960537757521922, 0.13712214677722245, 0.33987812415779217, 0.677995791294919, 0.4406511494025629, 0.18271669734417673, 0.008562602043175715, 0.6333835572688127, 0.6895890550933139, 0.7150536208849789, 0.8082872286180408, 0.7206959310917642, 0.6323558538861893], [0.07252438948476714, 0.7189616203208886, 0.0, 0.21520251516133246, 0.48151984186110086, 0.13895090661753684, 0.29717358927680876, 0.6751296546769616, 0.4442175494414242, 0.17730907707521215, 0.008507047823598457, 0.63056051783421, 0.6890710163275318, 0.7218814556977132, 0.808162948382917, 0.7274041861910995, 0.6190482249676441], [-0.21696816577798517, 0.790420146311408, 0.0, 0.23310778586487513, 0.5054591241886769, 0.13904724309439492, 0.2860667557333052, 0.6747785646506965, 0.44452837459304195, 0.19572302874501957, 0.008451478759474051, 0.6330207928893441, 0.6872562760698426, 0.7138184111321979, 0.8052028666549967, 0.7221321555891164, 0.6259885619548722], [-0.13983000826960135, 0.7398790725453873, 0.0, 0.23442398336453393, 0.4847952741549145, 0.13670422650205172, 0.27414420060071765, 0.6750819697987488, 0.4312701677721291, 0.18239872876846763, 0.008451478759474051, 0.6223978230050082, 0.6556063563961824, 0.67623891129013, 0.797191541247024, 0.6893212682877328, 0.6056717184572097], [-0.06106447566540396, 0.7437031493157302, 0.0, 0.24897560651838088, 0.47949765822144286, 0.13678746281937038, 0.23112403150500355, 0.6746400617430219, 0.42086757557055, 0.1812379903950474, 0.008006390651371653, 0.6184350547615309, 0.657577424119692, 0.696639535859165, 0.7946790044672966, 0.7227135961158329, 0.6132961158042699], [-0.09963160657651926, 0.751692842746456, 0.0, 0.1953718039926943, 0.4825827982323046, 0.13389960304232765, 0.25485127730253865, 0.6770210025663279, 0.39873464844185214, 0.17918891098832357, 0.00783923647221818, 0.6250795370771005, 0.6623954563439304, 0.6819326210137799, 0.7882035671388178, 0.706837674274419, 0.5974203741523622]]}