{"labels_1": ["1", "2", "3", "4", "5", "6", "7", "8", "9"], "labels_2": ["1", "2", "3", "4", "5", "6", "7", "8", "9"], "adj_matrix_1": [[0.0, 0.07079, 0.26843, 0.22771, 0.19235, 0.32304, 0.27814, 0.31259, 0.21655], [0.07079, 0.0, 0.31457, 0.28163, 0.25125, 0.34997, 0.26992, 0.34511, 0.2722], [0.26843, 0.31457, 0.0, 0.05748, 0.09972, 0.11671, 0.25779, 0.08567, 0.07133], [0.22771, 0.28163, 0.05748, 0.0, 0.04347, 0.16753, 0.27217, 0.13926, 0.01416], [0.19235, 0.25125, 0.09972, 0.04347, 0.0, 0.20254, 0.27898, 0.1769, 0.02938], [0.32304, 0.34997, 0.11671, 0.16753, 0.20254, 0.0, 0.20452, 0.03313, 0.17918], [0.27814, 0.26992, 0.25779, 0.27217, 0.27898, 0.20452, 0.0, 0.22264, 0.27453], [0.31259, 0.34511, 0.08567, 0.13926, 0.1769, 0.03313, 0.22264, 0.0, 0.15176], [0.21655, 0.2722, 0.07133, 0.01416, 0.02938, 0.17918, 0.27453, 0.15176, 0.0]], "adj_matrix_2": [[0.0, 0.19835, 0.18109, 0.12021, 0.27329, 0.26758, 0.14933, 0.27083, 0.26758], [0.19835, 0.0, 0.02699, 0.10375, 0.31807, 0.16813, 0.07019, 0.32648, 0.16818], [0.18109, 0.02699, 0.0, 0.07851, 0.32326, 0.18913, 0.04384, 0.33029, 0.18918], [0.12021, 0.10375, 0.07851, 0.0, 0.32216, 0.23858, 0.03569, 0.32501, 0.23861], [0.27329, 0.31807, 0.32326, 0.32216, 0.0, 0.22377, 0.32567, 0.02138, 0.22373], [0.26758, 0.16813, 0.18913, 0.23858, 0.22377, 0.0, 0.21896, 0.24061, 6e-05], [0.14933, 0.07019, 0.04384, 0.03569, 0.32567, 0.21896, 0.0, 0.33037, 0.21899], [0.27083, 0.32648, 0.33029, 0.32501, 0.02138, 0.24061, 0.33037, 0.0, 0.24057], [0.26758, 0.16818, 0.18918, 0.23861, 0.22373, 6e-05, 0.21899, 0.24057, 0.0]], "features_1": [[0.0534715653832758, 0.6113088461103916, 0.0, 0.1626078044870415, 0.4352376103445035, 0.14525472909793355, 0.25533950009071377, 0.6662734841089203, 0.48067534068936313, 0.15726904814012377, 0.008618141428105908, 0.6361313022659119, 0.6755287529375958, 0.68541174588248, 0.8142281597265253, 0.7433591008138138, 0.6359062554304844], [-0.21868290765072995, 0.6529671327914427, 0.0, 0.22048708776857462, 0.45416826287018036, 0.14169633921949784, 0.26473391043007977, 0.6698871373477824, 0.44172307086658913, 0.16483438305928177, 0.008284682400665488, 0.638225651262819, 0.6673495045400917, 0.697306949663227, 0.8096861322701264, 0.7291694730608879, 0.6282613639735951], [-0.04606592874741988, 0.7363936319949125, 0.0, 0.18139744200828695, 0.47267492804541655, 0.14485796638943668, 0.2274472732951537, 0.6645396035294036, 0.47038024526152933, 0.1871538419261627, 0.008173410423425675, 0.6272952239920844, 0.6784673588728672, 0.6917505322882243, 0.8084856728657609, 0.7324629576974484, 0.6231339832755646], [0.05525948660016322, 0.7224018623526476, 0.0, 0.18305047171007416, 0.4634089858109897, 0.14939732571313985, 0.21759403069976885, 0.6588715457120216, 0.5017415216692085, 0.18930045643206928, 0.009061923644820391, 0.629070849937508, 0.6886992821211992, 0.7132177271698521, 0.8146838918728244, 0.7308555908976473, 0.6309777884544018], [-0.04525438387589631, 0.6798339218502957, 0.0, 0.19289998530436944, 0.45906550025880594, 0.14235195302601475, 0.2577075081157922, 0.6681152008675204, 0.449108154719029, 0.17126269211950884, 0.007950687539111767, 0.6223159735260393, 0.6557460158309221, 0.6798508529514191, 0.8074052926337024, 0.7152181697821808, 0.6208673470805104], [0.02909070114244372, 0.7751337568149113, 0.0, 0.22506921403154434, 0.4841886538164481, 0.14453528026086715, 0.2309972247974116, 0.6649486960428357, 0.4612746182416638, 0.1954825840045289, 0.008507047823598457, 0.6208121230848316, 0.6601214250465268, 0.6701127287566967, 0.8073511850046247, 0.7259896107631643, 0.6198624360264384], [0.7949305688261727, 0.7833135503229716, 0.0, 0.24490114223985918, 0.47943160687883557, 0.14641305623100465, 0.19258787515180345, 0.6603510137642904, 0.480026981847975, 0.19599891306416595, 0.008729175733573014, 0.6005603109395592, 0.6461545939340018, 0.6687113403422774, 0.8041198976229862, 0.7318421257956397, 0.6292805025474063], [0.4428119212610495, 0.8001468424570365, 0.0, 0.20035393267325372, 0.5006860607199837, 0.13684496044796662, 0.22168443252912057, 0.673599651074904, 0.4386657318655116, 0.19116287522158038, 0.008173410423425675, 0.6130249900592704, 0.6444062946589613, 0.649850374806621, 0.7927052938156804, 0.7087597787537521, 0.6242176769449969], [0.4647575094111218, 0.8806020017247783, 0.0, 0.22038835200933465, 0.5185795556529916, 0.13497298969692123, 0.1637273587948549, 0.6731981372040232, 0.4147786285005648, 0.20782371000620858, 0.008062078829516484, 0.6114417102933851, 0.6349893309455371, 0.65710896835391, 0.7808493835978996, 0.7081724875573967, 0.6073023606220026]], "features_2": [[0.5492133065035447, 0.7579878997234233, 0.0, 0.2664295760791878, 0.47839538015182886, 0.14100902923152714, 0.19818411508563755, 0.6664091465574936, 0.4286083077249212, 0.1829841556945624, 0.007727725548673403, 0.594268807372107, 0.6283137716138922, 0.6383930292728283, 0.7883763998739485, 0.707219769892105, 0.6135363269982653], [0.09874490803840308, 0.8048486304684576, 0.0, 0.26213708887787207, 0.49554053196216585, 0.1422476437468956, 0.347628816234522, 0.6681657991946628, 0.4434556991300682, 0.1988311930091371, 0.008562602043175715, 0.6047190914417548, 0.6548854922425781, 0.6839116818726738, 0.7957408417604785, 0.7205987300361635, 0.6214519228723667], [0.26165855544058747, 0.9154692401439445, 0.0, 0.2330191545564502, 0.5192835807430639, 0.14124289554856678, 0.17593783415808062, 0.6649151398540343, 0.43727220507808373, 0.21963792850419694, 0.007894969482732161, 0.6074767855719025, 0.6455123734644475, 0.6758260438595012, 0.7854444435478698, 0.689838705040279, 0.6108505127477823], [0.5033305426929604, 0.8852914135812566, 0.0, 0.2605514902974259, 0.5081899389473288, 0.1423678328145364, 0.13444088615888675, 0.6624018634293081, 0.43448040719641745, 0.21246204439262395, 0.007894969482732161, 0.6059289967348591, 0.6272470788458268, 0.6543079686185416, 0.7866336970232143, 0.6956858517489302, 0.608071500080907], [-0.32462396098448876, 0.8552715108818744, 0.0, 0.23684614809274016, 0.5138841814467962, 0.1367389233041592, 0.2877878947734217, 0.6736546655168326, 0.4204586585578274, 0.20774431602429355, 0.008117752083540042, 0.6312162761580402, 0.6525853432773618, 0.6827392622861926, 0.7890550701835036, 0.7184720049403455, 0.6037876194440545], [0.04233255024784066, 0.9391958927450934, 0.0, 0.22521882829490017, 0.5278165230060924, 0.1397226753429487, 0.20842879939005812, 0.6676836173494194, 0.42604986249017185, 0.22308521950984006, 0.007783488497544067, 0.612126369626615, 0.6472966733741307, 0.6667913358545828, 0.7837797010740736, 0.7090736074637418, 0.6017006246732585], [0.37278755001476016, 0.9137723069914743, 0.0, 0.25424310435099334, 0.5213439464145543, 0.1371601762169174, 0.19900181010432902, 0.6715497670760997, 0.4249973291794209, 0.21498662390119527, 0.007894969482732161, 0.6025157575742863, 0.6456735803845342, 0.6810430330506464, 0.786167836459488, 0.6939140567566419, 0.5883875978594338], [-0.09056721455677863, 0.9315855616121032, 0.0, 0.23859869767539246, 0.5394527282532718, 0.12873613368056738, 0.23446148445110565, 0.6811502292067935, 0.378908794568215, 0.21027221055351974, 0.007671947615560004, 0.6250331724446387, 0.666067477421091, 0.6764757863647944, 0.7753597875891681, 0.7035583690927467, 0.5855711342937423], [-0.17096558928273042, 0.9412179814699853, 0.0, 0.2657929180984279, 0.539721235157171, 0.12957302471170828, 0.25318856309977633, 0.6806330611799876, 0.37774454972418203, 0.21306287218473496, 0.007560346756364078, 0.6140901619170704, 0.6367281094594518, 0.6588889416814372, 0.7760532124646241, 0.6791555135779969, 0.5804606940885652]]}