{"labels_1": ["1", "2", "3", "4", "5", "6", "7", "8", "9"], "labels_2": ["1", "2", "3", "4", "5", "6", "7", "8", "9"], "adj_matrix_1": [[0.0, 0.07079, 0.26843, 0.22771, 0.19235, 0.32304, 0.27814, 0.31259, 0.21655], [0.07079, 0.0, 0.31457, 0.28163, 0.25125, 0.34997, 0.26992, 0.34511, 0.2722], [0.26843, 0.31457, 0.0, 0.05748, 0.09972, 0.11671, 0.25779, 0.08567, 0.07133], [0.22771, 0.28163, 0.05748, 0.0, 0.04347, 0.16753, 0.27217, 0.13926, 0.01416], [0.19235, 0.25125, 0.09972, 0.04347, 0.0, 0.20254, 0.27898, 0.1769, 0.02938], [0.32304, 0.34997, 0.11671, 0.16753, 0.20254, 0.0, 0.20452, 0.03313, 0.17918], [0.27814, 0.26992, 0.25779, 0.27217, 0.27898, 0.20452, 0.0, 0.22264, 0.27453], [0.31259, 0.34511, 0.08567, 0.13926, 0.1769, 0.03313, 0.22264, 0.0, 0.15176], [0.21655, 0.2722, 0.07133, 0.01416, 0.02938, 0.17918, 0.27453, 0.15176, 0.0]], "adj_matrix_2": [[0.0, 0.16278, 0.07328, 0.03248, 0.14503, 0.22207, 0.11889, 0.21084, 0.26517], [0.16278, 0.0, 0.22226, 0.19, 0.27417, 0.0777, 0.04928, 0.23147, 0.2417], [0.07328, 0.22226, 0.0, 0.04121, 0.07489, 0.26892, 0.1844, 0.19579, 0.26176], [0.03248, 0.19, 0.04121, 0.0, 0.11475, 0.24393, 0.14857, 0.20442, 0.26439], [0.14503, 0.27417, 0.07489, 0.11475, 0.0, 0.30677, 0.24377, 0.17944, 0.25341], [0.22207, 0.0777, 0.26892, 0.24393, 0.30677, 0.0, 0.12386, 0.22747, 0.21005], [0.11889, 0.04928, 0.1844, 0.14857, 0.24377, 0.12386, 0.0, 0.22868, 0.25415], [0.21084, 0.23147, 0.19579, 0.20442, 0.17944, 0.22747, 0.22868, 0.0, 0.10072], [0.26517, 0.2417, 0.26176, 0.26439, 0.25341, 0.21005, 0.25415, 0.10072, 0.0]], "features_1": [[0.0534715653832758, 0.6113088461103916, 0.0, 0.1626078044870415, 0.4352376103445035, 0.14525472909793355, 0.25533950009071377, 0.6662734841089203, 0.48067534068936313, 0.15726904814012377, 0.008618141428105908, 0.6361313022659119, 0.6755287529375958, 0.68541174588248, 0.8142281597265253, 0.7433591008138138, 0.6359062554304844], [-0.21868290765072995, 0.6529671327914427, 0.0, 0.22048708776857462, 0.45416826287018036, 0.14169633921949784, 0.26473391043007977, 0.6698871373477824, 0.44172307086658913, 0.16483438305928177, 0.008284682400665488, 0.638225651262819, 0.6673495045400917, 0.697306949663227, 0.8096861322701264, 0.7291694730608879, 0.6282613639735951], [-0.04606592874741988, 0.7363936319949125, 0.0, 0.18139744200828695, 0.47267492804541655, 0.14485796638943668, 0.2274472732951537, 0.6645396035294036, 0.47038024526152933, 0.1871538419261627, 0.008173410423425675, 0.6272952239920844, 0.6784673588728672, 0.6917505322882243, 0.8084856728657609, 0.7324629576974484, 0.6231339832755646], [0.05525948660016322, 0.7224018623526476, 0.0, 0.18305047171007416, 0.4634089858109897, 0.14939732571313985, 0.21759403069976885, 0.6588715457120216, 0.5017415216692085, 0.18930045643206928, 0.009061923644820391, 0.629070849937508, 0.6886992821211992, 0.7132177271698521, 0.8146838918728244, 0.7308555908976473, 0.6309777884544018], [-0.04525438387589631, 0.6798339218502957, 0.0, 0.19289998530436944, 0.45906550025880594, 0.14235195302601475, 0.2577075081157922, 0.6681152008675204, 0.449108154719029, 0.17126269211950884, 0.007950687539111767, 0.6223159735260393, 0.6557460158309221, 0.6798508529514191, 0.8074052926337024, 0.7152181697821808, 0.6208673470805104], [0.02909070114244372, 0.7751337568149113, 0.0, 0.22506921403154434, 0.4841886538164481, 0.14453528026086715, 0.2309972247974116, 0.6649486960428357, 0.4612746182416638, 0.1954825840045289, 0.008507047823598457, 0.6208121230848316, 0.6601214250465268, 0.6701127287566967, 0.8073511850046247, 0.7259896107631643, 0.6198624360264384], [0.7949305688261727, 0.7833135503229716, 0.0, 0.24490114223985918, 0.47943160687883557, 0.14641305623100465, 0.19258787515180345, 0.6603510137642904, 0.480026981847975, 0.19599891306416595, 0.008729175733573014, 0.6005603109395592, 0.6461545939340018, 0.6687113403422774, 0.8041198976229862, 0.7318421257956397, 0.6292805025474063], [0.4428119212610495, 0.8001468424570365, 0.0, 0.20035393267325372, 0.5006860607199837, 0.13684496044796662, 0.22168443252912057, 0.673599651074904, 0.4386657318655116, 0.19116287522158038, 0.008173410423425675, 0.6130249900592704, 0.6444062946589613, 0.649850374806621, 0.7927052938156804, 0.7087597787537521, 0.6242176769449969], [0.4647575094111218, 0.8806020017247783, 0.0, 0.22038835200933465, 0.5185795556529916, 0.13497298969692123, 0.1637273587948549, 0.6731981372040232, 0.4147786285005648, 0.20782371000620858, 0.008062078829516484, 0.6114417102933851, 0.6349893309455371, 0.65710896835391, 0.7808493835978996, 0.7081724875573967, 0.6073023606220026]], "features_2": [[0.08404047796673986, 0.6147230566380846, 0.0, 0.2278944344807944, 0.45078921226552615, 0.13584927159124394, 0.32609884153325197, 0.6781669330482387, 0.40840636918210915, 0.1472147284384071, 0.007783488497544067, 0.613049390490275, 0.679146854159333, 0.7074458460729486, 0.8056298471506834, 0.7343163409966358, 0.6335391012632399], [-0.09970706283875419, 0.7152741593130868, 0.0, 0.22861359638625464, 0.4800654450712568, 0.1367644221233617, 0.2643673100293668, 0.675551087697245, 0.41170870270000104, 0.1736102951038605, 0.007783488497544067, 0.6172888190121717, 0.6660744072237248, 0.6989684625851212, 0.7997608869135768, 0.7162991843888749, 0.6330338617494965], [0.12436686319408752, 0.72643592293233, 0.0, 0.2468667982998365, 0.4909440352197031, 0.13364054978514261, 0.3171799058825876, 0.6796254121497027, 0.39926665466658084, 0.1709056673241185, 0.007560346756364078, 0.6151436999687823, 0.6714621498464989, 0.6999205645807246, 0.799013351837692, 0.7125317154815012, 0.6263756711100188], [0.22329434456333708, 0.6886654472364095, 0.0, 0.23465864546560034, 0.4757986143575363, 0.13682602405183775, 0.30776009271830773, 0.6765295517301282, 0.40629810916227704, 0.16464522127913161, 0.007671947615560004, 0.6121617332398119, 0.6637947725758524, 0.692188744653856, 0.8059533929482526, 0.728648251913538, 0.6338665546012392], [-0.04666978508079067, 0.7319635603609532, 0.0, 0.24573812278052942, 0.4814293162580074, 0.13548904105680773, 0.23825475562545861, 0.6753905786865875, 0.40694896678618075, 0.17667480598669583, 0.007392832833969631, 0.6224453178040175, 0.6689729695807535, 0.7010323242028611, 0.7932780392209784, 0.7172356887195026, 0.6107432178872663], [0.3431570560371151, 0.7617719570813913, 0.0, 0.24744305958643006, 0.49754098214004605, 0.13495164995727868, 0.2901730723983043, 0.6775311562444715, 0.4063371277389185, 0.18030708617057312, 0.007560346756364078, 0.6044020114847037, 0.6575296029447658, 0.683168945358986, 0.7987245953160079, 0.7293851803883797, 0.6202394744123554], [0.29409435371064063, 0.6909529078683486, 0.0, 0.2517276741043078, 0.4640016173606841, 0.14207651092257395, 0.20680976657700328, 0.6677897790447775, 0.4508584293555298, 0.17298265310287575, 0.007894969482732161, 0.6150169650665667, 0.650157754995938, 0.6816909202008522, 0.804223173033613, 0.7223607604773149, 0.6322304135598216], [0.6498041999970274, 0.7791409781764073, 0.0, 0.2886026173829346, 0.4868376289549239, 0.13571065387238315, 0.18566868847039117, 0.6729352536963378, 0.4108892768340935, 0.18826842141100752, 0.008062078829516484, 0.5831423174681412, 0.6554276406200125, 0.6848155063308528, 0.7857942578735474, 0.69371942470537, 0.5881151774807837], [0.8243511926254778, 0.7224937797649847, 0.0, 0.3004709309556364, 0.46954007422630684, 0.14182673099972684, 0.20311144536917922, 0.6677664085212835, 0.4567896579495112, 0.18151422928230532, 0.00839589484089287, 0.5866741854451343, 0.6518452845063993, 0.6941958750315572, 0.8028940464991584, 0.7047157649582091, 0.6208205410677954]]}