{"labels_1": ["1", "2", "3", "4", "5", "6", "7", "8", "9"], "labels_2": ["1", "2", "3", "4", "5", "6", "7", "8", "9"], "adj_matrix_1": [[0.0, 0.13214, 0.09129, 0.00388, 0.09986, 0.01929, 0.2411, 0.25109, 0.28668], [0.13214, 0.0, 0.04343, 0.13567, 0.03451, 0.14941, 0.28578, 0.14079, 0.18784], [0.09129, 0.04343, 0.0, 0.095, 0.00898, 0.10955, 0.27541, 0.17967, 0.22377], [0.00388, 0.13567, 0.095, 0.0, 0.10354, 0.01542, 0.23921, 0.2537, 0.2889], [0.09986, 0.03451, 0.00898, 0.10354, 0.0, 0.11794, 0.27785, 0.17187, 0.21663], [0.01929, 0.14941, 0.10955, 0.01542, 0.11794, 0.0, 0.23154, 0.26353, 0.29705], [0.2411, 0.28578, 0.27541, 0.23921, 0.27785, 0.23154, 0.0, 0.2994, 0.29842], [0.25109, 0.14079, 0.17967, 0.2537, 0.17187, 0.26353, 0.2994, 0.0, 0.05191], [0.28668, 0.18784, 0.22377, 0.2889, 0.21663, 0.29705, 0.29842, 0.05191, 0.0]], "adj_matrix_2": [[0.0, 0.01963, 0.11025, 0.05541, 0.11792, 0.11285, 0.01024, 0.13081, 0.04641], [0.01963, 0.0, 0.12869, 0.07469, 0.1362, 0.13124, 0.02985, 0.14881, 0.06578], [0.11025, 0.12869, 0.0, 0.05628, 0.00807, 0.00275, 0.10052, 0.02183, 0.06524], [0.05541, 0.07469, 0.05628, 0.0, 0.06424, 0.05899, 0.04529, 0.07775, 0.00909], [0.11792, 0.1362, 0.00807, 0.06424, 0.0, 0.00532, 0.10825, 0.01377, 0.07316], [0.11285, 0.13124, 0.00275, 0.05899, 0.00532, 0.0, 0.10315, 0.01909, 0.06794], [0.01024, 0.02985, 0.10052, 0.04529, 0.10825, 0.10315, 0.0, 0.1213, 0.03626], [0.13081, 0.14881, 0.02183, 0.07775, 0.01377, 0.01909, 0.1213, 0.0, 0.08661], [0.04641, 0.06578, 0.06524, 0.00909, 0.07316, 0.06794, 0.03626, 0.08661, 0.0]], "features_1": [[0.272277105544934, 0.6089660661511498, 0.0, 0.2773764365339305, 0.4363661755926228, 0.14198927673183256, 0.28960746686245714, 0.6715839653617829, 0.4578626872211353, 0.15314300510547474, 0.008340296057933516, 0.6157169674092136, 0.6817972492381469, 0.7056293397414634, 0.8138679923359653, 0.731649168626425, 0.6374086665709829], [0.156639236203012, 0.680575681627731, 0.0, 0.22412518510229254, 0.45228807823306344, 0.14833667966162614, 0.25391898577929695, 0.6628334976310105, 0.48393792259905455, 0.17685450514552858, 0.008117752083540042, 0.626154063064235, 0.6866559799541602, 0.7137010357777189, 0.8181529782943364, 0.7464271354536111, 0.6391933099009915], [0.040335019600162614, 0.7091564646679608, 0.0, 0.2391446677163955, 0.47213274594247895, 0.1410920573648939, 0.2753998388725577, 0.6714998115497499, 0.4505630280977382, 0.17850869763282673, 0.008006390651371653, 0.6207497067479708, 0.6857897460692497, 0.7146283283838074, 0.8078145513607486, 0.719226788936393, 0.6299164864799948], [0.280871571935815, 0.7043682999039316, 0.0, 0.27783579762050825, 0.46916669759393514, 0.14157225446819546, 0.29137302153977984, 0.6714802330040431, 0.45186503061099037, 0.17528881059111634, 0.008006390651371653, 0.6149532754083196, 0.6791876226689575, 0.6961843374182588, 0.8130943805883545, 0.7195282260429416, 0.6299824417351201], [-0.11731361260687168, 0.6768535809972872, 0.0, 0.20655839501133386, 0.45321768380075, 0.14616343408800003, 0.2829744498030031, 0.6660245081712981, 0.46334314905684515, 0.17552821216257097, 0.008117752083540042, 0.632188096176717, 0.68703336738503, 0.7294956645227396, 0.8154100279747787, 0.7415920151934481, 0.636564921271236], [0.030858776687982203, 0.7230995993340029, 0.0, 0.23724771986798981, 0.4807777792923084, 0.1386833815023799, 0.3250845997045218, 0.6754271654817532, 0.4311914966373227, 0.17878742931723202, 0.007783488497544067, 0.6090232396720063, 0.682317729041888, 0.7217448363419902, 0.8072682238313917, 0.7299748240247607, 0.6239686557935549], [0.516632828551796, 0.6830374914205831, 0.0, 0.24154206442205844, 0.4578730550051681, 0.14317192502736903, 0.2715808331297396, 0.6685295855697642, 0.447613296666854, 0.1689681778621983, 0.008117752083540042, 0.5927526013231161, 0.6780343091519851, 0.6969869734273861, 0.8129869896450213, 0.7221212456596947, 0.6309238925344968], [-0.2161767184273775, 0.6916899788179535, 0.0, 0.2433878315157749, 0.4841129521704491, 0.1283245195242082, 0.53256527599749, 0.6866324212690054, 0.36857327919554805, 0.1593214405705432, 0.007616154688146137, 0.6228271779904353, 0.68176971138369, 0.6880799313622241, 0.7985805377104959, 0.7355330540791647, 0.5908079112517897], [-0.4887549365852415, 0.7123704373266465, 0.0, 0.17524463817712965, 0.48518111919172774, 0.13116554394023733, 0.4373416316432987, 0.683738760409609, 0.3751393175651414, 0.1670516389796839, 0.007336964783822175, 0.6247261329063458, 0.6570121618931116, 0.6934924248236888, 0.801154704237959, 0.7094126274487292, 0.6051962139324891]], "features_2": [[0.30459091584619236, 0.7907279729070629, 0.0, 0.2372318217313772, 0.48522860195531703, 0.14056390196137047, 0.1347358566236508, 0.6652108955422791, 0.44334774566680824, 0.19334107923932975, 0.008451478759474051, 0.6197649580542146, 0.6488300688859113, 0.6801659453637281, 0.7891947536841497, 0.7143061712693711, 0.6059776518327028], [0.33819811037488057, 0.891446668989126, 0.0, 0.22878750690174382, 0.5140955561163495, 0.14052613867261982, 0.14481619972061566, 0.6659228471369624, 0.4545367079747986, 0.2177041640043984, 0.00822905385914674, 0.6174703203424095, 0.6337222475437018, 0.6715247165467796, 0.7896671045431277, 0.7101926084092179, 0.6120965894006707], [0.21758039571043364, 0.9429572461540039, 0.0, 0.2179656612463184, 0.5300408942391994, 0.1365788192581823, 0.14862207650744352, 0.670214804021138, 0.4203207934781097, 0.22077524063242726, 0.008117752083540042, 0.6205545743582728, 0.6558480957172553, 0.6700897382861203, 0.7805440215172399, 0.6953128678285165, 0.5985583855267131], [0.2385381386316774, 0.9071142006255848, 0.0, 0.22529424805711076, 0.5188911635912903, 0.1395404284482435, 0.14959379858662913, 0.6667051259559656, 0.4277052235259311, 0.21596192503604716, 0.007671947615560004, 0.622196075880074, 0.6437253372746058, 0.6699934211584414, 0.7872998743268304, 0.7106417346112486, 0.6089989703091546], [0.148894381253887, 0.9051671417880255, 0.0, 0.1925634156273141, 0.5216043043681496, 0.14031397830698109, 0.17392369801656002, 0.6684348923753677, 0.44302031687293986, 0.21957490171878713, 0.008117752083540042, 0.6306366819406621, 0.6652220630215453, 0.6755197929494192, 0.7931464260145865, 0.7207101450125948, 0.61942704308226], [0.1424807060386568, 0.9801891643816827, 0.0, 0.2149540949890518, 0.5446939654936219, 0.13543135709775075, 0.20190627767924738, 0.6735362669999079, 0.40674717013974515, 0.22718254760876988, 0.007950687539111767, 0.6267517833713319, 0.6332713009158247, 0.6524979532206381, 0.7833921199416118, 0.701450622629861, 0.6088610510158544], [0.18508282639185047, 0.9121638471307423, 0.0, 0.190908058550822, 0.517794359745841, 0.14304968491387526, 0.3316419248603779, 0.6642441956523306, 0.44599503083384806, 0.22005411058192648, 0.008284682400665488, 0.6180616418294735, 0.632609100914481, 0.6642138178529146, 0.7873562618543072, 0.7296476533875156, 0.615451653105464], [-0.04812242545822798, 0.9822978555426544, 0.0, 0.19099574225119195, 0.5549668174298138, 0.12904930330029293, 0.27636477397266435, 0.68209433631703, 0.37102419171668233, 0.22064378294088338, 0.007392832833969631, 0.6156119451144728, 0.6560026773524363, 0.6869768055165606, 0.7796583835762643, 0.6940268169462108, 0.5929800422131296], [-0.10559869846409864, 0.9975886083612855, 0.0, 0.19262270007763266, 0.5523832147909397, 0.13321370507417213, 0.34484751933502833, 0.6780853443571783, 0.38183026986785373, 0.2284467038507083, 0.007448685839370306, 0.6210949571870832, 0.6571179825835695, 0.6701242961918691, 0.7802119134119464, 0.713590541093992, 0.5945022977036107]]}