{"labels_1": ["1", "2", "3", "4", "5", "6", "7", "8", "9"], "labels_2": ["1", "2", "3", "4", "5", "6", "7", "8", "9"], "adj_matrix_1": [[0.0, 0.13214, 0.09129, 0.00388, 0.09986, 0.01929, 0.2411, 0.25109, 0.28668], [0.13214, 0.0, 0.04343, 0.13567, 0.03451, 0.14941, 0.28578, 0.14079, 0.18784], [0.09129, 0.04343, 0.0, 0.095, 0.00898, 0.10955, 0.27541, 0.17967, 0.22377], [0.00388, 0.13567, 0.095, 0.0, 0.10354, 0.01542, 0.23921, 0.2537, 0.2889], [0.09986, 0.03451, 0.00898, 0.10354, 0.0, 0.11794, 0.27785, 0.17187, 0.21663], [0.01929, 0.14941, 0.10955, 0.01542, 0.11794, 0.0, 0.23154, 0.26353, 0.29705], [0.2411, 0.28578, 0.27541, 0.23921, 0.27785, 0.23154, 0.0, 0.2994, 0.29842], [0.25109, 0.14079, 0.17967, 0.2537, 0.17187, 0.26353, 0.2994, 0.0, 0.05191], [0.28668, 0.18784, 0.22377, 0.2889, 0.21663, 0.29705, 0.29842, 0.05191, 0.0]], "adj_matrix_2": [[0.0, 0.19835, 0.18109, 0.12021, 0.27329, 0.26758, 0.14933, 0.27083, 0.26758], [0.19835, 0.0, 0.02699, 0.10375, 0.31807, 0.16813, 0.07019, 0.32648, 0.16818], [0.18109, 0.02699, 0.0, 0.07851, 0.32326, 0.18913, 0.04384, 0.33029, 0.18918], [0.12021, 0.10375, 0.07851, 0.0, 0.32216, 0.23858, 0.03569, 0.32501, 0.23861], [0.27329, 0.31807, 0.32326, 0.32216, 0.0, 0.22377, 0.32567, 0.02138, 0.22373], [0.26758, 0.16813, 0.18913, 0.23858, 0.22377, 0.0, 0.21896, 0.24061, 6e-05], [0.14933, 0.07019, 0.04384, 0.03569, 0.32567, 0.21896, 0.0, 0.33037, 0.21899], [0.27083, 0.32648, 0.33029, 0.32501, 0.02138, 0.24061, 0.33037, 0.0, 0.24057], [0.26758, 0.16818, 0.18918, 0.23861, 0.22373, 6e-05, 0.21899, 0.24057, 0.0]], "features_1": [[0.272277105544934, 0.6089660661511498, 0.0, 0.2773764365339305, 0.4363661755926228, 0.14198927673183256, 0.28960746686245714, 0.6715839653617829, 0.4578626872211353, 0.15314300510547474, 0.008340296057933516, 0.6157169674092136, 0.6817972492381469, 0.7056293397414634, 0.8138679923359653, 0.731649168626425, 0.6374086665709829], [0.156639236203012, 0.680575681627731, 0.0, 0.22412518510229254, 0.45228807823306344, 0.14833667966162614, 0.25391898577929695, 0.6628334976310105, 0.48393792259905455, 0.17685450514552858, 0.008117752083540042, 0.626154063064235, 0.6866559799541602, 0.7137010357777189, 0.8181529782943364, 0.7464271354536111, 0.6391933099009915], [0.040335019600162614, 0.7091564646679608, 0.0, 0.2391446677163955, 0.47213274594247895, 0.1410920573648939, 0.2753998388725577, 0.6714998115497499, 0.4505630280977382, 0.17850869763282673, 0.008006390651371653, 0.6207497067479708, 0.6857897460692497, 0.7146283283838074, 0.8078145513607486, 0.719226788936393, 0.6299164864799948], [0.280871571935815, 0.7043682999039316, 0.0, 0.27783579762050825, 0.46916669759393514, 0.14157225446819546, 0.29137302153977984, 0.6714802330040431, 0.45186503061099037, 0.17528881059111634, 0.008006390651371653, 0.6149532754083196, 0.6791876226689575, 0.6961843374182588, 0.8130943805883545, 0.7195282260429416, 0.6299824417351201], [-0.11731361260687168, 0.6768535809972872, 0.0, 0.20655839501133386, 0.45321768380075, 0.14616343408800003, 0.2829744498030031, 0.6660245081712981, 0.46334314905684515, 0.17552821216257097, 0.008117752083540042, 0.632188096176717, 0.68703336738503, 0.7294956645227396, 0.8154100279747787, 0.7415920151934481, 0.636564921271236], [0.030858776687982203, 0.7230995993340029, 0.0, 0.23724771986798981, 0.4807777792923084, 0.1386833815023799, 0.3250845997045218, 0.6754271654817532, 0.4311914966373227, 0.17878742931723202, 0.007783488497544067, 0.6090232396720063, 0.682317729041888, 0.7217448363419902, 0.8072682238313917, 0.7299748240247607, 0.6239686557935549], [0.516632828551796, 0.6830374914205831, 0.0, 0.24154206442205844, 0.4578730550051681, 0.14317192502736903, 0.2715808331297396, 0.6685295855697642, 0.447613296666854, 0.1689681778621983, 0.008117752083540042, 0.5927526013231161, 0.6780343091519851, 0.6969869734273861, 0.8129869896450213, 0.7221212456596947, 0.6309238925344968], [-0.2161767184273775, 0.6916899788179535, 0.0, 0.2433878315157749, 0.4841129521704491, 0.1283245195242082, 0.53256527599749, 0.6866324212690054, 0.36857327919554805, 0.1593214405705432, 0.007616154688146137, 0.6228271779904353, 0.68176971138369, 0.6880799313622241, 0.7985805377104959, 0.7355330540791647, 0.5908079112517897], [-0.4887549365852415, 0.7123704373266465, 0.0, 0.17524463817712965, 0.48518111919172774, 0.13116554394023733, 0.4373416316432987, 0.683738760409609, 0.3751393175651414, 0.1670516389796839, 0.007336964783822175, 0.6247261329063458, 0.6570121618931116, 0.6934924248236888, 0.801154704237959, 0.7094126274487292, 0.6051962139324891]], "features_2": [[0.5492133065035447, 0.7579878997234233, 0.0, 0.2664295760791878, 0.47839538015182886, 0.14100902923152714, 0.19818411508563755, 0.6664091465574936, 0.4286083077249212, 0.1829841556945624, 0.007727725548673403, 0.594268807372107, 0.6283137716138922, 0.6383930292728283, 0.7883763998739485, 0.707219769892105, 0.6135363269982653], [0.09874490803840308, 0.8048486304684576, 0.0, 0.26213708887787207, 0.49554053196216585, 0.1422476437468956, 0.347628816234522, 0.6681657991946628, 0.4434556991300682, 0.1988311930091371, 0.008562602043175715, 0.6047190914417548, 0.6548854922425781, 0.6839116818726738, 0.7957408417604785, 0.7205987300361635, 0.6214519228723667], [0.26165855544058747, 0.9154692401439445, 0.0, 0.2330191545564502, 0.5192835807430639, 0.14124289554856678, 0.17593783415808062, 0.6649151398540343, 0.43727220507808373, 0.21963792850419694, 0.007894969482732161, 0.6074767855719025, 0.6455123734644475, 0.6758260438595012, 0.7854444435478698, 0.689838705040279, 0.6108505127477823], [0.5033305426929604, 0.8852914135812566, 0.0, 0.2605514902974259, 0.5081899389473288, 0.1423678328145364, 0.13444088615888675, 0.6624018634293081, 0.43448040719641745, 0.21246204439262395, 0.007894969482732161, 0.6059289967348591, 0.6272470788458268, 0.6543079686185416, 0.7866336970232143, 0.6956858517489302, 0.608071500080907], [-0.32462396098448876, 0.8552715108818744, 0.0, 0.23684614809274016, 0.5138841814467962, 0.1367389233041592, 0.2877878947734217, 0.6736546655168326, 0.4204586585578274, 0.20774431602429355, 0.008117752083540042, 0.6312162761580402, 0.6525853432773618, 0.6827392622861926, 0.7890550701835036, 0.7184720049403455, 0.6037876194440545], [0.04233255024784066, 0.9391958927450934, 0.0, 0.22521882829490017, 0.5278165230060924, 0.1397226753429487, 0.20842879939005812, 0.6676836173494194, 0.42604986249017185, 0.22308521950984006, 0.007783488497544067, 0.612126369626615, 0.6472966733741307, 0.6667913358545828, 0.7837797010740736, 0.7090736074637418, 0.6017006246732585], [0.37278755001476016, 0.9137723069914743, 0.0, 0.25424310435099334, 0.5213439464145543, 0.1371601762169174, 0.19900181010432902, 0.6715497670760997, 0.4249973291794209, 0.21498662390119527, 0.007894969482732161, 0.6025157575742863, 0.6456735803845342, 0.6810430330506464, 0.786167836459488, 0.6939140567566419, 0.5883875978594338], [-0.09056721455677863, 0.9315855616121032, 0.0, 0.23859869767539246, 0.5394527282532718, 0.12873613368056738, 0.23446148445110565, 0.6811502292067935, 0.378908794568215, 0.21027221055351974, 0.007671947615560004, 0.6250331724446387, 0.666067477421091, 0.6764757863647944, 0.7753597875891681, 0.7035583690927467, 0.5855711342937423], [-0.17096558928273042, 0.9412179814699853, 0.0, 0.2657929180984279, 0.539721235157171, 0.12957302471170828, 0.25318856309977633, 0.6806330611799876, 0.37774454972418203, 0.21306287218473496, 0.007560346756364078, 0.6140901619170704, 0.6367281094594518, 0.6588889416814372, 0.7760532124646241, 0.6791555135779969, 0.5804606940885652]]}