{"labels_1": ["1", "2", "3", "4", "5", "6", "7", "8", "9"], "labels_2": ["1", "2", "3", "4", "5", "6", "7", "8", "9"], "adj_matrix_1": [[0.0, 0.13214, 0.09129, 0.00388, 0.09986, 0.01929, 0.2411, 0.25109, 0.28668], [0.13214, 0.0, 0.04343, 0.13567, 0.03451, 0.14941, 0.28578, 0.14079, 0.18784], [0.09129, 0.04343, 0.0, 0.095, 0.00898, 0.10955, 0.27541, 0.17967, 0.22377], [0.00388, 0.13567, 0.095, 0.0, 0.10354, 0.01542, 0.23921, 0.2537, 0.2889], [0.09986, 0.03451, 0.00898, 0.10354, 0.0, 0.11794, 0.27785, 0.17187, 0.21663], [0.01929, 0.14941, 0.10955, 0.01542, 0.11794, 0.0, 0.23154, 0.26353, 0.29705], [0.2411, 0.28578, 0.27541, 0.23921, 0.27785, 0.23154, 0.0, 0.2994, 0.29842], [0.25109, 0.14079, 0.17967, 0.2537, 0.17187, 0.26353, 0.2994, 0.0, 0.05191], [0.28668, 0.18784, 0.22377, 0.2889, 0.21663, 0.29705, 0.29842, 0.05191, 0.0]], "adj_matrix_2": [[0.0, 0.13987, 0.01846, 0.00807, 0.31859, 0.26478, 0.30349, 0.29167, 0.28604], [0.13987, 0.0, 0.15685, 0.14733, 0.25545, 0.15255, 0.21597, 0.19434, 0.18497], [0.01846, 0.15685, 0.0, 0.0104, 0.32409, 0.27695, 0.31212, 0.30169, 0.29661], [0.00807, 0.14733, 0.0104, 0.0, 0.32105, 0.27017, 0.30732, 0.29611, 0.29073], [0.31859, 0.25545, 0.32409, 0.32105, 0.0, 0.1408, 0.06658, 0.09493, 0.10608], [0.26478, 0.15255, 0.27695, 0.27017, 0.1408, 0.0, 0.07957, 0.05065, 0.03877], [0.30349, 0.21597, 0.31212, 0.30732, 0.06658, 0.07957, 0.0, 0.02971, 0.04163], [0.29167, 0.19434, 0.30169, 0.29611, 0.09493, 0.05065, 0.02971, 0.0, 0.01203], [0.28604, 0.18497, 0.29661, 0.29073, 0.10608, 0.03877, 0.04163, 0.01203, 0.0]], "features_1": [[0.272277105544934, 0.6089660661511498, 0.0, 0.2773764365339305, 0.4363661755926228, 0.14198927673183256, 0.28960746686245714, 0.6715839653617829, 0.4578626872211353, 0.15314300510547474, 0.008340296057933516, 0.6157169674092136, 0.6817972492381469, 0.7056293397414634, 0.8138679923359653, 0.731649168626425, 0.6374086665709829], [0.156639236203012, 0.680575681627731, 0.0, 0.22412518510229254, 0.45228807823306344, 0.14833667966162614, 0.25391898577929695, 0.6628334976310105, 0.48393792259905455, 0.17685450514552858, 0.008117752083540042, 0.626154063064235, 0.6866559799541602, 0.7137010357777189, 0.8181529782943364, 0.7464271354536111, 0.6391933099009915], [0.040335019600162614, 0.7091564646679608, 0.0, 0.2391446677163955, 0.47213274594247895, 0.1410920573648939, 0.2753998388725577, 0.6714998115497499, 0.4505630280977382, 0.17850869763282673, 0.008006390651371653, 0.6207497067479708, 0.6857897460692497, 0.7146283283838074, 0.8078145513607486, 0.719226788936393, 0.6299164864799948], [0.280871571935815, 0.7043682999039316, 0.0, 0.27783579762050825, 0.46916669759393514, 0.14157225446819546, 0.29137302153977984, 0.6714802330040431, 0.45186503061099037, 0.17528881059111634, 0.008006390651371653, 0.6149532754083196, 0.6791876226689575, 0.6961843374182588, 0.8130943805883545, 0.7195282260429416, 0.6299824417351201], [-0.11731361260687168, 0.6768535809972872, 0.0, 0.20655839501133386, 0.45321768380075, 0.14616343408800003, 0.2829744498030031, 0.6660245081712981, 0.46334314905684515, 0.17552821216257097, 0.008117752083540042, 0.632188096176717, 0.68703336738503, 0.7294956645227396, 0.8154100279747787, 0.7415920151934481, 0.636564921271236], [0.030858776687982203, 0.7230995993340029, 0.0, 0.23724771986798981, 0.4807777792923084, 0.1386833815023799, 0.3250845997045218, 0.6754271654817532, 0.4311914966373227, 0.17878742931723202, 0.007783488497544067, 0.6090232396720063, 0.682317729041888, 0.7217448363419902, 0.8072682238313917, 0.7299748240247607, 0.6239686557935549], [0.516632828551796, 0.6830374914205831, 0.0, 0.24154206442205844, 0.4578730550051681, 0.14317192502736903, 0.2715808331297396, 0.6685295855697642, 0.447613296666854, 0.1689681778621983, 0.008117752083540042, 0.5927526013231161, 0.6780343091519851, 0.6969869734273861, 0.8129869896450213, 0.7221212456596947, 0.6309238925344968], [-0.2161767184273775, 0.6916899788179535, 0.0, 0.2433878315157749, 0.4841129521704491, 0.1283245195242082, 0.53256527599749, 0.6866324212690054, 0.36857327919554805, 0.1593214405705432, 0.007616154688146137, 0.6228271779904353, 0.68176971138369, 0.6880799313622241, 0.7985805377104959, 0.7355330540791647, 0.5908079112517897], [-0.4887549365852415, 0.7123704373266465, 0.0, 0.17524463817712965, 0.48518111919172774, 0.13116554394023733, 0.4373416316432987, 0.683738760409609, 0.3751393175651414, 0.1670516389796839, 0.007336964783822175, 0.6247261329063458, 0.6570121618931116, 0.6934924248236888, 0.801154704237959, 0.7094126274487292, 0.6051962139324891]], "features_2": [[-0.2515580480565234, 0.7103283790992778, 0.0, 0.24792690634706016, 0.46764001533917116, 0.143264332070454, 0.17076609387540245, 0.6644392094923548, 0.44983802356746483, 0.18232235750796622, 0.008173410423425675, 0.6407935310104635, 0.6662830005917296, 0.6984401985884385, 0.8008703958876446, 0.7144082081458107, 0.629518497467338], [-0.17260991111919788, 0.8027458791625929, 0.0, 0.20110655939167926, 0.4914952206198042, 0.14426045593459547, 0.14762481872465544, 0.6610925195501218, 0.4661006963979504, 0.20502443591469066, 0.00839589484089287, 0.63194811420183, 0.647475796139311, 0.6899507459484153, 0.7984925138030667, 0.7275170508594195, 0.630057053825713], [-0.2994275647653293, 0.8272373339752345, 0.0, 0.24716834520256328, 0.5027872084477989, 0.142657349801973, 0.16261390899076106, 0.6646274170488224, 0.45148873887547025, 0.20847517854147646, 0.008284682400665488, 0.6432423357352808, 0.6724048636054806, 0.7124324772703503, 0.7972588422709582, 0.7328041662957162, 0.6329310726228583], [-0.26230632572114754, 0.7831363649519832, 0.0, 0.2589669918804206, 0.49120603969885157, 0.14244754628721013, 0.20703158991286869, 0.6669100640562795, 0.44619156701429863, 0.1985800491062144, 0.008173410423425675, 0.6381374047606321, 0.6676503911159792, 0.7091549821711514, 0.8026353573722105, 0.7297296160224521, 0.6277511047659585], [0.13216590141457552, 0.8040329164544185, 0.0, 0.2444596456753057, 0.4976857970342472, 0.1423829093262686, 0.20331062998441068, 0.6668376509235368, 0.4493761110746872, 0.2006869616100051, 0.008340296057933516, 0.6196236678638511, 0.6579213108042293, 0.6912269068643608, 0.8023737218986265, 0.719244721034526, 0.634215355463966], [-0.16224505657066102, 0.8427068648568745, 0.0, 0.26028278789600373, 0.5102206567731815, 0.14122067344829745, 0.19938182658014653, 0.6676350974304279, 0.44151497449600763, 0.20915079532726621, 0.008117752083540042, 0.6232956911336323, 0.6651188562097353, 0.7023979403320963, 0.7973614157855002, 0.7209912422670266, 0.6356727640117161], [0.3555131520401633, 0.7639995894147826, 0.0, 0.27336957306896087, 0.48355406423010155, 0.14227854329550638, 0.23346243102866354, 0.6672201761029448, 0.45448705121052835, 0.1915657838818472, 0.008340296057933516, 0.6084960179707108, 0.6556134641656105, 0.6899215975094249, 0.8008973353176225, 0.7329043756350886, 0.623417820338832], [-0.08237556803203505, 0.8374063252961444, 0.0, 0.26671915522365036, 0.5098692036367023, 0.13741338236276357, 0.28506814065536545, 0.6736812327149213, 0.41194716374038376, 0.20208957220357937, 0.00783923647221818, 0.6194959934182509, 0.6703066759172532, 0.7053363326939796, 0.7915533618506433, 0.7204472965819784, 0.613119207355277], [-0.027792775735062225, 0.8695391986467537, 0.0, 0.3003776073388724, 0.519440788958577, 0.1352156744465788, 0.30770155237201424, 0.6765496501516922, 0.40892826622677636, 0.20801028486947093, 0.007950687539111767, 0.614079104779067, 0.6629945633130815, 0.6994332914576875, 0.7896537124936683, 0.7231797308202979, 0.5961454107980961]]}