{"labels_1": ["1", "2", "3", "4", "5", "6", "7", "8", "9"], "labels_2": ["1", "2", "3", "4", "5", "6", "7", "8", "9"], "adj_matrix_1": [[0.0, 0.09113, 0.08159, 0.25671, 0.29452, 0.29467, 0.0939, 0.20766, 0.28925], [0.09113, 0.0, 0.00986, 0.19262, 0.26767, 0.26668, 0.00287, 0.12946, 0.27316], [0.08159, 0.00986, 0.0, 0.2002, 0.27131, 0.27045, 0.01273, 0.13837, 0.27558], [0.25671, 0.19262, 0.2002, 0.0, 0.14087, 0.13729, 0.19044, 0.07529, 0.17219], [0.29452, 0.26767, 0.27131, 0.14087, 0.0, 0.00437, 0.26663, 0.19808, 0.04141], [0.29467, 0.26668, 0.27045, 0.13729, 0.00437, 0.0, 0.2656, 0.19536, 0.0457], [0.0939, 0.00287, 0.01273, 0.19044, 0.26663, 0.2656, 0.0, 0.1268, 0.27247], [0.20766, 0.12946, 0.13837, 0.07529, 0.19808, 0.19536, 0.1268, 0.0, 0.22051], [0.28925, 0.27316, 0.27558, 0.17219, 0.04141, 0.0457, 0.27247, 0.22051, 0.0]], "adj_matrix_2": [[0.0, 0.12123, 0.25656, 0.10628, 0.26734, 0.16954, 0.04986, 0.2548, 0.08309], [0.12123, 0.0, 0.18305, 0.01618, 0.23552, 0.19663, 0.0739, 0.32124, 0.19372], [0.25656, 0.18305, 0.0, 0.19449, 0.10404, 0.20437, 0.23112, 0.31588, 0.28762], [0.10628, 0.01618, 0.19449, 0.0, 0.24145, 0.19349, 0.05814, 0.31535, 0.18092], [0.26734, 0.23552, 0.10404, 0.24145, 0.0, 0.16806, 0.25835, 0.25646, 0.27275], [0.16954, 0.19663, 0.20437, 0.19349, 0.16806, 0.0, 0.18111, 0.10696, 0.14934], [0.04986, 0.0739, 0.23112, 0.05814, 0.25835, 0.18111, 0.0, 0.28686, 0.13029], [0.2548, 0.32124, 0.31588, 0.31535, 0.25646, 0.10696, 0.28686, 0.0, 0.18863], [0.08309, 0.19372, 0.28762, 0.18092, 0.27275, 0.14934, 0.13029, 0.18863, 0.0]], "features_1": [[0.4514972584834469, 0.7165290973722629, 0.0, 0.19140468732241434, 0.48433022295661604, 0.13515734390180056, 0.2617094540359773, 0.6755418957469804, 0.3890128024621968, 0.16586570322338123, 0.00783923647221818, 0.6103139360306442, 0.6361770918596524, 0.6540068033896403, 0.789317917100771, 0.7088856648400197, 0.6183265455128719], [0.15682320939759853, 0.8539734063951843, 0.0, 0.1680407335269755, 0.5104431804364035, 0.14007646441525998, 0.22149542162046315, 0.6688136702990637, 0.4184193687468609, 0.20545337088894056, 0.007727725548673403, 0.6165475475924724, 0.65560378750755, 0.6837537651109244, 0.7954216980446881, 0.7309905407318191, 0.6134866621934937], [0.3543028092312297, 0.8379903144022107, 0.0, 0.17824234905723246, 0.5171099443924404, 0.1356410527871518, 0.23184439744282984, 0.6743149269573248, 0.3876046661075603, 0.19316957076600816, 0.007392832833969631, 0.6070892791840123, 0.6371133236405335, 0.6616205117084578, 0.7876703019933072, 0.700380538774935, 0.6194137937643156], [0.3894505975450948, 0.7607584129098953, 0.0, 0.2160918056128927, 0.4998462976975746, 0.1344593454658274, 0.2570550476935402, 0.676627590548984, 0.37956240664273677, 0.17542725452761565, 0.007616154688146137, 0.5938487628169926, 0.639176870194253, 0.6655738536558455, 0.7905087493933072, 0.703893029702526, 0.621303804829503], [0.2682656125152758, 0.8748240898204686, 0.0, 0.21323550777486663, 0.5137378250915514, 0.13920197586753033, 0.20325879128049423, 0.6690632309529703, 0.4139395726873263, 0.2089952991462074, 0.007727725548673403, 0.6022326231975845, 0.6275459867032904, 0.6684463474964855, 0.7921018395508344, 0.7027082164198507, 0.6061977682040073], [0.25755496437280634, 0.8787374921550296, 0.0, 0.1950738885288896, 0.5229379031416753, 0.13644774012937605, 0.2000938582046004, 0.6727809162856897, 0.38915302894170734, 0.20435276214888853, 0.007392832833969631, 0.5925853820057916, 0.6381558892351774, 0.6795699484947901, 0.7882823521999072, 0.714961000107232, 0.6156134065150064], [0.08413759291653466, 0.7252429729368841, 0.0, 0.270236640860191, 0.4897491564278518, 0.1370526666390395, 0.41534071611910833, 0.6778450470481621, 0.42490753007343773, 0.17635391238551246, 0.007894969482732161, 0.6269213878708144, 0.6713447985005528, 0.7114427067011792, 0.8061561809675807, 0.7137584086961519, 0.6307728919205244], [0.7366017474422244, 0.9508126455919369, 0.0, 0.25387206762702785, 0.5412894824683288, 0.13256674130373108, 0.23020443348202732, 0.677646249394309, 0.4050849846464861, 0.21438388760556393, 0.00822905385914674, 0.5994504970414303, 0.637022768508484, 0.6478743133756749, 0.783795058855989, 0.7156457999510081, 0.5863550710733235], [0.5979043699196724, 0.8994358900319499, 0.0, 0.31384667245307574, 0.5327050365546281, 0.1347567465094884, 0.33865462699075694, 0.677110335417669, 0.4102662699344528, 0.20673460337456184, 0.007671947615560004, 0.6005063548795762, 0.6554226861537713, 0.6782765686242124, 0.7919299924084771, 0.7438500918400801, 0.6024299791400219]], "features_2": [[0.4749531600112915, 0.8085625310601599, 0.0, 0.309524004114284, 0.5045448463242933, 0.13763555850079606, 0.28074294770370967, 0.6748028343272712, 0.43509787654890353, 0.1935705757369266, 0.00783923647221818, 0.6087256257278948, 0.6440687002795256, 0.6689370887402261, 0.8003170879754008, 0.7347152389216042, 0.6161006584197238], [0.24230500564162538, 0.7995457650959986, 0.0, 0.261439191637507, 0.4973087682495778, 0.14253032846313154, 0.22565855540610258, 0.6679627110784296, 0.4479117423443111, 0.19729002963000042, 0.00783923647221818, 0.611814940414467, 0.6503468393937752, 0.6809379995845714, 0.8062707627060535, 0.723506510386626, 0.6369101627943143], [0.8114522956327508, 0.9073995463262907, 0.0, 0.3127052023007096, 0.5321297764994798, 0.13914793794767746, 0.26959397531567647, 0.6732796487879353, 0.4460889919301212, 0.21363629773686754, 0.007950687539111767, 0.5950299659882194, 0.6581249364953436, 0.6956099326974381, 0.8020804453654048, 0.7303908228917446, 0.6323231162274987], [0.3900856800492294, 0.882807193841884, 0.0, 0.29602845820150936, 0.5218811260601028, 0.14150559828386705, 0.28395940823809696, 0.6705050716678063, 0.4579981934858375, 0.2143299817461981, 0.008173410423425675, 0.6102553833344908, 0.664883718719279, 0.6988290140273763, 0.8043870121927875, 0.7239726690429039, 0.6276187872330891], [0.3240299750731723, 0.7884240167576029, 0.0, 0.2399344281801691, 0.4967531394715885, 0.14274860797434663, 0.26614916518961207, 0.6698500000834466, 0.4527191674236457, 0.19458188608957938, 0.008284682400665488, 0.6002558023042037, 0.669152062506206, 0.6972714646573176, 0.8102711351107367, 0.7273409842274668, 0.6448205123512641], [1.1645765841621332, 0.891595908697318, 0.0, 0.30003885749048603, 0.5267633026602316, 0.14240436320362082, 0.25593566713041727, 0.6695881421523264, 0.46497686649663295, 0.2130893043020925, 0.008840150818991033, 0.5835982927007886, 0.6528931990853443, 0.6829488602663739, 0.8060367821725954, 0.7276045743662196, 0.6445964572598261], [0.14600303948496673, 0.8663038916652552, 0.0, 0.20312518332482277, 0.5132147906511986, 0.14422035206528874, 0.275397036362002, 0.6659300145794573, 0.46009770066414735, 0.21446916212951006, 0.00783923647221818, 0.6122496373538584, 0.647196889103741, 0.6887818986860915, 0.8020010776462343, 0.7133987816912529, 0.6208648819862007], [-0.3530504609124212, 0.860979497957559, 0.0, 0.21577148429252008, 0.5217863189708831, 0.13339242069840457, 0.23545718614282904, 0.6774983515136481, 0.38209126657282355, 0.20175511991770834, 0.007504523810135222, 0.628213329056748, 0.6520652935834163, 0.6696166831497513, 0.7873935318811313, 0.7099740403763327, 0.6107951052499825], [-0.09441890840345568, 0.9062484575715497, 0.0, 0.2304594722979583, 0.5217479571843132, 0.13831515830597158, 0.16260385393347718, 0.668360347878655, 0.3957845663335535, 0.21597236557678268, 0.007504523810135222, 0.6166754410184077, 0.6404668973439976, 0.6669969129255817, 0.7844080960240603, 0.6901848006941825, 0.605072675113363]]}