{"labels_1": ["1", "2", "3", "4", "5", "6", "7", "8", "9"], "labels_2": ["1", "2", "3", "4", "5", "6", "7", "8", "9"], "adj_matrix_1": [[0.0, 0.09113, 0.08159, 0.25671, 0.29452, 0.29467, 0.0939, 0.20766, 0.28925], [0.09113, 0.0, 0.00986, 0.19262, 0.26767, 0.26668, 0.00287, 0.12946, 0.27316], [0.08159, 0.00986, 0.0, 0.2002, 0.27131, 0.27045, 0.01273, 0.13837, 0.27558], [0.25671, 0.19262, 0.2002, 0.0, 0.14087, 0.13729, 0.19044, 0.07529, 0.17219], [0.29452, 0.26767, 0.27131, 0.14087, 0.0, 0.00437, 0.26663, 0.19808, 0.04141], [0.29467, 0.26668, 0.27045, 0.13729, 0.00437, 0.0, 0.2656, 0.19536, 0.0457], [0.0939, 0.00287, 0.01273, 0.19044, 0.26663, 0.2656, 0.0, 0.1268, 0.27247], [0.20766, 0.12946, 0.13837, 0.07529, 0.19808, 0.19536, 0.1268, 0.0, 0.22051], [0.28925, 0.27316, 0.27558, 0.17219, 0.04141, 0.0457, 0.27247, 0.22051, 0.0]], "adj_matrix_2": [[0.0, 0.01719, 0.104, 0.01908, 0.09973, 0.1058, 0.28247, 0.24656, 0.28456], [0.01719, 0.0, 0.08739, 0.03622, 0.11608, 0.08922, 0.29008, 0.25766, 0.28512], [0.104, 0.08739, 0.0, 0.12217, 0.19544, 0.00188, 0.3215, 0.30658, 0.28311], [0.01908, 0.03622, 0.12217, 0.0, 0.08132, 0.12395, 0.27328, 0.23366, 0.28343], [0.09973, 0.11608, 0.19544, 0.08132, 0.0, 0.19703, 0.22595, 0.17105, 0.2724], [0.1058, 0.08922, 0.00188, 0.12395, 0.19703, 0.0, 0.32198, 0.30747, 0.28296], [0.28247, 0.29008, 0.3215, 0.27328, 0.22595, 0.32198, 0.0, 0.07657, 0.14575], [0.24656, 0.25766, 0.30658, 0.23366, 0.17105, 0.30747, 0.07657, 0.0, 0.20029], [0.28456, 0.28512, 0.28311, 0.28343, 0.2724, 0.28296, 0.14575, 0.20029, 0.0]], "features_1": [[0.4514972584834469, 0.7165290973722629, 0.0, 0.19140468732241434, 0.48433022295661604, 0.13515734390180056, 0.2617094540359773, 0.6755418957469804, 0.3890128024621968, 0.16586570322338123, 0.00783923647221818, 0.6103139360306442, 0.6361770918596524, 0.6540068033896403, 0.789317917100771, 0.7088856648400197, 0.6183265455128719], [0.15682320939759853, 0.8539734063951843, 0.0, 0.1680407335269755, 0.5104431804364035, 0.14007646441525998, 0.22149542162046315, 0.6688136702990637, 0.4184193687468609, 0.20545337088894056, 0.007727725548673403, 0.6165475475924724, 0.65560378750755, 0.6837537651109244, 0.7954216980446881, 0.7309905407318191, 0.6134866621934937], [0.3543028092312297, 0.8379903144022107, 0.0, 0.17824234905723246, 0.5171099443924404, 0.1356410527871518, 0.23184439744282984, 0.6743149269573248, 0.3876046661075603, 0.19316957076600816, 0.007392832833969631, 0.6070892791840123, 0.6371133236405335, 0.6616205117084578, 0.7876703019933072, 0.700380538774935, 0.6194137937643156], [0.3894505975450948, 0.7607584129098953, 0.0, 0.2160918056128927, 0.4998462976975746, 0.1344593454658274, 0.2570550476935402, 0.676627590548984, 0.37956240664273677, 0.17542725452761565, 0.007616154688146137, 0.5938487628169926, 0.639176870194253, 0.6655738536558455, 0.7905087493933072, 0.703893029702526, 0.621303804829503], [0.2682656125152758, 0.8748240898204686, 0.0, 0.21323550777486663, 0.5137378250915514, 0.13920197586753033, 0.20325879128049423, 0.6690632309529703, 0.4139395726873263, 0.2089952991462074, 0.007727725548673403, 0.6022326231975845, 0.6275459867032904, 0.6684463474964855, 0.7921018395508344, 0.7027082164198507, 0.6061977682040073], [0.25755496437280634, 0.8787374921550296, 0.0, 0.1950738885288896, 0.5229379031416753, 0.13644774012937605, 0.2000938582046004, 0.6727809162856897, 0.38915302894170734, 0.20435276214888853, 0.007392832833969631, 0.5925853820057916, 0.6381558892351774, 0.6795699484947901, 0.7882823521999072, 0.714961000107232, 0.6156134065150064], [0.08413759291653466, 0.7252429729368841, 0.0, 0.270236640860191, 0.4897491564278518, 0.1370526666390395, 0.41534071611910833, 0.6778450470481621, 0.42490753007343773, 0.17635391238551246, 0.007894969482732161, 0.6269213878708144, 0.6713447985005528, 0.7114427067011792, 0.8061561809675807, 0.7137584086961519, 0.6307728919205244], [0.7366017474422244, 0.9508126455919369, 0.0, 0.25387206762702785, 0.5412894824683288, 0.13256674130373108, 0.23020443348202732, 0.677646249394309, 0.4050849846464861, 0.21438388760556393, 0.00822905385914674, 0.5994504970414303, 0.637022768508484, 0.6478743133756749, 0.783795058855989, 0.7156457999510081, 0.5863550710733235], [0.5979043699196724, 0.8994358900319499, 0.0, 0.31384667245307574, 0.5327050365546281, 0.1347567465094884, 0.33865462699075694, 0.677110335417669, 0.4102662699344528, 0.20673460337456184, 0.007671947615560004, 0.6005063548795762, 0.6554226861537713, 0.6782765686242124, 0.7919299924084771, 0.7438500918400801, 0.6024299791400219]], "features_2": [[0.047283401594695906, 0.654585896882069, 0.0, 0.21986152687266033, 0.4595183917648342, 0.1354320938403553, 0.33034762098177806, 0.6788885766442542, 0.41441174096505184, 0.15722063055695745, 0.007783488497544067, 0.6196638072354759, 0.6708167800685572, 0.6977771246730163, 0.803479573636017, 0.7285994806945051, 0.6218439227995315], [0.008215280019383542, 0.7407803261474806, 0.0, 0.2691230645657179, 0.4860311519689281, 0.13568661840180918, 0.3233470721662222, 0.6782297120987275, 0.42457333811053655, 0.17939629339381824, 0.007616154688146137, 0.6192039179798297, 0.6723025733646812, 0.698370895840485, 0.8024569660635409, 0.7383793498386, 0.6165230357604112], [-0.09529757898104751, 0.7667131984047872, 0.0, 0.25914536405798355, 0.49513388508571277, 0.13502996426979638, 0.3253989772744433, 0.6789765539456772, 0.4031690626354667, 0.18236851354241246, 0.007727725548673403, 0.6252953038343609, 0.6842265989226473, 0.700095635001322, 0.8015558481983134, 0.7368821018903827, 0.621162416610214], [-0.0292152055953947, 0.6928295615743431, 0.0, 0.23811837714455603, 0.4744227031159664, 0.13555779916314528, 0.3816537256049813, 0.6801379146774366, 0.4137545074630198, 0.16616821842643903, 0.008062078829516484, 0.6201942370717726, 0.6813817439289854, 0.708985851368742, 0.8096012706274238, 0.74145205723382, 0.6310550462428828], [-0.13309011209973187, 0.7363714164118383, 0.0, 0.23140380269610103, 0.4885224315169484, 0.13192200001990956, 0.33123745784908676, 0.6814210683835634, 0.3931155571600726, 0.17328590729398918, 0.007616154688146137, 0.6273289511667393, 0.6778439430990318, 0.6943874300743232, 0.7945837019115206, 0.7295134259211595, 0.593800330998994], [-0.24163530847097725, 0.7904316308931427, 0.0, 0.27259386864428337, 0.5066654980655255, 0.13131207389381275, 0.34799642164887884, 0.6821755069731341, 0.3860781527492614, 0.1846054949947804, 0.007392832833969631, 0.6271831270778416, 0.6756927058022488, 0.707075664703466, 0.7946504740189027, 0.711940058412521, 0.6116222325577361], [0.6733179967030476, 0.6790851158396116, 0.0, 0.29552524712367134, 0.47275799795508167, 0.13209417817854527, 0.40952928537560923, 0.6829802475929871, 0.409868007876115, 0.15795713181862459, 0.008173410423425675, 0.5940023235362537, 0.6690051621845807, 0.6975367279605452, 0.8028330220410156, 0.7360959587233817, 0.608519714883074], [0.6617133519969256, 0.8272295745999807, 0.0, 0.30117683352307234, 0.5215511393197493, 0.12457371850368537, 0.29437375434351265, 0.6862830558430784, 0.3567103072139133, 0.18087100038559734, 0.007448685839370306, 0.5910524002557409, 0.6313030451893963, 0.6532680573296383, 0.7722703704663139, 0.7150887024100653, 0.5835751869053365], [1.2008852148200928, 0.8420712856141496, 0.0, 0.3178359205080987, 0.5202502255691996, 0.12819595588309812, 0.2761822504488777, 0.6829132002737719, 0.37339923905060357, 0.18602181238155446, 0.007616154688146137, 0.5791020690573871, 0.6320855008732925, 0.6473781787028948, 0.7785539259247096, 0.7185778071060738, 0.5851941335843994]]}