{"labels_1": ["1", "2", "3", "4", "5", "6", "7", "8", "9"], "labels_2": ["1", "2", "3", "4", "5", "6", "7", "8", "9"], "adj_matrix_1": [[0.0, 0.06221, 0.01317, 0.12374, 0.21727, 0.1051, 0.30168, 0.31238, 0.30391], [0.06221, 0.0, 0.04934, 0.06509, 0.17159, 0.04501, 0.27955, 0.29467, 0.28275], [0.01317, 0.04934, 0.0, 0.11193, 0.20863, 0.09291, 0.29837, 0.31003, 0.30085], [0.12374, 0.06509, 0.11193, 0.0, 0.11436, 0.02046, 0.24235, 0.26163, 0.24644], [0.21727, 0.17159, 0.20863, 0.11436, 0.0, 0.133, 0.1493, 0.17414, 0.15455], [0.1051, 0.04501, 0.09291, 0.02046, 0.133, 0.0, 0.25537, 0.27343, 0.25921], [0.30168, 0.27955, 0.29837, 0.24235, 0.1493, 0.25537, 0.0, 0.02772, 0.00581], [0.31238, 0.29467, 0.31003, 0.26163, 0.17414, 0.27343, 0.02772, 0.0, 0.02192], [0.30391, 0.28275, 0.30085, 0.24644, 0.15455, 0.25921, 0.00581, 0.02192, 0.0]], "adj_matrix_2": [[0.0, 0.14137, 0.12089, 0.01359, 0.06588, 0.15005, 0.06007, 0.1534, 0.12351], [0.14137, 0.0, 0.20115, 0.13296, 0.24361, 0.03365, 0.25865, 0.047, 0.0642], [0.12089, 0.20115, 0.0, 0.12862, 0.15389, 0.19766, 0.14598, 0.19539, 0.2004], [0.01359, 0.13296, 0.12862, 0.0, 0.05908, 0.1421, 0.05366, 0.14568, 0.11475], [0.06588, 0.24361, 0.15389, 0.05908, 0.0, 0.25479, 0.03188, 0.25791, 0.20973], [0.15005, 0.03365, 0.19766, 0.1421, 0.25479, 0.0, 0.26658, 0.01357, 0.09586], [0.06007, 0.25865, 0.14598, 0.05366, 0.03188, 0.26658, 0.0, 0.26838, 0.23064], [0.1534, 0.047, 0.19539, 0.14568, 0.25791, 0.01357, 0.26838, 0.0, 0.10801], [0.12351, 0.0642, 0.2004, 0.11475, 0.20973, 0.09586, 0.23064, 0.10801, 0.0]], "features_1": [[0.39792298121487324, 0.7550156069347317, 0.0, 0.24025230219423313, 0.4860320475683454, 0.13875490011181385, 0.2257096138214969, 0.6714462504337733, 0.41725058623078004, 0.17989693705447407, 0.00783923647221818, 0.6056299431868681, 0.6548469318272319, 0.6712500801239382, 0.793328550872562, 0.7165743421156906, 0.613853354584697], [0.26513038958489554, 0.8254286705543331, 0.0, 0.2304102176035063, 0.5078349145450822, 0.138368608775439, 0.3019497186438699, 0.6746385561343058, 0.4078323852910297, 0.19547291603850048, 0.007504523810135222, 0.6054608206495504, 0.6661528088192853, 0.6898913334433919, 0.8006776662709387, 0.7238664868189633, 0.6227540758328404], [0.34871876162208926, 0.8897169452090956, 0.0, 0.2553689544326547, 0.5225276806362493, 0.13940557432641867, 0.22268455590548797, 0.6706933882806942, 0.4168287345268378, 0.21034348907401923, 0.007950687539111767, 0.6071077031271916, 0.6427006312150109, 0.6733332707631121, 0.7949914928280608, 0.7159864172899406, 0.6166185441034634], [0.47567328487410565, 0.8463425431615236, 0.0, 0.19959381182787903, 0.5126848868259751, 0.14058411592714937, 0.24503797949801437, 0.6704232497399162, 0.4294860765292743, 0.201947245632353, 0.008173410423425675, 0.60877641729211, 0.6360392216493643, 0.6766820967301933, 0.8004428431304105, 0.727045925552389, 0.6248468605417312], [-0.05671923028676762, 0.8205444980685039, 0.0, 0.22222115626536687, 0.5063676287000574, 0.13997301005532856, 0.3253067693679753, 0.6734512408787796, 0.42441491144512966, 0.19994324849328815, 0.00783923647221818, 0.617951062351223, 0.6790169152001456, 0.7101780036446967, 0.8030834742435005, 0.7164232068045032, 0.6276767734454289], [0.39076514559140385, 0.8986164359209908, 0.0, 0.22739237022795783, 0.527091373010613, 0.14062342036142156, 0.2642848858212261, 0.6713158306977951, 0.42341881872941034, 0.21423177072133748, 0.007616154688146137, 0.6096690848609638, 0.6720375830473545, 0.690547750970431, 0.8019287647327871, 0.7198198721051069, 0.6281863557532842], [-0.02163833106775659, 0.9077698604322461, 0.0, 0.17805452418040948, 0.5269686159010672, 0.1408384970358972, 0.25202921392047417, 0.6714540291414264, 0.4208034159468641, 0.21623796551262653, 0.008062078829516484, 0.6273843530739083, 0.6712840823745605, 0.6810127284369066, 0.8043355471666789, 0.7149800718593493, 0.6187774268557692], [-0.3707367921005855, 0.9071459265297552, 0.0, 0.25739872760052834, 0.5386889370614587, 0.1311098479401353, 0.33747126710519526, 0.6809090569764642, 0.378912657715176, 0.21008579925820703, 0.007671947615560004, 0.6274417057874784, 0.6601233715662334, 0.6734438490330782, 0.7852654360950834, 0.7028271151557757, 0.5929028490299477], [-0.12032643940232424, 0.960859020270427, 0.0, 0.2247817366479666, 0.5463392133839794, 0.13218631132458597, 0.2719126136525915, 0.679164664395991, 0.36949017380304916, 0.2184863129361685, 0.007281081678807366, 0.6209598000259291, 0.6541426049957298, 0.6848690433047276, 0.7849268770811721, 0.694632192363666, 0.5904218894591984]], "features_2": [[2.715432164334633, 0.9391745082258657, 0.0, 0.34425947525968287, 0.5361239352249775, 0.13050244766698182, 0.1807617089155052, 0.6772033595980225, 0.38311372330432913, 0.2061463659015741, 0.007727725548673403, 0.5477622835006153, 0.6199601918563099, 0.6495085417016192, 0.7657364837485284, 0.6964197667090867, 0.5633258879307101], [0.5186745967241038, 0.9308227715606434, 0.0, 0.26574356496048357, 0.5353388887467259, 0.13138227078348938, 0.20742690025162175, 0.6771383595131095, 0.38083686414561124, 0.21029240888195022, 0.007727725548673403, 0.5836746741451919, 0.6262338888541212, 0.6481498146292096, 0.7730451637259796, 0.7155420664213689, 0.5781888011731653], [1.8766434393946403, 1.034932062950704, 0.0, 0.3225303760369465, 0.5554737599326867, 0.1321390576590214, 0.15208508198112441, 0.6753296284111732, 0.3924458913996465, 0.22977738761681943, 0.007727725548673403, 0.5582882805458309, 0.608435389284352, 0.640661766004495, 0.7694989364452528, 0.7004498981165385, 0.567370490388268], [2.3898725526818634, 0.9828784807150832, 0.0, 0.33132849974568157, 0.5422259364780073, 0.13455300178177787, 0.17813240540947534, 0.6735238591073327, 0.4061055994845124, 0.2210419275694011, 0.007727725548673403, 0.553904460280159, 0.6140356337179901, 0.6333168773878124, 0.7792049675646231, 0.7099265061317563, 0.5870448519065723], [0.2768332453148781, 0.8253383894994161, 0.0, 0.24714910732176582, 0.5050636985832331, 0.1361199810213374, 0.21101837459880812, 0.6733311357456722, 0.4044230325484326, 0.1958128566258226, 0.007504523810135222, 0.6086986471550873, 0.6410790796159858, 0.6718469126381064, 0.7859514320141915, 0.7045556930441651, 0.5938871407847516], [0.28243802422209807, 0.9385972632695695, 0.0, 0.26741133735257316, 0.5290166813615667, 0.13762265791355008, 0.18611646745200333, 0.6708652702217244, 0.41650145326628407, 0.22277345802097837, 0.007727725548673403, 0.5966803898156179, 0.6505562257621629, 0.683751138278249, 0.7872052788767274, 0.7119254564559632, 0.5943037646717305], [0.03804928268568153, 0.8084125222781069, 0.0, 0.25727237427266547, 0.49185271969845434, 0.13988814527705268, 0.17263812467180345, 0.668250060643831, 0.4217894794370891, 0.1979827531401912, 0.007783488497544067, 0.6221597256849662, 0.6492458251056977, 0.6829989859523833, 0.7930320867563581, 0.7028356868596362, 0.6264264301277039], [0.6909021542142417, 0.8619073796924607, 0.0, 0.24149073262065207, 0.5050451435699663, 0.13729661786068187, 0.1672930373030141, 0.6690668013307579, 0.41496850765858184, 0.20442570894471457, 0.007894969482732161, 0.604345158695744, 0.6332320032761332, 0.6523966353897866, 0.7773279913060911, 0.6961570273148578, 0.5631621784980305], [0.4909753916006365, 0.8800660402595256, 0.0, 0.2107177444571921, 0.5091197345446856, 0.1349313378153649, 0.15752026952856965, 0.6713148844828518, 0.39376987738274405, 0.20442067828146704, 0.007727725548673403, 0.5984454589376949, 0.6346432778590185, 0.6640009876139834, 0.7699541134594374, 0.6921626927560555, 0.5645057276107963]]}