{"labels_1": ["1", "2", "3", "4", "5", "6", "7", "8", "9"], "labels_2": ["1", "2", "3", "4", "5", "6", "7", "8", "9"], "adj_matrix_1": [[0.0, 0.12926, 0.03405, 0.00585, 0.03104, 0.22451, 0.27997, 0.06538, 0.28098], [0.12926, 0.0, 0.16036, 0.12379, 0.15766, 0.11243, 0.2698, 0.06632, 0.19713], [0.03405, 0.16036, 0.0, 0.03987, 0.00302, 0.24913, 0.27891, 0.09858, 0.29735], [0.00585, 0.12379, 0.03987, 0.0, 0.03686, 0.22009, 0.27994, 0.05962, 0.2779], [0.03104, 0.15766, 0.00302, 0.03686, 0.0, 0.24702, 0.27907, 0.09567, 0.296], [0.22451, 0.11243, 0.24913, 0.22009, 0.24702, 0.0, 0.23555, 0.17195, 0.09926], [0.27997, 0.2698, 0.27891, 0.27994, 0.27907, 0.23555, 0.0, 0.27809, 0.17991], [0.06538, 0.06632, 0.09858, 0.05962, 0.09567, 0.17195, 0.27809, 0.0, 0.24342], [0.28098, 0.19713, 0.29735, 0.2779, 0.296, 0.09926, 0.17991, 0.24342, 0.0]], "adj_matrix_2": [[0.0, 0.12875, 0.13478, 0.26601, 0.01415, 0.01251, 0.28259, 0.22929, 0.22595], [0.12875, 0.0, 0.21821, 0.26093, 0.14001, 0.13867, 0.26014, 0.25567, 0.2548], [0.13478, 0.21821, 0.0, 0.1925, 0.12275, 0.12421, 0.22676, 0.12836, 0.12311], [0.26601, 0.26093, 0.1925, 0.0, 0.26196, 0.26262, 0.04639, 0.0757, 0.08135], [0.01415, 0.14001, 0.12275, 0.26196, 0.0, 0.00164, 0.28045, 0.22211, 0.21852], [0.01251, 0.13867, 0.12421, 0.26262, 0.00164, 0.0, 0.28089, 0.22299, 0.21945], [0.28259, 0.26014, 0.22676, 0.04639, 0.28045, 0.28089, 0.0, 0.12, 0.12538], [0.22929, 0.25567, 0.12836, 0.0757, 0.22211, 0.22299, 0.12, 0.0, 0.00584], [0.22595, 0.2548, 0.12311, 0.08135, 0.21852, 0.21945, 0.12538, 0.00584, 0.0]], "features_1": [[0.04198444706957316, 0.7452668922365774, 0.0, 0.2262736848019002, 0.480023626569164, 0.13947488144180667, 0.241548925700382, 0.6717262482537778, 0.44038328531609805, 0.18335279046902886, 0.008062078829516484, 0.6297433327988866, 0.6616456349135887, 0.6852932900949394, 0.8042035933546479, 0.7255449771147486, 0.6277466215530121], [0.08884522818346596, 0.7514338574940774, 0.0, 0.23285900649890415, 0.476596514265897, 0.14279602597742416, 0.2050282108323401, 0.666953080449153, 0.44882203316958935, 0.18719432154114046, 0.008062078829516484, 0.6230992852047739, 0.6713330524822925, 0.6950377388375754, 0.8067219020242364, 0.7342356594986603, 0.6311838908577958], [0.16870996589522624, 0.8165552993947365, 0.0, 0.22976497336053098, 0.5008168348124389, 0.13941105849244964, 0.22723046404855224, 0.6712494687297847, 0.4347654526155553, 0.1963850046414295, 0.008062078829516484, 0.6258788284344112, 0.6666109557367333, 0.6733445532637656, 0.8008920444768832, 0.7291174164507139, 0.624879795498946], [0.004398592929067746, 0.823927116363884, 0.0, 0.22140580254013925, 0.5033867460251037, 0.14035820983378242, 0.2652076286805247, 0.6718120865752091, 0.45216294968354376, 0.20273071781179586, 0.00839589484089287, 0.6277264009798718, 0.6646455905028495, 0.6810487078716555, 0.8057309527501729, 0.7184387145899033, 0.6322893269899057], [0.017189211182119468, 0.7944698690234763, 0.0, 0.21609649302248074, 0.48054123003091254, 0.14709074670677047, 0.16496424106934598, 0.659358352117384, 0.47479463624151497, 0.20206276992063676, 0.008618141428105908, 0.632611716146287, 0.6596991265526326, 0.6933606808987984, 0.8086141267714101, 0.7408446211932632, 0.6306338884280193], [0.4026345926849797, 0.8612879484022352, 0.0, 0.233289156994471, 0.5057249152101191, 0.14479046468902, 0.18521439506281823, 0.6636586125845559, 0.46913813497232093, 0.2116610192008972, 0.007950687539111767, 0.6091964615815004, 0.6500234495918444, 0.6615591211767613, 0.8063687509859435, 0.738471619746896, 0.6318213677371285], [0.9268806297988412, 0.854713959282664, 0.0, 0.26763805316170236, 0.507135390924203, 0.14114054657022246, 0.23918976462442174, 0.6699265565908648, 0.4620199024434528, 0.20754527150165103, 0.00839589484089287, 0.5933934959702545, 0.6596781430275905, 0.6735517661569165, 0.8061978205889223, 0.7327315572945947, 0.6255749551079414], [0.0841384030208503, 0.7612862785033947, 0.0, 0.2069799168626325, 0.47205784018794933, 0.14542014375415138, 0.18390764447001615, 0.6617805073199128, 0.48695236427872013, 0.1961732916441392, 0.008507047823598457, 0.6252650335630277, 0.6375637463700756, 0.6834183302390304, 0.8069580912559269, 0.7295938613590045, 0.6143738592133549], [0.3239546947040983, 0.8030373138260577, 0.0, 0.2430597845519142, 0.48603153198077154, 0.14420799668680376, 0.19464945215536958, 0.6637817768954847, 0.48360182710413446, 0.20455410643499405, 0.008618141428105908, 0.6053450928633142, 0.6654721757923787, 0.7023229146138473, 0.8061704418750975, 0.7078852430008519, 0.6155077614288363]], "features_2": [[0.7444548654892365, 0.6773818883221512, 0.0, 0.29885451646401484, 0.48514724839918055, 0.12028780597281355, 0.3286226382610664, 0.6887851797928307, 0.33786085892687656, 0.14502701901631831, 0.007225183508792421, 0.5867864008945078, 0.6309982941886656, 0.6562774207572141, 0.7661500718539407, 0.6855482277487395, 0.5667004040980625], [1.4110179691808513, 0.6435622421233668, 0.0, 0.3154567362885829, 0.47452990877259743, 0.11922584146257902, 0.3234842987314529, 0.6892516166019593, 0.3281419541529018, 0.13472215513018715, 0.006889477554966383, 0.574807666673641, 0.615421619624103, 0.6534892829524315, 0.7627432207313648, 0.6657196062810073, 0.5642204275781019], [0.6471753202980444, 0.7675742201042707, 0.0, 0.30273857636812634, 0.5134334486418531, 0.12094609475381919, 0.3174138511360809, 0.688348013870901, 0.34277965574908986, 0.16545836358359978, 0.007225183508792421, 0.5979110978810112, 0.6276577310805197, 0.6367863803025701, 0.7668783882935071, 0.6838810054301604, 0.5738794625452228], [0.14060858420161715, 0.7740954911069471, 0.0, 0.253933451118521, 0.5091338370817606, 0.12490219384906959, 0.28196293807026296, 0.6853292107314201, 0.3555998306602086, 0.17330990684342984, 0.007560346756364078, 0.6105059697265907, 0.6409449484457626, 0.6519891080664377, 0.7728824048128313, 0.6908620200205136, 0.5862240526039695], [0.8648319552858479, 0.621255408288727, 0.0, 0.29010472841664536, 0.4610439090798809, 0.12342146822720378, 0.3539219906379699, 0.6871849495965578, 0.3495977370598502, 0.1352564881588132, 0.007448685839370306, 0.5907438623716492, 0.6503108109044595, 0.676117440715143, 0.7757273690431996, 0.6958349326397201, 0.5785123135307517], [0.6226975969436568, 0.7722555064108286, 0.0, 0.299444213716054, 0.5121686421621074, 0.12277214938155338, 0.3309306612517432, 0.6873562338878778, 0.3540806221378179, 0.16952624307422215, 0.007560346756364078, 0.5875773450136563, 0.6318986216772096, 0.6482391335867809, 0.7714513327213679, 0.6897532270699319, 0.580683433064889], [0.0040174571487456845, 0.7520948793749291, 0.0, 0.22102974176744977, 0.4948737999351691, 0.1269592684352544, 0.23645184186044615, 0.6823070320847942, 0.3578007266590322, 0.1695441108319815, 0.007560346756364078, 0.6082925197479285, 0.634287815404058, 0.6526084911686624, 0.7682632710773051, 0.6913323937769733, 0.5853453299331215], [0.510202431791249, 0.6246040325345716, 0.0, 0.23877538086203773, 0.4514066061195283, 0.12777054292131867, 0.3389195636807273, 0.6831024121666158, 0.3773371987461167, 0.14043810414768787, 0.008006390651371653, 0.6029322834762896, 0.6261131717803818, 0.6411243944105122, 0.7744892570956745, 0.7175147171929938, 0.5570599885364097], [0.12116004041162043, 0.6585897942677356, 0.0, 0.25048422989686353, 0.4599390590220251, 0.12867045746426575, 0.2565395380064267, 0.6806483093949627, 0.3630936255312638, 0.15157841963167407, 0.007783488497544067, 0.5990788158583364, 0.6474453284043686, 0.6682018512636545, 0.7683240840570347, 0.6813146457241807, 0.5691645561552839]]}