{"labels_1": ["1", "2", "3", "4", "5", "6", "7", "8", "9"], "labels_2": ["1", "2", "3", "4", "5", "6", "7", "8", "9"], "adj_matrix_1": [[0.0, 0.12926, 0.03405, 0.00585, 0.03104, 0.22451, 0.27997, 0.06538, 0.28098], [0.12926, 0.0, 0.16036, 0.12379, 0.15766, 0.11243, 0.2698, 0.06632, 0.19713], [0.03405, 0.16036, 0.0, 0.03987, 0.00302, 0.24913, 0.27891, 0.09858, 0.29735], [0.00585, 0.12379, 0.03987, 0.0, 0.03686, 0.22009, 0.27994, 0.05962, 0.2779], [0.03104, 0.15766, 0.00302, 0.03686, 0.0, 0.24702, 0.27907, 0.09567, 0.296], [0.22451, 0.11243, 0.24913, 0.22009, 0.24702, 0.0, 0.23555, 0.17195, 0.09926], [0.27997, 0.2698, 0.27891, 0.27994, 0.27907, 0.23555, 0.0, 0.27809, 0.17991], [0.06538, 0.06632, 0.09858, 0.05962, 0.09567, 0.17195, 0.27809, 0.0, 0.24342], [0.28098, 0.19713, 0.29735, 0.2779, 0.296, 0.09926, 0.17991, 0.24342, 0.0]], "adj_matrix_2": [[0.0, 0.25382, 0.04747, 0.05497, 0.24101, 0.05723, 0.11945, 0.18524, 0.06089], [0.25382, 0.0, 0.22982, 0.22553, 0.03283, 0.22417, 0.29387, 0.30591, 0.27744], [0.04747, 0.22982, 0.0, 0.00761, 0.21245, 0.00992, 0.16232, 0.22292, 0.10679], [0.05497, 0.22553, 0.00761, 0.0, 0.20744, 0.00231, 0.16883, 0.22848, 0.11391], [0.24101, 0.03283, 0.21245, 0.20744, 0.0, 0.20587, 0.29264, 0.31094, 0.27055], [0.05723, 0.22417, 0.00992, 0.00231, 0.20587, 0.0, 0.17079, 0.23013, 0.11605], [0.11945, 0.29387, 0.16232, 0.16883, 0.29264, 0.17079, 0.0, 0.07267, 0.06058], [0.18524, 0.30591, 0.22292, 0.22848, 0.31094, 0.23013, 0.07267, 0.0, 0.13095], [0.06089, 0.27744, 0.10679, 0.11391, 0.27055, 0.11605, 0.06058, 0.13095, 0.0]], "features_1": [[0.04198444706957316, 0.7452668922365774, 0.0, 0.2262736848019002, 0.480023626569164, 0.13947488144180667, 0.241548925700382, 0.6717262482537778, 0.44038328531609805, 0.18335279046902886, 0.008062078829516484, 0.6297433327988866, 0.6616456349135887, 0.6852932900949394, 0.8042035933546479, 0.7255449771147486, 0.6277466215530121], [0.08884522818346596, 0.7514338574940774, 0.0, 0.23285900649890415, 0.476596514265897, 0.14279602597742416, 0.2050282108323401, 0.666953080449153, 0.44882203316958935, 0.18719432154114046, 0.008062078829516484, 0.6230992852047739, 0.6713330524822925, 0.6950377388375754, 0.8067219020242364, 0.7342356594986603, 0.6311838908577958], [0.16870996589522624, 0.8165552993947365, 0.0, 0.22976497336053098, 0.5008168348124389, 0.13941105849244964, 0.22723046404855224, 0.6712494687297847, 0.4347654526155553, 0.1963850046414295, 0.008062078829516484, 0.6258788284344112, 0.6666109557367333, 0.6733445532637656, 0.8008920444768832, 0.7291174164507139, 0.624879795498946], [0.004398592929067746, 0.823927116363884, 0.0, 0.22140580254013925, 0.5033867460251037, 0.14035820983378242, 0.2652076286805247, 0.6718120865752091, 0.45216294968354376, 0.20273071781179586, 0.00839589484089287, 0.6277264009798718, 0.6646455905028495, 0.6810487078716555, 0.8057309527501729, 0.7184387145899033, 0.6322893269899057], [0.017189211182119468, 0.7944698690234763, 0.0, 0.21609649302248074, 0.48054123003091254, 0.14709074670677047, 0.16496424106934598, 0.659358352117384, 0.47479463624151497, 0.20206276992063676, 0.008618141428105908, 0.632611716146287, 0.6596991265526326, 0.6933606808987984, 0.8086141267714101, 0.7408446211932632, 0.6306338884280193], [0.4026345926849797, 0.8612879484022352, 0.0, 0.233289156994471, 0.5057249152101191, 0.14479046468902, 0.18521439506281823, 0.6636586125845559, 0.46913813497232093, 0.2116610192008972, 0.007950687539111767, 0.6091964615815004, 0.6500234495918444, 0.6615591211767613, 0.8063687509859435, 0.738471619746896, 0.6318213677371285], [0.9268806297988412, 0.854713959282664, 0.0, 0.26763805316170236, 0.507135390924203, 0.14114054657022246, 0.23918976462442174, 0.6699265565908648, 0.4620199024434528, 0.20754527150165103, 0.00839589484089287, 0.5933934959702545, 0.6596781430275905, 0.6735517661569165, 0.8061978205889223, 0.7327315572945947, 0.6255749551079414], [0.0841384030208503, 0.7612862785033947, 0.0, 0.2069799168626325, 0.47205784018794933, 0.14542014375415138, 0.18390764447001615, 0.6617805073199128, 0.48695236427872013, 0.1961732916441392, 0.008507047823598457, 0.6252650335630277, 0.6375637463700756, 0.6834183302390304, 0.8069580912559269, 0.7295938613590045, 0.6143738592133549], [0.3239546947040983, 0.8030373138260577, 0.0, 0.2430597845519142, 0.48603153198077154, 0.14420799668680376, 0.19464945215536958, 0.6637817768954847, 0.48360182710413446, 0.20455410643499405, 0.008618141428105908, 0.6053450928633142, 0.6654721757923787, 0.7023229146138473, 0.8061704418750975, 0.7078852430008519, 0.6155077614288363]], "features_2": [[0.3259901918291539, 0.904088807880276, 0.0, 0.31832587238125787, 0.5382215057945745, 0.12222621370935464, 0.365457539264078, 0.6875099130636726, 0.3470451470493052, 0.19436761151020399, 0.007225183508792421, 0.5969367736753433, 0.6388740999591606, 0.6603226349119019, 0.773034065168459, 0.6951458075369111, 0.5644619636636208], [0.8038016080751293, 0.8940374809120132, 0.0, 0.2969496238678294, 0.5411476536454449, 0.11898116304534986, 0.384713725973613, 0.6894626225929035, 0.3333197573834845, 0.18546889847458892, 0.007225183508792421, 0.5798557343148594, 0.6292462672764707, 0.652827554357992, 0.766827753680777, 0.6908866361118784, 0.5604075438724986], [0.40840112998183065, 1.0201388837209373, 0.0, 0.3104127575230456, 0.5697808794490394, 0.11747101000174039, 0.34605640893679424, 0.6896474748518014, 0.31062359474499557, 0.20649504265504626, 0.00677745458930179, 0.5845741446310788, 0.6236584766544235, 0.6431395455355206, 0.7565601966600323, 0.6852779007259633, 0.546381788687531], [0.497510423740791, 1.0308833824444583, 0.0, 0.3213622885321375, 0.5693218429106521, 0.12008363271859224, 0.30435746574632744, 0.6879353869039211, 0.3263905146304049, 0.21359957814973063, 0.007001439975721224, 0.5885834843064015, 0.6259657250264378, 0.6369701648448912, 0.7603499030203387, 0.6822316907875902, 0.553837759043193], [0.5192049673948032, 0.8716553843423664, 0.0, 0.28947036193603193, 0.5360844706806307, 0.11971669771660025, 0.382728447457783, 0.6891538224094402, 0.33274814087811855, 0.18294994751486326, 0.00711334193318236, 0.5808441838035221, 0.6356291775294732, 0.6532330703295735, 0.7695282050890863, 0.6897024684199019, 0.5724708097207338], [0.366812962668404, 1.0604897741908197, 0.0, 0.3059508159233839, 0.5819624265086543, 0.11514352151869237, 0.3048395245744587, 0.6904511941143754, 0.29856220306597847, 0.21107806764853132, 0.00655322669591385, 0.5813310880540445, 0.6193164232116667, 0.642702143400985, 0.7435508915063291, 0.6536495082335398, 0.5419203252116261], [0.018025997219322853, 0.9645283446515625, 0.0, 0.28115202345584267, 0.5589603368349991, 0.11949375280264793, 0.32429295335792857, 0.6886861513340726, 0.323546940084958, 0.2019632521599395, 0.007001439975721224, 0.6033764400572548, 0.646114881467763, 0.6667636263834127, 0.7597913198558262, 0.6857396036720115, 0.5585600337240114], [-0.21100755204828214, 0.8310305109058636, 0.0, 0.21237757018603315, 0.5284231420491021, 0.11718531979939623, 0.26667823498804283, 0.6896584883092587, 0.3059935378337362, 0.17387732285725632, 0.00655322669591385, 0.6086923322797397, 0.6485447582813878, 0.6643034431346445, 0.750271899432806, 0.6858950939160683, 0.5721908642120233], [-0.23782008483674222, 0.9435767837581274, 0.0, 0.22325058951998508, 0.5557900115059441, 0.11683380141206809, 0.1927698054564459, 0.6892697880748858, 0.2924919802861494, 0.19332162050573376, 0.0064410216040902135, 0.6038760677597783, 0.6230017940229492, 0.6457095950778141, 0.7391132232103251, 0.6801581345524241, 0.5581408143030128]]}