{"labels_1": ["1", "2", "3", "4", "5", "6", "7", "8", "9"], "labels_2": ["1", "2", "3", "4", "5", "6", "7", "8", "9"], "adj_matrix_1": [[0.0, 0.19289, 0.00969, 0.13153, 0.06769, 0.15861, 0.05934, 0.30128, 0.07255], [0.19289, 0.0, 0.18496, 0.27963, 0.13368, 0.29145, 0.23713, 0.14581, 0.12908], [0.00969, 0.18496, 0.0, 0.1401, 0.0582, 0.16662, 0.06879, 0.29612, 0.06309], [0.13153, 0.27963, 0.1401, 0.0, 0.18876, 0.03185, 0.07605, 0.34196, 0.19265], [0.06769, 0.13368, 0.0582, 0.18876, 0.0, 0.21139, 0.12423, 0.25945, 0.00498], [0.15861, 0.29145, 0.16662, 0.03185, 0.21139, 0.0, 0.10605, 0.34188, 0.21493], [0.05934, 0.23713, 0.06879, 0.07605, 0.12423, 0.10605, 0.0, 0.32686, 0.12878], [0.30128, 0.14581, 0.29612, 0.34196, 0.25945, 0.34188, 0.32686, 0.0, 0.25595], [0.07255, 0.12908, 0.06309, 0.19265, 0.00498, 0.21493, 0.12878, 0.25595, 0.0]], "adj_matrix_2": [[0.0, 0.03946, 0.04429, 0.11565, 0.01382, 0.14239, 0.33111, 0.15532, 0.201], [0.03946, 0.0, 0.00488, 0.15137, 0.05312, 0.17649, 0.34514, 0.18861, 0.17158], [0.04429, 0.00488, 0.0, 0.15567, 0.0579, 0.18059, 0.34667, 0.19242, 0.16757], [0.11565, 0.15137, 0.15567, 0.0, 0.10264, 0.02901, 0.26217, 0.04329, 0.27006], [0.01382, 0.05312, 0.0579, 0.10264, 0.0, 0.12982, 0.32494, 0.14307, 0.21064], [0.14239, 0.17649, 0.18059, 0.02901, 0.12982, 0.0, 0.24016, 0.01436, 0.28274], [0.33111, 0.34514, 0.34667, 0.26217, 0.32494, 0.24016, 0.0, 0.22853, 0.338], [0.15532, 0.18861, 0.19242, 0.04329, 0.14307, 0.01436, 0.22853, 0.0, 0.28898], [0.201, 0.17158, 0.16757, 0.27006, 0.21064, 0.28274, 0.338, 0.28898, 0.0]], "features_1": [[0.12918042146959907, 0.7653920274933007, 0.0, 0.288092833148828, 0.4932149332060416, 0.13128044321327564, 0.19469306701153782, 0.6774056695327968, 0.37708064489260895, 0.17713188841932848, 0.007392832833969631, 0.6067725166270097, 0.6241788987645196, 0.6420480797840353, 0.7735197137382945, 0.6935144748428873, 0.5979912472590427], [0.12574821539953085, 0.7288797532962393, 0.0, 0.3117286086118437, 0.47923575862227397, 0.13386309998547719, 0.2639596424485909, 0.6758778246109909, 0.3892030325129672, 0.17193515432481377, 0.007504523810135222, 0.6152078400789889, 0.6340646444917813, 0.6415416382450055, 0.7832175893942607, 0.7057023599063836, 0.6014182566349695], [0.28222768785253205, 0.8900182735297645, 0.0, 0.2874793631553727, 0.5288770123481298, 0.13121514646466073, 0.18935052617582643, 0.677460026486754, 0.37435042359332127, 0.20181668842632994, 0.007281081678807366, 0.6030295562064074, 0.6167218760246704, 0.6480361180973667, 0.7727740581263437, 0.6921523143140554, 0.6005702720396063], [0.22754700580342346, 0.9078125098890343, 0.0, 0.22969073773957538, 0.5279670529207731, 0.13381773012978526, 0.18123859267995002, 0.6745870031062591, 0.39390573163155973, 0.2097215960120029, 0.007616154688146137, 0.5966582924948347, 0.6486791379671205, 0.6818184297666392, 0.7793266659535286, 0.6809157373089355, 0.6054637579173155], [-0.029638041765176926, 0.7510747830360543, 0.0, 0.2872032293075992, 0.4800912766482265, 0.13625085301555892, 0.21323863878549504, 0.6718082616131207, 0.40072103021391103, 0.18042629053003134, 0.008062078829516484, 0.6143969217210503, 0.6508880387631678, 0.6745037344742094, 0.7858002081915259, 0.6861800849388577, 0.6133920363949954], [0.2614323162153336, 0.9254238373668967, 0.0, 0.2528490837197576, 0.5293208825048431, 0.13656965078514488, 0.17593029541748068, 0.6712203201566005, 0.40452313192178413, 0.21566914807149695, 0.007950687539111767, 0.598721991120057, 0.6405627749602568, 0.6715726109567982, 0.7833536021068955, 0.6993117072041666, 0.6145193156710853], [-0.07571400373540849, 0.8444975192496088, 0.0, 0.19329141569658936, 0.5142105073939638, 0.13150171556477736, 0.19660507131492935, 0.6774443231825249, 0.3771339965679612, 0.19336404653258166, 0.007057398507269275, 0.6102311532936806, 0.6401859567691032, 0.6563156376432185, 0.7760897244026058, 0.7020859938720471, 0.598666082358717], [-0.29582779263153425, 0.710305349118068, 0.0, 0.22029849439468235, 0.4669325279355184, 0.13485291216258624, 0.20641827067373128, 0.6734968216189313, 0.3960612251470814, 0.17052139633890184, 0.007504523810135222, 0.627775994193887, 0.6553158492762097, 0.676713818890029, 0.78583510600201, 0.7018667785969367, 0.6132883018467425], [-0.17940411216089514, 0.7875248453347105, 0.0, 0.1984879863107859, 0.49703957088500705, 0.1304458311052635, 0.22829756586108232, 0.6787838585413629, 0.38055795800450465, 0.18315241969903262, 0.007616154688146137, 0.6191064574701168, 0.6513011912193288, 0.6763879593878772, 0.7792319133938762, 0.6930997395862771, 0.6060874932296628]], "features_2": [[0.9696349096454435, 0.9444339418140091, 0.0, 0.2620111785679348, 0.5700599391323726, 0.11117422835096671, 0.3307341605600328, 0.6923268624345154, 0.28536940463745397, 0.1797562656851781, 0.006889477554966383, 0.5741266973048886, 0.6289472384176803, 0.6091556719973243, 0.7382404914079739, 0.6728852961878208, 0.5100487605867633], [0.8816333473519071, 0.9119923635035057, 0.0, 0.25837616866364793, 0.5572528553053149, 0.1136309299862675, 0.3572009092617904, 0.6916433658123611, 0.295401976122152, 0.1775557646563366, 0.006889477554966383, 0.580225218079272, 0.6135512015709231, 0.594361028112933, 0.7457931869420898, 0.6756868416063171, 0.5207802259949017], [0.7872898044162588, 1.0780345388217312, 0.0, 0.2497069617075697, 0.5983364092605072, 0.11344888512319727, 0.35216287777731525, 0.6918115487533352, 0.3001876979942686, 0.20720126060130273, 0.007001439975721224, 0.5804783675316671, 0.627696210196547, 0.616777044869283, 0.747212142491629, 0.6777293912324215, 0.5242789619138108], [0.44498118428291544, 1.043313735817516, 0.0, 0.24304759778965054, 0.5884724210731966, 0.11616784899067013, 0.3358682754775778, 0.6907596151896102, 0.3160985707889148, 0.20791607646904464, 0.007392832833969631, 0.590605658366298, 0.631722307410481, 0.6329852980107866, 0.7540154586627111, 0.6885817284759315, 0.5500175480581111], [0.7244730419368413, 0.8558328054236977, 0.0, 0.24718669946577623, 0.5399505907457953, 0.11586292104038304, 0.33491319419128446, 0.6907251842076838, 0.2955436481316651, 0.170183359866382, 0.00683347364535547, 0.5889955479903743, 0.6204688226977376, 0.6128760850229207, 0.751842851234393, 0.6837530224929842, 0.5220938734802443], [0.37448616232086573, 1.0714054558777033, 0.0, 0.23095787540531373, 0.5924729018947129, 0.1186324096294952, 0.38977063789408606, 0.69021294730098, 0.3246727315852189, 0.21505019410746762, 0.007057398507269275, 0.6008498696389173, 0.6315525507800203, 0.614405460746334, 0.7664033360200937, 0.692633273293671, 0.5517317205565389], [0.01367825235094422, 0.9496227109476358, 0.0, 0.22239125430505324, 0.5626916241991965, 0.12036174060477459, 0.320808159913053, 0.6886925042382099, 0.3172244225071177, 0.19638185141293518, 0.0069454663283523566, 0.6193109787902702, 0.6494758206814374, 0.6317335323383798, 0.7646869275913286, 0.6899693165487147, 0.5625588938810009], [0.2829315426186003, 0.7529641104424368, 0.0, 0.214601543412919, 0.5036225467155784, 0.12649346006803738, 0.3677571641040238, 0.6855768609088821, 0.36599863818308, 0.1675459432696924, 0.00711334193318236, 0.6176001406012486, 0.6717346336086796, 0.6791309072024082, 0.7825631536363252, 0.706941603685929, 0.5729870015966955], [0.7587980778373282, 0.828859323873685, 0.0, 0.22598625752604, 0.5245751065017819, 0.12682054221379546, 0.32451949542068304, 0.6847084121830078, 0.36609909624943393, 0.1812537081712866, 0.007336964783822175, 0.5883643326636765, 0.6345707469761779, 0.6532469334092967, 0.7792846087379293, 0.7033601958805462, 0.5862830121673992]]}