{"labels_1": ["1", "2", "3", "4", "5", "6", "7", "8", "9"], "labels_2": ["1", "2", "3", "4", "5", "6", "7", "8", "9"], "adj_matrix_1": [[0.0, 0.16647, 0.06512, 0.02548, 0.23552, 0.03715, 0.07532, 0.27736, 0.08332], [0.16647, 0.0, 0.11191, 0.1844, 0.10287, 0.13687, 0.21348, 0.18586, 0.09439], [0.06512, 0.11191, 0.0, 0.08922, 0.19806, 0.02859, 0.13379, 0.25752, 0.01912], [0.02548, 0.1844, 0.08922, 0.0, 0.24579, 0.06209, 0.05085, 0.28048, 0.1067], [0.23552, 0.10287, 0.19806, 0.24579, 0.0, 0.21622, 0.25806, 0.09328, 0.18452], [0.03715, 0.13687, 0.02859, 0.06209, 0.21622, 0.0, 0.10936, 0.26831, 0.0475], [0.07532, 0.21348, 0.13379, 0.05085, 0.25806, 0.10936, 0.0, 0.27828, 0.14915], [0.27736, 0.18586, 0.25752, 0.28048, 0.09328, 0.26831, 0.27828, 0.0, 0.24863], [0.08332, 0.09439, 0.01912, 0.1067, 0.18452, 0.0475, 0.14915, 0.24863, 0.0]], "adj_matrix_2": [[0.0, 0.08626, 0.16869, 0.08525, 0.06705, 0.10933, 0.20573, 0.045, 0.26324], [0.08626, 0.0, 0.23379, 0.16497, 0.01974, 0.18581, 0.26011, 0.1287, 0.19675], [0.16869, 0.23379, 0.0, 0.09204, 0.22024, 0.06759, 0.0502, 0.12997, 0.33432], [0.08525, 0.16497, 0.09204, 0.0, 0.14771, 0.02552, 0.13749, 0.04114, 0.3105], [0.06705, 0.01974, 0.22024, 0.14771, 0.0, 0.1694, 0.2491, 0.11034, 0.2131], [0.10933, 0.18581, 0.06759, 0.02552, 0.1694, 0.0, 0.11486, 0.06622, 0.32005], [0.20573, 0.26011, 0.0502, 0.13749, 0.2491, 0.11486, 0.0, 0.17178, 0.33382], [0.045, 0.1287, 0.12997, 0.04114, 0.11034, 0.06622, 0.17178, 0.0, 0.29056], [0.26324, 0.19675, 0.33432, 0.3105, 0.2131, 0.32005, 0.33382, 0.29056, 0.0]], "features_1": [[0.6122454659819101, 0.9353744012541951, 0.0, 0.26262906636000594, 0.546548478217321, 0.12229431593559487, 0.18094570361314483, 0.6849915222669772, 0.3292193998205841, 0.20026934599535529, 0.007225183508792421, 0.5755555362085292, 0.6160887367563098, 0.6368672590386121, 0.7484910884524977, 0.682457874781959, 0.554753981950571], [0.09493641963033417, 0.9420768456335271, 0.0, 0.23941776803208284, 0.5435503687523322, 0.12364186072628064, 0.16742410230310156, 0.6837711604165936, 0.3323619412106549, 0.2040814232612358, 0.007336964783822175, 0.5954308046870094, 0.6225153587738168, 0.6292104695000241, 0.7513571621019973, 0.6820621188618216, 0.5501320448372093], [0.5170633073791211, 1.0800415920304272, 0.0, 0.2791140759042408, 0.5804981019580309, 0.12127889880888229, 0.16493859083087514, 0.6856828413223774, 0.32452364487443197, 0.22582324781370966, 0.007001439975721224, 0.5770250926947464, 0.6286772130363111, 0.6463655181633868, 0.7448447977673465, 0.665062094831119, 0.5512583554446566], [0.6242827356976592, 1.0883206957393359, 0.0, 0.27830326726781973, 0.5798299896632773, 0.1246686314284152, 0.24251411757679406, 0.6841775672455537, 0.343055254461778, 0.23162583273503778, 0.007001439975721224, 0.5796752701438379, 0.6302105467964311, 0.6458738153709894, 0.7597276670950286, 0.6890292959400938, 0.5568414082739243], [-0.03719165395810542, 0.9830548275885738, 0.0, 0.23203543216556238, 0.5470336218444934, 0.12680520717352853, 0.16912008067605555, 0.6806472124250323, 0.3432481943214498, 0.21557506688660721, 0.007560346756364078, 0.6075863552472107, 0.6502260717545514, 0.664734174154005, 0.7569263491264585, 0.6666882652594918, 0.5498579614381359], [0.523489098094577, 1.129889637929151, 0.0, 0.27717882357651674, 0.5889116142014944, 0.12186767760583543, 0.19163479991095897, 0.6854541712816014, 0.33274725582198217, 0.2359855251609635, 0.007448685839370306, 0.5783416688991125, 0.6213359490193374, 0.6255496535661924, 0.7482288401143276, 0.6734133094718957, 0.5455600551923492], [0.9549876208603951, 1.060991751737891, 0.0, 0.2685973823333529, 0.5743245587644581, 0.12135654723824398, 0.1493985859930575, 0.6853897463639176, 0.32589177953609316, 0.21917979768028073, 0.007336964783822175, 0.5675629068916366, 0.6282808974664985, 0.6430614326250955, 0.7427044412368253, 0.6697676448066051, 0.5270357440278114], [0.09670645028856084, 0.9735446104631639, 0.0, 0.23591492528486963, 0.5461555381572987, 0.12474516693725168, 0.2163193859217934, 0.682489056631744, 0.33331298941217846, 0.2088869980224206, 0.007336964783822175, 0.6037553443189831, 0.6314628066467716, 0.6511362005211606, 0.7486284245416208, 0.6692727724269687, 0.5333527976708482], [0.49028996942232617, 1.0563857636836382, 0.0, 0.2744926777294925, 0.5691431899791386, 0.12208253873369962, 0.2019863202428489, 0.6848515088987149, 0.3312171636867296, 0.22108425654815345, 0.00711334193318236, 0.5800919668822919, 0.6142745632692332, 0.6395639593735793, 0.7429690451253896, 0.670612064648402, 0.526292920419728]], "features_2": [[-0.10086864500798942, 0.7070979840059745, 0.0, 0.2285095773037663, 0.4566452197821486, 0.141893260915044, 0.14172084744545188, 0.664141573676817, 0.4365049373882277, 0.17779674129354528, 0.008006390651371653, 0.6164269392490653, 0.6565528860384633, 0.6882943843056165, 0.792820033339441, 0.6996970311827697, 0.6262592844565189], [-0.09392314784556177, 0.6473559079029393, 0.0, 0.23109370834003806, 0.44118780346314873, 0.14068357478240046, 0.17561866989325167, 0.6676178897387341, 0.4245193647806953, 0.1609008932351348, 0.007392832833969631, 0.6257597335109155, 0.6673547296453906, 0.6913437535607946, 0.7953677679711452, 0.694409757942542, 0.6280137395340841], [0.14387343899492722, 0.7845621611550203, 0.0, 0.2513608854914495, 0.48133162131476676, 0.1427576103837912, 0.14130380772164983, 0.6639814502684864, 0.4424275035677052, 0.19419247679106588, 0.00783923647221818, 0.6117236685830372, 0.6588204355661463, 0.6868154319457375, 0.7953535665573427, 0.7172350619528103, 0.6298581848521655], [-0.024793842799330168, 0.8580945745106111, 0.0, 0.23070375027375864, 0.4963291369828059, 0.14340242446414636, 0.08868071659840737, 0.6596321101881146, 0.44372756209342, 0.21302720446539003, 0.007894969482732161, 0.6137330918530979, 0.6369768936013439, 0.6783043401555268, 0.7879151607292612, 0.7167077789717474, 0.6190253212938974], [-0.023112722921537543, 0.6229028422945548, 0.0, 0.2024473021563786, 0.4267606324123428, 0.1446279363120254, 0.15796969795046678, 0.6618234934847833, 0.4511203107815034, 0.15874878867181152, 0.008173410423425675, 0.6230662971977563, 0.6619400298980751, 0.7061241897650418, 0.8002883797947195, 0.715392701769162, 0.6284916960768206], [0.46399222631866044, 0.898628555205002, 0.0, 0.22739059484438162, 0.49773628305293804, 0.1521407578212234, 0.03940723189182478, 0.6440446015210262, 0.4986599016846578, 0.22711147995661962, 0.008284682400665488, 0.611909885327911, 0.6480104471384079, 0.6904097393579373, 0.7968984263114626, 0.7285156988604741, 0.6228563451317245], [0.05617505295222802, 0.7979872071754784, 0.0, 0.24697020533848676, 0.4804008488886976, 0.1437545177868728, 0.10998420982569783, 0.6599062357828254, 0.4633340001377, 0.2037255152998636, 0.008451478759474051, 0.6158710351966761, 0.6545623487190618, 0.6955373818771572, 0.792745282955816, 0.7073855789673622, 0.6153946898885527], [0.07985002401109265, 0.6720193481987674, 0.0, 0.20492177721948596, 0.4476718820497396, 0.1455054450444077, 0.1468816427218272, 0.6617109448097294, 0.4727192639395563, 0.17245663964150548, 0.008618141428105908, 0.6240538341821513, 0.6663457635074264, 0.6938302873560969, 0.8018949730566063, 0.7183524649290384, 0.6345671991336483], [-0.16487251410086623, 0.7383112872876317, 0.0, 0.21968818547152785, 0.4739531687411976, 0.14169882023939107, 0.17488847930986964, 0.6679566936156139, 0.4436866218120912, 0.18561458745566473, 0.008451478759474051, 0.6349267117335078, 0.6752677723596422, 0.7103293663599165, 0.7988942081047422, 0.7193547351309904, 0.6262256131518624]]}