{"labels_1": ["1", "2", "3", "4", "5", "6", "7", "8", "9"], "labels_2": ["1", "2", "3", "4", "5", "6", "7", "8", "9"], "adj_matrix_1": [[0.0, 0.16647, 0.06512, 0.02548, 0.23552, 0.03715, 0.07532, 0.27736, 0.08332], [0.16647, 0.0, 0.11191, 0.1844, 0.10287, 0.13687, 0.21348, 0.18586, 0.09439], [0.06512, 0.11191, 0.0, 0.08922, 0.19806, 0.02859, 0.13379, 0.25752, 0.01912], [0.02548, 0.1844, 0.08922, 0.0, 0.24579, 0.06209, 0.05085, 0.28048, 0.1067], [0.23552, 0.10287, 0.19806, 0.24579, 0.0, 0.21622, 0.25806, 0.09328, 0.18452], [0.03715, 0.13687, 0.02859, 0.06209, 0.21622, 0.0, 0.10936, 0.26831, 0.0475], [0.07532, 0.21348, 0.13379, 0.05085, 0.25806, 0.10936, 0.0, 0.27828, 0.14915], [0.27736, 0.18586, 0.25752, 0.28048, 0.09328, 0.26831, 0.27828, 0.0, 0.24863], [0.08332, 0.09439, 0.01912, 0.1067, 0.18452, 0.0475, 0.14915, 0.24863, 0.0]], "adj_matrix_2": [[0.0, 0.28942, 0.16319, 0.13653, 0.26116, 0.29833, 0.00112, 0.11336, 0.20603], [0.28942, 0.0, 0.17337, 0.19912, 0.04828, 0.01724, 0.28896, 0.21918, 0.28241], [0.16319, 0.17337, 0.0, 0.03067, 0.1295, 0.18836, 0.1623, 0.056, 0.27132], [0.13653, 0.19912, 0.03067, 0.0, 0.15725, 0.21331, 0.13558, 0.02556, 0.2644], [0.26116, 0.04828, 0.1295, 0.15725, 0.0, 0.06531, 0.26055, 0.17927, 0.28355], [0.29833, 0.01724, 0.18836, 0.21331, 0.06531, 0.0, 0.29805, 0.23248, 0.28122], [0.00112, 0.28896, 0.1623, 0.13558, 0.26055, 0.29805, 0.0, 0.11231, 0.20663], [0.11336, 0.21918, 0.056, 0.02556, 0.17927, 0.23248, 0.11231, 0.0, 0.2573], [0.20603, 0.28241, 0.27132, 0.2644, 0.28355, 0.28122, 0.20663, 0.2573, 0.0]], "features_1": [[0.6122454659819101, 0.9353744012541951, 0.0, 0.26262906636000594, 0.546548478217321, 0.12229431593559487, 0.18094570361314483, 0.6849915222669772, 0.3292193998205841, 0.20026934599535529, 0.007225183508792421, 0.5755555362085292, 0.6160887367563098, 0.6368672590386121, 0.7484910884524977, 0.682457874781959, 0.554753981950571], [0.09493641963033417, 0.9420768456335271, 0.0, 0.23941776803208284, 0.5435503687523322, 0.12364186072628064, 0.16742410230310156, 0.6837711604165936, 0.3323619412106549, 0.2040814232612358, 0.007336964783822175, 0.5954308046870094, 0.6225153587738168, 0.6292104695000241, 0.7513571621019973, 0.6820621188618216, 0.5501320448372093], [0.5170633073791211, 1.0800415920304272, 0.0, 0.2791140759042408, 0.5804981019580309, 0.12127889880888229, 0.16493859083087514, 0.6856828413223774, 0.32452364487443197, 0.22582324781370966, 0.007001439975721224, 0.5770250926947464, 0.6286772130363111, 0.6463655181633868, 0.7448447977673465, 0.665062094831119, 0.5512583554446566], [0.6242827356976592, 1.0883206957393359, 0.0, 0.27830326726781973, 0.5798299896632773, 0.1246686314284152, 0.24251411757679406, 0.6841775672455537, 0.343055254461778, 0.23162583273503778, 0.007001439975721224, 0.5796752701438379, 0.6302105467964311, 0.6458738153709894, 0.7597276670950286, 0.6890292959400938, 0.5568414082739243], [-0.03719165395810542, 0.9830548275885738, 0.0, 0.23203543216556238, 0.5470336218444934, 0.12680520717352853, 0.16912008067605555, 0.6806472124250323, 0.3432481943214498, 0.21557506688660721, 0.007560346756364078, 0.6075863552472107, 0.6502260717545514, 0.664734174154005, 0.7569263491264585, 0.6666882652594918, 0.5498579614381359], [0.523489098094577, 1.129889637929151, 0.0, 0.27717882357651674, 0.5889116142014944, 0.12186767760583543, 0.19163479991095897, 0.6854541712816014, 0.33274725582198217, 0.2359855251609635, 0.007448685839370306, 0.5783416688991125, 0.6213359490193374, 0.6255496535661924, 0.7482288401143276, 0.6734133094718957, 0.5455600551923492], [0.9549876208603951, 1.060991751737891, 0.0, 0.2685973823333529, 0.5743245587644581, 0.12135654723824398, 0.1493985859930575, 0.6853897463639176, 0.32589177953609316, 0.21917979768028073, 0.007336964783822175, 0.5675629068916366, 0.6282808974664985, 0.6430614326250955, 0.7427044412368253, 0.6697676448066051, 0.5270357440278114], [0.09670645028856084, 0.9735446104631639, 0.0, 0.23591492528486963, 0.5461555381572987, 0.12474516693725168, 0.2163193859217934, 0.682489056631744, 0.33331298941217846, 0.2088869980224206, 0.007336964783822175, 0.6037553443189831, 0.6314628066467716, 0.6511362005211606, 0.7486284245416208, 0.6692727724269687, 0.5333527976708482], [0.49028996942232617, 1.0563857636836382, 0.0, 0.2744926777294925, 0.5691431899791386, 0.12208253873369962, 0.2019863202428489, 0.6848515088987149, 0.3312171636867296, 0.22108425654815345, 0.00711334193318236, 0.5800919668822919, 0.6142745632692332, 0.6395639593735793, 0.7429690451253896, 0.670612064648402, 0.526292920419728]], "features_2": [[0.3296464392567038, 0.6801630020427921, 0.0, 0.24633105959534077, 0.48556090147142034, 0.12293051377598099, 0.4274057457619861, 0.6881177539444767, 0.3380836373827887, 0.14672078242199604, 0.00677745458930179, 0.5983344899823644, 0.6305944046317871, 0.6628427125020293, 0.7705375522516081, 0.684059334190295, 0.5836095184622717], [-0.059868153319869055, 0.6554068843993619, 0.0, 0.2250230323193485, 0.47798355429127853, 0.1233277040504694, 0.45455815204803046, 0.6887640057050277, 0.3537691955081683, 0.14495699750015878, 0.007225183508792421, 0.6180263375313126, 0.6537694898137144, 0.6791033208682654, 0.7814780478642535, 0.7276937379974291, 0.591797045482277], [0.30164265373915233, 0.7960308747272363, 0.0, 0.23966067515691195, 0.522846236311771, 0.12327829641536, 0.47755408791064297, 0.688561817942797, 0.345773029186913, 0.17159179552914594, 0.006889477554966383, 0.6022240588698342, 0.6382508138193295, 0.6568890824891281, 0.7767776535747792, 0.6982681110955792, 0.5855720108017656], [0.22331886306126636, 0.8042595818496605, 0.0, 0.22519801082252594, 0.5225759636406663, 0.12294763495087575, 0.45567171466141543, 0.6879852622821814, 0.3329149878663369, 0.17186550384593224, 0.007225183508792421, 0.599731276030153, 0.6326652415454813, 0.6541793090027519, 0.7669309339622675, 0.6824999433129655, 0.5741222219692608], [-0.12812531442197184, 0.6452553910907015, 0.0, 0.22036256296386694, 0.476043410070076, 0.12432520593682975, 0.500857259610936, 0.6889256974560332, 0.36843918226367456, 0.144366861998368, 0.007448685839370306, 0.6210242358257925, 0.6601922271497651, 0.6994481530453358, 0.7879088417004547, 0.7331179688864121, 0.5985242837972734], [0.09647890344962429, 0.8381886632530171, 0.0, 0.20476549573761943, 0.5378304005216614, 0.12109860534622653, 0.5269064689354017, 0.6899255758073808, 0.33465441754844205, 0.17735615772168623, 0.00711334193318236, 0.609031759072511, 0.6653914753551535, 0.6841655354440274, 0.7734549382883893, 0.7116676100566002, 0.5796428249662386], [0.23987515518310865, 0.8080092575752817, 0.0, 0.19713429496182014, 0.5267790930012847, 0.12139647392020031, 0.6156357613244218, 0.6893672779608628, 0.3236258327726438, 0.1703668696799827, 0.0066653709969386465, 0.5899320704664692, 0.6374503813089011, 0.6508313033156872, 0.7638394376383778, 0.679984004144436, 0.559234221490018], [0.0028895200055196746, 0.6452422393137984, 0.0, 0.2020020158339223, 0.4770831792908719, 0.12262767622337377, 0.5642130270471426, 0.689375770147958, 0.34209457049294456, 0.1377316150818375, 0.007001439975721224, 0.5990321071046951, 0.6420413067942687, 0.6736431222674124, 0.773278934026456, 0.7060857811883515, 0.5967291500917359], [0.6048252719179184, 0.765093381831547, 0.0, 0.22400152779035987, 0.5148144209295068, 0.1200695979870385, 0.6439619310237269, 0.6898173404646146, 0.3114831967840117, 0.1556755846854827, 0.00677745458930179, 0.5815571007021965, 0.649231516864272, 0.6513888712931202, 0.7529559590123253, 0.6796575885357323, 0.5691312958249596]]}