{"labels_1": ["1", "2", "3", "4", "5", "6", "7", "8", "9"], "labels_2": ["1", "2", "3", "4", "5", "6", "7", "8", "9"], "adj_matrix_1": [[0.0, 0.16647, 0.06512, 0.02548, 0.23552, 0.03715, 0.07532, 0.27736, 0.08332], [0.16647, 0.0, 0.11191, 0.1844, 0.10287, 0.13687, 0.21348, 0.18586, 0.09439], [0.06512, 0.11191, 0.0, 0.08922, 0.19806, 0.02859, 0.13379, 0.25752, 0.01912], [0.02548, 0.1844, 0.08922, 0.0, 0.24579, 0.06209, 0.05085, 0.28048, 0.1067], [0.23552, 0.10287, 0.19806, 0.24579, 0.0, 0.21622, 0.25806, 0.09328, 0.18452], [0.03715, 0.13687, 0.02859, 0.06209, 0.21622, 0.0, 0.10936, 0.26831, 0.0475], [0.07532, 0.21348, 0.13379, 0.05085, 0.25806, 0.10936, 0.0, 0.27828, 0.14915], [0.27736, 0.18586, 0.25752, 0.28048, 0.09328, 0.26831, 0.27828, 0.0, 0.24863], [0.08332, 0.09439, 0.01912, 0.1067, 0.18452, 0.0475, 0.14915, 0.24863, 0.0]], "adj_matrix_2": [[0.0, 0.10153, 0.01408, 0.07047, 0.03399, 0.14797, 0.33148, 0.16248, 0.16696], [0.10153, 0.0, 0.11487, 0.0321, 0.13353, 0.23467, 0.37891, 0.24697, 0.2507], [0.01408, 0.11487, 0.0, 0.0842, 0.01994, 0.13497, 0.32294, 0.14965, 0.15424], [0.07047, 0.0321, 0.0842, 0.0, 0.10343, 0.20968, 0.36745, 0.22273, 0.22676], [0.03399, 0.13353, 0.01994, 0.10343, 0.0, 0.11612, 0.30982, 0.1311, 0.13576], [0.14797, 0.23467, 0.13497, 0.20968, 0.11612, 0.0, 0.2176, 0.01572, 0.02068], [0.33148, 0.37891, 0.32294, 0.36745, 0.30982, 0.2176, 0.0, 0.20367, 0.19926], [0.16248, 0.24697, 0.14965, 0.22273, 0.1311, 0.01572, 0.20367, 0.0, 0.00495], [0.16696, 0.2507, 0.15424, 0.22676, 0.13576, 0.02068, 0.19926, 0.00495, 0.0]], "features_1": [[0.6122454659819101, 0.9353744012541951, 0.0, 0.26262906636000594, 0.546548478217321, 0.12229431593559487, 0.18094570361314483, 0.6849915222669772, 0.3292193998205841, 0.20026934599535529, 0.007225183508792421, 0.5755555362085292, 0.6160887367563098, 0.6368672590386121, 0.7484910884524977, 0.682457874781959, 0.554753981950571], [0.09493641963033417, 0.9420768456335271, 0.0, 0.23941776803208284, 0.5435503687523322, 0.12364186072628064, 0.16742410230310156, 0.6837711604165936, 0.3323619412106549, 0.2040814232612358, 0.007336964783822175, 0.5954308046870094, 0.6225153587738168, 0.6292104695000241, 0.7513571621019973, 0.6820621188618216, 0.5501320448372093], [0.5170633073791211, 1.0800415920304272, 0.0, 0.2791140759042408, 0.5804981019580309, 0.12127889880888229, 0.16493859083087514, 0.6856828413223774, 0.32452364487443197, 0.22582324781370966, 0.007001439975721224, 0.5770250926947464, 0.6286772130363111, 0.6463655181633868, 0.7448447977673465, 0.665062094831119, 0.5512583554446566], [0.6242827356976592, 1.0883206957393359, 0.0, 0.27830326726781973, 0.5798299896632773, 0.1246686314284152, 0.24251411757679406, 0.6841775672455537, 0.343055254461778, 0.23162583273503778, 0.007001439975721224, 0.5796752701438379, 0.6302105467964311, 0.6458738153709894, 0.7597276670950286, 0.6890292959400938, 0.5568414082739243], [-0.03719165395810542, 0.9830548275885738, 0.0, 0.23203543216556238, 0.5470336218444934, 0.12680520717352853, 0.16912008067605555, 0.6806472124250323, 0.3432481943214498, 0.21557506688660721, 0.007560346756364078, 0.6075863552472107, 0.6502260717545514, 0.664734174154005, 0.7569263491264585, 0.6666882652594918, 0.5498579614381359], [0.523489098094577, 1.129889637929151, 0.0, 0.27717882357651674, 0.5889116142014944, 0.12186767760583543, 0.19163479991095897, 0.6854541712816014, 0.33274725582198217, 0.2359855251609635, 0.007448685839370306, 0.5783416688991125, 0.6213359490193374, 0.6255496535661924, 0.7482288401143276, 0.6734133094718957, 0.5455600551923492], [0.9549876208603951, 1.060991751737891, 0.0, 0.2685973823333529, 0.5743245587644581, 0.12135654723824398, 0.1493985859930575, 0.6853897463639176, 0.32589177953609316, 0.21917979768028073, 0.007336964783822175, 0.5675629068916366, 0.6282808974664985, 0.6430614326250955, 0.7427044412368253, 0.6697676448066051, 0.5270357440278114], [0.09670645028856084, 0.9735446104631639, 0.0, 0.23591492528486963, 0.5461555381572987, 0.12474516693725168, 0.2163193859217934, 0.682489056631744, 0.33331298941217846, 0.2088869980224206, 0.007336964783822175, 0.6037553443189831, 0.6314628066467716, 0.6511362005211606, 0.7486284245416208, 0.6692727724269687, 0.5333527976708482], [0.49028996942232617, 1.0563857636836382, 0.0, 0.2744926777294925, 0.5691431899791386, 0.12208253873369962, 0.2019863202428489, 0.6848515088987149, 0.3312171636867296, 0.22108425654815345, 0.00711334193318236, 0.5800919668822919, 0.6142745632692332, 0.6395639593735793, 0.7429690451253896, 0.670612064648402, 0.526292920419728]], "features_2": [[-0.2773373415665552, 0.7375299794001045, 0.0, 0.1868420091725389, 0.5082909940040171, 0.11641760332793431, 0.38364135245370434, 0.6910416479599311, 0.30553971649440337, 0.15420242356869207, 0.0069454663283523566, 0.6086453873381932, 0.6530937283578588, 0.6755091627575567, 0.7576216473890257, 0.6930327402542665, 0.5245487528708248], [-0.12091043548918545, 0.7405043281916184, 0.0, 0.1867615003796167, 0.5061564805334584, 0.12041423449122747, 0.34194423938464025, 0.6894942785888833, 0.3252578064180194, 0.1577152245039859, 0.00711334193318236, 0.6059249597564673, 0.6605407937082999, 0.6798456391234419, 0.7683500698167528, 0.7035637141817728, 0.5407482668744538], [-0.29848154907763336, 0.8643985833487984, 0.0, 0.19260986481697706, 0.5436603082484626, 0.11775937794251093, 0.3706483658168871, 0.6905217478084843, 0.3183854551695806, 0.18229450411575554, 0.0069454663283523566, 0.6066784314797964, 0.6508412006143109, 0.6761367533913047, 0.7600669943300447, 0.6927679685424518, 0.528021487465648], [-0.2669901317569843, 0.8491313592101281, 0.0, 0.19571129845271454, 0.5382896006076594, 0.11788116935415408, 0.4245963725681975, 0.6903655895894445, 0.3113413517008059, 0.17875430519097324, 0.006721420376576193, 0.608754636169679, 0.6394427718568598, 0.6572558402799518, 0.759241666824217, 0.6972927153340527, 0.5359998774490673], [-0.07845899335980899, 0.7262013216954347, 0.0, 0.17250275553727729, 0.49772339508912444, 0.12338492097075478, 0.3356660637853842, 0.6879497488544639, 0.34084415065632045, 0.15821367695211408, 0.006889477554966383, 0.6063792939119601, 0.6436914383053, 0.6720912308698418, 0.7754573004482253, 0.6888038991930933, 0.5561664686671377], [-0.35057726635098696, 0.8882156724616681, 0.0, 0.19975370396675718, 0.5475068088031787, 0.12006075824935021, 0.40362821158688644, 0.6895249838466404, 0.33154137594431377, 0.19093910315115292, 0.0069454663283523566, 0.6185778206108312, 0.6574214000179163, 0.6743370570671279, 0.7649883791848943, 0.6926664309318337, 0.5401639142439154], [-0.3484878088177328, 0.8351573107092182, 0.0, 0.1943851782102158, 0.5312744611611, 0.12196166760326718, 0.5295210794670588, 0.688834498761884, 0.3280758861130939, 0.18099573838864025, 0.00683347364535547, 0.6300409148432284, 0.6499032208214772, 0.6722949353957496, 0.7678741172554614, 0.7069321752662152, 0.5595523165583041], [-0.1781175527505181, 0.7435012970533941, 0.0, 0.18389400042178108, 0.49604428807789247, 0.12709078195590867, 0.3880754020292699, 0.6845361494577703, 0.3516697909778932, 0.16607673105082532, 0.007281081678807366, 0.6204194023152543, 0.6495912250902616, 0.6586378731585448, 0.7747156697484193, 0.6855756241919851, 0.5816780987596809], [-0.2350378874743826, 0.8233605342684142, 0.0, 0.1805425122987258, 0.5196935688677028, 0.12702549291790416, 0.42717947738693096, 0.6845814964064172, 0.3523085209468291, 0.1830320147675224, 0.007057398507269275, 0.6208733185578121, 0.6398027044648992, 0.6686367626126289, 0.7709232546069092, 0.7082685251861737, 0.5849498198089677]]}