{"labels_1": ["1", "2", "3", "4", "5", "6", "7", "8", "9"], "labels_2": ["1", "2", "3", "4", "5", "6", "7", "8", "9"], "adj_matrix_1": [[0.0, 0.16647, 0.06512, 0.02548, 0.23552, 0.03715, 0.07532, 0.27736, 0.08332], [0.16647, 0.0, 0.11191, 0.1844, 0.10287, 0.13687, 0.21348, 0.18586, 0.09439], [0.06512, 0.11191, 0.0, 0.08922, 0.19806, 0.02859, 0.13379, 0.25752, 0.01912], [0.02548, 0.1844, 0.08922, 0.0, 0.24579, 0.06209, 0.05085, 0.28048, 0.1067], [0.23552, 0.10287, 0.19806, 0.24579, 0.0, 0.21622, 0.25806, 0.09328, 0.18452], [0.03715, 0.13687, 0.02859, 0.06209, 0.21622, 0.0, 0.10936, 0.26831, 0.0475], [0.07532, 0.21348, 0.13379, 0.05085, 0.25806, 0.10936, 0.0, 0.27828, 0.14915], [0.27736, 0.18586, 0.25752, 0.28048, 0.09328, 0.26831, 0.27828, 0.0, 0.24863], [0.08332, 0.09439, 0.01912, 0.1067, 0.18452, 0.0475, 0.14915, 0.24863, 0.0]], "adj_matrix_2": [[0.0, 0.05704, 0.05605, 0.01092, 0.06583, 0.06582, 0.20435, 0.25555, 0.07456], [0.05704, 0.0, 0.001, 0.06776, 0.00894, 0.00896, 0.15522, 0.27872, 0.12881], [0.05605, 0.001, 0.0, 0.06679, 0.00993, 0.00996, 0.15616, 0.27821, 0.12791], [0.01092, 0.06776, 0.06679, 0.0, 0.07648, 0.07651, 0.21314, 0.25025, 0.06394], [0.06583, 0.00894, 0.00993, 0.07648, 0.0, 3e-05, 0.14711, 0.28176, 0.13696], [0.06582, 0.00896, 0.00996, 0.07651, 3e-05, 0.0, 0.14713, 0.28146, 0.137], [0.20435, 0.15522, 0.15616, 0.21314, 0.14711, 0.14713, 0.0, 0.31267, 0.25914], [0.25555, 0.27872, 0.27821, 0.25025, 0.28176, 0.28146, 0.31267, 0.0, 0.2145], [0.07456, 0.12881, 0.12791, 0.06394, 0.13696, 0.137, 0.25914, 0.2145, 0.0]], "features_1": [[0.6122454659819101, 0.9353744012541951, 0.0, 0.26262906636000594, 0.546548478217321, 0.12229431593559487, 0.18094570361314483, 0.6849915222669772, 0.3292193998205841, 0.20026934599535529, 0.007225183508792421, 0.5755555362085292, 0.6160887367563098, 0.6368672590386121, 0.7484910884524977, 0.682457874781959, 0.554753981950571], [0.09493641963033417, 0.9420768456335271, 0.0, 0.23941776803208284, 0.5435503687523322, 0.12364186072628064, 0.16742410230310156, 0.6837711604165936, 0.3323619412106549, 0.2040814232612358, 0.007336964783822175, 0.5954308046870094, 0.6225153587738168, 0.6292104695000241, 0.7513571621019973, 0.6820621188618216, 0.5501320448372093], [0.5170633073791211, 1.0800415920304272, 0.0, 0.2791140759042408, 0.5804981019580309, 0.12127889880888229, 0.16493859083087514, 0.6856828413223774, 0.32452364487443197, 0.22582324781370966, 0.007001439975721224, 0.5770250926947464, 0.6286772130363111, 0.6463655181633868, 0.7448447977673465, 0.665062094831119, 0.5512583554446566], [0.6242827356976592, 1.0883206957393359, 0.0, 0.27830326726781973, 0.5798299896632773, 0.1246686314284152, 0.24251411757679406, 0.6841775672455537, 0.343055254461778, 0.23162583273503778, 0.007001439975721224, 0.5796752701438379, 0.6302105467964311, 0.6458738153709894, 0.7597276670950286, 0.6890292959400938, 0.5568414082739243], [-0.03719165395810542, 0.9830548275885738, 0.0, 0.23203543216556238, 0.5470336218444934, 0.12680520717352853, 0.16912008067605555, 0.6806472124250323, 0.3432481943214498, 0.21557506688660721, 0.007560346756364078, 0.6075863552472107, 0.6502260717545514, 0.664734174154005, 0.7569263491264585, 0.6666882652594918, 0.5498579614381359], [0.523489098094577, 1.129889637929151, 0.0, 0.27717882357651674, 0.5889116142014944, 0.12186767760583543, 0.19163479991095897, 0.6854541712816014, 0.33274725582198217, 0.2359855251609635, 0.007448685839370306, 0.5783416688991125, 0.6213359490193374, 0.6255496535661924, 0.7482288401143276, 0.6734133094718957, 0.5455600551923492], [0.9549876208603951, 1.060991751737891, 0.0, 0.2685973823333529, 0.5743245587644581, 0.12135654723824398, 0.1493985859930575, 0.6853897463639176, 0.32589177953609316, 0.21917979768028073, 0.007336964783822175, 0.5675629068916366, 0.6282808974664985, 0.6430614326250955, 0.7427044412368253, 0.6697676448066051, 0.5270357440278114], [0.09670645028856084, 0.9735446104631639, 0.0, 0.23591492528486963, 0.5461555381572987, 0.12474516693725168, 0.2163193859217934, 0.682489056631744, 0.33331298941217846, 0.2088869980224206, 0.007336964783822175, 0.6037553443189831, 0.6314628066467716, 0.6511362005211606, 0.7486284245416208, 0.6692727724269687, 0.5333527976708482], [0.49028996942232617, 1.0563857636836382, 0.0, 0.2744926777294925, 0.5691431899791386, 0.12208253873369962, 0.2019863202428489, 0.6848515088987149, 0.3312171636867296, 0.22108425654815345, 0.00711334193318236, 0.5800919668822919, 0.6142745632692332, 0.6395639593735793, 0.7429690451253896, 0.670612064648402, 0.526292920419728]], "features_2": [[0.185184555841178, 0.7466408544912367, 0.0, 0.2616472305504005, 0.5088355711730891, 0.12158021622813095, 0.3881919721624428, 0.6887958877308609, 0.34339945406372574, 0.16266279917503845, 0.007001439975721224, 0.6007501764419727, 0.6467998356244109, 0.6680391891747971, 0.7718377580964666, 0.697147153849126, 0.5822644187091165], [-0.013199607029066307, 0.7599377057214116, 0.0, 0.2723433582771514, 0.5116011971184223, 0.12109494924819997, 0.34102552290794963, 0.6885393525313297, 0.34177557562302874, 0.16706640365260794, 0.00711334193318236, 0.6101700895511795, 0.6562529345815074, 0.6740657180722059, 0.767631854937096, 0.6782196138926944, 0.581706793563819], [0.038380101477434536, 0.8959291456524993, 0.0, 0.27943796346514094, 0.5505487043767573, 0.12074043064853794, 0.3472188845381787, 0.6888579211441419, 0.33730943860798157, 0.19286853373785817, 0.007001439975721224, 0.6030938115270374, 0.6385013217718766, 0.6557846374249106, 0.7666852908447858, 0.6778032575087507, 0.58085597009321], [0.1929997952477458, 0.888994590589475, 0.0, 0.25121607996815093, 0.543660361492483, 0.12399887907300683, 0.31403944409670287, 0.6866678470474175, 0.35045376776277526, 0.19309208324738347, 0.00677745458930179, 0.5998353452736376, 0.623417391286952, 0.6557967921414075, 0.7719482725304155, 0.7043452267810677, 0.5966913459780291], [-0.033584020132165104, 0.7515518668597859, 0.0, 0.2842754510498683, 0.5031067193453623, 0.12449191592969194, 0.3123321342043425, 0.6861775950606657, 0.3574493436274826, 0.17045886692687495, 0.007560346756364078, 0.608803570706419, 0.6524570446624511, 0.6798207573267468, 0.7739043246277636, 0.6754295280966818, 0.5899014397454627], [-0.0654837167245561, 0.9645448950487118, 0.0, 0.27259819496220306, 0.5614910719776754, 0.12609639404148065, 0.3605463357844322, 0.6860978437082655, 0.3595739556235471, 0.21293337148372227, 0.00711334193318236, 0.6090462726510815, 0.6671700875370791, 0.6765169415042769, 0.7817268967069514, 0.6892808954873966, 0.5941204158610909], [-0.01839855016237779, 0.8979727266867926, 0.0, 0.25614928727380054, 0.5428084235097006, 0.12355103895188733, 0.2605392566227295, 0.6861482723163996, 0.3395184206101749, 0.1940703070787586, 0.006889477554966383, 0.6127330122989301, 0.6337659125048698, 0.6566786846301084, 0.7646515984384948, 0.6753100057221357, 0.5852775020847026], [0.7905289018038477, 0.7973722874068707, 0.0, 0.2952813641479221, 0.5118932646069837, 0.12405780722337847, 0.2628833711112918, 0.6854788538345549, 0.3524357926816941, 0.17456191150603217, 0.007560346756364078, 0.5774066777459552, 0.6341124821270246, 0.6335249888561084, 0.7662061375311642, 0.6896088338105212, 0.5615463720241168], [0.6022876755092526, 0.9406558886902078, 0.0, 0.28436546198138607, 0.5574901790895577, 0.11761112318689423, 0.2772853469409178, 0.6896108599093513, 0.3114034180510854, 0.19182689000014386, 0.007001439975721224, 0.5880012348591424, 0.6208321639394007, 0.625411362507923, 0.7499011042645135, 0.6835410205794347, 0.5190610423015178]]}