{"labels_1": ["1", "2", "3", "4", "5", "6", "7", "8", "9"], "labels_2": ["1", "2", "3", "4", "5", "6", "7", "8", "9"], "adj_matrix_1": [[0.0, 0.16647, 0.06512, 0.02548, 0.23552, 0.03715, 0.07532, 0.27736, 0.08332], [0.16647, 0.0, 0.11191, 0.1844, 0.10287, 0.13687, 0.21348, 0.18586, 0.09439], [0.06512, 0.11191, 0.0, 0.08922, 0.19806, 0.02859, 0.13379, 0.25752, 0.01912], [0.02548, 0.1844, 0.08922, 0.0, 0.24579, 0.06209, 0.05085, 0.28048, 0.1067], [0.23552, 0.10287, 0.19806, 0.24579, 0.0, 0.21622, 0.25806, 0.09328, 0.18452], [0.03715, 0.13687, 0.02859, 0.06209, 0.21622, 0.0, 0.10936, 0.26831, 0.0475], [0.07532, 0.21348, 0.13379, 0.05085, 0.25806, 0.10936, 0.0, 0.27828, 0.14915], [0.27736, 0.18586, 0.25752, 0.28048, 0.09328, 0.26831, 0.27828, 0.0, 0.24863], [0.08332, 0.09439, 0.01912, 0.1067, 0.18452, 0.0475, 0.14915, 0.24863, 0.0]], "adj_matrix_2": [[0.0, 0.03946, 0.04429, 0.11565, 0.01382, 0.14239, 0.33111, 0.15532, 0.201], [0.03946, 0.0, 0.00488, 0.15137, 0.05312, 0.17649, 0.34514, 0.18861, 0.17158], [0.04429, 0.00488, 0.0, 0.15567, 0.0579, 0.18059, 0.34667, 0.19242, 0.16757], [0.11565, 0.15137, 0.15567, 0.0, 0.10264, 0.02901, 0.26217, 0.04329, 0.27006], [0.01382, 0.05312, 0.0579, 0.10264, 0.0, 0.12982, 0.32494, 0.14307, 0.21064], [0.14239, 0.17649, 0.18059, 0.02901, 0.12982, 0.0, 0.24016, 0.01436, 0.28274], [0.33111, 0.34514, 0.34667, 0.26217, 0.32494, 0.24016, 0.0, 0.22853, 0.338], [0.15532, 0.18861, 0.19242, 0.04329, 0.14307, 0.01436, 0.22853, 0.0, 0.28898], [0.201, 0.17158, 0.16757, 0.27006, 0.21064, 0.28274, 0.338, 0.28898, 0.0]], "features_1": [[0.6122454659819101, 0.9353744012541951, 0.0, 0.26262906636000594, 0.546548478217321, 0.12229431593559487, 0.18094570361314483, 0.6849915222669772, 0.3292193998205841, 0.20026934599535529, 0.007225183508792421, 0.5755555362085292, 0.6160887367563098, 0.6368672590386121, 0.7484910884524977, 0.682457874781959, 0.554753981950571], [0.09493641963033417, 0.9420768456335271, 0.0, 0.23941776803208284, 0.5435503687523322, 0.12364186072628064, 0.16742410230310156, 0.6837711604165936, 0.3323619412106549, 0.2040814232612358, 0.007336964783822175, 0.5954308046870094, 0.6225153587738168, 0.6292104695000241, 0.7513571621019973, 0.6820621188618216, 0.5501320448372093], [0.5170633073791211, 1.0800415920304272, 0.0, 0.2791140759042408, 0.5804981019580309, 0.12127889880888229, 0.16493859083087514, 0.6856828413223774, 0.32452364487443197, 0.22582324781370966, 0.007001439975721224, 0.5770250926947464, 0.6286772130363111, 0.6463655181633868, 0.7448447977673465, 0.665062094831119, 0.5512583554446566], [0.6242827356976592, 1.0883206957393359, 0.0, 0.27830326726781973, 0.5798299896632773, 0.1246686314284152, 0.24251411757679406, 0.6841775672455537, 0.343055254461778, 0.23162583273503778, 0.007001439975721224, 0.5796752701438379, 0.6302105467964311, 0.6458738153709894, 0.7597276670950286, 0.6890292959400938, 0.5568414082739243], [-0.03719165395810542, 0.9830548275885738, 0.0, 0.23203543216556238, 0.5470336218444934, 0.12680520717352853, 0.16912008067605555, 0.6806472124250323, 0.3432481943214498, 0.21557506688660721, 0.007560346756364078, 0.6075863552472107, 0.6502260717545514, 0.664734174154005, 0.7569263491264585, 0.6666882652594918, 0.5498579614381359], [0.523489098094577, 1.129889637929151, 0.0, 0.27717882357651674, 0.5889116142014944, 0.12186767760583543, 0.19163479991095897, 0.6854541712816014, 0.33274725582198217, 0.2359855251609635, 0.007448685839370306, 0.5783416688991125, 0.6213359490193374, 0.6255496535661924, 0.7482288401143276, 0.6734133094718957, 0.5455600551923492], [0.9549876208603951, 1.060991751737891, 0.0, 0.2685973823333529, 0.5743245587644581, 0.12135654723824398, 0.1493985859930575, 0.6853897463639176, 0.32589177953609316, 0.21917979768028073, 0.007336964783822175, 0.5675629068916366, 0.6282808974664985, 0.6430614326250955, 0.7427044412368253, 0.6697676448066051, 0.5270357440278114], [0.09670645028856084, 0.9735446104631639, 0.0, 0.23591492528486963, 0.5461555381572987, 0.12474516693725168, 0.2163193859217934, 0.682489056631744, 0.33331298941217846, 0.2088869980224206, 0.007336964783822175, 0.6037553443189831, 0.6314628066467716, 0.6511362005211606, 0.7486284245416208, 0.6692727724269687, 0.5333527976708482], [0.49028996942232617, 1.0563857636836382, 0.0, 0.2744926777294925, 0.5691431899791386, 0.12208253873369962, 0.2019863202428489, 0.6848515088987149, 0.3312171636867296, 0.22108425654815345, 0.00711334193318236, 0.5800919668822919, 0.6142745632692332, 0.6395639593735793, 0.7429690451253896, 0.670612064648402, 0.526292920419728]], "features_2": [[0.9696349096454435, 0.9444339418140091, 0.0, 0.2620111785679348, 0.5700599391323726, 0.11117422835096671, 0.3307341605600328, 0.6923268624345154, 0.28536940463745397, 0.1797562656851781, 0.006889477554966383, 0.5741266973048886, 0.6289472384176803, 0.6091556719973243, 0.7382404914079739, 0.6728852961878208, 0.5100487605867633], [0.8816333473519071, 0.9119923635035057, 0.0, 0.25837616866364793, 0.5572528553053149, 0.1136309299862675, 0.3572009092617904, 0.6916433658123611, 0.295401976122152, 0.1775557646563366, 0.006889477554966383, 0.580225218079272, 0.6135512015709231, 0.594361028112933, 0.7457931869420898, 0.6756868416063171, 0.5207802259949017], [0.7872898044162588, 1.0780345388217312, 0.0, 0.2497069617075697, 0.5983364092605072, 0.11344888512319727, 0.35216287777731525, 0.6918115487533352, 0.3001876979942686, 0.20720126060130273, 0.007001439975721224, 0.5804783675316671, 0.627696210196547, 0.616777044869283, 0.747212142491629, 0.6777293912324215, 0.5242789619138108], [0.44498118428291544, 1.043313735817516, 0.0, 0.24304759778965054, 0.5884724210731966, 0.11616784899067013, 0.3358682754775778, 0.6907596151896102, 0.3160985707889148, 0.20791607646904464, 0.007392832833969631, 0.590605658366298, 0.631722307410481, 0.6329852980107866, 0.7540154586627111, 0.6885817284759315, 0.5500175480581111], [0.7244730419368413, 0.8558328054236977, 0.0, 0.24718669946577623, 0.5399505907457953, 0.11586292104038304, 0.33491319419128446, 0.6907251842076838, 0.2955436481316651, 0.170183359866382, 0.00683347364535547, 0.5889955479903743, 0.6204688226977376, 0.6128760850229207, 0.751842851234393, 0.6837530224929842, 0.5220938734802443], [0.37448616232086573, 1.0714054558777033, 0.0, 0.23095787540531373, 0.5924729018947129, 0.1186324096294952, 0.38977063789408606, 0.69021294730098, 0.3246727315852189, 0.21505019410746762, 0.007057398507269275, 0.6008498696389173, 0.6315525507800203, 0.614405460746334, 0.7664033360200937, 0.692633273293671, 0.5517317205565389], [0.01367825235094422, 0.9496227109476358, 0.0, 0.22239125430505324, 0.5626916241991965, 0.12036174060477459, 0.320808159913053, 0.6886925042382099, 0.3172244225071177, 0.19638185141293518, 0.0069454663283523566, 0.6193109787902702, 0.6494758206814374, 0.6317335323383798, 0.7646869275913286, 0.6899693165487147, 0.5625588938810009], [0.2829315426186003, 0.7529641104424368, 0.0, 0.214601543412919, 0.5036225467155784, 0.12649346006803738, 0.3677571641040238, 0.6855768609088821, 0.36599863818308, 0.1675459432696924, 0.00711334193318236, 0.6176001406012486, 0.6717346336086796, 0.6791309072024082, 0.7825631536363252, 0.706941603685929, 0.5729870015966955], [0.7587980778373282, 0.828859323873685, 0.0, 0.22598625752604, 0.5245751065017819, 0.12682054221379546, 0.32451949542068304, 0.6847084121830078, 0.36609909624943393, 0.1812537081712866, 0.007336964783822175, 0.5883643326636765, 0.6345707469761779, 0.6532469334092967, 0.7792846087379293, 0.7033601958805462, 0.5862830121673992]]}