{"labels_1": ["1", "2", "3", "4", "5", "6", "7", "8", "9"], "labels_2": ["1", "2", "3", "4", "5", "6", "7", "8", "9"], "adj_matrix_1": [[0.0, 0.12935, 0.00043, 0.09291, 0.14238, 0.01193, 0.15996, 0.29667, 0.30951], [0.12935, 0.0, 0.12896, 0.19546, 0.01695, 0.13885, 0.23183, 0.26087, 0.25369], [0.00043, 0.12896, 0.0, 0.09331, 0.14201, 0.01237, 0.16031, 0.29667, 0.30946], [0.09291, 0.19546, 0.09331, 0.0, 0.2033, 0.08179, 0.07666, 0.27783, 0.30746], [0.14238, 0.01695, 0.14201, 0.2033, 0.0, 0.1513, 0.23509, 0.252, 0.2431], [0.01193, 0.13885, 0.01237, 0.08179, 0.1513, 0.0, 0.15064, 0.29628, 0.3112], [0.15996, 0.23183, 0.16031, 0.07666, 0.23509, 0.15064, 0.0, 0.23791, 0.28043], [0.29667, 0.26087, 0.29667, 0.27783, 0.252, 0.29628, 0.23791, 0.0, 0.06622], [0.30951, 0.25369, 0.30946, 0.30746, 0.2431, 0.3112, 0.28043, 0.06622, 0.0]], "adj_matrix_2": [[0.0, 0.28942, 0.16319, 0.13653, 0.26116, 0.29833, 0.00112, 0.11336, 0.20603], [0.28942, 0.0, 0.17337, 0.19912, 0.04828, 0.01724, 0.28896, 0.21918, 0.28241], [0.16319, 0.17337, 0.0, 0.03067, 0.1295, 0.18836, 0.1623, 0.056, 0.27132], [0.13653, 0.19912, 0.03067, 0.0, 0.15725, 0.21331, 0.13558, 0.02556, 0.2644], [0.26116, 0.04828, 0.1295, 0.15725, 0.0, 0.06531, 0.26055, 0.17927, 0.28355], [0.29833, 0.01724, 0.18836, 0.21331, 0.06531, 0.0, 0.29805, 0.23248, 0.28122], [0.00112, 0.28896, 0.1623, 0.13558, 0.26055, 0.29805, 0.0, 0.11231, 0.20663], [0.11336, 0.21918, 0.056, 0.02556, 0.17927, 0.23248, 0.11231, 0.0, 0.2573], [0.20603, 0.28241, 0.27132, 0.2644, 0.28355, 0.28122, 0.20663, 0.2573, 0.0]], "features_1": [[0.7452480104448331, 0.6753963440794916, 0.0, 0.2613070910689273, 0.4630547685530103, 0.13186883308274133, 0.23921978072060454, 0.6778076558436799, 0.39789196230149537, 0.156554119388022, 0.008062078829516484, 0.5915741774682672, 0.6340974263710775, 0.6512596327712553, 0.7846507810999239, 0.7266909931415003, 0.5928421226430305], [0.8204519465269322, 0.6304274606311455, 0.0, 0.2785693478330923, 0.44921248023267457, 0.13444311737601794, 0.31089288098290024, 0.6779791706109943, 0.40974505462566313, 0.15086383867123465, 0.007894969482732161, 0.5852569308518101, 0.6528839926048191, 0.6894471990580898, 0.7990051298152251, 0.7320321525084316, 0.6132281464158996], [0.8821648902789319, 0.7450997784146732, 0.0, 0.23886170108894483, 0.48879210543533425, 0.13082489095310534, 0.2742851234872596, 0.6797815825155806, 0.39442975350103016, 0.1707849367045755, 0.008006390651371653, 0.5865294853897494, 0.632372893291817, 0.6686454791303796, 0.785582047165053, 0.7151206501759234, 0.5986573338879532], [0.634550624491061, 0.7235434288367754, 0.0, 0.23773984467228768, 0.48376323790479253, 0.12873341355550366, 0.27342403123427916, 0.6816020658644784, 0.3646653473472399, 0.16088483268624287, 0.007392832833969631, 0.5934801477127691, 0.6365805555859043, 0.6505681299840657, 0.7802958646672818, 0.6986882796014993, 0.5854860735375249], [1.0970372305553804, 0.6341541395389985, 0.0, 0.2736470749248383, 0.4464133871430217, 0.13562509216369803, 0.2903240942347033, 0.6761164551653447, 0.4129148925099364, 0.15177113853139357, 0.007894969482732161, 0.5789873828252055, 0.6465806116323671, 0.6934701675463777, 0.7987186265987921, 0.749238165740264, 0.6143764874829972], [1.2672232291504928, 0.7314620136565568, 0.0, 0.23339314316833648, 0.48725370939997414, 0.13070859879943925, 0.3457998558918135, 0.681467686090305, 0.3993007180261201, 0.16580405537482346, 0.007783488497544067, 0.5811726722607704, 0.653630386321661, 0.6767047000567068, 0.7922859233196363, 0.7213869145415316, 0.6053939902727814], [0.5704943145779815, 0.7102377078216041, 0.0, 0.24196407789210275, 0.472026948482236, 0.13442454251095876, 0.26763179252296254, 0.6763912476778139, 0.4170138495740874, 0.16845927120295712, 0.00783923647221818, 0.6008830449502325, 0.6468237154667289, 0.6784881624708948, 0.7937257524373902, 0.7243499107261534, 0.6049866115896132], [0.3770785296244519, 0.5769137104464251, 0.0, 0.21580220674190992, 0.43068339539168937, 0.1343669117065499, 0.3122577024811669, 0.6784821851464571, 0.4248457520765878, 0.13630816006612823, 0.007671947615560004, 0.6141974675893118, 0.6572539476180622, 0.6695533579431316, 0.796288186964594, 0.7068720461079875, 0.6227193612441986], [0.15719940516974518, 0.6092771186939456, 0.0, 0.1845510526303993, 0.4490822681473334, 0.13039983711637326, 0.3481461144725813, 0.6824051087050309, 0.38581734694159997, 0.13918112567363106, 0.007225183508792421, 0.6138669403762935, 0.6427116548617895, 0.6598678677195979, 0.7895389836564568, 0.7203317184125883, 0.6025693914601453]], "features_2": [[0.3296464392567038, 0.6801630020427921, 0.0, 0.24633105959534077, 0.48556090147142034, 0.12293051377598099, 0.4274057457619861, 0.6881177539444767, 0.3380836373827887, 0.14672078242199604, 0.00677745458930179, 0.5983344899823644, 0.6305944046317871, 0.6628427125020293, 0.7705375522516081, 0.684059334190295, 0.5836095184622717], [-0.059868153319869055, 0.6554068843993619, 0.0, 0.2250230323193485, 0.47798355429127853, 0.1233277040504694, 0.45455815204803046, 0.6887640057050277, 0.3537691955081683, 0.14495699750015878, 0.007225183508792421, 0.6180263375313126, 0.6537694898137144, 0.6791033208682654, 0.7814780478642535, 0.7276937379974291, 0.591797045482277], [0.30164265373915233, 0.7960308747272363, 0.0, 0.23966067515691195, 0.522846236311771, 0.12327829641536, 0.47755408791064297, 0.688561817942797, 0.345773029186913, 0.17159179552914594, 0.006889477554966383, 0.6022240588698342, 0.6382508138193295, 0.6568890824891281, 0.7767776535747792, 0.6982681110955792, 0.5855720108017656], [0.22331886306126636, 0.8042595818496605, 0.0, 0.22519801082252594, 0.5225759636406663, 0.12294763495087575, 0.45567171466141543, 0.6879852622821814, 0.3329149878663369, 0.17186550384593224, 0.007225183508792421, 0.599731276030153, 0.6326652415454813, 0.6541793090027519, 0.7669309339622675, 0.6824999433129655, 0.5741222219692608], [-0.12812531442197184, 0.6452553910907015, 0.0, 0.22036256296386694, 0.476043410070076, 0.12432520593682975, 0.500857259610936, 0.6889256974560332, 0.36843918226367456, 0.144366861998368, 0.007448685839370306, 0.6210242358257925, 0.6601922271497651, 0.6994481530453358, 0.7879088417004547, 0.7331179688864121, 0.5985242837972734], [0.09647890344962429, 0.8381886632530171, 0.0, 0.20476549573761943, 0.5378304005216614, 0.12109860534622653, 0.5269064689354017, 0.6899255758073808, 0.33465441754844205, 0.17735615772168623, 0.00711334193318236, 0.609031759072511, 0.6653914753551535, 0.6841655354440274, 0.7734549382883893, 0.7116676100566002, 0.5796428249662386], [0.23987515518310865, 0.8080092575752817, 0.0, 0.19713429496182014, 0.5267790930012847, 0.12139647392020031, 0.6156357613244218, 0.6893672779608628, 0.3236258327726438, 0.1703668696799827, 0.0066653709969386465, 0.5899320704664692, 0.6374503813089011, 0.6508313033156872, 0.7638394376383778, 0.679984004144436, 0.559234221490018], [0.0028895200055196746, 0.6452422393137984, 0.0, 0.2020020158339223, 0.4770831792908719, 0.12262767622337377, 0.5642130270471426, 0.689375770147958, 0.34209457049294456, 0.1377316150818375, 0.007001439975721224, 0.5990321071046951, 0.6420413067942687, 0.6736431222674124, 0.773278934026456, 0.7060857811883515, 0.5967291500917359], [0.6048252719179184, 0.765093381831547, 0.0, 0.22400152779035987, 0.5148144209295068, 0.1200695979870385, 0.6439619310237269, 0.6898173404646146, 0.3114831967840117, 0.1556755846854827, 0.00677745458930179, 0.5815571007021965, 0.649231516864272, 0.6513888712931202, 0.7529559590123253, 0.6796575885357323, 0.5691312958249596]]}