{"labels_1": ["1", "2", "3", "4", "5", "6", "7", "8", "9"], "labels_2": ["1", "2", "3", "4", "5", "6", "7", "8", "9"], "adj_matrix_1": [[0.0, 0.12935, 0.00043, 0.09291, 0.14238, 0.01193, 0.15996, 0.29667, 0.30951], [0.12935, 0.0, 0.12896, 0.19546, 0.01695, 0.13885, 0.23183, 0.26087, 0.25369], [0.00043, 0.12896, 0.0, 0.09331, 0.14201, 0.01237, 0.16031, 0.29667, 0.30946], [0.09291, 0.19546, 0.09331, 0.0, 0.2033, 0.08179, 0.07666, 0.27783, 0.30746], [0.14238, 0.01695, 0.14201, 0.2033, 0.0, 0.1513, 0.23509, 0.252, 0.2431], [0.01193, 0.13885, 0.01237, 0.08179, 0.1513, 0.0, 0.15064, 0.29628, 0.3112], [0.15996, 0.23183, 0.16031, 0.07666, 0.23509, 0.15064, 0.0, 0.23791, 0.28043], [0.29667, 0.26087, 0.29667, 0.27783, 0.252, 0.29628, 0.23791, 0.0, 0.06622], [0.30951, 0.25369, 0.30946, 0.30746, 0.2431, 0.3112, 0.28043, 0.06622, 0.0]], "adj_matrix_2": [[0.0, 0.12875, 0.13478, 0.26601, 0.01415, 0.01251, 0.28259, 0.22929, 0.22595], [0.12875, 0.0, 0.21821, 0.26093, 0.14001, 0.13867, 0.26014, 0.25567, 0.2548], [0.13478, 0.21821, 0.0, 0.1925, 0.12275, 0.12421, 0.22676, 0.12836, 0.12311], [0.26601, 0.26093, 0.1925, 0.0, 0.26196, 0.26262, 0.04639, 0.0757, 0.08135], [0.01415, 0.14001, 0.12275, 0.26196, 0.0, 0.00164, 0.28045, 0.22211, 0.21852], [0.01251, 0.13867, 0.12421, 0.26262, 0.00164, 0.0, 0.28089, 0.22299, 0.21945], [0.28259, 0.26014, 0.22676, 0.04639, 0.28045, 0.28089, 0.0, 0.12, 0.12538], [0.22929, 0.25567, 0.12836, 0.0757, 0.22211, 0.22299, 0.12, 0.0, 0.00584], [0.22595, 0.2548, 0.12311, 0.08135, 0.21852, 0.21945, 0.12538, 0.00584, 0.0]], "features_1": [[0.7452480104448331, 0.6753963440794916, 0.0, 0.2613070910689273, 0.4630547685530103, 0.13186883308274133, 0.23921978072060454, 0.6778076558436799, 0.39789196230149537, 0.156554119388022, 0.008062078829516484, 0.5915741774682672, 0.6340974263710775, 0.6512596327712553, 0.7846507810999239, 0.7266909931415003, 0.5928421226430305], [0.8204519465269322, 0.6304274606311455, 0.0, 0.2785693478330923, 0.44921248023267457, 0.13444311737601794, 0.31089288098290024, 0.6779791706109943, 0.40974505462566313, 0.15086383867123465, 0.007894969482732161, 0.5852569308518101, 0.6528839926048191, 0.6894471990580898, 0.7990051298152251, 0.7320321525084316, 0.6132281464158996], [0.8821648902789319, 0.7450997784146732, 0.0, 0.23886170108894483, 0.48879210543533425, 0.13082489095310534, 0.2742851234872596, 0.6797815825155806, 0.39442975350103016, 0.1707849367045755, 0.008006390651371653, 0.5865294853897494, 0.632372893291817, 0.6686454791303796, 0.785582047165053, 0.7151206501759234, 0.5986573338879532], [0.634550624491061, 0.7235434288367754, 0.0, 0.23773984467228768, 0.48376323790479253, 0.12873341355550366, 0.27342403123427916, 0.6816020658644784, 0.3646653473472399, 0.16088483268624287, 0.007392832833969631, 0.5934801477127691, 0.6365805555859043, 0.6505681299840657, 0.7802958646672818, 0.6986882796014993, 0.5854860735375249], [1.0970372305553804, 0.6341541395389985, 0.0, 0.2736470749248383, 0.4464133871430217, 0.13562509216369803, 0.2903240942347033, 0.6761164551653447, 0.4129148925099364, 0.15177113853139357, 0.007894969482732161, 0.5789873828252055, 0.6465806116323671, 0.6934701675463777, 0.7987186265987921, 0.749238165740264, 0.6143764874829972], [1.2672232291504928, 0.7314620136565568, 0.0, 0.23339314316833648, 0.48725370939997414, 0.13070859879943925, 0.3457998558918135, 0.681467686090305, 0.3993007180261201, 0.16580405537482346, 0.007783488497544067, 0.5811726722607704, 0.653630386321661, 0.6767047000567068, 0.7922859233196363, 0.7213869145415316, 0.6053939902727814], [0.5704943145779815, 0.7102377078216041, 0.0, 0.24196407789210275, 0.472026948482236, 0.13442454251095876, 0.26763179252296254, 0.6763912476778139, 0.4170138495740874, 0.16845927120295712, 0.00783923647221818, 0.6008830449502325, 0.6468237154667289, 0.6784881624708948, 0.7937257524373902, 0.7243499107261534, 0.6049866115896132], [0.3770785296244519, 0.5769137104464251, 0.0, 0.21580220674190992, 0.43068339539168937, 0.1343669117065499, 0.3122577024811669, 0.6784821851464571, 0.4248457520765878, 0.13630816006612823, 0.007671947615560004, 0.6141974675893118, 0.6572539476180622, 0.6695533579431316, 0.796288186964594, 0.7068720461079875, 0.6227193612441986], [0.15719940516974518, 0.6092771186939456, 0.0, 0.1845510526303993, 0.4490822681473334, 0.13039983711637326, 0.3481461144725813, 0.6824051087050309, 0.38581734694159997, 0.13918112567363106, 0.007225183508792421, 0.6138669403762935, 0.6427116548617895, 0.6598678677195979, 0.7895389836564568, 0.7203317184125883, 0.6025693914601453]], "features_2": [[0.7444548654892365, 0.6773818883221512, 0.0, 0.29885451646401484, 0.48514724839918055, 0.12028780597281355, 0.3286226382610664, 0.6887851797928307, 0.33786085892687656, 0.14502701901631831, 0.007225183508792421, 0.5867864008945078, 0.6309982941886656, 0.6562774207572141, 0.7661500718539407, 0.6855482277487395, 0.5667004040980625], [1.4110179691808513, 0.6435622421233668, 0.0, 0.3154567362885829, 0.47452990877259743, 0.11922584146257902, 0.3234842987314529, 0.6892516166019593, 0.3281419541529018, 0.13472215513018715, 0.006889477554966383, 0.574807666673641, 0.615421619624103, 0.6534892829524315, 0.7627432207313648, 0.6657196062810073, 0.5642204275781019], [0.6471753202980444, 0.7675742201042707, 0.0, 0.30273857636812634, 0.5134334486418531, 0.12094609475381919, 0.3174138511360809, 0.688348013870901, 0.34277965574908986, 0.16545836358359978, 0.007225183508792421, 0.5979110978810112, 0.6276577310805197, 0.6367863803025701, 0.7668783882935071, 0.6838810054301604, 0.5738794625452228], [0.14060858420161715, 0.7740954911069471, 0.0, 0.253933451118521, 0.5091338370817606, 0.12490219384906959, 0.28196293807026296, 0.6853292107314201, 0.3555998306602086, 0.17330990684342984, 0.007560346756364078, 0.6105059697265907, 0.6409449484457626, 0.6519891080664377, 0.7728824048128313, 0.6908620200205136, 0.5862240526039695], [0.8648319552858479, 0.621255408288727, 0.0, 0.29010472841664536, 0.4610439090798809, 0.12342146822720378, 0.3539219906379699, 0.6871849495965578, 0.3495977370598502, 0.1352564881588132, 0.007448685839370306, 0.5907438623716492, 0.6503108109044595, 0.676117440715143, 0.7757273690431996, 0.6958349326397201, 0.5785123135307517], [0.6226975969436568, 0.7722555064108286, 0.0, 0.299444213716054, 0.5121686421621074, 0.12277214938155338, 0.3309306612517432, 0.6873562338878778, 0.3540806221378179, 0.16952624307422215, 0.007560346756364078, 0.5875773450136563, 0.6318986216772096, 0.6482391335867809, 0.7714513327213679, 0.6897532270699319, 0.580683433064889], [0.0040174571487456845, 0.7520948793749291, 0.0, 0.22102974176744977, 0.4948737999351691, 0.1269592684352544, 0.23645184186044615, 0.6823070320847942, 0.3578007266590322, 0.1695441108319815, 0.007560346756364078, 0.6082925197479285, 0.634287815404058, 0.6526084911686624, 0.7682632710773051, 0.6913323937769733, 0.5853453299331215], [0.510202431791249, 0.6246040325345716, 0.0, 0.23877538086203773, 0.4514066061195283, 0.12777054292131867, 0.3389195636807273, 0.6831024121666158, 0.3773371987461167, 0.14043810414768787, 0.008006390651371653, 0.6029322834762896, 0.6261131717803818, 0.6411243944105122, 0.7744892570956745, 0.7175147171929938, 0.5570599885364097], [0.12116004041162043, 0.6585897942677356, 0.0, 0.25048422989686353, 0.4599390590220251, 0.12867045746426575, 0.2565395380064267, 0.6806483093949627, 0.3630936255312638, 0.15157841963167407, 0.007783488497544067, 0.5990788158583364, 0.6474453284043686, 0.6682018512636545, 0.7683240840570347, 0.6813146457241807, 0.5691645561552839]]}