{"labels_1": ["1", "2", "3", "4", "5", "6", "7", "8", "9"], "labels_2": ["1", "2", "3", "4", "5", "6", "7", "8", "9"], "adj_matrix_1": [[0.0, 0.12935, 0.00043, 0.09291, 0.14238, 0.01193, 0.15996, 0.29667, 0.30951], [0.12935, 0.0, 0.12896, 0.19546, 0.01695, 0.13885, 0.23183, 0.26087, 0.25369], [0.00043, 0.12896, 0.0, 0.09331, 0.14201, 0.01237, 0.16031, 0.29667, 0.30946], [0.09291, 0.19546, 0.09331, 0.0, 0.2033, 0.08179, 0.07666, 0.27783, 0.30746], [0.14238, 0.01695, 0.14201, 0.2033, 0.0, 0.1513, 0.23509, 0.252, 0.2431], [0.01193, 0.13885, 0.01237, 0.08179, 0.1513, 0.0, 0.15064, 0.29628, 0.3112], [0.15996, 0.23183, 0.16031, 0.07666, 0.23509, 0.15064, 0.0, 0.23791, 0.28043], [0.29667, 0.26087, 0.29667, 0.27783, 0.252, 0.29628, 0.23791, 0.0, 0.06622], [0.30951, 0.25369, 0.30946, 0.30746, 0.2431, 0.3112, 0.28043, 0.06622, 0.0]], "adj_matrix_2": [[0.0, 0.25382, 0.04747, 0.05497, 0.24101, 0.05723, 0.11945, 0.18524, 0.06089], [0.25382, 0.0, 0.22982, 0.22553, 0.03283, 0.22417, 0.29387, 0.30591, 0.27744], [0.04747, 0.22982, 0.0, 0.00761, 0.21245, 0.00992, 0.16232, 0.22292, 0.10679], [0.05497, 0.22553, 0.00761, 0.0, 0.20744, 0.00231, 0.16883, 0.22848, 0.11391], [0.24101, 0.03283, 0.21245, 0.20744, 0.0, 0.20587, 0.29264, 0.31094, 0.27055], [0.05723, 0.22417, 0.00992, 0.00231, 0.20587, 0.0, 0.17079, 0.23013, 0.11605], [0.11945, 0.29387, 0.16232, 0.16883, 0.29264, 0.17079, 0.0, 0.07267, 0.06058], [0.18524, 0.30591, 0.22292, 0.22848, 0.31094, 0.23013, 0.07267, 0.0, 0.13095], [0.06089, 0.27744, 0.10679, 0.11391, 0.27055, 0.11605, 0.06058, 0.13095, 0.0]], "features_1": [[0.7452480104448331, 0.6753963440794916, 0.0, 0.2613070910689273, 0.4630547685530103, 0.13186883308274133, 0.23921978072060454, 0.6778076558436799, 0.39789196230149537, 0.156554119388022, 0.008062078829516484, 0.5915741774682672, 0.6340974263710775, 0.6512596327712553, 0.7846507810999239, 0.7266909931415003, 0.5928421226430305], [0.8204519465269322, 0.6304274606311455, 0.0, 0.2785693478330923, 0.44921248023267457, 0.13444311737601794, 0.31089288098290024, 0.6779791706109943, 0.40974505462566313, 0.15086383867123465, 0.007894969482732161, 0.5852569308518101, 0.6528839926048191, 0.6894471990580898, 0.7990051298152251, 0.7320321525084316, 0.6132281464158996], [0.8821648902789319, 0.7450997784146732, 0.0, 0.23886170108894483, 0.48879210543533425, 0.13082489095310534, 0.2742851234872596, 0.6797815825155806, 0.39442975350103016, 0.1707849367045755, 0.008006390651371653, 0.5865294853897494, 0.632372893291817, 0.6686454791303796, 0.785582047165053, 0.7151206501759234, 0.5986573338879532], [0.634550624491061, 0.7235434288367754, 0.0, 0.23773984467228768, 0.48376323790479253, 0.12873341355550366, 0.27342403123427916, 0.6816020658644784, 0.3646653473472399, 0.16088483268624287, 0.007392832833969631, 0.5934801477127691, 0.6365805555859043, 0.6505681299840657, 0.7802958646672818, 0.6986882796014993, 0.5854860735375249], [1.0970372305553804, 0.6341541395389985, 0.0, 0.2736470749248383, 0.4464133871430217, 0.13562509216369803, 0.2903240942347033, 0.6761164551653447, 0.4129148925099364, 0.15177113853139357, 0.007894969482732161, 0.5789873828252055, 0.6465806116323671, 0.6934701675463777, 0.7987186265987921, 0.749238165740264, 0.6143764874829972], [1.2672232291504928, 0.7314620136565568, 0.0, 0.23339314316833648, 0.48725370939997414, 0.13070859879943925, 0.3457998558918135, 0.681467686090305, 0.3993007180261201, 0.16580405537482346, 0.007783488497544067, 0.5811726722607704, 0.653630386321661, 0.6767047000567068, 0.7922859233196363, 0.7213869145415316, 0.6053939902727814], [0.5704943145779815, 0.7102377078216041, 0.0, 0.24196407789210275, 0.472026948482236, 0.13442454251095876, 0.26763179252296254, 0.6763912476778139, 0.4170138495740874, 0.16845927120295712, 0.00783923647221818, 0.6008830449502325, 0.6468237154667289, 0.6784881624708948, 0.7937257524373902, 0.7243499107261534, 0.6049866115896132], [0.3770785296244519, 0.5769137104464251, 0.0, 0.21580220674190992, 0.43068339539168937, 0.1343669117065499, 0.3122577024811669, 0.6784821851464571, 0.4248457520765878, 0.13630816006612823, 0.007671947615560004, 0.6141974675893118, 0.6572539476180622, 0.6695533579431316, 0.796288186964594, 0.7068720461079875, 0.6227193612441986], [0.15719940516974518, 0.6092771186939456, 0.0, 0.1845510526303993, 0.4490822681473334, 0.13039983711637326, 0.3481461144725813, 0.6824051087050309, 0.38581734694159997, 0.13918112567363106, 0.007225183508792421, 0.6138669403762935, 0.6427116548617895, 0.6598678677195979, 0.7895389836564568, 0.7203317184125883, 0.6025693914601453]], "features_2": [[0.3259901918291539, 0.904088807880276, 0.0, 0.31832587238125787, 0.5382215057945745, 0.12222621370935464, 0.365457539264078, 0.6875099130636726, 0.3470451470493052, 0.19436761151020399, 0.007225183508792421, 0.5969367736753433, 0.6388740999591606, 0.6603226349119019, 0.773034065168459, 0.6951458075369111, 0.5644619636636208], [0.8038016080751293, 0.8940374809120132, 0.0, 0.2969496238678294, 0.5411476536454449, 0.11898116304534986, 0.384713725973613, 0.6894626225929035, 0.3333197573834845, 0.18546889847458892, 0.007225183508792421, 0.5798557343148594, 0.6292462672764707, 0.652827554357992, 0.766827753680777, 0.6908866361118784, 0.5604075438724986], [0.40840112998183065, 1.0201388837209373, 0.0, 0.3104127575230456, 0.5697808794490394, 0.11747101000174039, 0.34605640893679424, 0.6896474748518014, 0.31062359474499557, 0.20649504265504626, 0.00677745458930179, 0.5845741446310788, 0.6236584766544235, 0.6431395455355206, 0.7565601966600323, 0.6852779007259633, 0.546381788687531], [0.497510423740791, 1.0308833824444583, 0.0, 0.3213622885321375, 0.5693218429106521, 0.12008363271859224, 0.30435746574632744, 0.6879353869039211, 0.3263905146304049, 0.21359957814973063, 0.007001439975721224, 0.5885834843064015, 0.6259657250264378, 0.6369701648448912, 0.7603499030203387, 0.6822316907875902, 0.553837759043193], [0.5192049673948032, 0.8716553843423664, 0.0, 0.28947036193603193, 0.5360844706806307, 0.11971669771660025, 0.382728447457783, 0.6891538224094402, 0.33274814087811855, 0.18294994751486326, 0.00711334193318236, 0.5808441838035221, 0.6356291775294732, 0.6532330703295735, 0.7695282050890863, 0.6897024684199019, 0.5724708097207338], [0.366812962668404, 1.0604897741908197, 0.0, 0.3059508159233839, 0.5819624265086543, 0.11514352151869237, 0.3048395245744587, 0.6904511941143754, 0.29856220306597847, 0.21107806764853132, 0.00655322669591385, 0.5813310880540445, 0.6193164232116667, 0.642702143400985, 0.7435508915063291, 0.6536495082335398, 0.5419203252116261], [0.018025997219322853, 0.9645283446515625, 0.0, 0.28115202345584267, 0.5589603368349991, 0.11949375280264793, 0.32429295335792857, 0.6886861513340726, 0.323546940084958, 0.2019632521599395, 0.007001439975721224, 0.6033764400572548, 0.646114881467763, 0.6667636263834127, 0.7597913198558262, 0.6857396036720115, 0.5585600337240114], [-0.21100755204828214, 0.8310305109058636, 0.0, 0.21237757018603315, 0.5284231420491021, 0.11718531979939623, 0.26667823498804283, 0.6896584883092587, 0.3059935378337362, 0.17387732285725632, 0.00655322669591385, 0.6086923322797397, 0.6485447582813878, 0.6643034431346445, 0.750271899432806, 0.6858950939160683, 0.5721908642120233], [-0.23782008483674222, 0.9435767837581274, 0.0, 0.22325058951998508, 0.5557900115059441, 0.11683380141206809, 0.1927698054564459, 0.6892697880748858, 0.2924919802861494, 0.19332162050573376, 0.0064410216040902135, 0.6038760677597783, 0.6230017940229492, 0.6457095950778141, 0.7391132232103251, 0.6801581345524241, 0.5581408143030128]]}