{"labels_1": ["1", "2", "3", "4", "5", "6", "7", "8", "9"], "labels_2": ["1", "2", "3", "4", "5", "6", "7", "8", "9"], "adj_matrix_1": [[0.0, 0.12935, 0.00043, 0.09291, 0.14238, 0.01193, 0.15996, 0.29667, 0.30951], [0.12935, 0.0, 0.12896, 0.19546, 0.01695, 0.13885, 0.23183, 0.26087, 0.25369], [0.00043, 0.12896, 0.0, 0.09331, 0.14201, 0.01237, 0.16031, 0.29667, 0.30946], [0.09291, 0.19546, 0.09331, 0.0, 0.2033, 0.08179, 0.07666, 0.27783, 0.30746], [0.14238, 0.01695, 0.14201, 0.2033, 0.0, 0.1513, 0.23509, 0.252, 0.2431], [0.01193, 0.13885, 0.01237, 0.08179, 0.1513, 0.0, 0.15064, 0.29628, 0.3112], [0.15996, 0.23183, 0.16031, 0.07666, 0.23509, 0.15064, 0.0, 0.23791, 0.28043], [0.29667, 0.26087, 0.29667, 0.27783, 0.252, 0.29628, 0.23791, 0.0, 0.06622], [0.30951, 0.25369, 0.30946, 0.30746, 0.2431, 0.3112, 0.28043, 0.06622, 0.0]], "adj_matrix_2": [[0.0, 0.14695, 0.02922, 0.07324, 0.0119, 0.06954, 0.10965, 0.06911, 0.05069], [0.14695, 0.0, 0.12063, 0.20613, 0.15724, 0.20339, 0.23148, 0.20305, 0.10039], [0.02922, 0.12063, 0.0, 0.10108, 0.04102, 0.0975, 0.13593, 0.09702, 0.02166], [0.07324, 0.20613, 0.10108, 0.0, 0.06168, 0.00383, 0.03861, 0.00427, 0.12107], [0.0119, 0.15724, 0.04102, 0.06168, 0.0, 0.05794, 0.09862, 0.05753, 0.06237], [0.06954, 0.20339, 0.0975, 0.00383, 0.05794, 0.0, 0.04239, 0.00044, 0.11761], [0.10965, 0.23148, 0.13593, 0.03861, 0.09862, 0.04239, 0.0, 0.04281, 0.15458], [0.06911, 0.20305, 0.09702, 0.00427, 0.05753, 0.00044, 0.04281, 0.0, 0.11718], [0.05069, 0.10039, 0.02166, 0.12107, 0.06237, 0.11761, 0.15458, 0.11718, 0.0]], "features_1": [[0.7452480104448331, 0.6753963440794916, 0.0, 0.2613070910689273, 0.4630547685530103, 0.13186883308274133, 0.23921978072060454, 0.6778076558436799, 0.39789196230149537, 0.156554119388022, 0.008062078829516484, 0.5915741774682672, 0.6340974263710775, 0.6512596327712553, 0.7846507810999239, 0.7266909931415003, 0.5928421226430305], [0.8204519465269322, 0.6304274606311455, 0.0, 0.2785693478330923, 0.44921248023267457, 0.13444311737601794, 0.31089288098290024, 0.6779791706109943, 0.40974505462566313, 0.15086383867123465, 0.007894969482732161, 0.5852569308518101, 0.6528839926048191, 0.6894471990580898, 0.7990051298152251, 0.7320321525084316, 0.6132281464158996], [0.8821648902789319, 0.7450997784146732, 0.0, 0.23886170108894483, 0.48879210543533425, 0.13082489095310534, 0.2742851234872596, 0.6797815825155806, 0.39442975350103016, 0.1707849367045755, 0.008006390651371653, 0.5865294853897494, 0.632372893291817, 0.6686454791303796, 0.785582047165053, 0.7151206501759234, 0.5986573338879532], [0.634550624491061, 0.7235434288367754, 0.0, 0.23773984467228768, 0.48376323790479253, 0.12873341355550366, 0.27342403123427916, 0.6816020658644784, 0.3646653473472399, 0.16088483268624287, 0.007392832833969631, 0.5934801477127691, 0.6365805555859043, 0.6505681299840657, 0.7802958646672818, 0.6986882796014993, 0.5854860735375249], [1.0970372305553804, 0.6341541395389985, 0.0, 0.2736470749248383, 0.4464133871430217, 0.13562509216369803, 0.2903240942347033, 0.6761164551653447, 0.4129148925099364, 0.15177113853139357, 0.007894969482732161, 0.5789873828252055, 0.6465806116323671, 0.6934701675463777, 0.7987186265987921, 0.749238165740264, 0.6143764874829972], [1.2672232291504928, 0.7314620136565568, 0.0, 0.23339314316833648, 0.48725370939997414, 0.13070859879943925, 0.3457998558918135, 0.681467686090305, 0.3993007180261201, 0.16580405537482346, 0.007783488497544067, 0.5811726722607704, 0.653630386321661, 0.6767047000567068, 0.7922859233196363, 0.7213869145415316, 0.6053939902727814], [0.5704943145779815, 0.7102377078216041, 0.0, 0.24196407789210275, 0.472026948482236, 0.13442454251095876, 0.26763179252296254, 0.6763912476778139, 0.4170138495740874, 0.16845927120295712, 0.00783923647221818, 0.6008830449502325, 0.6468237154667289, 0.6784881624708948, 0.7937257524373902, 0.7243499107261534, 0.6049866115896132], [0.3770785296244519, 0.5769137104464251, 0.0, 0.21580220674190992, 0.43068339539168937, 0.1343669117065499, 0.3122577024811669, 0.6784821851464571, 0.4248457520765878, 0.13630816006612823, 0.007671947615560004, 0.6141974675893118, 0.6572539476180622, 0.6695533579431316, 0.796288186964594, 0.7068720461079875, 0.6227193612441986], [0.15719940516974518, 0.6092771186939456, 0.0, 0.1845510526303993, 0.4490822681473334, 0.13039983711637326, 0.3481461144725813, 0.6824051087050309, 0.38581734694159997, 0.13918112567363106, 0.007225183508792421, 0.6138669403762935, 0.6427116548617895, 0.6598678677195979, 0.7895389836564568, 0.7203317184125883, 0.6025693914601453]], "features_2": [[0.5301047000150207, 0.9092923471081797, 0.0, 0.248555302226024, 0.550243826975302, 0.11981759803015488, 0.3677594130380257, 0.688737523318242, 0.3143476699103416, 0.1878747315084035, 0.006721420376576193, 0.583049642855962, 0.6242375181152862, 0.6424204930457185, 0.7520714589071149, 0.6937258121526114, 0.5599955008110091], [0.1858957645976278, 0.8616552748212867, 0.0, 0.2048005865454013, 0.5311933615194439, 0.12377669649691944, 0.28384372768792404, 0.6857920502708807, 0.3391023072952579, 0.18661390508561038, 0.007001439975721224, 0.6031377465245193, 0.6227280042106023, 0.6438917022468928, 0.7639425966465715, 0.6989784057920692, 0.5802518102448032], [0.548402160007543, 1.0367299450712857, 0.0, 0.235706326235548, 0.5787699949727062, 0.12119400815749576, 0.3770394100884367, 0.688033804103161, 0.32197251553195017, 0.21296137310223107, 0.00683347364535547, 0.5844939337413824, 0.6197115344029962, 0.6250218109772179, 0.7566319570041171, 0.7089759748284618, 0.5690468916585222], [0.777036678804834, 1.06664007303788, 0.0, 0.2652544315792721, 0.5845243107373046, 0.12152636164803235, 0.36414494124816843, 0.6876218065530417, 0.32569346754231776, 0.21585884323725724, 0.006609306440138685, 0.5791955668701734, 0.6255681328419858, 0.6313960212412802, 0.7529152000505244, 0.701780425136114, 0.5659438999826963], [0.3775145838870584, 0.8573994570575295, 0.0, 0.23131111276518518, 0.5260999693790573, 0.12761039070969016, 0.27724225347502907, 0.6827530510792769, 0.36370619565141404, 0.1908568698688562, 0.007281081678807366, 0.5955984812731745, 0.6349801453401973, 0.6558389364931725, 0.7710802661169087, 0.7037969365341359, 0.5939818194774135], [0.7932133043888063, 1.073906438158078, 0.0, 0.2585101012617747, 0.5886353399489513, 0.12182884528709156, 0.4223973614986683, 0.6882883170690299, 0.33023118252570094, 0.21968237772376265, 0.007057398507269275, 0.5782101572962368, 0.6291101564940549, 0.6412525139322006, 0.7644613128558778, 0.7024752888645388, 0.5743682885518688], [0.791631534533884, 1.0393398561467164, 0.0, 0.2696941903714299, 0.5838405481462273, 0.11816415851798044, 0.3808369364007852, 0.6896824144375132, 0.3140785324662938, 0.2068711486187762, 0.0069454663283523566, 0.5782233797455121, 0.6206492081773229, 0.62665285985507, 0.7490630681491569, 0.6902461672726085, 0.5707832946327664], [0.9766283641169573, 0.8233214804849696, 0.0, 0.28761668070853574, 0.5242989617056619, 0.12478835271699049, 0.3066426816780051, 0.6854280377570194, 0.35666772090500287, 0.17555209308451403, 0.007504523810135222, 0.5833977645653698, 0.6045298009753456, 0.6073389389443083, 0.7673674144675343, 0.7048380117820898, 0.5895218879690015], [0.7547394287836218, 0.9402002967521403, 0.0, 0.28605214089743025, 0.560067897620771, 0.11883963469824924, 0.2977804066884019, 0.6889687924436985, 0.31834192649914583, 0.1912188650810296, 0.00683347364535547, 0.5835969341035578, 0.6159877632899562, 0.6217741283539296, 0.749512295589036, 0.6712704971400791, 0.5706262613253813]]}