{"labels_1": ["1", "2", "3", "4", "5", "6", "7", "8", "9"], "labels_2": ["1", "2", "3", "4", "5", "6", "7", "8", "9"], "adj_matrix_1": [[0.0, 0.20413, 0.04336, 0.10454, 0.20618, 0.02431, 0.01388, 0.20093, 0.20931], [0.20413, 0.0, 0.22304, 0.13442, 0.01453, 0.2155, 0.19695, 0.17494, 0.04248], [0.04336, 0.22304, 0.0, 0.13485, 0.22354, 0.0194, 0.05665, 0.19194, 0.22346], [0.10454, 0.13442, 0.13485, 0.0, 0.13829, 0.1223, 0.09351, 0.1791, 0.14574], [0.20618, 0.01453, 0.22354, 0.13829, 0.0, 0.21673, 0.19938, 0.16401, 0.02808], [0.02431, 0.2155, 0.0194, 0.1223, 0.21673, 0.0, 0.03798, 0.19715, 0.21816], [0.01388, 0.19695, 0.05665, 0.09351, 0.19938, 0.03798, 0.0, 0.20164, 0.20337], [0.20093, 0.17494, 0.19194, 0.1791, 0.16401, 0.19715, 0.20164, 0.0, 0.14155], [0.20931, 0.04248, 0.22346, 0.14574, 0.02808, 0.21816, 0.20337, 0.14155, 0.0]], "adj_matrix_2": [[0.0, 0.20835, 0.06888, 0.06138, 0.16668, 0.12077, 0.09859, 0.20166, 0.20845], [0.20835, 0.0, 0.16704, 0.17226, 0.07272, 0.12431, 0.14409, 0.01511, 0.00014], [0.06888, 0.16704, 0.0, 0.00777, 0.11009, 0.05601, 0.03156, 0.15688, 0.1672], [0.06138, 0.17226, 0.00777, 0.0, 0.11686, 0.06353, 0.03924, 0.16246, 0.17242], [0.16668, 0.07272, 0.11009, 0.11686, 0.0, 0.05766, 0.08132, 0.05838, 0.07284], [0.12077, 0.12431, 0.05601, 0.06353, 0.05766, 0.0, 0.02486, 0.11175, 0.12447], [0.09859, 0.14409, 0.03156, 0.03924, 0.08132, 0.02486, 0.0, 0.13252, 0.14426], [0.20166, 0.01511, 0.15688, 0.16246, 0.05838, 0.11175, 0.13252, 0.0, 0.01525], [0.20845, 0.00014, 0.1672, 0.17242, 0.07284, 0.12447, 0.14426, 0.01525, 0.0]], "features_1": [[1.615937035853861, 0.8344416104795456, 0.0, 0.3141223707901889, 0.5424864897296304, 0.11484750866274997, 0.6050442208927826, 0.6917735870701485, 0.3266641639859691, 0.16689414575604222, 0.007392832833969631, 0.555847555935628, 0.6251136154621495, 0.6415442108467282, 0.7486795443460547, 0.676167334316638, 0.551242800279373], [0.4961783408632754, 0.8389627804493717, 0.0, 0.24887545026255023, 0.5478250285585292, 0.11210303727438495, 0.5389120311139891, 0.6924428962875886, 0.30108174279721833, 0.1682472481112658, 0.0069454663283523566, 0.5808916995917472, 0.6301852762769554, 0.6419318228544469, 0.7429067608449408, 0.6544456259211561, 0.544599954509325], [1.5728908448742667, 0.9629200446939125, 0.0, 0.3124499898852409, 0.5761046746163874, 0.1139936888620603, 0.4984688579736705, 0.6917693469349597, 0.32047065428224153, 0.1899348145954982, 0.0069454663283523566, 0.5553544785688458, 0.610615099808829, 0.6305032336621552, 0.7457447022804297, 0.6904528832411684, 0.5586471295966127], [2.349989293012568, 0.968289213499206, 0.0, 0.3240955333183096, 0.574302254641906, 0.11546473910356164, 0.5100578946600607, 0.6912451979759724, 0.32537615867660086, 0.18851501638815193, 0.00716927026363523, 0.5433373333087621, 0.616686442405145, 0.6108063708596865, 0.7475768309366803, 0.6944835299983458, 0.5589833302291204], [0.4478746889675378, 0.7989915541725681, 0.0, 0.25112622431794435, 0.5357304685731574, 0.11364036495680646, 0.5210379229117471, 0.692137834474775, 0.30961225746612553, 0.16262154681856678, 0.00683347364535547, 0.585349126790381, 0.6424794728117251, 0.6538708330357355, 0.751680605217867, 0.6472398330416927, 0.5551531974165026], [1.9041356356154857, 0.9530908652824306, 0.0, 0.3093477427569028, 0.577008344158568, 0.11283729374031463, 0.5501868493824638, 0.6922525533087138, 0.31394331167354084, 0.18463617837919344, 0.00683347364535547, 0.5520918012771339, 0.6088621906168854, 0.6311200913566198, 0.7460934923207772, 0.684264812212707, 0.5575711700104357], [1.6473469704993198, 0.904572570979997, 0.0, 0.3134370860465435, 0.5556526992687975, 0.11809781393623323, 0.5315190977909608, 0.6902393484772826, 0.340959135407674, 0.18523064306088388, 0.00716927026363523, 0.5625525081491243, 0.6173548315742807, 0.6425619224129687, 0.7550722260525919, 0.6825422236058132, 0.5644271012897687], [0.8788430641639748, 0.7141920850719482, 0.0, 0.2528631914326758, 0.5011429551046318, 0.11920691634122488, 0.36606509285920696, 0.6894343850999494, 0.32928044794307687, 0.1487668450193742, 0.00716927026363523, 0.5797917848166154, 0.6306663195669682, 0.6402366974174933, 0.7623489156860691, 0.6926900172157545, 0.5779406257700938], [0.857620918121413, 0.8012427294956, 0.0, 0.25315853987212217, 0.5243650559641037, 0.11875140846207427, 0.29442432281187364, 0.6889759970634344, 0.3190239167400504, 0.16470799539253123, 0.006721420376576193, 0.5774749879773995, 0.6273300272939581, 0.6011720288594345, 0.7540247548501389, 0.7023409642814088, 0.5675623972989282]], "features_2": [[0.30214567699002126, 0.8420764389036033, 0.0, 0.3175377127758806, 0.5246895162524222, 0.13104939191588832, 0.3882395688273036, 0.6818711111355544, 0.39644088858531346, 0.19560692017018955, 0.007727725548673403, 0.5930248168267389, 0.6343246754883256, 0.6718033198175267, 0.7868884426174146, 0.6884709939476168, 0.5851119116454234], [0.9753996047521238, 0.7845876572357073, 0.0, 0.3210428422308108, 0.5103327578942409, 0.12633703333900753, 0.36207827515492286, 0.6850235031255556, 0.370344245865347, 0.1747833159335428, 0.007504523810135222, 0.5779413408281033, 0.639248541330169, 0.6708486318374897, 0.7786970698914901, 0.6946701123646244, 0.5757810466117521], [0.5971744508015422, 0.9173486835376249, 0.0, 0.3216709731049315, 0.550085773692534, 0.1260584416483903, 0.3845708007492014, 0.6854029600050295, 0.3689482047256025, 0.20217661055091019, 0.007727725548673403, 0.5827235726658992, 0.630166191564813, 0.6648494333282114, 0.7761766448260996, 0.6729731501153428, 0.5700037872956537], [0.6270404011141557, 0.935757495290511, 0.0, 0.2971451972168231, 0.5531665576113185, 0.12908880030259196, 0.40266096113160116, 0.6835150871764357, 0.3808528184424098, 0.20875274134925093, 0.007504523810135222, 0.5862753125292697, 0.6343132619029354, 0.6760039035735077, 0.7803798305901245, 0.6918610885370764, 0.5781684925758531], [1.1281788755387234, 0.7577201107460274, 0.0, 0.31911530613589606, 0.4988820721978737, 0.12907755027719583, 0.36038327138819853, 0.6826236242064505, 0.3878926911983074, 0.17069945741608739, 0.007616154688146137, 0.5752912086478643, 0.6445275786256155, 0.6610999541323576, 0.7814594759944569, 0.6920213945362967, 0.5855190018943079], [0.9772417974981265, 0.9283542259380068, 0.0, 0.2969090369793475, 0.5549555847320381, 0.12605351886062421, 0.4269512794292048, 0.6859438039635259, 0.37726232680651184, 0.20310941985768283, 0.008062078829516484, 0.5766371010808964, 0.6377481935598975, 0.6747140199555107, 0.7794039492658342, 0.69662424186935, 0.5727845495400835], [0.9180711114822113, 0.9459265987443309, 0.0, 0.2720945309314177, 0.5588370790010142, 0.12798790473123806, 0.41718099044747275, 0.6849727989738266, 0.37301451278796627, 0.20522733641708912, 0.007504523810135222, 0.5829682753074443, 0.6287102569959139, 0.6437063068129675, 0.7844055321179314, 0.7091607716959349, 0.5758415614366512], [1.3188711841990397, 0.7634508169127262, 0.0, 0.31076880127117634, 0.5033073699598188, 0.129693124450704, 0.3514154050209086, 0.6821973730520565, 0.3963368789826378, 0.1717873424182892, 0.007727725548673403, 0.5793936708277674, 0.6255526564859957, 0.6600923900735028, 0.7795556582248474, 0.7022832713361833, 0.5930533773050889], [1.7888937526114859, 0.8940862342559133, 0.0, 0.3373930703285411, 0.5502934417447878, 0.12290189960156772, 0.364983597583106, 0.6877638071986392, 0.3633050511982061, 0.18574729499546416, 0.007504523810135222, 0.5726563678267118, 0.6241353863402215, 0.6434356897579259, 0.7714261619377973, 0.7012018676439019, 0.5683883410269819]]}