{"labels_1": ["1", "2", "3", "4", "5", "6", "7", "8", "9"], "labels_2": ["1", "2", "3", "4", "5", "6", "7", "8", "9"], "adj_matrix_1": [[0.0, 0.27511, 0.06229, 0.12741, 0.27874, 0.06502, 0.04336, 0.04713, 0.14699], [0.27511, 0.0, 0.30397, 0.18157, 0.05804, 0.30498, 0.24896, 0.29797, 0.1609], [0.06229, 0.30397, 0.0, 0.17079, 0.30015, 0.00286, 0.10246, 0.01567, 0.18388], [0.12741, 0.18157, 0.17079, 0.0, 0.19409, 0.17246, 0.09103, 0.16113, 0.02777], [0.27874, 0.05804, 0.30015, 0.19409, 0.0, 0.30079, 0.25664, 0.29615, 0.17382], [0.06502, 0.30498, 0.00286, 0.17246, 0.30079, 0.0, 0.10497, 0.01852, 0.18523], [0.04336, 0.24896, 0.10246, 0.09103, 0.25664, 0.10497, 0.0, 0.0884, 0.11435], [0.04713, 0.29797, 0.01567, 0.16113, 0.29615, 0.01852, 0.0884, 0.0, 0.17591], [0.14699, 0.1609, 0.18388, 0.02777, 0.17382, 0.18523, 0.11435, 0.17591, 0.0]], "adj_matrix_2": [[0.0, 0.10511, 0.09769, 0.05957, 0.03335, 0.12417, 0.19251, 0.18298, 0.22803], [0.10511, 0.0, 0.17011, 0.14792, 0.13039, 0.183, 0.20298, 0.20199, 0.19466], [0.09769, 0.17011, 0.0, 0.04154, 0.06745, 0.03182, 0.13091, 0.11475, 0.20848], [0.05957, 0.14792, 0.04154, 0.0, 0.02697, 0.07217, 0.16119, 0.14736, 0.22246], [0.03335, 0.13039, 0.06745, 0.02697, 0.0, 0.09655, 0.17706, 0.16522, 0.22699], [0.12417, 0.183, 0.03182, 0.07217, 0.09655, 0.0, 0.10414, 0.08662, 0.19264], [0.19251, 0.20298, 0.13091, 0.16119, 0.17706, 0.10414, 0.0, 0.01929, 0.11218], [0.18298, 0.20199, 0.11475, 0.14736, 0.16522, 0.08662, 0.01929, 0.0, 0.1289], [0.22803, 0.19466, 0.20848, 0.22246, 0.22699, 0.19264, 0.11218, 0.1289, 0.0]], "features_1": [[0.6670593655150268, 0.6706342731001815, 0.0, 0.31675429294411067, 0.4570782825288255, 0.13461196422035565, 0.31695826132584204, 0.6757235440502989, 0.3994859126178909, 0.15877697800202695, 0.00783923647221818, 0.5865248929884461, 0.634008521713821, 0.6569860246087535, 0.7866825442170046, 0.7219119423464488, 0.5950370089029896], [-0.06953286931536207, 0.6650484915855028, 0.0, 0.20658509158499871, 0.4477176990879367, 0.1384349182863261, 0.2159796143060852, 0.669543593047619, 0.424688808337375, 0.16450108657910856, 0.007950687539111767, 0.6343357220420025, 0.6523118930470561, 0.6701671248487109, 0.7925737674869416, 0.6944500037599254, 0.6022236192468786], [0.7074285640108968, 0.7888749736036048, 0.0, 0.305178204517111, 0.49538911620037096, 0.13411629763704838, 0.3090444282093472, 0.6761534715592108, 0.3972788804731324, 0.18428120883782073, 0.007616154688146137, 0.5851061993294855, 0.6328369607609526, 0.6568811720606272, 0.7848387779861175, 0.7084405736092304, 0.5947874901527683], [1.3434574439705678, 0.8345234891957009, 0.0, 0.3191121602111325, 0.5083274672457279, 0.13244608454899387, 0.30772607395262386, 0.6769824437116863, 0.3765619279713981, 0.18960612459184945, 0.007504523810135222, 0.5717082790663763, 0.6307794700009621, 0.6589387318697167, 0.7778048704254569, 0.7025589857586236, 0.5841669848382048], [0.09958924868664543, 0.7100419432311798, 0.0, 0.23216061971496585, 0.45897173425796534, 0.13969369834723194, 0.21024988646618753, 0.6675280854468324, 0.42134871657504114, 0.17409293818335447, 0.007727725548673403, 0.6285630179639461, 0.6622115827108906, 0.6815349602311149, 0.7944293468026464, 0.7081739400490813, 0.6096562655861459], [0.8360015155197433, 0.8274957371885124, 0.0, 0.2989074135567797, 0.5078782314184104, 0.13346767874669563, 0.33203904776598564, 0.6776424966508495, 0.3893461229827577, 0.19109969064764742, 0.007504523810135222, 0.582935702506151, 0.657971330317151, 0.6820058709042134, 0.7877600143983359, 0.6885319869495272, 0.5976098250227618], [0.9808711888078729, 0.8413500568673997, 0.0, 0.30242033256582285, 0.5116089370898815, 0.12906297772464784, 0.28100625396602796, 0.679674103501837, 0.3601285977332913, 0.18956981188470223, 0.007616154688146137, 0.5705729312168648, 0.6299432477583209, 0.6540870022714039, 0.7654713555405407, 0.6936586434799664, 0.5658238936336075], [1.2912146628609769, 0.7460779502836223, 0.0, 0.32201066787874466, 0.4892299819161351, 0.12777316190310886, 0.2795804232190065, 0.6821139729947021, 0.36562430884549135, 0.1660165597144445, 0.007504523810135222, 0.5749454856284062, 0.6177110499353824, 0.6421051883760384, 0.7744876689958061, 0.6968158030864244, 0.5641199619253294], [1.5164980441011462, 0.8027960675691725, 0.0, 0.34189841595917697, 0.5077330226620959, 0.12547598760349715, 0.24430080611827024, 0.6833978565494012, 0.3523897372597551, 0.17683485765197626, 0.007727725548673403, 0.5633559324450399, 0.6171354445468346, 0.639314991278605, 0.7644271800857427, 0.66783480463246, 0.5641585973315745]], "features_2": [[2.8037120399559585, 1.0070565125024165, 0.0, 0.2989480570649457, 0.5842451563140836, 0.11335409243343211, 0.4397270851258234, 0.6919212921103857, 0.31651167032796645, 0.18620279290647956, 0.007001439975721224, 0.5501939783726821, 0.5948576556494156, 0.5877034831234177, 0.7468499852684894, 0.7028209581086848, 0.4892283428295521], [2.873303869485646, 0.9781477381140604, 0.0, 0.2893763927383487, 0.5724776850149418, 0.11613789078763247, 0.441447299953856, 0.6910283125695683, 0.33046736208526806, 0.18697691086871582, 0.007336964783822175, 0.5478292058064509, 0.5886438116016965, 0.6074923491095666, 0.7573391520200766, 0.7234875966072882, 0.5126102046210724], [2.558868951563035, 1.1443255732792674, 0.0, 0.2906831479290379, 0.612695234043974, 0.11377333848781436, 0.4533904898590933, 0.6918001572839863, 0.32574949275298426, 0.21156878190190298, 0.007560346756364078, 0.5540313379032478, 0.5979323735706934, 0.5944478052689012, 0.7482765188603385, 0.7267727218387569, 0.4932392117838836], [2.574495971835675, 1.1328665665879516, 0.0, 0.2802148155286, 0.6069397683896894, 0.11617473918147472, 0.43938053532926774, 0.6908343344811727, 0.3257389000056703, 0.21171298070475664, 0.007225183508792421, 0.5546585924041911, 0.5946180589798545, 0.6019167649408752, 0.7513315234766917, 0.7024723259645443, 0.4861200731895693], [2.1701207377715477, 0.8963295970994112, 0.0, 0.28203898716490255, 0.5409327418738457, 0.12261615201844728, 0.3731657253935531, 0.6871524936825837, 0.35900788793551053, 0.1852881986467434, 0.007671947615560004, 0.5700147903553423, 0.612702414414105, 0.6351212893206977, 0.769326866353842, 0.7283883899841198, 0.5474085981025351], [2.440451582216209, 1.1134809901267901, 0.0, 0.2742543996564518, 0.601454013167712, 0.11681799762256502, 0.4383828301756047, 0.6907436702322103, 0.3437435585571442, 0.2123260169916532, 0.007671947615560004, 0.5655589974288673, 0.6134787422658045, 0.6057393288303065, 0.7579732704947238, 0.7128336814231807, 0.5053220126495838], [1.806202826776179, 1.0564257247272841, 0.0, 0.27330322463352485, 0.5854445827340542, 0.11871210967457518, 0.33779842584030817, 0.6894281926875161, 0.32655349043017456, 0.2051381901527145, 0.007225183508792421, 0.5669377380601612, 0.6117528667772656, 0.6025603414725204, 0.759285441102298, 0.7088827457042919, 0.5185760780721232], [1.7834944793138554, 0.8731265779396886, 0.0, 0.2743049044654587, 0.5268228632957822, 0.1236898684717254, 0.20811596305509922, 0.6847287783010906, 0.37022074537069494, 0.18291585791461995, 0.007894969482732161, 0.5738235410957304, 0.6079777383221693, 0.6143110672102774, 0.7580678150590361, 0.6889355262007244, 0.551516787037625], [1.5449721654431832, 0.9772726426975697, 0.0, 0.274202280089878, 0.5619008686631038, 0.11830855074161029, 0.23927628081860206, 0.6889089950290233, 0.3374698608912883, 0.19592930376685702, 0.007392832833969631, 0.5735086724830625, 0.5913932640802808, 0.5977658923215028, 0.7487780855812742, 0.6959543464004063, 0.5167541939170005]]}