{"labels_1": ["1", "2", "3", "4", "5", "6", "7", "8", "9"], "labels_2": ["1", "2", "3", "4", "5", "6", "7", "8", "9"], "adj_matrix_1": [[0.0, 0.20413, 0.04336, 0.10454, 0.20618, 0.02431, 0.01388, 0.20093, 0.20931], [0.20413, 0.0, 0.22304, 0.13442, 0.01453, 0.2155, 0.19695, 0.17494, 0.04248], [0.04336, 0.22304, 0.0, 0.13485, 0.22354, 0.0194, 0.05665, 0.19194, 0.22346], [0.10454, 0.13442, 0.13485, 0.0, 0.13829, 0.1223, 0.09351, 0.1791, 0.14574], [0.20618, 0.01453, 0.22354, 0.13829, 0.0, 0.21673, 0.19938, 0.16401, 0.02808], [0.02431, 0.2155, 0.0194, 0.1223, 0.21673, 0.0, 0.03798, 0.19715, 0.21816], [0.01388, 0.19695, 0.05665, 0.09351, 0.19938, 0.03798, 0.0, 0.20164, 0.20337], [0.20093, 0.17494, 0.19194, 0.1791, 0.16401, 0.19715, 0.20164, 0.0, 0.14155], [0.20931, 0.04248, 0.22346, 0.14574, 0.02808, 0.21816, 0.20337, 0.14155, 0.0]], "adj_matrix_2": [[0.0, 0.05704, 0.05605, 0.01092, 0.06583, 0.06582, 0.20435, 0.25555, 0.07456], [0.05704, 0.0, 0.001, 0.06776, 0.00894, 0.00896, 0.15522, 0.27872, 0.12881], [0.05605, 0.001, 0.0, 0.06679, 0.00993, 0.00996, 0.15616, 0.27821, 0.12791], [0.01092, 0.06776, 0.06679, 0.0, 0.07648, 0.07651, 0.21314, 0.25025, 0.06394], [0.06583, 0.00894, 0.00993, 0.07648, 0.0, 3e-05, 0.14711, 0.28176, 0.13696], [0.06582, 0.00896, 0.00996, 0.07651, 3e-05, 0.0, 0.14713, 0.28146, 0.137], [0.20435, 0.15522, 0.15616, 0.21314, 0.14711, 0.14713, 0.0, 0.31267, 0.25914], [0.25555, 0.27872, 0.27821, 0.25025, 0.28176, 0.28146, 0.31267, 0.0, 0.2145], [0.07456, 0.12881, 0.12791, 0.06394, 0.13696, 0.137, 0.25914, 0.2145, 0.0]], "features_1": [[1.615937035853861, 0.8344416104795456, 0.0, 0.3141223707901889, 0.5424864897296304, 0.11484750866274997, 0.6050442208927826, 0.6917735870701485, 0.3266641639859691, 0.16689414575604222, 0.007392832833969631, 0.555847555935628, 0.6251136154621495, 0.6415442108467282, 0.7486795443460547, 0.676167334316638, 0.551242800279373], [0.4961783408632754, 0.8389627804493717, 0.0, 0.24887545026255023, 0.5478250285585292, 0.11210303727438495, 0.5389120311139891, 0.6924428962875886, 0.30108174279721833, 0.1682472481112658, 0.0069454663283523566, 0.5808916995917472, 0.6301852762769554, 0.6419318228544469, 0.7429067608449408, 0.6544456259211561, 0.544599954509325], [1.5728908448742667, 0.9629200446939125, 0.0, 0.3124499898852409, 0.5761046746163874, 0.1139936888620603, 0.4984688579736705, 0.6917693469349597, 0.32047065428224153, 0.1899348145954982, 0.0069454663283523566, 0.5553544785688458, 0.610615099808829, 0.6305032336621552, 0.7457447022804297, 0.6904528832411684, 0.5586471295966127], [2.349989293012568, 0.968289213499206, 0.0, 0.3240955333183096, 0.574302254641906, 0.11546473910356164, 0.5100578946600607, 0.6912451979759724, 0.32537615867660086, 0.18851501638815193, 0.00716927026363523, 0.5433373333087621, 0.616686442405145, 0.6108063708596865, 0.7475768309366803, 0.6944835299983458, 0.5589833302291204], [0.4478746889675378, 0.7989915541725681, 0.0, 0.25112622431794435, 0.5357304685731574, 0.11364036495680646, 0.5210379229117471, 0.692137834474775, 0.30961225746612553, 0.16262154681856678, 0.00683347364535547, 0.585349126790381, 0.6424794728117251, 0.6538708330357355, 0.751680605217867, 0.6472398330416927, 0.5551531974165026], [1.9041356356154857, 0.9530908652824306, 0.0, 0.3093477427569028, 0.577008344158568, 0.11283729374031463, 0.5501868493824638, 0.6922525533087138, 0.31394331167354084, 0.18463617837919344, 0.00683347364535547, 0.5520918012771339, 0.6088621906168854, 0.6311200913566198, 0.7460934923207772, 0.684264812212707, 0.5575711700104357], [1.6473469704993198, 0.904572570979997, 0.0, 0.3134370860465435, 0.5556526992687975, 0.11809781393623323, 0.5315190977909608, 0.6902393484772826, 0.340959135407674, 0.18523064306088388, 0.00716927026363523, 0.5625525081491243, 0.6173548315742807, 0.6425619224129687, 0.7550722260525919, 0.6825422236058132, 0.5644271012897687], [0.8788430641639748, 0.7141920850719482, 0.0, 0.2528631914326758, 0.5011429551046318, 0.11920691634122488, 0.36606509285920696, 0.6894343850999494, 0.32928044794307687, 0.1487668450193742, 0.00716927026363523, 0.5797917848166154, 0.6306663195669682, 0.6402366974174933, 0.7623489156860691, 0.6926900172157545, 0.5779406257700938], [0.857620918121413, 0.8012427294956, 0.0, 0.25315853987212217, 0.5243650559641037, 0.11875140846207427, 0.29442432281187364, 0.6889759970634344, 0.3190239167400504, 0.16470799539253123, 0.006721420376576193, 0.5774749879773995, 0.6273300272939581, 0.6011720288594345, 0.7540247548501389, 0.7023409642814088, 0.5675623972989282]], "features_2": [[0.185184555841178, 0.7466408544912367, 0.0, 0.2616472305504005, 0.5088355711730891, 0.12158021622813095, 0.3881919721624428, 0.6887958877308609, 0.34339945406372574, 0.16266279917503845, 0.007001439975721224, 0.6007501764419727, 0.6467998356244109, 0.6680391891747971, 0.7718377580964666, 0.697147153849126, 0.5822644187091165], [-0.013199607029066307, 0.7599377057214116, 0.0, 0.2723433582771514, 0.5116011971184223, 0.12109494924819997, 0.34102552290794963, 0.6885393525313297, 0.34177557562302874, 0.16706640365260794, 0.00711334193318236, 0.6101700895511795, 0.6562529345815074, 0.6740657180722059, 0.767631854937096, 0.6782196138926944, 0.581706793563819], [0.038380101477434536, 0.8959291456524993, 0.0, 0.27943796346514094, 0.5505487043767573, 0.12074043064853794, 0.3472188845381787, 0.6888579211441419, 0.33730943860798157, 0.19286853373785817, 0.007001439975721224, 0.6030938115270374, 0.6385013217718766, 0.6557846374249106, 0.7666852908447858, 0.6778032575087507, 0.58085597009321], [0.1929997952477458, 0.888994590589475, 0.0, 0.25121607996815093, 0.543660361492483, 0.12399887907300683, 0.31403944409670287, 0.6866678470474175, 0.35045376776277526, 0.19309208324738347, 0.00677745458930179, 0.5998353452736376, 0.623417391286952, 0.6557967921414075, 0.7719482725304155, 0.7043452267810677, 0.5966913459780291], [-0.033584020132165104, 0.7515518668597859, 0.0, 0.2842754510498683, 0.5031067193453623, 0.12449191592969194, 0.3123321342043425, 0.6861775950606657, 0.3574493436274826, 0.17045886692687495, 0.007560346756364078, 0.608803570706419, 0.6524570446624511, 0.6798207573267468, 0.7739043246277636, 0.6754295280966818, 0.5899014397454627], [-0.0654837167245561, 0.9645448950487118, 0.0, 0.27259819496220306, 0.5614910719776754, 0.12609639404148065, 0.3605463357844322, 0.6860978437082655, 0.3595739556235471, 0.21293337148372227, 0.00711334193318236, 0.6090462726510815, 0.6671700875370791, 0.6765169415042769, 0.7817268967069514, 0.6892808954873966, 0.5941204158610909], [-0.01839855016237779, 0.8979727266867926, 0.0, 0.25614928727380054, 0.5428084235097006, 0.12355103895188733, 0.2605392566227295, 0.6861482723163996, 0.3395184206101749, 0.1940703070787586, 0.006889477554966383, 0.6127330122989301, 0.6337659125048698, 0.6566786846301084, 0.7646515984384948, 0.6753100057221357, 0.5852775020847026], [0.7905289018038477, 0.7973722874068707, 0.0, 0.2952813641479221, 0.5118932646069837, 0.12405780722337847, 0.2628833711112918, 0.6854788538345549, 0.3524357926816941, 0.17456191150603217, 0.007560346756364078, 0.5774066777459552, 0.6341124821270246, 0.6335249888561084, 0.7662061375311642, 0.6896088338105212, 0.5615463720241168], [0.6022876755092526, 0.9406558886902078, 0.0, 0.28436546198138607, 0.5574901790895577, 0.11761112318689423, 0.2772853469409178, 0.6896108599093513, 0.3114034180510854, 0.19182689000014386, 0.007001439975721224, 0.5880012348591424, 0.6208321639394007, 0.625411362507923, 0.7499011042645135, 0.6835410205794347, 0.5190610423015178]]}