{"labels_1": ["1", "2", "3", "4", "5", "6", "7", "8", "9"], "labels_2": ["1", "2", "3", "4", "5", "6", "7", "8", "9"], "adj_matrix_1": [[0.0, 0.1771, 0.01492, 0.15295, 0.21554, 0.01494, 0.29005, 0.05954, 0.01367], [0.1771, 0.0, 0.1901, 0.02722, 0.04639, 0.19008, 0.15565, 0.12259, 0.16492], [0.01492, 0.1901, 0.0, 0.1665, 0.22747, 1e-05, 0.29849, 0.07424, 0.02858], [0.15295, 0.02722, 0.1665, 0.0, 0.07316, 0.1665, 0.17882, 0.09674, 0.14037], [0.21554, 0.04639, 0.22747, 0.07316, 0.0, 0.22745, 0.1138, 0.16474, 0.20427], [0.01494, 0.19008, 1e-05, 0.1665, 0.22745, 0.0, 0.29847, 0.07424, 0.02859], [0.29005, 0.15565, 0.29849, 0.17882, 0.1138, 0.29847, 0.0, 0.25263, 0.28199], [0.05954, 0.12259, 0.07424, 0.09674, 0.16474, 0.07424, 0.25263, 0.0, 0.04599], [0.01367, 0.16492, 0.02858, 0.14037, 0.20427, 0.02859, 0.28199, 0.04599, 0.0]], "adj_matrix_2": [[0.0, 0.18122, 0.09365, 0.08716, 0.17847, 0.154, 0.17686, 0.11314, 0.09998], [0.18122, 0.0, 0.16829, 0.17133, 0.02996, 0.10802, 0.07998, 0.24535, 0.25756], [0.09365, 0.16829, 0.0, 0.00788, 0.15223, 0.09064, 0.19647, 0.17987, 0.16747], [0.08716, 0.17133, 0.00788, 0.0, 0.15629, 0.09722, 0.19675, 0.17485, 0.16213], [0.17847, 0.02996, 0.15223, 0.15629, 0.0, 0.08182, 0.10677, 0.24675, 0.254], [0.154, 0.10802, 0.09064, 0.09722, 0.08182, 0.0, 0.16718, 0.2295, 0.22488], [0.17686, 0.07998, 0.19647, 0.19675, 0.10677, 0.16718, 0.0, 0.22102, 0.24716], [0.11314, 0.24535, 0.17987, 0.17485, 0.24675, 0.2295, 0.22102, 0.0, 0.05275], [0.09998, 0.25756, 0.16747, 0.16213, 0.254, 0.22488, 0.24716, 0.05275, 0.0]], "features_1": [[0.0123634820488423, 0.678429986274033, 0.0, 0.2482846465947024, 0.4648713996298633, 0.1301906513937577, 0.2856208616675211, 0.6807779509537826, 0.37113994482912016, 0.15758615170943036, 0.007616154688146137, 0.6235688380927371, 0.6636576003450556, 0.6766029231492975, 0.7823520107957675, 0.696314119788832, 0.6014493222163602], [0.0994671343991782, 0.6712417112655904, 0.0, 0.2500684690529577, 0.46738314434590594, 0.1301673455945501, 0.3397864699933059, 0.6823543300436699, 0.3683985913104322, 0.15413581691273692, 0.007504523810135222, 0.612383134300357, 0.660276843149056, 0.6652124032283913, 0.7920985063263182, 0.7033719270431078, 0.6115368651680425], [-0.051586168455810544, 0.7793649368587388, 0.0, 0.2549040876800668, 0.4983052768708338, 0.12973273947353053, 0.2786824877545797, 0.6812392311068396, 0.3704819965764983, 0.17990011945083006, 0.007616154688146137, 0.622448287383286, 0.6537202271938473, 0.6658996396173522, 0.7832506540414449, 0.7102946223928487, 0.6085747361587454], [0.2350659508484374, 0.8039993370485713, 0.0, 0.2894525394899243, 0.4993693632674253, 0.13174994141135668, 0.24944114967150882, 0.6783999788110082, 0.3824394601946659, 0.18568146634361726, 0.007504523810135222, 0.6160877054145613, 0.6448703243980076, 0.6651551272914419, 0.7827520564780592, 0.7147529627284, 0.6064181172046785], [0.19602556421340944, 0.688358049893854, 0.0, 0.2453225950296643, 0.4671618417726358, 0.13372845438520647, 0.31081746748017663, 0.6787638314914473, 0.3839855631441258, 0.16180004477707888, 0.007616154688146137, 0.6167199545569368, 0.6577199352525107, 0.6810927904966928, 0.7975358799230722, 0.7004917831091406, 0.6107361450583181], [-0.03508438322309004, 0.8228161345799443, 0.0, 0.2635872781105486, 0.5100242813294827, 0.1309623370708337, 0.302437317296269, 0.6808831045469551, 0.3804028847949503, 0.19038320519229535, 0.007616154688146137, 0.6293371962777439, 0.6519810165686043, 0.6596522947489716, 0.7894153532767993, 0.7112510084190482, 0.6105332781036451], [0.2830216078968193, 0.8499441738526166, 0.0, 0.28943109337954886, 0.5069770528611869, 0.13386276111044773, 0.19741439696088606, 0.6750199772062957, 0.38472219441260447, 0.19655836128098358, 0.007950687539111767, 0.6028722720111486, 0.6440066412406971, 0.6512661940859463, 0.7830703699528931, 0.7077500343921488, 0.6022403374401591], [-0.016511947637627866, 0.6982059583264991, 0.0, 0.20941191984625318, 0.46614609257212986, 0.13471535220229033, 0.274003860314707, 0.6767602703360838, 0.3903827258740813, 0.1649784464548687, 0.007616154688146137, 0.6285683024735031, 0.6553761988474451, 0.6626353988798914, 0.7949155484817249, 0.7059273990484586, 0.6040716392949883], [-0.12640520035014813, 0.7781797202408663, 0.0, 0.2645615895099286, 0.4935067572457431, 0.1329318511455826, 0.29016176773935454, 0.6787292192659446, 0.37510595085391185, 0.18050666988328112, 0.007616154688146137, 0.6260843544384378, 0.6527183897262512, 0.6591631723746013, 0.7913450994240635, 0.7078469960260603, 0.6070746535710474]], "features_2": [[2.1878332140680046, 0.8085065553024279, 0.0, 0.3344097286756085, 0.5270246832875055, 0.1201931517397857, 0.5047377639022542, 0.6900868226746595, 0.3410754185731011, 0.1653248990920646, 0.007057398507269275, 0.5572736969206789, 0.6293244232179679, 0.6399386179949459, 0.7732797393640242, 0.7242398904757504, 0.5589966572414805], [1.399306448112167, 0.7891105562838382, 0.0, 0.30484264084590484, 0.5202680895631896, 0.12012754203454751, 0.5221245326478708, 0.6898812928555567, 0.33215920782783215, 0.16105429676993555, 0.00716927026363523, 0.57065333928768, 0.6276499607744056, 0.6424797285544654, 0.7701380659499875, 0.7132507095080542, 0.5637263490604827], [1.982152499682278, 0.9360862586691424, 0.0, 0.32085668691124236, 0.5596075337195232, 0.12081868841291461, 0.4623567585570207, 0.6895699358656397, 0.33621027579896046, 0.18943477618952542, 0.007281081678807366, 0.5628342640667299, 0.6376504376958593, 0.6403766916042959, 0.7712119591195725, 0.7204659924087812, 0.5635085747966344], [1.9570505397875193, 0.9429909494714774, 0.0, 0.3253098108719885, 0.5563883461516417, 0.12417813056569693, 0.4063115803022498, 0.6874923325566669, 0.3594492601271855, 0.19821940867529397, 0.0069454663283523566, 0.5634274697026973, 0.6374517553582885, 0.6647361787271654, 0.7768055541420293, 0.7261619042078908, 0.5686937778711006], [1.5049405141519694, 0.7658875736961571, 0.0, 0.320243575545942, 0.5091805667047894, 0.12201702644933164, 0.4251273341771217, 0.6883992370023257, 0.3424882627724881, 0.1592202544989576, 0.007281081678807366, 0.5729223002841359, 0.6402557160999047, 0.6424731207985503, 0.7738151304489174, 0.7034512627576817, 0.5766510819472961], [1.9925855997965858, 0.9870106885433824, 0.0, 0.3380062927872887, 0.5638675118856088, 0.12650160240256123, 0.3839677420084655, 0.6861133240201458, 0.3724848732210111, 0.20715240983441063, 0.007727725548673403, 0.5643275819086573, 0.6313045764537175, 0.6358679009757914, 0.7797598002005731, 0.7185330475522845, 0.5740774222883556], [0.8992016419151505, 0.8695989830848365, 0.0, 0.2932168548133356, 0.531421890367098, 0.12748091275552095, 0.39247918678467786, 0.6851385623508344, 0.36905050921709415, 0.19168630862454417, 0.007392832833969631, 0.5768894481816493, 0.6431233604003092, 0.6770153438923566, 0.7813246167180932, 0.717134613559193, 0.5841622719072042], [0.3845774329826259, 0.7452802991367562, 0.0, 0.2794857005177177, 0.49204607227692243, 0.12740489216795725, 0.26706500155378876, 0.6831894857238909, 0.35427144055920023, 0.16644824777255152, 0.007057398507269275, 0.5970088419607227, 0.6360853734589862, 0.6610216802998059, 0.7733998905552311, 0.7120592654223017, 0.5831681575873179], [0.03911806500181614, 0.8017858773557044, 0.0, 0.2511387471027263, 0.5060097235180913, 0.12848077035700023, 0.26047671465768046, 0.6820335969212656, 0.3591637279044064, 0.1820648054060583, 0.007281081678807366, 0.6041864937853019, 0.6356390272525431, 0.6707581856664666, 0.7749037968693467, 0.7002898227728771, 0.5769241353753195]]}