{"labels_1": ["1", "2", "3", "4", "5", "6", "7", "8", "9"], "labels_2": ["1", "2", "3", "4", "5", "6", "7", "8", "9"], "adj_matrix_1": [[0.0, 0.1771, 0.01492, 0.15295, 0.21554, 0.01494, 0.29005, 0.05954, 0.01367], [0.1771, 0.0, 0.1901, 0.02722, 0.04639, 0.19008, 0.15565, 0.12259, 0.16492], [0.01492, 0.1901, 0.0, 0.1665, 0.22747, 1e-05, 0.29849, 0.07424, 0.02858], [0.15295, 0.02722, 0.1665, 0.0, 0.07316, 0.1665, 0.17882, 0.09674, 0.14037], [0.21554, 0.04639, 0.22747, 0.07316, 0.0, 0.22745, 0.1138, 0.16474, 0.20427], [0.01494, 0.19008, 1e-05, 0.1665, 0.22745, 0.0, 0.29847, 0.07424, 0.02859], [0.29005, 0.15565, 0.29849, 0.17882, 0.1138, 0.29847, 0.0, 0.25263, 0.28199], [0.05954, 0.12259, 0.07424, 0.09674, 0.16474, 0.07424, 0.25263, 0.0, 0.04599], [0.01367, 0.16492, 0.02858, 0.14037, 0.20427, 0.02859, 0.28199, 0.04599, 0.0]], "adj_matrix_2": [[0.0, 0.20835, 0.06888, 0.06138, 0.16668, 0.12077, 0.09859, 0.20166, 0.20845], [0.20835, 0.0, 0.16704, 0.17226, 0.07272, 0.12431, 0.14409, 0.01511, 0.00014], [0.06888, 0.16704, 0.0, 0.00777, 0.11009, 0.05601, 0.03156, 0.15688, 0.1672], [0.06138, 0.17226, 0.00777, 0.0, 0.11686, 0.06353, 0.03924, 0.16246, 0.17242], [0.16668, 0.07272, 0.11009, 0.11686, 0.0, 0.05766, 0.08132, 0.05838, 0.07284], [0.12077, 0.12431, 0.05601, 0.06353, 0.05766, 0.0, 0.02486, 0.11175, 0.12447], [0.09859, 0.14409, 0.03156, 0.03924, 0.08132, 0.02486, 0.0, 0.13252, 0.14426], [0.20166, 0.01511, 0.15688, 0.16246, 0.05838, 0.11175, 0.13252, 0.0, 0.01525], [0.20845, 0.00014, 0.1672, 0.17242, 0.07284, 0.12447, 0.14426, 0.01525, 0.0]], "features_1": [[0.0123634820488423, 0.678429986274033, 0.0, 0.2482846465947024, 0.4648713996298633, 0.1301906513937577, 0.2856208616675211, 0.6807779509537826, 0.37113994482912016, 0.15758615170943036, 0.007616154688146137, 0.6235688380927371, 0.6636576003450556, 0.6766029231492975, 0.7823520107957675, 0.696314119788832, 0.6014493222163602], [0.0994671343991782, 0.6712417112655904, 0.0, 0.2500684690529577, 0.46738314434590594, 0.1301673455945501, 0.3397864699933059, 0.6823543300436699, 0.3683985913104322, 0.15413581691273692, 0.007504523810135222, 0.612383134300357, 0.660276843149056, 0.6652124032283913, 0.7920985063263182, 0.7033719270431078, 0.6115368651680425], [-0.051586168455810544, 0.7793649368587388, 0.0, 0.2549040876800668, 0.4983052768708338, 0.12973273947353053, 0.2786824877545797, 0.6812392311068396, 0.3704819965764983, 0.17990011945083006, 0.007616154688146137, 0.622448287383286, 0.6537202271938473, 0.6658996396173522, 0.7832506540414449, 0.7102946223928487, 0.6085747361587454], [0.2350659508484374, 0.8039993370485713, 0.0, 0.2894525394899243, 0.4993693632674253, 0.13174994141135668, 0.24944114967150882, 0.6783999788110082, 0.3824394601946659, 0.18568146634361726, 0.007504523810135222, 0.6160877054145613, 0.6448703243980076, 0.6651551272914419, 0.7827520564780592, 0.7147529627284, 0.6064181172046785], [0.19602556421340944, 0.688358049893854, 0.0, 0.2453225950296643, 0.4671618417726358, 0.13372845438520647, 0.31081746748017663, 0.6787638314914473, 0.3839855631441258, 0.16180004477707888, 0.007616154688146137, 0.6167199545569368, 0.6577199352525107, 0.6810927904966928, 0.7975358799230722, 0.7004917831091406, 0.6107361450583181], [-0.03508438322309004, 0.8228161345799443, 0.0, 0.2635872781105486, 0.5100242813294827, 0.1309623370708337, 0.302437317296269, 0.6808831045469551, 0.3804028847949503, 0.19038320519229535, 0.007616154688146137, 0.6293371962777439, 0.6519810165686043, 0.6596522947489716, 0.7894153532767993, 0.7112510084190482, 0.6105332781036451], [0.2830216078968193, 0.8499441738526166, 0.0, 0.28943109337954886, 0.5069770528611869, 0.13386276111044773, 0.19741439696088606, 0.6750199772062957, 0.38472219441260447, 0.19655836128098358, 0.007950687539111767, 0.6028722720111486, 0.6440066412406971, 0.6512661940859463, 0.7830703699528931, 0.7077500343921488, 0.6022403374401591], [-0.016511947637627866, 0.6982059583264991, 0.0, 0.20941191984625318, 0.46614609257212986, 0.13471535220229033, 0.274003860314707, 0.6767602703360838, 0.3903827258740813, 0.1649784464548687, 0.007616154688146137, 0.6285683024735031, 0.6553761988474451, 0.6626353988798914, 0.7949155484817249, 0.7059273990484586, 0.6040716392949883], [-0.12640520035014813, 0.7781797202408663, 0.0, 0.2645615895099286, 0.4935067572457431, 0.1329318511455826, 0.29016176773935454, 0.6787292192659446, 0.37510595085391185, 0.18050666988328112, 0.007616154688146137, 0.6260843544384378, 0.6527183897262512, 0.6591631723746013, 0.7913450994240635, 0.7078469960260603, 0.6070746535710474]], "features_2": [[0.30214567699002126, 0.8420764389036033, 0.0, 0.3175377127758806, 0.5246895162524222, 0.13104939191588832, 0.3882395688273036, 0.6818711111355544, 0.39644088858531346, 0.19560692017018955, 0.007727725548673403, 0.5930248168267389, 0.6343246754883256, 0.6718033198175267, 0.7868884426174146, 0.6884709939476168, 0.5851119116454234], [0.9753996047521238, 0.7845876572357073, 0.0, 0.3210428422308108, 0.5103327578942409, 0.12633703333900753, 0.36207827515492286, 0.6850235031255556, 0.370344245865347, 0.1747833159335428, 0.007504523810135222, 0.5779413408281033, 0.639248541330169, 0.6708486318374897, 0.7786970698914901, 0.6946701123646244, 0.5757810466117521], [0.5971744508015422, 0.9173486835376249, 0.0, 0.3216709731049315, 0.550085773692534, 0.1260584416483903, 0.3845708007492014, 0.6854029600050295, 0.3689482047256025, 0.20217661055091019, 0.007727725548673403, 0.5827235726658992, 0.630166191564813, 0.6648494333282114, 0.7761766448260996, 0.6729731501153428, 0.5700037872956537], [0.6270404011141557, 0.935757495290511, 0.0, 0.2971451972168231, 0.5531665576113185, 0.12908880030259196, 0.40266096113160116, 0.6835150871764357, 0.3808528184424098, 0.20875274134925093, 0.007504523810135222, 0.5862753125292697, 0.6343132619029354, 0.6760039035735077, 0.7803798305901245, 0.6918610885370764, 0.5781684925758531], [1.1281788755387234, 0.7577201107460274, 0.0, 0.31911530613589606, 0.4988820721978737, 0.12907755027719583, 0.36038327138819853, 0.6826236242064505, 0.3878926911983074, 0.17069945741608739, 0.007616154688146137, 0.5752912086478643, 0.6445275786256155, 0.6610999541323576, 0.7814594759944569, 0.6920213945362967, 0.5855190018943079], [0.9772417974981265, 0.9283542259380068, 0.0, 0.2969090369793475, 0.5549555847320381, 0.12605351886062421, 0.4269512794292048, 0.6859438039635259, 0.37726232680651184, 0.20310941985768283, 0.008062078829516484, 0.5766371010808964, 0.6377481935598975, 0.6747140199555107, 0.7794039492658342, 0.69662424186935, 0.5727845495400835], [0.9180711114822113, 0.9459265987443309, 0.0, 0.2720945309314177, 0.5588370790010142, 0.12798790473123806, 0.41718099044747275, 0.6849727989738266, 0.37301451278796627, 0.20522733641708912, 0.007504523810135222, 0.5829682753074443, 0.6287102569959139, 0.6437063068129675, 0.7844055321179314, 0.7091607716959349, 0.5758415614366512], [1.3188711841990397, 0.7634508169127262, 0.0, 0.31076880127117634, 0.5033073699598188, 0.129693124450704, 0.3514154050209086, 0.6821973730520565, 0.3963368789826378, 0.1717873424182892, 0.007727725548673403, 0.5793936708277674, 0.6255526564859957, 0.6600923900735028, 0.7795556582248474, 0.7022832713361833, 0.5930533773050889], [1.7888937526114859, 0.8940862342559133, 0.0, 0.3373930703285411, 0.5502934417447878, 0.12290189960156772, 0.364983597583106, 0.6877638071986392, 0.3633050511982061, 0.18574729499546416, 0.007504523810135222, 0.5726563678267118, 0.6241353863402215, 0.6434356897579259, 0.7714261619377973, 0.7012018676439019, 0.5683883410269819]]}