{"labels_1": ["1", "2", "3", "4", "5", "6", "7", "8", "9"], "labels_2": ["1", "2", "3", "4", "5", "6", "7", "8", "9"], "adj_matrix_1": [[0.0, 0.1771, 0.01492, 0.15295, 0.21554, 0.01494, 0.29005, 0.05954, 0.01367], [0.1771, 0.0, 0.1901, 0.02722, 0.04639, 0.19008, 0.15565, 0.12259, 0.16492], [0.01492, 0.1901, 0.0, 0.1665, 0.22747, 1e-05, 0.29849, 0.07424, 0.02858], [0.15295, 0.02722, 0.1665, 0.0, 0.07316, 0.1665, 0.17882, 0.09674, 0.14037], [0.21554, 0.04639, 0.22747, 0.07316, 0.0, 0.22745, 0.1138, 0.16474, 0.20427], [0.01494, 0.19008, 1e-05, 0.1665, 0.22745, 0.0, 0.29847, 0.07424, 0.02859], [0.29005, 0.15565, 0.29849, 0.17882, 0.1138, 0.29847, 0.0, 0.25263, 0.28199], [0.05954, 0.12259, 0.07424, 0.09674, 0.16474, 0.07424, 0.25263, 0.0, 0.04599], [0.01367, 0.16492, 0.02858, 0.14037, 0.20427, 0.02859, 0.28199, 0.04599, 0.0]], "adj_matrix_2": [[0.0, 0.08626, 0.16869, 0.08525, 0.06705, 0.10933, 0.20573, 0.045, 0.26324], [0.08626, 0.0, 0.23379, 0.16497, 0.01974, 0.18581, 0.26011, 0.1287, 0.19675], [0.16869, 0.23379, 0.0, 0.09204, 0.22024, 0.06759, 0.0502, 0.12997, 0.33432], [0.08525, 0.16497, 0.09204, 0.0, 0.14771, 0.02552, 0.13749, 0.04114, 0.3105], [0.06705, 0.01974, 0.22024, 0.14771, 0.0, 0.1694, 0.2491, 0.11034, 0.2131], [0.10933, 0.18581, 0.06759, 0.02552, 0.1694, 0.0, 0.11486, 0.06622, 0.32005], [0.20573, 0.26011, 0.0502, 0.13749, 0.2491, 0.11486, 0.0, 0.17178, 0.33382], [0.045, 0.1287, 0.12997, 0.04114, 0.11034, 0.06622, 0.17178, 0.0, 0.29056], [0.26324, 0.19675, 0.33432, 0.3105, 0.2131, 0.32005, 0.33382, 0.29056, 0.0]], "features_1": [[0.0123634820488423, 0.678429986274033, 0.0, 0.2482846465947024, 0.4648713996298633, 0.1301906513937577, 0.2856208616675211, 0.6807779509537826, 0.37113994482912016, 0.15758615170943036, 0.007616154688146137, 0.6235688380927371, 0.6636576003450556, 0.6766029231492975, 0.7823520107957675, 0.696314119788832, 0.6014493222163602], [0.0994671343991782, 0.6712417112655904, 0.0, 0.2500684690529577, 0.46738314434590594, 0.1301673455945501, 0.3397864699933059, 0.6823543300436699, 0.3683985913104322, 0.15413581691273692, 0.007504523810135222, 0.612383134300357, 0.660276843149056, 0.6652124032283913, 0.7920985063263182, 0.7033719270431078, 0.6115368651680425], [-0.051586168455810544, 0.7793649368587388, 0.0, 0.2549040876800668, 0.4983052768708338, 0.12973273947353053, 0.2786824877545797, 0.6812392311068396, 0.3704819965764983, 0.17990011945083006, 0.007616154688146137, 0.622448287383286, 0.6537202271938473, 0.6658996396173522, 0.7832506540414449, 0.7102946223928487, 0.6085747361587454], [0.2350659508484374, 0.8039993370485713, 0.0, 0.2894525394899243, 0.4993693632674253, 0.13174994141135668, 0.24944114967150882, 0.6783999788110082, 0.3824394601946659, 0.18568146634361726, 0.007504523810135222, 0.6160877054145613, 0.6448703243980076, 0.6651551272914419, 0.7827520564780592, 0.7147529627284, 0.6064181172046785], [0.19602556421340944, 0.688358049893854, 0.0, 0.2453225950296643, 0.4671618417726358, 0.13372845438520647, 0.31081746748017663, 0.6787638314914473, 0.3839855631441258, 0.16180004477707888, 0.007616154688146137, 0.6167199545569368, 0.6577199352525107, 0.6810927904966928, 0.7975358799230722, 0.7004917831091406, 0.6107361450583181], [-0.03508438322309004, 0.8228161345799443, 0.0, 0.2635872781105486, 0.5100242813294827, 0.1309623370708337, 0.302437317296269, 0.6808831045469551, 0.3804028847949503, 0.19038320519229535, 0.007616154688146137, 0.6293371962777439, 0.6519810165686043, 0.6596522947489716, 0.7894153532767993, 0.7112510084190482, 0.6105332781036451], [0.2830216078968193, 0.8499441738526166, 0.0, 0.28943109337954886, 0.5069770528611869, 0.13386276111044773, 0.19741439696088606, 0.6750199772062957, 0.38472219441260447, 0.19655836128098358, 0.007950687539111767, 0.6028722720111486, 0.6440066412406971, 0.6512661940859463, 0.7830703699528931, 0.7077500343921488, 0.6022403374401591], [-0.016511947637627866, 0.6982059583264991, 0.0, 0.20941191984625318, 0.46614609257212986, 0.13471535220229033, 0.274003860314707, 0.6767602703360838, 0.3903827258740813, 0.1649784464548687, 0.007616154688146137, 0.6285683024735031, 0.6553761988474451, 0.6626353988798914, 0.7949155484817249, 0.7059273990484586, 0.6040716392949883], [-0.12640520035014813, 0.7781797202408663, 0.0, 0.2645615895099286, 0.4935067572457431, 0.1329318511455826, 0.29016176773935454, 0.6787292192659446, 0.37510595085391185, 0.18050666988328112, 0.007616154688146137, 0.6260843544384378, 0.6527183897262512, 0.6591631723746013, 0.7913450994240635, 0.7078469960260603, 0.6070746535710474]], "features_2": [[-0.10086864500798942, 0.7070979840059745, 0.0, 0.2285095773037663, 0.4566452197821486, 0.141893260915044, 0.14172084744545188, 0.664141573676817, 0.4365049373882277, 0.17779674129354528, 0.008006390651371653, 0.6164269392490653, 0.6565528860384633, 0.6882943843056165, 0.792820033339441, 0.6996970311827697, 0.6262592844565189], [-0.09392314784556177, 0.6473559079029393, 0.0, 0.23109370834003806, 0.44118780346314873, 0.14068357478240046, 0.17561866989325167, 0.6676178897387341, 0.4245193647806953, 0.1609008932351348, 0.007392832833969631, 0.6257597335109155, 0.6673547296453906, 0.6913437535607946, 0.7953677679711452, 0.694409757942542, 0.6280137395340841], [0.14387343899492722, 0.7845621611550203, 0.0, 0.2513608854914495, 0.48133162131476676, 0.1427576103837912, 0.14130380772164983, 0.6639814502684864, 0.4424275035677052, 0.19419247679106588, 0.00783923647221818, 0.6117236685830372, 0.6588204355661463, 0.6868154319457375, 0.7953535665573427, 0.7172350619528103, 0.6298581848521655], [-0.024793842799330168, 0.8580945745106111, 0.0, 0.23070375027375864, 0.4963291369828059, 0.14340242446414636, 0.08868071659840737, 0.6596321101881146, 0.44372756209342, 0.21302720446539003, 0.007894969482732161, 0.6137330918530979, 0.6369768936013439, 0.6783043401555268, 0.7879151607292612, 0.7167077789717474, 0.6190253212938974], [-0.023112722921537543, 0.6229028422945548, 0.0, 0.2024473021563786, 0.4267606324123428, 0.1446279363120254, 0.15796969795046678, 0.6618234934847833, 0.4511203107815034, 0.15874878867181152, 0.008173410423425675, 0.6230662971977563, 0.6619400298980751, 0.7061241897650418, 0.8002883797947195, 0.715392701769162, 0.6284916960768206], [0.46399222631866044, 0.898628555205002, 0.0, 0.22739059484438162, 0.49773628305293804, 0.1521407578212234, 0.03940723189182478, 0.6440446015210262, 0.4986599016846578, 0.22711147995661962, 0.008284682400665488, 0.611909885327911, 0.6480104471384079, 0.6904097393579373, 0.7968984263114626, 0.7285156988604741, 0.6228563451317245], [0.05617505295222802, 0.7979872071754784, 0.0, 0.24697020533848676, 0.4804008488886976, 0.1437545177868728, 0.10998420982569783, 0.6599062357828254, 0.4633340001377, 0.2037255152998636, 0.008451478759474051, 0.6158710351966761, 0.6545623487190618, 0.6955373818771572, 0.792745282955816, 0.7073855789673622, 0.6153946898885527], [0.07985002401109265, 0.6720193481987674, 0.0, 0.20492177721948596, 0.4476718820497396, 0.1455054450444077, 0.1468816427218272, 0.6617109448097294, 0.4727192639395563, 0.17245663964150548, 0.008618141428105908, 0.6240538341821513, 0.6663457635074264, 0.6938302873560969, 0.8018949730566063, 0.7183524649290384, 0.6345671991336483], [-0.16487251410086623, 0.7383112872876317, 0.0, 0.21968818547152785, 0.4739531687411976, 0.14169882023939107, 0.17488847930986964, 0.6679566936156139, 0.4436866218120912, 0.18561458745566473, 0.008451478759474051, 0.6349267117335078, 0.6752677723596422, 0.7103293663599165, 0.7988942081047422, 0.7193547351309904, 0.6262256131518624]]}