{"labels_1": ["1", "2", "3", "4", "5", "6", "7", "8", "9"], "labels_2": ["1", "2", "3", "4", "5", "6", "7", "8", "9"], "adj_matrix_1": [[0.0, 0.1771, 0.01492, 0.15295, 0.21554, 0.01494, 0.29005, 0.05954, 0.01367], [0.1771, 0.0, 0.1901, 0.02722, 0.04639, 0.19008, 0.15565, 0.12259, 0.16492], [0.01492, 0.1901, 0.0, 0.1665, 0.22747, 1e-05, 0.29849, 0.07424, 0.02858], [0.15295, 0.02722, 0.1665, 0.0, 0.07316, 0.1665, 0.17882, 0.09674, 0.14037], [0.21554, 0.04639, 0.22747, 0.07316, 0.0, 0.22745, 0.1138, 0.16474, 0.20427], [0.01494, 0.19008, 1e-05, 0.1665, 0.22745, 0.0, 0.29847, 0.07424, 0.02859], [0.29005, 0.15565, 0.29849, 0.17882, 0.1138, 0.29847, 0.0, 0.25263, 0.28199], [0.05954, 0.12259, 0.07424, 0.09674, 0.16474, 0.07424, 0.25263, 0.0, 0.04599], [0.01367, 0.16492, 0.02858, 0.14037, 0.20427, 0.02859, 0.28199, 0.04599, 0.0]], "adj_matrix_2": [[0.0, 0.10153, 0.01408, 0.07047, 0.03399, 0.14797, 0.33148, 0.16248, 0.16696], [0.10153, 0.0, 0.11487, 0.0321, 0.13353, 0.23467, 0.37891, 0.24697, 0.2507], [0.01408, 0.11487, 0.0, 0.0842, 0.01994, 0.13497, 0.32294, 0.14965, 0.15424], [0.07047, 0.0321, 0.0842, 0.0, 0.10343, 0.20968, 0.36745, 0.22273, 0.22676], [0.03399, 0.13353, 0.01994, 0.10343, 0.0, 0.11612, 0.30982, 0.1311, 0.13576], [0.14797, 0.23467, 0.13497, 0.20968, 0.11612, 0.0, 0.2176, 0.01572, 0.02068], [0.33148, 0.37891, 0.32294, 0.36745, 0.30982, 0.2176, 0.0, 0.20367, 0.19926], [0.16248, 0.24697, 0.14965, 0.22273, 0.1311, 0.01572, 0.20367, 0.0, 0.00495], [0.16696, 0.2507, 0.15424, 0.22676, 0.13576, 0.02068, 0.19926, 0.00495, 0.0]], "features_1": [[0.0123634820488423, 0.678429986274033, 0.0, 0.2482846465947024, 0.4648713996298633, 0.1301906513937577, 0.2856208616675211, 0.6807779509537826, 0.37113994482912016, 0.15758615170943036, 0.007616154688146137, 0.6235688380927371, 0.6636576003450556, 0.6766029231492975, 0.7823520107957675, 0.696314119788832, 0.6014493222163602], [0.0994671343991782, 0.6712417112655904, 0.0, 0.2500684690529577, 0.46738314434590594, 0.1301673455945501, 0.3397864699933059, 0.6823543300436699, 0.3683985913104322, 0.15413581691273692, 0.007504523810135222, 0.612383134300357, 0.660276843149056, 0.6652124032283913, 0.7920985063263182, 0.7033719270431078, 0.6115368651680425], [-0.051586168455810544, 0.7793649368587388, 0.0, 0.2549040876800668, 0.4983052768708338, 0.12973273947353053, 0.2786824877545797, 0.6812392311068396, 0.3704819965764983, 0.17990011945083006, 0.007616154688146137, 0.622448287383286, 0.6537202271938473, 0.6658996396173522, 0.7832506540414449, 0.7102946223928487, 0.6085747361587454], [0.2350659508484374, 0.8039993370485713, 0.0, 0.2894525394899243, 0.4993693632674253, 0.13174994141135668, 0.24944114967150882, 0.6783999788110082, 0.3824394601946659, 0.18568146634361726, 0.007504523810135222, 0.6160877054145613, 0.6448703243980076, 0.6651551272914419, 0.7827520564780592, 0.7147529627284, 0.6064181172046785], [0.19602556421340944, 0.688358049893854, 0.0, 0.2453225950296643, 0.4671618417726358, 0.13372845438520647, 0.31081746748017663, 0.6787638314914473, 0.3839855631441258, 0.16180004477707888, 0.007616154688146137, 0.6167199545569368, 0.6577199352525107, 0.6810927904966928, 0.7975358799230722, 0.7004917831091406, 0.6107361450583181], [-0.03508438322309004, 0.8228161345799443, 0.0, 0.2635872781105486, 0.5100242813294827, 0.1309623370708337, 0.302437317296269, 0.6808831045469551, 0.3804028847949503, 0.19038320519229535, 0.007616154688146137, 0.6293371962777439, 0.6519810165686043, 0.6596522947489716, 0.7894153532767993, 0.7112510084190482, 0.6105332781036451], [0.2830216078968193, 0.8499441738526166, 0.0, 0.28943109337954886, 0.5069770528611869, 0.13386276111044773, 0.19741439696088606, 0.6750199772062957, 0.38472219441260447, 0.19655836128098358, 0.007950687539111767, 0.6028722720111486, 0.6440066412406971, 0.6512661940859463, 0.7830703699528931, 0.7077500343921488, 0.6022403374401591], [-0.016511947637627866, 0.6982059583264991, 0.0, 0.20941191984625318, 0.46614609257212986, 0.13471535220229033, 0.274003860314707, 0.6767602703360838, 0.3903827258740813, 0.1649784464548687, 0.007616154688146137, 0.6285683024735031, 0.6553761988474451, 0.6626353988798914, 0.7949155484817249, 0.7059273990484586, 0.6040716392949883], [-0.12640520035014813, 0.7781797202408663, 0.0, 0.2645615895099286, 0.4935067572457431, 0.1329318511455826, 0.29016176773935454, 0.6787292192659446, 0.37510595085391185, 0.18050666988328112, 0.007616154688146137, 0.6260843544384378, 0.6527183897262512, 0.6591631723746013, 0.7913450994240635, 0.7078469960260603, 0.6070746535710474]], "features_2": [[-0.2773373415665552, 0.7375299794001045, 0.0, 0.1868420091725389, 0.5082909940040171, 0.11641760332793431, 0.38364135245370434, 0.6910416479599311, 0.30553971649440337, 0.15420242356869207, 0.0069454663283523566, 0.6086453873381932, 0.6530937283578588, 0.6755091627575567, 0.7576216473890257, 0.6930327402542665, 0.5245487528708248], [-0.12091043548918545, 0.7405043281916184, 0.0, 0.1867615003796167, 0.5061564805334584, 0.12041423449122747, 0.34194423938464025, 0.6894942785888833, 0.3252578064180194, 0.1577152245039859, 0.00711334193318236, 0.6059249597564673, 0.6605407937082999, 0.6798456391234419, 0.7683500698167528, 0.7035637141817728, 0.5407482668744538], [-0.29848154907763336, 0.8643985833487984, 0.0, 0.19260986481697706, 0.5436603082484626, 0.11775937794251093, 0.3706483658168871, 0.6905217478084843, 0.3183854551695806, 0.18229450411575554, 0.0069454663283523566, 0.6066784314797964, 0.6508412006143109, 0.6761367533913047, 0.7600669943300447, 0.6927679685424518, 0.528021487465648], [-0.2669901317569843, 0.8491313592101281, 0.0, 0.19571129845271454, 0.5382896006076594, 0.11788116935415408, 0.4245963725681975, 0.6903655895894445, 0.3113413517008059, 0.17875430519097324, 0.006721420376576193, 0.608754636169679, 0.6394427718568598, 0.6572558402799518, 0.759241666824217, 0.6972927153340527, 0.5359998774490673], [-0.07845899335980899, 0.7262013216954347, 0.0, 0.17250275553727729, 0.49772339508912444, 0.12338492097075478, 0.3356660637853842, 0.6879497488544639, 0.34084415065632045, 0.15821367695211408, 0.006889477554966383, 0.6063792939119601, 0.6436914383053, 0.6720912308698418, 0.7754573004482253, 0.6888038991930933, 0.5561664686671377], [-0.35057726635098696, 0.8882156724616681, 0.0, 0.19975370396675718, 0.5475068088031787, 0.12006075824935021, 0.40362821158688644, 0.6895249838466404, 0.33154137594431377, 0.19093910315115292, 0.0069454663283523566, 0.6185778206108312, 0.6574214000179163, 0.6743370570671279, 0.7649883791848943, 0.6926664309318337, 0.5401639142439154], [-0.3484878088177328, 0.8351573107092182, 0.0, 0.1943851782102158, 0.5312744611611, 0.12196166760326718, 0.5295210794670588, 0.688834498761884, 0.3280758861130939, 0.18099573838864025, 0.00683347364535547, 0.6300409148432284, 0.6499032208214772, 0.6722949353957496, 0.7678741172554614, 0.7069321752662152, 0.5595523165583041], [-0.1781175527505181, 0.7435012970533941, 0.0, 0.18389400042178108, 0.49604428807789247, 0.12709078195590867, 0.3880754020292699, 0.6845361494577703, 0.3516697909778932, 0.16607673105082532, 0.007281081678807366, 0.6204194023152543, 0.6495912250902616, 0.6586378731585448, 0.7747156697484193, 0.6855756241919851, 0.5816780987596809], [-0.2350378874743826, 0.8233605342684142, 0.0, 0.1805425122987258, 0.5196935688677028, 0.12702549291790416, 0.42717947738693096, 0.6845814964064172, 0.3523085209468291, 0.1830320147675224, 0.007057398507269275, 0.6208733185578121, 0.6398027044648992, 0.6686367626126289, 0.7709232546069092, 0.7082685251861737, 0.5849498198089677]]}