{"labels_1": ["1", "2", "3", "4", "5", "6", "7", "8", "9"], "labels_2": ["1", "2", "3", "4", "5", "6", "7", "8", "9"], "adj_matrix_1": [[0.0, 0.1771, 0.01492, 0.15295, 0.21554, 0.01494, 0.29005, 0.05954, 0.01367], [0.1771, 0.0, 0.1901, 0.02722, 0.04639, 0.19008, 0.15565, 0.12259, 0.16492], [0.01492, 0.1901, 0.0, 0.1665, 0.22747, 1e-05, 0.29849, 0.07424, 0.02858], [0.15295, 0.02722, 0.1665, 0.0, 0.07316, 0.1665, 0.17882, 0.09674, 0.14037], [0.21554, 0.04639, 0.22747, 0.07316, 0.0, 0.22745, 0.1138, 0.16474, 0.20427], [0.01494, 0.19008, 1e-05, 0.1665, 0.22745, 0.0, 0.29847, 0.07424, 0.02859], [0.29005, 0.15565, 0.29849, 0.17882, 0.1138, 0.29847, 0.0, 0.25263, 0.28199], [0.05954, 0.12259, 0.07424, 0.09674, 0.16474, 0.07424, 0.25263, 0.0, 0.04599], [0.01367, 0.16492, 0.02858, 0.14037, 0.20427, 0.02859, 0.28199, 0.04599, 0.0]], "adj_matrix_2": [[0.0, 0.02307, 0.08064, 0.17328, 0.02456, 0.12882, 0.15228, 0.1626, 0.17521], [0.02307, 0.0, 0.09955, 0.17594, 0.04705, 0.14172, 0.16074, 0.14813, 0.16249], [0.08064, 0.09955, 0.0, 0.13801, 0.05852, 0.06162, 0.09783, 0.20544, 0.20675], [0.17328, 0.17594, 0.13801, 0.0, 0.16702, 0.0899, 0.05239, 0.20831, 0.17697], [0.02456, 0.04705, 0.05852, 0.16702, 0.0, 0.11211, 0.13996, 0.17705, 0.18711], [0.12882, 0.14172, 0.06162, 0.0899, 0.11211, 0.0, 0.04041, 0.22053, 0.20947], [0.15228, 0.16074, 0.09783, 0.05239, 0.13996, 0.04041, 0.0, 0.22049, 0.20058], [0.1626, 0.14813, 0.20544, 0.20831, 0.17705, 0.22053, 0.22049, 0.0, 0.05785], [0.17521, 0.16249, 0.20675, 0.17697, 0.18711, 0.20947, 0.20058, 0.05785, 0.0]], "features_1": [[0.0123634820488423, 0.678429986274033, 0.0, 0.2482846465947024, 0.4648713996298633, 0.1301906513937577, 0.2856208616675211, 0.6807779509537826, 0.37113994482912016, 0.15758615170943036, 0.007616154688146137, 0.6235688380927371, 0.6636576003450556, 0.6766029231492975, 0.7823520107957675, 0.696314119788832, 0.6014493222163602], [0.0994671343991782, 0.6712417112655904, 0.0, 0.2500684690529577, 0.46738314434590594, 0.1301673455945501, 0.3397864699933059, 0.6823543300436699, 0.3683985913104322, 0.15413581691273692, 0.007504523810135222, 0.612383134300357, 0.660276843149056, 0.6652124032283913, 0.7920985063263182, 0.7033719270431078, 0.6115368651680425], [-0.051586168455810544, 0.7793649368587388, 0.0, 0.2549040876800668, 0.4983052768708338, 0.12973273947353053, 0.2786824877545797, 0.6812392311068396, 0.3704819965764983, 0.17990011945083006, 0.007616154688146137, 0.622448287383286, 0.6537202271938473, 0.6658996396173522, 0.7832506540414449, 0.7102946223928487, 0.6085747361587454], [0.2350659508484374, 0.8039993370485713, 0.0, 0.2894525394899243, 0.4993693632674253, 0.13174994141135668, 0.24944114967150882, 0.6783999788110082, 0.3824394601946659, 0.18568146634361726, 0.007504523810135222, 0.6160877054145613, 0.6448703243980076, 0.6651551272914419, 0.7827520564780592, 0.7147529627284, 0.6064181172046785], [0.19602556421340944, 0.688358049893854, 0.0, 0.2453225950296643, 0.4671618417726358, 0.13372845438520647, 0.31081746748017663, 0.6787638314914473, 0.3839855631441258, 0.16180004477707888, 0.007616154688146137, 0.6167199545569368, 0.6577199352525107, 0.6810927904966928, 0.7975358799230722, 0.7004917831091406, 0.6107361450583181], [-0.03508438322309004, 0.8228161345799443, 0.0, 0.2635872781105486, 0.5100242813294827, 0.1309623370708337, 0.302437317296269, 0.6808831045469551, 0.3804028847949503, 0.19038320519229535, 0.007616154688146137, 0.6293371962777439, 0.6519810165686043, 0.6596522947489716, 0.7894153532767993, 0.7112510084190482, 0.6105332781036451], [0.2830216078968193, 0.8499441738526166, 0.0, 0.28943109337954886, 0.5069770528611869, 0.13386276111044773, 0.19741439696088606, 0.6750199772062957, 0.38472219441260447, 0.19655836128098358, 0.007950687539111767, 0.6028722720111486, 0.6440066412406971, 0.6512661940859463, 0.7830703699528931, 0.7077500343921488, 0.6022403374401591], [-0.016511947637627866, 0.6982059583264991, 0.0, 0.20941191984625318, 0.46614609257212986, 0.13471535220229033, 0.274003860314707, 0.6767602703360838, 0.3903827258740813, 0.1649784464548687, 0.007616154688146137, 0.6285683024735031, 0.6553761988474451, 0.6626353988798914, 0.7949155484817249, 0.7059273990484586, 0.6040716392949883], [-0.12640520035014813, 0.7781797202408663, 0.0, 0.2645615895099286, 0.4935067572457431, 0.1329318511455826, 0.29016176773935454, 0.6787292192659446, 0.37510595085391185, 0.18050666988328112, 0.007616154688146137, 0.6260843544384378, 0.6527183897262512, 0.6591631723746013, 0.7913450994240635, 0.7078469960260603, 0.6070746535710474]], "features_2": [[1.6889627320482807, 0.7632163977412132, 0.0, 0.34429045722997353, 0.4831495809367795, 0.13080123962713183, 0.20502504363428004, 0.6769231326775547, 0.3718996797268759, 0.1719753190340083, 0.007671947615560004, 0.5603495450926737, 0.6324455402172096, 0.6316133999241276, 0.7662990912509805, 0.7007964946631376, 0.5800032571600532], [1.964361455800531, 0.7666944674004519, 0.0, 0.33409595404186637, 0.4876857593650842, 0.130468786444831, 0.26792115406379013, 0.6793193374483627, 0.38167405936067134, 0.17300376227439762, 0.007894969482732161, 0.5567916217865738, 0.6348341698519202, 0.6549686533725795, 0.7759275152994973, 0.6795407313802637, 0.5855761371940708], [1.3174806635769691, 0.8905448830554361, 0.0, 0.3344903900528516, 0.5187467323554703, 0.13042693342952763, 0.16887544932974025, 0.6766790920761753, 0.36553024100430487, 0.1996106369042625, 0.007671947615560004, 0.5668786952112916, 0.609333485938935, 0.6361261037551059, 0.7629447030887144, 0.6693644307162405, 0.5695001686363479], [0.802614255599567, 0.877733763934923, 0.0, 0.31816236400403275, 0.51112620671212, 0.13313661026764761, 0.16729691264468655, 0.6733148056172357, 0.37499748351476514, 0.20168116275531967, 0.007671947615560004, 0.579486692637587, 0.6251562765331562, 0.6550156176568815, 0.7677058761889634, 0.6810687978550766, 0.5765683296274771], [1.630249414030395, 0.7587829971120869, 0.0, 0.32246865487071713, 0.4824652849756558, 0.13322447567292917, 0.22077111055824689, 0.6764320987755372, 0.3979750978681038, 0.17538936690203855, 0.008062078829516484, 0.5664393984654752, 0.6293385972783905, 0.6512146260162875, 0.7833187699484334, 0.6967841741284886, 0.5921580956432527], [1.022946360669752, 0.9023596475831991, 0.0, 0.3205946992415614, 0.5214007581462616, 0.13268887175349448, 0.18560327330076518, 0.6756670192119943, 0.38120226817877056, 0.20609636973235212, 0.007727725548673403, 0.5750091470476781, 0.6316252621964829, 0.6596004127307118, 0.7770661071409142, 0.7060735520692276, 0.5794395646634023], [0.7241294337005115, 0.8785528046713652, 0.0, 0.3346336954999139, 0.5098069613815621, 0.13451456183500862, 0.12301702733769275, 0.671498729160338, 0.38737185402323715, 0.20536922472038066, 0.00783923647221818, 0.5797204276057988, 0.6252214263325164, 0.6557749442237212, 0.771006713781548, 0.6948602067402164, 0.5733728392897763], [0.250027390136474, 0.7064123065520396, 0.0, 0.2798725541018127, 0.4641105674100353, 0.13578325487489187, 0.21679777195148162, 0.6732712994753574, 0.3985051472691461, 0.169847100131699, 0.008173410423425675, 0.6060031284921166, 0.6443953682665863, 0.6643053877680154, 0.7859144118277334, 0.7196471097119931, 0.5956837221751528], [0.25769212062544256, 0.8118934484645787, 0.0, 0.30310054233703226, 0.4952852623703047, 0.13527965300099562, 0.2080305923093711, 0.6726184492572154, 0.38423966572419266, 0.19179274927100343, 0.007616154688146137, 0.5926834479679375, 0.6452772577125777, 0.6711802324524166, 0.7789749772576512, 0.7164893339049319, 0.584240810408855]]}