{"labels_1": ["1", "2", "3", "4", "5", "6", "7", "8", "9"], "labels_2": ["1", "2", "3", "4", "5", "6", "7", "8", "9"], "adj_matrix_1": [[0.0, 0.1771, 0.01492, 0.15295, 0.21554, 0.01494, 0.29005, 0.05954, 0.01367], [0.1771, 0.0, 0.1901, 0.02722, 0.04639, 0.19008, 0.15565, 0.12259, 0.16492], [0.01492, 0.1901, 0.0, 0.1665, 0.22747, 1e-05, 0.29849, 0.07424, 0.02858], [0.15295, 0.02722, 0.1665, 0.0, 0.07316, 0.1665, 0.17882, 0.09674, 0.14037], [0.21554, 0.04639, 0.22747, 0.07316, 0.0, 0.22745, 0.1138, 0.16474, 0.20427], [0.01494, 0.19008, 1e-05, 0.1665, 0.22745, 0.0, 0.29847, 0.07424, 0.02859], [0.29005, 0.15565, 0.29849, 0.17882, 0.1138, 0.29847, 0.0, 0.25263, 0.28199], [0.05954, 0.12259, 0.07424, 0.09674, 0.16474, 0.07424, 0.25263, 0.0, 0.04599], [0.01367, 0.16492, 0.02858, 0.14037, 0.20427, 0.02859, 0.28199, 0.04599, 0.0]], "adj_matrix_2": [[0.0, 0.14695, 0.02922, 0.07324, 0.0119, 0.06954, 0.10965, 0.06911, 0.05069], [0.14695, 0.0, 0.12063, 0.20613, 0.15724, 0.20339, 0.23148, 0.20305, 0.10039], [0.02922, 0.12063, 0.0, 0.10108, 0.04102, 0.0975, 0.13593, 0.09702, 0.02166], [0.07324, 0.20613, 0.10108, 0.0, 0.06168, 0.00383, 0.03861, 0.00427, 0.12107], [0.0119, 0.15724, 0.04102, 0.06168, 0.0, 0.05794, 0.09862, 0.05753, 0.06237], [0.06954, 0.20339, 0.0975, 0.00383, 0.05794, 0.0, 0.04239, 0.00044, 0.11761], [0.10965, 0.23148, 0.13593, 0.03861, 0.09862, 0.04239, 0.0, 0.04281, 0.15458], [0.06911, 0.20305, 0.09702, 0.00427, 0.05753, 0.00044, 0.04281, 0.0, 0.11718], [0.05069, 0.10039, 0.02166, 0.12107, 0.06237, 0.11761, 0.15458, 0.11718, 0.0]], "features_1": [[0.0123634820488423, 0.678429986274033, 0.0, 0.2482846465947024, 0.4648713996298633, 0.1301906513937577, 0.2856208616675211, 0.6807779509537826, 0.37113994482912016, 0.15758615170943036, 0.007616154688146137, 0.6235688380927371, 0.6636576003450556, 0.6766029231492975, 0.7823520107957675, 0.696314119788832, 0.6014493222163602], [0.0994671343991782, 0.6712417112655904, 0.0, 0.2500684690529577, 0.46738314434590594, 0.1301673455945501, 0.3397864699933059, 0.6823543300436699, 0.3683985913104322, 0.15413581691273692, 0.007504523810135222, 0.612383134300357, 0.660276843149056, 0.6652124032283913, 0.7920985063263182, 0.7033719270431078, 0.6115368651680425], [-0.051586168455810544, 0.7793649368587388, 0.0, 0.2549040876800668, 0.4983052768708338, 0.12973273947353053, 0.2786824877545797, 0.6812392311068396, 0.3704819965764983, 0.17990011945083006, 0.007616154688146137, 0.622448287383286, 0.6537202271938473, 0.6658996396173522, 0.7832506540414449, 0.7102946223928487, 0.6085747361587454], [0.2350659508484374, 0.8039993370485713, 0.0, 0.2894525394899243, 0.4993693632674253, 0.13174994141135668, 0.24944114967150882, 0.6783999788110082, 0.3824394601946659, 0.18568146634361726, 0.007504523810135222, 0.6160877054145613, 0.6448703243980076, 0.6651551272914419, 0.7827520564780592, 0.7147529627284, 0.6064181172046785], [0.19602556421340944, 0.688358049893854, 0.0, 0.2453225950296643, 0.4671618417726358, 0.13372845438520647, 0.31081746748017663, 0.6787638314914473, 0.3839855631441258, 0.16180004477707888, 0.007616154688146137, 0.6167199545569368, 0.6577199352525107, 0.6810927904966928, 0.7975358799230722, 0.7004917831091406, 0.6107361450583181], [-0.03508438322309004, 0.8228161345799443, 0.0, 0.2635872781105486, 0.5100242813294827, 0.1309623370708337, 0.302437317296269, 0.6808831045469551, 0.3804028847949503, 0.19038320519229535, 0.007616154688146137, 0.6293371962777439, 0.6519810165686043, 0.6596522947489716, 0.7894153532767993, 0.7112510084190482, 0.6105332781036451], [0.2830216078968193, 0.8499441738526166, 0.0, 0.28943109337954886, 0.5069770528611869, 0.13386276111044773, 0.19741439696088606, 0.6750199772062957, 0.38472219441260447, 0.19655836128098358, 0.007950687539111767, 0.6028722720111486, 0.6440066412406971, 0.6512661940859463, 0.7830703699528931, 0.7077500343921488, 0.6022403374401591], [-0.016511947637627866, 0.6982059583264991, 0.0, 0.20941191984625318, 0.46614609257212986, 0.13471535220229033, 0.274003860314707, 0.6767602703360838, 0.3903827258740813, 0.1649784464548687, 0.007616154688146137, 0.6285683024735031, 0.6553761988474451, 0.6626353988798914, 0.7949155484817249, 0.7059273990484586, 0.6040716392949883], [-0.12640520035014813, 0.7781797202408663, 0.0, 0.2645615895099286, 0.4935067572457431, 0.1329318511455826, 0.29016176773935454, 0.6787292192659446, 0.37510595085391185, 0.18050666988328112, 0.007616154688146137, 0.6260843544384378, 0.6527183897262512, 0.6591631723746013, 0.7913450994240635, 0.7078469960260603, 0.6070746535710474]], "features_2": [[0.5301047000150207, 0.9092923471081797, 0.0, 0.248555302226024, 0.550243826975302, 0.11981759803015488, 0.3677594130380257, 0.688737523318242, 0.3143476699103416, 0.1878747315084035, 0.006721420376576193, 0.583049642855962, 0.6242375181152862, 0.6424204930457185, 0.7520714589071149, 0.6937258121526114, 0.5599955008110091], [0.1858957645976278, 0.8616552748212867, 0.0, 0.2048005865454013, 0.5311933615194439, 0.12377669649691944, 0.28384372768792404, 0.6857920502708807, 0.3391023072952579, 0.18661390508561038, 0.007001439975721224, 0.6031377465245193, 0.6227280042106023, 0.6438917022468928, 0.7639425966465715, 0.6989784057920692, 0.5802518102448032], [0.548402160007543, 1.0367299450712857, 0.0, 0.235706326235548, 0.5787699949727062, 0.12119400815749576, 0.3770394100884367, 0.688033804103161, 0.32197251553195017, 0.21296137310223107, 0.00683347364535547, 0.5844939337413824, 0.6197115344029962, 0.6250218109772179, 0.7566319570041171, 0.7089759748284618, 0.5690468916585222], [0.777036678804834, 1.06664007303788, 0.0, 0.2652544315792721, 0.5845243107373046, 0.12152636164803235, 0.36414494124816843, 0.6876218065530417, 0.32569346754231776, 0.21585884323725724, 0.006609306440138685, 0.5791955668701734, 0.6255681328419858, 0.6313960212412802, 0.7529152000505244, 0.701780425136114, 0.5659438999826963], [0.3775145838870584, 0.8573994570575295, 0.0, 0.23131111276518518, 0.5260999693790573, 0.12761039070969016, 0.27724225347502907, 0.6827530510792769, 0.36370619565141404, 0.1908568698688562, 0.007281081678807366, 0.5955984812731745, 0.6349801453401973, 0.6558389364931725, 0.7710802661169087, 0.7037969365341359, 0.5939818194774135], [0.7932133043888063, 1.073906438158078, 0.0, 0.2585101012617747, 0.5886353399489513, 0.12182884528709156, 0.4223973614986683, 0.6882883170690299, 0.33023118252570094, 0.21968237772376265, 0.007057398507269275, 0.5782101572962368, 0.6291101564940549, 0.6412525139322006, 0.7644613128558778, 0.7024752888645388, 0.5743682885518688], [0.791631534533884, 1.0393398561467164, 0.0, 0.2696941903714299, 0.5838405481462273, 0.11816415851798044, 0.3808369364007852, 0.6896824144375132, 0.3140785324662938, 0.2068711486187762, 0.0069454663283523566, 0.5782233797455121, 0.6206492081773229, 0.62665285985507, 0.7490630681491569, 0.6902461672726085, 0.5707832946327664], [0.9766283641169573, 0.8233214804849696, 0.0, 0.28761668070853574, 0.5242989617056619, 0.12478835271699049, 0.3066426816780051, 0.6854280377570194, 0.35666772090500287, 0.17555209308451403, 0.007504523810135222, 0.5833977645653698, 0.6045298009753456, 0.6073389389443083, 0.7673674144675343, 0.7048380117820898, 0.5895218879690015], [0.7547394287836218, 0.9402002967521403, 0.0, 0.28605214089743025, 0.560067897620771, 0.11883963469824924, 0.2977804066884019, 0.6889687924436985, 0.31834192649914583, 0.1912188650810296, 0.00683347364535547, 0.5835969341035578, 0.6159877632899562, 0.6217741283539296, 0.749512295589036, 0.6712704971400791, 0.5706262613253813]]}