{"labels_1": ["1", "2", "3", "4", "5", "6", "7", "8", "9"], "labels_2": ["1", "2", "3", "4", "5", "6", "7", "8", "9"], "adj_matrix_1": [[0.0, 0.29911, 0.30775, 0.29286, 0.23272, 0.2744, 0.05383, 0.03736, 0.07302], [0.29911, 0.0, 0.02025, 0.01317, 0.11712, 0.0496, 0.3098, 0.3076, 0.31076], [0.30775, 0.02025, 0.0, 0.03339, 0.13611, 0.06961, 0.31566, 0.31416, 0.31541], [0.29286, 0.01317, 0.03339, 0.0, 0.10453, 0.03652, 0.30548, 0.30252, 0.30695], [0.23272, 0.11712, 0.13611, 0.10453, 0.0, 0.06907, 0.26045, 0.25293, 0.26791], [0.2744, 0.0496, 0.06961, 0.03652, 0.06907, 0.0, 0.29224, 0.28768, 0.29569], [0.05383, 0.3098, 0.31566, 0.30548, 0.26045, 0.29224, 0.0, 0.01672, 0.01984], [0.03736, 0.3076, 0.31416, 0.30252, 0.25293, 0.28768, 0.01672, 0.0, 0.03648], [0.07302, 0.31076, 0.31541, 0.30695, 0.26791, 0.29569, 0.01984, 0.03648, 0.0]], "adj_matrix_2": [[0.0, 0.20835, 0.06888, 0.06138, 0.16668, 0.12077, 0.09859, 0.20166, 0.20845], [0.20835, 0.0, 0.16704, 0.17226, 0.07272, 0.12431, 0.14409, 0.01511, 0.00014], [0.06888, 0.16704, 0.0, 0.00777, 0.11009, 0.05601, 0.03156, 0.15688, 0.1672], [0.06138, 0.17226, 0.00777, 0.0, 0.11686, 0.06353, 0.03924, 0.16246, 0.17242], [0.16668, 0.07272, 0.11009, 0.11686, 0.0, 0.05766, 0.08132, 0.05838, 0.07284], [0.12077, 0.12431, 0.05601, 0.06353, 0.05766, 0.0, 0.02486, 0.11175, 0.12447], [0.09859, 0.14409, 0.03156, 0.03924, 0.08132, 0.02486, 0.0, 0.13252, 0.14426], [0.20166, 0.01511, 0.15688, 0.16246, 0.05838, 0.11175, 0.13252, 0.0, 0.01525], [0.20845, 0.00014, 0.1672, 0.17242, 0.07284, 0.12447, 0.14426, 0.01525, 0.0]], "features_1": [[0.48356003115372914, 0.7499578119793014, 0.0, 0.2479972466870783, 0.49117204715409535, 0.12861754686508403, 0.2600910670807025, 0.6813899596107527, 0.3706208196325156, 0.16930554289255162, 0.007448685839370306, 0.5900956985872932, 0.6493742534652882, 0.6705364982312025, 0.7726778986674275, 0.6929828389813479, 0.5873232808168487], [0.041596552830726274, 0.6990600045729913, 0.0, 0.24901773069974198, 0.476100820980961, 0.12656964930188067, 0.26345542099992014, 0.6829179093947453, 0.3534912315450969, 0.1582491603734184, 0.007504523810135222, 0.6129999898731424, 0.6315763364780533, 0.6592542366252054, 0.7675324573529955, 0.6706062286745192, 0.5709735719974016], [0.0692435189630003, 0.8430325946489731, 0.0, 0.23385821780401136, 0.5190067522091693, 0.12743328451545724, 0.24536352450840865, 0.6820423535519649, 0.36387271493356477, 0.18804116868337695, 0.007448685839370306, 0.6131268343459046, 0.6381148208672516, 0.6612007545315999, 0.7675661092780043, 0.7030358820169815, 0.582789919464518], [0.08179632110310608, 0.8551082392054363, 0.0, 0.2048559913983525, 0.5211813893719065, 0.1294627613018099, 0.2132132857355032, 0.6790699197917915, 0.37068476468338796, 0.1930654424928504, 0.007336964783822175, 0.614634820817634, 0.6226448076000846, 0.6421495977143712, 0.7640709865761278, 0.685951866273506, 0.5797632526481683], [0.12868905823450127, 0.6969616994429852, 0.0, 0.2474958982361513, 0.47218902789086103, 0.1280243642930576, 0.23221506202184514, 0.6809206984329155, 0.35875272323875285, 0.15899273359962462, 0.007392832833969631, 0.606829617614463, 0.6331081909034211, 0.6633095431394819, 0.765689936027202, 0.6703628616961529, 0.5657296314451481], [0.14693579055868522, 0.8464322392485147, 0.0, 0.2385226325822444, 0.5211268583789831, 0.1268111693797818, 0.2449426793032103, 0.6824588645038994, 0.3523237488659301, 0.18645102413850045, 0.007504523810135222, 0.6086268077162327, 0.6367123089965796, 0.6567268132383227, 0.7642853655262125, 0.6789735131532039, 0.5753624004035901], [0.2473607989155746, 0.8559317942211511, 0.0, 0.29727194214123265, 0.5205223594058019, 0.12939248274193624, 0.20145584644094186, 0.6793300716209901, 0.3613515543514134, 0.19247604415040032, 0.007281081678807366, 0.5975262228417315, 0.6286846946395489, 0.6551543483772788, 0.7677188356317354, 0.6933300261015327, 0.5823621051721017], [0.6098789540183844, 0.6484470104966711, 0.0, 0.31483682433785554, 0.461197443882296, 0.12573618549194202, 0.2592298599945956, 0.683427574361394, 0.36163531174520225, 0.14459508028382428, 0.007392832833969631, 0.5858941910458386, 0.6223181851032363, 0.6326566404131999, 0.7628241302738087, 0.6916726218116988, 0.5600862175688003], [0.4785944558489428, 0.6747796820811274, 0.0, 0.3439788729161558, 0.4708030497188046, 0.12644984406377408, 0.2563705479051535, 0.6830116448817863, 0.3529172452960818, 0.15048096049776172, 0.00716927026363523, 0.5907086383436726, 0.625837802034997, 0.6592091642519147, 0.7667267492298885, 0.6774806402656419, 0.5757991085315978]], "features_2": [[0.30214567699002126, 0.8420764389036033, 0.0, 0.3175377127758806, 0.5246895162524222, 0.13104939191588832, 0.3882395688273036, 0.6818711111355544, 0.39644088858531346, 0.19560692017018955, 0.007727725548673403, 0.5930248168267389, 0.6343246754883256, 0.6718033198175267, 0.7868884426174146, 0.6884709939476168, 0.5851119116454234], [0.9753996047521238, 0.7845876572357073, 0.0, 0.3210428422308108, 0.5103327578942409, 0.12633703333900753, 0.36207827515492286, 0.6850235031255556, 0.370344245865347, 0.1747833159335428, 0.007504523810135222, 0.5779413408281033, 0.639248541330169, 0.6708486318374897, 0.7786970698914901, 0.6946701123646244, 0.5757810466117521], [0.5971744508015422, 0.9173486835376249, 0.0, 0.3216709731049315, 0.550085773692534, 0.1260584416483903, 0.3845708007492014, 0.6854029600050295, 0.3689482047256025, 0.20217661055091019, 0.007727725548673403, 0.5827235726658992, 0.630166191564813, 0.6648494333282114, 0.7761766448260996, 0.6729731501153428, 0.5700037872956537], [0.6270404011141557, 0.935757495290511, 0.0, 0.2971451972168231, 0.5531665576113185, 0.12908880030259196, 0.40266096113160116, 0.6835150871764357, 0.3808528184424098, 0.20875274134925093, 0.007504523810135222, 0.5862753125292697, 0.6343132619029354, 0.6760039035735077, 0.7803798305901245, 0.6918610885370764, 0.5781684925758531], [1.1281788755387234, 0.7577201107460274, 0.0, 0.31911530613589606, 0.4988820721978737, 0.12907755027719583, 0.36038327138819853, 0.6826236242064505, 0.3878926911983074, 0.17069945741608739, 0.007616154688146137, 0.5752912086478643, 0.6445275786256155, 0.6610999541323576, 0.7814594759944569, 0.6920213945362967, 0.5855190018943079], [0.9772417974981265, 0.9283542259380068, 0.0, 0.2969090369793475, 0.5549555847320381, 0.12605351886062421, 0.4269512794292048, 0.6859438039635259, 0.37726232680651184, 0.20310941985768283, 0.008062078829516484, 0.5766371010808964, 0.6377481935598975, 0.6747140199555107, 0.7794039492658342, 0.69662424186935, 0.5727845495400835], [0.9180711114822113, 0.9459265987443309, 0.0, 0.2720945309314177, 0.5588370790010142, 0.12798790473123806, 0.41718099044747275, 0.6849727989738266, 0.37301451278796627, 0.20522733641708912, 0.007504523810135222, 0.5829682753074443, 0.6287102569959139, 0.6437063068129675, 0.7844055321179314, 0.7091607716959349, 0.5758415614366512], [1.3188711841990397, 0.7634508169127262, 0.0, 0.31076880127117634, 0.5033073699598188, 0.129693124450704, 0.3514154050209086, 0.6821973730520565, 0.3963368789826378, 0.1717873424182892, 0.007727725548673403, 0.5793936708277674, 0.6255526564859957, 0.6600923900735028, 0.7795556582248474, 0.7022832713361833, 0.5930533773050889], [1.7888937526114859, 0.8940862342559133, 0.0, 0.3373930703285411, 0.5502934417447878, 0.12290189960156772, 0.364983597583106, 0.6877638071986392, 0.3633050511982061, 0.18574729499546416, 0.007504523810135222, 0.5726563678267118, 0.6241353863402215, 0.6434356897579259, 0.7714261619377973, 0.7012018676439019, 0.5683883410269819]]}