{"labels_1": ["1", "2", "3", "4", "5", "6", "7", "8", "9"], "labels_2": ["1", "2", "3", "4", "5", "6", "7", "8", "9"], "adj_matrix_1": [[0.0, 0.29911, 0.30775, 0.29286, 0.23272, 0.2744, 0.05383, 0.03736, 0.07302], [0.29911, 0.0, 0.02025, 0.01317, 0.11712, 0.0496, 0.3098, 0.3076, 0.31076], [0.30775, 0.02025, 0.0, 0.03339, 0.13611, 0.06961, 0.31566, 0.31416, 0.31541], [0.29286, 0.01317, 0.03339, 0.0, 0.10453, 0.03652, 0.30548, 0.30252, 0.30695], [0.23272, 0.11712, 0.13611, 0.10453, 0.0, 0.06907, 0.26045, 0.25293, 0.26791], [0.2744, 0.0496, 0.06961, 0.03652, 0.06907, 0.0, 0.29224, 0.28768, 0.29569], [0.05383, 0.3098, 0.31566, 0.30548, 0.26045, 0.29224, 0.0, 0.01672, 0.01984], [0.03736, 0.3076, 0.31416, 0.30252, 0.25293, 0.28768, 0.01672, 0.0, 0.03648], [0.07302, 0.31076, 0.31541, 0.30695, 0.26791, 0.29569, 0.01984, 0.03648, 0.0]], "adj_matrix_2": [[0.0, 0.10153, 0.01408, 0.07047, 0.03399, 0.14797, 0.33148, 0.16248, 0.16696], [0.10153, 0.0, 0.11487, 0.0321, 0.13353, 0.23467, 0.37891, 0.24697, 0.2507], [0.01408, 0.11487, 0.0, 0.0842, 0.01994, 0.13497, 0.32294, 0.14965, 0.15424], [0.07047, 0.0321, 0.0842, 0.0, 0.10343, 0.20968, 0.36745, 0.22273, 0.22676], [0.03399, 0.13353, 0.01994, 0.10343, 0.0, 0.11612, 0.30982, 0.1311, 0.13576], [0.14797, 0.23467, 0.13497, 0.20968, 0.11612, 0.0, 0.2176, 0.01572, 0.02068], [0.33148, 0.37891, 0.32294, 0.36745, 0.30982, 0.2176, 0.0, 0.20367, 0.19926], [0.16248, 0.24697, 0.14965, 0.22273, 0.1311, 0.01572, 0.20367, 0.0, 0.00495], [0.16696, 0.2507, 0.15424, 0.22676, 0.13576, 0.02068, 0.19926, 0.00495, 0.0]], "features_1": [[0.48356003115372914, 0.7499578119793014, 0.0, 0.2479972466870783, 0.49117204715409535, 0.12861754686508403, 0.2600910670807025, 0.6813899596107527, 0.3706208196325156, 0.16930554289255162, 0.007448685839370306, 0.5900956985872932, 0.6493742534652882, 0.6705364982312025, 0.7726778986674275, 0.6929828389813479, 0.5873232808168487], [0.041596552830726274, 0.6990600045729913, 0.0, 0.24901773069974198, 0.476100820980961, 0.12656964930188067, 0.26345542099992014, 0.6829179093947453, 0.3534912315450969, 0.1582491603734184, 0.007504523810135222, 0.6129999898731424, 0.6315763364780533, 0.6592542366252054, 0.7675324573529955, 0.6706062286745192, 0.5709735719974016], [0.0692435189630003, 0.8430325946489731, 0.0, 0.23385821780401136, 0.5190067522091693, 0.12743328451545724, 0.24536352450840865, 0.6820423535519649, 0.36387271493356477, 0.18804116868337695, 0.007448685839370306, 0.6131268343459046, 0.6381148208672516, 0.6612007545315999, 0.7675661092780043, 0.7030358820169815, 0.582789919464518], [0.08179632110310608, 0.8551082392054363, 0.0, 0.2048559913983525, 0.5211813893719065, 0.1294627613018099, 0.2132132857355032, 0.6790699197917915, 0.37068476468338796, 0.1930654424928504, 0.007336964783822175, 0.614634820817634, 0.6226448076000846, 0.6421495977143712, 0.7640709865761278, 0.685951866273506, 0.5797632526481683], [0.12868905823450127, 0.6969616994429852, 0.0, 0.2474958982361513, 0.47218902789086103, 0.1280243642930576, 0.23221506202184514, 0.6809206984329155, 0.35875272323875285, 0.15899273359962462, 0.007392832833969631, 0.606829617614463, 0.6331081909034211, 0.6633095431394819, 0.765689936027202, 0.6703628616961529, 0.5657296314451481], [0.14693579055868522, 0.8464322392485147, 0.0, 0.2385226325822444, 0.5211268583789831, 0.1268111693797818, 0.2449426793032103, 0.6824588645038994, 0.3523237488659301, 0.18645102413850045, 0.007504523810135222, 0.6086268077162327, 0.6367123089965796, 0.6567268132383227, 0.7642853655262125, 0.6789735131532039, 0.5753624004035901], [0.2473607989155746, 0.8559317942211511, 0.0, 0.29727194214123265, 0.5205223594058019, 0.12939248274193624, 0.20145584644094186, 0.6793300716209901, 0.3613515543514134, 0.19247604415040032, 0.007281081678807366, 0.5975262228417315, 0.6286846946395489, 0.6551543483772788, 0.7677188356317354, 0.6933300261015327, 0.5823621051721017], [0.6098789540183844, 0.6484470104966711, 0.0, 0.31483682433785554, 0.461197443882296, 0.12573618549194202, 0.2592298599945956, 0.683427574361394, 0.36163531174520225, 0.14459508028382428, 0.007392832833969631, 0.5858941910458386, 0.6223181851032363, 0.6326566404131999, 0.7628241302738087, 0.6916726218116988, 0.5600862175688003], [0.4785944558489428, 0.6747796820811274, 0.0, 0.3439788729161558, 0.4708030497188046, 0.12644984406377408, 0.2563705479051535, 0.6830116448817863, 0.3529172452960818, 0.15048096049776172, 0.00716927026363523, 0.5907086383436726, 0.625837802034997, 0.6592091642519147, 0.7667267492298885, 0.6774806402656419, 0.5757991085315978]], "features_2": [[-0.2773373415665552, 0.7375299794001045, 0.0, 0.1868420091725389, 0.5082909940040171, 0.11641760332793431, 0.38364135245370434, 0.6910416479599311, 0.30553971649440337, 0.15420242356869207, 0.0069454663283523566, 0.6086453873381932, 0.6530937283578588, 0.6755091627575567, 0.7576216473890257, 0.6930327402542665, 0.5245487528708248], [-0.12091043548918545, 0.7405043281916184, 0.0, 0.1867615003796167, 0.5061564805334584, 0.12041423449122747, 0.34194423938464025, 0.6894942785888833, 0.3252578064180194, 0.1577152245039859, 0.00711334193318236, 0.6059249597564673, 0.6605407937082999, 0.6798456391234419, 0.7683500698167528, 0.7035637141817728, 0.5407482668744538], [-0.29848154907763336, 0.8643985833487984, 0.0, 0.19260986481697706, 0.5436603082484626, 0.11775937794251093, 0.3706483658168871, 0.6905217478084843, 0.3183854551695806, 0.18229450411575554, 0.0069454663283523566, 0.6066784314797964, 0.6508412006143109, 0.6761367533913047, 0.7600669943300447, 0.6927679685424518, 0.528021487465648], [-0.2669901317569843, 0.8491313592101281, 0.0, 0.19571129845271454, 0.5382896006076594, 0.11788116935415408, 0.4245963725681975, 0.6903655895894445, 0.3113413517008059, 0.17875430519097324, 0.006721420376576193, 0.608754636169679, 0.6394427718568598, 0.6572558402799518, 0.759241666824217, 0.6972927153340527, 0.5359998774490673], [-0.07845899335980899, 0.7262013216954347, 0.0, 0.17250275553727729, 0.49772339508912444, 0.12338492097075478, 0.3356660637853842, 0.6879497488544639, 0.34084415065632045, 0.15821367695211408, 0.006889477554966383, 0.6063792939119601, 0.6436914383053, 0.6720912308698418, 0.7754573004482253, 0.6888038991930933, 0.5561664686671377], [-0.35057726635098696, 0.8882156724616681, 0.0, 0.19975370396675718, 0.5475068088031787, 0.12006075824935021, 0.40362821158688644, 0.6895249838466404, 0.33154137594431377, 0.19093910315115292, 0.0069454663283523566, 0.6185778206108312, 0.6574214000179163, 0.6743370570671279, 0.7649883791848943, 0.6926664309318337, 0.5401639142439154], [-0.3484878088177328, 0.8351573107092182, 0.0, 0.1943851782102158, 0.5312744611611, 0.12196166760326718, 0.5295210794670588, 0.688834498761884, 0.3280758861130939, 0.18099573838864025, 0.00683347364535547, 0.6300409148432284, 0.6499032208214772, 0.6722949353957496, 0.7678741172554614, 0.7069321752662152, 0.5595523165583041], [-0.1781175527505181, 0.7435012970533941, 0.0, 0.18389400042178108, 0.49604428807789247, 0.12709078195590867, 0.3880754020292699, 0.6845361494577703, 0.3516697909778932, 0.16607673105082532, 0.007281081678807366, 0.6204194023152543, 0.6495912250902616, 0.6586378731585448, 0.7747156697484193, 0.6855756241919851, 0.5816780987596809], [-0.2350378874743826, 0.8233605342684142, 0.0, 0.1805425122987258, 0.5196935688677028, 0.12702549291790416, 0.42717947738693096, 0.6845814964064172, 0.3523085209468291, 0.1830320147675224, 0.007057398507269275, 0.6208733185578121, 0.6398027044648992, 0.6686367626126289, 0.7709232546069092, 0.7082685251861737, 0.5849498198089677]]}