{"labels_1": ["1", "2", "3", "4", "5", "6", "7", "8", "9"], "labels_2": ["1", "2", "3", "4", "5", "6", "7", "8", "9"], "adj_matrix_1": [[0.0, 0.29911, 0.30775, 0.29286, 0.23272, 0.2744, 0.05383, 0.03736, 0.07302], [0.29911, 0.0, 0.02025, 0.01317, 0.11712, 0.0496, 0.3098, 0.3076, 0.31076], [0.30775, 0.02025, 0.0, 0.03339, 0.13611, 0.06961, 0.31566, 0.31416, 0.31541], [0.29286, 0.01317, 0.03339, 0.0, 0.10453, 0.03652, 0.30548, 0.30252, 0.30695], [0.23272, 0.11712, 0.13611, 0.10453, 0.0, 0.06907, 0.26045, 0.25293, 0.26791], [0.2744, 0.0496, 0.06961, 0.03652, 0.06907, 0.0, 0.29224, 0.28768, 0.29569], [0.05383, 0.3098, 0.31566, 0.30548, 0.26045, 0.29224, 0.0, 0.01672, 0.01984], [0.03736, 0.3076, 0.31416, 0.30252, 0.25293, 0.28768, 0.01672, 0.0, 0.03648], [0.07302, 0.31076, 0.31541, 0.30695, 0.26791, 0.29569, 0.01984, 0.03648, 0.0]], "adj_matrix_2": [[0.0, 0.05704, 0.05605, 0.01092, 0.06583, 0.06582, 0.20435, 0.25555, 0.07456], [0.05704, 0.0, 0.001, 0.06776, 0.00894, 0.00896, 0.15522, 0.27872, 0.12881], [0.05605, 0.001, 0.0, 0.06679, 0.00993, 0.00996, 0.15616, 0.27821, 0.12791], [0.01092, 0.06776, 0.06679, 0.0, 0.07648, 0.07651, 0.21314, 0.25025, 0.06394], [0.06583, 0.00894, 0.00993, 0.07648, 0.0, 3e-05, 0.14711, 0.28176, 0.13696], [0.06582, 0.00896, 0.00996, 0.07651, 3e-05, 0.0, 0.14713, 0.28146, 0.137], [0.20435, 0.15522, 0.15616, 0.21314, 0.14711, 0.14713, 0.0, 0.31267, 0.25914], [0.25555, 0.27872, 0.27821, 0.25025, 0.28176, 0.28146, 0.31267, 0.0, 0.2145], [0.07456, 0.12881, 0.12791, 0.06394, 0.13696, 0.137, 0.25914, 0.2145, 0.0]], "features_1": [[0.48356003115372914, 0.7499578119793014, 0.0, 0.2479972466870783, 0.49117204715409535, 0.12861754686508403, 0.2600910670807025, 0.6813899596107527, 0.3706208196325156, 0.16930554289255162, 0.007448685839370306, 0.5900956985872932, 0.6493742534652882, 0.6705364982312025, 0.7726778986674275, 0.6929828389813479, 0.5873232808168487], [0.041596552830726274, 0.6990600045729913, 0.0, 0.24901773069974198, 0.476100820980961, 0.12656964930188067, 0.26345542099992014, 0.6829179093947453, 0.3534912315450969, 0.1582491603734184, 0.007504523810135222, 0.6129999898731424, 0.6315763364780533, 0.6592542366252054, 0.7675324573529955, 0.6706062286745192, 0.5709735719974016], [0.0692435189630003, 0.8430325946489731, 0.0, 0.23385821780401136, 0.5190067522091693, 0.12743328451545724, 0.24536352450840865, 0.6820423535519649, 0.36387271493356477, 0.18804116868337695, 0.007448685839370306, 0.6131268343459046, 0.6381148208672516, 0.6612007545315999, 0.7675661092780043, 0.7030358820169815, 0.582789919464518], [0.08179632110310608, 0.8551082392054363, 0.0, 0.2048559913983525, 0.5211813893719065, 0.1294627613018099, 0.2132132857355032, 0.6790699197917915, 0.37068476468338796, 0.1930654424928504, 0.007336964783822175, 0.614634820817634, 0.6226448076000846, 0.6421495977143712, 0.7640709865761278, 0.685951866273506, 0.5797632526481683], [0.12868905823450127, 0.6969616994429852, 0.0, 0.2474958982361513, 0.47218902789086103, 0.1280243642930576, 0.23221506202184514, 0.6809206984329155, 0.35875272323875285, 0.15899273359962462, 0.007392832833969631, 0.606829617614463, 0.6331081909034211, 0.6633095431394819, 0.765689936027202, 0.6703628616961529, 0.5657296314451481], [0.14693579055868522, 0.8464322392485147, 0.0, 0.2385226325822444, 0.5211268583789831, 0.1268111693797818, 0.2449426793032103, 0.6824588645038994, 0.3523237488659301, 0.18645102413850045, 0.007504523810135222, 0.6086268077162327, 0.6367123089965796, 0.6567268132383227, 0.7642853655262125, 0.6789735131532039, 0.5753624004035901], [0.2473607989155746, 0.8559317942211511, 0.0, 0.29727194214123265, 0.5205223594058019, 0.12939248274193624, 0.20145584644094186, 0.6793300716209901, 0.3613515543514134, 0.19247604415040032, 0.007281081678807366, 0.5975262228417315, 0.6286846946395489, 0.6551543483772788, 0.7677188356317354, 0.6933300261015327, 0.5823621051721017], [0.6098789540183844, 0.6484470104966711, 0.0, 0.31483682433785554, 0.461197443882296, 0.12573618549194202, 0.2592298599945956, 0.683427574361394, 0.36163531174520225, 0.14459508028382428, 0.007392832833969631, 0.5858941910458386, 0.6223181851032363, 0.6326566404131999, 0.7628241302738087, 0.6916726218116988, 0.5600862175688003], [0.4785944558489428, 0.6747796820811274, 0.0, 0.3439788729161558, 0.4708030497188046, 0.12644984406377408, 0.2563705479051535, 0.6830116448817863, 0.3529172452960818, 0.15048096049776172, 0.00716927026363523, 0.5907086383436726, 0.625837802034997, 0.6592091642519147, 0.7667267492298885, 0.6774806402656419, 0.5757991085315978]], "features_2": [[0.185184555841178, 0.7466408544912367, 0.0, 0.2616472305504005, 0.5088355711730891, 0.12158021622813095, 0.3881919721624428, 0.6887958877308609, 0.34339945406372574, 0.16266279917503845, 0.007001439975721224, 0.6007501764419727, 0.6467998356244109, 0.6680391891747971, 0.7718377580964666, 0.697147153849126, 0.5822644187091165], [-0.013199607029066307, 0.7599377057214116, 0.0, 0.2723433582771514, 0.5116011971184223, 0.12109494924819997, 0.34102552290794963, 0.6885393525313297, 0.34177557562302874, 0.16706640365260794, 0.00711334193318236, 0.6101700895511795, 0.6562529345815074, 0.6740657180722059, 0.767631854937096, 0.6782196138926944, 0.581706793563819], [0.038380101477434536, 0.8959291456524993, 0.0, 0.27943796346514094, 0.5505487043767573, 0.12074043064853794, 0.3472188845381787, 0.6888579211441419, 0.33730943860798157, 0.19286853373785817, 0.007001439975721224, 0.6030938115270374, 0.6385013217718766, 0.6557846374249106, 0.7666852908447858, 0.6778032575087507, 0.58085597009321], [0.1929997952477458, 0.888994590589475, 0.0, 0.25121607996815093, 0.543660361492483, 0.12399887907300683, 0.31403944409670287, 0.6866678470474175, 0.35045376776277526, 0.19309208324738347, 0.00677745458930179, 0.5998353452736376, 0.623417391286952, 0.6557967921414075, 0.7719482725304155, 0.7043452267810677, 0.5966913459780291], [-0.033584020132165104, 0.7515518668597859, 0.0, 0.2842754510498683, 0.5031067193453623, 0.12449191592969194, 0.3123321342043425, 0.6861775950606657, 0.3574493436274826, 0.17045886692687495, 0.007560346756364078, 0.608803570706419, 0.6524570446624511, 0.6798207573267468, 0.7739043246277636, 0.6754295280966818, 0.5899014397454627], [-0.0654837167245561, 0.9645448950487118, 0.0, 0.27259819496220306, 0.5614910719776754, 0.12609639404148065, 0.3605463357844322, 0.6860978437082655, 0.3595739556235471, 0.21293337148372227, 0.00711334193318236, 0.6090462726510815, 0.6671700875370791, 0.6765169415042769, 0.7817268967069514, 0.6892808954873966, 0.5941204158610909], [-0.01839855016237779, 0.8979727266867926, 0.0, 0.25614928727380054, 0.5428084235097006, 0.12355103895188733, 0.2605392566227295, 0.6861482723163996, 0.3395184206101749, 0.1940703070787586, 0.006889477554966383, 0.6127330122989301, 0.6337659125048698, 0.6566786846301084, 0.7646515984384948, 0.6753100057221357, 0.5852775020847026], [0.7905289018038477, 0.7973722874068707, 0.0, 0.2952813641479221, 0.5118932646069837, 0.12405780722337847, 0.2628833711112918, 0.6854788538345549, 0.3524357926816941, 0.17456191150603217, 0.007560346756364078, 0.5774066777459552, 0.6341124821270246, 0.6335249888561084, 0.7662061375311642, 0.6896088338105212, 0.5615463720241168], [0.6022876755092526, 0.9406558886902078, 0.0, 0.28436546198138607, 0.5574901790895577, 0.11761112318689423, 0.2772853469409178, 0.6896108599093513, 0.3114034180510854, 0.19182689000014386, 0.007001439975721224, 0.5880012348591424, 0.6208321639394007, 0.625411362507923, 0.7499011042645135, 0.6835410205794347, 0.5190610423015178]]}