{"labels_1": ["1", "2", "3", "4", "5", "6", "7", "8", "9"], "labels_2": ["1", "2", "3", "4", "5", "6", "7", "8", "9"], "adj_matrix_1": [[0.0, 0.14475, 0.15978, 0.10445, 0.34911, 0.28049, 0.36028, 0.06781, 0.25183], [0.14475, 0.0, 0.01671, 0.04312, 0.25846, 0.16322, 0.27517, 0.20244, 0.30079], [0.15978, 0.01671, 0.0, 0.05967, 0.24531, 0.14793, 0.26253, 0.2157, 0.30376], [0.10445, 0.04312, 0.05967, 0.0, 0.29012, 0.20128, 0.30547, 0.16624, 0.29072], [0.34911, 0.25846, 0.24531, 0.29012, 0.0, 0.10884, 0.02093, 0.36982, 0.31077], [0.28049, 0.16322, 0.14793, 0.20128, 0.10884, 0.0, 0.1291, 0.31696, 0.31515], [0.36028, 0.27517, 0.26253, 0.30547, 0.02093, 0.1291, 0.0, 0.378, 0.30899], [0.06781, 0.20244, 0.2157, 0.16624, 0.36982, 0.31696, 0.378, 0.0, 0.21441], [0.25183, 0.30079, 0.30376, 0.29072, 0.31077, 0.31515, 0.30899, 0.21441, 0.0]], "adj_matrix_2": [[0.0, 0.10511, 0.09769, 0.05957, 0.03335, 0.12417, 0.19251, 0.18298, 0.22803], [0.10511, 0.0, 0.17011, 0.14792, 0.13039, 0.183, 0.20298, 0.20199, 0.19466], [0.09769, 0.17011, 0.0, 0.04154, 0.06745, 0.03182, 0.13091, 0.11475, 0.20848], [0.05957, 0.14792, 0.04154, 0.0, 0.02697, 0.07217, 0.16119, 0.14736, 0.22246], [0.03335, 0.13039, 0.06745, 0.02697, 0.0, 0.09655, 0.17706, 0.16522, 0.22699], [0.12417, 0.183, 0.03182, 0.07217, 0.09655, 0.0, 0.10414, 0.08662, 0.19264], [0.19251, 0.20298, 0.13091, 0.16119, 0.17706, 0.10414, 0.0, 0.01929, 0.11218], [0.18298, 0.20199, 0.11475, 0.14736, 0.16522, 0.08662, 0.01929, 0.0, 0.1289], [0.22803, 0.19466, 0.20848, 0.22246, 0.22699, 0.19264, 0.11218, 0.1289, 0.0]], "features_1": [[-0.11073562935979808, 0.668153817026392, 0.0, 0.2255000188210069, 0.46631236530516984, 0.12796741959913224, 0.23932097653088746, 0.6817225287396942, 0.374237673905911, 0.15348147371390075, 0.007392832833969631, 0.6199860317070116, 0.6507729398818466, 0.6815939471569472, 0.7747486329831144, 0.6872078135883266, 0.605729981544954], [-0.17081224380006743, 0.6591358131601854, 0.0, 0.1919048180681401, 0.4568584127846234, 0.13324668589262528, 0.23041271425426899, 0.6768945853809166, 0.4050065138711534, 0.1566373222291555, 0.007950687539111767, 0.6258980947390902, 0.6482710406998771, 0.6712009268539327, 0.7862303471335029, 0.706492211995465, 0.6219276915498898], [-0.18448799878528677, 0.7716562554577325, 0.0, 0.22328686985285465, 0.5000914013494383, 0.12935074006718036, 0.27066637559970913, 0.6811107200189843, 0.38293124387809296, 0.17804686591822927, 0.007448685839370306, 0.6228838516521127, 0.6571494815812987, 0.6788426886223006, 0.7819205801112854, 0.6889365001943215, 0.6151047105104376], [-0.11292599568680783, 0.783881328802787, 0.0, 0.21951267982376466, 0.5038338514193142, 0.12962503401319161, 0.23057447510218196, 0.6803353770549041, 0.38411212609901013, 0.18095107289980028, 0.007504523810135222, 0.6202578858020962, 0.6572521235957683, 0.6819933996718479, 0.7781098763053081, 0.6986874527118554, 0.6132423222724307], [-0.23808468545832406, 0.7024902485621899, 0.0, 0.1830876725791868, 0.4708881554328048, 0.13388509731753953, 0.2361813608603555, 0.676244112015005, 0.3991705459570398, 0.16563623382202386, 0.007671947615560004, 0.6359605581016801, 0.6605122784470898, 0.6447829107751452, 0.7880918121718525, 0.7272631020854484, 0.6191924993001169], [-0.25937003830434957, 0.8343823665805242, 0.0, 0.20664515685143342, 0.5166085332289466, 0.13202709693466058, 0.3007555623698536, 0.679651598506641, 0.39493669233575135, 0.19409336706877944, 0.007225183508792421, 0.6277935502898, 0.6661155324526041, 0.6741640226018377, 0.7918823374261034, 0.7095927054699808, 0.622925959716346], [-0.6423447325889318, 0.7633903733311136, 0.0, 0.19993344716244882, 0.4926675036396164, 0.13174760552519105, 0.2499284284455811, 0.6779085363367554, 0.39520909469982124, 0.1840249387960402, 0.007560346756364078, 0.6407472467545596, 0.653403209738808, 0.6832393070668209, 0.7814988525145965, 0.678339149097348, 0.6165050282250338], [-0.07625766821055047, 0.7434244529926587, 0.0, 0.21176967028312, 0.48329009083929964, 0.13231721282494888, 0.21577562143561693, 0.676496357496222, 0.39383863755386317, 0.17436017836388906, 0.007671947615560004, 0.6114398043622284, 0.6362736802834607, 0.669629405229557, 0.7795120934507984, 0.6968848286516124, 0.6084087031194768], [0.07053006602646317, 0.7740405020267476, 0.0, 0.23307305367867148, 0.4983024726029214, 0.1297596787928052, 0.23337259496224405, 0.6797043250734619, 0.3827286228101763, 0.17967666227726653, 0.007448685839370306, 0.5958563984166796, 0.6428029064844415, 0.6670558938915769, 0.7763116428139193, 0.6968884155540009, 0.6092232892837567]], "features_2": [[2.8037120399559585, 1.0070565125024165, 0.0, 0.2989480570649457, 0.5842451563140836, 0.11335409243343211, 0.4397270851258234, 0.6919212921103857, 0.31651167032796645, 0.18620279290647956, 0.007001439975721224, 0.5501939783726821, 0.5948576556494156, 0.5877034831234177, 0.7468499852684894, 0.7028209581086848, 0.4892283428295521], [2.873303869485646, 0.9781477381140604, 0.0, 0.2893763927383487, 0.5724776850149418, 0.11613789078763247, 0.441447299953856, 0.6910283125695683, 0.33046736208526806, 0.18697691086871582, 0.007336964783822175, 0.5478292058064509, 0.5886438116016965, 0.6074923491095666, 0.7573391520200766, 0.7234875966072882, 0.5126102046210724], [2.558868951563035, 1.1443255732792674, 0.0, 0.2906831479290379, 0.612695234043974, 0.11377333848781436, 0.4533904898590933, 0.6918001572839863, 0.32574949275298426, 0.21156878190190298, 0.007560346756364078, 0.5540313379032478, 0.5979323735706934, 0.5944478052689012, 0.7482765188603385, 0.7267727218387569, 0.4932392117838836], [2.574495971835675, 1.1328665665879516, 0.0, 0.2802148155286, 0.6069397683896894, 0.11617473918147472, 0.43938053532926774, 0.6908343344811727, 0.3257389000056703, 0.21171298070475664, 0.007225183508792421, 0.5546585924041911, 0.5946180589798545, 0.6019167649408752, 0.7513315234766917, 0.7024723259645443, 0.4861200731895693], [2.1701207377715477, 0.8963295970994112, 0.0, 0.28203898716490255, 0.5409327418738457, 0.12261615201844728, 0.3731657253935531, 0.6871524936825837, 0.35900788793551053, 0.1852881986467434, 0.007671947615560004, 0.5700147903553423, 0.612702414414105, 0.6351212893206977, 0.769326866353842, 0.7283883899841198, 0.5474085981025351], [2.440451582216209, 1.1134809901267901, 0.0, 0.2742543996564518, 0.601454013167712, 0.11681799762256502, 0.4383828301756047, 0.6907436702322103, 0.3437435585571442, 0.2123260169916532, 0.007671947615560004, 0.5655589974288673, 0.6134787422658045, 0.6057393288303065, 0.7579732704947238, 0.7128336814231807, 0.5053220126495838], [1.806202826776179, 1.0564257247272841, 0.0, 0.27330322463352485, 0.5854445827340542, 0.11871210967457518, 0.33779842584030817, 0.6894281926875161, 0.32655349043017456, 0.2051381901527145, 0.007225183508792421, 0.5669377380601612, 0.6117528667772656, 0.6025603414725204, 0.759285441102298, 0.7088827457042919, 0.5185760780721232], [1.7834944793138554, 0.8731265779396886, 0.0, 0.2743049044654587, 0.5268228632957822, 0.1236898684717254, 0.20811596305509922, 0.6847287783010906, 0.37022074537069494, 0.18291585791461995, 0.007894969482732161, 0.5738235410957304, 0.6079777383221693, 0.6143110672102774, 0.7580678150590361, 0.6889355262007244, 0.551516787037625], [1.5449721654431832, 0.9772726426975697, 0.0, 0.274202280089878, 0.5619008686631038, 0.11830855074161029, 0.23927628081860206, 0.6889089950290233, 0.3374698608912883, 0.19592930376685702, 0.007392832833969631, 0.5735086724830625, 0.5913932640802808, 0.5977658923215028, 0.7487780855812742, 0.6959543464004063, 0.5167541939170005]]}