{"labels_1": ["1", "2", "3", "4", "5", "6", "7", "8", "9"], "labels_2": ["1", "2", "3", "4", "5", "6", "7", "8", "9"], "adj_matrix_1": [[0.0, 0.18832, 0.04302, 0.03489, 0.27694, 0.21735, 0.10625, 0.24036, 0.26499], [0.18832, 0.0, 0.15961, 0.16559, 0.29259, 0.05054, 0.10377, 0.09949, 0.17285], [0.04302, 0.15961, 0.0, 0.00827, 0.29423, 0.19552, 0.0665, 0.22549, 0.26165], [0.03489, 0.16559, 0.00827, 0.0, 0.29143, 0.20028, 0.07435, 0.22895, 0.26294], [0.27694, 0.29259, 0.29423, 0.29143, 0.0, 0.27062, 0.30762, 0.24036, 0.17621], [0.21735, 0.05054, 0.19552, 0.20028, 0.27062, 0.0, 0.14798, 0.05067, 0.13004], [0.10625, 0.10377, 0.0665, 0.07435, 0.30762, 0.14798, 0.0, 0.18745, 0.24045], [0.24036, 0.09949, 0.22549, 0.22895, 0.24036, 0.05067, 0.18745, 0.0, 0.08267], [0.26499, 0.17285, 0.26165, 0.26294, 0.17621, 0.13004, 0.24045, 0.08267, 0.0]], "adj_matrix_2": [[0.0, 0.18122, 0.09365, 0.08716, 0.17847, 0.154, 0.17686, 0.11314, 0.09998], [0.18122, 0.0, 0.16829, 0.17133, 0.02996, 0.10802, 0.07998, 0.24535, 0.25756], [0.09365, 0.16829, 0.0, 0.00788, 0.15223, 0.09064, 0.19647, 0.17987, 0.16747], [0.08716, 0.17133, 0.00788, 0.0, 0.15629, 0.09722, 0.19675, 0.17485, 0.16213], [0.17847, 0.02996, 0.15223, 0.15629, 0.0, 0.08182, 0.10677, 0.24675, 0.254], [0.154, 0.10802, 0.09064, 0.09722, 0.08182, 0.0, 0.16718, 0.2295, 0.22488], [0.17686, 0.07998, 0.19647, 0.19675, 0.10677, 0.16718, 0.0, 0.22102, 0.24716], [0.11314, 0.24535, 0.17987, 0.17485, 0.24675, 0.2295, 0.22102, 0.0, 0.05275], [0.09998, 0.25756, 0.16747, 0.16213, 0.254, 0.22488, 0.24716, 0.05275, 0.0]], "features_1": [[0.738805030211128, 0.7132169975280983, 0.0, 0.25327193797449554, 0.5110301113176436, 0.11829375430301811, 0.5357172333082871, 0.6911639457468685, 0.3114473383243761, 0.14461461356671035, 0.006609306440138685, 0.5753918265536102, 0.6545252597364457, 0.6539427191791234, 0.7699971343179353, 0.7109573737995151, 0.5818517523932775], [0.662352759112836, 0.6767029628194623, 0.0, 0.2515661720130447, 0.4977027282214521, 0.11755823401191581, 0.4865284540114665, 0.6911384406823966, 0.3264644345750698, 0.13885712829564278, 0.00683347364535547, 0.5852944610566726, 0.635171669990253, 0.6358780695901437, 0.7687139679337334, 0.6934610135280156, 0.5794571117316677], [0.6795142471807356, 0.8368664267491828, 0.0, 0.24775260328264764, 0.5464203015777341, 0.11915996943827503, 0.4849007171481482, 0.6904653346534801, 0.3171813383502382, 0.1715100535771661, 0.00683347364535547, 0.586454446428673, 0.6353664741637651, 0.6565301909196325, 0.7696024766685671, 0.6926562741950928, 0.5823706940908637], [0.8442578222396038, 0.8328120653897523, 0.0, 0.25878831939587404, 0.5385174229120326, 0.122051110938384, 0.4626677909125149, 0.6889587765549514, 0.32439168245970706, 0.17238468359162673, 0.006497131753992358, 0.5720714882670188, 0.6244379779805331, 0.6571048734507017, 0.773941317733668, 0.6945838484485746, 0.5967826895972068], [0.368823440295746, 0.6576176336406961, 0.0, 0.2350764324634194, 0.4907987323991472, 0.11791280384667228, 0.5592817386745764, 0.6910980079486247, 0.33186173733956137, 0.1368157900571343, 0.007057398507269275, 0.5995494336160792, 0.6539348503132303, 0.656430817136234, 0.7706288381198013, 0.7021236527928213, 0.5805699131838229], [0.2126393776227098, 0.8759559769514165, 0.0, 0.24869500735713113, 0.5554967175965004, 0.11807410921360582, 0.5108155856258854, 0.6907484668905048, 0.304228058635057, 0.17911865453735243, 0.006609306440138685, 0.5935829159241133, 0.6449096666143389, 0.6511317686537254, 0.7668764755518053, 0.6908371373688532, 0.5776355305600398], [0.8199611224283991, 0.8106213053329104, 0.0, 0.27133975689892925, 0.5278186113586052, 0.12189274897610855, 0.32988190903643116, 0.6878326750632486, 0.31529504513718565, 0.1692724882347154, 0.00683347364535547, 0.5732870347611996, 0.6252797015652674, 0.6596853915673254, 0.7678768775612881, 0.6883804570311272, 0.581622659933938], [-0.039612692145788664, 0.7306115627073242, 0.0, 0.23831369018230475, 0.5049124473721793, 0.11940682441585523, 0.4115400081601862, 0.6890556471151731, 0.31238039569996645, 0.15378175110403736, 0.0066653709969386465, 0.5976413974264405, 0.6541746363715869, 0.6491274317786319, 0.7579006950424351, 0.6814618969714991, 0.5710819083640156], [-0.09475334895850418, 0.8075170152708103, 0.0, 0.24002453932943368, 0.5279597182125394, 0.11865926384546985, 0.32013798770621305, 0.6890737157944883, 0.3106782898439644, 0.17005279215625846, 0.007057398507269275, 0.6074161424229614, 0.6312873868044764, 0.6614331387512611, 0.7545059299660591, 0.6825409074385836, 0.5717021955880522]], "features_2": [[2.1878332140680046, 0.8085065553024279, 0.0, 0.3344097286756085, 0.5270246832875055, 0.1201931517397857, 0.5047377639022542, 0.6900868226746595, 0.3410754185731011, 0.1653248990920646, 0.007057398507269275, 0.5572736969206789, 0.6293244232179679, 0.6399386179949459, 0.7732797393640242, 0.7242398904757504, 0.5589966572414805], [1.399306448112167, 0.7891105562838382, 0.0, 0.30484264084590484, 0.5202680895631896, 0.12012754203454751, 0.5221245326478708, 0.6898812928555567, 0.33215920782783215, 0.16105429676993555, 0.00716927026363523, 0.57065333928768, 0.6276499607744056, 0.6424797285544654, 0.7701380659499875, 0.7132507095080542, 0.5637263490604827], [1.982152499682278, 0.9360862586691424, 0.0, 0.32085668691124236, 0.5596075337195232, 0.12081868841291461, 0.4623567585570207, 0.6895699358656397, 0.33621027579896046, 0.18943477618952542, 0.007281081678807366, 0.5628342640667299, 0.6376504376958593, 0.6403766916042959, 0.7712119591195725, 0.7204659924087812, 0.5635085747966344], [1.9570505397875193, 0.9429909494714774, 0.0, 0.3253098108719885, 0.5563883461516417, 0.12417813056569693, 0.4063115803022498, 0.6874923325566669, 0.3594492601271855, 0.19821940867529397, 0.0069454663283523566, 0.5634274697026973, 0.6374517553582885, 0.6647361787271654, 0.7768055541420293, 0.7261619042078908, 0.5686937778711006], [1.5049405141519694, 0.7658875736961571, 0.0, 0.320243575545942, 0.5091805667047894, 0.12201702644933164, 0.4251273341771217, 0.6883992370023257, 0.3424882627724881, 0.1592202544989576, 0.007281081678807366, 0.5729223002841359, 0.6402557160999047, 0.6424731207985503, 0.7738151304489174, 0.7034512627576817, 0.5766510819472961], [1.9925855997965858, 0.9870106885433824, 0.0, 0.3380062927872887, 0.5638675118856088, 0.12650160240256123, 0.3839677420084655, 0.6861133240201458, 0.3724848732210111, 0.20715240983441063, 0.007727725548673403, 0.5643275819086573, 0.6313045764537175, 0.6358679009757914, 0.7797598002005731, 0.7185330475522845, 0.5740774222883556], [0.8992016419151505, 0.8695989830848365, 0.0, 0.2932168548133356, 0.531421890367098, 0.12748091275552095, 0.39247918678467786, 0.6851385623508344, 0.36905050921709415, 0.19168630862454417, 0.007392832833969631, 0.5768894481816493, 0.6431233604003092, 0.6770153438923566, 0.7813246167180932, 0.717134613559193, 0.5841622719072042], [0.3845774329826259, 0.7452802991367562, 0.0, 0.2794857005177177, 0.49204607227692243, 0.12740489216795725, 0.26706500155378876, 0.6831894857238909, 0.35427144055920023, 0.16644824777255152, 0.007057398507269275, 0.5970088419607227, 0.6360853734589862, 0.6610216802998059, 0.7733998905552311, 0.7120592654223017, 0.5831681575873179], [0.03911806500181614, 0.8017858773557044, 0.0, 0.2511387471027263, 0.5060097235180913, 0.12848077035700023, 0.26047671465768046, 0.6820335969212656, 0.3591637279044064, 0.1820648054060583, 0.007281081678807366, 0.6041864937853019, 0.6356390272525431, 0.6707581856664666, 0.7749037968693467, 0.7002898227728771, 0.5769241353753195]]}