{"labels_1": ["1", "2", "3", "4", "5", "6", "7", "8", "9"], "labels_2": ["1", "2", "3", "4", "5", "6", "7", "8", "9"], "adj_matrix_1": [[0.0, 0.27511, 0.06229, 0.12741, 0.27874, 0.06502, 0.04336, 0.04713, 0.14699], [0.27511, 0.0, 0.30397, 0.18157, 0.05804, 0.30498, 0.24896, 0.29797, 0.1609], [0.06229, 0.30397, 0.0, 0.17079, 0.30015, 0.00286, 0.10246, 0.01567, 0.18388], [0.12741, 0.18157, 0.17079, 0.0, 0.19409, 0.17246, 0.09103, 0.16113, 0.02777], [0.27874, 0.05804, 0.30015, 0.19409, 0.0, 0.30079, 0.25664, 0.29615, 0.17382], [0.06502, 0.30498, 0.00286, 0.17246, 0.30079, 0.0, 0.10497, 0.01852, 0.18523], [0.04336, 0.24896, 0.10246, 0.09103, 0.25664, 0.10497, 0.0, 0.0884, 0.11435], [0.04713, 0.29797, 0.01567, 0.16113, 0.29615, 0.01852, 0.0884, 0.0, 0.17591], [0.14699, 0.1609, 0.18388, 0.02777, 0.17382, 0.18523, 0.11435, 0.17591, 0.0]], "adj_matrix_2": [[0.0, 0.06508, 0.04546, 0.00588, 0.17671, 0.08706, 0.13486, 0.12182, 0.21617], [0.06508, 0.0, 0.10879, 0.0708, 0.12088, 0.14765, 0.19103, 0.17936, 0.26165], [0.04546, 0.10879, 0.0, 0.03964, 0.21113, 0.04243, 0.09211, 0.07841, 0.17896], [0.00588, 0.0708, 0.03964, 0.0, 0.18131, 0.08141, 0.12952, 0.11634, 0.21163], [0.17671, 0.12088, 0.21113, 0.18131, 0.0, 0.23976, 0.26955, 0.26189, 0.31267], [0.08706, 0.14765, 0.04243, 0.08141, 0.23976, 0.0, 0.05055, 0.03652, 0.14111], [0.13486, 0.19103, 0.09211, 0.12952, 0.26955, 0.05055, 0.0, 0.01413, 0.09318], [0.12182, 0.17936, 0.07841, 0.11634, 0.26189, 0.03652, 0.01413, 0.0, 0.10676], [0.21617, 0.26165, 0.17896, 0.21163, 0.31267, 0.14111, 0.09318, 0.10676, 0.0]], "features_1": [[0.6670593655150268, 0.6706342731001815, 0.0, 0.31675429294411067, 0.4570782825288255, 0.13461196422035565, 0.31695826132584204, 0.6757235440502989, 0.3994859126178909, 0.15877697800202695, 0.00783923647221818, 0.5865248929884461, 0.634008521713821, 0.6569860246087535, 0.7866825442170046, 0.7219119423464488, 0.5950370089029896], [-0.06953286931536207, 0.6650484915855028, 0.0, 0.20658509158499871, 0.4477176990879367, 0.1384349182863261, 0.2159796143060852, 0.669543593047619, 0.424688808337375, 0.16450108657910856, 0.007950687539111767, 0.6343357220420025, 0.6523118930470561, 0.6701671248487109, 0.7925737674869416, 0.6944500037599254, 0.6022236192468786], [0.7074285640108968, 0.7888749736036048, 0.0, 0.305178204517111, 0.49538911620037096, 0.13411629763704838, 0.3090444282093472, 0.6761534715592108, 0.3972788804731324, 0.18428120883782073, 0.007616154688146137, 0.5851061993294855, 0.6328369607609526, 0.6568811720606272, 0.7848387779861175, 0.7084405736092304, 0.5947874901527683], [1.3434574439705678, 0.8345234891957009, 0.0, 0.3191121602111325, 0.5083274672457279, 0.13244608454899387, 0.30772607395262386, 0.6769824437116863, 0.3765619279713981, 0.18960612459184945, 0.007504523810135222, 0.5717082790663763, 0.6307794700009621, 0.6589387318697167, 0.7778048704254569, 0.7025589857586236, 0.5841669848382048], [0.09958924868664543, 0.7100419432311798, 0.0, 0.23216061971496585, 0.45897173425796534, 0.13969369834723194, 0.21024988646618753, 0.6675280854468324, 0.42134871657504114, 0.17409293818335447, 0.007727725548673403, 0.6285630179639461, 0.6622115827108906, 0.6815349602311149, 0.7944293468026464, 0.7081739400490813, 0.6096562655861459], [0.8360015155197433, 0.8274957371885124, 0.0, 0.2989074135567797, 0.5078782314184104, 0.13346767874669563, 0.33203904776598564, 0.6776424966508495, 0.3893461229827577, 0.19109969064764742, 0.007504523810135222, 0.582935702506151, 0.657971330317151, 0.6820058709042134, 0.7877600143983359, 0.6885319869495272, 0.5976098250227618], [0.9808711888078729, 0.8413500568673997, 0.0, 0.30242033256582285, 0.5116089370898815, 0.12906297772464784, 0.28100625396602796, 0.679674103501837, 0.3601285977332913, 0.18956981188470223, 0.007616154688146137, 0.5705729312168648, 0.6299432477583209, 0.6540870022714039, 0.7654713555405407, 0.6936586434799664, 0.5658238936336075], [1.2912146628609769, 0.7460779502836223, 0.0, 0.32201066787874466, 0.4892299819161351, 0.12777316190310886, 0.2795804232190065, 0.6821139729947021, 0.36562430884549135, 0.1660165597144445, 0.007504523810135222, 0.5749454856284062, 0.6177110499353824, 0.6421051883760384, 0.7744876689958061, 0.6968158030864244, 0.5641199619253294], [1.5164980441011462, 0.8027960675691725, 0.0, 0.34189841595917697, 0.5077330226620959, 0.12547598760349715, 0.24430080611827024, 0.6833978565494012, 0.3523897372597551, 0.17683485765197626, 0.007727725548673403, 0.5633559324450399, 0.6171354445468346, 0.639314991278605, 0.7644271800857427, 0.66783480463246, 0.5641585973315745]], "features_2": [[0.310034886556422, 0.823095593561284, 0.0, 0.2873418460983921, 0.5211230295053756, 0.12078665345101422, 0.29683687321485197, 0.6875839189921324, 0.34485496425708284, 0.17547545980641988, 0.00683347364535547, 0.5949082503785446, 0.6334863879654268, 0.6497327490965213, 0.7636618102046183, 0.6942581366306164, 0.583764261701826], [0.7131562966992715, 0.8343530608630677, 0.0, 0.27178068047175896, 0.5176293889593743, 0.12300681284256312, 0.2646465779461735, 0.6852925650198409, 0.3588778608137779, 0.17953915457300784, 0.00711334193318236, 0.5906465035140971, 0.6106706441831412, 0.6332058335695523, 0.7654543949363126, 0.7015673435798354, 0.5921398918626661], [0.21202894039055797, 0.919903358687751, 0.0, 0.25136741467568985, 0.5490502857491301, 0.12023602816330775, 0.29429544715352945, 0.6880137791331347, 0.34083510686585705, 0.19381364015065627, 0.00683347364535547, 0.5940982398225372, 0.6351963281753468, 0.6537114910298704, 0.759946411047482, 0.6826435582678394, 0.5902987513004686], [0.22618141448885964, 0.926093176138667, 0.0, 0.25744829990347334, 0.552853318819543, 0.11884378254215323, 0.27942765429116107, 0.6887641967064746, 0.3255186601103188, 0.19264891971822773, 0.00683347364535547, 0.5925374123093983, 0.628018801485586, 0.6431556819982083, 0.7569453133956612, 0.6738445727954122, 0.5837508203400821], [0.7248214973074436, 0.8268689314828988, 0.0, 0.24239838021079838, 0.512373292473399, 0.12392119004749168, 0.212083013812088, 0.683824594884543, 0.35692103061006497, 0.1776983835905015, 0.00711334193318236, 0.5900599383985807, 0.6126177884335965, 0.6296839170079733, 0.758633077895329, 0.6915016993271752, 0.5739688390993554], [0.3068814941791529, 0.9626624481651715, 0.0, 0.2399267218887676, 0.5594734528794839, 0.11958728090487322, 0.254569708185916, 0.6881603258401254, 0.33253480782777456, 0.1998193074895489, 0.007001439975721224, 0.5943338226387849, 0.6192903242571819, 0.6364991210347347, 0.7558281343800073, 0.6883363195881568, 0.5870677407980597], [0.2996394062051042, 0.9495259787478937, 0.0, 0.2105914228374469, 0.5548067578380764, 0.11931639084839024, 0.2614962374447174, 0.6881645917637822, 0.3225844811422163, 0.19440112981526547, 0.006889477554966383, 0.596904864903232, 0.6296131403548538, 0.6153777122575447, 0.7516821521763392, 0.7057835593047314, 0.5841970066519284], [0.11477651410235445, 0.7705667241710502, 0.0, 0.21344073678272907, 0.5034818668716993, 0.12251820958869436, 0.2568487658961601, 0.6861027520679288, 0.32845234693558845, 0.16622779251221265, 0.00711334193318236, 0.6046752421318542, 0.6329705637874044, 0.6471548944864607, 0.7546601042466123, 0.6980192305639105, 0.5580576200304921], [0.12123469089630268, 0.8684588295489786, 0.0, 0.23154086058583456, 0.5345284795306184, 0.118980285110516, 0.24694202760509754, 0.6886757141773476, 0.31436584881177354, 0.1806583342860104, 0.007225183508792421, 0.6029605057063188, 0.6307967254568554, 0.6371915618132665, 0.7490542519024647, 0.693435094674583, 0.5628737225245497]]}