{"labels_1": ["1", "2", "3", "4", "5", "6", "7", "8", "9"], "labels_2": ["1", "2", "3", "4", "5", "6", "7", "8", "9"], "adj_matrix_1": [[0.0, 0.14475, 0.15978, 0.10445, 0.34911, 0.28049, 0.36028, 0.06781, 0.25183], [0.14475, 0.0, 0.01671, 0.04312, 0.25846, 0.16322, 0.27517, 0.20244, 0.30079], [0.15978, 0.01671, 0.0, 0.05967, 0.24531, 0.14793, 0.26253, 0.2157, 0.30376], [0.10445, 0.04312, 0.05967, 0.0, 0.29012, 0.20128, 0.30547, 0.16624, 0.29072], [0.34911, 0.25846, 0.24531, 0.29012, 0.0, 0.10884, 0.02093, 0.36982, 0.31077], [0.28049, 0.16322, 0.14793, 0.20128, 0.10884, 0.0, 0.1291, 0.31696, 0.31515], [0.36028, 0.27517, 0.26253, 0.30547, 0.02093, 0.1291, 0.0, 0.378, 0.30899], [0.06781, 0.20244, 0.2157, 0.16624, 0.36982, 0.31696, 0.378, 0.0, 0.21441], [0.25183, 0.30079, 0.30376, 0.29072, 0.31077, 0.31515, 0.30899, 0.21441, 0.0]], "adj_matrix_2": [[0.0, 0.06508, 0.04546, 0.00588, 0.17671, 0.08706, 0.13486, 0.12182, 0.21617], [0.06508, 0.0, 0.10879, 0.0708, 0.12088, 0.14765, 0.19103, 0.17936, 0.26165], [0.04546, 0.10879, 0.0, 0.03964, 0.21113, 0.04243, 0.09211, 0.07841, 0.17896], [0.00588, 0.0708, 0.03964, 0.0, 0.18131, 0.08141, 0.12952, 0.11634, 0.21163], [0.17671, 0.12088, 0.21113, 0.18131, 0.0, 0.23976, 0.26955, 0.26189, 0.31267], [0.08706, 0.14765, 0.04243, 0.08141, 0.23976, 0.0, 0.05055, 0.03652, 0.14111], [0.13486, 0.19103, 0.09211, 0.12952, 0.26955, 0.05055, 0.0, 0.01413, 0.09318], [0.12182, 0.17936, 0.07841, 0.11634, 0.26189, 0.03652, 0.01413, 0.0, 0.10676], [0.21617, 0.26165, 0.17896, 0.21163, 0.31267, 0.14111, 0.09318, 0.10676, 0.0]], "features_1": [[-0.11073562935979808, 0.668153817026392, 0.0, 0.2255000188210069, 0.46631236530516984, 0.12796741959913224, 0.23932097653088746, 0.6817225287396942, 0.374237673905911, 0.15348147371390075, 0.007392832833969631, 0.6199860317070116, 0.6507729398818466, 0.6815939471569472, 0.7747486329831144, 0.6872078135883266, 0.605729981544954], [-0.17081224380006743, 0.6591358131601854, 0.0, 0.1919048180681401, 0.4568584127846234, 0.13324668589262528, 0.23041271425426899, 0.6768945853809166, 0.4050065138711534, 0.1566373222291555, 0.007950687539111767, 0.6258980947390902, 0.6482710406998771, 0.6712009268539327, 0.7862303471335029, 0.706492211995465, 0.6219276915498898], [-0.18448799878528677, 0.7716562554577325, 0.0, 0.22328686985285465, 0.5000914013494383, 0.12935074006718036, 0.27066637559970913, 0.6811107200189843, 0.38293124387809296, 0.17804686591822927, 0.007448685839370306, 0.6228838516521127, 0.6571494815812987, 0.6788426886223006, 0.7819205801112854, 0.6889365001943215, 0.6151047105104376], [-0.11292599568680783, 0.783881328802787, 0.0, 0.21951267982376466, 0.5038338514193142, 0.12962503401319161, 0.23057447510218196, 0.6803353770549041, 0.38411212609901013, 0.18095107289980028, 0.007504523810135222, 0.6202578858020962, 0.6572521235957683, 0.6819933996718479, 0.7781098763053081, 0.6986874527118554, 0.6132423222724307], [-0.23808468545832406, 0.7024902485621899, 0.0, 0.1830876725791868, 0.4708881554328048, 0.13388509731753953, 0.2361813608603555, 0.676244112015005, 0.3991705459570398, 0.16563623382202386, 0.007671947615560004, 0.6359605581016801, 0.6605122784470898, 0.6447829107751452, 0.7880918121718525, 0.7272631020854484, 0.6191924993001169], [-0.25937003830434957, 0.8343823665805242, 0.0, 0.20664515685143342, 0.5166085332289466, 0.13202709693466058, 0.3007555623698536, 0.679651598506641, 0.39493669233575135, 0.19409336706877944, 0.007225183508792421, 0.6277935502898, 0.6661155324526041, 0.6741640226018377, 0.7918823374261034, 0.7095927054699808, 0.622925959716346], [-0.6423447325889318, 0.7633903733311136, 0.0, 0.19993344716244882, 0.4926675036396164, 0.13174760552519105, 0.2499284284455811, 0.6779085363367554, 0.39520909469982124, 0.1840249387960402, 0.007560346756364078, 0.6407472467545596, 0.653403209738808, 0.6832393070668209, 0.7814988525145965, 0.678339149097348, 0.6165050282250338], [-0.07625766821055047, 0.7434244529926587, 0.0, 0.21176967028312, 0.48329009083929964, 0.13231721282494888, 0.21577562143561693, 0.676496357496222, 0.39383863755386317, 0.17436017836388906, 0.007671947615560004, 0.6114398043622284, 0.6362736802834607, 0.669629405229557, 0.7795120934507984, 0.6968848286516124, 0.6084087031194768], [0.07053006602646317, 0.7740405020267476, 0.0, 0.23307305367867148, 0.4983024726029214, 0.1297596787928052, 0.23337259496224405, 0.6797043250734619, 0.3827286228101763, 0.17967666227726653, 0.007448685839370306, 0.5958563984166796, 0.6428029064844415, 0.6670558938915769, 0.7763116428139193, 0.6968884155540009, 0.6092232892837567]], "features_2": [[0.310034886556422, 0.823095593561284, 0.0, 0.2873418460983921, 0.5211230295053756, 0.12078665345101422, 0.29683687321485197, 0.6875839189921324, 0.34485496425708284, 0.17547545980641988, 0.00683347364535547, 0.5949082503785446, 0.6334863879654268, 0.6497327490965213, 0.7636618102046183, 0.6942581366306164, 0.583764261701826], [0.7131562966992715, 0.8343530608630677, 0.0, 0.27178068047175896, 0.5176293889593743, 0.12300681284256312, 0.2646465779461735, 0.6852925650198409, 0.3588778608137779, 0.17953915457300784, 0.00711334193318236, 0.5906465035140971, 0.6106706441831412, 0.6332058335695523, 0.7654543949363126, 0.7015673435798354, 0.5921398918626661], [0.21202894039055797, 0.919903358687751, 0.0, 0.25136741467568985, 0.5490502857491301, 0.12023602816330775, 0.29429544715352945, 0.6880137791331347, 0.34083510686585705, 0.19381364015065627, 0.00683347364535547, 0.5940982398225372, 0.6351963281753468, 0.6537114910298704, 0.759946411047482, 0.6826435582678394, 0.5902987513004686], [0.22618141448885964, 0.926093176138667, 0.0, 0.25744829990347334, 0.552853318819543, 0.11884378254215323, 0.27942765429116107, 0.6887641967064746, 0.3255186601103188, 0.19264891971822773, 0.00683347364535547, 0.5925374123093983, 0.628018801485586, 0.6431556819982083, 0.7569453133956612, 0.6738445727954122, 0.5837508203400821], [0.7248214973074436, 0.8268689314828988, 0.0, 0.24239838021079838, 0.512373292473399, 0.12392119004749168, 0.212083013812088, 0.683824594884543, 0.35692103061006497, 0.1776983835905015, 0.00711334193318236, 0.5900599383985807, 0.6126177884335965, 0.6296839170079733, 0.758633077895329, 0.6915016993271752, 0.5739688390993554], [0.3068814941791529, 0.9626624481651715, 0.0, 0.2399267218887676, 0.5594734528794839, 0.11958728090487322, 0.254569708185916, 0.6881603258401254, 0.33253480782777456, 0.1998193074895489, 0.007001439975721224, 0.5943338226387849, 0.6192903242571819, 0.6364991210347347, 0.7558281343800073, 0.6883363195881568, 0.5870677407980597], [0.2996394062051042, 0.9495259787478937, 0.0, 0.2105914228374469, 0.5548067578380764, 0.11931639084839024, 0.2614962374447174, 0.6881645917637822, 0.3225844811422163, 0.19440112981526547, 0.006889477554966383, 0.596904864903232, 0.6296131403548538, 0.6153777122575447, 0.7516821521763392, 0.7057835593047314, 0.5841970066519284], [0.11477651410235445, 0.7705667241710502, 0.0, 0.21344073678272907, 0.5034818668716993, 0.12251820958869436, 0.2568487658961601, 0.6861027520679288, 0.32845234693558845, 0.16622779251221265, 0.00711334193318236, 0.6046752421318542, 0.6329705637874044, 0.6471548944864607, 0.7546601042466123, 0.6980192305639105, 0.5580576200304921], [0.12123469089630268, 0.8684588295489786, 0.0, 0.23154086058583456, 0.5345284795306184, 0.118980285110516, 0.24694202760509754, 0.6886757141773476, 0.31436584881177354, 0.1806583342860104, 0.007225183508792421, 0.6029605057063188, 0.6307967254568554, 0.6371915618132665, 0.7490542519024647, 0.693435094674583, 0.5628737225245497]]}