{"labels_1": ["1", "2", "3", "4", "5", "6", "7", "8", "9"], "labels_2": ["1", "2", "3", "4", "5", "6", "7", "8", "9"], "adj_matrix_1": [[0.0, 0.14475, 0.15978, 0.10445, 0.34911, 0.28049, 0.36028, 0.06781, 0.25183], [0.14475, 0.0, 0.01671, 0.04312, 0.25846, 0.16322, 0.27517, 0.20244, 0.30079], [0.15978, 0.01671, 0.0, 0.05967, 0.24531, 0.14793, 0.26253, 0.2157, 0.30376], [0.10445, 0.04312, 0.05967, 0.0, 0.29012, 0.20128, 0.30547, 0.16624, 0.29072], [0.34911, 0.25846, 0.24531, 0.29012, 0.0, 0.10884, 0.02093, 0.36982, 0.31077], [0.28049, 0.16322, 0.14793, 0.20128, 0.10884, 0.0, 0.1291, 0.31696, 0.31515], [0.36028, 0.27517, 0.26253, 0.30547, 0.02093, 0.1291, 0.0, 0.378, 0.30899], [0.06781, 0.20244, 0.2157, 0.16624, 0.36982, 0.31696, 0.378, 0.0, 0.21441], [0.25183, 0.30079, 0.30376, 0.29072, 0.31077, 0.31515, 0.30899, 0.21441, 0.0]], "adj_matrix_2": [[0.0, 0.03946, 0.04429, 0.11565, 0.01382, 0.14239, 0.33111, 0.15532, 0.201], [0.03946, 0.0, 0.00488, 0.15137, 0.05312, 0.17649, 0.34514, 0.18861, 0.17158], [0.04429, 0.00488, 0.0, 0.15567, 0.0579, 0.18059, 0.34667, 0.19242, 0.16757], [0.11565, 0.15137, 0.15567, 0.0, 0.10264, 0.02901, 0.26217, 0.04329, 0.27006], [0.01382, 0.05312, 0.0579, 0.10264, 0.0, 0.12982, 0.32494, 0.14307, 0.21064], [0.14239, 0.17649, 0.18059, 0.02901, 0.12982, 0.0, 0.24016, 0.01436, 0.28274], [0.33111, 0.34514, 0.34667, 0.26217, 0.32494, 0.24016, 0.0, 0.22853, 0.338], [0.15532, 0.18861, 0.19242, 0.04329, 0.14307, 0.01436, 0.22853, 0.0, 0.28898], [0.201, 0.17158, 0.16757, 0.27006, 0.21064, 0.28274, 0.338, 0.28898, 0.0]], "features_1": [[-0.11073562935979808, 0.668153817026392, 0.0, 0.2255000188210069, 0.46631236530516984, 0.12796741959913224, 0.23932097653088746, 0.6817225287396942, 0.374237673905911, 0.15348147371390075, 0.007392832833969631, 0.6199860317070116, 0.6507729398818466, 0.6815939471569472, 0.7747486329831144, 0.6872078135883266, 0.605729981544954], [-0.17081224380006743, 0.6591358131601854, 0.0, 0.1919048180681401, 0.4568584127846234, 0.13324668589262528, 0.23041271425426899, 0.6768945853809166, 0.4050065138711534, 0.1566373222291555, 0.007950687539111767, 0.6258980947390902, 0.6482710406998771, 0.6712009268539327, 0.7862303471335029, 0.706492211995465, 0.6219276915498898], [-0.18448799878528677, 0.7716562554577325, 0.0, 0.22328686985285465, 0.5000914013494383, 0.12935074006718036, 0.27066637559970913, 0.6811107200189843, 0.38293124387809296, 0.17804686591822927, 0.007448685839370306, 0.6228838516521127, 0.6571494815812987, 0.6788426886223006, 0.7819205801112854, 0.6889365001943215, 0.6151047105104376], [-0.11292599568680783, 0.783881328802787, 0.0, 0.21951267982376466, 0.5038338514193142, 0.12962503401319161, 0.23057447510218196, 0.6803353770549041, 0.38411212609901013, 0.18095107289980028, 0.007504523810135222, 0.6202578858020962, 0.6572521235957683, 0.6819933996718479, 0.7781098763053081, 0.6986874527118554, 0.6132423222724307], [-0.23808468545832406, 0.7024902485621899, 0.0, 0.1830876725791868, 0.4708881554328048, 0.13388509731753953, 0.2361813608603555, 0.676244112015005, 0.3991705459570398, 0.16563623382202386, 0.007671947615560004, 0.6359605581016801, 0.6605122784470898, 0.6447829107751452, 0.7880918121718525, 0.7272631020854484, 0.6191924993001169], [-0.25937003830434957, 0.8343823665805242, 0.0, 0.20664515685143342, 0.5166085332289466, 0.13202709693466058, 0.3007555623698536, 0.679651598506641, 0.39493669233575135, 0.19409336706877944, 0.007225183508792421, 0.6277935502898, 0.6661155324526041, 0.6741640226018377, 0.7918823374261034, 0.7095927054699808, 0.622925959716346], [-0.6423447325889318, 0.7633903733311136, 0.0, 0.19993344716244882, 0.4926675036396164, 0.13174760552519105, 0.2499284284455811, 0.6779085363367554, 0.39520909469982124, 0.1840249387960402, 0.007560346756364078, 0.6407472467545596, 0.653403209738808, 0.6832393070668209, 0.7814988525145965, 0.678339149097348, 0.6165050282250338], [-0.07625766821055047, 0.7434244529926587, 0.0, 0.21176967028312, 0.48329009083929964, 0.13231721282494888, 0.21577562143561693, 0.676496357496222, 0.39383863755386317, 0.17436017836388906, 0.007671947615560004, 0.6114398043622284, 0.6362736802834607, 0.669629405229557, 0.7795120934507984, 0.6968848286516124, 0.6084087031194768], [0.07053006602646317, 0.7740405020267476, 0.0, 0.23307305367867148, 0.4983024726029214, 0.1297596787928052, 0.23337259496224405, 0.6797043250734619, 0.3827286228101763, 0.17967666227726653, 0.007448685839370306, 0.5958563984166796, 0.6428029064844415, 0.6670558938915769, 0.7763116428139193, 0.6968884155540009, 0.6092232892837567]], "features_2": [[0.9696349096454435, 0.9444339418140091, 0.0, 0.2620111785679348, 0.5700599391323726, 0.11117422835096671, 0.3307341605600328, 0.6923268624345154, 0.28536940463745397, 0.1797562656851781, 0.006889477554966383, 0.5741266973048886, 0.6289472384176803, 0.6091556719973243, 0.7382404914079739, 0.6728852961878208, 0.5100487605867633], [0.8816333473519071, 0.9119923635035057, 0.0, 0.25837616866364793, 0.5572528553053149, 0.1136309299862675, 0.3572009092617904, 0.6916433658123611, 0.295401976122152, 0.1775557646563366, 0.006889477554966383, 0.580225218079272, 0.6135512015709231, 0.594361028112933, 0.7457931869420898, 0.6756868416063171, 0.5207802259949017], [0.7872898044162588, 1.0780345388217312, 0.0, 0.2497069617075697, 0.5983364092605072, 0.11344888512319727, 0.35216287777731525, 0.6918115487533352, 0.3001876979942686, 0.20720126060130273, 0.007001439975721224, 0.5804783675316671, 0.627696210196547, 0.616777044869283, 0.747212142491629, 0.6777293912324215, 0.5242789619138108], [0.44498118428291544, 1.043313735817516, 0.0, 0.24304759778965054, 0.5884724210731966, 0.11616784899067013, 0.3358682754775778, 0.6907596151896102, 0.3160985707889148, 0.20791607646904464, 0.007392832833969631, 0.590605658366298, 0.631722307410481, 0.6329852980107866, 0.7540154586627111, 0.6885817284759315, 0.5500175480581111], [0.7244730419368413, 0.8558328054236977, 0.0, 0.24718669946577623, 0.5399505907457953, 0.11586292104038304, 0.33491319419128446, 0.6907251842076838, 0.2955436481316651, 0.170183359866382, 0.00683347364535547, 0.5889955479903743, 0.6204688226977376, 0.6128760850229207, 0.751842851234393, 0.6837530224929842, 0.5220938734802443], [0.37448616232086573, 1.0714054558777033, 0.0, 0.23095787540531373, 0.5924729018947129, 0.1186324096294952, 0.38977063789408606, 0.69021294730098, 0.3246727315852189, 0.21505019410746762, 0.007057398507269275, 0.6008498696389173, 0.6315525507800203, 0.614405460746334, 0.7664033360200937, 0.692633273293671, 0.5517317205565389], [0.01367825235094422, 0.9496227109476358, 0.0, 0.22239125430505324, 0.5626916241991965, 0.12036174060477459, 0.320808159913053, 0.6886925042382099, 0.3172244225071177, 0.19638185141293518, 0.0069454663283523566, 0.6193109787902702, 0.6494758206814374, 0.6317335323383798, 0.7646869275913286, 0.6899693165487147, 0.5625588938810009], [0.2829315426186003, 0.7529641104424368, 0.0, 0.214601543412919, 0.5036225467155784, 0.12649346006803738, 0.3677571641040238, 0.6855768609088821, 0.36599863818308, 0.1675459432696924, 0.00711334193318236, 0.6176001406012486, 0.6717346336086796, 0.6791309072024082, 0.7825631536363252, 0.706941603685929, 0.5729870015966955], [0.7587980778373282, 0.828859323873685, 0.0, 0.22598625752604, 0.5245751065017819, 0.12682054221379546, 0.32451949542068304, 0.6847084121830078, 0.36609909624943393, 0.1812537081712866, 0.007336964783822175, 0.5883643326636765, 0.6345707469761779, 0.6532469334092967, 0.7792846087379293, 0.7033601958805462, 0.5862830121673992]]}