{"labels_1": ["1", "2", "3", "4", "5", "6", "7", "8", "9"], "labels_2": ["1", "2", "3", "4", "5", "6", "7", "8", "9"], "adj_matrix_1": [[0.0, 0.04958, 0.0312, 0.03427, 0.04962, 0.01217, 0.04623, 0.20475, 0.13771], [0.04958, 0.0, 0.08019, 0.01541, 5e-05, 0.03751, 0.00338, 0.16207, 0.09078], [0.0312, 0.08019, 0.0, 0.06516, 0.08022, 0.0433, 0.07691, 0.22923, 0.16561], [0.03427, 0.01541, 0.06516, 0.0, 0.01546, 0.02215, 0.01204, 0.17567, 0.10556], [0.04962, 5e-05, 0.08022, 0.01546, 0.0, 0.03755, 0.00342, 0.16203, 0.09074], [0.01217, 0.03751, 0.0433, 0.02215, 0.03755, 0.0, 0.03415, 0.19463, 0.12644], [0.04623, 0.00338, 0.07691, 0.01204, 0.00342, 0.03415, 0.0, 0.16507, 0.09404], [0.20475, 0.16207, 0.22923, 0.17567, 0.16203, 0.19463, 0.16507, 0.0, 0.0754], [0.13771, 0.09078, 0.16561, 0.10556, 0.09074, 0.12644, 0.09404, 0.0754, 0.0]], "adj_matrix_2": [[0.0, 0.20835, 0.06888, 0.06138, 0.16668, 0.12077, 0.09859, 0.20166, 0.20845], [0.20835, 0.0, 0.16704, 0.17226, 0.07272, 0.12431, 0.14409, 0.01511, 0.00014], [0.06888, 0.16704, 0.0, 0.00777, 0.11009, 0.05601, 0.03156, 0.15688, 0.1672], [0.06138, 0.17226, 0.00777, 0.0, 0.11686, 0.06353, 0.03924, 0.16246, 0.17242], [0.16668, 0.07272, 0.11009, 0.11686, 0.0, 0.05766, 0.08132, 0.05838, 0.07284], [0.12077, 0.12431, 0.05601, 0.06353, 0.05766, 0.0, 0.02486, 0.11175, 0.12447], [0.09859, 0.14409, 0.03156, 0.03924, 0.08132, 0.02486, 0.0, 0.13252, 0.14426], [0.20166, 0.01511, 0.15688, 0.16246, 0.05838, 0.11175, 0.13252, 0.0, 0.01525], [0.20845, 0.00014, 0.1672, 0.17242, 0.07284, 0.12447, 0.14426, 0.01525, 0.0]], "features_1": [[-0.016412847281558562, 1.0013415867604027, 0.0, 0.22257479104054273, 0.5831440422989562, 0.11414980215015799, 0.32914375872598783, 0.6914654642220279, 0.29506983104270046, 0.19840358842265982, 0.007001439975721224, 0.5934505823051208, 0.6291170197654576, 0.6218501730118736, 0.7487900120732027, 0.6676939878628646, 0.5607996510900224], [0.0487960994918466, 0.9632016038760649, 0.0, 0.22823827845551756, 0.5747440386810049, 0.11515819814552017, 0.3756948505008573, 0.691335279019615, 0.3067687415817564, 0.1935036524069551, 0.00677745458930179, 0.5990907805821197, 0.6557845153252904, 0.6224064836794332, 0.7566342137389174, 0.6854379115319775, 0.5718878335424853], [0.02470009868306322, 1.1502524595379326, 0.0, 0.21781931641933822, 0.6139321828355887, 0.11494041024831646, 0.3110854268366715, 0.6910916459163088, 0.29538620402384064, 0.2238168548839694, 0.0069454663283523566, 0.5930297739045194, 0.635391897883686, 0.6286762292727327, 0.7491664682800989, 0.6874054587816879, 0.5657592167576334], [-0.15409868587394193, 1.086316246801328, 0.0, 0.2313918183356354, 0.6015752488546167, 0.11564527107886689, 0.3535681582717622, 0.6910710375038114, 0.29718306216128076, 0.2167256890980238, 0.0066653709969386465, 0.5976842639721873, 0.6336214947454709, 0.6389536046366454, 0.7551221864435701, 0.6885029553760746, 0.5653093270584205], [0.11304823382480711, 0.9223541061828548, 0.0, 0.21731048002535353, 0.5565696804042601, 0.1215130859535478, 0.3484862806296512, 0.6882487754294518, 0.34198664607832385, 0.1956482774205297, 0.007281081678807366, 0.6028399322180968, 0.6342703227859673, 0.6242125688533708, 0.7717298847595553, 0.68673035962195, 0.5918500047139089], [0.1114313124520252, 1.117521955017776, 0.0, 0.2182866492791839, 0.6050569178095828, 0.11780392269639582, 0.33837880588917457, 0.6900468598439393, 0.3125878819320491, 0.22333463090983008, 0.006721420376576193, 0.5966408776713483, 0.6355414121899494, 0.6354043386035616, 0.7599964637282072, 0.7058737909164823, 0.5781269217664485], [0.0667264168467625, 0.9968568772947275, 0.0, 0.22083074183758092, 0.5734896854204573, 0.12059546674123567, 0.3052496940316288, 0.6883066960973991, 0.3167694030952197, 0.20712241446987867, 0.006609306440138685, 0.598689304506792, 0.6378673728626375, 0.663460509330806, 0.7634255974474775, 0.6937862952652561, 0.5766288526550879], [-0.23471418241262798, 0.7970616889927886, 0.0, 0.24240624933854746, 0.5122822174460695, 0.1284247529848168, 0.26147060992943877, 0.6822433905974669, 0.3607498033457568, 0.18211840877878127, 0.007504523810135222, 0.6280449738742786, 0.6591628442323638, 0.6749840068511732, 0.779076162139231, 0.6853155663674456, 0.6046352286344795], [-0.11561232363870477, 0.8313601342458092, 0.0, 0.2575414834609624, 0.5209942159543434, 0.12887601016742498, 0.23867949126172688, 0.681395844813241, 0.35310265327326706, 0.1882654538534474, 0.00716927026363523, 0.621171370115452, 0.6477957259641036, 0.6642059457707582, 0.7771411884068035, 0.6819681144264147, 0.6038437029451139]], "features_2": [[0.30214567699002126, 0.8420764389036033, 0.0, 0.3175377127758806, 0.5246895162524222, 0.13104939191588832, 0.3882395688273036, 0.6818711111355544, 0.39644088858531346, 0.19560692017018955, 0.007727725548673403, 0.5930248168267389, 0.6343246754883256, 0.6718033198175267, 0.7868884426174146, 0.6884709939476168, 0.5851119116454234], [0.9753996047521238, 0.7845876572357073, 0.0, 0.3210428422308108, 0.5103327578942409, 0.12633703333900753, 0.36207827515492286, 0.6850235031255556, 0.370344245865347, 0.1747833159335428, 0.007504523810135222, 0.5779413408281033, 0.639248541330169, 0.6708486318374897, 0.7786970698914901, 0.6946701123646244, 0.5757810466117521], [0.5971744508015422, 0.9173486835376249, 0.0, 0.3216709731049315, 0.550085773692534, 0.1260584416483903, 0.3845708007492014, 0.6854029600050295, 0.3689482047256025, 0.20217661055091019, 0.007727725548673403, 0.5827235726658992, 0.630166191564813, 0.6648494333282114, 0.7761766448260996, 0.6729731501153428, 0.5700037872956537], [0.6270404011141557, 0.935757495290511, 0.0, 0.2971451972168231, 0.5531665576113185, 0.12908880030259196, 0.40266096113160116, 0.6835150871764357, 0.3808528184424098, 0.20875274134925093, 0.007504523810135222, 0.5862753125292697, 0.6343132619029354, 0.6760039035735077, 0.7803798305901245, 0.6918610885370764, 0.5781684925758531], [1.1281788755387234, 0.7577201107460274, 0.0, 0.31911530613589606, 0.4988820721978737, 0.12907755027719583, 0.36038327138819853, 0.6826236242064505, 0.3878926911983074, 0.17069945741608739, 0.007616154688146137, 0.5752912086478643, 0.6445275786256155, 0.6610999541323576, 0.7814594759944569, 0.6920213945362967, 0.5855190018943079], [0.9772417974981265, 0.9283542259380068, 0.0, 0.2969090369793475, 0.5549555847320381, 0.12605351886062421, 0.4269512794292048, 0.6859438039635259, 0.37726232680651184, 0.20310941985768283, 0.008062078829516484, 0.5766371010808964, 0.6377481935598975, 0.6747140199555107, 0.7794039492658342, 0.69662424186935, 0.5727845495400835], [0.9180711114822113, 0.9459265987443309, 0.0, 0.2720945309314177, 0.5588370790010142, 0.12798790473123806, 0.41718099044747275, 0.6849727989738266, 0.37301451278796627, 0.20522733641708912, 0.007504523810135222, 0.5829682753074443, 0.6287102569959139, 0.6437063068129675, 0.7844055321179314, 0.7091607716959349, 0.5758415614366512], [1.3188711841990397, 0.7634508169127262, 0.0, 0.31076880127117634, 0.5033073699598188, 0.129693124450704, 0.3514154050209086, 0.6821973730520565, 0.3963368789826378, 0.1717873424182892, 0.007727725548673403, 0.5793936708277674, 0.6255526564859957, 0.6600923900735028, 0.7795556582248474, 0.7022832713361833, 0.5930533773050889], [1.7888937526114859, 0.8940862342559133, 0.0, 0.3373930703285411, 0.5502934417447878, 0.12290189960156772, 0.364983597583106, 0.6877638071986392, 0.3633050511982061, 0.18574729499546416, 0.007504523810135222, 0.5726563678267118, 0.6241353863402215, 0.6434356897579259, 0.7714261619377973, 0.7012018676439019, 0.5683883410269819]]}