{"labels_1": ["1", "2", "3", "4", "5", "6", "7", "8", "9"], "labels_2": ["1", "2", "3", "4", "5", "6", "7", "8", "9"], "adj_matrix_1": [[0.0, 0.04958, 0.0312, 0.03427, 0.04962, 0.01217, 0.04623, 0.20475, 0.13771], [0.04958, 0.0, 0.08019, 0.01541, 5e-05, 0.03751, 0.00338, 0.16207, 0.09078], [0.0312, 0.08019, 0.0, 0.06516, 0.08022, 0.0433, 0.07691, 0.22923, 0.16561], [0.03427, 0.01541, 0.06516, 0.0, 0.01546, 0.02215, 0.01204, 0.17567, 0.10556], [0.04962, 5e-05, 0.08022, 0.01546, 0.0, 0.03755, 0.00342, 0.16203, 0.09074], [0.01217, 0.03751, 0.0433, 0.02215, 0.03755, 0.0, 0.03415, 0.19463, 0.12644], [0.04623, 0.00338, 0.07691, 0.01204, 0.00342, 0.03415, 0.0, 0.16507, 0.09404], [0.20475, 0.16207, 0.22923, 0.17567, 0.16203, 0.19463, 0.16507, 0.0, 0.0754], [0.13771, 0.09078, 0.16561, 0.10556, 0.09074, 0.12644, 0.09404, 0.0754, 0.0]], "adj_matrix_2": [[0.0, 0.08626, 0.16869, 0.08525, 0.06705, 0.10933, 0.20573, 0.045, 0.26324], [0.08626, 0.0, 0.23379, 0.16497, 0.01974, 0.18581, 0.26011, 0.1287, 0.19675], [0.16869, 0.23379, 0.0, 0.09204, 0.22024, 0.06759, 0.0502, 0.12997, 0.33432], [0.08525, 0.16497, 0.09204, 0.0, 0.14771, 0.02552, 0.13749, 0.04114, 0.3105], [0.06705, 0.01974, 0.22024, 0.14771, 0.0, 0.1694, 0.2491, 0.11034, 0.2131], [0.10933, 0.18581, 0.06759, 0.02552, 0.1694, 0.0, 0.11486, 0.06622, 0.32005], [0.20573, 0.26011, 0.0502, 0.13749, 0.2491, 0.11486, 0.0, 0.17178, 0.33382], [0.045, 0.1287, 0.12997, 0.04114, 0.11034, 0.06622, 0.17178, 0.0, 0.29056], [0.26324, 0.19675, 0.33432, 0.3105, 0.2131, 0.32005, 0.33382, 0.29056, 0.0]], "features_1": [[-0.016412847281558562, 1.0013415867604027, 0.0, 0.22257479104054273, 0.5831440422989562, 0.11414980215015799, 0.32914375872598783, 0.6914654642220279, 0.29506983104270046, 0.19840358842265982, 0.007001439975721224, 0.5934505823051208, 0.6291170197654576, 0.6218501730118736, 0.7487900120732027, 0.6676939878628646, 0.5607996510900224], [0.0487960994918466, 0.9632016038760649, 0.0, 0.22823827845551756, 0.5747440386810049, 0.11515819814552017, 0.3756948505008573, 0.691335279019615, 0.3067687415817564, 0.1935036524069551, 0.00677745458930179, 0.5990907805821197, 0.6557845153252904, 0.6224064836794332, 0.7566342137389174, 0.6854379115319775, 0.5718878335424853], [0.02470009868306322, 1.1502524595379326, 0.0, 0.21781931641933822, 0.6139321828355887, 0.11494041024831646, 0.3110854268366715, 0.6910916459163088, 0.29538620402384064, 0.2238168548839694, 0.0069454663283523566, 0.5930297739045194, 0.635391897883686, 0.6286762292727327, 0.7491664682800989, 0.6874054587816879, 0.5657592167576334], [-0.15409868587394193, 1.086316246801328, 0.0, 0.2313918183356354, 0.6015752488546167, 0.11564527107886689, 0.3535681582717622, 0.6910710375038114, 0.29718306216128076, 0.2167256890980238, 0.0066653709969386465, 0.5976842639721873, 0.6336214947454709, 0.6389536046366454, 0.7551221864435701, 0.6885029553760746, 0.5653093270584205], [0.11304823382480711, 0.9223541061828548, 0.0, 0.21731048002535353, 0.5565696804042601, 0.1215130859535478, 0.3484862806296512, 0.6882487754294518, 0.34198664607832385, 0.1956482774205297, 0.007281081678807366, 0.6028399322180968, 0.6342703227859673, 0.6242125688533708, 0.7717298847595553, 0.68673035962195, 0.5918500047139089], [0.1114313124520252, 1.117521955017776, 0.0, 0.2182866492791839, 0.6050569178095828, 0.11780392269639582, 0.33837880588917457, 0.6900468598439393, 0.3125878819320491, 0.22333463090983008, 0.006721420376576193, 0.5966408776713483, 0.6355414121899494, 0.6354043386035616, 0.7599964637282072, 0.7058737909164823, 0.5781269217664485], [0.0667264168467625, 0.9968568772947275, 0.0, 0.22083074183758092, 0.5734896854204573, 0.12059546674123567, 0.3052496940316288, 0.6883066960973991, 0.3167694030952197, 0.20712241446987867, 0.006609306440138685, 0.598689304506792, 0.6378673728626375, 0.663460509330806, 0.7634255974474775, 0.6937862952652561, 0.5766288526550879], [-0.23471418241262798, 0.7970616889927886, 0.0, 0.24240624933854746, 0.5122822174460695, 0.1284247529848168, 0.26147060992943877, 0.6822433905974669, 0.3607498033457568, 0.18211840877878127, 0.007504523810135222, 0.6280449738742786, 0.6591628442323638, 0.6749840068511732, 0.779076162139231, 0.6853155663674456, 0.6046352286344795], [-0.11561232363870477, 0.8313601342458092, 0.0, 0.2575414834609624, 0.5209942159543434, 0.12887601016742498, 0.23867949126172688, 0.681395844813241, 0.35310265327326706, 0.1882654538534474, 0.00716927026363523, 0.621171370115452, 0.6477957259641036, 0.6642059457707582, 0.7771411884068035, 0.6819681144264147, 0.6038437029451139]], "features_2": [[-0.10086864500798942, 0.7070979840059745, 0.0, 0.2285095773037663, 0.4566452197821486, 0.141893260915044, 0.14172084744545188, 0.664141573676817, 0.4365049373882277, 0.17779674129354528, 0.008006390651371653, 0.6164269392490653, 0.6565528860384633, 0.6882943843056165, 0.792820033339441, 0.6996970311827697, 0.6262592844565189], [-0.09392314784556177, 0.6473559079029393, 0.0, 0.23109370834003806, 0.44118780346314873, 0.14068357478240046, 0.17561866989325167, 0.6676178897387341, 0.4245193647806953, 0.1609008932351348, 0.007392832833969631, 0.6257597335109155, 0.6673547296453906, 0.6913437535607946, 0.7953677679711452, 0.694409757942542, 0.6280137395340841], [0.14387343899492722, 0.7845621611550203, 0.0, 0.2513608854914495, 0.48133162131476676, 0.1427576103837912, 0.14130380772164983, 0.6639814502684864, 0.4424275035677052, 0.19419247679106588, 0.00783923647221818, 0.6117236685830372, 0.6588204355661463, 0.6868154319457375, 0.7953535665573427, 0.7172350619528103, 0.6298581848521655], [-0.024793842799330168, 0.8580945745106111, 0.0, 0.23070375027375864, 0.4963291369828059, 0.14340242446414636, 0.08868071659840737, 0.6596321101881146, 0.44372756209342, 0.21302720446539003, 0.007894969482732161, 0.6137330918530979, 0.6369768936013439, 0.6783043401555268, 0.7879151607292612, 0.7167077789717474, 0.6190253212938974], [-0.023112722921537543, 0.6229028422945548, 0.0, 0.2024473021563786, 0.4267606324123428, 0.1446279363120254, 0.15796969795046678, 0.6618234934847833, 0.4511203107815034, 0.15874878867181152, 0.008173410423425675, 0.6230662971977563, 0.6619400298980751, 0.7061241897650418, 0.8002883797947195, 0.715392701769162, 0.6284916960768206], [0.46399222631866044, 0.898628555205002, 0.0, 0.22739059484438162, 0.49773628305293804, 0.1521407578212234, 0.03940723189182478, 0.6440446015210262, 0.4986599016846578, 0.22711147995661962, 0.008284682400665488, 0.611909885327911, 0.6480104471384079, 0.6904097393579373, 0.7968984263114626, 0.7285156988604741, 0.6228563451317245], [0.05617505295222802, 0.7979872071754784, 0.0, 0.24697020533848676, 0.4804008488886976, 0.1437545177868728, 0.10998420982569783, 0.6599062357828254, 0.4633340001377, 0.2037255152998636, 0.008451478759474051, 0.6158710351966761, 0.6545623487190618, 0.6955373818771572, 0.792745282955816, 0.7073855789673622, 0.6153946898885527], [0.07985002401109265, 0.6720193481987674, 0.0, 0.20492177721948596, 0.4476718820497396, 0.1455054450444077, 0.1468816427218272, 0.6617109448097294, 0.4727192639395563, 0.17245663964150548, 0.008618141428105908, 0.6240538341821513, 0.6663457635074264, 0.6938302873560969, 0.8018949730566063, 0.7183524649290384, 0.6345671991336483], [-0.16487251410086623, 0.7383112872876317, 0.0, 0.21968818547152785, 0.4739531687411976, 0.14169882023939107, 0.17488847930986964, 0.6679566936156139, 0.4436866218120912, 0.18561458745566473, 0.008451478759474051, 0.6349267117335078, 0.6752677723596422, 0.7103293663599165, 0.7988942081047422, 0.7193547351309904, 0.6262256131518624]]}