{"labels_1": ["1", "2", "3", "4", "5", "6", "7", "8", "9"], "labels_2": ["1", "2", "3", "4", "5", "6", "7", "8", "9"], "adj_matrix_1": [[0.0, 0.04958, 0.0312, 0.03427, 0.04962, 0.01217, 0.04623, 0.20475, 0.13771], [0.04958, 0.0, 0.08019, 0.01541, 5e-05, 0.03751, 0.00338, 0.16207, 0.09078], [0.0312, 0.08019, 0.0, 0.06516, 0.08022, 0.0433, 0.07691, 0.22923, 0.16561], [0.03427, 0.01541, 0.06516, 0.0, 0.01546, 0.02215, 0.01204, 0.17567, 0.10556], [0.04962, 5e-05, 0.08022, 0.01546, 0.0, 0.03755, 0.00342, 0.16203, 0.09074], [0.01217, 0.03751, 0.0433, 0.02215, 0.03755, 0.0, 0.03415, 0.19463, 0.12644], [0.04623, 0.00338, 0.07691, 0.01204, 0.00342, 0.03415, 0.0, 0.16507, 0.09404], [0.20475, 0.16207, 0.22923, 0.17567, 0.16203, 0.19463, 0.16507, 0.0, 0.0754], [0.13771, 0.09078, 0.16561, 0.10556, 0.09074, 0.12644, 0.09404, 0.0754, 0.0]], "adj_matrix_2": [[0.0, 0.28942, 0.16319, 0.13653, 0.26116, 0.29833, 0.00112, 0.11336, 0.20603], [0.28942, 0.0, 0.17337, 0.19912, 0.04828, 0.01724, 0.28896, 0.21918, 0.28241], [0.16319, 0.17337, 0.0, 0.03067, 0.1295, 0.18836, 0.1623, 0.056, 0.27132], [0.13653, 0.19912, 0.03067, 0.0, 0.15725, 0.21331, 0.13558, 0.02556, 0.2644], [0.26116, 0.04828, 0.1295, 0.15725, 0.0, 0.06531, 0.26055, 0.17927, 0.28355], [0.29833, 0.01724, 0.18836, 0.21331, 0.06531, 0.0, 0.29805, 0.23248, 0.28122], [0.00112, 0.28896, 0.1623, 0.13558, 0.26055, 0.29805, 0.0, 0.11231, 0.20663], [0.11336, 0.21918, 0.056, 0.02556, 0.17927, 0.23248, 0.11231, 0.0, 0.2573], [0.20603, 0.28241, 0.27132, 0.2644, 0.28355, 0.28122, 0.20663, 0.2573, 0.0]], "features_1": [[-0.016412847281558562, 1.0013415867604027, 0.0, 0.22257479104054273, 0.5831440422989562, 0.11414980215015799, 0.32914375872598783, 0.6914654642220279, 0.29506983104270046, 0.19840358842265982, 0.007001439975721224, 0.5934505823051208, 0.6291170197654576, 0.6218501730118736, 0.7487900120732027, 0.6676939878628646, 0.5607996510900224], [0.0487960994918466, 0.9632016038760649, 0.0, 0.22823827845551756, 0.5747440386810049, 0.11515819814552017, 0.3756948505008573, 0.691335279019615, 0.3067687415817564, 0.1935036524069551, 0.00677745458930179, 0.5990907805821197, 0.6557845153252904, 0.6224064836794332, 0.7566342137389174, 0.6854379115319775, 0.5718878335424853], [0.02470009868306322, 1.1502524595379326, 0.0, 0.21781931641933822, 0.6139321828355887, 0.11494041024831646, 0.3110854268366715, 0.6910916459163088, 0.29538620402384064, 0.2238168548839694, 0.0069454663283523566, 0.5930297739045194, 0.635391897883686, 0.6286762292727327, 0.7491664682800989, 0.6874054587816879, 0.5657592167576334], [-0.15409868587394193, 1.086316246801328, 0.0, 0.2313918183356354, 0.6015752488546167, 0.11564527107886689, 0.3535681582717622, 0.6910710375038114, 0.29718306216128076, 0.2167256890980238, 0.0066653709969386465, 0.5976842639721873, 0.6336214947454709, 0.6389536046366454, 0.7551221864435701, 0.6885029553760746, 0.5653093270584205], [0.11304823382480711, 0.9223541061828548, 0.0, 0.21731048002535353, 0.5565696804042601, 0.1215130859535478, 0.3484862806296512, 0.6882487754294518, 0.34198664607832385, 0.1956482774205297, 0.007281081678807366, 0.6028399322180968, 0.6342703227859673, 0.6242125688533708, 0.7717298847595553, 0.68673035962195, 0.5918500047139089], [0.1114313124520252, 1.117521955017776, 0.0, 0.2182866492791839, 0.6050569178095828, 0.11780392269639582, 0.33837880588917457, 0.6900468598439393, 0.3125878819320491, 0.22333463090983008, 0.006721420376576193, 0.5966408776713483, 0.6355414121899494, 0.6354043386035616, 0.7599964637282072, 0.7058737909164823, 0.5781269217664485], [0.0667264168467625, 0.9968568772947275, 0.0, 0.22083074183758092, 0.5734896854204573, 0.12059546674123567, 0.3052496940316288, 0.6883066960973991, 0.3167694030952197, 0.20712241446987867, 0.006609306440138685, 0.598689304506792, 0.6378673728626375, 0.663460509330806, 0.7634255974474775, 0.6937862952652561, 0.5766288526550879], [-0.23471418241262798, 0.7970616889927886, 0.0, 0.24240624933854746, 0.5122822174460695, 0.1284247529848168, 0.26147060992943877, 0.6822433905974669, 0.3607498033457568, 0.18211840877878127, 0.007504523810135222, 0.6280449738742786, 0.6591628442323638, 0.6749840068511732, 0.779076162139231, 0.6853155663674456, 0.6046352286344795], [-0.11561232363870477, 0.8313601342458092, 0.0, 0.2575414834609624, 0.5209942159543434, 0.12887601016742498, 0.23867949126172688, 0.681395844813241, 0.35310265327326706, 0.1882654538534474, 0.00716927026363523, 0.621171370115452, 0.6477957259641036, 0.6642059457707582, 0.7771411884068035, 0.6819681144264147, 0.6038437029451139]], "features_2": [[0.3296464392567038, 0.6801630020427921, 0.0, 0.24633105959534077, 0.48556090147142034, 0.12293051377598099, 0.4274057457619861, 0.6881177539444767, 0.3380836373827887, 0.14672078242199604, 0.00677745458930179, 0.5983344899823644, 0.6305944046317871, 0.6628427125020293, 0.7705375522516081, 0.684059334190295, 0.5836095184622717], [-0.059868153319869055, 0.6554068843993619, 0.0, 0.2250230323193485, 0.47798355429127853, 0.1233277040504694, 0.45455815204803046, 0.6887640057050277, 0.3537691955081683, 0.14495699750015878, 0.007225183508792421, 0.6180263375313126, 0.6537694898137144, 0.6791033208682654, 0.7814780478642535, 0.7276937379974291, 0.591797045482277], [0.30164265373915233, 0.7960308747272363, 0.0, 0.23966067515691195, 0.522846236311771, 0.12327829641536, 0.47755408791064297, 0.688561817942797, 0.345773029186913, 0.17159179552914594, 0.006889477554966383, 0.6022240588698342, 0.6382508138193295, 0.6568890824891281, 0.7767776535747792, 0.6982681110955792, 0.5855720108017656], [0.22331886306126636, 0.8042595818496605, 0.0, 0.22519801082252594, 0.5225759636406663, 0.12294763495087575, 0.45567171466141543, 0.6879852622821814, 0.3329149878663369, 0.17186550384593224, 0.007225183508792421, 0.599731276030153, 0.6326652415454813, 0.6541793090027519, 0.7669309339622675, 0.6824999433129655, 0.5741222219692608], [-0.12812531442197184, 0.6452553910907015, 0.0, 0.22036256296386694, 0.476043410070076, 0.12432520593682975, 0.500857259610936, 0.6889256974560332, 0.36843918226367456, 0.144366861998368, 0.007448685839370306, 0.6210242358257925, 0.6601922271497651, 0.6994481530453358, 0.7879088417004547, 0.7331179688864121, 0.5985242837972734], [0.09647890344962429, 0.8381886632530171, 0.0, 0.20476549573761943, 0.5378304005216614, 0.12109860534622653, 0.5269064689354017, 0.6899255758073808, 0.33465441754844205, 0.17735615772168623, 0.00711334193318236, 0.609031759072511, 0.6653914753551535, 0.6841655354440274, 0.7734549382883893, 0.7116676100566002, 0.5796428249662386], [0.23987515518310865, 0.8080092575752817, 0.0, 0.19713429496182014, 0.5267790930012847, 0.12139647392020031, 0.6156357613244218, 0.6893672779608628, 0.3236258327726438, 0.1703668696799827, 0.0066653709969386465, 0.5899320704664692, 0.6374503813089011, 0.6508313033156872, 0.7638394376383778, 0.679984004144436, 0.559234221490018], [0.0028895200055196746, 0.6452422393137984, 0.0, 0.2020020158339223, 0.4770831792908719, 0.12262767622337377, 0.5642130270471426, 0.689375770147958, 0.34209457049294456, 0.1377316150818375, 0.007001439975721224, 0.5990321071046951, 0.6420413067942687, 0.6736431222674124, 0.773278934026456, 0.7060857811883515, 0.5967291500917359], [0.6048252719179184, 0.765093381831547, 0.0, 0.22400152779035987, 0.5148144209295068, 0.1200695979870385, 0.6439619310237269, 0.6898173404646146, 0.3114831967840117, 0.1556755846854827, 0.00677745458930179, 0.5815571007021965, 0.649231516864272, 0.6513888712931202, 0.7529559590123253, 0.6796575885357323, 0.5691312958249596]]}