{"labels_1": ["1", "2", "3", "4", "5", "6", "7", "8", "9"], "labels_2": ["1", "2", "3", "4", "5", "6", "7", "8", "9"], "adj_matrix_1": [[0.0, 0.27511, 0.06229, 0.12741, 0.27874, 0.06502, 0.04336, 0.04713, 0.14699], [0.27511, 0.0, 0.30397, 0.18157, 0.05804, 0.30498, 0.24896, 0.29797, 0.1609], [0.06229, 0.30397, 0.0, 0.17079, 0.30015, 0.00286, 0.10246, 0.01567, 0.18388], [0.12741, 0.18157, 0.17079, 0.0, 0.19409, 0.17246, 0.09103, 0.16113, 0.02777], [0.27874, 0.05804, 0.30015, 0.19409, 0.0, 0.30079, 0.25664, 0.29615, 0.17382], [0.06502, 0.30498, 0.00286, 0.17246, 0.30079, 0.0, 0.10497, 0.01852, 0.18523], [0.04336, 0.24896, 0.10246, 0.09103, 0.25664, 0.10497, 0.0, 0.0884, 0.11435], [0.04713, 0.29797, 0.01567, 0.16113, 0.29615, 0.01852, 0.0884, 0.0, 0.17591], [0.14699, 0.1609, 0.18388, 0.02777, 0.17382, 0.18523, 0.11435, 0.17591, 0.0]], "adj_matrix_2": [[0.0, 0.10153, 0.01408, 0.07047, 0.03399, 0.14797, 0.33148, 0.16248, 0.16696], [0.10153, 0.0, 0.11487, 0.0321, 0.13353, 0.23467, 0.37891, 0.24697, 0.2507], [0.01408, 0.11487, 0.0, 0.0842, 0.01994, 0.13497, 0.32294, 0.14965, 0.15424], [0.07047, 0.0321, 0.0842, 0.0, 0.10343, 0.20968, 0.36745, 0.22273, 0.22676], [0.03399, 0.13353, 0.01994, 0.10343, 0.0, 0.11612, 0.30982, 0.1311, 0.13576], [0.14797, 0.23467, 0.13497, 0.20968, 0.11612, 0.0, 0.2176, 0.01572, 0.02068], [0.33148, 0.37891, 0.32294, 0.36745, 0.30982, 0.2176, 0.0, 0.20367, 0.19926], [0.16248, 0.24697, 0.14965, 0.22273, 0.1311, 0.01572, 0.20367, 0.0, 0.00495], [0.16696, 0.2507, 0.15424, 0.22676, 0.13576, 0.02068, 0.19926, 0.00495, 0.0]], "features_1": [[0.6670593655150268, 0.6706342731001815, 0.0, 0.31675429294411067, 0.4570782825288255, 0.13461196422035565, 0.31695826132584204, 0.6757235440502989, 0.3994859126178909, 0.15877697800202695, 0.00783923647221818, 0.5865248929884461, 0.634008521713821, 0.6569860246087535, 0.7866825442170046, 0.7219119423464488, 0.5950370089029896], [-0.06953286931536207, 0.6650484915855028, 0.0, 0.20658509158499871, 0.4477176990879367, 0.1384349182863261, 0.2159796143060852, 0.669543593047619, 0.424688808337375, 0.16450108657910856, 0.007950687539111767, 0.6343357220420025, 0.6523118930470561, 0.6701671248487109, 0.7925737674869416, 0.6944500037599254, 0.6022236192468786], [0.7074285640108968, 0.7888749736036048, 0.0, 0.305178204517111, 0.49538911620037096, 0.13411629763704838, 0.3090444282093472, 0.6761534715592108, 0.3972788804731324, 0.18428120883782073, 0.007616154688146137, 0.5851061993294855, 0.6328369607609526, 0.6568811720606272, 0.7848387779861175, 0.7084405736092304, 0.5947874901527683], [1.3434574439705678, 0.8345234891957009, 0.0, 0.3191121602111325, 0.5083274672457279, 0.13244608454899387, 0.30772607395262386, 0.6769824437116863, 0.3765619279713981, 0.18960612459184945, 0.007504523810135222, 0.5717082790663763, 0.6307794700009621, 0.6589387318697167, 0.7778048704254569, 0.7025589857586236, 0.5841669848382048], [0.09958924868664543, 0.7100419432311798, 0.0, 0.23216061971496585, 0.45897173425796534, 0.13969369834723194, 0.21024988646618753, 0.6675280854468324, 0.42134871657504114, 0.17409293818335447, 0.007727725548673403, 0.6285630179639461, 0.6622115827108906, 0.6815349602311149, 0.7944293468026464, 0.7081739400490813, 0.6096562655861459], [0.8360015155197433, 0.8274957371885124, 0.0, 0.2989074135567797, 0.5078782314184104, 0.13346767874669563, 0.33203904776598564, 0.6776424966508495, 0.3893461229827577, 0.19109969064764742, 0.007504523810135222, 0.582935702506151, 0.657971330317151, 0.6820058709042134, 0.7877600143983359, 0.6885319869495272, 0.5976098250227618], [0.9808711888078729, 0.8413500568673997, 0.0, 0.30242033256582285, 0.5116089370898815, 0.12906297772464784, 0.28100625396602796, 0.679674103501837, 0.3601285977332913, 0.18956981188470223, 0.007616154688146137, 0.5705729312168648, 0.6299432477583209, 0.6540870022714039, 0.7654713555405407, 0.6936586434799664, 0.5658238936336075], [1.2912146628609769, 0.7460779502836223, 0.0, 0.32201066787874466, 0.4892299819161351, 0.12777316190310886, 0.2795804232190065, 0.6821139729947021, 0.36562430884549135, 0.1660165597144445, 0.007504523810135222, 0.5749454856284062, 0.6177110499353824, 0.6421051883760384, 0.7744876689958061, 0.6968158030864244, 0.5641199619253294], [1.5164980441011462, 0.8027960675691725, 0.0, 0.34189841595917697, 0.5077330226620959, 0.12547598760349715, 0.24430080611827024, 0.6833978565494012, 0.3523897372597551, 0.17683485765197626, 0.007727725548673403, 0.5633559324450399, 0.6171354445468346, 0.639314991278605, 0.7644271800857427, 0.66783480463246, 0.5641585973315745]], "features_2": [[-0.2773373415665552, 0.7375299794001045, 0.0, 0.1868420091725389, 0.5082909940040171, 0.11641760332793431, 0.38364135245370434, 0.6910416479599311, 0.30553971649440337, 0.15420242356869207, 0.0069454663283523566, 0.6086453873381932, 0.6530937283578588, 0.6755091627575567, 0.7576216473890257, 0.6930327402542665, 0.5245487528708248], [-0.12091043548918545, 0.7405043281916184, 0.0, 0.1867615003796167, 0.5061564805334584, 0.12041423449122747, 0.34194423938464025, 0.6894942785888833, 0.3252578064180194, 0.1577152245039859, 0.00711334193318236, 0.6059249597564673, 0.6605407937082999, 0.6798456391234419, 0.7683500698167528, 0.7035637141817728, 0.5407482668744538], [-0.29848154907763336, 0.8643985833487984, 0.0, 0.19260986481697706, 0.5436603082484626, 0.11775937794251093, 0.3706483658168871, 0.6905217478084843, 0.3183854551695806, 0.18229450411575554, 0.0069454663283523566, 0.6066784314797964, 0.6508412006143109, 0.6761367533913047, 0.7600669943300447, 0.6927679685424518, 0.528021487465648], [-0.2669901317569843, 0.8491313592101281, 0.0, 0.19571129845271454, 0.5382896006076594, 0.11788116935415408, 0.4245963725681975, 0.6903655895894445, 0.3113413517008059, 0.17875430519097324, 0.006721420376576193, 0.608754636169679, 0.6394427718568598, 0.6572558402799518, 0.759241666824217, 0.6972927153340527, 0.5359998774490673], [-0.07845899335980899, 0.7262013216954347, 0.0, 0.17250275553727729, 0.49772339508912444, 0.12338492097075478, 0.3356660637853842, 0.6879497488544639, 0.34084415065632045, 0.15821367695211408, 0.006889477554966383, 0.6063792939119601, 0.6436914383053, 0.6720912308698418, 0.7754573004482253, 0.6888038991930933, 0.5561664686671377], [-0.35057726635098696, 0.8882156724616681, 0.0, 0.19975370396675718, 0.5475068088031787, 0.12006075824935021, 0.40362821158688644, 0.6895249838466404, 0.33154137594431377, 0.19093910315115292, 0.0069454663283523566, 0.6185778206108312, 0.6574214000179163, 0.6743370570671279, 0.7649883791848943, 0.6926664309318337, 0.5401639142439154], [-0.3484878088177328, 0.8351573107092182, 0.0, 0.1943851782102158, 0.5312744611611, 0.12196166760326718, 0.5295210794670588, 0.688834498761884, 0.3280758861130939, 0.18099573838864025, 0.00683347364535547, 0.6300409148432284, 0.6499032208214772, 0.6722949353957496, 0.7678741172554614, 0.7069321752662152, 0.5595523165583041], [-0.1781175527505181, 0.7435012970533941, 0.0, 0.18389400042178108, 0.49604428807789247, 0.12709078195590867, 0.3880754020292699, 0.6845361494577703, 0.3516697909778932, 0.16607673105082532, 0.007281081678807366, 0.6204194023152543, 0.6495912250902616, 0.6586378731585448, 0.7747156697484193, 0.6855756241919851, 0.5816780987596809], [-0.2350378874743826, 0.8233605342684142, 0.0, 0.1805425122987258, 0.5196935688677028, 0.12702549291790416, 0.42717947738693096, 0.6845814964064172, 0.3523085209468291, 0.1830320147675224, 0.007057398507269275, 0.6208733185578121, 0.6398027044648992, 0.6686367626126289, 0.7709232546069092, 0.7082685251861737, 0.5849498198089677]]}