{"labels_1": ["1", "2", "3", "4", "5", "6", "7", "8", "9"], "labels_2": ["1", "2", "3", "4", "5", "6", "7", "8", "9"], "adj_matrix_1": [[0.0, 0.04958, 0.0312, 0.03427, 0.04962, 0.01217, 0.04623, 0.20475, 0.13771], [0.04958, 0.0, 0.08019, 0.01541, 5e-05, 0.03751, 0.00338, 0.16207, 0.09078], [0.0312, 0.08019, 0.0, 0.06516, 0.08022, 0.0433, 0.07691, 0.22923, 0.16561], [0.03427, 0.01541, 0.06516, 0.0, 0.01546, 0.02215, 0.01204, 0.17567, 0.10556], [0.04962, 5e-05, 0.08022, 0.01546, 0.0, 0.03755, 0.00342, 0.16203, 0.09074], [0.01217, 0.03751, 0.0433, 0.02215, 0.03755, 0.0, 0.03415, 0.19463, 0.12644], [0.04623, 0.00338, 0.07691, 0.01204, 0.00342, 0.03415, 0.0, 0.16507, 0.09404], [0.20475, 0.16207, 0.22923, 0.17567, 0.16203, 0.19463, 0.16507, 0.0, 0.0754], [0.13771, 0.09078, 0.16561, 0.10556, 0.09074, 0.12644, 0.09404, 0.0754, 0.0]], "adj_matrix_2": [[0.0, 0.25382, 0.04747, 0.05497, 0.24101, 0.05723, 0.11945, 0.18524, 0.06089], [0.25382, 0.0, 0.22982, 0.22553, 0.03283, 0.22417, 0.29387, 0.30591, 0.27744], [0.04747, 0.22982, 0.0, 0.00761, 0.21245, 0.00992, 0.16232, 0.22292, 0.10679], [0.05497, 0.22553, 0.00761, 0.0, 0.20744, 0.00231, 0.16883, 0.22848, 0.11391], [0.24101, 0.03283, 0.21245, 0.20744, 0.0, 0.20587, 0.29264, 0.31094, 0.27055], [0.05723, 0.22417, 0.00992, 0.00231, 0.20587, 0.0, 0.17079, 0.23013, 0.11605], [0.11945, 0.29387, 0.16232, 0.16883, 0.29264, 0.17079, 0.0, 0.07267, 0.06058], [0.18524, 0.30591, 0.22292, 0.22848, 0.31094, 0.23013, 0.07267, 0.0, 0.13095], [0.06089, 0.27744, 0.10679, 0.11391, 0.27055, 0.11605, 0.06058, 0.13095, 0.0]], "features_1": [[-0.016412847281558562, 1.0013415867604027, 0.0, 0.22257479104054273, 0.5831440422989562, 0.11414980215015799, 0.32914375872598783, 0.6914654642220279, 0.29506983104270046, 0.19840358842265982, 0.007001439975721224, 0.5934505823051208, 0.6291170197654576, 0.6218501730118736, 0.7487900120732027, 0.6676939878628646, 0.5607996510900224], [0.0487960994918466, 0.9632016038760649, 0.0, 0.22823827845551756, 0.5747440386810049, 0.11515819814552017, 0.3756948505008573, 0.691335279019615, 0.3067687415817564, 0.1935036524069551, 0.00677745458930179, 0.5990907805821197, 0.6557845153252904, 0.6224064836794332, 0.7566342137389174, 0.6854379115319775, 0.5718878335424853], [0.02470009868306322, 1.1502524595379326, 0.0, 0.21781931641933822, 0.6139321828355887, 0.11494041024831646, 0.3110854268366715, 0.6910916459163088, 0.29538620402384064, 0.2238168548839694, 0.0069454663283523566, 0.5930297739045194, 0.635391897883686, 0.6286762292727327, 0.7491664682800989, 0.6874054587816879, 0.5657592167576334], [-0.15409868587394193, 1.086316246801328, 0.0, 0.2313918183356354, 0.6015752488546167, 0.11564527107886689, 0.3535681582717622, 0.6910710375038114, 0.29718306216128076, 0.2167256890980238, 0.0066653709969386465, 0.5976842639721873, 0.6336214947454709, 0.6389536046366454, 0.7551221864435701, 0.6885029553760746, 0.5653093270584205], [0.11304823382480711, 0.9223541061828548, 0.0, 0.21731048002535353, 0.5565696804042601, 0.1215130859535478, 0.3484862806296512, 0.6882487754294518, 0.34198664607832385, 0.1956482774205297, 0.007281081678807366, 0.6028399322180968, 0.6342703227859673, 0.6242125688533708, 0.7717298847595553, 0.68673035962195, 0.5918500047139089], [0.1114313124520252, 1.117521955017776, 0.0, 0.2182866492791839, 0.6050569178095828, 0.11780392269639582, 0.33837880588917457, 0.6900468598439393, 0.3125878819320491, 0.22333463090983008, 0.006721420376576193, 0.5966408776713483, 0.6355414121899494, 0.6354043386035616, 0.7599964637282072, 0.7058737909164823, 0.5781269217664485], [0.0667264168467625, 0.9968568772947275, 0.0, 0.22083074183758092, 0.5734896854204573, 0.12059546674123567, 0.3052496940316288, 0.6883066960973991, 0.3167694030952197, 0.20712241446987867, 0.006609306440138685, 0.598689304506792, 0.6378673728626375, 0.663460509330806, 0.7634255974474775, 0.6937862952652561, 0.5766288526550879], [-0.23471418241262798, 0.7970616889927886, 0.0, 0.24240624933854746, 0.5122822174460695, 0.1284247529848168, 0.26147060992943877, 0.6822433905974669, 0.3607498033457568, 0.18211840877878127, 0.007504523810135222, 0.6280449738742786, 0.6591628442323638, 0.6749840068511732, 0.779076162139231, 0.6853155663674456, 0.6046352286344795], [-0.11561232363870477, 0.8313601342458092, 0.0, 0.2575414834609624, 0.5209942159543434, 0.12887601016742498, 0.23867949126172688, 0.681395844813241, 0.35310265327326706, 0.1882654538534474, 0.00716927026363523, 0.621171370115452, 0.6477957259641036, 0.6642059457707582, 0.7771411884068035, 0.6819681144264147, 0.6038437029451139]], "features_2": [[0.3259901918291539, 0.904088807880276, 0.0, 0.31832587238125787, 0.5382215057945745, 0.12222621370935464, 0.365457539264078, 0.6875099130636726, 0.3470451470493052, 0.19436761151020399, 0.007225183508792421, 0.5969367736753433, 0.6388740999591606, 0.6603226349119019, 0.773034065168459, 0.6951458075369111, 0.5644619636636208], [0.8038016080751293, 0.8940374809120132, 0.0, 0.2969496238678294, 0.5411476536454449, 0.11898116304534986, 0.384713725973613, 0.6894626225929035, 0.3333197573834845, 0.18546889847458892, 0.007225183508792421, 0.5798557343148594, 0.6292462672764707, 0.652827554357992, 0.766827753680777, 0.6908866361118784, 0.5604075438724986], [0.40840112998183065, 1.0201388837209373, 0.0, 0.3104127575230456, 0.5697808794490394, 0.11747101000174039, 0.34605640893679424, 0.6896474748518014, 0.31062359474499557, 0.20649504265504626, 0.00677745458930179, 0.5845741446310788, 0.6236584766544235, 0.6431395455355206, 0.7565601966600323, 0.6852779007259633, 0.546381788687531], [0.497510423740791, 1.0308833824444583, 0.0, 0.3213622885321375, 0.5693218429106521, 0.12008363271859224, 0.30435746574632744, 0.6879353869039211, 0.3263905146304049, 0.21359957814973063, 0.007001439975721224, 0.5885834843064015, 0.6259657250264378, 0.6369701648448912, 0.7603499030203387, 0.6822316907875902, 0.553837759043193], [0.5192049673948032, 0.8716553843423664, 0.0, 0.28947036193603193, 0.5360844706806307, 0.11971669771660025, 0.382728447457783, 0.6891538224094402, 0.33274814087811855, 0.18294994751486326, 0.00711334193318236, 0.5808441838035221, 0.6356291775294732, 0.6532330703295735, 0.7695282050890863, 0.6897024684199019, 0.5724708097207338], [0.366812962668404, 1.0604897741908197, 0.0, 0.3059508159233839, 0.5819624265086543, 0.11514352151869237, 0.3048395245744587, 0.6904511941143754, 0.29856220306597847, 0.21107806764853132, 0.00655322669591385, 0.5813310880540445, 0.6193164232116667, 0.642702143400985, 0.7435508915063291, 0.6536495082335398, 0.5419203252116261], [0.018025997219322853, 0.9645283446515625, 0.0, 0.28115202345584267, 0.5589603368349991, 0.11949375280264793, 0.32429295335792857, 0.6886861513340726, 0.323546940084958, 0.2019632521599395, 0.007001439975721224, 0.6033764400572548, 0.646114881467763, 0.6667636263834127, 0.7597913198558262, 0.6857396036720115, 0.5585600337240114], [-0.21100755204828214, 0.8310305109058636, 0.0, 0.21237757018603315, 0.5284231420491021, 0.11718531979939623, 0.26667823498804283, 0.6896584883092587, 0.3059935378337362, 0.17387732285725632, 0.00655322669591385, 0.6086923322797397, 0.6485447582813878, 0.6643034431346445, 0.750271899432806, 0.6858950939160683, 0.5721908642120233], [-0.23782008483674222, 0.9435767837581274, 0.0, 0.22325058951998508, 0.5557900115059441, 0.11683380141206809, 0.1927698054564459, 0.6892697880748858, 0.2924919802861494, 0.19332162050573376, 0.0064410216040902135, 0.6038760677597783, 0.6230017940229492, 0.6457095950778141, 0.7391132232103251, 0.6801581345524241, 0.5581408143030128]]}