{"labels_1": ["1", "2", "3", "4", "5", "6", "7", "8", "9"], "labels_2": ["1", "2", "3", "4", "5", "6", "7", "8", "9"], "adj_matrix_1": [[0.0, 0.27511, 0.06229, 0.12741, 0.27874, 0.06502, 0.04336, 0.04713, 0.14699], [0.27511, 0.0, 0.30397, 0.18157, 0.05804, 0.30498, 0.24896, 0.29797, 0.1609], [0.06229, 0.30397, 0.0, 0.17079, 0.30015, 0.00286, 0.10246, 0.01567, 0.18388], [0.12741, 0.18157, 0.17079, 0.0, 0.19409, 0.17246, 0.09103, 0.16113, 0.02777], [0.27874, 0.05804, 0.30015, 0.19409, 0.0, 0.30079, 0.25664, 0.29615, 0.17382], [0.06502, 0.30498, 0.00286, 0.17246, 0.30079, 0.0, 0.10497, 0.01852, 0.18523], [0.04336, 0.24896, 0.10246, 0.09103, 0.25664, 0.10497, 0.0, 0.0884, 0.11435], [0.04713, 0.29797, 0.01567, 0.16113, 0.29615, 0.01852, 0.0884, 0.0, 0.17591], [0.14699, 0.1609, 0.18388, 0.02777, 0.17382, 0.18523, 0.11435, 0.17591, 0.0]], "adj_matrix_2": [[0.0, 0.14695, 0.02922, 0.07324, 0.0119, 0.06954, 0.10965, 0.06911, 0.05069], [0.14695, 0.0, 0.12063, 0.20613, 0.15724, 0.20339, 0.23148, 0.20305, 0.10039], [0.02922, 0.12063, 0.0, 0.10108, 0.04102, 0.0975, 0.13593, 0.09702, 0.02166], [0.07324, 0.20613, 0.10108, 0.0, 0.06168, 0.00383, 0.03861, 0.00427, 0.12107], [0.0119, 0.15724, 0.04102, 0.06168, 0.0, 0.05794, 0.09862, 0.05753, 0.06237], [0.06954, 0.20339, 0.0975, 0.00383, 0.05794, 0.0, 0.04239, 0.00044, 0.11761], [0.10965, 0.23148, 0.13593, 0.03861, 0.09862, 0.04239, 0.0, 0.04281, 0.15458], [0.06911, 0.20305, 0.09702, 0.00427, 0.05753, 0.00044, 0.04281, 0.0, 0.11718], [0.05069, 0.10039, 0.02166, 0.12107, 0.06237, 0.11761, 0.15458, 0.11718, 0.0]], "features_1": [[0.6670593655150268, 0.6706342731001815, 0.0, 0.31675429294411067, 0.4570782825288255, 0.13461196422035565, 0.31695826132584204, 0.6757235440502989, 0.3994859126178909, 0.15877697800202695, 0.00783923647221818, 0.5865248929884461, 0.634008521713821, 0.6569860246087535, 0.7866825442170046, 0.7219119423464488, 0.5950370089029896], [-0.06953286931536207, 0.6650484915855028, 0.0, 0.20658509158499871, 0.4477176990879367, 0.1384349182863261, 0.2159796143060852, 0.669543593047619, 0.424688808337375, 0.16450108657910856, 0.007950687539111767, 0.6343357220420025, 0.6523118930470561, 0.6701671248487109, 0.7925737674869416, 0.6944500037599254, 0.6022236192468786], [0.7074285640108968, 0.7888749736036048, 0.0, 0.305178204517111, 0.49538911620037096, 0.13411629763704838, 0.3090444282093472, 0.6761534715592108, 0.3972788804731324, 0.18428120883782073, 0.007616154688146137, 0.5851061993294855, 0.6328369607609526, 0.6568811720606272, 0.7848387779861175, 0.7084405736092304, 0.5947874901527683], [1.3434574439705678, 0.8345234891957009, 0.0, 0.3191121602111325, 0.5083274672457279, 0.13244608454899387, 0.30772607395262386, 0.6769824437116863, 0.3765619279713981, 0.18960612459184945, 0.007504523810135222, 0.5717082790663763, 0.6307794700009621, 0.6589387318697167, 0.7778048704254569, 0.7025589857586236, 0.5841669848382048], [0.09958924868664543, 0.7100419432311798, 0.0, 0.23216061971496585, 0.45897173425796534, 0.13969369834723194, 0.21024988646618753, 0.6675280854468324, 0.42134871657504114, 0.17409293818335447, 0.007727725548673403, 0.6285630179639461, 0.6622115827108906, 0.6815349602311149, 0.7944293468026464, 0.7081739400490813, 0.6096562655861459], [0.8360015155197433, 0.8274957371885124, 0.0, 0.2989074135567797, 0.5078782314184104, 0.13346767874669563, 0.33203904776598564, 0.6776424966508495, 0.3893461229827577, 0.19109969064764742, 0.007504523810135222, 0.582935702506151, 0.657971330317151, 0.6820058709042134, 0.7877600143983359, 0.6885319869495272, 0.5976098250227618], [0.9808711888078729, 0.8413500568673997, 0.0, 0.30242033256582285, 0.5116089370898815, 0.12906297772464784, 0.28100625396602796, 0.679674103501837, 0.3601285977332913, 0.18956981188470223, 0.007616154688146137, 0.5705729312168648, 0.6299432477583209, 0.6540870022714039, 0.7654713555405407, 0.6936586434799664, 0.5658238936336075], [1.2912146628609769, 0.7460779502836223, 0.0, 0.32201066787874466, 0.4892299819161351, 0.12777316190310886, 0.2795804232190065, 0.6821139729947021, 0.36562430884549135, 0.1660165597144445, 0.007504523810135222, 0.5749454856284062, 0.6177110499353824, 0.6421051883760384, 0.7744876689958061, 0.6968158030864244, 0.5641199619253294], [1.5164980441011462, 0.8027960675691725, 0.0, 0.34189841595917697, 0.5077330226620959, 0.12547598760349715, 0.24430080611827024, 0.6833978565494012, 0.3523897372597551, 0.17683485765197626, 0.007727725548673403, 0.5633559324450399, 0.6171354445468346, 0.639314991278605, 0.7644271800857427, 0.66783480463246, 0.5641585973315745]], "features_2": [[0.5301047000150207, 0.9092923471081797, 0.0, 0.248555302226024, 0.550243826975302, 0.11981759803015488, 0.3677594130380257, 0.688737523318242, 0.3143476699103416, 0.1878747315084035, 0.006721420376576193, 0.583049642855962, 0.6242375181152862, 0.6424204930457185, 0.7520714589071149, 0.6937258121526114, 0.5599955008110091], [0.1858957645976278, 0.8616552748212867, 0.0, 0.2048005865454013, 0.5311933615194439, 0.12377669649691944, 0.28384372768792404, 0.6857920502708807, 0.3391023072952579, 0.18661390508561038, 0.007001439975721224, 0.6031377465245193, 0.6227280042106023, 0.6438917022468928, 0.7639425966465715, 0.6989784057920692, 0.5802518102448032], [0.548402160007543, 1.0367299450712857, 0.0, 0.235706326235548, 0.5787699949727062, 0.12119400815749576, 0.3770394100884367, 0.688033804103161, 0.32197251553195017, 0.21296137310223107, 0.00683347364535547, 0.5844939337413824, 0.6197115344029962, 0.6250218109772179, 0.7566319570041171, 0.7089759748284618, 0.5690468916585222], [0.777036678804834, 1.06664007303788, 0.0, 0.2652544315792721, 0.5845243107373046, 0.12152636164803235, 0.36414494124816843, 0.6876218065530417, 0.32569346754231776, 0.21585884323725724, 0.006609306440138685, 0.5791955668701734, 0.6255681328419858, 0.6313960212412802, 0.7529152000505244, 0.701780425136114, 0.5659438999826963], [0.3775145838870584, 0.8573994570575295, 0.0, 0.23131111276518518, 0.5260999693790573, 0.12761039070969016, 0.27724225347502907, 0.6827530510792769, 0.36370619565141404, 0.1908568698688562, 0.007281081678807366, 0.5955984812731745, 0.6349801453401973, 0.6558389364931725, 0.7710802661169087, 0.7037969365341359, 0.5939818194774135], [0.7932133043888063, 1.073906438158078, 0.0, 0.2585101012617747, 0.5886353399489513, 0.12182884528709156, 0.4223973614986683, 0.6882883170690299, 0.33023118252570094, 0.21968237772376265, 0.007057398507269275, 0.5782101572962368, 0.6291101564940549, 0.6412525139322006, 0.7644613128558778, 0.7024752888645388, 0.5743682885518688], [0.791631534533884, 1.0393398561467164, 0.0, 0.2696941903714299, 0.5838405481462273, 0.11816415851798044, 0.3808369364007852, 0.6896824144375132, 0.3140785324662938, 0.2068711486187762, 0.0069454663283523566, 0.5782233797455121, 0.6206492081773229, 0.62665285985507, 0.7490630681491569, 0.6902461672726085, 0.5707832946327664], [0.9766283641169573, 0.8233214804849696, 0.0, 0.28761668070853574, 0.5242989617056619, 0.12478835271699049, 0.3066426816780051, 0.6854280377570194, 0.35666772090500287, 0.17555209308451403, 0.007504523810135222, 0.5833977645653698, 0.6045298009753456, 0.6073389389443083, 0.7673674144675343, 0.7048380117820898, 0.5895218879690015], [0.7547394287836218, 0.9402002967521403, 0.0, 0.28605214089743025, 0.560067897620771, 0.11883963469824924, 0.2977804066884019, 0.6889687924436985, 0.31834192649914583, 0.1912188650810296, 0.00683347364535547, 0.5835969341035578, 0.6159877632899562, 0.6217741283539296, 0.749512295589036, 0.6712704971400791, 0.5706262613253813]]}