{"labels_1": ["1", "2", "3", "4", "5", "6", "7", "8", "9"], "labels_2": ["1", "2", "3", "4", "5", "6", "7", "8", "9"], "adj_matrix_1": [[0.0, 0.27511, 0.06229, 0.12741, 0.27874, 0.06502, 0.04336, 0.04713, 0.14699], [0.27511, 0.0, 0.30397, 0.18157, 0.05804, 0.30498, 0.24896, 0.29797, 0.1609], [0.06229, 0.30397, 0.0, 0.17079, 0.30015, 0.00286, 0.10246, 0.01567, 0.18388], [0.12741, 0.18157, 0.17079, 0.0, 0.19409, 0.17246, 0.09103, 0.16113, 0.02777], [0.27874, 0.05804, 0.30015, 0.19409, 0.0, 0.30079, 0.25664, 0.29615, 0.17382], [0.06502, 0.30498, 0.00286, 0.17246, 0.30079, 0.0, 0.10497, 0.01852, 0.18523], [0.04336, 0.24896, 0.10246, 0.09103, 0.25664, 0.10497, 0.0, 0.0884, 0.11435], [0.04713, 0.29797, 0.01567, 0.16113, 0.29615, 0.01852, 0.0884, 0.0, 0.17591], [0.14699, 0.1609, 0.18388, 0.02777, 0.17382, 0.18523, 0.11435, 0.17591, 0.0]], "adj_matrix_2": [[0.0, 0.15583, 0.12995, 0.15375, 0.27126, 0.26873, 0.18841, 0.27058, 0.27676], [0.15583, 0.0, 0.0324, 0.22009, 0.34037, 0.21163, 0.04637, 0.34126, 0.32827], [0.12995, 0.0324, 0.0, 0.2139, 0.33466, 0.23112, 0.07785, 0.33521, 0.32658], [0.15375, 0.22009, 0.2139, 0.0, 0.14194, 0.20652, 0.22439, 0.1409, 0.15283], [0.27126, 0.34037, 0.33466, 0.14194, 0.0, 0.2688, 0.34191, 0.00494, 0.0522], [0.26873, 0.21163, 0.23112, 0.20652, 0.2688, 0.0, 0.17827, 0.27237, 0.22898], [0.18841, 0.04637, 0.07785, 0.22439, 0.34191, 0.17827, 0.0, 0.34341, 0.3241], [0.27058, 0.34126, 0.33521, 0.1409, 0.00494, 0.27237, 0.34341, 0.0, 0.0571], [0.27676, 0.32827, 0.32658, 0.15283, 0.0522, 0.22898, 0.3241, 0.0571, 0.0]], "features_1": [[0.6670593655150268, 0.6706342731001815, 0.0, 0.31675429294411067, 0.4570782825288255, 0.13461196422035565, 0.31695826132584204, 0.6757235440502989, 0.3994859126178909, 0.15877697800202695, 0.00783923647221818, 0.5865248929884461, 0.634008521713821, 0.6569860246087535, 0.7866825442170046, 0.7219119423464488, 0.5950370089029896], [-0.06953286931536207, 0.6650484915855028, 0.0, 0.20658509158499871, 0.4477176990879367, 0.1384349182863261, 0.2159796143060852, 0.669543593047619, 0.424688808337375, 0.16450108657910856, 0.007950687539111767, 0.6343357220420025, 0.6523118930470561, 0.6701671248487109, 0.7925737674869416, 0.6944500037599254, 0.6022236192468786], [0.7074285640108968, 0.7888749736036048, 0.0, 0.305178204517111, 0.49538911620037096, 0.13411629763704838, 0.3090444282093472, 0.6761534715592108, 0.3972788804731324, 0.18428120883782073, 0.007616154688146137, 0.5851061993294855, 0.6328369607609526, 0.6568811720606272, 0.7848387779861175, 0.7084405736092304, 0.5947874901527683], [1.3434574439705678, 0.8345234891957009, 0.0, 0.3191121602111325, 0.5083274672457279, 0.13244608454899387, 0.30772607395262386, 0.6769824437116863, 0.3765619279713981, 0.18960612459184945, 0.007504523810135222, 0.5717082790663763, 0.6307794700009621, 0.6589387318697167, 0.7778048704254569, 0.7025589857586236, 0.5841669848382048], [0.09958924868664543, 0.7100419432311798, 0.0, 0.23216061971496585, 0.45897173425796534, 0.13969369834723194, 0.21024988646618753, 0.6675280854468324, 0.42134871657504114, 0.17409293818335447, 0.007727725548673403, 0.6285630179639461, 0.6622115827108906, 0.6815349602311149, 0.7944293468026464, 0.7081739400490813, 0.6096562655861459], [0.8360015155197433, 0.8274957371885124, 0.0, 0.2989074135567797, 0.5078782314184104, 0.13346767874669563, 0.33203904776598564, 0.6776424966508495, 0.3893461229827577, 0.19109969064764742, 0.007504523810135222, 0.582935702506151, 0.657971330317151, 0.6820058709042134, 0.7877600143983359, 0.6885319869495272, 0.5976098250227618], [0.9808711888078729, 0.8413500568673997, 0.0, 0.30242033256582285, 0.5116089370898815, 0.12906297772464784, 0.28100625396602796, 0.679674103501837, 0.3601285977332913, 0.18956981188470223, 0.007616154688146137, 0.5705729312168648, 0.6299432477583209, 0.6540870022714039, 0.7654713555405407, 0.6936586434799664, 0.5658238936336075], [1.2912146628609769, 0.7460779502836223, 0.0, 0.32201066787874466, 0.4892299819161351, 0.12777316190310886, 0.2795804232190065, 0.6821139729947021, 0.36562430884549135, 0.1660165597144445, 0.007504523810135222, 0.5749454856284062, 0.6177110499353824, 0.6421051883760384, 0.7744876689958061, 0.6968158030864244, 0.5641199619253294], [1.5164980441011462, 0.8027960675691725, 0.0, 0.34189841595917697, 0.5077330226620959, 0.12547598760349715, 0.24430080611827024, 0.6833978565494012, 0.3523897372597551, 0.17683485765197626, 0.007727725548673403, 0.5633559324450399, 0.6171354445468346, 0.639314991278605, 0.7644271800857427, 0.66783480463246, 0.5641585973315745]], "features_2": [[0.5476726196764425, 0.6158386958812093, 0.0, 0.25024030989886864, 0.45677740149687834, 0.12610354988113157, 0.28793656079539787, 0.6847882876797846, 0.36287920320686995, 0.13750759906185062, 0.007392832833969631, 0.5904135188093458, 0.63656649420618, 0.662412468479516, 0.774120728240542, 0.7174866428478495, 0.5985135763265397], [0.3794493222824733, 0.6026153494704474, 0.0, 0.2702209634211769, 0.44461231278240615, 0.12904508321307506, 0.26032537111517373, 0.6817697865670548, 0.3780323756276702, 0.13700258357212936, 0.00783923647221818, 0.60169964393029, 0.6475791008078221, 0.6615920346730597, 0.7746233805780331, 0.7074851514342696, 0.5987633062831986], [0.49689532278967397, 0.7094394139781431, 0.0, 0.2531496466323018, 0.489208079843117, 0.1263520222758976, 0.28576759179083455, 0.6849124288591402, 0.36796183249780423, 0.15803208861891394, 0.007727725548673403, 0.5907141311279829, 0.6393253244674417, 0.647708225961169, 0.7750963598296948, 0.6964184652817648, 0.599109307138489], [0.7104308967287709, 0.7556319573062363, 0.0, 0.26582785076468, 0.49664436886990815, 0.1295322374012742, 0.2864655017476309, 0.6822716295660745, 0.37092913997875043, 0.17163310047343705, 0.00716927026363523, 0.5866158311211789, 0.6446361520104843, 0.6788048988890973, 0.78117079295711, 0.7211612208873834, 0.5975751253580673], [-0.060480508701890034, 0.5968661766429153, 0.0, 0.2703661764190589, 0.4380871816449982, 0.13116219518987318, 0.21461569833039676, 0.679333613395871, 0.3850123633619875, 0.13929580967873623, 0.007504523810135222, 0.6238757552932153, 0.6328517365986025, 0.6576284151547594, 0.7787447565578883, 0.6999651246055356, 0.5998146984418423], [0.128145577869343, 0.7426500552927993, 0.0, 0.2492074198314298, 0.4948679689507226, 0.1289959316092403, 0.2880319385108557, 0.6833360732612641, 0.3733986062787755, 0.1682983355819785, 0.007727725548673403, 0.6029344076905021, 0.6573884995878307, 0.6692661835393886, 0.7839423263614691, 0.7038827987119793, 0.602547219959012], [0.6340788633369359, 0.8566486237015211, 0.0, 0.23767413842187463, 0.52019392656194, 0.12717368234728285, 0.16398273942830882, 0.6816563558242437, 0.35848549941708363, 0.18741700980934772, 0.00716927026363523, 0.590959123575987, 0.6286558087629962, 0.643167798491375, 0.7615250671377105, 0.6716839945933014, 0.5826323838884774], [-0.10923074013415413, 0.6435579612207336, 0.0, 0.23008316833235706, 0.4538818939829379, 0.12777003234696135, 0.1999119813347164, 0.6821762139175822, 0.35639908750478333, 0.1461672141783643, 0.0069454663283523566, 0.6201652092138141, 0.6356508081713247, 0.6573146904893125, 0.7701101970678759, 0.6769734410955632, 0.5785919917901708], [-0.08528660099088814, 0.7216536114294297, 0.0, 0.1765708494367732, 0.48206047708973637, 0.12688130315233487, 0.20156766924545053, 0.6830419598279085, 0.34649582585959005, 0.16171964788692228, 0.00716927026363523, 0.6157984971548616, 0.6436496475813129, 0.6622888409915404, 0.7682600939491294, 0.6831781395381264, 0.5830316300506345]]}