{"labels_1": ["1", "2", "3", "4", "5", "6", "7", "8", "9"], "labels_2": ["1", "2", "3", "4", "5", "6", "7", "8", "9"], "adj_matrix_1": [[0.0, 0.00416, 0.08584, 0.03254, 0.05452, 0.03146, 0.02334, 0.25869, 0.23561], [0.00416, 0.0, 0.08986, 0.03667, 0.05041, 0.02732, 0.01919, 0.25669, 0.23303], [0.08584, 0.08986, 0.0, 0.05399, 0.13725, 0.11589, 0.1082, 0.29167, 0.28145], [0.03254, 0.03667, 0.05399, 0.0, 0.08628, 0.0637, 0.05568, 0.27253, 0.25442], [0.05452, 0.05041, 0.13725, 0.08628, 0.0, 0.02324, 0.03137, 0.22984, 0.19893], [0.03146, 0.02732, 0.11589, 0.0637, 0.02324, 0.0, 0.00816, 0.24244, 0.21503], [0.02334, 0.01919, 0.1082, 0.05568, 0.03137, 0.00816, 0.0, 0.24697, 0.22062], [0.25869, 0.25669, 0.29167, 0.27253, 0.22984, 0.24244, 0.24697, 0.0, 0.05163], [0.23561, 0.23303, 0.28145, 0.25442, 0.19893, 0.21503, 0.22062, 0.05163, 0.0]], "adj_matrix_2": [[0.0, 0.18122, 0.09365, 0.08716, 0.17847, 0.154, 0.17686, 0.11314, 0.09998], [0.18122, 0.0, 0.16829, 0.17133, 0.02996, 0.10802, 0.07998, 0.24535, 0.25756], [0.09365, 0.16829, 0.0, 0.00788, 0.15223, 0.09064, 0.19647, 0.17987, 0.16747], [0.08716, 0.17133, 0.00788, 0.0, 0.15629, 0.09722, 0.19675, 0.17485, 0.16213], [0.17847, 0.02996, 0.15223, 0.15629, 0.0, 0.08182, 0.10677, 0.24675, 0.254], [0.154, 0.10802, 0.09064, 0.09722, 0.08182, 0.0, 0.16718, 0.2295, 0.22488], [0.17686, 0.07998, 0.19647, 0.19675, 0.10677, 0.16718, 0.0, 0.22102, 0.24716], [0.11314, 0.24535, 0.17987, 0.17485, 0.24675, 0.2295, 0.22102, 0.0, 0.05275], [0.09998, 0.25756, 0.16747, 0.16213, 0.254, 0.22488, 0.24716, 0.05275, 0.0]], "features_1": [[0.7854020921645652, 0.9959818399531498, 0.0, 0.2466567973033914, 0.5808826181492542, 0.11609660742972483, 0.43873786361096234, 0.6910882740631052, 0.29891847429378093, 0.19500265907914893, 0.00677745458930179, 0.587913185339294, 0.6276597249535013, 0.6242212233224083, 0.7541385523734022, 0.6887732764931292, 0.549756721275168], [0.8227648984573821, 1.0165734880624577, 0.0, 0.25356330253578213, 0.5812289433544632, 0.11778663817424773, 0.3177477495501108, 0.6898115851305413, 0.308371726078438, 0.20181727303121777, 0.00655322669591385, 0.5893101579275972, 0.6268911173962713, 0.6351071891381382, 0.7540502300890846, 0.6677368172970939, 0.5570724725321241], [0.7710175348107593, 1.1649455315609185, 0.0, 0.2379551966152064, 0.616782966309627, 0.11657838488442926, 0.44135189120380075, 0.6909719236397084, 0.3038753552773745, 0.22439162589930262, 0.0066653709969386465, 0.5901907522648573, 0.6294947131222233, 0.6303132542218366, 0.7559620170416059, 0.6840592281365572, 0.5521030731168709], [0.6662504965918039, 1.1756685399638134, 0.0, 0.24252147024178944, 0.6177986902424594, 0.1184430394430269, 0.5100190660226523, 0.6904483852825924, 0.30945295983422105, 0.22950001795532216, 0.00655322669591385, 0.5887648643348378, 0.6452643464368805, 0.6371364578875459, 0.7615992846920588, 0.6956046122710337, 0.563005971874952], [0.692248850298752, 0.9870139709116121, 0.0, 0.22991526755292993, 0.5717160768462006, 0.1204995127352661, 0.329393362465904, 0.6884646649262056, 0.32174620528532905, 0.2002921816752783, 0.007001439975721224, 0.5863783607828177, 0.6214740933095808, 0.6258036084947655, 0.7608969417789551, 0.6733657057004844, 0.56969032638707], [0.804220547459606, 1.2113277547915662, 0.0, 0.24521187730809804, 0.6234156120954015, 0.12165737584479916, 0.5267744756629469, 0.6895632325855873, 0.33387453726142646, 0.24071440942326294, 0.007001439975721224, 0.5901743195653271, 0.6489141009320065, 0.645196940018676, 0.77556868026737, 0.7084181251556297, 0.5698073593330485], [0.7298505609380372, 1.104275092668683, 0.0, 0.27872350162042037, 0.605699042315823, 0.11844954846797937, 0.6050563110179048, 0.690771431939684, 0.3190826043501602, 0.21849267949463824, 0.0066653709969386465, 0.5877361501063372, 0.6264037501050743, 0.6377349257569669, 0.7626784841068, 0.6779527073127168, 0.560595732470065], [0.7588718191178598, 0.9076076304985747, 0.0, 0.28188989664337355, 0.5536613767891438, 0.12431776392306916, 0.43904149280261534, 0.687319611176199, 0.3537046166614364, 0.19405119370819235, 0.00677745458930179, 0.5828767677997866, 0.6408135925007677, 0.6614130324617998, 0.7751292647279211, 0.7036770392587695, 0.5823091513314314], [0.6050703167949827, 1.039455532190344, 0.0, 0.3047300191465379, 0.5902550072750528, 0.11922876887534348, 0.4747121553691592, 0.6900818695514956, 0.31938611160348107, 0.2113540303719048, 0.00655322669591385, 0.5755906190915203, 0.621203258361496, 0.6318861646441625, 0.7637938009071894, 0.686245779950957, 0.565193955602766]], "features_2": [[2.1878332140680046, 0.8085065553024279, 0.0, 0.3344097286756085, 0.5270246832875055, 0.1201931517397857, 0.5047377639022542, 0.6900868226746595, 0.3410754185731011, 0.1653248990920646, 0.007057398507269275, 0.5572736969206789, 0.6293244232179679, 0.6399386179949459, 0.7732797393640242, 0.7242398904757504, 0.5589966572414805], [1.399306448112167, 0.7891105562838382, 0.0, 0.30484264084590484, 0.5202680895631896, 0.12012754203454751, 0.5221245326478708, 0.6898812928555567, 0.33215920782783215, 0.16105429676993555, 0.00716927026363523, 0.57065333928768, 0.6276499607744056, 0.6424797285544654, 0.7701380659499875, 0.7132507095080542, 0.5637263490604827], [1.982152499682278, 0.9360862586691424, 0.0, 0.32085668691124236, 0.5596075337195232, 0.12081868841291461, 0.4623567585570207, 0.6895699358656397, 0.33621027579896046, 0.18943477618952542, 0.007281081678807366, 0.5628342640667299, 0.6376504376958593, 0.6403766916042959, 0.7712119591195725, 0.7204659924087812, 0.5635085747966344], [1.9570505397875193, 0.9429909494714774, 0.0, 0.3253098108719885, 0.5563883461516417, 0.12417813056569693, 0.4063115803022498, 0.6874923325566669, 0.3594492601271855, 0.19821940867529397, 0.0069454663283523566, 0.5634274697026973, 0.6374517553582885, 0.6647361787271654, 0.7768055541420293, 0.7261619042078908, 0.5686937778711006], [1.5049405141519694, 0.7658875736961571, 0.0, 0.320243575545942, 0.5091805667047894, 0.12201702644933164, 0.4251273341771217, 0.6883992370023257, 0.3424882627724881, 0.1592202544989576, 0.007281081678807366, 0.5729223002841359, 0.6402557160999047, 0.6424731207985503, 0.7738151304489174, 0.7034512627576817, 0.5766510819472961], [1.9925855997965858, 0.9870106885433824, 0.0, 0.3380062927872887, 0.5638675118856088, 0.12650160240256123, 0.3839677420084655, 0.6861133240201458, 0.3724848732210111, 0.20715240983441063, 0.007727725548673403, 0.5643275819086573, 0.6313045764537175, 0.6358679009757914, 0.7797598002005731, 0.7185330475522845, 0.5740774222883556], [0.8992016419151505, 0.8695989830848365, 0.0, 0.2932168548133356, 0.531421890367098, 0.12748091275552095, 0.39247918678467786, 0.6851385623508344, 0.36905050921709415, 0.19168630862454417, 0.007392832833969631, 0.5768894481816493, 0.6431233604003092, 0.6770153438923566, 0.7813246167180932, 0.717134613559193, 0.5841622719072042], [0.3845774329826259, 0.7452802991367562, 0.0, 0.2794857005177177, 0.49204607227692243, 0.12740489216795725, 0.26706500155378876, 0.6831894857238909, 0.35427144055920023, 0.16644824777255152, 0.007057398507269275, 0.5970088419607227, 0.6360853734589862, 0.6610216802998059, 0.7733998905552311, 0.7120592654223017, 0.5831681575873179], [0.03911806500181614, 0.8017858773557044, 0.0, 0.2511387471027263, 0.5060097235180913, 0.12848077035700023, 0.26047671465768046, 0.6820335969212656, 0.3591637279044064, 0.1820648054060583, 0.007281081678807366, 0.6041864937853019, 0.6356390272525431, 0.6707581856664666, 0.7749037968693467, 0.7002898227728771, 0.5769241353753195]]}