{"labels_1": ["1", "2", "3", "4", "5", "6", "7", "8", "9"], "labels_2": ["1", "2", "3", "4", "5", "6", "7", "8", "9"], "adj_matrix_1": [[0.0, 0.00416, 0.08584, 0.03254, 0.05452, 0.03146, 0.02334, 0.25869, 0.23561], [0.00416, 0.0, 0.08986, 0.03667, 0.05041, 0.02732, 0.01919, 0.25669, 0.23303], [0.08584, 0.08986, 0.0, 0.05399, 0.13725, 0.11589, 0.1082, 0.29167, 0.28145], [0.03254, 0.03667, 0.05399, 0.0, 0.08628, 0.0637, 0.05568, 0.27253, 0.25442], [0.05452, 0.05041, 0.13725, 0.08628, 0.0, 0.02324, 0.03137, 0.22984, 0.19893], [0.03146, 0.02732, 0.11589, 0.0637, 0.02324, 0.0, 0.00816, 0.24244, 0.21503], [0.02334, 0.01919, 0.1082, 0.05568, 0.03137, 0.00816, 0.0, 0.24697, 0.22062], [0.25869, 0.25669, 0.29167, 0.27253, 0.22984, 0.24244, 0.24697, 0.0, 0.05163], [0.23561, 0.23303, 0.28145, 0.25442, 0.19893, 0.21503, 0.22062, 0.05163, 0.0]], "adj_matrix_2": [[0.0, 0.12458, 0.03138, 0.13085, 0.28683, 0.01752, 0.06534, 0.25711, 0.27872], [0.12458, 0.0, 0.15202, 0.00696, 0.205, 0.10854, 0.17978, 0.16266, 0.19313], [0.03138, 0.15202, 0.0, 0.15796, 0.29923, 0.04873, 0.03445, 0.27326, 0.29219], [0.13085, 0.00696, 0.15796, 0.0, 0.1994, 0.11501, 0.18516, 0.15652, 0.18736], [0.28683, 0.205, 0.29923, 0.1994, 0.0, 0.27848, 0.30875, 0.04938, 0.01426], [0.01752, 0.10854, 0.04873, 0.11501, 0.27848, 0.0, 0.08217, 0.24669, 0.26974], [0.06534, 0.17978, 0.03445, 0.18516, 0.30875, 0.08217, 0.0, 0.28725, 0.30301], [0.25711, 0.16266, 0.27326, 0.15652, 0.04938, 0.24669, 0.28725, 0.0, 0.03522], [0.27872, 0.19313, 0.29219, 0.18736, 0.01426, 0.26974, 0.30301, 0.03522, 0.0]], "features_1": [[0.7854020921645652, 0.9959818399531498, 0.0, 0.2466567973033914, 0.5808826181492542, 0.11609660742972483, 0.43873786361096234, 0.6910882740631052, 0.29891847429378093, 0.19500265907914893, 0.00677745458930179, 0.587913185339294, 0.6276597249535013, 0.6242212233224083, 0.7541385523734022, 0.6887732764931292, 0.549756721275168], [0.8227648984573821, 1.0165734880624577, 0.0, 0.25356330253578213, 0.5812289433544632, 0.11778663817424773, 0.3177477495501108, 0.6898115851305413, 0.308371726078438, 0.20181727303121777, 0.00655322669591385, 0.5893101579275972, 0.6268911173962713, 0.6351071891381382, 0.7540502300890846, 0.6677368172970939, 0.5570724725321241], [0.7710175348107593, 1.1649455315609185, 0.0, 0.2379551966152064, 0.616782966309627, 0.11657838488442926, 0.44135189120380075, 0.6909719236397084, 0.3038753552773745, 0.22439162589930262, 0.0066653709969386465, 0.5901907522648573, 0.6294947131222233, 0.6303132542218366, 0.7559620170416059, 0.6840592281365572, 0.5521030731168709], [0.6662504965918039, 1.1756685399638134, 0.0, 0.24252147024178944, 0.6177986902424594, 0.1184430394430269, 0.5100190660226523, 0.6904483852825924, 0.30945295983422105, 0.22950001795532216, 0.00655322669591385, 0.5887648643348378, 0.6452643464368805, 0.6371364578875459, 0.7615992846920588, 0.6956046122710337, 0.563005971874952], [0.692248850298752, 0.9870139709116121, 0.0, 0.22991526755292993, 0.5717160768462006, 0.1204995127352661, 0.329393362465904, 0.6884646649262056, 0.32174620528532905, 0.2002921816752783, 0.007001439975721224, 0.5863783607828177, 0.6214740933095808, 0.6258036084947655, 0.7608969417789551, 0.6733657057004844, 0.56969032638707], [0.804220547459606, 1.2113277547915662, 0.0, 0.24521187730809804, 0.6234156120954015, 0.12165737584479916, 0.5267744756629469, 0.6895632325855873, 0.33387453726142646, 0.24071440942326294, 0.007001439975721224, 0.5901743195653271, 0.6489141009320065, 0.645196940018676, 0.77556868026737, 0.7084181251556297, 0.5698073593330485], [0.7298505609380372, 1.104275092668683, 0.0, 0.27872350162042037, 0.605699042315823, 0.11844954846797937, 0.6050563110179048, 0.690771431939684, 0.3190826043501602, 0.21849267949463824, 0.0066653709969386465, 0.5877361501063372, 0.6264037501050743, 0.6377349257569669, 0.7626784841068, 0.6779527073127168, 0.560595732470065], [0.7588718191178598, 0.9076076304985747, 0.0, 0.28188989664337355, 0.5536613767891438, 0.12431776392306916, 0.43904149280261534, 0.687319611176199, 0.3537046166614364, 0.19405119370819235, 0.00677745458930179, 0.5828767677997866, 0.6408135925007677, 0.6614130324617998, 0.7751292647279211, 0.7036770392587695, 0.5823091513314314], [0.6050703167949827, 1.039455532190344, 0.0, 0.3047300191465379, 0.5902550072750528, 0.11922876887534348, 0.4747121553691592, 0.6900818695514956, 0.31938611160348107, 0.2113540303719048, 0.00655322669591385, 0.5755906190915203, 0.621203258361496, 0.6318861646441625, 0.7637938009071894, 0.686245779950957, 0.565193955602766]], "features_2": [[1.1203093224537533, 0.9079720966899287, 0.0, 0.3404149614651262, 0.554401133717384, 0.11670824730880627, 0.4030095512474226, 0.690425242262221, 0.32551876794349477, 0.1819109374501855, 0.007001439975721224, 0.5793959487958784, 0.6177278717905665, 0.6189773822681734, 0.7553855690691089, 0.7136829918143884, 0.5641579279364426], [0.7072745277759145, 0.8707687062374023, 0.0, 0.329662123794492, 0.5394547799345729, 0.1195159033081675, 0.3652199184730634, 0.6888254734502492, 0.3316885717000595, 0.18042085078519654, 0.007225183508792421, 0.5880751890304874, 0.6335458909108888, 0.6352143988226545, 0.762386641024989, 0.6969188095376406, 0.5726135216464139], [1.233607518169876, 1.0328527756184933, 0.0, 0.3605008045179736, 0.5839583686406077, 0.1166794453441891, 0.4398893504614506, 0.690380795628255, 0.32166270907756767, 0.2039090801105996, 0.00677745458930179, 0.5757569916194405, 0.6174801240381972, 0.61563295752205, 0.752194972808521, 0.6913834984342876, 0.5618873252216957], [0.9585964827117364, 0.9842316593368835, 0.0, 0.3330173138651156, 0.5750868335701896, 0.11734360243404998, 0.4148219029312088, 0.6903295932673508, 0.3252157331406891, 0.19660103767669246, 0.0066653709969386465, 0.5835986842583742, 0.6216870191034544, 0.59330813951955, 0.7582974596839527, 0.713207468006701, 0.5730166022519565], [0.08870560866356536, 0.8247768466856719, 0.0, 0.3063538875939431, 0.5233258304935685, 0.1232044376960237, 0.3882332324017618, 0.6868617416104283, 0.3502824685038495, 0.1804767962111986, 0.007336964783822175, 0.6136269123725415, 0.6467616817785492, 0.658240344045687, 0.772981243870169, 0.6988523884319595, 0.5772732740907071], [0.9838785520455633, 1.0142529610317736, 0.0, 0.36109124803456655, 0.5784416239808978, 0.11817270933267676, 0.42918909501182156, 0.6896645334709339, 0.33023169504971794, 0.20360616062759496, 0.007001439975721224, 0.583340941617007, 0.6019927178603802, 0.6107136217618017, 0.7555649574544131, 0.6894726027760584, 0.569555407529487], [0.9182509033215402, 0.8788012316244409, 0.0, 0.34397298734607895, 0.5471437412407507, 0.11903633762709045, 0.432678565895732, 0.6896191350443077, 0.339069144814792, 0.18229906225056136, 0.007001439975721224, 0.5860348768881054, 0.6297346671455383, 0.6530265693766198, 0.7630060043805249, 0.6602076887058089, 0.5785680411748562], [-0.136717334599735, 0.7299735253877592, 0.0, 0.2623303757158397, 0.4923369360366894, 0.12613330665610503, 0.3176423071217286, 0.6842956745531297, 0.35232374246382525, 0.16439421871167537, 0.007448685839370306, 0.6154041133681509, 0.653084795933123, 0.6679624205591201, 0.7740508542722162, 0.6959163952144247, 0.5873700802210196], [0.27297175759987624, 0.7686139903493103, 0.0, 0.3041596355154174, 0.5068980846270104, 0.12526607354715827, 0.31183857949099403, 0.6848888347448099, 0.3466348829173249, 0.1674387223214142, 0.007225183508792421, 0.6053154486943868, 0.6399026635243756, 0.6393400963168024, 0.7700443495177167, 0.7031892431441548, 0.5866745882493476]]}