{"labels_1": ["1", "2", "3", "4", "5", "6", "7", "8", "9"], "labels_2": ["1", "2", "3", "4", "5", "6", "7", "8", "9"], "adj_matrix_1": [[0.0, 0.18832, 0.04302, 0.03489, 0.27694, 0.21735, 0.10625, 0.24036, 0.26499], [0.18832, 0.0, 0.15961, 0.16559, 0.29259, 0.05054, 0.10377, 0.09949, 0.17285], [0.04302, 0.15961, 0.0, 0.00827, 0.29423, 0.19552, 0.0665, 0.22549, 0.26165], [0.03489, 0.16559, 0.00827, 0.0, 0.29143, 0.20028, 0.07435, 0.22895, 0.26294], [0.27694, 0.29259, 0.29423, 0.29143, 0.0, 0.27062, 0.30762, 0.24036, 0.17621], [0.21735, 0.05054, 0.19552, 0.20028, 0.27062, 0.0, 0.14798, 0.05067, 0.13004], [0.10625, 0.10377, 0.0665, 0.07435, 0.30762, 0.14798, 0.0, 0.18745, 0.24045], [0.24036, 0.09949, 0.22549, 0.22895, 0.24036, 0.05067, 0.18745, 0.0, 0.08267], [0.26499, 0.17285, 0.26165, 0.26294, 0.17621, 0.13004, 0.24045, 0.08267, 0.0]], "adj_matrix_2": [[0.0, 0.08626, 0.16869, 0.08525, 0.06705, 0.10933, 0.20573, 0.045, 0.26324], [0.08626, 0.0, 0.23379, 0.16497, 0.01974, 0.18581, 0.26011, 0.1287, 0.19675], [0.16869, 0.23379, 0.0, 0.09204, 0.22024, 0.06759, 0.0502, 0.12997, 0.33432], [0.08525, 0.16497, 0.09204, 0.0, 0.14771, 0.02552, 0.13749, 0.04114, 0.3105], [0.06705, 0.01974, 0.22024, 0.14771, 0.0, 0.1694, 0.2491, 0.11034, 0.2131], [0.10933, 0.18581, 0.06759, 0.02552, 0.1694, 0.0, 0.11486, 0.06622, 0.32005], [0.20573, 0.26011, 0.0502, 0.13749, 0.2491, 0.11486, 0.0, 0.17178, 0.33382], [0.045, 0.1287, 0.12997, 0.04114, 0.11034, 0.06622, 0.17178, 0.0, 0.29056], [0.26324, 0.19675, 0.33432, 0.3105, 0.2131, 0.32005, 0.33382, 0.29056, 0.0]], "features_1": [[0.738805030211128, 0.7132169975280983, 0.0, 0.25327193797449554, 0.5110301113176436, 0.11829375430301811, 0.5357172333082871, 0.6911639457468685, 0.3114473383243761, 0.14461461356671035, 0.006609306440138685, 0.5753918265536102, 0.6545252597364457, 0.6539427191791234, 0.7699971343179353, 0.7109573737995151, 0.5818517523932775], [0.662352759112836, 0.6767029628194623, 0.0, 0.2515661720130447, 0.4977027282214521, 0.11755823401191581, 0.4865284540114665, 0.6911384406823966, 0.3264644345750698, 0.13885712829564278, 0.00683347364535547, 0.5852944610566726, 0.635171669990253, 0.6358780695901437, 0.7687139679337334, 0.6934610135280156, 0.5794571117316677], [0.6795142471807356, 0.8368664267491828, 0.0, 0.24775260328264764, 0.5464203015777341, 0.11915996943827503, 0.4849007171481482, 0.6904653346534801, 0.3171813383502382, 0.1715100535771661, 0.00683347364535547, 0.586454446428673, 0.6353664741637651, 0.6565301909196325, 0.7696024766685671, 0.6926562741950928, 0.5823706940908637], [0.8442578222396038, 0.8328120653897523, 0.0, 0.25878831939587404, 0.5385174229120326, 0.122051110938384, 0.4626677909125149, 0.6889587765549514, 0.32439168245970706, 0.17238468359162673, 0.006497131753992358, 0.5720714882670188, 0.6244379779805331, 0.6571048734507017, 0.773941317733668, 0.6945838484485746, 0.5967826895972068], [0.368823440295746, 0.6576176336406961, 0.0, 0.2350764324634194, 0.4907987323991472, 0.11791280384667228, 0.5592817386745764, 0.6910980079486247, 0.33186173733956137, 0.1368157900571343, 0.007057398507269275, 0.5995494336160792, 0.6539348503132303, 0.656430817136234, 0.7706288381198013, 0.7021236527928213, 0.5805699131838229], [0.2126393776227098, 0.8759559769514165, 0.0, 0.24869500735713113, 0.5554967175965004, 0.11807410921360582, 0.5108155856258854, 0.6907484668905048, 0.304228058635057, 0.17911865453735243, 0.006609306440138685, 0.5935829159241133, 0.6449096666143389, 0.6511317686537254, 0.7668764755518053, 0.6908371373688532, 0.5776355305600398], [0.8199611224283991, 0.8106213053329104, 0.0, 0.27133975689892925, 0.5278186113586052, 0.12189274897610855, 0.32988190903643116, 0.6878326750632486, 0.31529504513718565, 0.1692724882347154, 0.00683347364535547, 0.5732870347611996, 0.6252797015652674, 0.6596853915673254, 0.7678768775612881, 0.6883804570311272, 0.581622659933938], [-0.039612692145788664, 0.7306115627073242, 0.0, 0.23831369018230475, 0.5049124473721793, 0.11940682441585523, 0.4115400081601862, 0.6890556471151731, 0.31238039569996645, 0.15378175110403736, 0.0066653709969386465, 0.5976413974264405, 0.6541746363715869, 0.6491274317786319, 0.7579006950424351, 0.6814618969714991, 0.5710819083640156], [-0.09475334895850418, 0.8075170152708103, 0.0, 0.24002453932943368, 0.5279597182125394, 0.11865926384546985, 0.32013798770621305, 0.6890737157944883, 0.3106782898439644, 0.17005279215625846, 0.007057398507269275, 0.6074161424229614, 0.6312873868044764, 0.6614331387512611, 0.7545059299660591, 0.6825409074385836, 0.5717021955880522]], "features_2": [[-0.10086864500798942, 0.7070979840059745, 0.0, 0.2285095773037663, 0.4566452197821486, 0.141893260915044, 0.14172084744545188, 0.664141573676817, 0.4365049373882277, 0.17779674129354528, 0.008006390651371653, 0.6164269392490653, 0.6565528860384633, 0.6882943843056165, 0.792820033339441, 0.6996970311827697, 0.6262592844565189], [-0.09392314784556177, 0.6473559079029393, 0.0, 0.23109370834003806, 0.44118780346314873, 0.14068357478240046, 0.17561866989325167, 0.6676178897387341, 0.4245193647806953, 0.1609008932351348, 0.007392832833969631, 0.6257597335109155, 0.6673547296453906, 0.6913437535607946, 0.7953677679711452, 0.694409757942542, 0.6280137395340841], [0.14387343899492722, 0.7845621611550203, 0.0, 0.2513608854914495, 0.48133162131476676, 0.1427576103837912, 0.14130380772164983, 0.6639814502684864, 0.4424275035677052, 0.19419247679106588, 0.00783923647221818, 0.6117236685830372, 0.6588204355661463, 0.6868154319457375, 0.7953535665573427, 0.7172350619528103, 0.6298581848521655], [-0.024793842799330168, 0.8580945745106111, 0.0, 0.23070375027375864, 0.4963291369828059, 0.14340242446414636, 0.08868071659840737, 0.6596321101881146, 0.44372756209342, 0.21302720446539003, 0.007894969482732161, 0.6137330918530979, 0.6369768936013439, 0.6783043401555268, 0.7879151607292612, 0.7167077789717474, 0.6190253212938974], [-0.023112722921537543, 0.6229028422945548, 0.0, 0.2024473021563786, 0.4267606324123428, 0.1446279363120254, 0.15796969795046678, 0.6618234934847833, 0.4511203107815034, 0.15874878867181152, 0.008173410423425675, 0.6230662971977563, 0.6619400298980751, 0.7061241897650418, 0.8002883797947195, 0.715392701769162, 0.6284916960768206], [0.46399222631866044, 0.898628555205002, 0.0, 0.22739059484438162, 0.49773628305293804, 0.1521407578212234, 0.03940723189182478, 0.6440446015210262, 0.4986599016846578, 0.22711147995661962, 0.008284682400665488, 0.611909885327911, 0.6480104471384079, 0.6904097393579373, 0.7968984263114626, 0.7285156988604741, 0.6228563451317245], [0.05617505295222802, 0.7979872071754784, 0.0, 0.24697020533848676, 0.4804008488886976, 0.1437545177868728, 0.10998420982569783, 0.6599062357828254, 0.4633340001377, 0.2037255152998636, 0.008451478759474051, 0.6158710351966761, 0.6545623487190618, 0.6955373818771572, 0.792745282955816, 0.7073855789673622, 0.6153946898885527], [0.07985002401109265, 0.6720193481987674, 0.0, 0.20492177721948596, 0.4476718820497396, 0.1455054450444077, 0.1468816427218272, 0.6617109448097294, 0.4727192639395563, 0.17245663964150548, 0.008618141428105908, 0.6240538341821513, 0.6663457635074264, 0.6938302873560969, 0.8018949730566063, 0.7183524649290384, 0.6345671991336483], [-0.16487251410086623, 0.7383112872876317, 0.0, 0.21968818547152785, 0.4739531687411976, 0.14169882023939107, 0.17488847930986964, 0.6679566936156139, 0.4436866218120912, 0.18561458745566473, 0.008451478759474051, 0.6349267117335078, 0.6752677723596422, 0.7103293663599165, 0.7988942081047422, 0.7193547351309904, 0.6262256131518624]]}