{"labels_1": ["1", "2", "3", "4", "5", "6", "7", "8", "9"], "labels_2": ["1", "2", "3", "4", "5", "6", "7", "8", "9"], "adj_matrix_1": [[0.0, 0.00416, 0.08584, 0.03254, 0.05452, 0.03146, 0.02334, 0.25869, 0.23561], [0.00416, 0.0, 0.08986, 0.03667, 0.05041, 0.02732, 0.01919, 0.25669, 0.23303], [0.08584, 0.08986, 0.0, 0.05399, 0.13725, 0.11589, 0.1082, 0.29167, 0.28145], [0.03254, 0.03667, 0.05399, 0.0, 0.08628, 0.0637, 0.05568, 0.27253, 0.25442], [0.05452, 0.05041, 0.13725, 0.08628, 0.0, 0.02324, 0.03137, 0.22984, 0.19893], [0.03146, 0.02732, 0.11589, 0.0637, 0.02324, 0.0, 0.00816, 0.24244, 0.21503], [0.02334, 0.01919, 0.1082, 0.05568, 0.03137, 0.00816, 0.0, 0.24697, 0.22062], [0.25869, 0.25669, 0.29167, 0.27253, 0.22984, 0.24244, 0.24697, 0.0, 0.05163], [0.23561, 0.23303, 0.28145, 0.25442, 0.19893, 0.21503, 0.22062, 0.05163, 0.0]], "adj_matrix_2": [[0.0, 0.03946, 0.04429, 0.11565, 0.01382, 0.14239, 0.33111, 0.15532, 0.201], [0.03946, 0.0, 0.00488, 0.15137, 0.05312, 0.17649, 0.34514, 0.18861, 0.17158], [0.04429, 0.00488, 0.0, 0.15567, 0.0579, 0.18059, 0.34667, 0.19242, 0.16757], [0.11565, 0.15137, 0.15567, 0.0, 0.10264, 0.02901, 0.26217, 0.04329, 0.27006], [0.01382, 0.05312, 0.0579, 0.10264, 0.0, 0.12982, 0.32494, 0.14307, 0.21064], [0.14239, 0.17649, 0.18059, 0.02901, 0.12982, 0.0, 0.24016, 0.01436, 0.28274], [0.33111, 0.34514, 0.34667, 0.26217, 0.32494, 0.24016, 0.0, 0.22853, 0.338], [0.15532, 0.18861, 0.19242, 0.04329, 0.14307, 0.01436, 0.22853, 0.0, 0.28898], [0.201, 0.17158, 0.16757, 0.27006, 0.21064, 0.28274, 0.338, 0.28898, 0.0]], "features_1": [[0.7854020921645652, 0.9959818399531498, 0.0, 0.2466567973033914, 0.5808826181492542, 0.11609660742972483, 0.43873786361096234, 0.6910882740631052, 0.29891847429378093, 0.19500265907914893, 0.00677745458930179, 0.587913185339294, 0.6276597249535013, 0.6242212233224083, 0.7541385523734022, 0.6887732764931292, 0.549756721275168], [0.8227648984573821, 1.0165734880624577, 0.0, 0.25356330253578213, 0.5812289433544632, 0.11778663817424773, 0.3177477495501108, 0.6898115851305413, 0.308371726078438, 0.20181727303121777, 0.00655322669591385, 0.5893101579275972, 0.6268911173962713, 0.6351071891381382, 0.7540502300890846, 0.6677368172970939, 0.5570724725321241], [0.7710175348107593, 1.1649455315609185, 0.0, 0.2379551966152064, 0.616782966309627, 0.11657838488442926, 0.44135189120380075, 0.6909719236397084, 0.3038753552773745, 0.22439162589930262, 0.0066653709969386465, 0.5901907522648573, 0.6294947131222233, 0.6303132542218366, 0.7559620170416059, 0.6840592281365572, 0.5521030731168709], [0.6662504965918039, 1.1756685399638134, 0.0, 0.24252147024178944, 0.6177986902424594, 0.1184430394430269, 0.5100190660226523, 0.6904483852825924, 0.30945295983422105, 0.22950001795532216, 0.00655322669591385, 0.5887648643348378, 0.6452643464368805, 0.6371364578875459, 0.7615992846920588, 0.6956046122710337, 0.563005971874952], [0.692248850298752, 0.9870139709116121, 0.0, 0.22991526755292993, 0.5717160768462006, 0.1204995127352661, 0.329393362465904, 0.6884646649262056, 0.32174620528532905, 0.2002921816752783, 0.007001439975721224, 0.5863783607828177, 0.6214740933095808, 0.6258036084947655, 0.7608969417789551, 0.6733657057004844, 0.56969032638707], [0.804220547459606, 1.2113277547915662, 0.0, 0.24521187730809804, 0.6234156120954015, 0.12165737584479916, 0.5267744756629469, 0.6895632325855873, 0.33387453726142646, 0.24071440942326294, 0.007001439975721224, 0.5901743195653271, 0.6489141009320065, 0.645196940018676, 0.77556868026737, 0.7084181251556297, 0.5698073593330485], [0.7298505609380372, 1.104275092668683, 0.0, 0.27872350162042037, 0.605699042315823, 0.11844954846797937, 0.6050563110179048, 0.690771431939684, 0.3190826043501602, 0.21849267949463824, 0.0066653709969386465, 0.5877361501063372, 0.6264037501050743, 0.6377349257569669, 0.7626784841068, 0.6779527073127168, 0.560595732470065], [0.7588718191178598, 0.9076076304985747, 0.0, 0.28188989664337355, 0.5536613767891438, 0.12431776392306916, 0.43904149280261534, 0.687319611176199, 0.3537046166614364, 0.19405119370819235, 0.00677745458930179, 0.5828767677997866, 0.6408135925007677, 0.6614130324617998, 0.7751292647279211, 0.7036770392587695, 0.5823091513314314], [0.6050703167949827, 1.039455532190344, 0.0, 0.3047300191465379, 0.5902550072750528, 0.11922876887534348, 0.4747121553691592, 0.6900818695514956, 0.31938611160348107, 0.2113540303719048, 0.00655322669591385, 0.5755906190915203, 0.621203258361496, 0.6318861646441625, 0.7637938009071894, 0.686245779950957, 0.565193955602766]], "features_2": [[0.9696349096454435, 0.9444339418140091, 0.0, 0.2620111785679348, 0.5700599391323726, 0.11117422835096671, 0.3307341605600328, 0.6923268624345154, 0.28536940463745397, 0.1797562656851781, 0.006889477554966383, 0.5741266973048886, 0.6289472384176803, 0.6091556719973243, 0.7382404914079739, 0.6728852961878208, 0.5100487605867633], [0.8816333473519071, 0.9119923635035057, 0.0, 0.25837616866364793, 0.5572528553053149, 0.1136309299862675, 0.3572009092617904, 0.6916433658123611, 0.295401976122152, 0.1775557646563366, 0.006889477554966383, 0.580225218079272, 0.6135512015709231, 0.594361028112933, 0.7457931869420898, 0.6756868416063171, 0.5207802259949017], [0.7872898044162588, 1.0780345388217312, 0.0, 0.2497069617075697, 0.5983364092605072, 0.11344888512319727, 0.35216287777731525, 0.6918115487533352, 0.3001876979942686, 0.20720126060130273, 0.007001439975721224, 0.5804783675316671, 0.627696210196547, 0.616777044869283, 0.747212142491629, 0.6777293912324215, 0.5242789619138108], [0.44498118428291544, 1.043313735817516, 0.0, 0.24304759778965054, 0.5884724210731966, 0.11616784899067013, 0.3358682754775778, 0.6907596151896102, 0.3160985707889148, 0.20791607646904464, 0.007392832833969631, 0.590605658366298, 0.631722307410481, 0.6329852980107866, 0.7540154586627111, 0.6885817284759315, 0.5500175480581111], [0.7244730419368413, 0.8558328054236977, 0.0, 0.24718669946577623, 0.5399505907457953, 0.11586292104038304, 0.33491319419128446, 0.6907251842076838, 0.2955436481316651, 0.170183359866382, 0.00683347364535547, 0.5889955479903743, 0.6204688226977376, 0.6128760850229207, 0.751842851234393, 0.6837530224929842, 0.5220938734802443], [0.37448616232086573, 1.0714054558777033, 0.0, 0.23095787540531373, 0.5924729018947129, 0.1186324096294952, 0.38977063789408606, 0.69021294730098, 0.3246727315852189, 0.21505019410746762, 0.007057398507269275, 0.6008498696389173, 0.6315525507800203, 0.614405460746334, 0.7664033360200937, 0.692633273293671, 0.5517317205565389], [0.01367825235094422, 0.9496227109476358, 0.0, 0.22239125430505324, 0.5626916241991965, 0.12036174060477459, 0.320808159913053, 0.6886925042382099, 0.3172244225071177, 0.19638185141293518, 0.0069454663283523566, 0.6193109787902702, 0.6494758206814374, 0.6317335323383798, 0.7646869275913286, 0.6899693165487147, 0.5625588938810009], [0.2829315426186003, 0.7529641104424368, 0.0, 0.214601543412919, 0.5036225467155784, 0.12649346006803738, 0.3677571641040238, 0.6855768609088821, 0.36599863818308, 0.1675459432696924, 0.00711334193318236, 0.6176001406012486, 0.6717346336086796, 0.6791309072024082, 0.7825631536363252, 0.706941603685929, 0.5729870015966955], [0.7587980778373282, 0.828859323873685, 0.0, 0.22598625752604, 0.5245751065017819, 0.12682054221379546, 0.32451949542068304, 0.6847084121830078, 0.36609909624943393, 0.1812537081712866, 0.007336964783822175, 0.5883643326636765, 0.6345707469761779, 0.6532469334092967, 0.7792846087379293, 0.7033601958805462, 0.5862830121673992]]}