{"labels_1": ["1", "2", "3", "4", "5", "6", "7", "8", "9"], "labels_2": ["1", "2", "3", "4", "5", "6", "7", "8", "9"], "adj_matrix_1": [[0.0, 0.00416, 0.08584, 0.03254, 0.05452, 0.03146, 0.02334, 0.25869, 0.23561], [0.00416, 0.0, 0.08986, 0.03667, 0.05041, 0.02732, 0.01919, 0.25669, 0.23303], [0.08584, 0.08986, 0.0, 0.05399, 0.13725, 0.11589, 0.1082, 0.29167, 0.28145], [0.03254, 0.03667, 0.05399, 0.0, 0.08628, 0.0637, 0.05568, 0.27253, 0.25442], [0.05452, 0.05041, 0.13725, 0.08628, 0.0, 0.02324, 0.03137, 0.22984, 0.19893], [0.03146, 0.02732, 0.11589, 0.0637, 0.02324, 0.0, 0.00816, 0.24244, 0.21503], [0.02334, 0.01919, 0.1082, 0.05568, 0.03137, 0.00816, 0.0, 0.24697, 0.22062], [0.25869, 0.25669, 0.29167, 0.27253, 0.22984, 0.24244, 0.24697, 0.0, 0.05163], [0.23561, 0.23303, 0.28145, 0.25442, 0.19893, 0.21503, 0.22062, 0.05163, 0.0]], "adj_matrix_2": [[0.0, 0.15583, 0.12995, 0.15375, 0.27126, 0.26873, 0.18841, 0.27058, 0.27676], [0.15583, 0.0, 0.0324, 0.22009, 0.34037, 0.21163, 0.04637, 0.34126, 0.32827], [0.12995, 0.0324, 0.0, 0.2139, 0.33466, 0.23112, 0.07785, 0.33521, 0.32658], [0.15375, 0.22009, 0.2139, 0.0, 0.14194, 0.20652, 0.22439, 0.1409, 0.15283], [0.27126, 0.34037, 0.33466, 0.14194, 0.0, 0.2688, 0.34191, 0.00494, 0.0522], [0.26873, 0.21163, 0.23112, 0.20652, 0.2688, 0.0, 0.17827, 0.27237, 0.22898], [0.18841, 0.04637, 0.07785, 0.22439, 0.34191, 0.17827, 0.0, 0.34341, 0.3241], [0.27058, 0.34126, 0.33521, 0.1409, 0.00494, 0.27237, 0.34341, 0.0, 0.0571], [0.27676, 0.32827, 0.32658, 0.15283, 0.0522, 0.22898, 0.3241, 0.0571, 0.0]], "features_1": [[0.7854020921645652, 0.9959818399531498, 0.0, 0.2466567973033914, 0.5808826181492542, 0.11609660742972483, 0.43873786361096234, 0.6910882740631052, 0.29891847429378093, 0.19500265907914893, 0.00677745458930179, 0.587913185339294, 0.6276597249535013, 0.6242212233224083, 0.7541385523734022, 0.6887732764931292, 0.549756721275168], [0.8227648984573821, 1.0165734880624577, 0.0, 0.25356330253578213, 0.5812289433544632, 0.11778663817424773, 0.3177477495501108, 0.6898115851305413, 0.308371726078438, 0.20181727303121777, 0.00655322669591385, 0.5893101579275972, 0.6268911173962713, 0.6351071891381382, 0.7540502300890846, 0.6677368172970939, 0.5570724725321241], [0.7710175348107593, 1.1649455315609185, 0.0, 0.2379551966152064, 0.616782966309627, 0.11657838488442926, 0.44135189120380075, 0.6909719236397084, 0.3038753552773745, 0.22439162589930262, 0.0066653709969386465, 0.5901907522648573, 0.6294947131222233, 0.6303132542218366, 0.7559620170416059, 0.6840592281365572, 0.5521030731168709], [0.6662504965918039, 1.1756685399638134, 0.0, 0.24252147024178944, 0.6177986902424594, 0.1184430394430269, 0.5100190660226523, 0.6904483852825924, 0.30945295983422105, 0.22950001795532216, 0.00655322669591385, 0.5887648643348378, 0.6452643464368805, 0.6371364578875459, 0.7615992846920588, 0.6956046122710337, 0.563005971874952], [0.692248850298752, 0.9870139709116121, 0.0, 0.22991526755292993, 0.5717160768462006, 0.1204995127352661, 0.329393362465904, 0.6884646649262056, 0.32174620528532905, 0.2002921816752783, 0.007001439975721224, 0.5863783607828177, 0.6214740933095808, 0.6258036084947655, 0.7608969417789551, 0.6733657057004844, 0.56969032638707], [0.804220547459606, 1.2113277547915662, 0.0, 0.24521187730809804, 0.6234156120954015, 0.12165737584479916, 0.5267744756629469, 0.6895632325855873, 0.33387453726142646, 0.24071440942326294, 0.007001439975721224, 0.5901743195653271, 0.6489141009320065, 0.645196940018676, 0.77556868026737, 0.7084181251556297, 0.5698073593330485], [0.7298505609380372, 1.104275092668683, 0.0, 0.27872350162042037, 0.605699042315823, 0.11844954846797937, 0.6050563110179048, 0.690771431939684, 0.3190826043501602, 0.21849267949463824, 0.0066653709969386465, 0.5877361501063372, 0.6264037501050743, 0.6377349257569669, 0.7626784841068, 0.6779527073127168, 0.560595732470065], [0.7588718191178598, 0.9076076304985747, 0.0, 0.28188989664337355, 0.5536613767891438, 0.12431776392306916, 0.43904149280261534, 0.687319611176199, 0.3537046166614364, 0.19405119370819235, 0.00677745458930179, 0.5828767677997866, 0.6408135925007677, 0.6614130324617998, 0.7751292647279211, 0.7036770392587695, 0.5823091513314314], [0.6050703167949827, 1.039455532190344, 0.0, 0.3047300191465379, 0.5902550072750528, 0.11922876887534348, 0.4747121553691592, 0.6900818695514956, 0.31938611160348107, 0.2113540303719048, 0.00655322669591385, 0.5755906190915203, 0.621203258361496, 0.6318861646441625, 0.7637938009071894, 0.686245779950957, 0.565193955602766]], "features_2": [[0.5476726196764425, 0.6158386958812093, 0.0, 0.25024030989886864, 0.45677740149687834, 0.12610354988113157, 0.28793656079539787, 0.6847882876797846, 0.36287920320686995, 0.13750759906185062, 0.007392832833969631, 0.5904135188093458, 0.63656649420618, 0.662412468479516, 0.774120728240542, 0.7174866428478495, 0.5985135763265397], [0.3794493222824733, 0.6026153494704474, 0.0, 0.2702209634211769, 0.44461231278240615, 0.12904508321307506, 0.26032537111517373, 0.6817697865670548, 0.3780323756276702, 0.13700258357212936, 0.00783923647221818, 0.60169964393029, 0.6475791008078221, 0.6615920346730597, 0.7746233805780331, 0.7074851514342696, 0.5987633062831986], [0.49689532278967397, 0.7094394139781431, 0.0, 0.2531496466323018, 0.489208079843117, 0.1263520222758976, 0.28576759179083455, 0.6849124288591402, 0.36796183249780423, 0.15803208861891394, 0.007727725548673403, 0.5907141311279829, 0.6393253244674417, 0.647708225961169, 0.7750963598296948, 0.6964184652817648, 0.599109307138489], [0.7104308967287709, 0.7556319573062363, 0.0, 0.26582785076468, 0.49664436886990815, 0.1295322374012742, 0.2864655017476309, 0.6822716295660745, 0.37092913997875043, 0.17163310047343705, 0.00716927026363523, 0.5866158311211789, 0.6446361520104843, 0.6788048988890973, 0.78117079295711, 0.7211612208873834, 0.5975751253580673], [-0.060480508701890034, 0.5968661766429153, 0.0, 0.2703661764190589, 0.4380871816449982, 0.13116219518987318, 0.21461569833039676, 0.679333613395871, 0.3850123633619875, 0.13929580967873623, 0.007504523810135222, 0.6238757552932153, 0.6328517365986025, 0.6576284151547594, 0.7787447565578883, 0.6999651246055356, 0.5998146984418423], [0.128145577869343, 0.7426500552927993, 0.0, 0.2492074198314298, 0.4948679689507226, 0.1289959316092403, 0.2880319385108557, 0.6833360732612641, 0.3733986062787755, 0.1682983355819785, 0.007727725548673403, 0.6029344076905021, 0.6573884995878307, 0.6692661835393886, 0.7839423263614691, 0.7038827987119793, 0.602547219959012], [0.6340788633369359, 0.8566486237015211, 0.0, 0.23767413842187463, 0.52019392656194, 0.12717368234728285, 0.16398273942830882, 0.6816563558242437, 0.35848549941708363, 0.18741700980934772, 0.00716927026363523, 0.590959123575987, 0.6286558087629962, 0.643167798491375, 0.7615250671377105, 0.6716839945933014, 0.5826323838884774], [-0.10923074013415413, 0.6435579612207336, 0.0, 0.23008316833235706, 0.4538818939829379, 0.12777003234696135, 0.1999119813347164, 0.6821762139175822, 0.35639908750478333, 0.1461672141783643, 0.0069454663283523566, 0.6201652092138141, 0.6356508081713247, 0.6573146904893125, 0.7701101970678759, 0.6769734410955632, 0.5785919917901708], [-0.08528660099088814, 0.7216536114294297, 0.0, 0.1765708494367732, 0.48206047708973637, 0.12688130315233487, 0.20156766924545053, 0.6830419598279085, 0.34649582585959005, 0.16171964788692228, 0.00716927026363523, 0.6157984971548616, 0.6436496475813129, 0.6622888409915404, 0.7682600939491294, 0.6831781395381264, 0.5830316300506345]]}