{"labels_1": ["1", "2", "3", "4", "5", "6", "7", "8", "9"], "labels_2": ["1", "2", "3", "4", "5", "6", "7", "8", "9"], "adj_matrix_1": [[0.0, 0.01239, 0.09466, 0.05022, 0.22441, 0.05794, 0.05247, 0.14844, 0.13353], [0.01239, 0.0, 0.1063, 0.06237, 0.23306, 0.04575, 0.06459, 0.15915, 0.14453], [0.09466, 0.1063, 0.0, 0.04566, 0.14572, 0.14773, 0.0434, 0.058, 0.04159], [0.05022, 0.06237, 0.04566, 0.0, 0.18541, 0.10628, 0.00228, 0.10231, 0.08644], [0.22441, 0.23306, 0.14572, 0.18541, 0.0, 0.26147, 0.18352, 0.09113, 0.10704], [0.05794, 0.04575, 0.14773, 0.10628, 0.26147, 0.0, 0.1084, 0.19615, 0.18291], [0.05247, 0.06459, 0.0434, 0.00228, 0.18352, 0.1084, 0.0, 0.10016, 0.08425], [0.14844, 0.15915, 0.058, 0.10231, 0.09113, 0.19615, 0.10016, 0.0, 0.0166], [0.13353, 0.14453, 0.04159, 0.08644, 0.10704, 0.18291, 0.08425, 0.0166, 0.0]], "adj_matrix_2": [[0.0, 0.12458, 0.03138, 0.13085, 0.28683, 0.01752, 0.06534, 0.25711, 0.27872], [0.12458, 0.0, 0.15202, 0.00696, 0.205, 0.10854, 0.17978, 0.16266, 0.19313], [0.03138, 0.15202, 0.0, 0.15796, 0.29923, 0.04873, 0.03445, 0.27326, 0.29219], [0.13085, 0.00696, 0.15796, 0.0, 0.1994, 0.11501, 0.18516, 0.15652, 0.18736], [0.28683, 0.205, 0.29923, 0.1994, 0.0, 0.27848, 0.30875, 0.04938, 0.01426], [0.01752, 0.10854, 0.04873, 0.11501, 0.27848, 0.0, 0.08217, 0.24669, 0.26974], [0.06534, 0.17978, 0.03445, 0.18516, 0.30875, 0.08217, 0.0, 0.28725, 0.30301], [0.25711, 0.16266, 0.27326, 0.15652, 0.04938, 0.24669, 0.28725, 0.0, 0.03522], [0.27872, 0.19313, 0.29219, 0.18736, 0.01426, 0.26974, 0.30301, 0.03522, 0.0]], "features_1": [[0.4609193305923811, 0.9240700560763155, 0.0, 0.2764679602576635, 0.5556755991771333, 0.11855044559279422, 0.2397433619729874, 0.6887072495858182, 0.3214075125459106, 0.1897138745795126, 0.007504523810135222, 0.5943187137129449, 0.6162689825041215, 0.6193635588182627, 0.7505443004621357, 0.6749006011825746, 0.5634498629510668], [0.09037742301218898, 0.8816227917745639, 0.0, 0.31003388341198457, 0.5468105920205363, 0.11828968644459412, 0.26336947107634, 0.6890289264355429, 0.3241210278676603, 0.18464300563309743, 0.007057398507269275, 0.5946096235353346, 0.6185873100480458, 0.6376463957433798, 0.7531492774584663, 0.680384333414982, 0.5590224868883518], [0.49527383069003106, 1.0731836915272872, 0.0, 0.27799547994791757, 0.5912948207174465, 0.11763037464298925, 0.23795465491553003, 0.6892583701289364, 0.31960598618225045, 0.21505492050728647, 0.007281081678807366, 0.5943155942096472, 0.627420126793955, 0.6175386829408636, 0.7476679881428996, 0.6507220433283079, 0.5601300531412134], [0.6090707947377862, 1.0424231571157403, 0.0, 0.27269471368879905, 0.584407384503657, 0.1186536645081007, 0.27505111427307155, 0.6890320598572353, 0.33316312491728883, 0.21303819260026824, 0.007504523810135222, 0.5923351444489251, 0.6312588635568736, 0.6459460171647852, 0.7546448603723136, 0.658385592125337, 0.5621649143679162], [0.23324500605152476, 0.8515963408435142, 0.0, 0.26950319174206194, 0.5378336437573906, 0.11903192593390696, 0.25584638227636775, 0.6885301250223621, 0.3269764318446322, 0.17698036571267095, 0.007281081678807366, 0.6051981047852517, 0.6319486680195314, 0.6324403098616376, 0.7547042101511202, 0.6760546223256724, 0.560829515206116], [0.6519246847743201, 1.0884853935582997, 0.0, 0.2694768826156614, 0.5957065178028419, 0.11711481392650416, 0.23792854305205396, 0.6895887740769415, 0.32005815515911307, 0.21720526327669099, 0.007504523810135222, 0.5852159560239232, 0.599209151608725, 0.6037150344716264, 0.7467223507520794, 0.6619164804420576, 0.5580388151993382], [0.9108525999215926, 1.0278438825920362, 0.0, 0.27736380033204405, 0.5812554753178168, 0.118482638447652, 0.2458328202107211, 0.6890043293632875, 0.3303426295028533, 0.20639335813253457, 0.007392832833969631, 0.588284556199248, 0.6234320955110308, 0.6213154994657702, 0.7515054248660259, 0.6724597089374514, 0.5571596156204897], [0.6417703255830611, 0.8471109951566986, 0.0, 0.2343215830322995, 0.5359802420224952, 0.11967017311361466, 0.24100769107570058, 0.6881528808249411, 0.3266065363701096, 0.17451226972934997, 0.00711334193318236, 0.5921194059560833, 0.6329189140061254, 0.6282627782867416, 0.7522033093729376, 0.6867671454048593, 0.5514438805215492], [0.34290752694810056, 0.9241487407822914, 0.0, 0.2961240218004851, 0.5585896221167465, 0.11811181842748275, 0.25609017231694364, 0.6893467155406265, 0.32902069894233077, 0.19256109404522448, 0.007448685839370306, 0.597608547641147, 0.6231552052244504, 0.6306250857221009, 0.7505246185411757, 0.6748260286639588, 0.5494626245366941]], "features_2": [[1.1203093224537533, 0.9079720966899287, 0.0, 0.3404149614651262, 0.554401133717384, 0.11670824730880627, 0.4030095512474226, 0.690425242262221, 0.32551876794349477, 0.1819109374501855, 0.007001439975721224, 0.5793959487958784, 0.6177278717905665, 0.6189773822681734, 0.7553855690691089, 0.7136829918143884, 0.5641579279364426], [0.7072745277759145, 0.8707687062374023, 0.0, 0.329662123794492, 0.5394547799345729, 0.1195159033081675, 0.3652199184730634, 0.6888254734502492, 0.3316885717000595, 0.18042085078519654, 0.007225183508792421, 0.5880751890304874, 0.6335458909108888, 0.6352143988226545, 0.762386641024989, 0.6969188095376406, 0.5726135216464139], [1.233607518169876, 1.0328527756184933, 0.0, 0.3605008045179736, 0.5839583686406077, 0.1166794453441891, 0.4398893504614506, 0.690380795628255, 0.32166270907756767, 0.2039090801105996, 0.00677745458930179, 0.5757569916194405, 0.6174801240381972, 0.61563295752205, 0.752194972808521, 0.6913834984342876, 0.5618873252216957], [0.9585964827117364, 0.9842316593368835, 0.0, 0.3330173138651156, 0.5750868335701896, 0.11734360243404998, 0.4148219029312088, 0.6903295932673508, 0.3252157331406891, 0.19660103767669246, 0.0066653709969386465, 0.5835986842583742, 0.6216870191034544, 0.59330813951955, 0.7582974596839527, 0.713207468006701, 0.5730166022519565], [0.08870560866356536, 0.8247768466856719, 0.0, 0.3063538875939431, 0.5233258304935685, 0.1232044376960237, 0.3882332324017618, 0.6868617416104283, 0.3502824685038495, 0.1804767962111986, 0.007336964783822175, 0.6136269123725415, 0.6467616817785492, 0.658240344045687, 0.772981243870169, 0.6988523884319595, 0.5772732740907071], [0.9838785520455633, 1.0142529610317736, 0.0, 0.36109124803456655, 0.5784416239808978, 0.11817270933267676, 0.42918909501182156, 0.6896645334709339, 0.33023169504971794, 0.20360616062759496, 0.007001439975721224, 0.583340941617007, 0.6019927178603802, 0.6107136217618017, 0.7555649574544131, 0.6894726027760584, 0.569555407529487], [0.9182509033215402, 0.8788012316244409, 0.0, 0.34397298734607895, 0.5471437412407507, 0.11903633762709045, 0.432678565895732, 0.6896191350443077, 0.339069144814792, 0.18229906225056136, 0.007001439975721224, 0.5860348768881054, 0.6297346671455383, 0.6530265693766198, 0.7630060043805249, 0.6602076887058089, 0.5785680411748562], [-0.136717334599735, 0.7299735253877592, 0.0, 0.2623303757158397, 0.4923369360366894, 0.12613330665610503, 0.3176423071217286, 0.6842956745531297, 0.35232374246382525, 0.16439421871167537, 0.007448685839370306, 0.6154041133681509, 0.653084795933123, 0.6679624205591201, 0.7740508542722162, 0.6959163952144247, 0.5873700802210196], [0.27297175759987624, 0.7686139903493103, 0.0, 0.3041596355154174, 0.5068980846270104, 0.12526607354715827, 0.31183857949099403, 0.6848888347448099, 0.3466348829173249, 0.1674387223214142, 0.007225183508792421, 0.6053154486943868, 0.6399026635243756, 0.6393400963168024, 0.7700443495177167, 0.7031892431441548, 0.5866745882493476]]}