{"labels_1": ["1", "2", "3", "4", "5", "6", "7", "8", "9"], "labels_2": ["1", "2", "3", "4", "5", "6", "7", "8", "9"], "adj_matrix_1": [[0.0, 0.01239, 0.09466, 0.05022, 0.22441, 0.05794, 0.05247, 0.14844, 0.13353], [0.01239, 0.0, 0.1063, 0.06237, 0.23306, 0.04575, 0.06459, 0.15915, 0.14453], [0.09466, 0.1063, 0.0, 0.04566, 0.14572, 0.14773, 0.0434, 0.058, 0.04159], [0.05022, 0.06237, 0.04566, 0.0, 0.18541, 0.10628, 0.00228, 0.10231, 0.08644], [0.22441, 0.23306, 0.14572, 0.18541, 0.0, 0.26147, 0.18352, 0.09113, 0.10704], [0.05794, 0.04575, 0.14773, 0.10628, 0.26147, 0.0, 0.1084, 0.19615, 0.18291], [0.05247, 0.06459, 0.0434, 0.00228, 0.18352, 0.1084, 0.0, 0.10016, 0.08425], [0.14844, 0.15915, 0.058, 0.10231, 0.09113, 0.19615, 0.10016, 0.0, 0.0166], [0.13353, 0.14453, 0.04159, 0.08644, 0.10704, 0.18291, 0.08425, 0.0166, 0.0]], "adj_matrix_2": [[0.0, 0.02307, 0.08064, 0.17328, 0.02456, 0.12882, 0.15228, 0.1626, 0.17521], [0.02307, 0.0, 0.09955, 0.17594, 0.04705, 0.14172, 0.16074, 0.14813, 0.16249], [0.08064, 0.09955, 0.0, 0.13801, 0.05852, 0.06162, 0.09783, 0.20544, 0.20675], [0.17328, 0.17594, 0.13801, 0.0, 0.16702, 0.0899, 0.05239, 0.20831, 0.17697], [0.02456, 0.04705, 0.05852, 0.16702, 0.0, 0.11211, 0.13996, 0.17705, 0.18711], [0.12882, 0.14172, 0.06162, 0.0899, 0.11211, 0.0, 0.04041, 0.22053, 0.20947], [0.15228, 0.16074, 0.09783, 0.05239, 0.13996, 0.04041, 0.0, 0.22049, 0.20058], [0.1626, 0.14813, 0.20544, 0.20831, 0.17705, 0.22053, 0.22049, 0.0, 0.05785], [0.17521, 0.16249, 0.20675, 0.17697, 0.18711, 0.20947, 0.20058, 0.05785, 0.0]], "features_1": [[0.4609193305923811, 0.9240700560763155, 0.0, 0.2764679602576635, 0.5556755991771333, 0.11855044559279422, 0.2397433619729874, 0.6887072495858182, 0.3214075125459106, 0.1897138745795126, 0.007504523810135222, 0.5943187137129449, 0.6162689825041215, 0.6193635588182627, 0.7505443004621357, 0.6749006011825746, 0.5634498629510668], [0.09037742301218898, 0.8816227917745639, 0.0, 0.31003388341198457, 0.5468105920205363, 0.11828968644459412, 0.26336947107634, 0.6890289264355429, 0.3241210278676603, 0.18464300563309743, 0.007057398507269275, 0.5946096235353346, 0.6185873100480458, 0.6376463957433798, 0.7531492774584663, 0.680384333414982, 0.5590224868883518], [0.49527383069003106, 1.0731836915272872, 0.0, 0.27799547994791757, 0.5912948207174465, 0.11763037464298925, 0.23795465491553003, 0.6892583701289364, 0.31960598618225045, 0.21505492050728647, 0.007281081678807366, 0.5943155942096472, 0.627420126793955, 0.6175386829408636, 0.7476679881428996, 0.6507220433283079, 0.5601300531412134], [0.6090707947377862, 1.0424231571157403, 0.0, 0.27269471368879905, 0.584407384503657, 0.1186536645081007, 0.27505111427307155, 0.6890320598572353, 0.33316312491728883, 0.21303819260026824, 0.007504523810135222, 0.5923351444489251, 0.6312588635568736, 0.6459460171647852, 0.7546448603723136, 0.658385592125337, 0.5621649143679162], [0.23324500605152476, 0.8515963408435142, 0.0, 0.26950319174206194, 0.5378336437573906, 0.11903192593390696, 0.25584638227636775, 0.6885301250223621, 0.3269764318446322, 0.17698036571267095, 0.007281081678807366, 0.6051981047852517, 0.6319486680195314, 0.6324403098616376, 0.7547042101511202, 0.6760546223256724, 0.560829515206116], [0.6519246847743201, 1.0884853935582997, 0.0, 0.2694768826156614, 0.5957065178028419, 0.11711481392650416, 0.23792854305205396, 0.6895887740769415, 0.32005815515911307, 0.21720526327669099, 0.007504523810135222, 0.5852159560239232, 0.599209151608725, 0.6037150344716264, 0.7467223507520794, 0.6619164804420576, 0.5580388151993382], [0.9108525999215926, 1.0278438825920362, 0.0, 0.27736380033204405, 0.5812554753178168, 0.118482638447652, 0.2458328202107211, 0.6890043293632875, 0.3303426295028533, 0.20639335813253457, 0.007392832833969631, 0.588284556199248, 0.6234320955110308, 0.6213154994657702, 0.7515054248660259, 0.6724597089374514, 0.5571596156204897], [0.6417703255830611, 0.8471109951566986, 0.0, 0.2343215830322995, 0.5359802420224952, 0.11967017311361466, 0.24100769107570058, 0.6881528808249411, 0.3266065363701096, 0.17451226972934997, 0.00711334193318236, 0.5921194059560833, 0.6329189140061254, 0.6282627782867416, 0.7522033093729376, 0.6867671454048593, 0.5514438805215492], [0.34290752694810056, 0.9241487407822914, 0.0, 0.2961240218004851, 0.5585896221167465, 0.11811181842748275, 0.25609017231694364, 0.6893467155406265, 0.32902069894233077, 0.19256109404522448, 0.007448685839370306, 0.597608547641147, 0.6231552052244504, 0.6306250857221009, 0.7505246185411757, 0.6748260286639588, 0.5494626245366941]], "features_2": [[1.6889627320482807, 0.7632163977412132, 0.0, 0.34429045722997353, 0.4831495809367795, 0.13080123962713183, 0.20502504363428004, 0.6769231326775547, 0.3718996797268759, 0.1719753190340083, 0.007671947615560004, 0.5603495450926737, 0.6324455402172096, 0.6316133999241276, 0.7662990912509805, 0.7007964946631376, 0.5800032571600532], [1.964361455800531, 0.7666944674004519, 0.0, 0.33409595404186637, 0.4876857593650842, 0.130468786444831, 0.26792115406379013, 0.6793193374483627, 0.38167405936067134, 0.17300376227439762, 0.007894969482732161, 0.5567916217865738, 0.6348341698519202, 0.6549686533725795, 0.7759275152994973, 0.6795407313802637, 0.5855761371940708], [1.3174806635769691, 0.8905448830554361, 0.0, 0.3344903900528516, 0.5187467323554703, 0.13042693342952763, 0.16887544932974025, 0.6766790920761753, 0.36553024100430487, 0.1996106369042625, 0.007671947615560004, 0.5668786952112916, 0.609333485938935, 0.6361261037551059, 0.7629447030887144, 0.6693644307162405, 0.5695001686363479], [0.802614255599567, 0.877733763934923, 0.0, 0.31816236400403275, 0.51112620671212, 0.13313661026764761, 0.16729691264468655, 0.6733148056172357, 0.37499748351476514, 0.20168116275531967, 0.007671947615560004, 0.579486692637587, 0.6251562765331562, 0.6550156176568815, 0.7677058761889634, 0.6810687978550766, 0.5765683296274771], [1.630249414030395, 0.7587829971120869, 0.0, 0.32246865487071713, 0.4824652849756558, 0.13322447567292917, 0.22077111055824689, 0.6764320987755372, 0.3979750978681038, 0.17538936690203855, 0.008062078829516484, 0.5664393984654752, 0.6293385972783905, 0.6512146260162875, 0.7833187699484334, 0.6967841741284886, 0.5921580956432527], [1.022946360669752, 0.9023596475831991, 0.0, 0.3205946992415614, 0.5214007581462616, 0.13268887175349448, 0.18560327330076518, 0.6756670192119943, 0.38120226817877056, 0.20609636973235212, 0.007727725548673403, 0.5750091470476781, 0.6316252621964829, 0.6596004127307118, 0.7770661071409142, 0.7060735520692276, 0.5794395646634023], [0.7241294337005115, 0.8785528046713652, 0.0, 0.3346336954999139, 0.5098069613815621, 0.13451456183500862, 0.12301702733769275, 0.671498729160338, 0.38737185402323715, 0.20536922472038066, 0.00783923647221818, 0.5797204276057988, 0.6252214263325164, 0.6557749442237212, 0.771006713781548, 0.6948602067402164, 0.5733728392897763], [0.250027390136474, 0.7064123065520396, 0.0, 0.2798725541018127, 0.4641105674100353, 0.13578325487489187, 0.21679777195148162, 0.6732712994753574, 0.3985051472691461, 0.169847100131699, 0.008173410423425675, 0.6060031284921166, 0.6443953682665863, 0.6643053877680154, 0.7859144118277334, 0.7196471097119931, 0.5956837221751528], [0.25769212062544256, 0.8118934484645787, 0.0, 0.30310054233703226, 0.4952852623703047, 0.13527965300099562, 0.2080305923093711, 0.6726184492572154, 0.38423966572419266, 0.19179274927100343, 0.007616154688146137, 0.5926834479679375, 0.6452772577125777, 0.6711802324524166, 0.7789749772576512, 0.7164893339049319, 0.584240810408855]]}