{"labels_1": ["1", "2", "3", "4", "5", "6", "7", "8", "9"], "labels_2": ["1", "2", "3", "4", "5", "6", "7", "8", "9"], "adj_matrix_1": [[0.0, 0.01239, 0.09466, 0.05022, 0.22441, 0.05794, 0.05247, 0.14844, 0.13353], [0.01239, 0.0, 0.1063, 0.06237, 0.23306, 0.04575, 0.06459, 0.15915, 0.14453], [0.09466, 0.1063, 0.0, 0.04566, 0.14572, 0.14773, 0.0434, 0.058, 0.04159], [0.05022, 0.06237, 0.04566, 0.0, 0.18541, 0.10628, 0.00228, 0.10231, 0.08644], [0.22441, 0.23306, 0.14572, 0.18541, 0.0, 0.26147, 0.18352, 0.09113, 0.10704], [0.05794, 0.04575, 0.14773, 0.10628, 0.26147, 0.0, 0.1084, 0.19615, 0.18291], [0.05247, 0.06459, 0.0434, 0.00228, 0.18352, 0.1084, 0.0, 0.10016, 0.08425], [0.14844, 0.15915, 0.058, 0.10231, 0.09113, 0.19615, 0.10016, 0.0, 0.0166], [0.13353, 0.14453, 0.04159, 0.08644, 0.10704, 0.18291, 0.08425, 0.0166, 0.0]], "adj_matrix_2": [[0.0, 0.03946, 0.04429, 0.11565, 0.01382, 0.14239, 0.33111, 0.15532, 0.201], [0.03946, 0.0, 0.00488, 0.15137, 0.05312, 0.17649, 0.34514, 0.18861, 0.17158], [0.04429, 0.00488, 0.0, 0.15567, 0.0579, 0.18059, 0.34667, 0.19242, 0.16757], [0.11565, 0.15137, 0.15567, 0.0, 0.10264, 0.02901, 0.26217, 0.04329, 0.27006], [0.01382, 0.05312, 0.0579, 0.10264, 0.0, 0.12982, 0.32494, 0.14307, 0.21064], [0.14239, 0.17649, 0.18059, 0.02901, 0.12982, 0.0, 0.24016, 0.01436, 0.28274], [0.33111, 0.34514, 0.34667, 0.26217, 0.32494, 0.24016, 0.0, 0.22853, 0.338], [0.15532, 0.18861, 0.19242, 0.04329, 0.14307, 0.01436, 0.22853, 0.0, 0.28898], [0.201, 0.17158, 0.16757, 0.27006, 0.21064, 0.28274, 0.338, 0.28898, 0.0]], "features_1": [[0.4609193305923811, 0.9240700560763155, 0.0, 0.2764679602576635, 0.5556755991771333, 0.11855044559279422, 0.2397433619729874, 0.6887072495858182, 0.3214075125459106, 0.1897138745795126, 0.007504523810135222, 0.5943187137129449, 0.6162689825041215, 0.6193635588182627, 0.7505443004621357, 0.6749006011825746, 0.5634498629510668], [0.09037742301218898, 0.8816227917745639, 0.0, 0.31003388341198457, 0.5468105920205363, 0.11828968644459412, 0.26336947107634, 0.6890289264355429, 0.3241210278676603, 0.18464300563309743, 0.007057398507269275, 0.5946096235353346, 0.6185873100480458, 0.6376463957433798, 0.7531492774584663, 0.680384333414982, 0.5590224868883518], [0.49527383069003106, 1.0731836915272872, 0.0, 0.27799547994791757, 0.5912948207174465, 0.11763037464298925, 0.23795465491553003, 0.6892583701289364, 0.31960598618225045, 0.21505492050728647, 0.007281081678807366, 0.5943155942096472, 0.627420126793955, 0.6175386829408636, 0.7476679881428996, 0.6507220433283079, 0.5601300531412134], [0.6090707947377862, 1.0424231571157403, 0.0, 0.27269471368879905, 0.584407384503657, 0.1186536645081007, 0.27505111427307155, 0.6890320598572353, 0.33316312491728883, 0.21303819260026824, 0.007504523810135222, 0.5923351444489251, 0.6312588635568736, 0.6459460171647852, 0.7546448603723136, 0.658385592125337, 0.5621649143679162], [0.23324500605152476, 0.8515963408435142, 0.0, 0.26950319174206194, 0.5378336437573906, 0.11903192593390696, 0.25584638227636775, 0.6885301250223621, 0.3269764318446322, 0.17698036571267095, 0.007281081678807366, 0.6051981047852517, 0.6319486680195314, 0.6324403098616376, 0.7547042101511202, 0.6760546223256724, 0.560829515206116], [0.6519246847743201, 1.0884853935582997, 0.0, 0.2694768826156614, 0.5957065178028419, 0.11711481392650416, 0.23792854305205396, 0.6895887740769415, 0.32005815515911307, 0.21720526327669099, 0.007504523810135222, 0.5852159560239232, 0.599209151608725, 0.6037150344716264, 0.7467223507520794, 0.6619164804420576, 0.5580388151993382], [0.9108525999215926, 1.0278438825920362, 0.0, 0.27736380033204405, 0.5812554753178168, 0.118482638447652, 0.2458328202107211, 0.6890043293632875, 0.3303426295028533, 0.20639335813253457, 0.007392832833969631, 0.588284556199248, 0.6234320955110308, 0.6213154994657702, 0.7515054248660259, 0.6724597089374514, 0.5571596156204897], [0.6417703255830611, 0.8471109951566986, 0.0, 0.2343215830322995, 0.5359802420224952, 0.11967017311361466, 0.24100769107570058, 0.6881528808249411, 0.3266065363701096, 0.17451226972934997, 0.00711334193318236, 0.5921194059560833, 0.6329189140061254, 0.6282627782867416, 0.7522033093729376, 0.6867671454048593, 0.5514438805215492], [0.34290752694810056, 0.9241487407822914, 0.0, 0.2961240218004851, 0.5585896221167465, 0.11811181842748275, 0.25609017231694364, 0.6893467155406265, 0.32902069894233077, 0.19256109404522448, 0.007448685839370306, 0.597608547641147, 0.6231552052244504, 0.6306250857221009, 0.7505246185411757, 0.6748260286639588, 0.5494626245366941]], "features_2": [[0.9696349096454435, 0.9444339418140091, 0.0, 0.2620111785679348, 0.5700599391323726, 0.11117422835096671, 0.3307341605600328, 0.6923268624345154, 0.28536940463745397, 0.1797562656851781, 0.006889477554966383, 0.5741266973048886, 0.6289472384176803, 0.6091556719973243, 0.7382404914079739, 0.6728852961878208, 0.5100487605867633], [0.8816333473519071, 0.9119923635035057, 0.0, 0.25837616866364793, 0.5572528553053149, 0.1136309299862675, 0.3572009092617904, 0.6916433658123611, 0.295401976122152, 0.1775557646563366, 0.006889477554966383, 0.580225218079272, 0.6135512015709231, 0.594361028112933, 0.7457931869420898, 0.6756868416063171, 0.5207802259949017], [0.7872898044162588, 1.0780345388217312, 0.0, 0.2497069617075697, 0.5983364092605072, 0.11344888512319727, 0.35216287777731525, 0.6918115487533352, 0.3001876979942686, 0.20720126060130273, 0.007001439975721224, 0.5804783675316671, 0.627696210196547, 0.616777044869283, 0.747212142491629, 0.6777293912324215, 0.5242789619138108], [0.44498118428291544, 1.043313735817516, 0.0, 0.24304759778965054, 0.5884724210731966, 0.11616784899067013, 0.3358682754775778, 0.6907596151896102, 0.3160985707889148, 0.20791607646904464, 0.007392832833969631, 0.590605658366298, 0.631722307410481, 0.6329852980107866, 0.7540154586627111, 0.6885817284759315, 0.5500175480581111], [0.7244730419368413, 0.8558328054236977, 0.0, 0.24718669946577623, 0.5399505907457953, 0.11586292104038304, 0.33491319419128446, 0.6907251842076838, 0.2955436481316651, 0.170183359866382, 0.00683347364535547, 0.5889955479903743, 0.6204688226977376, 0.6128760850229207, 0.751842851234393, 0.6837530224929842, 0.5220938734802443], [0.37448616232086573, 1.0714054558777033, 0.0, 0.23095787540531373, 0.5924729018947129, 0.1186324096294952, 0.38977063789408606, 0.69021294730098, 0.3246727315852189, 0.21505019410746762, 0.007057398507269275, 0.6008498696389173, 0.6315525507800203, 0.614405460746334, 0.7664033360200937, 0.692633273293671, 0.5517317205565389], [0.01367825235094422, 0.9496227109476358, 0.0, 0.22239125430505324, 0.5626916241991965, 0.12036174060477459, 0.320808159913053, 0.6886925042382099, 0.3172244225071177, 0.19638185141293518, 0.0069454663283523566, 0.6193109787902702, 0.6494758206814374, 0.6317335323383798, 0.7646869275913286, 0.6899693165487147, 0.5625588938810009], [0.2829315426186003, 0.7529641104424368, 0.0, 0.214601543412919, 0.5036225467155784, 0.12649346006803738, 0.3677571641040238, 0.6855768609088821, 0.36599863818308, 0.1675459432696924, 0.00711334193318236, 0.6176001406012486, 0.6717346336086796, 0.6791309072024082, 0.7825631536363252, 0.706941603685929, 0.5729870015966955], [0.7587980778373282, 0.828859323873685, 0.0, 0.22598625752604, 0.5245751065017819, 0.12682054221379546, 0.32451949542068304, 0.6847084121830078, 0.36609909624943393, 0.1812537081712866, 0.007336964783822175, 0.5883643326636765, 0.6345707469761779, 0.6532469334092967, 0.7792846087379293, 0.7033601958805462, 0.5862830121673992]]}