{"labels_1": ["1", "2", "3", "4", "5", "6", "7", "8", "9"], "labels_2": ["1", "2", "3", "4", "5", "6", "7", "8", "9"], "adj_matrix_1": [[0.0, 0.01239, 0.09466, 0.05022, 0.22441, 0.05794, 0.05247, 0.14844, 0.13353], [0.01239, 0.0, 0.1063, 0.06237, 0.23306, 0.04575, 0.06459, 0.15915, 0.14453], [0.09466, 0.1063, 0.0, 0.04566, 0.14572, 0.14773, 0.0434, 0.058, 0.04159], [0.05022, 0.06237, 0.04566, 0.0, 0.18541, 0.10628, 0.00228, 0.10231, 0.08644], [0.22441, 0.23306, 0.14572, 0.18541, 0.0, 0.26147, 0.18352, 0.09113, 0.10704], [0.05794, 0.04575, 0.14773, 0.10628, 0.26147, 0.0, 0.1084, 0.19615, 0.18291], [0.05247, 0.06459, 0.0434, 0.00228, 0.18352, 0.1084, 0.0, 0.10016, 0.08425], [0.14844, 0.15915, 0.058, 0.10231, 0.09113, 0.19615, 0.10016, 0.0, 0.0166], [0.13353, 0.14453, 0.04159, 0.08644, 0.10704, 0.18291, 0.08425, 0.0166, 0.0]], "adj_matrix_2": [[0.0, 0.14695, 0.02922, 0.07324, 0.0119, 0.06954, 0.10965, 0.06911, 0.05069], [0.14695, 0.0, 0.12063, 0.20613, 0.15724, 0.20339, 0.23148, 0.20305, 0.10039], [0.02922, 0.12063, 0.0, 0.10108, 0.04102, 0.0975, 0.13593, 0.09702, 0.02166], [0.07324, 0.20613, 0.10108, 0.0, 0.06168, 0.00383, 0.03861, 0.00427, 0.12107], [0.0119, 0.15724, 0.04102, 0.06168, 0.0, 0.05794, 0.09862, 0.05753, 0.06237], [0.06954, 0.20339, 0.0975, 0.00383, 0.05794, 0.0, 0.04239, 0.00044, 0.11761], [0.10965, 0.23148, 0.13593, 0.03861, 0.09862, 0.04239, 0.0, 0.04281, 0.15458], [0.06911, 0.20305, 0.09702, 0.00427, 0.05753, 0.00044, 0.04281, 0.0, 0.11718], [0.05069, 0.10039, 0.02166, 0.12107, 0.06237, 0.11761, 0.15458, 0.11718, 0.0]], "features_1": [[0.4609193305923811, 0.9240700560763155, 0.0, 0.2764679602576635, 0.5556755991771333, 0.11855044559279422, 0.2397433619729874, 0.6887072495858182, 0.3214075125459106, 0.1897138745795126, 0.007504523810135222, 0.5943187137129449, 0.6162689825041215, 0.6193635588182627, 0.7505443004621357, 0.6749006011825746, 0.5634498629510668], [0.09037742301218898, 0.8816227917745639, 0.0, 0.31003388341198457, 0.5468105920205363, 0.11828968644459412, 0.26336947107634, 0.6890289264355429, 0.3241210278676603, 0.18464300563309743, 0.007057398507269275, 0.5946096235353346, 0.6185873100480458, 0.6376463957433798, 0.7531492774584663, 0.680384333414982, 0.5590224868883518], [0.49527383069003106, 1.0731836915272872, 0.0, 0.27799547994791757, 0.5912948207174465, 0.11763037464298925, 0.23795465491553003, 0.6892583701289364, 0.31960598618225045, 0.21505492050728647, 0.007281081678807366, 0.5943155942096472, 0.627420126793955, 0.6175386829408636, 0.7476679881428996, 0.6507220433283079, 0.5601300531412134], [0.6090707947377862, 1.0424231571157403, 0.0, 0.27269471368879905, 0.584407384503657, 0.1186536645081007, 0.27505111427307155, 0.6890320598572353, 0.33316312491728883, 0.21303819260026824, 0.007504523810135222, 0.5923351444489251, 0.6312588635568736, 0.6459460171647852, 0.7546448603723136, 0.658385592125337, 0.5621649143679162], [0.23324500605152476, 0.8515963408435142, 0.0, 0.26950319174206194, 0.5378336437573906, 0.11903192593390696, 0.25584638227636775, 0.6885301250223621, 0.3269764318446322, 0.17698036571267095, 0.007281081678807366, 0.6051981047852517, 0.6319486680195314, 0.6324403098616376, 0.7547042101511202, 0.6760546223256724, 0.560829515206116], [0.6519246847743201, 1.0884853935582997, 0.0, 0.2694768826156614, 0.5957065178028419, 0.11711481392650416, 0.23792854305205396, 0.6895887740769415, 0.32005815515911307, 0.21720526327669099, 0.007504523810135222, 0.5852159560239232, 0.599209151608725, 0.6037150344716264, 0.7467223507520794, 0.6619164804420576, 0.5580388151993382], [0.9108525999215926, 1.0278438825920362, 0.0, 0.27736380033204405, 0.5812554753178168, 0.118482638447652, 0.2458328202107211, 0.6890043293632875, 0.3303426295028533, 0.20639335813253457, 0.007392832833969631, 0.588284556199248, 0.6234320955110308, 0.6213154994657702, 0.7515054248660259, 0.6724597089374514, 0.5571596156204897], [0.6417703255830611, 0.8471109951566986, 0.0, 0.2343215830322995, 0.5359802420224952, 0.11967017311361466, 0.24100769107570058, 0.6881528808249411, 0.3266065363701096, 0.17451226972934997, 0.00711334193318236, 0.5921194059560833, 0.6329189140061254, 0.6282627782867416, 0.7522033093729376, 0.6867671454048593, 0.5514438805215492], [0.34290752694810056, 0.9241487407822914, 0.0, 0.2961240218004851, 0.5585896221167465, 0.11811181842748275, 0.25609017231694364, 0.6893467155406265, 0.32902069894233077, 0.19256109404522448, 0.007448685839370306, 0.597608547641147, 0.6231552052244504, 0.6306250857221009, 0.7505246185411757, 0.6748260286639588, 0.5494626245366941]], "features_2": [[0.5301047000150207, 0.9092923471081797, 0.0, 0.248555302226024, 0.550243826975302, 0.11981759803015488, 0.3677594130380257, 0.688737523318242, 0.3143476699103416, 0.1878747315084035, 0.006721420376576193, 0.583049642855962, 0.6242375181152862, 0.6424204930457185, 0.7520714589071149, 0.6937258121526114, 0.5599955008110091], [0.1858957645976278, 0.8616552748212867, 0.0, 0.2048005865454013, 0.5311933615194439, 0.12377669649691944, 0.28384372768792404, 0.6857920502708807, 0.3391023072952579, 0.18661390508561038, 0.007001439975721224, 0.6031377465245193, 0.6227280042106023, 0.6438917022468928, 0.7639425966465715, 0.6989784057920692, 0.5802518102448032], [0.548402160007543, 1.0367299450712857, 0.0, 0.235706326235548, 0.5787699949727062, 0.12119400815749576, 0.3770394100884367, 0.688033804103161, 0.32197251553195017, 0.21296137310223107, 0.00683347364535547, 0.5844939337413824, 0.6197115344029962, 0.6250218109772179, 0.7566319570041171, 0.7089759748284618, 0.5690468916585222], [0.777036678804834, 1.06664007303788, 0.0, 0.2652544315792721, 0.5845243107373046, 0.12152636164803235, 0.36414494124816843, 0.6876218065530417, 0.32569346754231776, 0.21585884323725724, 0.006609306440138685, 0.5791955668701734, 0.6255681328419858, 0.6313960212412802, 0.7529152000505244, 0.701780425136114, 0.5659438999826963], [0.3775145838870584, 0.8573994570575295, 0.0, 0.23131111276518518, 0.5260999693790573, 0.12761039070969016, 0.27724225347502907, 0.6827530510792769, 0.36370619565141404, 0.1908568698688562, 0.007281081678807366, 0.5955984812731745, 0.6349801453401973, 0.6558389364931725, 0.7710802661169087, 0.7037969365341359, 0.5939818194774135], [0.7932133043888063, 1.073906438158078, 0.0, 0.2585101012617747, 0.5886353399489513, 0.12182884528709156, 0.4223973614986683, 0.6882883170690299, 0.33023118252570094, 0.21968237772376265, 0.007057398507269275, 0.5782101572962368, 0.6291101564940549, 0.6412525139322006, 0.7644613128558778, 0.7024752888645388, 0.5743682885518688], [0.791631534533884, 1.0393398561467164, 0.0, 0.2696941903714299, 0.5838405481462273, 0.11816415851798044, 0.3808369364007852, 0.6896824144375132, 0.3140785324662938, 0.2068711486187762, 0.0069454663283523566, 0.5782233797455121, 0.6206492081773229, 0.62665285985507, 0.7490630681491569, 0.6902461672726085, 0.5707832946327664], [0.9766283641169573, 0.8233214804849696, 0.0, 0.28761668070853574, 0.5242989617056619, 0.12478835271699049, 0.3066426816780051, 0.6854280377570194, 0.35666772090500287, 0.17555209308451403, 0.007504523810135222, 0.5833977645653698, 0.6045298009753456, 0.6073389389443083, 0.7673674144675343, 0.7048380117820898, 0.5895218879690015], [0.7547394287836218, 0.9402002967521403, 0.0, 0.28605214089743025, 0.560067897620771, 0.11883963469824924, 0.2977804066884019, 0.6889687924436985, 0.31834192649914583, 0.1912188650810296, 0.00683347364535547, 0.5835969341035578, 0.6159877632899562, 0.6217741283539296, 0.749512295589036, 0.6712704971400791, 0.5706262613253813]]}