{"labels_1": ["1", "2", "3", "4", "5", "6", "7", "8", "9"], "labels_2": ["1", "2", "3", "4", "5", "6", "7", "8", "9"], "adj_matrix_1": [[0.0, 0.01239, 0.09466, 0.05022, 0.22441, 0.05794, 0.05247, 0.14844, 0.13353], [0.01239, 0.0, 0.1063, 0.06237, 0.23306, 0.04575, 0.06459, 0.15915, 0.14453], [0.09466, 0.1063, 0.0, 0.04566, 0.14572, 0.14773, 0.0434, 0.058, 0.04159], [0.05022, 0.06237, 0.04566, 0.0, 0.18541, 0.10628, 0.00228, 0.10231, 0.08644], [0.22441, 0.23306, 0.14572, 0.18541, 0.0, 0.26147, 0.18352, 0.09113, 0.10704], [0.05794, 0.04575, 0.14773, 0.10628, 0.26147, 0.0, 0.1084, 0.19615, 0.18291], [0.05247, 0.06459, 0.0434, 0.00228, 0.18352, 0.1084, 0.0, 0.10016, 0.08425], [0.14844, 0.15915, 0.058, 0.10231, 0.09113, 0.19615, 0.10016, 0.0, 0.0166], [0.13353, 0.14453, 0.04159, 0.08644, 0.10704, 0.18291, 0.08425, 0.0166, 0.0]], "adj_matrix_2": [[0.0, 0.15583, 0.12995, 0.15375, 0.27126, 0.26873, 0.18841, 0.27058, 0.27676], [0.15583, 0.0, 0.0324, 0.22009, 0.34037, 0.21163, 0.04637, 0.34126, 0.32827], [0.12995, 0.0324, 0.0, 0.2139, 0.33466, 0.23112, 0.07785, 0.33521, 0.32658], [0.15375, 0.22009, 0.2139, 0.0, 0.14194, 0.20652, 0.22439, 0.1409, 0.15283], [0.27126, 0.34037, 0.33466, 0.14194, 0.0, 0.2688, 0.34191, 0.00494, 0.0522], [0.26873, 0.21163, 0.23112, 0.20652, 0.2688, 0.0, 0.17827, 0.27237, 0.22898], [0.18841, 0.04637, 0.07785, 0.22439, 0.34191, 0.17827, 0.0, 0.34341, 0.3241], [0.27058, 0.34126, 0.33521, 0.1409, 0.00494, 0.27237, 0.34341, 0.0, 0.0571], [0.27676, 0.32827, 0.32658, 0.15283, 0.0522, 0.22898, 0.3241, 0.0571, 0.0]], "features_1": [[0.4609193305923811, 0.9240700560763155, 0.0, 0.2764679602576635, 0.5556755991771333, 0.11855044559279422, 0.2397433619729874, 0.6887072495858182, 0.3214075125459106, 0.1897138745795126, 0.007504523810135222, 0.5943187137129449, 0.6162689825041215, 0.6193635588182627, 0.7505443004621357, 0.6749006011825746, 0.5634498629510668], [0.09037742301218898, 0.8816227917745639, 0.0, 0.31003388341198457, 0.5468105920205363, 0.11828968644459412, 0.26336947107634, 0.6890289264355429, 0.3241210278676603, 0.18464300563309743, 0.007057398507269275, 0.5946096235353346, 0.6185873100480458, 0.6376463957433798, 0.7531492774584663, 0.680384333414982, 0.5590224868883518], [0.49527383069003106, 1.0731836915272872, 0.0, 0.27799547994791757, 0.5912948207174465, 0.11763037464298925, 0.23795465491553003, 0.6892583701289364, 0.31960598618225045, 0.21505492050728647, 0.007281081678807366, 0.5943155942096472, 0.627420126793955, 0.6175386829408636, 0.7476679881428996, 0.6507220433283079, 0.5601300531412134], [0.6090707947377862, 1.0424231571157403, 0.0, 0.27269471368879905, 0.584407384503657, 0.1186536645081007, 0.27505111427307155, 0.6890320598572353, 0.33316312491728883, 0.21303819260026824, 0.007504523810135222, 0.5923351444489251, 0.6312588635568736, 0.6459460171647852, 0.7546448603723136, 0.658385592125337, 0.5621649143679162], [0.23324500605152476, 0.8515963408435142, 0.0, 0.26950319174206194, 0.5378336437573906, 0.11903192593390696, 0.25584638227636775, 0.6885301250223621, 0.3269764318446322, 0.17698036571267095, 0.007281081678807366, 0.6051981047852517, 0.6319486680195314, 0.6324403098616376, 0.7547042101511202, 0.6760546223256724, 0.560829515206116], [0.6519246847743201, 1.0884853935582997, 0.0, 0.2694768826156614, 0.5957065178028419, 0.11711481392650416, 0.23792854305205396, 0.6895887740769415, 0.32005815515911307, 0.21720526327669099, 0.007504523810135222, 0.5852159560239232, 0.599209151608725, 0.6037150344716264, 0.7467223507520794, 0.6619164804420576, 0.5580388151993382], [0.9108525999215926, 1.0278438825920362, 0.0, 0.27736380033204405, 0.5812554753178168, 0.118482638447652, 0.2458328202107211, 0.6890043293632875, 0.3303426295028533, 0.20639335813253457, 0.007392832833969631, 0.588284556199248, 0.6234320955110308, 0.6213154994657702, 0.7515054248660259, 0.6724597089374514, 0.5571596156204897], [0.6417703255830611, 0.8471109951566986, 0.0, 0.2343215830322995, 0.5359802420224952, 0.11967017311361466, 0.24100769107570058, 0.6881528808249411, 0.3266065363701096, 0.17451226972934997, 0.00711334193318236, 0.5921194059560833, 0.6329189140061254, 0.6282627782867416, 0.7522033093729376, 0.6867671454048593, 0.5514438805215492], [0.34290752694810056, 0.9241487407822914, 0.0, 0.2961240218004851, 0.5585896221167465, 0.11811181842748275, 0.25609017231694364, 0.6893467155406265, 0.32902069894233077, 0.19256109404522448, 0.007448685839370306, 0.597608547641147, 0.6231552052244504, 0.6306250857221009, 0.7505246185411757, 0.6748260286639588, 0.5494626245366941]], "features_2": [[0.5476726196764425, 0.6158386958812093, 0.0, 0.25024030989886864, 0.45677740149687834, 0.12610354988113157, 0.28793656079539787, 0.6847882876797846, 0.36287920320686995, 0.13750759906185062, 0.007392832833969631, 0.5904135188093458, 0.63656649420618, 0.662412468479516, 0.774120728240542, 0.7174866428478495, 0.5985135763265397], [0.3794493222824733, 0.6026153494704474, 0.0, 0.2702209634211769, 0.44461231278240615, 0.12904508321307506, 0.26032537111517373, 0.6817697865670548, 0.3780323756276702, 0.13700258357212936, 0.00783923647221818, 0.60169964393029, 0.6475791008078221, 0.6615920346730597, 0.7746233805780331, 0.7074851514342696, 0.5987633062831986], [0.49689532278967397, 0.7094394139781431, 0.0, 0.2531496466323018, 0.489208079843117, 0.1263520222758976, 0.28576759179083455, 0.6849124288591402, 0.36796183249780423, 0.15803208861891394, 0.007727725548673403, 0.5907141311279829, 0.6393253244674417, 0.647708225961169, 0.7750963598296948, 0.6964184652817648, 0.599109307138489], [0.7104308967287709, 0.7556319573062363, 0.0, 0.26582785076468, 0.49664436886990815, 0.1295322374012742, 0.2864655017476309, 0.6822716295660745, 0.37092913997875043, 0.17163310047343705, 0.00716927026363523, 0.5866158311211789, 0.6446361520104843, 0.6788048988890973, 0.78117079295711, 0.7211612208873834, 0.5975751253580673], [-0.060480508701890034, 0.5968661766429153, 0.0, 0.2703661764190589, 0.4380871816449982, 0.13116219518987318, 0.21461569833039676, 0.679333613395871, 0.3850123633619875, 0.13929580967873623, 0.007504523810135222, 0.6238757552932153, 0.6328517365986025, 0.6576284151547594, 0.7787447565578883, 0.6999651246055356, 0.5998146984418423], [0.128145577869343, 0.7426500552927993, 0.0, 0.2492074198314298, 0.4948679689507226, 0.1289959316092403, 0.2880319385108557, 0.6833360732612641, 0.3733986062787755, 0.1682983355819785, 0.007727725548673403, 0.6029344076905021, 0.6573884995878307, 0.6692661835393886, 0.7839423263614691, 0.7038827987119793, 0.602547219959012], [0.6340788633369359, 0.8566486237015211, 0.0, 0.23767413842187463, 0.52019392656194, 0.12717368234728285, 0.16398273942830882, 0.6816563558242437, 0.35848549941708363, 0.18741700980934772, 0.00716927026363523, 0.590959123575987, 0.6286558087629962, 0.643167798491375, 0.7615250671377105, 0.6716839945933014, 0.5826323838884774], [-0.10923074013415413, 0.6435579612207336, 0.0, 0.23008316833235706, 0.4538818939829379, 0.12777003234696135, 0.1999119813347164, 0.6821762139175822, 0.35639908750478333, 0.1461672141783643, 0.0069454663283523566, 0.6201652092138141, 0.6356508081713247, 0.6573146904893125, 0.7701101970678759, 0.6769734410955632, 0.5785919917901708], [-0.08528660099088814, 0.7216536114294297, 0.0, 0.1765708494367732, 0.48206047708973637, 0.12688130315233487, 0.20156766924545053, 0.6830419598279085, 0.34649582585959005, 0.16171964788692228, 0.00716927026363523, 0.6157984971548616, 0.6436496475813129, 0.6622888409915404, 0.7682600939491294, 0.6831781395381264, 0.5830316300506345]]}