{"labels_1": ["1", "2", "3", "4", "5", "6", "7", "8", "9"], "labels_2": ["1", "2", "3", "4", "5", "6", "7", "8", "9"], "adj_matrix_1": [[0.0, 0.069, 0.05055, 0.21687, 0.08871, 0.04674, 0.20057, 0.2729, 0.15905], [0.069, 0.0, 0.11817, 0.27301, 0.15465, 0.1145, 0.25827, 0.22438, 0.09404], [0.05055, 0.11817, 0.0, 0.1716, 0.03866, 0.00384, 0.15445, 0.30346, 0.20356], [0.21687, 0.27301, 0.1716, 0.0, 0.1352, 0.17513, 0.01831, 0.3812, 0.33472], [0.08871, 0.15465, 0.03866, 0.1352, 0.0, 0.04248, 0.11757, 0.32452, 0.23573], [0.04674, 0.1145, 0.00384, 0.17513, 0.04248, 0.0, 0.15804, 0.30127, 0.20028], [0.20057, 0.25827, 0.15445, 0.01831, 0.11757, 0.15804, 0.0, 0.37495, 0.32281], [0.2729, 0.22438, 0.30346, 0.3812, 0.32452, 0.30127, 0.37495, 0.0, 0.14593], [0.15905, 0.09404, 0.20356, 0.33472, 0.23573, 0.20028, 0.32281, 0.14593, 0.0]], "adj_matrix_2": [[0.0, 0.06508, 0.04546, 0.00588, 0.17671, 0.08706, 0.13486, 0.12182, 0.21617], [0.06508, 0.0, 0.10879, 0.0708, 0.12088, 0.14765, 0.19103, 0.17936, 0.26165], [0.04546, 0.10879, 0.0, 0.03964, 0.21113, 0.04243, 0.09211, 0.07841, 0.17896], [0.00588, 0.0708, 0.03964, 0.0, 0.18131, 0.08141, 0.12952, 0.11634, 0.21163], [0.17671, 0.12088, 0.21113, 0.18131, 0.0, 0.23976, 0.26955, 0.26189, 0.31267], [0.08706, 0.14765, 0.04243, 0.08141, 0.23976, 0.0, 0.05055, 0.03652, 0.14111], [0.13486, 0.19103, 0.09211, 0.12952, 0.26955, 0.05055, 0.0, 0.01413, 0.09318], [0.12182, 0.17936, 0.07841, 0.11634, 0.26189, 0.03652, 0.01413, 0.0, 0.10676], [0.21617, 0.26165, 0.17896, 0.21163, 0.31267, 0.14111, 0.09318, 0.10676, 0.0]], "features_1": [[-0.2574994852429908, 0.8757250153269879, 0.0, 0.1976931161595002, 0.526815310486409, 0.12852317065377566, 0.23909922080743443, 0.681145944934616, 0.36425158456106943, 0.19881035264678126, 0.007560346756364078, 0.623741592913089, 0.6457990188249804, 0.6726632188459719, 0.7727805165526621, 0.6783606261401588, 0.5842927829726934], [0.02336073535336647, 0.8329726287167253, 0.0, 0.2046444800941224, 0.5132348567310585, 0.12925217860934232, 0.2006806808569465, 0.6796813401347874, 0.3665442239545784, 0.18884024585313353, 0.007336964783822175, 0.6178781409266874, 0.6447995371280301, 0.6582695795538291, 0.769937469543549, 0.6934943644077879, 0.578047383300448], [-0.19158816179770088, 0.9749870726584047, 0.0, 0.20143437576201656, 0.5540361341273242, 0.12735401980055852, 0.2120566885349433, 0.6820060035862494, 0.3545948011692748, 0.21638335301193345, 0.007448685839370306, 0.6195805445758111, 0.6390462462448319, 0.651658358389922, 0.7688877991568267, 0.6722345033233699, 0.5854431086323704], [-0.3090559207425545, 0.9760816570256284, 0.0, 0.20910051195903004, 0.5531441420703731, 0.12813718950439265, 0.22489121220110278, 0.6816906512019101, 0.3580793435458429, 0.21815215956983303, 0.007225183508792421, 0.6327530867688411, 0.6666660399605876, 0.6830184325929703, 0.7723933781815706, 0.6918847982215998, 0.5860781496992814], [0.04096818200912322, 0.7982886335057862, 0.0, 0.194137730095324, 0.49705024852049984, 0.13401015658870732, 0.17534755703078844, 0.6743281770042784, 0.3977096739236876, 0.18798966786098026, 0.007894969482732161, 0.6272624199821655, 0.6357293439462802, 0.6406677022501384, 0.7791067722908298, 0.7146039521328766, 0.596292751635062], [-0.12748655778426699, 0.9751205353152936, 0.0, 0.21059253053958005, 0.5502548639378253, 0.13121232787931264, 0.2187690756184537, 0.6789382522128464, 0.37862758394237206, 0.2213294198815774, 0.007504523810135222, 0.6235756679958873, 0.6519600627261802, 0.6678060410699557, 0.7802735169804035, 0.6988873668069991, 0.6048844041775004], [-0.2362669010191154, 0.9949195321737271, 0.0, 0.23701592787803605, 0.5581185342209407, 0.1288725879502652, 0.2360767961688822, 0.6814540914310434, 0.3634250836973889, 0.22146756474347562, 0.007504523810135222, 0.6314741793940577, 0.659179443698335, 0.6596813690778365, 0.7774177901226744, 0.7068321675573087, 0.600732757210282], [0.04185978036805915, 0.815046820613405, 0.0, 0.2291149968102697, 0.5064011339034782, 0.13249636287312686, 0.1915524399961271, 0.6770084967290697, 0.38657413521308115, 0.19146380033987676, 0.007950687539111767, 0.6035211987352511, 0.6641701724894358, 0.687443610810133, 0.7799748994056774, 0.7090432306781957, 0.6100130431580034], [0.11706260485181419, 0.8668222136417408, 0.0, 0.24369136573305616, 0.5256524869103502, 0.12992476389287816, 0.21410518374329968, 0.6801446895474306, 0.38705496950941054, 0.19962913762719636, 0.007671947615560004, 0.6090091633277572, 0.6528426566589295, 0.6768802601455189, 0.777053608824586, 0.705259318448723, 0.6101557735163002]], "features_2": [[0.310034886556422, 0.823095593561284, 0.0, 0.2873418460983921, 0.5211230295053756, 0.12078665345101422, 0.29683687321485197, 0.6875839189921324, 0.34485496425708284, 0.17547545980641988, 0.00683347364535547, 0.5949082503785446, 0.6334863879654268, 0.6497327490965213, 0.7636618102046183, 0.6942581366306164, 0.583764261701826], [0.7131562966992715, 0.8343530608630677, 0.0, 0.27178068047175896, 0.5176293889593743, 0.12300681284256312, 0.2646465779461735, 0.6852925650198409, 0.3588778608137779, 0.17953915457300784, 0.00711334193318236, 0.5906465035140971, 0.6106706441831412, 0.6332058335695523, 0.7654543949363126, 0.7015673435798354, 0.5921398918626661], [0.21202894039055797, 0.919903358687751, 0.0, 0.25136741467568985, 0.5490502857491301, 0.12023602816330775, 0.29429544715352945, 0.6880137791331347, 0.34083510686585705, 0.19381364015065627, 0.00683347364535547, 0.5940982398225372, 0.6351963281753468, 0.6537114910298704, 0.759946411047482, 0.6826435582678394, 0.5902987513004686], [0.22618141448885964, 0.926093176138667, 0.0, 0.25744829990347334, 0.552853318819543, 0.11884378254215323, 0.27942765429116107, 0.6887641967064746, 0.3255186601103188, 0.19264891971822773, 0.00683347364535547, 0.5925374123093983, 0.628018801485586, 0.6431556819982083, 0.7569453133956612, 0.6738445727954122, 0.5837508203400821], [0.7248214973074436, 0.8268689314828988, 0.0, 0.24239838021079838, 0.512373292473399, 0.12392119004749168, 0.212083013812088, 0.683824594884543, 0.35692103061006497, 0.1776983835905015, 0.00711334193318236, 0.5900599383985807, 0.6126177884335965, 0.6296839170079733, 0.758633077895329, 0.6915016993271752, 0.5739688390993554], [0.3068814941791529, 0.9626624481651715, 0.0, 0.2399267218887676, 0.5594734528794839, 0.11958728090487322, 0.254569708185916, 0.6881603258401254, 0.33253480782777456, 0.1998193074895489, 0.007001439975721224, 0.5943338226387849, 0.6192903242571819, 0.6364991210347347, 0.7558281343800073, 0.6883363195881568, 0.5870677407980597], [0.2996394062051042, 0.9495259787478937, 0.0, 0.2105914228374469, 0.5548067578380764, 0.11931639084839024, 0.2614962374447174, 0.6881645917637822, 0.3225844811422163, 0.19440112981526547, 0.006889477554966383, 0.596904864903232, 0.6296131403548538, 0.6153777122575447, 0.7516821521763392, 0.7057835593047314, 0.5841970066519284], [0.11477651410235445, 0.7705667241710502, 0.0, 0.21344073678272907, 0.5034818668716993, 0.12251820958869436, 0.2568487658961601, 0.6861027520679288, 0.32845234693558845, 0.16622779251221265, 0.00711334193318236, 0.6046752421318542, 0.6329705637874044, 0.6471548944864607, 0.7546601042466123, 0.6980192305639105, 0.5580576200304921], [0.12123469089630268, 0.8684588295489786, 0.0, 0.23154086058583456, 0.5345284795306184, 0.118980285110516, 0.24694202760509754, 0.6886757141773476, 0.31436584881177354, 0.1806583342860104, 0.007225183508792421, 0.6029605057063188, 0.6307967254568554, 0.6371915618132665, 0.7490542519024647, 0.693435094674583, 0.5628737225245497]]}