{"labels_1": ["1", "2", "3", "4", "5", "6", "7", "8", "9"], "labels_2": ["1", "2", "3", "4", "5", "6", "7", "8", "9"], "adj_matrix_1": [[0.0, 0.069, 0.05055, 0.21687, 0.08871, 0.04674, 0.20057, 0.2729, 0.15905], [0.069, 0.0, 0.11817, 0.27301, 0.15465, 0.1145, 0.25827, 0.22438, 0.09404], [0.05055, 0.11817, 0.0, 0.1716, 0.03866, 0.00384, 0.15445, 0.30346, 0.20356], [0.21687, 0.27301, 0.1716, 0.0, 0.1352, 0.17513, 0.01831, 0.3812, 0.33472], [0.08871, 0.15465, 0.03866, 0.1352, 0.0, 0.04248, 0.11757, 0.32452, 0.23573], [0.04674, 0.1145, 0.00384, 0.17513, 0.04248, 0.0, 0.15804, 0.30127, 0.20028], [0.20057, 0.25827, 0.15445, 0.01831, 0.11757, 0.15804, 0.0, 0.37495, 0.32281], [0.2729, 0.22438, 0.30346, 0.3812, 0.32452, 0.30127, 0.37495, 0.0, 0.14593], [0.15905, 0.09404, 0.20356, 0.33472, 0.23573, 0.20028, 0.32281, 0.14593, 0.0]], "adj_matrix_2": [[0.0, 0.28942, 0.16319, 0.13653, 0.26116, 0.29833, 0.00112, 0.11336, 0.20603], [0.28942, 0.0, 0.17337, 0.19912, 0.04828, 0.01724, 0.28896, 0.21918, 0.28241], [0.16319, 0.17337, 0.0, 0.03067, 0.1295, 0.18836, 0.1623, 0.056, 0.27132], [0.13653, 0.19912, 0.03067, 0.0, 0.15725, 0.21331, 0.13558, 0.02556, 0.2644], [0.26116, 0.04828, 0.1295, 0.15725, 0.0, 0.06531, 0.26055, 0.17927, 0.28355], [0.29833, 0.01724, 0.18836, 0.21331, 0.06531, 0.0, 0.29805, 0.23248, 0.28122], [0.00112, 0.28896, 0.1623, 0.13558, 0.26055, 0.29805, 0.0, 0.11231, 0.20663], [0.11336, 0.21918, 0.056, 0.02556, 0.17927, 0.23248, 0.11231, 0.0, 0.2573], [0.20603, 0.28241, 0.27132, 0.2644, 0.28355, 0.28122, 0.20663, 0.2573, 0.0]], "features_1": [[-0.2574994852429908, 0.8757250153269879, 0.0, 0.1976931161595002, 0.526815310486409, 0.12852317065377566, 0.23909922080743443, 0.681145944934616, 0.36425158456106943, 0.19881035264678126, 0.007560346756364078, 0.623741592913089, 0.6457990188249804, 0.6726632188459719, 0.7727805165526621, 0.6783606261401588, 0.5842927829726934], [0.02336073535336647, 0.8329726287167253, 0.0, 0.2046444800941224, 0.5132348567310585, 0.12925217860934232, 0.2006806808569465, 0.6796813401347874, 0.3665442239545784, 0.18884024585313353, 0.007336964783822175, 0.6178781409266874, 0.6447995371280301, 0.6582695795538291, 0.769937469543549, 0.6934943644077879, 0.578047383300448], [-0.19158816179770088, 0.9749870726584047, 0.0, 0.20143437576201656, 0.5540361341273242, 0.12735401980055852, 0.2120566885349433, 0.6820060035862494, 0.3545948011692748, 0.21638335301193345, 0.007448685839370306, 0.6195805445758111, 0.6390462462448319, 0.651658358389922, 0.7688877991568267, 0.6722345033233699, 0.5854431086323704], [-0.3090559207425545, 0.9760816570256284, 0.0, 0.20910051195903004, 0.5531441420703731, 0.12813718950439265, 0.22489121220110278, 0.6816906512019101, 0.3580793435458429, 0.21815215956983303, 0.007225183508792421, 0.6327530867688411, 0.6666660399605876, 0.6830184325929703, 0.7723933781815706, 0.6918847982215998, 0.5860781496992814], [0.04096818200912322, 0.7982886335057862, 0.0, 0.194137730095324, 0.49705024852049984, 0.13401015658870732, 0.17534755703078844, 0.6743281770042784, 0.3977096739236876, 0.18798966786098026, 0.007894969482732161, 0.6272624199821655, 0.6357293439462802, 0.6406677022501384, 0.7791067722908298, 0.7146039521328766, 0.596292751635062], [-0.12748655778426699, 0.9751205353152936, 0.0, 0.21059253053958005, 0.5502548639378253, 0.13121232787931264, 0.2187690756184537, 0.6789382522128464, 0.37862758394237206, 0.2213294198815774, 0.007504523810135222, 0.6235756679958873, 0.6519600627261802, 0.6678060410699557, 0.7802735169804035, 0.6988873668069991, 0.6048844041775004], [-0.2362669010191154, 0.9949195321737271, 0.0, 0.23701592787803605, 0.5581185342209407, 0.1288725879502652, 0.2360767961688822, 0.6814540914310434, 0.3634250836973889, 0.22146756474347562, 0.007504523810135222, 0.6314741793940577, 0.659179443698335, 0.6596813690778365, 0.7774177901226744, 0.7068321675573087, 0.600732757210282], [0.04185978036805915, 0.815046820613405, 0.0, 0.2291149968102697, 0.5064011339034782, 0.13249636287312686, 0.1915524399961271, 0.6770084967290697, 0.38657413521308115, 0.19146380033987676, 0.007950687539111767, 0.6035211987352511, 0.6641701724894358, 0.687443610810133, 0.7799748994056774, 0.7090432306781957, 0.6100130431580034], [0.11706260485181419, 0.8668222136417408, 0.0, 0.24369136573305616, 0.5256524869103502, 0.12992476389287816, 0.21410518374329968, 0.6801446895474306, 0.38705496950941054, 0.19962913762719636, 0.007671947615560004, 0.6090091633277572, 0.6528426566589295, 0.6768802601455189, 0.777053608824586, 0.705259318448723, 0.6101557735163002]], "features_2": [[0.3296464392567038, 0.6801630020427921, 0.0, 0.24633105959534077, 0.48556090147142034, 0.12293051377598099, 0.4274057457619861, 0.6881177539444767, 0.3380836373827887, 0.14672078242199604, 0.00677745458930179, 0.5983344899823644, 0.6305944046317871, 0.6628427125020293, 0.7705375522516081, 0.684059334190295, 0.5836095184622717], [-0.059868153319869055, 0.6554068843993619, 0.0, 0.2250230323193485, 0.47798355429127853, 0.1233277040504694, 0.45455815204803046, 0.6887640057050277, 0.3537691955081683, 0.14495699750015878, 0.007225183508792421, 0.6180263375313126, 0.6537694898137144, 0.6791033208682654, 0.7814780478642535, 0.7276937379974291, 0.591797045482277], [0.30164265373915233, 0.7960308747272363, 0.0, 0.23966067515691195, 0.522846236311771, 0.12327829641536, 0.47755408791064297, 0.688561817942797, 0.345773029186913, 0.17159179552914594, 0.006889477554966383, 0.6022240588698342, 0.6382508138193295, 0.6568890824891281, 0.7767776535747792, 0.6982681110955792, 0.5855720108017656], [0.22331886306126636, 0.8042595818496605, 0.0, 0.22519801082252594, 0.5225759636406663, 0.12294763495087575, 0.45567171466141543, 0.6879852622821814, 0.3329149878663369, 0.17186550384593224, 0.007225183508792421, 0.599731276030153, 0.6326652415454813, 0.6541793090027519, 0.7669309339622675, 0.6824999433129655, 0.5741222219692608], [-0.12812531442197184, 0.6452553910907015, 0.0, 0.22036256296386694, 0.476043410070076, 0.12432520593682975, 0.500857259610936, 0.6889256974560332, 0.36843918226367456, 0.144366861998368, 0.007448685839370306, 0.6210242358257925, 0.6601922271497651, 0.6994481530453358, 0.7879088417004547, 0.7331179688864121, 0.5985242837972734], [0.09647890344962429, 0.8381886632530171, 0.0, 0.20476549573761943, 0.5378304005216614, 0.12109860534622653, 0.5269064689354017, 0.6899255758073808, 0.33465441754844205, 0.17735615772168623, 0.00711334193318236, 0.609031759072511, 0.6653914753551535, 0.6841655354440274, 0.7734549382883893, 0.7116676100566002, 0.5796428249662386], [0.23987515518310865, 0.8080092575752817, 0.0, 0.19713429496182014, 0.5267790930012847, 0.12139647392020031, 0.6156357613244218, 0.6893672779608628, 0.3236258327726438, 0.1703668696799827, 0.0066653709969386465, 0.5899320704664692, 0.6374503813089011, 0.6508313033156872, 0.7638394376383778, 0.679984004144436, 0.559234221490018], [0.0028895200055196746, 0.6452422393137984, 0.0, 0.2020020158339223, 0.4770831792908719, 0.12262767622337377, 0.5642130270471426, 0.689375770147958, 0.34209457049294456, 0.1377316150818375, 0.007001439975721224, 0.5990321071046951, 0.6420413067942687, 0.6736431222674124, 0.773278934026456, 0.7060857811883515, 0.5967291500917359], [0.6048252719179184, 0.765093381831547, 0.0, 0.22400152779035987, 0.5148144209295068, 0.1200695979870385, 0.6439619310237269, 0.6898173404646146, 0.3114831967840117, 0.1556755846854827, 0.00677745458930179, 0.5815571007021965, 0.649231516864272, 0.6513888712931202, 0.7529559590123253, 0.6796575885357323, 0.5691312958249596]]}