{"labels_1": ["1", "2", "3", "4", "5", "6", "7", "8", "9"], "labels_2": ["1", "2", "3", "4", "5", "6", "7", "8", "9"], "adj_matrix_1": [[0.0, 0.069, 0.05055, 0.21687, 0.08871, 0.04674, 0.20057, 0.2729, 0.15905], [0.069, 0.0, 0.11817, 0.27301, 0.15465, 0.1145, 0.25827, 0.22438, 0.09404], [0.05055, 0.11817, 0.0, 0.1716, 0.03866, 0.00384, 0.15445, 0.30346, 0.20356], [0.21687, 0.27301, 0.1716, 0.0, 0.1352, 0.17513, 0.01831, 0.3812, 0.33472], [0.08871, 0.15465, 0.03866, 0.1352, 0.0, 0.04248, 0.11757, 0.32452, 0.23573], [0.04674, 0.1145, 0.00384, 0.17513, 0.04248, 0.0, 0.15804, 0.30127, 0.20028], [0.20057, 0.25827, 0.15445, 0.01831, 0.11757, 0.15804, 0.0, 0.37495, 0.32281], [0.2729, 0.22438, 0.30346, 0.3812, 0.32452, 0.30127, 0.37495, 0.0, 0.14593], [0.15905, 0.09404, 0.20356, 0.33472, 0.23573, 0.20028, 0.32281, 0.14593, 0.0]], "adj_matrix_2": [[0.0, 0.02307, 0.08064, 0.17328, 0.02456, 0.12882, 0.15228, 0.1626, 0.17521], [0.02307, 0.0, 0.09955, 0.17594, 0.04705, 0.14172, 0.16074, 0.14813, 0.16249], [0.08064, 0.09955, 0.0, 0.13801, 0.05852, 0.06162, 0.09783, 0.20544, 0.20675], [0.17328, 0.17594, 0.13801, 0.0, 0.16702, 0.0899, 0.05239, 0.20831, 0.17697], [0.02456, 0.04705, 0.05852, 0.16702, 0.0, 0.11211, 0.13996, 0.17705, 0.18711], [0.12882, 0.14172, 0.06162, 0.0899, 0.11211, 0.0, 0.04041, 0.22053, 0.20947], [0.15228, 0.16074, 0.09783, 0.05239, 0.13996, 0.04041, 0.0, 0.22049, 0.20058], [0.1626, 0.14813, 0.20544, 0.20831, 0.17705, 0.22053, 0.22049, 0.0, 0.05785], [0.17521, 0.16249, 0.20675, 0.17697, 0.18711, 0.20947, 0.20058, 0.05785, 0.0]], "features_1": [[-0.2574994852429908, 0.8757250153269879, 0.0, 0.1976931161595002, 0.526815310486409, 0.12852317065377566, 0.23909922080743443, 0.681145944934616, 0.36425158456106943, 0.19881035264678126, 0.007560346756364078, 0.623741592913089, 0.6457990188249804, 0.6726632188459719, 0.7727805165526621, 0.6783606261401588, 0.5842927829726934], [0.02336073535336647, 0.8329726287167253, 0.0, 0.2046444800941224, 0.5132348567310585, 0.12925217860934232, 0.2006806808569465, 0.6796813401347874, 0.3665442239545784, 0.18884024585313353, 0.007336964783822175, 0.6178781409266874, 0.6447995371280301, 0.6582695795538291, 0.769937469543549, 0.6934943644077879, 0.578047383300448], [-0.19158816179770088, 0.9749870726584047, 0.0, 0.20143437576201656, 0.5540361341273242, 0.12735401980055852, 0.2120566885349433, 0.6820060035862494, 0.3545948011692748, 0.21638335301193345, 0.007448685839370306, 0.6195805445758111, 0.6390462462448319, 0.651658358389922, 0.7688877991568267, 0.6722345033233699, 0.5854431086323704], [-0.3090559207425545, 0.9760816570256284, 0.0, 0.20910051195903004, 0.5531441420703731, 0.12813718950439265, 0.22489121220110278, 0.6816906512019101, 0.3580793435458429, 0.21815215956983303, 0.007225183508792421, 0.6327530867688411, 0.6666660399605876, 0.6830184325929703, 0.7723933781815706, 0.6918847982215998, 0.5860781496992814], [0.04096818200912322, 0.7982886335057862, 0.0, 0.194137730095324, 0.49705024852049984, 0.13401015658870732, 0.17534755703078844, 0.6743281770042784, 0.3977096739236876, 0.18798966786098026, 0.007894969482732161, 0.6272624199821655, 0.6357293439462802, 0.6406677022501384, 0.7791067722908298, 0.7146039521328766, 0.596292751635062], [-0.12748655778426699, 0.9751205353152936, 0.0, 0.21059253053958005, 0.5502548639378253, 0.13121232787931264, 0.2187690756184537, 0.6789382522128464, 0.37862758394237206, 0.2213294198815774, 0.007504523810135222, 0.6235756679958873, 0.6519600627261802, 0.6678060410699557, 0.7802735169804035, 0.6988873668069991, 0.6048844041775004], [-0.2362669010191154, 0.9949195321737271, 0.0, 0.23701592787803605, 0.5581185342209407, 0.1288725879502652, 0.2360767961688822, 0.6814540914310434, 0.3634250836973889, 0.22146756474347562, 0.007504523810135222, 0.6314741793940577, 0.659179443698335, 0.6596813690778365, 0.7774177901226744, 0.7068321675573087, 0.600732757210282], [0.04185978036805915, 0.815046820613405, 0.0, 0.2291149968102697, 0.5064011339034782, 0.13249636287312686, 0.1915524399961271, 0.6770084967290697, 0.38657413521308115, 0.19146380033987676, 0.007950687539111767, 0.6035211987352511, 0.6641701724894358, 0.687443610810133, 0.7799748994056774, 0.7090432306781957, 0.6100130431580034], [0.11706260485181419, 0.8668222136417408, 0.0, 0.24369136573305616, 0.5256524869103502, 0.12992476389287816, 0.21410518374329968, 0.6801446895474306, 0.38705496950941054, 0.19962913762719636, 0.007671947615560004, 0.6090091633277572, 0.6528426566589295, 0.6768802601455189, 0.777053608824586, 0.705259318448723, 0.6101557735163002]], "features_2": [[1.6889627320482807, 0.7632163977412132, 0.0, 0.34429045722997353, 0.4831495809367795, 0.13080123962713183, 0.20502504363428004, 0.6769231326775547, 0.3718996797268759, 0.1719753190340083, 0.007671947615560004, 0.5603495450926737, 0.6324455402172096, 0.6316133999241276, 0.7662990912509805, 0.7007964946631376, 0.5800032571600532], [1.964361455800531, 0.7666944674004519, 0.0, 0.33409595404186637, 0.4876857593650842, 0.130468786444831, 0.26792115406379013, 0.6793193374483627, 0.38167405936067134, 0.17300376227439762, 0.007894969482732161, 0.5567916217865738, 0.6348341698519202, 0.6549686533725795, 0.7759275152994973, 0.6795407313802637, 0.5855761371940708], [1.3174806635769691, 0.8905448830554361, 0.0, 0.3344903900528516, 0.5187467323554703, 0.13042693342952763, 0.16887544932974025, 0.6766790920761753, 0.36553024100430487, 0.1996106369042625, 0.007671947615560004, 0.5668786952112916, 0.609333485938935, 0.6361261037551059, 0.7629447030887144, 0.6693644307162405, 0.5695001686363479], [0.802614255599567, 0.877733763934923, 0.0, 0.31816236400403275, 0.51112620671212, 0.13313661026764761, 0.16729691264468655, 0.6733148056172357, 0.37499748351476514, 0.20168116275531967, 0.007671947615560004, 0.579486692637587, 0.6251562765331562, 0.6550156176568815, 0.7677058761889634, 0.6810687978550766, 0.5765683296274771], [1.630249414030395, 0.7587829971120869, 0.0, 0.32246865487071713, 0.4824652849756558, 0.13322447567292917, 0.22077111055824689, 0.6764320987755372, 0.3979750978681038, 0.17538936690203855, 0.008062078829516484, 0.5664393984654752, 0.6293385972783905, 0.6512146260162875, 0.7833187699484334, 0.6967841741284886, 0.5921580956432527], [1.022946360669752, 0.9023596475831991, 0.0, 0.3205946992415614, 0.5214007581462616, 0.13268887175349448, 0.18560327330076518, 0.6756670192119943, 0.38120226817877056, 0.20609636973235212, 0.007727725548673403, 0.5750091470476781, 0.6316252621964829, 0.6596004127307118, 0.7770661071409142, 0.7060735520692276, 0.5794395646634023], [0.7241294337005115, 0.8785528046713652, 0.0, 0.3346336954999139, 0.5098069613815621, 0.13451456183500862, 0.12301702733769275, 0.671498729160338, 0.38737185402323715, 0.20536922472038066, 0.00783923647221818, 0.5797204276057988, 0.6252214263325164, 0.6557749442237212, 0.771006713781548, 0.6948602067402164, 0.5733728392897763], [0.250027390136474, 0.7064123065520396, 0.0, 0.2798725541018127, 0.4641105674100353, 0.13578325487489187, 0.21679777195148162, 0.6732712994753574, 0.3985051472691461, 0.169847100131699, 0.008173410423425675, 0.6060031284921166, 0.6443953682665863, 0.6643053877680154, 0.7859144118277334, 0.7196471097119931, 0.5956837221751528], [0.25769212062544256, 0.8118934484645787, 0.0, 0.30310054233703226, 0.4952852623703047, 0.13527965300099562, 0.2080305923093711, 0.6726184492572154, 0.38423966572419266, 0.19179274927100343, 0.007616154688146137, 0.5926834479679375, 0.6452772577125777, 0.6711802324524166, 0.7789749772576512, 0.7164893339049319, 0.584240810408855]]}