{"labels_1": ["1", "2", "3", "4", "5", "6", "7", "8", "9"], "labels_2": ["1", "2", "3", "4", "5", "6", "7", "8", "9"], "adj_matrix_1": [[0.0, 0.069, 0.05055, 0.21687, 0.08871, 0.04674, 0.20057, 0.2729, 0.15905], [0.069, 0.0, 0.11817, 0.27301, 0.15465, 0.1145, 0.25827, 0.22438, 0.09404], [0.05055, 0.11817, 0.0, 0.1716, 0.03866, 0.00384, 0.15445, 0.30346, 0.20356], [0.21687, 0.27301, 0.1716, 0.0, 0.1352, 0.17513, 0.01831, 0.3812, 0.33472], [0.08871, 0.15465, 0.03866, 0.1352, 0.0, 0.04248, 0.11757, 0.32452, 0.23573], [0.04674, 0.1145, 0.00384, 0.17513, 0.04248, 0.0, 0.15804, 0.30127, 0.20028], [0.20057, 0.25827, 0.15445, 0.01831, 0.11757, 0.15804, 0.0, 0.37495, 0.32281], [0.2729, 0.22438, 0.30346, 0.3812, 0.32452, 0.30127, 0.37495, 0.0, 0.14593], [0.15905, 0.09404, 0.20356, 0.33472, 0.23573, 0.20028, 0.32281, 0.14593, 0.0]], "adj_matrix_2": [[0.0, 0.05704, 0.05605, 0.01092, 0.06583, 0.06582, 0.20435, 0.25555, 0.07456], [0.05704, 0.0, 0.001, 0.06776, 0.00894, 0.00896, 0.15522, 0.27872, 0.12881], [0.05605, 0.001, 0.0, 0.06679, 0.00993, 0.00996, 0.15616, 0.27821, 0.12791], [0.01092, 0.06776, 0.06679, 0.0, 0.07648, 0.07651, 0.21314, 0.25025, 0.06394], [0.06583, 0.00894, 0.00993, 0.07648, 0.0, 3e-05, 0.14711, 0.28176, 0.13696], [0.06582, 0.00896, 0.00996, 0.07651, 3e-05, 0.0, 0.14713, 0.28146, 0.137], [0.20435, 0.15522, 0.15616, 0.21314, 0.14711, 0.14713, 0.0, 0.31267, 0.25914], [0.25555, 0.27872, 0.27821, 0.25025, 0.28176, 0.28146, 0.31267, 0.0, 0.2145], [0.07456, 0.12881, 0.12791, 0.06394, 0.13696, 0.137, 0.25914, 0.2145, 0.0]], "features_1": [[-0.2574994852429908, 0.8757250153269879, 0.0, 0.1976931161595002, 0.526815310486409, 0.12852317065377566, 0.23909922080743443, 0.681145944934616, 0.36425158456106943, 0.19881035264678126, 0.007560346756364078, 0.623741592913089, 0.6457990188249804, 0.6726632188459719, 0.7727805165526621, 0.6783606261401588, 0.5842927829726934], [0.02336073535336647, 0.8329726287167253, 0.0, 0.2046444800941224, 0.5132348567310585, 0.12925217860934232, 0.2006806808569465, 0.6796813401347874, 0.3665442239545784, 0.18884024585313353, 0.007336964783822175, 0.6178781409266874, 0.6447995371280301, 0.6582695795538291, 0.769937469543549, 0.6934943644077879, 0.578047383300448], [-0.19158816179770088, 0.9749870726584047, 0.0, 0.20143437576201656, 0.5540361341273242, 0.12735401980055852, 0.2120566885349433, 0.6820060035862494, 0.3545948011692748, 0.21638335301193345, 0.007448685839370306, 0.6195805445758111, 0.6390462462448319, 0.651658358389922, 0.7688877991568267, 0.6722345033233699, 0.5854431086323704], [-0.3090559207425545, 0.9760816570256284, 0.0, 0.20910051195903004, 0.5531441420703731, 0.12813718950439265, 0.22489121220110278, 0.6816906512019101, 0.3580793435458429, 0.21815215956983303, 0.007225183508792421, 0.6327530867688411, 0.6666660399605876, 0.6830184325929703, 0.7723933781815706, 0.6918847982215998, 0.5860781496992814], [0.04096818200912322, 0.7982886335057862, 0.0, 0.194137730095324, 0.49705024852049984, 0.13401015658870732, 0.17534755703078844, 0.6743281770042784, 0.3977096739236876, 0.18798966786098026, 0.007894969482732161, 0.6272624199821655, 0.6357293439462802, 0.6406677022501384, 0.7791067722908298, 0.7146039521328766, 0.596292751635062], [-0.12748655778426699, 0.9751205353152936, 0.0, 0.21059253053958005, 0.5502548639378253, 0.13121232787931264, 0.2187690756184537, 0.6789382522128464, 0.37862758394237206, 0.2213294198815774, 0.007504523810135222, 0.6235756679958873, 0.6519600627261802, 0.6678060410699557, 0.7802735169804035, 0.6988873668069991, 0.6048844041775004], [-0.2362669010191154, 0.9949195321737271, 0.0, 0.23701592787803605, 0.5581185342209407, 0.1288725879502652, 0.2360767961688822, 0.6814540914310434, 0.3634250836973889, 0.22146756474347562, 0.007504523810135222, 0.6314741793940577, 0.659179443698335, 0.6596813690778365, 0.7774177901226744, 0.7068321675573087, 0.600732757210282], [0.04185978036805915, 0.815046820613405, 0.0, 0.2291149968102697, 0.5064011339034782, 0.13249636287312686, 0.1915524399961271, 0.6770084967290697, 0.38657413521308115, 0.19146380033987676, 0.007950687539111767, 0.6035211987352511, 0.6641701724894358, 0.687443610810133, 0.7799748994056774, 0.7090432306781957, 0.6100130431580034], [0.11706260485181419, 0.8668222136417408, 0.0, 0.24369136573305616, 0.5256524869103502, 0.12992476389287816, 0.21410518374329968, 0.6801446895474306, 0.38705496950941054, 0.19962913762719636, 0.007671947615560004, 0.6090091633277572, 0.6528426566589295, 0.6768802601455189, 0.777053608824586, 0.705259318448723, 0.6101557735163002]], "features_2": [[0.185184555841178, 0.7466408544912367, 0.0, 0.2616472305504005, 0.5088355711730891, 0.12158021622813095, 0.3881919721624428, 0.6887958877308609, 0.34339945406372574, 0.16266279917503845, 0.007001439975721224, 0.6007501764419727, 0.6467998356244109, 0.6680391891747971, 0.7718377580964666, 0.697147153849126, 0.5822644187091165], [-0.013199607029066307, 0.7599377057214116, 0.0, 0.2723433582771514, 0.5116011971184223, 0.12109494924819997, 0.34102552290794963, 0.6885393525313297, 0.34177557562302874, 0.16706640365260794, 0.00711334193318236, 0.6101700895511795, 0.6562529345815074, 0.6740657180722059, 0.767631854937096, 0.6782196138926944, 0.581706793563819], [0.038380101477434536, 0.8959291456524993, 0.0, 0.27943796346514094, 0.5505487043767573, 0.12074043064853794, 0.3472188845381787, 0.6888579211441419, 0.33730943860798157, 0.19286853373785817, 0.007001439975721224, 0.6030938115270374, 0.6385013217718766, 0.6557846374249106, 0.7666852908447858, 0.6778032575087507, 0.58085597009321], [0.1929997952477458, 0.888994590589475, 0.0, 0.25121607996815093, 0.543660361492483, 0.12399887907300683, 0.31403944409670287, 0.6866678470474175, 0.35045376776277526, 0.19309208324738347, 0.00677745458930179, 0.5998353452736376, 0.623417391286952, 0.6557967921414075, 0.7719482725304155, 0.7043452267810677, 0.5966913459780291], [-0.033584020132165104, 0.7515518668597859, 0.0, 0.2842754510498683, 0.5031067193453623, 0.12449191592969194, 0.3123321342043425, 0.6861775950606657, 0.3574493436274826, 0.17045886692687495, 0.007560346756364078, 0.608803570706419, 0.6524570446624511, 0.6798207573267468, 0.7739043246277636, 0.6754295280966818, 0.5899014397454627], [-0.0654837167245561, 0.9645448950487118, 0.0, 0.27259819496220306, 0.5614910719776754, 0.12609639404148065, 0.3605463357844322, 0.6860978437082655, 0.3595739556235471, 0.21293337148372227, 0.00711334193318236, 0.6090462726510815, 0.6671700875370791, 0.6765169415042769, 0.7817268967069514, 0.6892808954873966, 0.5941204158610909], [-0.01839855016237779, 0.8979727266867926, 0.0, 0.25614928727380054, 0.5428084235097006, 0.12355103895188733, 0.2605392566227295, 0.6861482723163996, 0.3395184206101749, 0.1940703070787586, 0.006889477554966383, 0.6127330122989301, 0.6337659125048698, 0.6566786846301084, 0.7646515984384948, 0.6753100057221357, 0.5852775020847026], [0.7905289018038477, 0.7973722874068707, 0.0, 0.2952813641479221, 0.5118932646069837, 0.12405780722337847, 0.2628833711112918, 0.6854788538345549, 0.3524357926816941, 0.17456191150603217, 0.007560346756364078, 0.5774066777459552, 0.6341124821270246, 0.6335249888561084, 0.7662061375311642, 0.6896088338105212, 0.5615463720241168], [0.6022876755092526, 0.9406558886902078, 0.0, 0.28436546198138607, 0.5574901790895577, 0.11761112318689423, 0.2772853469409178, 0.6896108599093513, 0.3114034180510854, 0.19182689000014386, 0.007001439975721224, 0.5880012348591424, 0.6208321639394007, 0.625411362507923, 0.7499011042645135, 0.6835410205794347, 0.5190610423015178]]}