{"labels_1": ["1", "2", "3", "4", "5", "6", "7", "8", "9"], "labels_2": ["1", "2", "3", "4", "5", "6", "7", "8", "9"], "adj_matrix_1": [[0.0, 0.069, 0.05055, 0.21687, 0.08871, 0.04674, 0.20057, 0.2729, 0.15905], [0.069, 0.0, 0.11817, 0.27301, 0.15465, 0.1145, 0.25827, 0.22438, 0.09404], [0.05055, 0.11817, 0.0, 0.1716, 0.03866, 0.00384, 0.15445, 0.30346, 0.20356], [0.21687, 0.27301, 0.1716, 0.0, 0.1352, 0.17513, 0.01831, 0.3812, 0.33472], [0.08871, 0.15465, 0.03866, 0.1352, 0.0, 0.04248, 0.11757, 0.32452, 0.23573], [0.04674, 0.1145, 0.00384, 0.17513, 0.04248, 0.0, 0.15804, 0.30127, 0.20028], [0.20057, 0.25827, 0.15445, 0.01831, 0.11757, 0.15804, 0.0, 0.37495, 0.32281], [0.2729, 0.22438, 0.30346, 0.3812, 0.32452, 0.30127, 0.37495, 0.0, 0.14593], [0.15905, 0.09404, 0.20356, 0.33472, 0.23573, 0.20028, 0.32281, 0.14593, 0.0]], "adj_matrix_2": [[0.0, 0.25382, 0.04747, 0.05497, 0.24101, 0.05723, 0.11945, 0.18524, 0.06089], [0.25382, 0.0, 0.22982, 0.22553, 0.03283, 0.22417, 0.29387, 0.30591, 0.27744], [0.04747, 0.22982, 0.0, 0.00761, 0.21245, 0.00992, 0.16232, 0.22292, 0.10679], [0.05497, 0.22553, 0.00761, 0.0, 0.20744, 0.00231, 0.16883, 0.22848, 0.11391], [0.24101, 0.03283, 0.21245, 0.20744, 0.0, 0.20587, 0.29264, 0.31094, 0.27055], [0.05723, 0.22417, 0.00992, 0.00231, 0.20587, 0.0, 0.17079, 0.23013, 0.11605], [0.11945, 0.29387, 0.16232, 0.16883, 0.29264, 0.17079, 0.0, 0.07267, 0.06058], [0.18524, 0.30591, 0.22292, 0.22848, 0.31094, 0.23013, 0.07267, 0.0, 0.13095], [0.06089, 0.27744, 0.10679, 0.11391, 0.27055, 0.11605, 0.06058, 0.13095, 0.0]], "features_1": [[-0.2574994852429908, 0.8757250153269879, 0.0, 0.1976931161595002, 0.526815310486409, 0.12852317065377566, 0.23909922080743443, 0.681145944934616, 0.36425158456106943, 0.19881035264678126, 0.007560346756364078, 0.623741592913089, 0.6457990188249804, 0.6726632188459719, 0.7727805165526621, 0.6783606261401588, 0.5842927829726934], [0.02336073535336647, 0.8329726287167253, 0.0, 0.2046444800941224, 0.5132348567310585, 0.12925217860934232, 0.2006806808569465, 0.6796813401347874, 0.3665442239545784, 0.18884024585313353, 0.007336964783822175, 0.6178781409266874, 0.6447995371280301, 0.6582695795538291, 0.769937469543549, 0.6934943644077879, 0.578047383300448], [-0.19158816179770088, 0.9749870726584047, 0.0, 0.20143437576201656, 0.5540361341273242, 0.12735401980055852, 0.2120566885349433, 0.6820060035862494, 0.3545948011692748, 0.21638335301193345, 0.007448685839370306, 0.6195805445758111, 0.6390462462448319, 0.651658358389922, 0.7688877991568267, 0.6722345033233699, 0.5854431086323704], [-0.3090559207425545, 0.9760816570256284, 0.0, 0.20910051195903004, 0.5531441420703731, 0.12813718950439265, 0.22489121220110278, 0.6816906512019101, 0.3580793435458429, 0.21815215956983303, 0.007225183508792421, 0.6327530867688411, 0.6666660399605876, 0.6830184325929703, 0.7723933781815706, 0.6918847982215998, 0.5860781496992814], [0.04096818200912322, 0.7982886335057862, 0.0, 0.194137730095324, 0.49705024852049984, 0.13401015658870732, 0.17534755703078844, 0.6743281770042784, 0.3977096739236876, 0.18798966786098026, 0.007894969482732161, 0.6272624199821655, 0.6357293439462802, 0.6406677022501384, 0.7791067722908298, 0.7146039521328766, 0.596292751635062], [-0.12748655778426699, 0.9751205353152936, 0.0, 0.21059253053958005, 0.5502548639378253, 0.13121232787931264, 0.2187690756184537, 0.6789382522128464, 0.37862758394237206, 0.2213294198815774, 0.007504523810135222, 0.6235756679958873, 0.6519600627261802, 0.6678060410699557, 0.7802735169804035, 0.6988873668069991, 0.6048844041775004], [-0.2362669010191154, 0.9949195321737271, 0.0, 0.23701592787803605, 0.5581185342209407, 0.1288725879502652, 0.2360767961688822, 0.6814540914310434, 0.3634250836973889, 0.22146756474347562, 0.007504523810135222, 0.6314741793940577, 0.659179443698335, 0.6596813690778365, 0.7774177901226744, 0.7068321675573087, 0.600732757210282], [0.04185978036805915, 0.815046820613405, 0.0, 0.2291149968102697, 0.5064011339034782, 0.13249636287312686, 0.1915524399961271, 0.6770084967290697, 0.38657413521308115, 0.19146380033987676, 0.007950687539111767, 0.6035211987352511, 0.6641701724894358, 0.687443610810133, 0.7799748994056774, 0.7090432306781957, 0.6100130431580034], [0.11706260485181419, 0.8668222136417408, 0.0, 0.24369136573305616, 0.5256524869103502, 0.12992476389287816, 0.21410518374329968, 0.6801446895474306, 0.38705496950941054, 0.19962913762719636, 0.007671947615560004, 0.6090091633277572, 0.6528426566589295, 0.6768802601455189, 0.777053608824586, 0.705259318448723, 0.6101557735163002]], "features_2": [[0.3259901918291539, 0.904088807880276, 0.0, 0.31832587238125787, 0.5382215057945745, 0.12222621370935464, 0.365457539264078, 0.6875099130636726, 0.3470451470493052, 0.19436761151020399, 0.007225183508792421, 0.5969367736753433, 0.6388740999591606, 0.6603226349119019, 0.773034065168459, 0.6951458075369111, 0.5644619636636208], [0.8038016080751293, 0.8940374809120132, 0.0, 0.2969496238678294, 0.5411476536454449, 0.11898116304534986, 0.384713725973613, 0.6894626225929035, 0.3333197573834845, 0.18546889847458892, 0.007225183508792421, 0.5798557343148594, 0.6292462672764707, 0.652827554357992, 0.766827753680777, 0.6908866361118784, 0.5604075438724986], [0.40840112998183065, 1.0201388837209373, 0.0, 0.3104127575230456, 0.5697808794490394, 0.11747101000174039, 0.34605640893679424, 0.6896474748518014, 0.31062359474499557, 0.20649504265504626, 0.00677745458930179, 0.5845741446310788, 0.6236584766544235, 0.6431395455355206, 0.7565601966600323, 0.6852779007259633, 0.546381788687531], [0.497510423740791, 1.0308833824444583, 0.0, 0.3213622885321375, 0.5693218429106521, 0.12008363271859224, 0.30435746574632744, 0.6879353869039211, 0.3263905146304049, 0.21359957814973063, 0.007001439975721224, 0.5885834843064015, 0.6259657250264378, 0.6369701648448912, 0.7603499030203387, 0.6822316907875902, 0.553837759043193], [0.5192049673948032, 0.8716553843423664, 0.0, 0.28947036193603193, 0.5360844706806307, 0.11971669771660025, 0.382728447457783, 0.6891538224094402, 0.33274814087811855, 0.18294994751486326, 0.00711334193318236, 0.5808441838035221, 0.6356291775294732, 0.6532330703295735, 0.7695282050890863, 0.6897024684199019, 0.5724708097207338], [0.366812962668404, 1.0604897741908197, 0.0, 0.3059508159233839, 0.5819624265086543, 0.11514352151869237, 0.3048395245744587, 0.6904511941143754, 0.29856220306597847, 0.21107806764853132, 0.00655322669591385, 0.5813310880540445, 0.6193164232116667, 0.642702143400985, 0.7435508915063291, 0.6536495082335398, 0.5419203252116261], [0.018025997219322853, 0.9645283446515625, 0.0, 0.28115202345584267, 0.5589603368349991, 0.11949375280264793, 0.32429295335792857, 0.6886861513340726, 0.323546940084958, 0.2019632521599395, 0.007001439975721224, 0.6033764400572548, 0.646114881467763, 0.6667636263834127, 0.7597913198558262, 0.6857396036720115, 0.5585600337240114], [-0.21100755204828214, 0.8310305109058636, 0.0, 0.21237757018603315, 0.5284231420491021, 0.11718531979939623, 0.26667823498804283, 0.6896584883092587, 0.3059935378337362, 0.17387732285725632, 0.00655322669591385, 0.6086923322797397, 0.6485447582813878, 0.6643034431346445, 0.750271899432806, 0.6858950939160683, 0.5721908642120233], [-0.23782008483674222, 0.9435767837581274, 0.0, 0.22325058951998508, 0.5557900115059441, 0.11683380141206809, 0.1927698054564459, 0.6892697880748858, 0.2924919802861494, 0.19332162050573376, 0.0064410216040902135, 0.6038760677597783, 0.6230017940229492, 0.6457095950778141, 0.7391132232103251, 0.6801581345524241, 0.5581408143030128]]}