{"labels_1": ["1", "2", "3", "4", "5", "6", "7", "8", "9"], "labels_2": ["1", "2", "3", "4", "5", "6", "7", "8", "9"], "adj_matrix_1": [[0.0, 0.29266, 0.15556, 0.02074, 0.24341, 0.24846, 0.32462, 0.20233, 0.20884], [0.29266, 0.0, 0.17272, 0.30534, 0.07571, 0.06894, 0.07412, 0.12511, 0.11781], [0.15556, 0.17272, 0.0, 0.17449, 0.10369, 0.11028, 0.22998, 0.0531, 0.06084], [0.02074, 0.30534, 0.17449, 0.0, 0.25919, 0.2641, 0.33391, 0.21984, 0.22617], [0.24341, 0.07571, 0.10369, 0.25919, 0.0, 0.00693, 0.14512, 0.05184, 0.04408], [0.24846, 0.06894, 0.11028, 0.2641, 0.00693, 0.0, 0.139, 0.05866, 0.05095], [0.32462, 0.07412, 0.22998, 0.33391, 0.14512, 0.139, 0.0, 0.18917, 0.18282], [0.20233, 0.12511, 0.0531, 0.21984, 0.05184, 0.05866, 0.18917, 0.0, 0.00783], [0.20884, 0.11781, 0.06084, 0.22617, 0.04408, 0.05095, 0.18282, 0.00783, 0.0]], "adj_matrix_2": [[0.0, 0.08626, 0.16869, 0.08525, 0.06705, 0.10933, 0.20573, 0.045, 0.26324], [0.08626, 0.0, 0.23379, 0.16497, 0.01974, 0.18581, 0.26011, 0.1287, 0.19675], [0.16869, 0.23379, 0.0, 0.09204, 0.22024, 0.06759, 0.0502, 0.12997, 0.33432], [0.08525, 0.16497, 0.09204, 0.0, 0.14771, 0.02552, 0.13749, 0.04114, 0.3105], [0.06705, 0.01974, 0.22024, 0.14771, 0.0, 0.1694, 0.2491, 0.11034, 0.2131], [0.10933, 0.18581, 0.06759, 0.02552, 0.1694, 0.0, 0.11486, 0.06622, 0.32005], [0.20573, 0.26011, 0.0502, 0.13749, 0.2491, 0.11486, 0.0, 0.17178, 0.33382], [0.045, 0.1287, 0.12997, 0.04114, 0.11034, 0.06622, 0.17178, 0.0, 0.29056], [0.26324, 0.19675, 0.33432, 0.3105, 0.2131, 0.32005, 0.33382, 0.29056, 0.0]], "features_1": [[-0.19945885514803763, 0.6289793155632978, 0.0, 0.23319865789184216, 0.45211232643024785, 0.12918081161028544, 0.22283678396207876, 0.681281869176612, 0.3658623286028184, 0.14386856148376914, 0.007281081678807366, 0.6222720710898733, 0.6468139440480395, 0.6640606586498502, 0.776722847956699, 0.6812597616625962, 0.5992040442022222], [0.016013730897282752, 0.6380495451734474, 0.0, 0.2277969163695719, 0.45527455652271026, 0.128836966210045, 0.2516976997579704, 0.681942383266607, 0.3671574449836301, 0.14619369899100887, 0.007560346756364078, 0.6038509373310195, 0.6543657534049728, 0.6847426662166557, 0.7782379668009849, 0.6975964311556602, 0.5943474437092132], [-0.1676624244598508, 0.7547359081320172, 0.0, 0.21466863352336718, 0.4930264378355341, 0.129299424204522, 0.22235108502067008, 0.6810350423537556, 0.3608103026464453, 0.17208564034979634, 0.00716927026363523, 0.613434078365992, 0.6495981612567638, 0.6707690779304784, 0.7757953511429642, 0.6908287910396386, 0.5919012338412896], [-0.32566576299831906, 0.7715427599575383, 0.0, 0.2117525928515815, 0.4950273015276375, 0.13224257133910775, 0.21870861707239442, 0.6781588657502781, 0.3852360678233837, 0.18217554624437504, 0.007727725548673403, 0.6298881013484887, 0.6669448536134485, 0.6876182446151864, 0.7816746399062328, 0.696511708544954, 0.6014930191044426], [0.016229080304821508, 0.6335604323141371, 0.0, 0.22234404397199423, 0.45240712897875995, 0.12944017166569086, 0.2326282915873037, 0.6808962941846696, 0.3766615606003172, 0.14670254336351074, 0.007448685839370306, 0.6099099028622073, 0.6456089729973166, 0.6800647343112806, 0.7773962295578005, 0.6961459942172187, 0.5888341733405379], [-0.1537249426885845, 0.8159908639152567, 0.0, 0.23291055685713088, 0.508018387122283, 0.13214858880201855, 0.25121389445564263, 0.6792129178241529, 0.3849414272283731, 0.19015019565438207, 0.007504523810135222, 0.6099570766815783, 0.6621499657971143, 0.6926629692960315, 0.7849508155712974, 0.6895372308432911, 0.5898407849760718], [0.1869561141841145, 0.8277465358033699, 0.0, 0.24989823982778497, 0.5129751812900266, 0.1270920234780905, 0.17320010903014663, 0.6813768263585736, 0.35895420381857757, 0.1853664141464766, 0.007225183508792421, 0.6080264394975639, 0.6314263868612872, 0.6625713913525844, 0.761642832975084, 0.6951265413359423, 0.5742642113832758], [0.03417330401916674, 0.6423588455673025, 0.0, 0.2537874597101372, 0.4507363025470593, 0.13143645637182996, 0.20657972493571036, 0.6772981641353447, 0.4052840221544858, 0.15233426931204241, 0.007783488497544067, 0.6141914081549189, 0.6457028227529716, 0.6774560946269957, 0.7772651205865583, 0.7000405056521244, 0.589557492528255], [0.09117452854108743, 0.7609961295210808, 0.0, 0.24780105350850415, 0.4936779584507117, 0.12785354662019596, 0.18067049997755974, 0.6804123557020911, 0.37190178503505456, 0.17362973358496392, 0.007448685839370306, 0.6086692920778587, 0.6285403580560808, 0.6561861746064102, 0.7643148843747896, 0.7015631778322926, 0.5802142172042121]], "features_2": [[-0.10086864500798942, 0.7070979840059745, 0.0, 0.2285095773037663, 0.4566452197821486, 0.141893260915044, 0.14172084744545188, 0.664141573676817, 0.4365049373882277, 0.17779674129354528, 0.008006390651371653, 0.6164269392490653, 0.6565528860384633, 0.6882943843056165, 0.792820033339441, 0.6996970311827697, 0.6262592844565189], [-0.09392314784556177, 0.6473559079029393, 0.0, 0.23109370834003806, 0.44118780346314873, 0.14068357478240046, 0.17561866989325167, 0.6676178897387341, 0.4245193647806953, 0.1609008932351348, 0.007392832833969631, 0.6257597335109155, 0.6673547296453906, 0.6913437535607946, 0.7953677679711452, 0.694409757942542, 0.6280137395340841], [0.14387343899492722, 0.7845621611550203, 0.0, 0.2513608854914495, 0.48133162131476676, 0.1427576103837912, 0.14130380772164983, 0.6639814502684864, 0.4424275035677052, 0.19419247679106588, 0.00783923647221818, 0.6117236685830372, 0.6588204355661463, 0.6868154319457375, 0.7953535665573427, 0.7172350619528103, 0.6298581848521655], [-0.024793842799330168, 0.8580945745106111, 0.0, 0.23070375027375864, 0.4963291369828059, 0.14340242446414636, 0.08868071659840737, 0.6596321101881146, 0.44372756209342, 0.21302720446539003, 0.007894969482732161, 0.6137330918530979, 0.6369768936013439, 0.6783043401555268, 0.7879151607292612, 0.7167077789717474, 0.6190253212938974], [-0.023112722921537543, 0.6229028422945548, 0.0, 0.2024473021563786, 0.4267606324123428, 0.1446279363120254, 0.15796969795046678, 0.6618234934847833, 0.4511203107815034, 0.15874878867181152, 0.008173410423425675, 0.6230662971977563, 0.6619400298980751, 0.7061241897650418, 0.8002883797947195, 0.715392701769162, 0.6284916960768206], [0.46399222631866044, 0.898628555205002, 0.0, 0.22739059484438162, 0.49773628305293804, 0.1521407578212234, 0.03940723189182478, 0.6440446015210262, 0.4986599016846578, 0.22711147995661962, 0.008284682400665488, 0.611909885327911, 0.6480104471384079, 0.6904097393579373, 0.7968984263114626, 0.7285156988604741, 0.6228563451317245], [0.05617505295222802, 0.7979872071754784, 0.0, 0.24697020533848676, 0.4804008488886976, 0.1437545177868728, 0.10998420982569783, 0.6599062357828254, 0.4633340001377, 0.2037255152998636, 0.008451478759474051, 0.6158710351966761, 0.6545623487190618, 0.6955373818771572, 0.792745282955816, 0.7073855789673622, 0.6153946898885527], [0.07985002401109265, 0.6720193481987674, 0.0, 0.20492177721948596, 0.4476718820497396, 0.1455054450444077, 0.1468816427218272, 0.6617109448097294, 0.4727192639395563, 0.17245663964150548, 0.008618141428105908, 0.6240538341821513, 0.6663457635074264, 0.6938302873560969, 0.8018949730566063, 0.7183524649290384, 0.6345671991336483], [-0.16487251410086623, 0.7383112872876317, 0.0, 0.21968818547152785, 0.4739531687411976, 0.14169882023939107, 0.17488847930986964, 0.6679566936156139, 0.4436866218120912, 0.18561458745566473, 0.008451478759474051, 0.6349267117335078, 0.6752677723596422, 0.7103293663599165, 0.7988942081047422, 0.7193547351309904, 0.6262256131518624]]}