{"labels_1": ["1", "2", "3", "4", "5", "6", "7", "8", "9"], "labels_2": ["1", "2", "3", "4", "5", "6", "7", "8", "9"], "adj_matrix_1": [[0.0, 0.18832, 0.04302, 0.03489, 0.27694, 0.21735, 0.10625, 0.24036, 0.26499], [0.18832, 0.0, 0.15961, 0.16559, 0.29259, 0.05054, 0.10377, 0.09949, 0.17285], [0.04302, 0.15961, 0.0, 0.00827, 0.29423, 0.19552, 0.0665, 0.22549, 0.26165], [0.03489, 0.16559, 0.00827, 0.0, 0.29143, 0.20028, 0.07435, 0.22895, 0.26294], [0.27694, 0.29259, 0.29423, 0.29143, 0.0, 0.27062, 0.30762, 0.24036, 0.17621], [0.21735, 0.05054, 0.19552, 0.20028, 0.27062, 0.0, 0.14798, 0.05067, 0.13004], [0.10625, 0.10377, 0.0665, 0.07435, 0.30762, 0.14798, 0.0, 0.18745, 0.24045], [0.24036, 0.09949, 0.22549, 0.22895, 0.24036, 0.05067, 0.18745, 0.0, 0.08267], [0.26499, 0.17285, 0.26165, 0.26294, 0.17621, 0.13004, 0.24045, 0.08267, 0.0]], "adj_matrix_2": [[0.0, 0.12458, 0.03138, 0.13085, 0.28683, 0.01752, 0.06534, 0.25711, 0.27872], [0.12458, 0.0, 0.15202, 0.00696, 0.205, 0.10854, 0.17978, 0.16266, 0.19313], [0.03138, 0.15202, 0.0, 0.15796, 0.29923, 0.04873, 0.03445, 0.27326, 0.29219], [0.13085, 0.00696, 0.15796, 0.0, 0.1994, 0.11501, 0.18516, 0.15652, 0.18736], [0.28683, 0.205, 0.29923, 0.1994, 0.0, 0.27848, 0.30875, 0.04938, 0.01426], [0.01752, 0.10854, 0.04873, 0.11501, 0.27848, 0.0, 0.08217, 0.24669, 0.26974], [0.06534, 0.17978, 0.03445, 0.18516, 0.30875, 0.08217, 0.0, 0.28725, 0.30301], [0.25711, 0.16266, 0.27326, 0.15652, 0.04938, 0.24669, 0.28725, 0.0, 0.03522], [0.27872, 0.19313, 0.29219, 0.18736, 0.01426, 0.26974, 0.30301, 0.03522, 0.0]], "features_1": [[0.738805030211128, 0.7132169975280983, 0.0, 0.25327193797449554, 0.5110301113176436, 0.11829375430301811, 0.5357172333082871, 0.6911639457468685, 0.3114473383243761, 0.14461461356671035, 0.006609306440138685, 0.5753918265536102, 0.6545252597364457, 0.6539427191791234, 0.7699971343179353, 0.7109573737995151, 0.5818517523932775], [0.662352759112836, 0.6767029628194623, 0.0, 0.2515661720130447, 0.4977027282214521, 0.11755823401191581, 0.4865284540114665, 0.6911384406823966, 0.3264644345750698, 0.13885712829564278, 0.00683347364535547, 0.5852944610566726, 0.635171669990253, 0.6358780695901437, 0.7687139679337334, 0.6934610135280156, 0.5794571117316677], [0.6795142471807356, 0.8368664267491828, 0.0, 0.24775260328264764, 0.5464203015777341, 0.11915996943827503, 0.4849007171481482, 0.6904653346534801, 0.3171813383502382, 0.1715100535771661, 0.00683347364535547, 0.586454446428673, 0.6353664741637651, 0.6565301909196325, 0.7696024766685671, 0.6926562741950928, 0.5823706940908637], [0.8442578222396038, 0.8328120653897523, 0.0, 0.25878831939587404, 0.5385174229120326, 0.122051110938384, 0.4626677909125149, 0.6889587765549514, 0.32439168245970706, 0.17238468359162673, 0.006497131753992358, 0.5720714882670188, 0.6244379779805331, 0.6571048734507017, 0.773941317733668, 0.6945838484485746, 0.5967826895972068], [0.368823440295746, 0.6576176336406961, 0.0, 0.2350764324634194, 0.4907987323991472, 0.11791280384667228, 0.5592817386745764, 0.6910980079486247, 0.33186173733956137, 0.1368157900571343, 0.007057398507269275, 0.5995494336160792, 0.6539348503132303, 0.656430817136234, 0.7706288381198013, 0.7021236527928213, 0.5805699131838229], [0.2126393776227098, 0.8759559769514165, 0.0, 0.24869500735713113, 0.5554967175965004, 0.11807410921360582, 0.5108155856258854, 0.6907484668905048, 0.304228058635057, 0.17911865453735243, 0.006609306440138685, 0.5935829159241133, 0.6449096666143389, 0.6511317686537254, 0.7668764755518053, 0.6908371373688532, 0.5776355305600398], [0.8199611224283991, 0.8106213053329104, 0.0, 0.27133975689892925, 0.5278186113586052, 0.12189274897610855, 0.32988190903643116, 0.6878326750632486, 0.31529504513718565, 0.1692724882347154, 0.00683347364535547, 0.5732870347611996, 0.6252797015652674, 0.6596853915673254, 0.7678768775612881, 0.6883804570311272, 0.581622659933938], [-0.039612692145788664, 0.7306115627073242, 0.0, 0.23831369018230475, 0.5049124473721793, 0.11940682441585523, 0.4115400081601862, 0.6890556471151731, 0.31238039569996645, 0.15378175110403736, 0.0066653709969386465, 0.5976413974264405, 0.6541746363715869, 0.6491274317786319, 0.7579006950424351, 0.6814618969714991, 0.5710819083640156], [-0.09475334895850418, 0.8075170152708103, 0.0, 0.24002453932943368, 0.5279597182125394, 0.11865926384546985, 0.32013798770621305, 0.6890737157944883, 0.3106782898439644, 0.17005279215625846, 0.007057398507269275, 0.6074161424229614, 0.6312873868044764, 0.6614331387512611, 0.7545059299660591, 0.6825409074385836, 0.5717021955880522]], "features_2": [[1.1203093224537533, 0.9079720966899287, 0.0, 0.3404149614651262, 0.554401133717384, 0.11670824730880627, 0.4030095512474226, 0.690425242262221, 0.32551876794349477, 0.1819109374501855, 0.007001439975721224, 0.5793959487958784, 0.6177278717905665, 0.6189773822681734, 0.7553855690691089, 0.7136829918143884, 0.5641579279364426], [0.7072745277759145, 0.8707687062374023, 0.0, 0.329662123794492, 0.5394547799345729, 0.1195159033081675, 0.3652199184730634, 0.6888254734502492, 0.3316885717000595, 0.18042085078519654, 0.007225183508792421, 0.5880751890304874, 0.6335458909108888, 0.6352143988226545, 0.762386641024989, 0.6969188095376406, 0.5726135216464139], [1.233607518169876, 1.0328527756184933, 0.0, 0.3605008045179736, 0.5839583686406077, 0.1166794453441891, 0.4398893504614506, 0.690380795628255, 0.32166270907756767, 0.2039090801105996, 0.00677745458930179, 0.5757569916194405, 0.6174801240381972, 0.61563295752205, 0.752194972808521, 0.6913834984342876, 0.5618873252216957], [0.9585964827117364, 0.9842316593368835, 0.0, 0.3330173138651156, 0.5750868335701896, 0.11734360243404998, 0.4148219029312088, 0.6903295932673508, 0.3252157331406891, 0.19660103767669246, 0.0066653709969386465, 0.5835986842583742, 0.6216870191034544, 0.59330813951955, 0.7582974596839527, 0.713207468006701, 0.5730166022519565], [0.08870560866356536, 0.8247768466856719, 0.0, 0.3063538875939431, 0.5233258304935685, 0.1232044376960237, 0.3882332324017618, 0.6868617416104283, 0.3502824685038495, 0.1804767962111986, 0.007336964783822175, 0.6136269123725415, 0.6467616817785492, 0.658240344045687, 0.772981243870169, 0.6988523884319595, 0.5772732740907071], [0.9838785520455633, 1.0142529610317736, 0.0, 0.36109124803456655, 0.5784416239808978, 0.11817270933267676, 0.42918909501182156, 0.6896645334709339, 0.33023169504971794, 0.20360616062759496, 0.007001439975721224, 0.583340941617007, 0.6019927178603802, 0.6107136217618017, 0.7555649574544131, 0.6894726027760584, 0.569555407529487], [0.9182509033215402, 0.8788012316244409, 0.0, 0.34397298734607895, 0.5471437412407507, 0.11903633762709045, 0.432678565895732, 0.6896191350443077, 0.339069144814792, 0.18229906225056136, 0.007001439975721224, 0.5860348768881054, 0.6297346671455383, 0.6530265693766198, 0.7630060043805249, 0.6602076887058089, 0.5785680411748562], [-0.136717334599735, 0.7299735253877592, 0.0, 0.2623303757158397, 0.4923369360366894, 0.12613330665610503, 0.3176423071217286, 0.6842956745531297, 0.35232374246382525, 0.16439421871167537, 0.007448685839370306, 0.6154041133681509, 0.653084795933123, 0.6679624205591201, 0.7740508542722162, 0.6959163952144247, 0.5873700802210196], [0.27297175759987624, 0.7686139903493103, 0.0, 0.3041596355154174, 0.5068980846270104, 0.12526607354715827, 0.31183857949099403, 0.6848888347448099, 0.3466348829173249, 0.1674387223214142, 0.007225183508792421, 0.6053154486943868, 0.6399026635243756, 0.6393400963168024, 0.7700443495177167, 0.7031892431441548, 0.5866745882493476]]}