{"labels_1": ["1", "2", "3", "4", "5", "6", "7", "8", "9"], "labels_2": ["1", "2", "3", "4", "5", "6", "7", "8", "9"], "adj_matrix_1": [[0.0, 0.29266, 0.15556, 0.02074, 0.24341, 0.24846, 0.32462, 0.20233, 0.20884], [0.29266, 0.0, 0.17272, 0.30534, 0.07571, 0.06894, 0.07412, 0.12511, 0.11781], [0.15556, 0.17272, 0.0, 0.17449, 0.10369, 0.11028, 0.22998, 0.0531, 0.06084], [0.02074, 0.30534, 0.17449, 0.0, 0.25919, 0.2641, 0.33391, 0.21984, 0.22617], [0.24341, 0.07571, 0.10369, 0.25919, 0.0, 0.00693, 0.14512, 0.05184, 0.04408], [0.24846, 0.06894, 0.11028, 0.2641, 0.00693, 0.0, 0.139, 0.05866, 0.05095], [0.32462, 0.07412, 0.22998, 0.33391, 0.14512, 0.139, 0.0, 0.18917, 0.18282], [0.20233, 0.12511, 0.0531, 0.21984, 0.05184, 0.05866, 0.18917, 0.0, 0.00783], [0.20884, 0.11781, 0.06084, 0.22617, 0.04408, 0.05095, 0.18282, 0.00783, 0.0]], "adj_matrix_2": [[0.0, 0.06508, 0.04546, 0.00588, 0.17671, 0.08706, 0.13486, 0.12182, 0.21617], [0.06508, 0.0, 0.10879, 0.0708, 0.12088, 0.14765, 0.19103, 0.17936, 0.26165], [0.04546, 0.10879, 0.0, 0.03964, 0.21113, 0.04243, 0.09211, 0.07841, 0.17896], [0.00588, 0.0708, 0.03964, 0.0, 0.18131, 0.08141, 0.12952, 0.11634, 0.21163], [0.17671, 0.12088, 0.21113, 0.18131, 0.0, 0.23976, 0.26955, 0.26189, 0.31267], [0.08706, 0.14765, 0.04243, 0.08141, 0.23976, 0.0, 0.05055, 0.03652, 0.14111], [0.13486, 0.19103, 0.09211, 0.12952, 0.26955, 0.05055, 0.0, 0.01413, 0.09318], [0.12182, 0.17936, 0.07841, 0.11634, 0.26189, 0.03652, 0.01413, 0.0, 0.10676], [0.21617, 0.26165, 0.17896, 0.21163, 0.31267, 0.14111, 0.09318, 0.10676, 0.0]], "features_1": [[-0.19945885514803763, 0.6289793155632978, 0.0, 0.23319865789184216, 0.45211232643024785, 0.12918081161028544, 0.22283678396207876, 0.681281869176612, 0.3658623286028184, 0.14386856148376914, 0.007281081678807366, 0.6222720710898733, 0.6468139440480395, 0.6640606586498502, 0.776722847956699, 0.6812597616625962, 0.5992040442022222], [0.016013730897282752, 0.6380495451734474, 0.0, 0.2277969163695719, 0.45527455652271026, 0.128836966210045, 0.2516976997579704, 0.681942383266607, 0.3671574449836301, 0.14619369899100887, 0.007560346756364078, 0.6038509373310195, 0.6543657534049728, 0.6847426662166557, 0.7782379668009849, 0.6975964311556602, 0.5943474437092132], [-0.1676624244598508, 0.7547359081320172, 0.0, 0.21466863352336718, 0.4930264378355341, 0.129299424204522, 0.22235108502067008, 0.6810350423537556, 0.3608103026464453, 0.17208564034979634, 0.00716927026363523, 0.613434078365992, 0.6495981612567638, 0.6707690779304784, 0.7757953511429642, 0.6908287910396386, 0.5919012338412896], [-0.32566576299831906, 0.7715427599575383, 0.0, 0.2117525928515815, 0.4950273015276375, 0.13224257133910775, 0.21870861707239442, 0.6781588657502781, 0.3852360678233837, 0.18217554624437504, 0.007727725548673403, 0.6298881013484887, 0.6669448536134485, 0.6876182446151864, 0.7816746399062328, 0.696511708544954, 0.6014930191044426], [0.016229080304821508, 0.6335604323141371, 0.0, 0.22234404397199423, 0.45240712897875995, 0.12944017166569086, 0.2326282915873037, 0.6808962941846696, 0.3766615606003172, 0.14670254336351074, 0.007448685839370306, 0.6099099028622073, 0.6456089729973166, 0.6800647343112806, 0.7773962295578005, 0.6961459942172187, 0.5888341733405379], [-0.1537249426885845, 0.8159908639152567, 0.0, 0.23291055685713088, 0.508018387122283, 0.13214858880201855, 0.25121389445564263, 0.6792129178241529, 0.3849414272283731, 0.19015019565438207, 0.007504523810135222, 0.6099570766815783, 0.6621499657971143, 0.6926629692960315, 0.7849508155712974, 0.6895372308432911, 0.5898407849760718], [0.1869561141841145, 0.8277465358033699, 0.0, 0.24989823982778497, 0.5129751812900266, 0.1270920234780905, 0.17320010903014663, 0.6813768263585736, 0.35895420381857757, 0.1853664141464766, 0.007225183508792421, 0.6080264394975639, 0.6314263868612872, 0.6625713913525844, 0.761642832975084, 0.6951265413359423, 0.5742642113832758], [0.03417330401916674, 0.6423588455673025, 0.0, 0.2537874597101372, 0.4507363025470593, 0.13143645637182996, 0.20657972493571036, 0.6772981641353447, 0.4052840221544858, 0.15233426931204241, 0.007783488497544067, 0.6141914081549189, 0.6457028227529716, 0.6774560946269957, 0.7772651205865583, 0.7000405056521244, 0.589557492528255], [0.09117452854108743, 0.7609961295210808, 0.0, 0.24780105350850415, 0.4936779584507117, 0.12785354662019596, 0.18067049997755974, 0.6804123557020911, 0.37190178503505456, 0.17362973358496392, 0.007448685839370306, 0.6086692920778587, 0.6285403580560808, 0.6561861746064102, 0.7643148843747896, 0.7015631778322926, 0.5802142172042121]], "features_2": [[0.310034886556422, 0.823095593561284, 0.0, 0.2873418460983921, 0.5211230295053756, 0.12078665345101422, 0.29683687321485197, 0.6875839189921324, 0.34485496425708284, 0.17547545980641988, 0.00683347364535547, 0.5949082503785446, 0.6334863879654268, 0.6497327490965213, 0.7636618102046183, 0.6942581366306164, 0.583764261701826], [0.7131562966992715, 0.8343530608630677, 0.0, 0.27178068047175896, 0.5176293889593743, 0.12300681284256312, 0.2646465779461735, 0.6852925650198409, 0.3588778608137779, 0.17953915457300784, 0.00711334193318236, 0.5906465035140971, 0.6106706441831412, 0.6332058335695523, 0.7654543949363126, 0.7015673435798354, 0.5921398918626661], [0.21202894039055797, 0.919903358687751, 0.0, 0.25136741467568985, 0.5490502857491301, 0.12023602816330775, 0.29429544715352945, 0.6880137791331347, 0.34083510686585705, 0.19381364015065627, 0.00683347364535547, 0.5940982398225372, 0.6351963281753468, 0.6537114910298704, 0.759946411047482, 0.6826435582678394, 0.5902987513004686], [0.22618141448885964, 0.926093176138667, 0.0, 0.25744829990347334, 0.552853318819543, 0.11884378254215323, 0.27942765429116107, 0.6887641967064746, 0.3255186601103188, 0.19264891971822773, 0.00683347364535547, 0.5925374123093983, 0.628018801485586, 0.6431556819982083, 0.7569453133956612, 0.6738445727954122, 0.5837508203400821], [0.7248214973074436, 0.8268689314828988, 0.0, 0.24239838021079838, 0.512373292473399, 0.12392119004749168, 0.212083013812088, 0.683824594884543, 0.35692103061006497, 0.1776983835905015, 0.00711334193318236, 0.5900599383985807, 0.6126177884335965, 0.6296839170079733, 0.758633077895329, 0.6915016993271752, 0.5739688390993554], [0.3068814941791529, 0.9626624481651715, 0.0, 0.2399267218887676, 0.5594734528794839, 0.11958728090487322, 0.254569708185916, 0.6881603258401254, 0.33253480782777456, 0.1998193074895489, 0.007001439975721224, 0.5943338226387849, 0.6192903242571819, 0.6364991210347347, 0.7558281343800073, 0.6883363195881568, 0.5870677407980597], [0.2996394062051042, 0.9495259787478937, 0.0, 0.2105914228374469, 0.5548067578380764, 0.11931639084839024, 0.2614962374447174, 0.6881645917637822, 0.3225844811422163, 0.19440112981526547, 0.006889477554966383, 0.596904864903232, 0.6296131403548538, 0.6153777122575447, 0.7516821521763392, 0.7057835593047314, 0.5841970066519284], [0.11477651410235445, 0.7705667241710502, 0.0, 0.21344073678272907, 0.5034818668716993, 0.12251820958869436, 0.2568487658961601, 0.6861027520679288, 0.32845234693558845, 0.16622779251221265, 0.00711334193318236, 0.6046752421318542, 0.6329705637874044, 0.6471548944864607, 0.7546601042466123, 0.6980192305639105, 0.5580576200304921], [0.12123469089630268, 0.8684588295489786, 0.0, 0.23154086058583456, 0.5345284795306184, 0.118980285110516, 0.24694202760509754, 0.6886757141773476, 0.31436584881177354, 0.1806583342860104, 0.007225183508792421, 0.6029605057063188, 0.6307967254568554, 0.6371915618132665, 0.7490542519024647, 0.693435094674583, 0.5628737225245497]]}