{"labels_1": ["1", "2", "3", "4", "5", "6", "7", "8", "9"], "labels_2": ["1", "2", "3", "4", "5", "6", "7", "8", "9"], "adj_matrix_1": [[0.0, 0.29266, 0.15556, 0.02074, 0.24341, 0.24846, 0.32462, 0.20233, 0.20884], [0.29266, 0.0, 0.17272, 0.30534, 0.07571, 0.06894, 0.07412, 0.12511, 0.11781], [0.15556, 0.17272, 0.0, 0.17449, 0.10369, 0.11028, 0.22998, 0.0531, 0.06084], [0.02074, 0.30534, 0.17449, 0.0, 0.25919, 0.2641, 0.33391, 0.21984, 0.22617], [0.24341, 0.07571, 0.10369, 0.25919, 0.0, 0.00693, 0.14512, 0.05184, 0.04408], [0.24846, 0.06894, 0.11028, 0.2641, 0.00693, 0.0, 0.139, 0.05866, 0.05095], [0.32462, 0.07412, 0.22998, 0.33391, 0.14512, 0.139, 0.0, 0.18917, 0.18282], [0.20233, 0.12511, 0.0531, 0.21984, 0.05184, 0.05866, 0.18917, 0.0, 0.00783], [0.20884, 0.11781, 0.06084, 0.22617, 0.04408, 0.05095, 0.18282, 0.00783, 0.0]], "adj_matrix_2": [[0.0, 0.05704, 0.05605, 0.01092, 0.06583, 0.06582, 0.20435, 0.25555, 0.07456], [0.05704, 0.0, 0.001, 0.06776, 0.00894, 0.00896, 0.15522, 0.27872, 0.12881], [0.05605, 0.001, 0.0, 0.06679, 0.00993, 0.00996, 0.15616, 0.27821, 0.12791], [0.01092, 0.06776, 0.06679, 0.0, 0.07648, 0.07651, 0.21314, 0.25025, 0.06394], [0.06583, 0.00894, 0.00993, 0.07648, 0.0, 3e-05, 0.14711, 0.28176, 0.13696], [0.06582, 0.00896, 0.00996, 0.07651, 3e-05, 0.0, 0.14713, 0.28146, 0.137], [0.20435, 0.15522, 0.15616, 0.21314, 0.14711, 0.14713, 0.0, 0.31267, 0.25914], [0.25555, 0.27872, 0.27821, 0.25025, 0.28176, 0.28146, 0.31267, 0.0, 0.2145], [0.07456, 0.12881, 0.12791, 0.06394, 0.13696, 0.137, 0.25914, 0.2145, 0.0]], "features_1": [[-0.19945885514803763, 0.6289793155632978, 0.0, 0.23319865789184216, 0.45211232643024785, 0.12918081161028544, 0.22283678396207876, 0.681281869176612, 0.3658623286028184, 0.14386856148376914, 0.007281081678807366, 0.6222720710898733, 0.6468139440480395, 0.6640606586498502, 0.776722847956699, 0.6812597616625962, 0.5992040442022222], [0.016013730897282752, 0.6380495451734474, 0.0, 0.2277969163695719, 0.45527455652271026, 0.128836966210045, 0.2516976997579704, 0.681942383266607, 0.3671574449836301, 0.14619369899100887, 0.007560346756364078, 0.6038509373310195, 0.6543657534049728, 0.6847426662166557, 0.7782379668009849, 0.6975964311556602, 0.5943474437092132], [-0.1676624244598508, 0.7547359081320172, 0.0, 0.21466863352336718, 0.4930264378355341, 0.129299424204522, 0.22235108502067008, 0.6810350423537556, 0.3608103026464453, 0.17208564034979634, 0.00716927026363523, 0.613434078365992, 0.6495981612567638, 0.6707690779304784, 0.7757953511429642, 0.6908287910396386, 0.5919012338412896], [-0.32566576299831906, 0.7715427599575383, 0.0, 0.2117525928515815, 0.4950273015276375, 0.13224257133910775, 0.21870861707239442, 0.6781588657502781, 0.3852360678233837, 0.18217554624437504, 0.007727725548673403, 0.6298881013484887, 0.6669448536134485, 0.6876182446151864, 0.7816746399062328, 0.696511708544954, 0.6014930191044426], [0.016229080304821508, 0.6335604323141371, 0.0, 0.22234404397199423, 0.45240712897875995, 0.12944017166569086, 0.2326282915873037, 0.6808962941846696, 0.3766615606003172, 0.14670254336351074, 0.007448685839370306, 0.6099099028622073, 0.6456089729973166, 0.6800647343112806, 0.7773962295578005, 0.6961459942172187, 0.5888341733405379], [-0.1537249426885845, 0.8159908639152567, 0.0, 0.23291055685713088, 0.508018387122283, 0.13214858880201855, 0.25121389445564263, 0.6792129178241529, 0.3849414272283731, 0.19015019565438207, 0.007504523810135222, 0.6099570766815783, 0.6621499657971143, 0.6926629692960315, 0.7849508155712974, 0.6895372308432911, 0.5898407849760718], [0.1869561141841145, 0.8277465358033699, 0.0, 0.24989823982778497, 0.5129751812900266, 0.1270920234780905, 0.17320010903014663, 0.6813768263585736, 0.35895420381857757, 0.1853664141464766, 0.007225183508792421, 0.6080264394975639, 0.6314263868612872, 0.6625713913525844, 0.761642832975084, 0.6951265413359423, 0.5742642113832758], [0.03417330401916674, 0.6423588455673025, 0.0, 0.2537874597101372, 0.4507363025470593, 0.13143645637182996, 0.20657972493571036, 0.6772981641353447, 0.4052840221544858, 0.15233426931204241, 0.007783488497544067, 0.6141914081549189, 0.6457028227529716, 0.6774560946269957, 0.7772651205865583, 0.7000405056521244, 0.589557492528255], [0.09117452854108743, 0.7609961295210808, 0.0, 0.24780105350850415, 0.4936779584507117, 0.12785354662019596, 0.18067049997755974, 0.6804123557020911, 0.37190178503505456, 0.17362973358496392, 0.007448685839370306, 0.6086692920778587, 0.6285403580560808, 0.6561861746064102, 0.7643148843747896, 0.7015631778322926, 0.5802142172042121]], "features_2": [[0.185184555841178, 0.7466408544912367, 0.0, 0.2616472305504005, 0.5088355711730891, 0.12158021622813095, 0.3881919721624428, 0.6887958877308609, 0.34339945406372574, 0.16266279917503845, 0.007001439975721224, 0.6007501764419727, 0.6467998356244109, 0.6680391891747971, 0.7718377580964666, 0.697147153849126, 0.5822644187091165], [-0.013199607029066307, 0.7599377057214116, 0.0, 0.2723433582771514, 0.5116011971184223, 0.12109494924819997, 0.34102552290794963, 0.6885393525313297, 0.34177557562302874, 0.16706640365260794, 0.00711334193318236, 0.6101700895511795, 0.6562529345815074, 0.6740657180722059, 0.767631854937096, 0.6782196138926944, 0.581706793563819], [0.038380101477434536, 0.8959291456524993, 0.0, 0.27943796346514094, 0.5505487043767573, 0.12074043064853794, 0.3472188845381787, 0.6888579211441419, 0.33730943860798157, 0.19286853373785817, 0.007001439975721224, 0.6030938115270374, 0.6385013217718766, 0.6557846374249106, 0.7666852908447858, 0.6778032575087507, 0.58085597009321], [0.1929997952477458, 0.888994590589475, 0.0, 0.25121607996815093, 0.543660361492483, 0.12399887907300683, 0.31403944409670287, 0.6866678470474175, 0.35045376776277526, 0.19309208324738347, 0.00677745458930179, 0.5998353452736376, 0.623417391286952, 0.6557967921414075, 0.7719482725304155, 0.7043452267810677, 0.5966913459780291], [-0.033584020132165104, 0.7515518668597859, 0.0, 0.2842754510498683, 0.5031067193453623, 0.12449191592969194, 0.3123321342043425, 0.6861775950606657, 0.3574493436274826, 0.17045886692687495, 0.007560346756364078, 0.608803570706419, 0.6524570446624511, 0.6798207573267468, 0.7739043246277636, 0.6754295280966818, 0.5899014397454627], [-0.0654837167245561, 0.9645448950487118, 0.0, 0.27259819496220306, 0.5614910719776754, 0.12609639404148065, 0.3605463357844322, 0.6860978437082655, 0.3595739556235471, 0.21293337148372227, 0.00711334193318236, 0.6090462726510815, 0.6671700875370791, 0.6765169415042769, 0.7817268967069514, 0.6892808954873966, 0.5941204158610909], [-0.01839855016237779, 0.8979727266867926, 0.0, 0.25614928727380054, 0.5428084235097006, 0.12355103895188733, 0.2605392566227295, 0.6861482723163996, 0.3395184206101749, 0.1940703070787586, 0.006889477554966383, 0.6127330122989301, 0.6337659125048698, 0.6566786846301084, 0.7646515984384948, 0.6753100057221357, 0.5852775020847026], [0.7905289018038477, 0.7973722874068707, 0.0, 0.2952813641479221, 0.5118932646069837, 0.12405780722337847, 0.2628833711112918, 0.6854788538345549, 0.3524357926816941, 0.17456191150603217, 0.007560346756364078, 0.5774066777459552, 0.6341124821270246, 0.6335249888561084, 0.7662061375311642, 0.6896088338105212, 0.5615463720241168], [0.6022876755092526, 0.9406558886902078, 0.0, 0.28436546198138607, 0.5574901790895577, 0.11761112318689423, 0.2772853469409178, 0.6896108599093513, 0.3114034180510854, 0.19182689000014386, 0.007001439975721224, 0.5880012348591424, 0.6208321639394007, 0.625411362507923, 0.7499011042645135, 0.6835410205794347, 0.5190610423015178]]}