{"labels_1": ["1", "2", "3", "4", "5", "6", "7", "8", "9"], "labels_2": ["1", "2", "3", "4", "5", "6", "7", "8", "9"], "adj_matrix_1": [[0.0, 0.29266, 0.15556, 0.02074, 0.24341, 0.24846, 0.32462, 0.20233, 0.20884], [0.29266, 0.0, 0.17272, 0.30534, 0.07571, 0.06894, 0.07412, 0.12511, 0.11781], [0.15556, 0.17272, 0.0, 0.17449, 0.10369, 0.11028, 0.22998, 0.0531, 0.06084], [0.02074, 0.30534, 0.17449, 0.0, 0.25919, 0.2641, 0.33391, 0.21984, 0.22617], [0.24341, 0.07571, 0.10369, 0.25919, 0.0, 0.00693, 0.14512, 0.05184, 0.04408], [0.24846, 0.06894, 0.11028, 0.2641, 0.00693, 0.0, 0.139, 0.05866, 0.05095], [0.32462, 0.07412, 0.22998, 0.33391, 0.14512, 0.139, 0.0, 0.18917, 0.18282], [0.20233, 0.12511, 0.0531, 0.21984, 0.05184, 0.05866, 0.18917, 0.0, 0.00783], [0.20884, 0.11781, 0.06084, 0.22617, 0.04408, 0.05095, 0.18282, 0.00783, 0.0]], "adj_matrix_2": [[0.0, 0.25382, 0.04747, 0.05497, 0.24101, 0.05723, 0.11945, 0.18524, 0.06089], [0.25382, 0.0, 0.22982, 0.22553, 0.03283, 0.22417, 0.29387, 0.30591, 0.27744], [0.04747, 0.22982, 0.0, 0.00761, 0.21245, 0.00992, 0.16232, 0.22292, 0.10679], [0.05497, 0.22553, 0.00761, 0.0, 0.20744, 0.00231, 0.16883, 0.22848, 0.11391], [0.24101, 0.03283, 0.21245, 0.20744, 0.0, 0.20587, 0.29264, 0.31094, 0.27055], [0.05723, 0.22417, 0.00992, 0.00231, 0.20587, 0.0, 0.17079, 0.23013, 0.11605], [0.11945, 0.29387, 0.16232, 0.16883, 0.29264, 0.17079, 0.0, 0.07267, 0.06058], [0.18524, 0.30591, 0.22292, 0.22848, 0.31094, 0.23013, 0.07267, 0.0, 0.13095], [0.06089, 0.27744, 0.10679, 0.11391, 0.27055, 0.11605, 0.06058, 0.13095, 0.0]], "features_1": [[-0.19945885514803763, 0.6289793155632978, 0.0, 0.23319865789184216, 0.45211232643024785, 0.12918081161028544, 0.22283678396207876, 0.681281869176612, 0.3658623286028184, 0.14386856148376914, 0.007281081678807366, 0.6222720710898733, 0.6468139440480395, 0.6640606586498502, 0.776722847956699, 0.6812597616625962, 0.5992040442022222], [0.016013730897282752, 0.6380495451734474, 0.0, 0.2277969163695719, 0.45527455652271026, 0.128836966210045, 0.2516976997579704, 0.681942383266607, 0.3671574449836301, 0.14619369899100887, 0.007560346756364078, 0.6038509373310195, 0.6543657534049728, 0.6847426662166557, 0.7782379668009849, 0.6975964311556602, 0.5943474437092132], [-0.1676624244598508, 0.7547359081320172, 0.0, 0.21466863352336718, 0.4930264378355341, 0.129299424204522, 0.22235108502067008, 0.6810350423537556, 0.3608103026464453, 0.17208564034979634, 0.00716927026363523, 0.613434078365992, 0.6495981612567638, 0.6707690779304784, 0.7757953511429642, 0.6908287910396386, 0.5919012338412896], [-0.32566576299831906, 0.7715427599575383, 0.0, 0.2117525928515815, 0.4950273015276375, 0.13224257133910775, 0.21870861707239442, 0.6781588657502781, 0.3852360678233837, 0.18217554624437504, 0.007727725548673403, 0.6298881013484887, 0.6669448536134485, 0.6876182446151864, 0.7816746399062328, 0.696511708544954, 0.6014930191044426], [0.016229080304821508, 0.6335604323141371, 0.0, 0.22234404397199423, 0.45240712897875995, 0.12944017166569086, 0.2326282915873037, 0.6808962941846696, 0.3766615606003172, 0.14670254336351074, 0.007448685839370306, 0.6099099028622073, 0.6456089729973166, 0.6800647343112806, 0.7773962295578005, 0.6961459942172187, 0.5888341733405379], [-0.1537249426885845, 0.8159908639152567, 0.0, 0.23291055685713088, 0.508018387122283, 0.13214858880201855, 0.25121389445564263, 0.6792129178241529, 0.3849414272283731, 0.19015019565438207, 0.007504523810135222, 0.6099570766815783, 0.6621499657971143, 0.6926629692960315, 0.7849508155712974, 0.6895372308432911, 0.5898407849760718], [0.1869561141841145, 0.8277465358033699, 0.0, 0.24989823982778497, 0.5129751812900266, 0.1270920234780905, 0.17320010903014663, 0.6813768263585736, 0.35895420381857757, 0.1853664141464766, 0.007225183508792421, 0.6080264394975639, 0.6314263868612872, 0.6625713913525844, 0.761642832975084, 0.6951265413359423, 0.5742642113832758], [0.03417330401916674, 0.6423588455673025, 0.0, 0.2537874597101372, 0.4507363025470593, 0.13143645637182996, 0.20657972493571036, 0.6772981641353447, 0.4052840221544858, 0.15233426931204241, 0.007783488497544067, 0.6141914081549189, 0.6457028227529716, 0.6774560946269957, 0.7772651205865583, 0.7000405056521244, 0.589557492528255], [0.09117452854108743, 0.7609961295210808, 0.0, 0.24780105350850415, 0.4936779584507117, 0.12785354662019596, 0.18067049997755974, 0.6804123557020911, 0.37190178503505456, 0.17362973358496392, 0.007448685839370306, 0.6086692920778587, 0.6285403580560808, 0.6561861746064102, 0.7643148843747896, 0.7015631778322926, 0.5802142172042121]], "features_2": [[0.3259901918291539, 0.904088807880276, 0.0, 0.31832587238125787, 0.5382215057945745, 0.12222621370935464, 0.365457539264078, 0.6875099130636726, 0.3470451470493052, 0.19436761151020399, 0.007225183508792421, 0.5969367736753433, 0.6388740999591606, 0.6603226349119019, 0.773034065168459, 0.6951458075369111, 0.5644619636636208], [0.8038016080751293, 0.8940374809120132, 0.0, 0.2969496238678294, 0.5411476536454449, 0.11898116304534986, 0.384713725973613, 0.6894626225929035, 0.3333197573834845, 0.18546889847458892, 0.007225183508792421, 0.5798557343148594, 0.6292462672764707, 0.652827554357992, 0.766827753680777, 0.6908866361118784, 0.5604075438724986], [0.40840112998183065, 1.0201388837209373, 0.0, 0.3104127575230456, 0.5697808794490394, 0.11747101000174039, 0.34605640893679424, 0.6896474748518014, 0.31062359474499557, 0.20649504265504626, 0.00677745458930179, 0.5845741446310788, 0.6236584766544235, 0.6431395455355206, 0.7565601966600323, 0.6852779007259633, 0.546381788687531], [0.497510423740791, 1.0308833824444583, 0.0, 0.3213622885321375, 0.5693218429106521, 0.12008363271859224, 0.30435746574632744, 0.6879353869039211, 0.3263905146304049, 0.21359957814973063, 0.007001439975721224, 0.5885834843064015, 0.6259657250264378, 0.6369701648448912, 0.7603499030203387, 0.6822316907875902, 0.553837759043193], [0.5192049673948032, 0.8716553843423664, 0.0, 0.28947036193603193, 0.5360844706806307, 0.11971669771660025, 0.382728447457783, 0.6891538224094402, 0.33274814087811855, 0.18294994751486326, 0.00711334193318236, 0.5808441838035221, 0.6356291775294732, 0.6532330703295735, 0.7695282050890863, 0.6897024684199019, 0.5724708097207338], [0.366812962668404, 1.0604897741908197, 0.0, 0.3059508159233839, 0.5819624265086543, 0.11514352151869237, 0.3048395245744587, 0.6904511941143754, 0.29856220306597847, 0.21107806764853132, 0.00655322669591385, 0.5813310880540445, 0.6193164232116667, 0.642702143400985, 0.7435508915063291, 0.6536495082335398, 0.5419203252116261], [0.018025997219322853, 0.9645283446515625, 0.0, 0.28115202345584267, 0.5589603368349991, 0.11949375280264793, 0.32429295335792857, 0.6886861513340726, 0.323546940084958, 0.2019632521599395, 0.007001439975721224, 0.6033764400572548, 0.646114881467763, 0.6667636263834127, 0.7597913198558262, 0.6857396036720115, 0.5585600337240114], [-0.21100755204828214, 0.8310305109058636, 0.0, 0.21237757018603315, 0.5284231420491021, 0.11718531979939623, 0.26667823498804283, 0.6896584883092587, 0.3059935378337362, 0.17387732285725632, 0.00655322669591385, 0.6086923322797397, 0.6485447582813878, 0.6643034431346445, 0.750271899432806, 0.6858950939160683, 0.5721908642120233], [-0.23782008483674222, 0.9435767837581274, 0.0, 0.22325058951998508, 0.5557900115059441, 0.11683380141206809, 0.1927698054564459, 0.6892697880748858, 0.2924919802861494, 0.19332162050573376, 0.0064410216040902135, 0.6038760677597783, 0.6230017940229492, 0.6457095950778141, 0.7391132232103251, 0.6801581345524241, 0.5581408143030128]]}