{"labels_1": ["1", "2", "3", "4", "5", "6", "7", "8", "9"], "labels_2": ["1", "2", "3", "4", "5", "6", "7", "8", "9"], "adj_matrix_1": [[0.0, 0.18832, 0.04302, 0.03489, 0.27694, 0.21735, 0.10625, 0.24036, 0.26499], [0.18832, 0.0, 0.15961, 0.16559, 0.29259, 0.05054, 0.10377, 0.09949, 0.17285], [0.04302, 0.15961, 0.0, 0.00827, 0.29423, 0.19552, 0.0665, 0.22549, 0.26165], [0.03489, 0.16559, 0.00827, 0.0, 0.29143, 0.20028, 0.07435, 0.22895, 0.26294], [0.27694, 0.29259, 0.29423, 0.29143, 0.0, 0.27062, 0.30762, 0.24036, 0.17621], [0.21735, 0.05054, 0.19552, 0.20028, 0.27062, 0.0, 0.14798, 0.05067, 0.13004], [0.10625, 0.10377, 0.0665, 0.07435, 0.30762, 0.14798, 0.0, 0.18745, 0.24045], [0.24036, 0.09949, 0.22549, 0.22895, 0.24036, 0.05067, 0.18745, 0.0, 0.08267], [0.26499, 0.17285, 0.26165, 0.26294, 0.17621, 0.13004, 0.24045, 0.08267, 0.0]], "adj_matrix_2": [[0.0, 0.02307, 0.08064, 0.17328, 0.02456, 0.12882, 0.15228, 0.1626, 0.17521], [0.02307, 0.0, 0.09955, 0.17594, 0.04705, 0.14172, 0.16074, 0.14813, 0.16249], [0.08064, 0.09955, 0.0, 0.13801, 0.05852, 0.06162, 0.09783, 0.20544, 0.20675], [0.17328, 0.17594, 0.13801, 0.0, 0.16702, 0.0899, 0.05239, 0.20831, 0.17697], [0.02456, 0.04705, 0.05852, 0.16702, 0.0, 0.11211, 0.13996, 0.17705, 0.18711], [0.12882, 0.14172, 0.06162, 0.0899, 0.11211, 0.0, 0.04041, 0.22053, 0.20947], [0.15228, 0.16074, 0.09783, 0.05239, 0.13996, 0.04041, 0.0, 0.22049, 0.20058], [0.1626, 0.14813, 0.20544, 0.20831, 0.17705, 0.22053, 0.22049, 0.0, 0.05785], [0.17521, 0.16249, 0.20675, 0.17697, 0.18711, 0.20947, 0.20058, 0.05785, 0.0]], "features_1": [[0.738805030211128, 0.7132169975280983, 0.0, 0.25327193797449554, 0.5110301113176436, 0.11829375430301811, 0.5357172333082871, 0.6911639457468685, 0.3114473383243761, 0.14461461356671035, 0.006609306440138685, 0.5753918265536102, 0.6545252597364457, 0.6539427191791234, 0.7699971343179353, 0.7109573737995151, 0.5818517523932775], [0.662352759112836, 0.6767029628194623, 0.0, 0.2515661720130447, 0.4977027282214521, 0.11755823401191581, 0.4865284540114665, 0.6911384406823966, 0.3264644345750698, 0.13885712829564278, 0.00683347364535547, 0.5852944610566726, 0.635171669990253, 0.6358780695901437, 0.7687139679337334, 0.6934610135280156, 0.5794571117316677], [0.6795142471807356, 0.8368664267491828, 0.0, 0.24775260328264764, 0.5464203015777341, 0.11915996943827503, 0.4849007171481482, 0.6904653346534801, 0.3171813383502382, 0.1715100535771661, 0.00683347364535547, 0.586454446428673, 0.6353664741637651, 0.6565301909196325, 0.7696024766685671, 0.6926562741950928, 0.5823706940908637], [0.8442578222396038, 0.8328120653897523, 0.0, 0.25878831939587404, 0.5385174229120326, 0.122051110938384, 0.4626677909125149, 0.6889587765549514, 0.32439168245970706, 0.17238468359162673, 0.006497131753992358, 0.5720714882670188, 0.6244379779805331, 0.6571048734507017, 0.773941317733668, 0.6945838484485746, 0.5967826895972068], [0.368823440295746, 0.6576176336406961, 0.0, 0.2350764324634194, 0.4907987323991472, 0.11791280384667228, 0.5592817386745764, 0.6910980079486247, 0.33186173733956137, 0.1368157900571343, 0.007057398507269275, 0.5995494336160792, 0.6539348503132303, 0.656430817136234, 0.7706288381198013, 0.7021236527928213, 0.5805699131838229], [0.2126393776227098, 0.8759559769514165, 0.0, 0.24869500735713113, 0.5554967175965004, 0.11807410921360582, 0.5108155856258854, 0.6907484668905048, 0.304228058635057, 0.17911865453735243, 0.006609306440138685, 0.5935829159241133, 0.6449096666143389, 0.6511317686537254, 0.7668764755518053, 0.6908371373688532, 0.5776355305600398], [0.8199611224283991, 0.8106213053329104, 0.0, 0.27133975689892925, 0.5278186113586052, 0.12189274897610855, 0.32988190903643116, 0.6878326750632486, 0.31529504513718565, 0.1692724882347154, 0.00683347364535547, 0.5732870347611996, 0.6252797015652674, 0.6596853915673254, 0.7678768775612881, 0.6883804570311272, 0.581622659933938], [-0.039612692145788664, 0.7306115627073242, 0.0, 0.23831369018230475, 0.5049124473721793, 0.11940682441585523, 0.4115400081601862, 0.6890556471151731, 0.31238039569996645, 0.15378175110403736, 0.0066653709969386465, 0.5976413974264405, 0.6541746363715869, 0.6491274317786319, 0.7579006950424351, 0.6814618969714991, 0.5710819083640156], [-0.09475334895850418, 0.8075170152708103, 0.0, 0.24002453932943368, 0.5279597182125394, 0.11865926384546985, 0.32013798770621305, 0.6890737157944883, 0.3106782898439644, 0.17005279215625846, 0.007057398507269275, 0.6074161424229614, 0.6312873868044764, 0.6614331387512611, 0.7545059299660591, 0.6825409074385836, 0.5717021955880522]], "features_2": [[1.6889627320482807, 0.7632163977412132, 0.0, 0.34429045722997353, 0.4831495809367795, 0.13080123962713183, 0.20502504363428004, 0.6769231326775547, 0.3718996797268759, 0.1719753190340083, 0.007671947615560004, 0.5603495450926737, 0.6324455402172096, 0.6316133999241276, 0.7662990912509805, 0.7007964946631376, 0.5800032571600532], [1.964361455800531, 0.7666944674004519, 0.0, 0.33409595404186637, 0.4876857593650842, 0.130468786444831, 0.26792115406379013, 0.6793193374483627, 0.38167405936067134, 0.17300376227439762, 0.007894969482732161, 0.5567916217865738, 0.6348341698519202, 0.6549686533725795, 0.7759275152994973, 0.6795407313802637, 0.5855761371940708], [1.3174806635769691, 0.8905448830554361, 0.0, 0.3344903900528516, 0.5187467323554703, 0.13042693342952763, 0.16887544932974025, 0.6766790920761753, 0.36553024100430487, 0.1996106369042625, 0.007671947615560004, 0.5668786952112916, 0.609333485938935, 0.6361261037551059, 0.7629447030887144, 0.6693644307162405, 0.5695001686363479], [0.802614255599567, 0.877733763934923, 0.0, 0.31816236400403275, 0.51112620671212, 0.13313661026764761, 0.16729691264468655, 0.6733148056172357, 0.37499748351476514, 0.20168116275531967, 0.007671947615560004, 0.579486692637587, 0.6251562765331562, 0.6550156176568815, 0.7677058761889634, 0.6810687978550766, 0.5765683296274771], [1.630249414030395, 0.7587829971120869, 0.0, 0.32246865487071713, 0.4824652849756558, 0.13322447567292917, 0.22077111055824689, 0.6764320987755372, 0.3979750978681038, 0.17538936690203855, 0.008062078829516484, 0.5664393984654752, 0.6293385972783905, 0.6512146260162875, 0.7833187699484334, 0.6967841741284886, 0.5921580956432527], [1.022946360669752, 0.9023596475831991, 0.0, 0.3205946992415614, 0.5214007581462616, 0.13268887175349448, 0.18560327330076518, 0.6756670192119943, 0.38120226817877056, 0.20609636973235212, 0.007727725548673403, 0.5750091470476781, 0.6316252621964829, 0.6596004127307118, 0.7770661071409142, 0.7060735520692276, 0.5794395646634023], [0.7241294337005115, 0.8785528046713652, 0.0, 0.3346336954999139, 0.5098069613815621, 0.13451456183500862, 0.12301702733769275, 0.671498729160338, 0.38737185402323715, 0.20536922472038066, 0.00783923647221818, 0.5797204276057988, 0.6252214263325164, 0.6557749442237212, 0.771006713781548, 0.6948602067402164, 0.5733728392897763], [0.250027390136474, 0.7064123065520396, 0.0, 0.2798725541018127, 0.4641105674100353, 0.13578325487489187, 0.21679777195148162, 0.6732712994753574, 0.3985051472691461, 0.169847100131699, 0.008173410423425675, 0.6060031284921166, 0.6443953682665863, 0.6643053877680154, 0.7859144118277334, 0.7196471097119931, 0.5956837221751528], [0.25769212062544256, 0.8118934484645787, 0.0, 0.30310054233703226, 0.4952852623703047, 0.13527965300099562, 0.2080305923093711, 0.6726184492572154, 0.38423966572419266, 0.19179274927100343, 0.007616154688146137, 0.5926834479679375, 0.6452772577125777, 0.6711802324524166, 0.7789749772576512, 0.7164893339049319, 0.584240810408855]]}