{"labels_1": ["1", "2", "3", "4", "5", "6", "7", "8", "9"], "labels_2": ["1", "2", "3", "4", "5", "6", "7", "8", "9"], "adj_matrix_1": [[0.0, 0.12926, 0.03405, 0.00585, 0.03104, 0.22451, 0.27997, 0.06538, 0.28098], [0.12926, 0.0, 0.16036, 0.12379, 0.15766, 0.11243, 0.2698, 0.06632, 0.19713], [0.03405, 0.16036, 0.0, 0.03987, 0.00302, 0.24913, 0.27891, 0.09858, 0.29735], [0.00585, 0.12379, 0.03987, 0.0, 0.03686, 0.22009, 0.27994, 0.05962, 0.2779], [0.03104, 0.15766, 0.00302, 0.03686, 0.0, 0.24702, 0.27907, 0.09567, 0.296], [0.22451, 0.11243, 0.24913, 0.22009, 0.24702, 0.0, 0.23555, 0.17195, 0.09926], [0.27997, 0.2698, 0.27891, 0.27994, 0.27907, 0.23555, 0.0, 0.27809, 0.17991], [0.06538, 0.06632, 0.09858, 0.05962, 0.09567, 0.17195, 0.27809, 0.0, 0.24342], [0.28098, 0.19713, 0.29735, 0.2779, 0.296, 0.09926, 0.17991, 0.24342, 0.0]], "adj_matrix_2": [[0.0, 0.28942, 0.16319, 0.13653, 0.26116, 0.29833, 0.00112, 0.11336, 0.20603], [0.28942, 0.0, 0.17337, 0.19912, 0.04828, 0.01724, 0.28896, 0.21918, 0.28241], [0.16319, 0.17337, 0.0, 0.03067, 0.1295, 0.18836, 0.1623, 0.056, 0.27132], [0.13653, 0.19912, 0.03067, 0.0, 0.15725, 0.21331, 0.13558, 0.02556, 0.2644], [0.26116, 0.04828, 0.1295, 0.15725, 0.0, 0.06531, 0.26055, 0.17927, 0.28355], [0.29833, 0.01724, 0.18836, 0.21331, 0.06531, 0.0, 0.29805, 0.23248, 0.28122], [0.00112, 0.28896, 0.1623, 0.13558, 0.26055, 0.29805, 0.0, 0.11231, 0.20663], [0.11336, 0.21918, 0.056, 0.02556, 0.17927, 0.23248, 0.11231, 0.0, 0.2573], [0.20603, 0.28241, 0.27132, 0.2644, 0.28355, 0.28122, 0.20663, 0.2573, 0.0]], "features_1": [[0.04198444706957316, 0.7452668922365774, 0.0, 0.2262736848019002, 0.480023626569164, 0.13947488144180667, 0.241548925700382, 0.6717262482537778, 0.44038328531609805, 0.18335279046902886, 0.008062078829516484, 0.6297433327988866, 0.6616456349135887, 0.6852932900949394, 0.8042035933546479, 0.7255449771147486, 0.6277466215530121], [0.08884522818346596, 0.7514338574940774, 0.0, 0.23285900649890415, 0.476596514265897, 0.14279602597742416, 0.2050282108323401, 0.666953080449153, 0.44882203316958935, 0.18719432154114046, 0.008062078829516484, 0.6230992852047739, 0.6713330524822925, 0.6950377388375754, 0.8067219020242364, 0.7342356594986603, 0.6311838908577958], [0.16870996589522624, 0.8165552993947365, 0.0, 0.22976497336053098, 0.5008168348124389, 0.13941105849244964, 0.22723046404855224, 0.6712494687297847, 0.4347654526155553, 0.1963850046414295, 0.008062078829516484, 0.6258788284344112, 0.6666109557367333, 0.6733445532637656, 0.8008920444768832, 0.7291174164507139, 0.624879795498946], [0.004398592929067746, 0.823927116363884, 0.0, 0.22140580254013925, 0.5033867460251037, 0.14035820983378242, 0.2652076286805247, 0.6718120865752091, 0.45216294968354376, 0.20273071781179586, 0.00839589484089287, 0.6277264009798718, 0.6646455905028495, 0.6810487078716555, 0.8057309527501729, 0.7184387145899033, 0.6322893269899057], [0.017189211182119468, 0.7944698690234763, 0.0, 0.21609649302248074, 0.48054123003091254, 0.14709074670677047, 0.16496424106934598, 0.659358352117384, 0.47479463624151497, 0.20206276992063676, 0.008618141428105908, 0.632611716146287, 0.6596991265526326, 0.6933606808987984, 0.8086141267714101, 0.7408446211932632, 0.6306338884280193], [0.4026345926849797, 0.8612879484022352, 0.0, 0.233289156994471, 0.5057249152101191, 0.14479046468902, 0.18521439506281823, 0.6636586125845559, 0.46913813497232093, 0.2116610192008972, 0.007950687539111767, 0.6091964615815004, 0.6500234495918444, 0.6615591211767613, 0.8063687509859435, 0.738471619746896, 0.6318213677371285], [0.9268806297988412, 0.854713959282664, 0.0, 0.26763805316170236, 0.507135390924203, 0.14114054657022246, 0.23918976462442174, 0.6699265565908648, 0.4620199024434528, 0.20754527150165103, 0.00839589484089287, 0.5933934959702545, 0.6596781430275905, 0.6735517661569165, 0.8061978205889223, 0.7327315572945947, 0.6255749551079414], [0.0841384030208503, 0.7612862785033947, 0.0, 0.2069799168626325, 0.47205784018794933, 0.14542014375415138, 0.18390764447001615, 0.6617805073199128, 0.48695236427872013, 0.1961732916441392, 0.008507047823598457, 0.6252650335630277, 0.6375637463700756, 0.6834183302390304, 0.8069580912559269, 0.7295938613590045, 0.6143738592133549], [0.3239546947040983, 0.8030373138260577, 0.0, 0.2430597845519142, 0.48603153198077154, 0.14420799668680376, 0.19464945215536958, 0.6637817768954847, 0.48360182710413446, 0.20455410643499405, 0.008618141428105908, 0.6053450928633142, 0.6654721757923787, 0.7023229146138473, 0.8061704418750975, 0.7078852430008519, 0.6155077614288363]], "features_2": [[0.3296464392567038, 0.6801630020427921, 0.0, 0.24633105959534077, 0.48556090147142034, 0.12293051377598099, 0.4274057457619861, 0.6881177539444767, 0.3380836373827887, 0.14672078242199604, 0.00677745458930179, 0.5983344899823644, 0.6305944046317871, 0.6628427125020293, 0.7705375522516081, 0.684059334190295, 0.5836095184622717], [-0.059868153319869055, 0.6554068843993619, 0.0, 0.2250230323193485, 0.47798355429127853, 0.1233277040504694, 0.45455815204803046, 0.6887640057050277, 0.3537691955081683, 0.14495699750015878, 0.007225183508792421, 0.6180263375313126, 0.6537694898137144, 0.6791033208682654, 0.7814780478642535, 0.7276937379974291, 0.591797045482277], [0.30164265373915233, 0.7960308747272363, 0.0, 0.23966067515691195, 0.522846236311771, 0.12327829641536, 0.47755408791064297, 0.688561817942797, 0.345773029186913, 0.17159179552914594, 0.006889477554966383, 0.6022240588698342, 0.6382508138193295, 0.6568890824891281, 0.7767776535747792, 0.6982681110955792, 0.5855720108017656], [0.22331886306126636, 0.8042595818496605, 0.0, 0.22519801082252594, 0.5225759636406663, 0.12294763495087575, 0.45567171466141543, 0.6879852622821814, 0.3329149878663369, 0.17186550384593224, 0.007225183508792421, 0.599731276030153, 0.6326652415454813, 0.6541793090027519, 0.7669309339622675, 0.6824999433129655, 0.5741222219692608], [-0.12812531442197184, 0.6452553910907015, 0.0, 0.22036256296386694, 0.476043410070076, 0.12432520593682975, 0.500857259610936, 0.6889256974560332, 0.36843918226367456, 0.144366861998368, 0.007448685839370306, 0.6210242358257925, 0.6601922271497651, 0.6994481530453358, 0.7879088417004547, 0.7331179688864121, 0.5985242837972734], [0.09647890344962429, 0.8381886632530171, 0.0, 0.20476549573761943, 0.5378304005216614, 0.12109860534622653, 0.5269064689354017, 0.6899255758073808, 0.33465441754844205, 0.17735615772168623, 0.00711334193318236, 0.609031759072511, 0.6653914753551535, 0.6841655354440274, 0.7734549382883893, 0.7116676100566002, 0.5796428249662386], [0.23987515518310865, 0.8080092575752817, 0.0, 0.19713429496182014, 0.5267790930012847, 0.12139647392020031, 0.6156357613244218, 0.6893672779608628, 0.3236258327726438, 0.1703668696799827, 0.0066653709969386465, 0.5899320704664692, 0.6374503813089011, 0.6508313033156872, 0.7638394376383778, 0.679984004144436, 0.559234221490018], [0.0028895200055196746, 0.6452422393137984, 0.0, 0.2020020158339223, 0.4770831792908719, 0.12262767622337377, 0.5642130270471426, 0.689375770147958, 0.34209457049294456, 0.1377316150818375, 0.007001439975721224, 0.5990321071046951, 0.6420413067942687, 0.6736431222674124, 0.773278934026456, 0.7060857811883515, 0.5967291500917359], [0.6048252719179184, 0.765093381831547, 0.0, 0.22400152779035987, 0.5148144209295068, 0.1200695979870385, 0.6439619310237269, 0.6898173404646146, 0.3114831967840117, 0.1556755846854827, 0.00677745458930179, 0.5815571007021965, 0.649231516864272, 0.6513888712931202, 0.7529559590123253, 0.6796575885357323, 0.5691312958249596]]}