{"labels_1": ["1", "2", "3", "4", "5", "6", "7", "8", "9"], "labels_2": ["1", "2", "3", "4", "5", "6", "7", "8", "9"], "adj_matrix_1": [[0.0, 0.15336, 0.07511, 0.10678, 0.22398, 0.16106, 0.29609, 0.19728, 0.09344], [0.15336, 0.0, 0.20401, 0.22176, 0.26807, 0.24711, 0.27465, 0.25873, 0.21283], [0.07511, 0.20401, 0.0, 0.0337, 0.17067, 0.09454, 0.27025, 0.13824, 0.01988], [0.10678, 0.22176, 0.0337, 0.0, 0.14238, 0.06217, 0.25237, 0.10809, 0.01376], [0.22398, 0.26807, 0.17067, 0.14238, 0.0, 0.08474, 0.13843, 0.03724, 0.15425], [0.16106, 0.24711, 0.09454, 0.06217, 0.08474, 0.0, 0.21042, 0.04819, 0.07546], [0.29609, 0.27465, 0.27025, 0.25237, 0.13843, 0.21042, 0.0, 0.1716, 0.26103], [0.19728, 0.25873, 0.13824, 0.10809, 0.03724, 0.04819, 0.1716, 0.0, 0.12116], [0.09344, 0.21283, 0.01988, 0.01376, 0.15425, 0.07546, 0.26103, 0.12116, 0.0]], "adj_matrix_2": [[0.0, 0.07274, 0.05925, 0.04283, 0.01644, 0.0363, 0.26085, 0.25803, 0.28237], [0.07274, 0.0, 0.1291, 0.11372, 0.05663, 0.10755, 0.30396, 0.30206, 0.32104], [0.05925, 0.1291, 0.0, 0.01662, 0.07536, 0.02319, 0.21639, 0.21285, 0.24092], [0.04283, 0.11372, 0.01662, 0.0, 0.05908, 0.00658, 0.22958, 0.2262, 0.25334], [0.01644, 0.05663, 0.07536, 0.05908, 0.0, 0.0526, 0.27205, 0.26926, 0.29267], [0.0363, 0.10755, 0.02319, 0.00658, 0.0526, 0.0, 0.23464, 0.23133, 0.25808], [0.26085, 0.30396, 0.21639, 0.22958, 0.27205, 0.23464, 0.0, 0.00448, 0.02992], [0.25803, 0.30206, 0.21285, 0.2262, 0.26926, 0.23133, 0.00448, 0.0, 0.03437], [0.28237, 0.32104, 0.24092, 0.25334, 0.29267, 0.25808, 0.02992, 0.03437, 0.0]], "features_1": [[0.812432469999596, 1.2863037702273066, 0.0, 0.3348840741535546, 0.6475833319890613, 0.11984257692075836, 0.46236232582477044, 0.6905415216514275, 0.3359121521582489, 0.250156553493152, 0.006889477554966383, 0.5810963392614563, 0.6312177913201505, 0.6209314101961219, 0.7777713237997218, 0.689796451076626, 0.6012316992528874], [0.9999780447809745, 1.2319646919437728, 0.0, 0.31302869574686853, 0.6354074019402889, 0.1198717160814576, 0.4876802628876028, 0.6907892532569507, 0.35321892109277053, 0.2438382837062898, 0.0069454663283523566, 0.5699442725124044, 0.6520181682322688, 0.6578779885942753, 0.7784222139888469, 0.7072112317857835, 0.6084960409437145], [0.7175781148088691, 1.3510136839760893, 0.0, 0.32585431932218684, 0.6619466204366719, 0.11653242764741305, 0.4736155057792836, 0.6917064070794494, 0.324636186961216, 0.25675254637044476, 0.006721420376576193, 0.5831011958423338, 0.6462213928494722, 0.6402891391729303, 0.7681486160097997, 0.6785318272085319, 0.6035418858946517], [0.6958249911784526, 1.3875821389845246, 0.0, 0.32357741604752494, 0.6654648898952265, 0.11666346366371648, 0.421808200182786, 0.6913447449347049, 0.31750415969581436, 0.2612059913233735, 0.00655322669591385, 0.5852110573691185, 0.6285751784465836, 0.6265055013463603, 0.7652329212879523, 0.6697022596862063, 0.5894641301980234], [0.40786523067250524, 1.5474883783828806, 0.0, 0.27018448044677185, 0.6879831989129623, 0.11300240111657012, 0.4481512729100487, 0.6923538127210229, 0.2883287401811272, 0.2790066943752352, 0.006272599803500922, 0.581241762750281, 0.6243952137389928, 0.6264357577448298, 0.7527947818152149, 0.6670044848522488, 0.5399390382235122], [1.0530456484302135, 1.5062202856425357, 0.0, 0.33472206955350164, 0.6872213214537553, 0.11334623388214025, 0.4627814655514875, 0.6923515340609712, 0.317604820996507, 0.27340255275513337, 0.006721420376576193, 0.5774401197227266, 0.6414088588279334, 0.6315258562019512, 0.7546198170862212, 0.674723916627346, 0.5965696880524103], [0.2970620517552778, 1.7567380024042383, 0.0, 0.2931179238652562, 0.7229092743511512, 0.11046040694140309, 0.4697532668380113, 0.6929101732770879, 0.27069593549388804, 0.300629743155562, 0.006160242374180447, 0.5871878560469121, 0.6243271875738043, 0.6385895941240279, 0.7512465788731628, 0.6566074838351985, 0.5372337548887524], [0.2847227079766532, 1.9293200715516576, 0.0, 0.2955740316858675, 0.7457424426366153, 0.10880107228078044, 0.3778060053525465, 0.6929625306084113, 0.26003015898686543, 0.32194538290317865, 0.005822803276368971, 0.5753580615238727, 0.6319110988685829, 0.6377737598824492, 0.733834956701515, 0.6553976362882084, 0.5165521570653905], [0.2854238395679225, 1.9581323908253114, 0.0, 0.3255285603034118, 0.7480845850629706, 0.10977333123932259, 0.3815393300544251, 0.6928434529973211, 0.2779967476779872, 0.3307912773956918, 0.006384896235913207, 0.5754951136778663, 0.6422054464006325, 0.6542988694253632, 0.7383232877756031, 0.6467690822483253, 0.533392636077019]], "features_2": [[0.33902376142875745, 1.2346976533641825, 0.0, 0.22381884355068635, 0.6211325466559631, 0.12606015751663302, 0.3566400692896906, 0.6847756533667027, 0.3648843134918205, 0.2574606648657376, 0.007225183508792421, 0.5995185203732158, 0.6166473908870685, 0.6215130526563968, 0.7686205262796058, 0.6843461372678519, 0.5768872851174435], [0.08162139308144223, 1.1728162578074175, 0.0, 0.20220668058052324, 0.6086357842043942, 0.1279613131813952, 0.4553328149687452, 0.6843548769756966, 0.37309734401472294, 0.2504070687031099, 0.007504523810135222, 0.6067609267830845, 0.6194630720508635, 0.6459721167211122, 0.772972198469848, 0.6913400976994087, 0.5740473166242104], [0.5287006560272909, 1.3846305848671039, 0.0, 0.2220958266780926, 0.6485627157497312, 0.12543991398738336, 0.34335680869676466, 0.6852974514137391, 0.37113496021410275, 0.27996192995853164, 0.00716927026363523, 0.6014601759267533, 0.618173320576576, 0.626353532296231, 0.766133376551754, 0.6883464436066917, 0.576059129154161], [0.47180713849678835, 1.3635075291656167, 0.0, 0.22280964987242088, 0.6493589243835765, 0.12272313407301493, 0.38895422004824665, 0.6875150857856187, 0.3505794763119974, 0.2703648497020221, 0.007001439975721224, 0.595097933972911, 0.615493051730739, 0.6186270633408811, 0.7631401961479379, 0.6816892649886974, 0.5621689565972987], [0.19174931499545167, 1.3541337190884462, 0.0, 0.19680090020135554, 0.6488599056016485, 0.12170631023426645, 0.5704149012218614, 0.6892694689452719, 0.33209153370247346, 0.2672968395108555, 0.0069454663283523566, 0.6035088808464248, 0.6475522712658897, 0.657954560600145, 0.7668909618688998, 0.6777661319711047, 0.5525945342778528], [0.38001243094948656, 1.3538262340659801, 0.0, 0.21547418454575717, 0.6486766238346686, 0.12178772077358985, 0.38677328490517837, 0.6882191911902923, 0.3459652648225493, 0.2677328083242181, 0.007225183508792421, 0.6024269994237381, 0.624814194937649, 0.6342491171933332, 0.7639168812327476, 0.6875228093507971, 0.5716702178127109], [0.08735495361244716, 1.6082304795848248, 0.0, 0.19161885698268524, 0.7021981628945875, 0.11328445279095517, 0.5368980325465976, 0.6924311322404466, 0.3011243449174408, 0.29146903514712497, 0.0066653709969386465, 0.6046306711005291, 0.6334883714357665, 0.6389185257595748, 0.75437829823986, 0.6615382333417648, 0.519497164472542], [-0.2436355705268234, 1.341099854299697, 0.0, 0.20844877635071538, 0.6609486756783581, 0.11122758475276995, 0.5682069703892857, 0.6925860942512242, 0.2834993245238031, 0.25230891659655574, 0.006609306440138685, 0.607854217072777, 0.6298789595718703, 0.6347229437661668, 0.734864519293519, 0.6813903586075305, 0.5434854070616952], [-0.2895132919609438, 1.6148000599558863, 0.0, 0.2068656255927966, 0.708022060368448, 0.10726082106390498, 0.4455865483333916, 0.6930905464466353, 0.2603786434634958, 0.2826301661289947, 0.005991591679928909, 0.603655427853641, 0.6470758061987445, 0.6613126097087807, 0.7280869765615668, 0.65170356132218, 0.5148397698472594]]}