{"labels_1": ["1", "2", "3", "4", "5", "6", "7", "8", "9"], "labels_2": ["1", "2", "3", "4", "5", "6", "7", "8", "9"], "adj_matrix_1": [[0.0, 0.18292, 0.01676, 0.09202, 0.14837, 0.13126, 0.17899, 0.05061, 0.22501], [0.18292, 0.0, 0.19509, 0.23951, 0.25932, 0.25486, 0.26199, 0.14173, 0.05818], [0.01676, 0.19509, 0.0, 0.07628, 0.13487, 0.11687, 0.16767, 0.06694, 0.23485], [0.09202, 0.23951, 0.07628, 0.0, 0.06525, 0.0444, 0.10594, 0.13718, 0.26664], [0.14837, 0.25932, 0.13487, 0.06525, 0.0, 0.0215, 0.04416, 0.18573, 0.27499], [0.13126, 0.25486, 0.11687, 0.0444, 0.0215, 0.0, 0.06491, 0.17139, 0.27413], [0.17899, 0.26199, 0.16767, 0.10594, 0.04416, 0.06491, 0.0, 0.20963, 0.27022], [0.05061, 0.14173, 0.06694, 0.13718, 0.18573, 0.17139, 0.20963, 0.0, 0.19042], [0.22501, 0.05818, 0.23485, 0.26664, 0.27499, 0.27413, 0.27022, 0.19042, 0.0]], "adj_matrix_2": [[0.0, 0.00457, 0.10185, 0.10208, 0.1213, 0.02785, 0.06217, 0.04562, 0.01167], [0.00457, 0.0, 0.10464, 0.10487, 0.11965, 0.02932, 0.06468, 0.04768, 0.01242], [0.10185, 0.10464, 0.0, 0.00082, 0.16593, 0.2187, 0.1243, 0.17519, 0.22617], [0.10208, 0.10487, 0.00082, 0.0, 0.16586, 0.21879, 0.12495, 0.17561, 0.22586], [0.1213, 0.11965, 0.16593, 0.16586, 0.0, 0.10445, 0.15363, 0.13521, 0.06093], [0.02785, 0.02932, 0.2187, 0.21879, 0.10445, 0.0, 0.16557, 0.10588, 0.17132], [0.06217, 0.06468, 0.1243, 0.12495, 0.15363, 0.16557, 0.0, 0.07354, 0.25533], [0.04562, 0.04768, 0.17519, 0.17561, 0.13521, 0.10588, 0.07354, 0.0, 0.23657], [0.01167, 0.01242, 0.22617, 0.22586, 0.06093, 0.17132, 0.25533, 0.23657, 0.0]], "features_1": [[0.4790373330798805, 1.1986301003744704, 0.0, 0.32898390323010995, 0.6119663860297505, 0.12817630236265376, 0.32877756909737527, 0.6840783393393213, 0.3875277032952704, 0.2554065333085582, 0.007336964783822175, 0.5894513884165336, 0.6511619947783781, 0.6701137617700198, 0.7851947196809057, 0.7121692637368878, 0.609243790971337], [0.07065238406952679, 1.2327243933845866, 0.0, 0.24340192749594786, 0.6090674229206668, 0.13314095909679102, 0.2449224771545019, 0.6782236936861608, 0.4237219259929812, 0.27291947826746554, 0.00783923647221818, 0.6173355166825418, 0.6476786420784965, 0.6631028618950535, 0.7868336466513438, 0.7066990016149918, 0.6074416441562168], [0.7230001254952287, 1.292478328184832, 0.0, 0.3195214866391157, 0.6359677797393879, 0.12367844294380312, 0.32941339485162613, 0.6869445766737547, 0.3717895106192526, 0.2624316178609736, 0.00716927026363523, 0.5849531737887936, 0.6452988681072891, 0.6555336499560961, 0.773303699863903, 0.6939584647147016, 0.5865369109390837], [1.0596411174674651, 1.2973197446764608, 0.0, 0.3196802115173058, 0.6345998099511317, 0.1249012423511412, 0.347262325203198, 0.6863532929269955, 0.378766925173305, 0.2624113216619466, 0.007448685839370306, 0.573122910791972, 0.63546758759536, 0.6296288533476876, 0.7764404630475675, 0.7185569026427385, 0.5931245418626837], [0.5785921497077462, 1.507690848929343, 0.0, 0.27409586191112423, 0.6677375580598442, 0.12386063624027237, 0.35170011300712717, 0.6876595358141038, 0.3593602575875132, 0.29366061862604287, 0.007057398507269275, 0.5979791323696997, 0.6410108436189713, 0.6543891702605416, 0.777943345487674, 0.7028357039515034, 0.5655722799022357], [1.0419331100064113, 1.3282453218413672, 0.0, 0.2916383413106386, 0.6498209052905358, 0.11967189280440499, 0.35960118957660187, 0.6895388367811002, 0.3570279069543747, 0.26102131899750236, 0.00711334193318236, 0.5753240036318894, 0.6405536474623644, 0.656971704179595, 0.7664874061414509, 0.6816484646088327, 0.5645991277744913], [0.8032382774937625, 1.6938380061856508, 0.0, 0.3324775423643264, 0.7050597359650635, 0.1179707778783047, 0.5162075806553517, 0.691189668926713, 0.31618060869339204, 0.30571202183969604, 0.00655322669591385, 0.5675218393161368, 0.632892374189354, 0.6581102686008299, 0.772641753737739, 0.6850079524027507, 0.5398814766165887], [0.281915799598333, 1.3881245501608332, 0.0, 0.2555119342187261, 0.673615207705056, 0.10854990197335318, 0.4263222144218034, 0.6930464986304188, 0.2617635245455068, 0.24602820262145753, 0.005822803276368971, 0.5703428713569325, 0.6387177752050123, 0.6308857754006336, 0.7400974616854944, 0.6702618877146828, 0.5129297089484692], [0.15016913670035237, 1.408230028393376, 0.0, 0.23744700086427062, 0.6773417391019608, 0.10789792908013922, 0.44123409325009105, 0.693108598861768, 0.2525156030837783, 0.24859639944947554, 0.005766509824583821, 0.5846992576807775, 0.6318250359511135, 0.6450926209153145, 0.7417912944386299, 0.6727969893443891, 0.5118035648814986]], "features_2": [[3.856140089373601, 1.7596013960406534, 0.0, 0.3215809685541881, 0.6740436283580058, 0.14212436994284786, 0.1396559041555804, 0.664062131080992, 0.428546456982849, 0.34059173599947035, 0.007950687539111767, 0.5403862256220817, 0.6074926443767, 0.6268941155518258, 0.7949293787435409, 0.6990448807012549, 0.6169877452956783], [4.795081970340912, 1.8252753392115835, 0.0, 0.3550370365814593, 0.6831740311092035, 0.140052203484053, 0.13354839845363103, 0.6663046397369563, 0.42378659808819363, 0.3422724001046977, 0.007950687539111767, 0.5328505044095431, 0.6037051772772873, 0.614921264850297, 0.789790586007048, 0.7063518481647578, 0.6048298585922639], [1.6614461982106912, 1.6473689703524943, 0.0, 0.2887498255116406, 0.6709672698712168, 0.13614540278949533, 0.18713553614142242, 0.673285676060912, 0.40103448102181893, 0.32387565037945154, 0.007448685839370306, 0.5615168022521391, 0.6158536266980646, 0.6295023318926302, 0.787611196787644, 0.7070784866119578, 0.6102768007758205], [1.5829922862259354, 1.6677646299829252, 0.0, 0.25648350918506163, 0.6756858349009717, 0.13618321962930435, 0.23464111726371967, 0.6746306806502098, 0.39627169570700516, 0.32536670778178967, 0.007616154688146137, 0.5630672759135384, 0.6272200514393136, 0.6369613402259537, 0.7923399869870231, 0.6831486426912716, 0.6158640817121589], [3.6374047754897925, 1.9162455851919702, 0.0, 0.33394768297361205, 0.7091113505555201, 0.13296549675104005, 0.23665689458889716, 0.6780358811795322, 0.39091208488048634, 0.3435452055148702, 0.007336964783822175, 0.5408306830988412, 0.6078232352262302, 0.5856241422262124, 0.788042952980207, 0.7009408871173872, 0.6027415203388895], [0.7708128363039575, 1.6407945807112136, 0.0, 0.22749229125738743, 0.6895218849326139, 0.1271624580867718, 0.37264329227510373, 0.6851060428492782, 0.35913342100701495, 0.3104900815596754, 0.00711334193318236, 0.5812725082264258, 0.6415869609392446, 0.6450647439677777, 0.7833237991176459, 0.7009063911481664, 0.5987856424978252], [1.1352042123783548, 1.941089521580901, 0.0, 0.18287997798637712, 0.7233978629601604, 0.12873733815508545, 0.4039053639006994, 0.6842751960971396, 0.34249450917985413, 0.3441019613619998, 0.00711334193318236, 0.5616862967542531, 0.6264005721074539, 0.5945067639126871, 0.7865242400141096, 0.666718246213249, 0.5912271635938057], [0.6455824569236608, 1.6124301663570726, 0.0, 0.23547515989451104, 0.7056513356579951, 0.11496610047149905, 0.6600431383006253, 0.6924423099823901, 0.2996569653411194, 0.28746473554168217, 0.006328755639155359, 0.5834127148094213, 0.6445689298764743, 0.6443068395170238, 0.7682851298160587, 0.6815411914397068, 0.5689217131977253], [0.03619653585040705, 1.9452745512742207, 0.0, 0.2636819841578567, 0.7518565939070313, 0.11323300976620544, 0.896300248619346, 0.6929416125538169, 0.2863380276739471, 0.3298043344051984, 0.006328755639155359, 0.5916432746031126, 0.6426072659777485, 0.6259981787305269, 0.7611365874340051, 0.6732182027792494, 0.5365226157561354]]}