{"labels_1": ["1", "2", "3", "4", "5", "6", "7", "8", "9"], "labels_2": ["1", "2", "3", "4", "5", "6", "7", "8", "9"], "adj_matrix_1": [[0.0, 0.18292, 0.01676, 0.09202, 0.14837, 0.13126, 0.17899, 0.05061, 0.22501], [0.18292, 0.0, 0.19509, 0.23951, 0.25932, 0.25486, 0.26199, 0.14173, 0.05818], [0.01676, 0.19509, 0.0, 0.07628, 0.13487, 0.11687, 0.16767, 0.06694, 0.23485], [0.09202, 0.23951, 0.07628, 0.0, 0.06525, 0.0444, 0.10594, 0.13718, 0.26664], [0.14837, 0.25932, 0.13487, 0.06525, 0.0, 0.0215, 0.04416, 0.18573, 0.27499], [0.13126, 0.25486, 0.11687, 0.0444, 0.0215, 0.0, 0.06491, 0.17139, 0.27413], [0.17899, 0.26199, 0.16767, 0.10594, 0.04416, 0.06491, 0.0, 0.20963, 0.27022], [0.05061, 0.14173, 0.06694, 0.13718, 0.18573, 0.17139, 0.20963, 0.0, 0.19042], [0.22501, 0.05818, 0.23485, 0.26664, 0.27499, 0.27413, 0.27022, 0.19042, 0.0]], "adj_matrix_2": [[0.0, 0.30005, 0.12972, 0.08323, 0.003, 0.27692, 0.16769, 0.28898, 0.01697], [0.30005, 0.0, 0.25766, 0.31194, 0.29783, 0.1195, 0.2357, 0.06097, 0.30311], [0.12972, 0.25766, 0.0, 0.2039, 0.12662, 0.18975, 0.04259, 0.26937, 0.14533], [0.08323, 0.31194, 0.2039, 0.0, 0.08602, 0.31571, 0.23647, 0.28909, 0.06659], [0.003, 0.29783, 0.12662, 0.08602, 0.0, 0.27413, 0.16522, 0.28751, 0.01995], [0.27692, 0.1195, 0.18975, 0.31571, 0.27413, 0.0, 0.15455, 0.1682, 0.28564], [0.16769, 0.2357, 0.04259, 0.23647, 0.16522, 0.15455, 0.0, 0.25555, 0.18244], [0.28898, 0.06097, 0.26937, 0.28909, 0.28751, 0.1682, 0.25555, 0.0, 0.28953], [0.01697, 0.30311, 0.14533, 0.06659, 0.01995, 0.28564, 0.18244, 0.28953, 0.0]], "features_1": [[0.4790373330798805, 1.1986301003744704, 0.0, 0.32898390323010995, 0.6119663860297505, 0.12817630236265376, 0.32877756909737527, 0.6840783393393213, 0.3875277032952704, 0.2554065333085582, 0.007336964783822175, 0.5894513884165336, 0.6511619947783781, 0.6701137617700198, 0.7851947196809057, 0.7121692637368878, 0.609243790971337], [0.07065238406952679, 1.2327243933845866, 0.0, 0.24340192749594786, 0.6090674229206668, 0.13314095909679102, 0.2449224771545019, 0.6782236936861608, 0.4237219259929812, 0.27291947826746554, 0.00783923647221818, 0.6173355166825418, 0.6476786420784965, 0.6631028618950535, 0.7868336466513438, 0.7066990016149918, 0.6074416441562168], [0.7230001254952287, 1.292478328184832, 0.0, 0.3195214866391157, 0.6359677797393879, 0.12367844294380312, 0.32941339485162613, 0.6869445766737547, 0.3717895106192526, 0.2624316178609736, 0.00716927026363523, 0.5849531737887936, 0.6452988681072891, 0.6555336499560961, 0.773303699863903, 0.6939584647147016, 0.5865369109390837], [1.0596411174674651, 1.2973197446764608, 0.0, 0.3196802115173058, 0.6345998099511317, 0.1249012423511412, 0.347262325203198, 0.6863532929269955, 0.378766925173305, 0.2624113216619466, 0.007448685839370306, 0.573122910791972, 0.63546758759536, 0.6296288533476876, 0.7764404630475675, 0.7185569026427385, 0.5931245418626837], [0.5785921497077462, 1.507690848929343, 0.0, 0.27409586191112423, 0.6677375580598442, 0.12386063624027237, 0.35170011300712717, 0.6876595358141038, 0.3593602575875132, 0.29366061862604287, 0.007057398507269275, 0.5979791323696997, 0.6410108436189713, 0.6543891702605416, 0.777943345487674, 0.7028357039515034, 0.5655722799022357], [1.0419331100064113, 1.3282453218413672, 0.0, 0.2916383413106386, 0.6498209052905358, 0.11967189280440499, 0.35960118957660187, 0.6895388367811002, 0.3570279069543747, 0.26102131899750236, 0.00711334193318236, 0.5753240036318894, 0.6405536474623644, 0.656971704179595, 0.7664874061414509, 0.6816484646088327, 0.5645991277744913], [0.8032382774937625, 1.6938380061856508, 0.0, 0.3324775423643264, 0.7050597359650635, 0.1179707778783047, 0.5162075806553517, 0.691189668926713, 0.31618060869339204, 0.30571202183969604, 0.00655322669591385, 0.5675218393161368, 0.632892374189354, 0.6581102686008299, 0.772641753737739, 0.6850079524027507, 0.5398814766165887], [0.281915799598333, 1.3881245501608332, 0.0, 0.2555119342187261, 0.673615207705056, 0.10854990197335318, 0.4263222144218034, 0.6930464986304188, 0.2617635245455068, 0.24602820262145753, 0.005822803276368971, 0.5703428713569325, 0.6387177752050123, 0.6308857754006336, 0.7400974616854944, 0.6702618877146828, 0.5129297089484692], [0.15016913670035237, 1.408230028393376, 0.0, 0.23744700086427062, 0.6773417391019608, 0.10789792908013922, 0.44123409325009105, 0.693108598861768, 0.2525156030837783, 0.24859639944947554, 0.005766509824583821, 0.5846992576807775, 0.6318250359511135, 0.6450926209153145, 0.7417912944386299, 0.6727969893443891, 0.5118035648814986]], "features_2": [[-0.02291926033802527, 1.1339470545205126, 0.0, 0.2591818673168426, 0.5806860716784608, 0.1410939022757327, 0.26678513440172724, 0.6672909877556963, 0.45367805877470646, 0.26100087592123744, 0.007783488497544067, 0.6215141460594311, 0.6279774155589043, 0.6574623930810848, 0.7861713727412896, 0.6992729519010297, 0.5995051461117533], [0.53842764283434, 1.2088678848351546, 0.0, 0.2655491545473273, 0.5821161513285937, 0.14173613250160552, 0.1610018775753602, 0.6625656812413587, 0.4725478428879142, 0.2749194877619574, 0.008117752083540042, 0.6067019366351114, 0.6209187870625493, 0.6517302645776938, 0.7818065915440957, 0.7021675626178812, 0.582256064327666], [0.314662860616469, 1.1998919478486538, 0.0, 0.25281711699027964, 0.5896451799562692, 0.14237647724821045, 0.224545767494552, 0.6636148160043016, 0.4650450073300534, 0.27248579200400047, 0.008117752083540042, 0.6139076527513554, 0.6360344967597958, 0.6644732494565867, 0.7832588605588171, 0.7034268516231068, 0.6086771775500037], [-0.013501871098752005, 1.11756832991217, 0.0, 0.25982167388358557, 0.5832833271515179, 0.1389174079612173, 0.3166962461778148, 0.6715564441960739, 0.4401069764699963, 0.25355447459051694, 0.007560346756364078, 0.6224358447681066, 0.6443687341093391, 0.6780889024014051, 0.7868289218912101, 0.7101679079798371, 0.6092960817324861], [0.11107999126043921, 1.636340860881266, 0.0, 0.2337370021089027, 0.6820626374437573, 0.12415589569789566, 0.34588277536553136, 0.6870560779326872, 0.3499216598606876, 0.3138630357564247, 0.0069454663283523566, 0.6111553096176556, 0.6251947217080778, 0.6561239029235681, 0.7749008366910974, 0.6754961545429122, 0.4861594111008258], [0.5261395969324174, 1.1847201704182704, 0.0, 0.26824599294578494, 0.5965131231856411, 0.13744791286090585, 0.2953814294164395, 0.6728360153960231, 0.4271737203863797, 0.26118812469131436, 0.007336964783822175, 0.5926673577966066, 0.6366256064665229, 0.6701375371855651, 0.783926595018319, 0.6996347184340104, 0.6079115572126235], [-0.4243490444953628, 1.6242247373499696, 0.0, 0.24766399601493339, 0.7035508296810333, 0.11685597019892309, 0.9469093965716496, 0.6925068796489382, 0.29939244806777965, 0.30056802243668557, 0.005879081395912644, 0.6047118039960742, 0.6465364994958742, 0.6579342427584783, 0.7677193680257167, 0.6710492951769884, 0.45149960568886566], [0.5988713325862389, 1.3590212961884296, 0.0, 0.30851805655266323, 0.6670434909454795, 0.10870514073269331, 0.38518739333519675, 0.6929931716642969, 0.27155585682995853, 0.24602456292735986, 0.005484812216699497, 0.5697226372766839, 0.6325053945776156, 0.6400392028022804, 0.737223262178523, 0.6714284830958501, 0.5022980179896186], [-0.4192134237889307, 1.2102965469020008, 0.0, 0.25926180724324993, 0.637412188109654, 0.11432664859244454, 0.6150955181814787, 0.6923120343132467, 0.29039363873668034, 0.2358067939188062, 0.006160242374180447, 0.6066998713654681, 0.6344500131760482, 0.643425990977887, 0.7515112527822153, 0.657377648696792, 0.5214838500282962]]}