{"labels_1": ["1", "2", "3", "4", "5", "6", "7", "8", "9"], "labels_2": ["1", "2", "3", "4", "5", "6", "7", "8", "9"], "adj_matrix_1": [[0.0, 0.18292, 0.01676, 0.09202, 0.14837, 0.13126, 0.17899, 0.05061, 0.22501], [0.18292, 0.0, 0.19509, 0.23951, 0.25932, 0.25486, 0.26199, 0.14173, 0.05818], [0.01676, 0.19509, 0.0, 0.07628, 0.13487, 0.11687, 0.16767, 0.06694, 0.23485], [0.09202, 0.23951, 0.07628, 0.0, 0.06525, 0.0444, 0.10594, 0.13718, 0.26664], [0.14837, 0.25932, 0.13487, 0.06525, 0.0, 0.0215, 0.04416, 0.18573, 0.27499], [0.13126, 0.25486, 0.11687, 0.0444, 0.0215, 0.0, 0.06491, 0.17139, 0.27413], [0.17899, 0.26199, 0.16767, 0.10594, 0.04416, 0.06491, 0.0, 0.20963, 0.27022], [0.05061, 0.14173, 0.06694, 0.13718, 0.18573, 0.17139, 0.20963, 0.0, 0.19042], [0.22501, 0.05818, 0.23485, 0.26664, 0.27499, 0.27413, 0.27022, 0.19042, 0.0]], "adj_matrix_2": [[0.0, 0.07274, 0.05925, 0.04283, 0.01644, 0.0363, 0.26085, 0.25803, 0.28237], [0.07274, 0.0, 0.1291, 0.11372, 0.05663, 0.10755, 0.30396, 0.30206, 0.32104], [0.05925, 0.1291, 0.0, 0.01662, 0.07536, 0.02319, 0.21639, 0.21285, 0.24092], [0.04283, 0.11372, 0.01662, 0.0, 0.05908, 0.00658, 0.22958, 0.2262, 0.25334], [0.01644, 0.05663, 0.07536, 0.05908, 0.0, 0.0526, 0.27205, 0.26926, 0.29267], [0.0363, 0.10755, 0.02319, 0.00658, 0.0526, 0.0, 0.23464, 0.23133, 0.25808], [0.26085, 0.30396, 0.21639, 0.22958, 0.27205, 0.23464, 0.0, 0.00448, 0.02992], [0.25803, 0.30206, 0.21285, 0.2262, 0.26926, 0.23133, 0.00448, 0.0, 0.03437], [0.28237, 0.32104, 0.24092, 0.25334, 0.29267, 0.25808, 0.02992, 0.03437, 0.0]], "features_1": [[0.4790373330798805, 1.1986301003744704, 0.0, 0.32898390323010995, 0.6119663860297505, 0.12817630236265376, 0.32877756909737527, 0.6840783393393213, 0.3875277032952704, 0.2554065333085582, 0.007336964783822175, 0.5894513884165336, 0.6511619947783781, 0.6701137617700198, 0.7851947196809057, 0.7121692637368878, 0.609243790971337], [0.07065238406952679, 1.2327243933845866, 0.0, 0.24340192749594786, 0.6090674229206668, 0.13314095909679102, 0.2449224771545019, 0.6782236936861608, 0.4237219259929812, 0.27291947826746554, 0.00783923647221818, 0.6173355166825418, 0.6476786420784965, 0.6631028618950535, 0.7868336466513438, 0.7066990016149918, 0.6074416441562168], [0.7230001254952287, 1.292478328184832, 0.0, 0.3195214866391157, 0.6359677797393879, 0.12367844294380312, 0.32941339485162613, 0.6869445766737547, 0.3717895106192526, 0.2624316178609736, 0.00716927026363523, 0.5849531737887936, 0.6452988681072891, 0.6555336499560961, 0.773303699863903, 0.6939584647147016, 0.5865369109390837], [1.0596411174674651, 1.2973197446764608, 0.0, 0.3196802115173058, 0.6345998099511317, 0.1249012423511412, 0.347262325203198, 0.6863532929269955, 0.378766925173305, 0.2624113216619466, 0.007448685839370306, 0.573122910791972, 0.63546758759536, 0.6296288533476876, 0.7764404630475675, 0.7185569026427385, 0.5931245418626837], [0.5785921497077462, 1.507690848929343, 0.0, 0.27409586191112423, 0.6677375580598442, 0.12386063624027237, 0.35170011300712717, 0.6876595358141038, 0.3593602575875132, 0.29366061862604287, 0.007057398507269275, 0.5979791323696997, 0.6410108436189713, 0.6543891702605416, 0.777943345487674, 0.7028357039515034, 0.5655722799022357], [1.0419331100064113, 1.3282453218413672, 0.0, 0.2916383413106386, 0.6498209052905358, 0.11967189280440499, 0.35960118957660187, 0.6895388367811002, 0.3570279069543747, 0.26102131899750236, 0.00711334193318236, 0.5753240036318894, 0.6405536474623644, 0.656971704179595, 0.7664874061414509, 0.6816484646088327, 0.5645991277744913], [0.8032382774937625, 1.6938380061856508, 0.0, 0.3324775423643264, 0.7050597359650635, 0.1179707778783047, 0.5162075806553517, 0.691189668926713, 0.31618060869339204, 0.30571202183969604, 0.00655322669591385, 0.5675218393161368, 0.632892374189354, 0.6581102686008299, 0.772641753737739, 0.6850079524027507, 0.5398814766165887], [0.281915799598333, 1.3881245501608332, 0.0, 0.2555119342187261, 0.673615207705056, 0.10854990197335318, 0.4263222144218034, 0.6930464986304188, 0.2617635245455068, 0.24602820262145753, 0.005822803276368971, 0.5703428713569325, 0.6387177752050123, 0.6308857754006336, 0.7400974616854944, 0.6702618877146828, 0.5129297089484692], [0.15016913670035237, 1.408230028393376, 0.0, 0.23744700086427062, 0.6773417391019608, 0.10789792908013922, 0.44123409325009105, 0.693108598861768, 0.2525156030837783, 0.24859639944947554, 0.005766509824583821, 0.5846992576807775, 0.6318250359511135, 0.6450926209153145, 0.7417912944386299, 0.6727969893443891, 0.5118035648814986]], "features_2": [[0.33902376142875745, 1.2346976533641825, 0.0, 0.22381884355068635, 0.6211325466559631, 0.12606015751663302, 0.3566400692896906, 0.6847756533667027, 0.3648843134918205, 0.2574606648657376, 0.007225183508792421, 0.5995185203732158, 0.6166473908870685, 0.6215130526563968, 0.7686205262796058, 0.6843461372678519, 0.5768872851174435], [0.08162139308144223, 1.1728162578074175, 0.0, 0.20220668058052324, 0.6086357842043942, 0.1279613131813952, 0.4553328149687452, 0.6843548769756966, 0.37309734401472294, 0.2504070687031099, 0.007504523810135222, 0.6067609267830845, 0.6194630720508635, 0.6459721167211122, 0.772972198469848, 0.6913400976994087, 0.5740473166242104], [0.5287006560272909, 1.3846305848671039, 0.0, 0.2220958266780926, 0.6485627157497312, 0.12543991398738336, 0.34335680869676466, 0.6852974514137391, 0.37113496021410275, 0.27996192995853164, 0.00716927026363523, 0.6014601759267533, 0.618173320576576, 0.626353532296231, 0.766133376551754, 0.6883464436066917, 0.576059129154161], [0.47180713849678835, 1.3635075291656167, 0.0, 0.22280964987242088, 0.6493589243835765, 0.12272313407301493, 0.38895422004824665, 0.6875150857856187, 0.3505794763119974, 0.2703648497020221, 0.007001439975721224, 0.595097933972911, 0.615493051730739, 0.6186270633408811, 0.7631401961479379, 0.6816892649886974, 0.5621689565972987], [0.19174931499545167, 1.3541337190884462, 0.0, 0.19680090020135554, 0.6488599056016485, 0.12170631023426645, 0.5704149012218614, 0.6892694689452719, 0.33209153370247346, 0.2672968395108555, 0.0069454663283523566, 0.6035088808464248, 0.6475522712658897, 0.657954560600145, 0.7668909618688998, 0.6777661319711047, 0.5525945342778528], [0.38001243094948656, 1.3538262340659801, 0.0, 0.21547418454575717, 0.6486766238346686, 0.12178772077358985, 0.38677328490517837, 0.6882191911902923, 0.3459652648225493, 0.2677328083242181, 0.007225183508792421, 0.6024269994237381, 0.624814194937649, 0.6342491171933332, 0.7639168812327476, 0.6875228093507971, 0.5716702178127109], [0.08735495361244716, 1.6082304795848248, 0.0, 0.19161885698268524, 0.7021981628945875, 0.11328445279095517, 0.5368980325465976, 0.6924311322404466, 0.3011243449174408, 0.29146903514712497, 0.0066653709969386465, 0.6046306711005291, 0.6334883714357665, 0.6389185257595748, 0.75437829823986, 0.6615382333417648, 0.519497164472542], [-0.2436355705268234, 1.341099854299697, 0.0, 0.20844877635071538, 0.6609486756783581, 0.11122758475276995, 0.5682069703892857, 0.6925860942512242, 0.2834993245238031, 0.25230891659655574, 0.006609306440138685, 0.607854217072777, 0.6298789595718703, 0.6347229437661668, 0.734864519293519, 0.6813903586075305, 0.5434854070616952], [-0.2895132919609438, 1.6148000599558863, 0.0, 0.2068656255927966, 0.708022060368448, 0.10726082106390498, 0.4455865483333916, 0.6930905464466353, 0.2603786434634958, 0.2826301661289947, 0.005991591679928909, 0.603655427853641, 0.6470758061987445, 0.6613126097087807, 0.7280869765615668, 0.65170356132218, 0.5148397698472594]]}