{"labels_1": ["1", "2", "3", "4", "5", "6", "7", "8", "9"], "labels_2": ["1", "2", "3", "4", "5", "6", "7", "8", "9"], "adj_matrix_1": [[0.0, 0.18292, 0.01676, 0.09202, 0.14837, 0.13126, 0.17899, 0.05061, 0.22501], [0.18292, 0.0, 0.19509, 0.23951, 0.25932, 0.25486, 0.26199, 0.14173, 0.05818], [0.01676, 0.19509, 0.0, 0.07628, 0.13487, 0.11687, 0.16767, 0.06694, 0.23485], [0.09202, 0.23951, 0.07628, 0.0, 0.06525, 0.0444, 0.10594, 0.13718, 0.26664], [0.14837, 0.25932, 0.13487, 0.06525, 0.0, 0.0215, 0.04416, 0.18573, 0.27499], [0.13126, 0.25486, 0.11687, 0.0444, 0.0215, 0.0, 0.06491, 0.17139, 0.27413], [0.17899, 0.26199, 0.16767, 0.10594, 0.04416, 0.06491, 0.0, 0.20963, 0.27022], [0.05061, 0.14173, 0.06694, 0.13718, 0.18573, 0.17139, 0.20963, 0.0, 0.19042], [0.22501, 0.05818, 0.23485, 0.26664, 0.27499, 0.27413, 0.27022, 0.19042, 0.0]], "adj_matrix_2": [[0.0, 0.01954, 0.03192, 0.15574, 0.23, 0.02967, 0.3019, 0.00036, 0.03455], [0.01954, 0.0, 0.05137, 0.13771, 0.21455, 0.01016, 0.29155, 0.01916, 0.01513], [0.03192, 0.05137, 0.0, 0.18438, 0.2545, 0.06142, 0.31803, 0.03225, 0.06621], [0.15574, 0.13771, 0.18438, 0.0, 0.08845, 0.12812, 0.1966, 0.15503, 0.12287], [0.23, 0.21455, 0.2545, 0.08845, 0.0, 0.20638, 0.12017, 0.2299, 0.20192], [0.02967, 0.01016, 0.06142, 0.12812, 0.20638, 0.0, 0.28598, 0.02932, 0.00501], [0.3019, 0.29155, 0.31803, 0.1966, 0.12017, 0.28598, 0.0, 0.30192, 0.28255], [0.00036, 0.01916, 0.03225, 0.15503, 0.2299, 0.02932, 0.30192, 0.0, 0.03432], [0.03455, 0.01513, 0.06621, 0.12287, 0.20192, 0.00501, 0.28255, 0.03432, 0.0]], "features_1": [[0.4790373330798805, 1.1986301003744704, 0.0, 0.32898390323010995, 0.6119663860297505, 0.12817630236265376, 0.32877756909737527, 0.6840783393393213, 0.3875277032952704, 0.2554065333085582, 0.007336964783822175, 0.5894513884165336, 0.6511619947783781, 0.6701137617700198, 0.7851947196809057, 0.7121692637368878, 0.609243790971337], [0.07065238406952679, 1.2327243933845866, 0.0, 0.24340192749594786, 0.6090674229206668, 0.13314095909679102, 0.2449224771545019, 0.6782236936861608, 0.4237219259929812, 0.27291947826746554, 0.00783923647221818, 0.6173355166825418, 0.6476786420784965, 0.6631028618950535, 0.7868336466513438, 0.7066990016149918, 0.6074416441562168], [0.7230001254952287, 1.292478328184832, 0.0, 0.3195214866391157, 0.6359677797393879, 0.12367844294380312, 0.32941339485162613, 0.6869445766737547, 0.3717895106192526, 0.2624316178609736, 0.00716927026363523, 0.5849531737887936, 0.6452988681072891, 0.6555336499560961, 0.773303699863903, 0.6939584647147016, 0.5865369109390837], [1.0596411174674651, 1.2973197446764608, 0.0, 0.3196802115173058, 0.6345998099511317, 0.1249012423511412, 0.347262325203198, 0.6863532929269955, 0.378766925173305, 0.2624113216619466, 0.007448685839370306, 0.573122910791972, 0.63546758759536, 0.6296288533476876, 0.7764404630475675, 0.7185569026427385, 0.5931245418626837], [0.5785921497077462, 1.507690848929343, 0.0, 0.27409586191112423, 0.6677375580598442, 0.12386063624027237, 0.35170011300712717, 0.6876595358141038, 0.3593602575875132, 0.29366061862604287, 0.007057398507269275, 0.5979791323696997, 0.6410108436189713, 0.6543891702605416, 0.777943345487674, 0.7028357039515034, 0.5655722799022357], [1.0419331100064113, 1.3282453218413672, 0.0, 0.2916383413106386, 0.6498209052905358, 0.11967189280440499, 0.35960118957660187, 0.6895388367811002, 0.3570279069543747, 0.26102131899750236, 0.00711334193318236, 0.5753240036318894, 0.6405536474623644, 0.656971704179595, 0.7664874061414509, 0.6816484646088327, 0.5645991277744913], [0.8032382774937625, 1.6938380061856508, 0.0, 0.3324775423643264, 0.7050597359650635, 0.1179707778783047, 0.5162075806553517, 0.691189668926713, 0.31618060869339204, 0.30571202183969604, 0.00655322669591385, 0.5675218393161368, 0.632892374189354, 0.6581102686008299, 0.772641753737739, 0.6850079524027507, 0.5398814766165887], [0.281915799598333, 1.3881245501608332, 0.0, 0.2555119342187261, 0.673615207705056, 0.10854990197335318, 0.4263222144218034, 0.6930464986304188, 0.2617635245455068, 0.24602820262145753, 0.005822803276368971, 0.5703428713569325, 0.6387177752050123, 0.6308857754006336, 0.7400974616854944, 0.6702618877146828, 0.5129297089484692], [0.15016913670035237, 1.408230028393376, 0.0, 0.23744700086427062, 0.6773417391019608, 0.10789792908013922, 0.44123409325009105, 0.693108598861768, 0.2525156030837783, 0.24859639944947554, 0.005766509824583821, 0.5846992576807775, 0.6318250359511135, 0.6450926209153145, 0.7417912944386299, 0.6727969893443891, 0.5118035648814986]], "features_2": [[-0.37625138398146873, 0.946128615535562, 0.0, 0.2364426421717438, 0.5701970137063975, 0.1237562311792461, 0.449676338185688, 0.6885767597622598, 0.37761865661036054, 0.20778179650057949, 0.00683347364535547, 0.6211929147457074, 0.6646603926936283, 0.6796880271859406, 0.7864760462038892, 0.6745962353980317, 0.5955268425609105], [0.057756387835381506, 1.0552306294948899, 0.0, 0.24271987145144663, 0.5998540755048755, 0.1175854215347505, 0.5090176285728681, 0.6916144041087384, 0.3366498930198558, 0.21264990128413808, 0.006609306440138685, 0.6051808255605764, 0.6471959293211437, 0.663861170870376, 0.7752984812533871, 0.674189862362007, 0.5850575405422802], [-0.4013886699470146, 1.0663720845316529, 0.0, 0.2564190798287781, 0.6080140184276462, 0.11671696493034941, 0.5248294960841186, 0.6919136873246792, 0.33718498078810244, 0.2196281470249548, 0.006272599803500922, 0.6159945752319238, 0.6641301161759975, 0.6770167901848372, 0.7739500580109187, 0.6818862075963578, 0.5808424570114228], [-0.22087788443164458, 1.0160373503688342, 0.0, 0.32226441131093453, 0.6014891055980466, 0.11360497835198527, 0.5982593801945676, 0.692759447134436, 0.3241059649097555, 0.20594713507521067, 0.00683347364535547, 0.5946459469835601, 0.6693179641817956, 0.6774826430143395, 0.7718754180655761, 0.6741413395299072, 0.570496281626656], [-0.07959390144338929, 1.4664227021965788, 0.0, 0.2335777370519712, 0.6821644812972836, 0.10926807552311825, 0.5649035305484112, 0.6931093582418774, 0.2605427228679953, 0.2603667379067014, 0.005822803276368971, 0.5913533607462551, 0.6467952978637788, 0.6501556996204505, 0.7492883794827054, 0.657538840748314, 0.5050500882590692], [-0.31642102679172357, 1.2595821140532821, 0.0, 0.28508804456136716, 0.6585034821392928, 0.10794352385822824, 0.618274515431662, 0.693137378462195, 0.2949041817723268, 0.2373547380776313, 0.006272599803500922, 0.6059825956031879, 0.6599369239292034, 0.6748959036132146, 0.754146930267086, 0.6712611914491722, 0.5416473108918669], [0.29492781589538897, 1.5358898149696927, 0.0, 0.26466490735754555, 0.7024732306431611, 0.10456797578840141, 0.5567470990849209, 0.6929800382865692, 0.255328124016204, 0.2632044598225911, 0.006104040759826512, 0.5738443626924958, 0.6224459581783686, 0.6322239201068374, 0.7398194697107672, 0.675761767771657, 0.4739615361923022], [-0.13116800664254402, 1.478670023317006, 0.0, 0.2643175865255502, 0.7069735027745166, 0.09846893071606946, 0.5402796388486373, 0.6915698945419416, 0.23190075817006073, 0.24933420486094282, 0.005710201030130202, 0.5961583346424222, 0.6437423705237268, 0.6426639307691393, 0.7192467421661746, 0.6401729446452638, 0.5055770559834495], [0.03464868022441481, 1.7251432326970677, 0.0, 0.26496782965423454, 0.741512078415881, 0.09777256401822207, 0.5432214164145336, 0.6914031352848629, 0.22080969507390025, 0.2761437060120402, 0.005428426552106513, 0.5849362005802676, 0.6214767412318428, 0.622211429114639, 0.7154558697855903, 0.6334629764082803, 0.4913460431321534]]}