{"labels_1": ["1", "2", "3", "4", "5", "6", "7", "8", "9"], "labels_2": ["1", "2", "3", "4", "5", "6", "7", "8", "9"], "adj_matrix_1": [[0.0, 0.00164, 0.03547, 0.04822, 0.00726, 0.22268, 0.07187, 0.20418, 0.2199], [0.00164, 0.0, 0.0371, 0.04984, 0.00563, 0.22156, 0.07033, 0.20576, 0.21889], [0.03547, 0.0371, 0.0, 0.01284, 0.04264, 0.24567, 0.10604, 0.17431, 0.24333], [0.04822, 0.04984, 0.01284, 0.0, 0.05533, 0.25339, 0.11811, 0.16298, 0.25119], [0.00726, 0.00563, 0.04264, 0.05533, 0.0, 0.21719, 0.06487, 0.21083, 0.21488], [0.22268, 0.22156, 0.24567, 0.25339, 0.21719, 0.0, 0.16814, 0.32606, 0.00414], [0.07187, 0.07033, 0.10604, 0.11811, 0.06487, 0.16814, 0.0, 0.25874, 0.16508], [0.20418, 0.20576, 0.17431, 0.16298, 0.21083, 0.32606, 0.25874, 0.0, 0.32658], [0.2199, 0.21889, 0.24333, 0.25119, 0.21488, 0.00414, 0.16508, 0.32658, 0.0]], "adj_matrix_2": [[0.0, 0.07274, 0.05925, 0.04283, 0.01644, 0.0363, 0.26085, 0.25803, 0.28237], [0.07274, 0.0, 0.1291, 0.11372, 0.05663, 0.10755, 0.30396, 0.30206, 0.32104], [0.05925, 0.1291, 0.0, 0.01662, 0.07536, 0.02319, 0.21639, 0.21285, 0.24092], [0.04283, 0.11372, 0.01662, 0.0, 0.05908, 0.00658, 0.22958, 0.2262, 0.25334], [0.01644, 0.05663, 0.07536, 0.05908, 0.0, 0.0526, 0.27205, 0.26926, 0.29267], [0.0363, 0.10755, 0.02319, 0.00658, 0.0526, 0.0, 0.23464, 0.23133, 0.25808], [0.26085, 0.30396, 0.21639, 0.22958, 0.27205, 0.23464, 0.0, 0.00448, 0.02992], [0.25803, 0.30206, 0.21285, 0.2262, 0.26926, 0.23133, 0.00448, 0.0, 0.03437], [0.28237, 0.32104, 0.24092, 0.25334, 0.29267, 0.25808, 0.02992, 0.03437, 0.0]], "features_1": [[0.356633032492776, 1.0178593658275292, 0.0, 0.25084802242644655, 0.5780866417249985, 0.13221557400525402, 0.38581296033560475, 0.6820276169902335, 0.4076887354985095, 0.2260532256517338, 0.007560346756364078, 0.6102393155989334, 0.6720136757849624, 0.6844911852545827, 0.7956157935375866, 0.708027894589253, 0.6256872930161456], [0.1661665932721026, 1.137246097069384, 0.0, 0.24391215889937348, 0.6070153936566514, 0.12893615003288927, 0.5401573535134375, 0.6861105590765588, 0.3803887088674296, 0.24349918376898017, 0.00677745458930179, 0.6067741064999512, 0.6644426867635184, 0.6928964283018612, 0.7915810944336015, 0.7156882531452498, 0.5920885287758373], [0.30076092159323853, 1.0753303571823314, 0.0, 0.25767963035847397, 0.5941685673391013, 0.13099272220985608, 0.4581823799283917, 0.6834496189597927, 0.3927978610062348, 0.23204974695884362, 0.007448685839370306, 0.603724851669273, 0.6515869459895276, 0.6630880301001935, 0.7906866569549648, 0.7079278078162458, 0.6127191566263301], [0.1361965262949245, 1.0734563742154837, 0.0, 0.22421506065589583, 0.5914534545588879, 0.1295267011244777, 0.341664618627464, 0.6827937953656695, 0.3915864797832689, 0.23406457119217605, 0.007336964783822175, 0.6120035003767956, 0.6457588258026252, 0.6708533619460285, 0.7875659796996434, 0.7211598807478322, 0.622544299547731], [-0.06222335283141733, 1.5190037141533197, 0.0, 0.2200915018187708, 0.6875411712369897, 0.11592789572712271, 0.744917406491691, 0.6924248641329438, 0.30226343274474554, 0.2809144472588938, 0.006104040759826512, 0.6015100591946152, 0.6452980772429607, 0.6558958228580568, 0.7689302090357356, 0.6820615866719223, 0.517179777273419], [0.6904983746428837, 1.2131714749351432, 0.0, 0.29627107377820083, 0.6357336403164278, 0.12046979603494387, 0.4981602488493529, 0.6902523319615552, 0.34946232258493026, 0.24138116914697805, 0.00711334193318236, 0.5794952810864633, 0.635629329645356, 0.6525935027466325, 0.7769287624383485, 0.72822528650273, 0.586377891570607], [0.2632538540362166, 1.4847300080335881, 0.0, 0.21844561380639527, 0.6656101649619894, 0.1226475377851312, 0.5094062174653992, 0.6879304855349944, 0.36593208563374446, 0.28981006549026667, 0.006721420376576193, 0.5918427109626938, 0.646230149657596, 0.6662124256931072, 0.7776308984894932, 0.6779463075344576, 0.5719961980939131], [-0.0205144277788456, 1.6030118361098165, 0.0, 0.2420062196618756, 0.726080566159389, 0.0982003136520098, 0.599150557490816, 0.6916063939983452, 0.23553806014711554, 0.25838149131880783, 0.005935344193631176, 0.585076069210541, 0.6400147266966995, 0.6370010743348161, 0.7219068841456185, 0.646382719394687, 0.4956351043816341], [0.24772206680480302, 1.461803368935464, 0.0, 0.2549518787768987, 0.688272395728391, 0.10813698397153845, 0.6284813598526398, 0.693009435023412, 0.30776650035314046, 0.26356668677300243, 0.006497131753992358, 0.5802772859139402, 0.6327754835460235, 0.6546468147210297, 0.7508891463615686, 0.6805772767949901, 0.5569896392693866]], "features_2": [[0.33902376142875745, 1.2346976533641825, 0.0, 0.22381884355068635, 0.6211325466559631, 0.12606015751663302, 0.3566400692896906, 0.6847756533667027, 0.3648843134918205, 0.2574606648657376, 0.007225183508792421, 0.5995185203732158, 0.6166473908870685, 0.6215130526563968, 0.7686205262796058, 0.6843461372678519, 0.5768872851174435], [0.08162139308144223, 1.1728162578074175, 0.0, 0.20220668058052324, 0.6086357842043942, 0.1279613131813952, 0.4553328149687452, 0.6843548769756966, 0.37309734401472294, 0.2504070687031099, 0.007504523810135222, 0.6067609267830845, 0.6194630720508635, 0.6459721167211122, 0.772972198469848, 0.6913400976994087, 0.5740473166242104], [0.5287006560272909, 1.3846305848671039, 0.0, 0.2220958266780926, 0.6485627157497312, 0.12543991398738336, 0.34335680869676466, 0.6852974514137391, 0.37113496021410275, 0.27996192995853164, 0.00716927026363523, 0.6014601759267533, 0.618173320576576, 0.626353532296231, 0.766133376551754, 0.6883464436066917, 0.576059129154161], [0.47180713849678835, 1.3635075291656167, 0.0, 0.22280964987242088, 0.6493589243835765, 0.12272313407301493, 0.38895422004824665, 0.6875150857856187, 0.3505794763119974, 0.2703648497020221, 0.007001439975721224, 0.595097933972911, 0.615493051730739, 0.6186270633408811, 0.7631401961479379, 0.6816892649886974, 0.5621689565972987], [0.19174931499545167, 1.3541337190884462, 0.0, 0.19680090020135554, 0.6488599056016485, 0.12170631023426645, 0.5704149012218614, 0.6892694689452719, 0.33209153370247346, 0.2672968395108555, 0.0069454663283523566, 0.6035088808464248, 0.6475522712658897, 0.657954560600145, 0.7668909618688998, 0.6777661319711047, 0.5525945342778528], [0.38001243094948656, 1.3538262340659801, 0.0, 0.21547418454575717, 0.6486766238346686, 0.12178772077358985, 0.38677328490517837, 0.6882191911902923, 0.3459652648225493, 0.2677328083242181, 0.007225183508792421, 0.6024269994237381, 0.624814194937649, 0.6342491171933332, 0.7639168812327476, 0.6875228093507971, 0.5716702178127109], [0.08735495361244716, 1.6082304795848248, 0.0, 0.19161885698268524, 0.7021981628945875, 0.11328445279095517, 0.5368980325465976, 0.6924311322404466, 0.3011243449174408, 0.29146903514712497, 0.0066653709969386465, 0.6046306711005291, 0.6334883714357665, 0.6389185257595748, 0.75437829823986, 0.6615382333417648, 0.519497164472542], [-0.2436355705268234, 1.341099854299697, 0.0, 0.20844877635071538, 0.6609486756783581, 0.11122758475276995, 0.5682069703892857, 0.6925860942512242, 0.2834993245238031, 0.25230891659655574, 0.006609306440138685, 0.607854217072777, 0.6298789595718703, 0.6347229437661668, 0.734864519293519, 0.6813903586075305, 0.5434854070616952], [-0.2895132919609438, 1.6148000599558863, 0.0, 0.2068656255927966, 0.708022060368448, 0.10726082106390498, 0.4455865483333916, 0.6930905464466353, 0.2603786434634958, 0.2826301661289947, 0.005991591679928909, 0.603655427853641, 0.6470758061987445, 0.6613126097087807, 0.7280869765615668, 0.65170356132218, 0.5148397698472594]]}