{"labels_1": ["1", "2", "3", "4", "5", "6", "7", "8", "9"], "labels_2": ["1", "2", "3", "4", "5", "6", "7", "8", "9"], "adj_matrix_1": [[0.0, 0.12142, 0.09387, 0.11086, 0.25271, 0.21503, 0.11806, 0.06233, 0.131], [0.12142, 0.0, 0.2052, 0.21963, 0.16107, 0.30282, 0.22523, 0.06109, 0.01033], [0.09387, 0.2052, 0.0, 0.01763, 0.30443, 0.12995, 0.02526, 0.15263, 0.21347], [0.11086, 0.21963, 0.01763, 0.0, 0.31242, 0.11309, 0.00765, 0.16854, 0.22757], [0.25271, 0.16107, 0.30443, 0.31242, 0.0, 0.35253, 0.31507, 0.20954, 0.1523], [0.21503, 0.30282, 0.12995, 0.11309, 0.35253, 0.0, 0.10566, 0.2636, 0.3086], [0.11806, 0.22523, 0.02526, 0.00765, 0.31507, 0.10566, 0.0, 0.17541, 0.23325], [0.06233, 0.06109, 0.15263, 0.16854, 0.20954, 0.2636, 0.17541, 0.0, 0.07127], [0.131, 0.01033, 0.21347, 0.22757, 0.1523, 0.3086, 0.23325, 0.07127, 0.0]], "adj_matrix_2": [[0.0, 0.03164, 0.0263, 0.06401, 0.18179, 0.0907, 0.08277, 0.00078, 0.22187], [0.03164, 0.0, 0.00537, 0.09465, 0.20722, 0.06006, 0.11284, 0.03238, 0.24462], [0.0263, 0.00537, 0.0, 0.08952, 0.20308, 0.06531, 0.10783, 0.02705, 0.24096], [0.06401, 0.09465, 0.08952, 0.0, 0.12494, 0.14981, 0.01938, 0.06319, 0.16924], [0.18179, 0.20722, 0.20308, 0.12494, 0.0, 0.24913, 0.10696, 0.18165, 0.04811], [0.0907, 0.06006, 0.06531, 0.14981, 0.24913, 0.0, 0.16633, 0.09134, 0.28056], [0.08277, 0.11284, 0.10783, 0.01938, 0.10696, 0.16633, 0.0, 0.08217, 0.15208], [0.00078, 0.03238, 0.02705, 0.06319, 0.18165, 0.09134, 0.08217, 0.0, 0.2215], [0.22187, 0.24462, 0.24096, 0.16924, 0.04811, 0.28056, 0.15208, 0.2215, 0.0]], "features_1": [[-0.09297212109120023, 1.3627708922646744, 0.0, 0.23537320420354746, 0.630713649035235, 0.13041183006545126, 0.1814892541949483, 0.6786832243777321, 0.39420542416505966, 0.28962910273055287, 0.007336964783822175, 0.6194290688913151, 0.6360863999169485, 0.6598399825421766, 0.7697219192918251, 0.6872609349065212, 0.6119602238456546], [0.15684988229750285, 1.2251027535156356, 0.0, 0.23659921304426285, 0.5984541117132784, 0.13825081576440582, 0.1457884482093732, 0.6693217540104914, 0.447778799528358, 0.27825711323888624, 0.008507047823598457, 0.6260589313408282, 0.6391626281541792, 0.6691591262596649, 0.7837238934075511, 0.6843387408828275, 0.6174076280492621], [-0.16442737010422404, 1.3588518148837552, 0.0, 0.247328865829449, 0.6355658049345086, 0.1309290293020033, 0.22658987733682281, 0.6797215052848676, 0.4023066551561545, 0.29092220469429897, 0.007448685839370306, 0.6293162438344797, 0.6493372932797341, 0.6688060173735101, 0.7771825938867033, 0.6749283040606867, 0.6172556484053351], [-0.06526184598104567, 1.2977720511970463, 0.0, 0.243899570517309, 0.6241100780905757, 0.1296414378434457, 0.22361374696518155, 0.6803843187426055, 0.383237514737087, 0.273449788394025, 0.007336964783822175, 0.6245422795221967, 0.6507938123733829, 0.6717057202276268, 0.7742086270593138, 0.6693661852269601, 0.616617371869085], [0.22920350481855367, 1.4518685752894303, 0.0, 0.25478733782299384, 0.6619072734028858, 0.12603135996850956, 0.3903022408268889, 0.686727243928946, 0.37626208044593645, 0.2902319704631078, 0.00716927026363523, 0.6037333583795337, 0.6538769571523714, 0.6518596179981451, 0.7858320099310738, 0.7003333588725228, 0.586398757680424], [-0.2280478727663482, 1.2866659096050164, 0.0, 0.2110631262646623, 0.6358569159375311, 0.12819454158503796, 0.33333192460163585, 0.6844662759582132, 0.3779933071359449, 0.26735199445748314, 0.007057398507269275, 0.6331850008834601, 0.6479414398652781, 0.664660895926228, 0.7838781242136343, 0.6840029460618827, 0.6196376611689667], [-0.22336199585233096, 1.626983124513211, 0.0, 0.22202391424679832, 0.6942611169359564, 0.119076729010315, 0.3994636128196305, 0.6902009710491321, 0.3168474326558839, 0.30391915361289046, 0.006328755639155359, 0.6153488913783147, 0.6491507080034582, 0.6532126899766035, 0.7676834691392488, 0.6877230132979776, 0.5409624169033999], [0.4796067512226916, 1.662084672278517, 0.0, 0.29945253120308957, 0.717318302636354, 0.10564999335205558, 0.5176689038823021, 0.6931380503005156, 0.2738302185272521, 0.2798348411221805, 0.006160242374180447, 0.5783316217202179, 0.6307766891558871, 0.6192340845093182, 0.7301206564769037, 0.6750666061514043, 0.5099403007255175], [0.4916664851279795, 1.4185886206984424, 0.0, 0.2492711948497766, 0.6682988201004684, 0.11512082011040535, 0.4380768334440098, 0.6915618200401541, 0.3204817100865722, 0.26221178686208235, 0.006272599803500922, 0.5907332087714856, 0.6317609803703661, 0.6365194324356385, 0.7563794175544584, 0.6818290107307236, 0.5734136200531906]], "features_2": [[0.22594661993712162, 1.1617787377375943, 0.0, 0.2771749492381219, 0.6162868024475135, 0.12277711752970198, 0.44064586473467104, 0.6886214070541321, 0.3623659957132157, 0.24172977495411518, 0.00711334193318236, 0.6041107455935597, 0.6336027671020656, 0.6457548789116511, 0.7785616183722027, 0.688954068334811, 0.6001627525181186], [0.4877718068241297, 1.2269073813896154, 0.0, 0.24632521418577108, 0.6235876705277222, 0.12194816219384375, 0.384907070179824, 0.6885855162698225, 0.33975138264933036, 0.24552785272249822, 0.007057398507269275, 0.5877265125468654, 0.6190959013753512, 0.6194203130913247, 0.7735125612669005, 0.7116166183598895, 0.5598087734253313], [0.2508072472355902, 1.2282612401194994, 0.0, 0.2636310596825237, 0.6326442414114366, 0.11959061042415389, 0.41421295256346297, 0.6899868792271026, 0.3392485618208665, 0.24696815877460088, 0.007225183508792421, 0.5993231019292509, 0.6304913512089223, 0.633208763007918, 0.7686647713820787, 0.6794267015487176, 0.6002318074185211], [0.1258293132577033, 1.1750081792613856, 0.0, 0.2770965332652217, 0.6248808565949753, 0.11936243548527431, 0.46233450941573795, 0.6905739953082173, 0.34610896983325445, 0.23908300034719998, 0.007225183508792421, 0.6050499523282009, 0.6533307330730718, 0.647473986714322, 0.7746962045449951, 0.7000156383023816, 0.6010803916444692], [-0.30800162234745754, 1.654576231447277, 0.0, 0.17401870301692526, 0.7004765375775559, 0.11419343916119473, 0.4923458938559648, 0.6922056595697204, 0.2807867358377252, 0.3006594097578654, 0.006160242374180447, 0.6068154557731185, 0.6419116125362039, 0.6491533895647145, 0.7586920827553566, 0.6434216376807332, 0.47003932245729935], [0.14364518216317057, 1.2778114158291307, 0.0, 0.24561856310747826, 0.6468114624641376, 0.11625427254941348, 0.44723825801877765, 0.6916380697465102, 0.3204059372501753, 0.2493941865863587, 0.00683347364535547, 0.5898979987360791, 0.6430152612425452, 0.6564271219460422, 0.7663016644119824, 0.7048143520323413, 0.5967402865464406], [-0.10444183886771174, 1.5577676053307492, 0.0, 0.29427829429558555, 0.6925077922800884, 0.11308599086844578, 0.5092781022933593, 0.692625363180125, 0.3034859735847786, 0.288526888821508, 0.006328755639155359, 0.5949576989446985, 0.6530792166683562, 0.6681458783545281, 0.7618029809404105, 0.68000665006254, 0.48364945556671646], [0.20614581076278693, 1.550421264534977, 0.0, 0.27923172925094736, 0.7108015399737511, 0.10102182536935046, 0.8760088870093738, 0.6919892539446615, 0.23205488915431527, 0.2512550894755412, 0.005597537371453631, 0.5786465252627497, 0.6156104011682639, 0.6046707905498001, 0.7250914732320923, 0.6699952769657302, 0.5397527709236836], [-0.06617555056793645, 1.3571444651410731, 0.0, 0.2880253114397531, 0.6698909862717146, 0.10957655574142139, 0.5679967901321114, 0.6931011293180468, 0.276729646925276, 0.24792463070143178, 0.006104040759826512, 0.5967998774527294, 0.633574968943999, 0.6454553141395759, 0.7520275936872833, 0.6677826763487801, 0.5082748382872305]]}