{"labels_1": ["1", "2", "3", "4", "5", "6", "7", "8", "9"], "labels_2": ["1", "2", "3", "4", "5", "6", "7", "8", "9"], "adj_matrix_1": [[0.0, 0.12142, 0.09387, 0.11086, 0.25271, 0.21503, 0.11806, 0.06233, 0.131], [0.12142, 0.0, 0.2052, 0.21963, 0.16107, 0.30282, 0.22523, 0.06109, 0.01033], [0.09387, 0.2052, 0.0, 0.01763, 0.30443, 0.12995, 0.02526, 0.15263, 0.21347], [0.11086, 0.21963, 0.01763, 0.0, 0.31242, 0.11309, 0.00765, 0.16854, 0.22757], [0.25271, 0.16107, 0.30443, 0.31242, 0.0, 0.35253, 0.31507, 0.20954, 0.1523], [0.21503, 0.30282, 0.12995, 0.11309, 0.35253, 0.0, 0.10566, 0.2636, 0.3086], [0.11806, 0.22523, 0.02526, 0.00765, 0.31507, 0.10566, 0.0, 0.17541, 0.23325], [0.06233, 0.06109, 0.15263, 0.16854, 0.20954, 0.2636, 0.17541, 0.0, 0.07127], [0.131, 0.01033, 0.21347, 0.22757, 0.1523, 0.3086, 0.23325, 0.07127, 0.0]], "adj_matrix_2": [[0.0, 0.01859, 0.08517, 0.23392, 0.02564, 0.07068, 0.22562, 0.34042, 0.28731], [0.01859, 0.0, 0.10258, 0.23552, 0.00709, 0.08844, 0.22515, 0.33709, 0.27879], [0.08517, 0.10258, 0.0, 0.21611, 0.10902, 0.01519, 0.21909, 0.33975, 0.31137], [0.23392, 0.23552, 0.21611, 0.0, 0.23543, 0.22049, 0.03828, 0.16817, 0.19267], [0.02564, 0.00709, 0.10902, 0.23543, 0.0, 0.09508, 0.2247, 0.3364, 0.27602], [0.07068, 0.08844, 0.01519, 0.22049, 0.09508, 0.0, 0.22143, 0.34212, 0.30942], [0.22562, 0.22515, 0.21909, 0.03828, 0.2247, 0.22143, 0.0, 0.14019, 0.16507], [0.34042, 0.33709, 0.33975, 0.16817, 0.3364, 0.34212, 0.14019, 0.0, 0.11563], [0.28731, 0.27879, 0.31137, 0.19267, 0.27602, 0.30942, 0.16507, 0.11563, 0.0]], "features_1": [[-0.09297212109120023, 1.3627708922646744, 0.0, 0.23537320420354746, 0.630713649035235, 0.13041183006545126, 0.1814892541949483, 0.6786832243777321, 0.39420542416505966, 0.28962910273055287, 0.007336964783822175, 0.6194290688913151, 0.6360863999169485, 0.6598399825421766, 0.7697219192918251, 0.6872609349065212, 0.6119602238456546], [0.15684988229750285, 1.2251027535156356, 0.0, 0.23659921304426285, 0.5984541117132784, 0.13825081576440582, 0.1457884482093732, 0.6693217540104914, 0.447778799528358, 0.27825711323888624, 0.008507047823598457, 0.6260589313408282, 0.6391626281541792, 0.6691591262596649, 0.7837238934075511, 0.6843387408828275, 0.6174076280492621], [-0.16442737010422404, 1.3588518148837552, 0.0, 0.247328865829449, 0.6355658049345086, 0.1309290293020033, 0.22658987733682281, 0.6797215052848676, 0.4023066551561545, 0.29092220469429897, 0.007448685839370306, 0.6293162438344797, 0.6493372932797341, 0.6688060173735101, 0.7771825938867033, 0.6749283040606867, 0.6172556484053351], [-0.06526184598104567, 1.2977720511970463, 0.0, 0.243899570517309, 0.6241100780905757, 0.1296414378434457, 0.22361374696518155, 0.6803843187426055, 0.383237514737087, 0.273449788394025, 0.007336964783822175, 0.6245422795221967, 0.6507938123733829, 0.6717057202276268, 0.7742086270593138, 0.6693661852269601, 0.616617371869085], [0.22920350481855367, 1.4518685752894303, 0.0, 0.25478733782299384, 0.6619072734028858, 0.12603135996850956, 0.3903022408268889, 0.686727243928946, 0.37626208044593645, 0.2902319704631078, 0.00716927026363523, 0.6037333583795337, 0.6538769571523714, 0.6518596179981451, 0.7858320099310738, 0.7003333588725228, 0.586398757680424], [-0.2280478727663482, 1.2866659096050164, 0.0, 0.2110631262646623, 0.6358569159375311, 0.12819454158503796, 0.33333192460163585, 0.6844662759582132, 0.3779933071359449, 0.26735199445748314, 0.007057398507269275, 0.6331850008834601, 0.6479414398652781, 0.664660895926228, 0.7838781242136343, 0.6840029460618827, 0.6196376611689667], [-0.22336199585233096, 1.626983124513211, 0.0, 0.22202391424679832, 0.6942611169359564, 0.119076729010315, 0.3994636128196305, 0.6902009710491321, 0.3168474326558839, 0.30391915361289046, 0.006328755639155359, 0.6153488913783147, 0.6491507080034582, 0.6532126899766035, 0.7676834691392488, 0.6877230132979776, 0.5409624169033999], [0.4796067512226916, 1.662084672278517, 0.0, 0.29945253120308957, 0.717318302636354, 0.10564999335205558, 0.5176689038823021, 0.6931380503005156, 0.2738302185272521, 0.2798348411221805, 0.006160242374180447, 0.5783316217202179, 0.6307766891558871, 0.6192340845093182, 0.7301206564769037, 0.6750666061514043, 0.5099403007255175], [0.4916664851279795, 1.4185886206984424, 0.0, 0.2492711948497766, 0.6682988201004684, 0.11512082011040535, 0.4380768334440098, 0.6915618200401541, 0.3204817100865722, 0.26221178686208235, 0.006272599803500922, 0.5907332087714856, 0.6317609803703661, 0.6365194324356385, 0.7563794175544584, 0.6818290107307236, 0.5734136200531906]], "features_2": [[0.2318205668740636, 1.0214850772060875, 0.0, 0.20455260368648534, 0.5796022524079676, 0.12580489170024295, 0.3159737087380144, 0.6860077612493387, 0.37555612489040424, 0.21966969701148686, 0.007225183508792421, 0.594260427090223, 0.6426254056059201, 0.668707745197929, 0.7770691384655324, 0.7025984941854804, 0.6022092593776768], [-0.035499370502846794, 1.025360919003552, 0.0, 0.2571679172441507, 0.5807679350516863, 0.12939327433130593, 0.35788206394053435, 0.6844902914345827, 0.4041934649674097, 0.2283761089946874, 0.007336964783822175, 0.6004115523185729, 0.6742861774166061, 0.700530259939318, 0.7892537339661527, 0.712056289201092, 0.6044141882714626], [0.14560933436541168, 1.1102950022020504, 0.0, 0.20205531732971072, 0.5987335279290731, 0.12596504902900638, 0.2720961015866166, 0.6854536799637887, 0.374892921429792, 0.2373793900340393, 0.007281081678807366, 0.5948554033807056, 0.6381111050033276, 0.669941372852561, 0.7733179375206236, 0.7035988359385408, 0.600687560742579], [0.9088293788834743, 1.1290411764104378, 0.0, 0.251791836272543, 0.6073008360508617, 0.12241316942873454, 0.2917491031412183, 0.6878874575058277, 0.34502526428313796, 0.22786908880201562, 0.006721420376576193, 0.5647627964347413, 0.6352761600617665, 0.6371744725866154, 0.7671645991931382, 0.6963352749375781, 0.5889041892592958], [0.4459985441102523, 1.3102975521527203, 0.0, 0.3025865894705965, 0.6548097724800631, 0.1167637213398627, 0.5101642782568646, 0.6918962288969972, 0.3361954786210186, 0.2555485077013262, 0.006889477554966383, 0.5939041143369721, 0.6429494484401896, 0.6562092025676767, 0.7717647539897384, 0.6865601279151387, 0.5417672576835867], [0.27357637569888515, 1.1639199227022985, 0.0, 0.25579311762268503, 0.6241087004984907, 0.11896052292961264, 0.43027020857523796, 0.6907506697263146, 0.3318108225649177, 0.23108770471696416, 0.006721420376576193, 0.5783825575988863, 0.6391194934268554, 0.6562242584582055, 0.7701664467318108, 0.6854557237162288, 0.5873858475553392], [0.8519340250487941, 1.3817998199415724, 0.0, 0.2881794388314941, 0.6672944309422578, 0.11493783611434784, 0.5261955926187418, 0.6921818077601201, 0.3007255887082916, 0.2533581372765985, 0.006216428718621936, 0.5606789927187363, 0.6352390732198927, 0.6441712375120332, 0.7581355767897597, 0.6857822486509721, 0.5533737855237377], [-0.11565294349075783, 1.5019911489351803, 0.0, 0.26388719016479273, 0.6979021467265469, 0.10531861940576857, 0.5123457080619218, 0.6931079672483118, 0.27193887570713016, 0.26441154009343526, 0.006104040759826512, 0.5986366117929203, 0.6384470348639152, 0.6479102729857892, 0.7319328764170989, 0.6670796178859704, 0.5185258150683781], [-0.13026363776262118, 1.5589014345037118, 0.0, 0.2647046149050208, 0.7047298502877086, 0.10735348221171927, 0.5420743785656441, 0.6931427275411329, 0.28075597501258276, 0.27661696970139316, 0.006104040759826512, 0.5940309341933754, 0.6369025959847431, 0.6441307464495095, 0.7387086389051586, 0.6667664078458082, 0.5368578226628965]]}