{"labels_1": ["1", "2", "3", "4", "5", "6", "7", "8", "9"], "labels_2": ["1", "2", "3", "4", "5", "6", "7", "8", "9"], "adj_matrix_1": [[0.0, 0.12142, 0.09387, 0.11086, 0.25271, 0.21503, 0.11806, 0.06233, 0.131], [0.12142, 0.0, 0.2052, 0.21963, 0.16107, 0.30282, 0.22523, 0.06109, 0.01033], [0.09387, 0.2052, 0.0, 0.01763, 0.30443, 0.12995, 0.02526, 0.15263, 0.21347], [0.11086, 0.21963, 0.01763, 0.0, 0.31242, 0.11309, 0.00765, 0.16854, 0.22757], [0.25271, 0.16107, 0.30443, 0.31242, 0.0, 0.35253, 0.31507, 0.20954, 0.1523], [0.21503, 0.30282, 0.12995, 0.11309, 0.35253, 0.0, 0.10566, 0.2636, 0.3086], [0.11806, 0.22523, 0.02526, 0.00765, 0.31507, 0.10566, 0.0, 0.17541, 0.23325], [0.06233, 0.06109, 0.15263, 0.16854, 0.20954, 0.2636, 0.17541, 0.0, 0.07127], [0.131, 0.01033, 0.21347, 0.22757, 0.1523, 0.3086, 0.23325, 0.07127, 0.0]], "adj_matrix_2": [[0.0, 0.00964, 0.03259, 0.10976, 0.02116, 0.18746, 0.31822, 0.22685, 0.21911], [0.00964, 0.0, 0.023, 0.11859, 0.01153, 0.18072, 0.32087, 0.22684, 0.21416], [0.03259, 0.023, 0.0, 0.13909, 0.01149, 0.16378, 0.3262, 0.22632, 0.20172], [0.10976, 0.11859, 0.13909, 0.0, 0.12899, 0.25038, 0.26435, 0.2169, 0.2603], [0.02116, 0.01153, 0.01149, 0.12899, 0.0, 0.17236, 0.32412, 0.22688, 0.20842], [0.18746, 0.18072, 0.16378, 0.25038, 0.17236, 0.0, 0.29989, 0.17828, 0.06109], [0.31822, 0.32087, 0.3262, 0.26435, 0.32412, 0.29989, 0.0, 0.15474, 0.26724], [0.22685, 0.22684, 0.22632, 0.2169, 0.22688, 0.17828, 0.15474, 0.0, 0.13958], [0.21911, 0.21416, 0.20172, 0.2603, 0.20842, 0.06109, 0.26724, 0.13958, 0.0]], "features_1": [[-0.09297212109120023, 1.3627708922646744, 0.0, 0.23537320420354746, 0.630713649035235, 0.13041183006545126, 0.1814892541949483, 0.6786832243777321, 0.39420542416505966, 0.28962910273055287, 0.007336964783822175, 0.6194290688913151, 0.6360863999169485, 0.6598399825421766, 0.7697219192918251, 0.6872609349065212, 0.6119602238456546], [0.15684988229750285, 1.2251027535156356, 0.0, 0.23659921304426285, 0.5984541117132784, 0.13825081576440582, 0.1457884482093732, 0.6693217540104914, 0.447778799528358, 0.27825711323888624, 0.008507047823598457, 0.6260589313408282, 0.6391626281541792, 0.6691591262596649, 0.7837238934075511, 0.6843387408828275, 0.6174076280492621], [-0.16442737010422404, 1.3588518148837552, 0.0, 0.247328865829449, 0.6355658049345086, 0.1309290293020033, 0.22658987733682281, 0.6797215052848676, 0.4023066551561545, 0.29092220469429897, 0.007448685839370306, 0.6293162438344797, 0.6493372932797341, 0.6688060173735101, 0.7771825938867033, 0.6749283040606867, 0.6172556484053351], [-0.06526184598104567, 1.2977720511970463, 0.0, 0.243899570517309, 0.6241100780905757, 0.1296414378434457, 0.22361374696518155, 0.6803843187426055, 0.383237514737087, 0.273449788394025, 0.007336964783822175, 0.6245422795221967, 0.6507938123733829, 0.6717057202276268, 0.7742086270593138, 0.6693661852269601, 0.616617371869085], [0.22920350481855367, 1.4518685752894303, 0.0, 0.25478733782299384, 0.6619072734028858, 0.12603135996850956, 0.3903022408268889, 0.686727243928946, 0.37626208044593645, 0.2902319704631078, 0.00716927026363523, 0.6037333583795337, 0.6538769571523714, 0.6518596179981451, 0.7858320099310738, 0.7003333588725228, 0.586398757680424], [-0.2280478727663482, 1.2866659096050164, 0.0, 0.2110631262646623, 0.6358569159375311, 0.12819454158503796, 0.33333192460163585, 0.6844662759582132, 0.3779933071359449, 0.26735199445748314, 0.007057398507269275, 0.6331850008834601, 0.6479414398652781, 0.664660895926228, 0.7838781242136343, 0.6840029460618827, 0.6196376611689667], [-0.22336199585233096, 1.626983124513211, 0.0, 0.22202391424679832, 0.6942611169359564, 0.119076729010315, 0.3994636128196305, 0.6902009710491321, 0.3168474326558839, 0.30391915361289046, 0.006328755639155359, 0.6153488913783147, 0.6491507080034582, 0.6532126899766035, 0.7676834691392488, 0.6877230132979776, 0.5409624169033999], [0.4796067512226916, 1.662084672278517, 0.0, 0.29945253120308957, 0.717318302636354, 0.10564999335205558, 0.5176689038823021, 0.6931380503005156, 0.2738302185272521, 0.2798348411221805, 0.006160242374180447, 0.5783316217202179, 0.6307766891558871, 0.6192340845093182, 0.7301206564769037, 0.6750666061514043, 0.5099403007255175], [0.4916664851279795, 1.4185886206984424, 0.0, 0.2492711948497766, 0.6682988201004684, 0.11512082011040535, 0.4380768334440098, 0.6915618200401541, 0.3204817100865722, 0.26221178686208235, 0.006272599803500922, 0.5907332087714856, 0.6317609803703661, 0.6365194324356385, 0.7563794175544584, 0.6818290107307236, 0.5734136200531906]], "features_2": [[0.6537541715534858, 1.064418330600385, 0.0, 0.2160980556107317, 0.580842878063432, 0.12940441091892013, 0.2800854999048738, 0.6822510999989105, 0.38015531303960803, 0.23109077122984734, 0.007560346756364078, 0.5894157112966125, 0.6584568059691042, 0.694710150520444, 0.7830687891202436, 0.7075527327828801, 0.6072403213131174], [0.9081781062207823, 1.047183973089639, 0.0, 0.25589080766329614, 0.569573724390123, 0.13458908589390323, 0.21639063360237926, 0.6759511965830578, 0.41842314214664866, 0.23426986202442213, 0.007671947615560004, 0.5938346984904292, 0.6474152481905048, 0.6761196039118238, 0.7852784890526023, 0.7099568970814244, 0.615749181669026], [0.7812946450871068, 1.1014843043814382, 0.0, 0.22634157244857728, 0.5914676731397691, 0.12997660446976295, 0.2885361695213128, 0.682064013276729, 0.39730265582519864, 0.23950670276750685, 0.007448685839370306, 0.5889900314077354, 0.6390019181487733, 0.6809645904291934, 0.7842631248023262, 0.7091793427563041, 0.6121452154553968], [0.34417893178493664, 1.1251559815602672, 0.0, 0.21482909024293448, 0.6027309087263839, 0.12427297623135342, 0.3538897596089072, 0.6870533239975734, 0.35330901399169234, 0.2359555547959833, 0.007001439975721224, 0.6026266503564384, 0.6398341546934333, 0.6704404339338115, 0.7779966536261185, 0.7012710997375589, 0.5945393667773621], [1.0282555031704206, 1.178545580121438, 0.0, 0.29025666660045774, 0.6087903193285383, 0.12945587655166885, 0.41309658574198876, 0.6834551280673102, 0.3737171090081828, 0.24603690235805487, 0.007392832833969631, 0.5848151415700438, 0.6500122854949604, 0.6590775457291979, 0.7819869231827831, 0.7025743672965865, 0.594021462086984], [1.2699972091866014, 1.2001382085160606, 0.0, 0.2531192991923103, 0.6199264416737008, 0.1257461033273208, 0.3639241438644142, 0.686064409764735, 0.378526488539652, 0.2460508602377487, 0.007336964783822175, 0.5810492402873089, 0.630941783714806, 0.6473614394410696, 0.7787441887922736, 0.7047878638040677, 0.6095351215606019], [-0.07457647346052854, 1.493169857758531, 0.0, 0.16124094503035927, 0.6781712743374102, 0.1175785133981185, 0.47053694924901424, 0.6912491146099453, 0.3116983196210772, 0.28310351334080974, 0.006497131753992358, 0.6141059897541967, 0.6432959171493167, 0.6585307246299551, 0.7696933368412238, 0.7059589544945383, 0.536922176145966], [2.019835155812422, 1.6573151982237107, 0.0, 0.3172475137108558, 0.7209103176227837, 0.10937873389134031, 0.6599845008215709, 0.6930751088586335, 0.28090719795266805, 0.27674744503981397, 0.006160242374180447, 0.5454357011806579, 0.6092970148719061, 0.5814811459848033, 0.7406679717137653, 0.6630564928112971, 0.5591783476043718], [2.0495418231867832, 1.877205396529165, 0.0, 0.28185396145807906, 0.7528721418353833, 0.10635436737640697, 0.643622546350791, 0.6931193614252686, 0.2700094302969953, 0.297873041181145, 0.005935344193631176, 0.5405621506506013, 0.6182977094312422, 0.6156201165543723, 0.7353632530779077, 0.6697545059525456, 0.5280864250917161]]}