{"labels_1": ["1", "2", "3", "4", "5", "6", "7", "8", "9"], "labels_2": ["1", "2", "3", "4", "5", "6", "7", "8", "9"], "adj_matrix_1": [[0.0, 0.12142, 0.09387, 0.11086, 0.25271, 0.21503, 0.11806, 0.06233, 0.131], [0.12142, 0.0, 0.2052, 0.21963, 0.16107, 0.30282, 0.22523, 0.06109, 0.01033], [0.09387, 0.2052, 0.0, 0.01763, 0.30443, 0.12995, 0.02526, 0.15263, 0.21347], [0.11086, 0.21963, 0.01763, 0.0, 0.31242, 0.11309, 0.00765, 0.16854, 0.22757], [0.25271, 0.16107, 0.30443, 0.31242, 0.0, 0.35253, 0.31507, 0.20954, 0.1523], [0.21503, 0.30282, 0.12995, 0.11309, 0.35253, 0.0, 0.10566, 0.2636, 0.3086], [0.11806, 0.22523, 0.02526, 0.00765, 0.31507, 0.10566, 0.0, 0.17541, 0.23325], [0.06233, 0.06109, 0.15263, 0.16854, 0.20954, 0.2636, 0.17541, 0.0, 0.07127], [0.131, 0.01033, 0.21347, 0.22757, 0.1523, 0.3086, 0.23325, 0.07127, 0.0]], "adj_matrix_2": [[0.0, 0.30005, 0.12972, 0.08323, 0.003, 0.27692, 0.16769, 0.28898, 0.01697], [0.30005, 0.0, 0.25766, 0.31194, 0.29783, 0.1195, 0.2357, 0.06097, 0.30311], [0.12972, 0.25766, 0.0, 0.2039, 0.12662, 0.18975, 0.04259, 0.26937, 0.14533], [0.08323, 0.31194, 0.2039, 0.0, 0.08602, 0.31571, 0.23647, 0.28909, 0.06659], [0.003, 0.29783, 0.12662, 0.08602, 0.0, 0.27413, 0.16522, 0.28751, 0.01995], [0.27692, 0.1195, 0.18975, 0.31571, 0.27413, 0.0, 0.15455, 0.1682, 0.28564], [0.16769, 0.2357, 0.04259, 0.23647, 0.16522, 0.15455, 0.0, 0.25555, 0.18244], [0.28898, 0.06097, 0.26937, 0.28909, 0.28751, 0.1682, 0.25555, 0.0, 0.28953], [0.01697, 0.30311, 0.14533, 0.06659, 0.01995, 0.28564, 0.18244, 0.28953, 0.0]], "features_1": [[-0.09297212109120023, 1.3627708922646744, 0.0, 0.23537320420354746, 0.630713649035235, 0.13041183006545126, 0.1814892541949483, 0.6786832243777321, 0.39420542416505966, 0.28962910273055287, 0.007336964783822175, 0.6194290688913151, 0.6360863999169485, 0.6598399825421766, 0.7697219192918251, 0.6872609349065212, 0.6119602238456546], [0.15684988229750285, 1.2251027535156356, 0.0, 0.23659921304426285, 0.5984541117132784, 0.13825081576440582, 0.1457884482093732, 0.6693217540104914, 0.447778799528358, 0.27825711323888624, 0.008507047823598457, 0.6260589313408282, 0.6391626281541792, 0.6691591262596649, 0.7837238934075511, 0.6843387408828275, 0.6174076280492621], [-0.16442737010422404, 1.3588518148837552, 0.0, 0.247328865829449, 0.6355658049345086, 0.1309290293020033, 0.22658987733682281, 0.6797215052848676, 0.4023066551561545, 0.29092220469429897, 0.007448685839370306, 0.6293162438344797, 0.6493372932797341, 0.6688060173735101, 0.7771825938867033, 0.6749283040606867, 0.6172556484053351], [-0.06526184598104567, 1.2977720511970463, 0.0, 0.243899570517309, 0.6241100780905757, 0.1296414378434457, 0.22361374696518155, 0.6803843187426055, 0.383237514737087, 0.273449788394025, 0.007336964783822175, 0.6245422795221967, 0.6507938123733829, 0.6717057202276268, 0.7742086270593138, 0.6693661852269601, 0.616617371869085], [0.22920350481855367, 1.4518685752894303, 0.0, 0.25478733782299384, 0.6619072734028858, 0.12603135996850956, 0.3903022408268889, 0.686727243928946, 0.37626208044593645, 0.2902319704631078, 0.00716927026363523, 0.6037333583795337, 0.6538769571523714, 0.6518596179981451, 0.7858320099310738, 0.7003333588725228, 0.586398757680424], [-0.2280478727663482, 1.2866659096050164, 0.0, 0.2110631262646623, 0.6358569159375311, 0.12819454158503796, 0.33333192460163585, 0.6844662759582132, 0.3779933071359449, 0.26735199445748314, 0.007057398507269275, 0.6331850008834601, 0.6479414398652781, 0.664660895926228, 0.7838781242136343, 0.6840029460618827, 0.6196376611689667], [-0.22336199585233096, 1.626983124513211, 0.0, 0.22202391424679832, 0.6942611169359564, 0.119076729010315, 0.3994636128196305, 0.6902009710491321, 0.3168474326558839, 0.30391915361289046, 0.006328755639155359, 0.6153488913783147, 0.6491507080034582, 0.6532126899766035, 0.7676834691392488, 0.6877230132979776, 0.5409624169033999], [0.4796067512226916, 1.662084672278517, 0.0, 0.29945253120308957, 0.717318302636354, 0.10564999335205558, 0.5176689038823021, 0.6931380503005156, 0.2738302185272521, 0.2798348411221805, 0.006160242374180447, 0.5783316217202179, 0.6307766891558871, 0.6192340845093182, 0.7301206564769037, 0.6750666061514043, 0.5099403007255175], [0.4916664851279795, 1.4185886206984424, 0.0, 0.2492711948497766, 0.6682988201004684, 0.11512082011040535, 0.4380768334440098, 0.6915618200401541, 0.3204817100865722, 0.26221178686208235, 0.006272599803500922, 0.5907332087714856, 0.6317609803703661, 0.6365194324356385, 0.7563794175544584, 0.6818290107307236, 0.5734136200531906]], "features_2": [[-0.02291926033802527, 1.1339470545205126, 0.0, 0.2591818673168426, 0.5806860716784608, 0.1410939022757327, 0.26678513440172724, 0.6672909877556963, 0.45367805877470646, 0.26100087592123744, 0.007783488497544067, 0.6215141460594311, 0.6279774155589043, 0.6574623930810848, 0.7861713727412896, 0.6992729519010297, 0.5995051461117533], [0.53842764283434, 1.2088678848351546, 0.0, 0.2655491545473273, 0.5821161513285937, 0.14173613250160552, 0.1610018775753602, 0.6625656812413587, 0.4725478428879142, 0.2749194877619574, 0.008117752083540042, 0.6067019366351114, 0.6209187870625493, 0.6517302645776938, 0.7818065915440957, 0.7021675626178812, 0.582256064327666], [0.314662860616469, 1.1998919478486538, 0.0, 0.25281711699027964, 0.5896451799562692, 0.14237647724821045, 0.224545767494552, 0.6636148160043016, 0.4650450073300534, 0.27248579200400047, 0.008117752083540042, 0.6139076527513554, 0.6360344967597958, 0.6644732494565867, 0.7832588605588171, 0.7034268516231068, 0.6086771775500037], [-0.013501871098752005, 1.11756832991217, 0.0, 0.25982167388358557, 0.5832833271515179, 0.1389174079612173, 0.3166962461778148, 0.6715564441960739, 0.4401069764699963, 0.25355447459051694, 0.007560346756364078, 0.6224358447681066, 0.6443687341093391, 0.6780889024014051, 0.7868289218912101, 0.7101679079798371, 0.6092960817324861], [0.11107999126043921, 1.636340860881266, 0.0, 0.2337370021089027, 0.6820626374437573, 0.12415589569789566, 0.34588277536553136, 0.6870560779326872, 0.3499216598606876, 0.3138630357564247, 0.0069454663283523566, 0.6111553096176556, 0.6251947217080778, 0.6561239029235681, 0.7749008366910974, 0.6754961545429122, 0.4861594111008258], [0.5261395969324174, 1.1847201704182704, 0.0, 0.26824599294578494, 0.5965131231856411, 0.13744791286090585, 0.2953814294164395, 0.6728360153960231, 0.4271737203863797, 0.26118812469131436, 0.007336964783822175, 0.5926673577966066, 0.6366256064665229, 0.6701375371855651, 0.783926595018319, 0.6996347184340104, 0.6079115572126235], [-0.4243490444953628, 1.6242247373499696, 0.0, 0.24766399601493339, 0.7035508296810333, 0.11685597019892309, 0.9469093965716496, 0.6925068796489382, 0.29939244806777965, 0.30056802243668557, 0.005879081395912644, 0.6047118039960742, 0.6465364994958742, 0.6579342427584783, 0.7677193680257167, 0.6710492951769884, 0.45149960568886566], [0.5988713325862389, 1.3590212961884296, 0.0, 0.30851805655266323, 0.6670434909454795, 0.10870514073269331, 0.38518739333519675, 0.6929931716642969, 0.27155585682995853, 0.24602456292735986, 0.005484812216699497, 0.5697226372766839, 0.6325053945776156, 0.6400392028022804, 0.737223262178523, 0.6714284830958501, 0.5022980179896186], [-0.4192134237889307, 1.2102965469020008, 0.0, 0.25926180724324993, 0.637412188109654, 0.11432664859244454, 0.6150955181814787, 0.6923120343132467, 0.29039363873668034, 0.2358067939188062, 0.006160242374180447, 0.6066998713654681, 0.6344500131760482, 0.643425990977887, 0.7515112527822153, 0.657377648696792, 0.5214838500282962]]}