{"labels_1": ["1", "2", "3", "4", "5", "6", "7", "8", "9"], "labels_2": ["1", "2", "3", "4", "5", "6", "7", "8", "9"], "adj_matrix_1": [[0.0, 0.19483, 0.16026, 0.04013, 0.07326, 0.02905, 0.00148, 0.08586, 0.15883], [0.19483, 0.0, 0.32477, 0.15863, 0.12735, 0.21993, 0.19593, 0.11515, 0.32342], [0.16026, 0.32477, 0.0, 0.19728, 0.22683, 0.13267, 0.1589, 0.23778, 0.0014], [0.04013, 0.15863, 0.19728, 0.0, 0.03341, 0.06897, 0.04159, 0.04618, 0.19587], [0.07326, 0.12735, 0.22683, 0.03341, 0.0, 0.10175, 0.07473, 0.01284, 0.22554], [0.02905, 0.21993, 0.13267, 0.06897, 0.10175, 0.0, 0.02758, 0.11416, 0.13129], [0.00148, 0.19593, 0.1589, 0.04159, 0.07473, 0.02758, 0.0, 0.08733, 0.15757], [0.08586, 0.11515, 0.23778, 0.04618, 0.01284, 0.11416, 0.08733, 0.0, 0.2365], [0.15883, 0.32342, 0.0014, 0.19587, 0.22554, 0.13129, 0.15757, 0.2365, 0.0]], "adj_matrix_2": [[0.0, 0.03164, 0.0263, 0.06401, 0.18179, 0.0907, 0.08277, 0.00078, 0.22187], [0.03164, 0.0, 0.00537, 0.09465, 0.20722, 0.06006, 0.11284, 0.03238, 0.24462], [0.0263, 0.00537, 0.0, 0.08952, 0.20308, 0.06531, 0.10783, 0.02705, 0.24096], [0.06401, 0.09465, 0.08952, 0.0, 0.12494, 0.14981, 0.01938, 0.06319, 0.16924], [0.18179, 0.20722, 0.20308, 0.12494, 0.0, 0.24913, 0.10696, 0.18165, 0.04811], [0.0907, 0.06006, 0.06531, 0.14981, 0.24913, 0.0, 0.16633, 0.09134, 0.28056], [0.08277, 0.11284, 0.10783, 0.01938, 0.10696, 0.16633, 0.0, 0.08217, 0.15208], [0.00078, 0.03238, 0.02705, 0.06319, 0.18165, 0.09134, 0.08217, 0.0, 0.2215], [0.22187, 0.24462, 0.24096, 0.16924, 0.04811, 0.28056, 0.15208, 0.2215, 0.0]], "features_1": [[-0.3831938779490134, 1.231540128695244, 0.0, 0.1511270424378707, 0.6091477351005455, 0.13330496967365993, 0.2521320333230605, 0.6770939618295699, 0.3993167651547047, 0.2701222229309581, 0.007336964783822175, 0.630949579277774, 0.6538076763446158, 0.6728804084422512, 0.7781774889453713, 0.6910947579726713, 0.5967557905781903], [-0.2949937213817577, 1.250692385107975, 0.0, 0.18694044313415523, 0.6088785699682687, 0.1366464141273775, 0.2817362096596369, 0.6737966376841125, 0.4345792114114835, 0.2816326863779244, 0.007671947615560004, 0.623880443424264, 0.6548079288536811, 0.6888762992626075, 0.7860992510772271, 0.7084880938617585, 0.6046401615593044], [-0.35597399432458277, 1.3185183186521512, 0.0, 0.17254627828459343, 0.6256327509099892, 0.1326960137379058, 0.2591787186618951, 0.6780514087177432, 0.4070899609490082, 0.2855190104339307, 0.007336964783822175, 0.6408645773954018, 0.6496649918807208, 0.6723890329996859, 0.7781031322109163, 0.6913811837610371, 0.6033049868806322], [-0.1804197470527198, 1.2676259517075465, 0.0, 0.19571854404375488, 0.6226786111395558, 0.12858254113705478, 0.2538864367501802, 0.6820692525603933, 0.3820694427715865, 0.26971936909545424, 0.007783488497544067, 0.6272779902281791, 0.634401444027847, 0.6573732890157785, 0.7704177569447228, 0.6722018924172269, 0.6090350997312692], [-0.290727911461369, 1.476640618872936, 0.0, 0.2322171365521521, 0.6591611174238805, 0.12777987274257768, 0.34730734341528874, 0.6839953467219584, 0.37008519613653856, 0.3019035810324655, 0.007001439975721224, 0.6237251195140359, 0.6522705283529634, 0.6731537250883801, 0.7822383177696817, 0.6738769631749678, 0.6092956287407701], [-0.13666971746917467, 1.3829171613365756, 0.0, 0.19955550532517277, 0.648234000874865, 0.1271399620083154, 0.3257418603821769, 0.6842914914493459, 0.38450620764666343, 0.2869689482247122, 0.007336964783822175, 0.6245400492485806, 0.6513497119573735, 0.6827311064278566, 0.7747288202995875, 0.69182462749141, 0.6110217923254908], [-0.4270060543249605, 1.5001478469544038, 0.0, 0.18023568449195712, 0.6719981295597923, 0.12257640893462851, 0.333176545801679, 0.6880811415669872, 0.3454324944144289, 0.29755505547534367, 0.00655322669591385, 0.6265264709916987, 0.6490272018504912, 0.673365171607907, 0.7723521676591849, 0.6945458440000299, 0.5798902489323602], [-0.2392067504565003, 1.4834781687726486, 0.0, 0.28961065503410344, 0.680736096617073, 0.11542340028127158, 0.35948169659924717, 0.6912955437517412, 0.31281764500306775, 0.2826386776354932, 0.006609306440138685, 0.607641438843487, 0.6380151644954174, 0.660523161827958, 0.7526491116328815, 0.6749554921416496, 0.5656340555963397], [-0.40323311230998726, 1.5076078787501295, 0.0, 0.22783942082083136, 0.6897075655509478, 0.11287163826091001, 0.40895392532002434, 0.6923625216510267, 0.2980333713344323, 0.28068767761079383, 0.00655322669591385, 0.6191144192729592, 0.6520806124564249, 0.6593564361549173, 0.7519265964839308, 0.6832675234031562, 0.5621283211290913]], "features_2": [[0.22594661993712162, 1.1617787377375943, 0.0, 0.2771749492381219, 0.6162868024475135, 0.12277711752970198, 0.44064586473467104, 0.6886214070541321, 0.3623659957132157, 0.24172977495411518, 0.00711334193318236, 0.6041107455935597, 0.6336027671020656, 0.6457548789116511, 0.7785616183722027, 0.688954068334811, 0.6001627525181186], [0.4877718068241297, 1.2269073813896154, 0.0, 0.24632521418577108, 0.6235876705277222, 0.12194816219384375, 0.384907070179824, 0.6885855162698225, 0.33975138264933036, 0.24552785272249822, 0.007057398507269275, 0.5877265125468654, 0.6190959013753512, 0.6194203130913247, 0.7735125612669005, 0.7116166183598895, 0.5598087734253313], [0.2508072472355902, 1.2282612401194994, 0.0, 0.2636310596825237, 0.6326442414114366, 0.11959061042415389, 0.41421295256346297, 0.6899868792271026, 0.3392485618208665, 0.24696815877460088, 0.007225183508792421, 0.5993231019292509, 0.6304913512089223, 0.633208763007918, 0.7686647713820787, 0.6794267015487176, 0.6002318074185211], [0.1258293132577033, 1.1750081792613856, 0.0, 0.2770965332652217, 0.6248808565949753, 0.11936243548527431, 0.46233450941573795, 0.6905739953082173, 0.34610896983325445, 0.23908300034719998, 0.007225183508792421, 0.6050499523282009, 0.6533307330730718, 0.647473986714322, 0.7746962045449951, 0.7000156383023816, 0.6010803916444692], [-0.30800162234745754, 1.654576231447277, 0.0, 0.17401870301692526, 0.7004765375775559, 0.11419343916119473, 0.4923458938559648, 0.6922056595697204, 0.2807867358377252, 0.3006594097578654, 0.006160242374180447, 0.6068154557731185, 0.6419116125362039, 0.6491533895647145, 0.7586920827553566, 0.6434216376807332, 0.47003932245729935], [0.14364518216317057, 1.2778114158291307, 0.0, 0.24561856310747826, 0.6468114624641376, 0.11625427254941348, 0.44723825801877765, 0.6916380697465102, 0.3204059372501753, 0.2493941865863587, 0.00683347364535547, 0.5898979987360791, 0.6430152612425452, 0.6564271219460422, 0.7663016644119824, 0.7048143520323413, 0.5967402865464406], [-0.10444183886771174, 1.5577676053307492, 0.0, 0.29427829429558555, 0.6925077922800884, 0.11308599086844578, 0.5092781022933593, 0.692625363180125, 0.3034859735847786, 0.288526888821508, 0.006328755639155359, 0.5949576989446985, 0.6530792166683562, 0.6681458783545281, 0.7618029809404105, 0.68000665006254, 0.48364945556671646], [0.20614581076278693, 1.550421264534977, 0.0, 0.27923172925094736, 0.7108015399737511, 0.10102182536935046, 0.8760088870093738, 0.6919892539446615, 0.23205488915431527, 0.2512550894755412, 0.005597537371453631, 0.5786465252627497, 0.6156104011682639, 0.6046707905498001, 0.7250914732320923, 0.6699952769657302, 0.5397527709236836], [-0.06617555056793645, 1.3571444651410731, 0.0, 0.2880253114397531, 0.6698909862717146, 0.10957655574142139, 0.5679967901321114, 0.6931011293180468, 0.276729646925276, 0.24792463070143178, 0.006104040759826512, 0.5967998774527294, 0.633574968943999, 0.6454553141395759, 0.7520275936872833, 0.6677826763487801, 0.5082748382872305]]}