{"labels_1": ["1", "2", "3", "4", "5", "6", "7", "8", "9"], "labels_2": ["1", "2", "3", "4", "5", "6", "7", "8", "9"], "adj_matrix_1": [[0.0, 0.19483, 0.16026, 0.04013, 0.07326, 0.02905, 0.00148, 0.08586, 0.15883], [0.19483, 0.0, 0.32477, 0.15863, 0.12735, 0.21993, 0.19593, 0.11515, 0.32342], [0.16026, 0.32477, 0.0, 0.19728, 0.22683, 0.13267, 0.1589, 0.23778, 0.0014], [0.04013, 0.15863, 0.19728, 0.0, 0.03341, 0.06897, 0.04159, 0.04618, 0.19587], [0.07326, 0.12735, 0.22683, 0.03341, 0.0, 0.10175, 0.07473, 0.01284, 0.22554], [0.02905, 0.21993, 0.13267, 0.06897, 0.10175, 0.0, 0.02758, 0.11416, 0.13129], [0.00148, 0.19593, 0.1589, 0.04159, 0.07473, 0.02758, 0.0, 0.08733, 0.15757], [0.08586, 0.11515, 0.23778, 0.04618, 0.01284, 0.11416, 0.08733, 0.0, 0.2365], [0.15883, 0.32342, 0.0014, 0.19587, 0.22554, 0.13129, 0.15757, 0.2365, 0.0]], "adj_matrix_2": [[0.0, 0.14797, 0.07186, 0.17952, 0.03116, 0.25022, 0.14815, 0.12593, 0.0277], [0.14797, 0.0, 0.20985, 0.03667, 0.11923, 0.13196, 0.2695, 0.02416, 0.17192], [0.07186, 0.20985, 0.0, 0.23685, 0.10213, 0.29179, 0.07951, 0.19038, 0.04429], [0.17952, 0.03667, 0.23685, 0.0, 0.15223, 0.09827, 0.29031, 0.06048, 0.20141], [0.03116, 0.11923, 0.10213, 0.15223, 0.0, 0.229, 0.17654, 0.09654, 0.05874], [0.25022, 0.13196, 0.29179, 0.09827, 0.229, 0.0, 0.32646, 0.15294, 0.26581], [0.14815, 0.2695, 0.07951, 0.29031, 0.17654, 0.32646, 0.0, 0.25403, 0.12256], [0.12593, 0.02416, 0.19038, 0.06048, 0.09654, 0.15294, 0.25403, 0.0, 0.15129], [0.0277, 0.17192, 0.04429, 0.20141, 0.05874, 0.26581, 0.12256, 0.15129, 0.0]], "features_1": [[-0.3831938779490134, 1.231540128695244, 0.0, 0.1511270424378707, 0.6091477351005455, 0.13330496967365993, 0.2521320333230605, 0.6770939618295699, 0.3993167651547047, 0.2701222229309581, 0.007336964783822175, 0.630949579277774, 0.6538076763446158, 0.6728804084422512, 0.7781774889453713, 0.6910947579726713, 0.5967557905781903], [-0.2949937213817577, 1.250692385107975, 0.0, 0.18694044313415523, 0.6088785699682687, 0.1366464141273775, 0.2817362096596369, 0.6737966376841125, 0.4345792114114835, 0.2816326863779244, 0.007671947615560004, 0.623880443424264, 0.6548079288536811, 0.6888762992626075, 0.7860992510772271, 0.7084880938617585, 0.6046401615593044], [-0.35597399432458277, 1.3185183186521512, 0.0, 0.17254627828459343, 0.6256327509099892, 0.1326960137379058, 0.2591787186618951, 0.6780514087177432, 0.4070899609490082, 0.2855190104339307, 0.007336964783822175, 0.6408645773954018, 0.6496649918807208, 0.6723890329996859, 0.7781031322109163, 0.6913811837610371, 0.6033049868806322], [-0.1804197470527198, 1.2676259517075465, 0.0, 0.19571854404375488, 0.6226786111395558, 0.12858254113705478, 0.2538864367501802, 0.6820692525603933, 0.3820694427715865, 0.26971936909545424, 0.007783488497544067, 0.6272779902281791, 0.634401444027847, 0.6573732890157785, 0.7704177569447228, 0.6722018924172269, 0.6090350997312692], [-0.290727911461369, 1.476640618872936, 0.0, 0.2322171365521521, 0.6591611174238805, 0.12777987274257768, 0.34730734341528874, 0.6839953467219584, 0.37008519613653856, 0.3019035810324655, 0.007001439975721224, 0.6237251195140359, 0.6522705283529634, 0.6731537250883801, 0.7822383177696817, 0.6738769631749678, 0.6092956287407701], [-0.13666971746917467, 1.3829171613365756, 0.0, 0.19955550532517277, 0.648234000874865, 0.1271399620083154, 0.3257418603821769, 0.6842914914493459, 0.38450620764666343, 0.2869689482247122, 0.007336964783822175, 0.6245400492485806, 0.6513497119573735, 0.6827311064278566, 0.7747288202995875, 0.69182462749141, 0.6110217923254908], [-0.4270060543249605, 1.5001478469544038, 0.0, 0.18023568449195712, 0.6719981295597923, 0.12257640893462851, 0.333176545801679, 0.6880811415669872, 0.3454324944144289, 0.29755505547534367, 0.00655322669591385, 0.6265264709916987, 0.6490272018504912, 0.673365171607907, 0.7723521676591849, 0.6945458440000299, 0.5798902489323602], [-0.2392067504565003, 1.4834781687726486, 0.0, 0.28961065503410344, 0.680736096617073, 0.11542340028127158, 0.35948169659924717, 0.6912955437517412, 0.31281764500306775, 0.2826386776354932, 0.006609306440138685, 0.607641438843487, 0.6380151644954174, 0.660523161827958, 0.7526491116328815, 0.6749554921416496, 0.5656340555963397], [-0.40323311230998726, 1.5076078787501295, 0.0, 0.22783942082083136, 0.6897075655509478, 0.11287163826091001, 0.40895392532002434, 0.6923625216510267, 0.2980333713344323, 0.28068767761079383, 0.00655322669591385, 0.6191144192729592, 0.6520806124564249, 0.6593564361549173, 0.7519265964839308, 0.6832675234031562, 0.5621283211290913]], "features_2": [[0.20758514365486658, 1.0661331110383858, 0.0, 0.2317677202377754, 0.5833792707620977, 0.1352090065308968, 0.339421910521461, 0.6782350709718078, 0.429263159125979, 0.23987928035741524, 0.007392832833969631, 0.6155491009351699, 0.6523832712594291, 0.6865153490862798, 0.7908939785628711, 0.7005204349321075, 0.6159135328114209], [-0.019145844030993064, 1.2029884115692573, 0.0, 0.25366668198761766, 0.6111174498744775, 0.13411184815938637, 0.2570262756185066, 0.6784676468278663, 0.42410428867299577, 0.2686499587966811, 0.007616154688146137, 0.6125197146660248, 0.6434393150318474, 0.6793584973242942, 0.7875834582633783, 0.7031568514571435, 0.606468575499791], [0.27590685676773585, 1.1442603785941061, 0.0, 0.24798616068598406, 0.5967651767530249, 0.13526530158478195, 0.26640451191475945, 0.6773302703683906, 0.44621445476698907, 0.2553628937828374, 0.00783923647221818, 0.620570003316836, 0.6488366493599441, 0.6660062180141403, 0.7889956735987713, 0.6938814210438448, 0.6143182468726376], [0.3319914538350681, 1.0988836477009616, 0.0, 0.24421979361300633, 0.58452922140442, 0.13453059455691288, 0.24403915824848993, 0.6770545582181281, 0.42420540235057924, 0.2430104033962608, 0.007616154688146137, 0.6067398768550418, 0.6389742450496998, 0.6600445143841144, 0.7860264871364578, 0.7107440820926139, 0.6116441996459918], [0.003420470535890896, 1.4322078234628697, 0.0, 0.22481993776262274, 0.6616149510638198, 0.12576707996606704, 0.3789071025515973, 0.6870162756151451, 0.3745880445776506, 0.29032056259436945, 0.0069454663283523566, 0.6109035730041068, 0.6580344492090981, 0.6637273210899266, 0.7823980400894099, 0.7086955796535032, 0.5643464704920703], [0.31088394987261214, 1.1773589889933662, 0.0, 0.2744107764942135, 0.6042098959209273, 0.1333563211291825, 0.26376858906836986, 0.6791801755161189, 0.4382722013279514, 0.2599770531492631, 0.007950687539111767, 0.6034813723379662, 0.6345068754029715, 0.659120683547686, 0.7895989315830034, 0.6931838797260169, 0.6207668999789752], [-0.0022021047686138218, 1.5564796262077798, 0.0, 0.18292909442825953, 0.6867475217897226, 0.11781535658974832, 0.4193751383579297, 0.6910114158606098, 0.31055867256613867, 0.28962931851576146, 0.006104040759826512, 0.6036536599655369, 0.6463535564384888, 0.6502079554484409, 0.7666477507310259, 0.6869532461280663, 0.526254140179325], [0.02883651550940769, 1.449031831466572, 0.0, 0.24485844126408424, 0.6895382852502527, 0.10959867801076653, 0.5480441764792374, 0.6930470608173729, 0.28853733776021384, 0.26326810415631985, 0.005991591679928909, 0.5903253874009349, 0.654421753519097, 0.6692078352494563, 0.7500503958269109, 0.6458825489560173, 0.5596644292493684], [0.047703893511147566, 1.7273505498119075, 0.0, 0.19737540767048573, 0.7323960281275191, 0.10650418363402032, 0.4981614715199008, 0.6931388404344121, 0.27130289496618887, 0.2920148452314757, 0.005766509824583821, 0.5911838059616028, 0.634512009123366, 0.635304133233245, 0.741677687425568, 0.6454022593283186, 0.5357480651743383]]}