{"labels_1": ["1", "2", "3", "4", "5", "6", "7", "8", "9"], "labels_2": ["1", "2", "3", "4", "5", "6", "7", "8", "9"], "adj_matrix_1": [[0.0, 0.19483, 0.16026, 0.04013, 0.07326, 0.02905, 0.00148, 0.08586, 0.15883], [0.19483, 0.0, 0.32477, 0.15863, 0.12735, 0.21993, 0.19593, 0.11515, 0.32342], [0.16026, 0.32477, 0.0, 0.19728, 0.22683, 0.13267, 0.1589, 0.23778, 0.0014], [0.04013, 0.15863, 0.19728, 0.0, 0.03341, 0.06897, 0.04159, 0.04618, 0.19587], [0.07326, 0.12735, 0.22683, 0.03341, 0.0, 0.10175, 0.07473, 0.01284, 0.22554], [0.02905, 0.21993, 0.13267, 0.06897, 0.10175, 0.0, 0.02758, 0.11416, 0.13129], [0.00148, 0.19593, 0.1589, 0.04159, 0.07473, 0.02758, 0.0, 0.08733, 0.15757], [0.08586, 0.11515, 0.23778, 0.04618, 0.01284, 0.11416, 0.08733, 0.0, 0.2365], [0.15883, 0.32342, 0.0014, 0.19587, 0.22554, 0.13129, 0.15757, 0.2365, 0.0]], "adj_matrix_2": [[0.0, 0.00964, 0.03259, 0.10976, 0.02116, 0.18746, 0.31822, 0.22685, 0.21911], [0.00964, 0.0, 0.023, 0.11859, 0.01153, 0.18072, 0.32087, 0.22684, 0.21416], [0.03259, 0.023, 0.0, 0.13909, 0.01149, 0.16378, 0.3262, 0.22632, 0.20172], [0.10976, 0.11859, 0.13909, 0.0, 0.12899, 0.25038, 0.26435, 0.2169, 0.2603], [0.02116, 0.01153, 0.01149, 0.12899, 0.0, 0.17236, 0.32412, 0.22688, 0.20842], [0.18746, 0.18072, 0.16378, 0.25038, 0.17236, 0.0, 0.29989, 0.17828, 0.06109], [0.31822, 0.32087, 0.3262, 0.26435, 0.32412, 0.29989, 0.0, 0.15474, 0.26724], [0.22685, 0.22684, 0.22632, 0.2169, 0.22688, 0.17828, 0.15474, 0.0, 0.13958], [0.21911, 0.21416, 0.20172, 0.2603, 0.20842, 0.06109, 0.26724, 0.13958, 0.0]], "features_1": [[-0.3831938779490134, 1.231540128695244, 0.0, 0.1511270424378707, 0.6091477351005455, 0.13330496967365993, 0.2521320333230605, 0.6770939618295699, 0.3993167651547047, 0.2701222229309581, 0.007336964783822175, 0.630949579277774, 0.6538076763446158, 0.6728804084422512, 0.7781774889453713, 0.6910947579726713, 0.5967557905781903], [-0.2949937213817577, 1.250692385107975, 0.0, 0.18694044313415523, 0.6088785699682687, 0.1366464141273775, 0.2817362096596369, 0.6737966376841125, 0.4345792114114835, 0.2816326863779244, 0.007671947615560004, 0.623880443424264, 0.6548079288536811, 0.6888762992626075, 0.7860992510772271, 0.7084880938617585, 0.6046401615593044], [-0.35597399432458277, 1.3185183186521512, 0.0, 0.17254627828459343, 0.6256327509099892, 0.1326960137379058, 0.2591787186618951, 0.6780514087177432, 0.4070899609490082, 0.2855190104339307, 0.007336964783822175, 0.6408645773954018, 0.6496649918807208, 0.6723890329996859, 0.7781031322109163, 0.6913811837610371, 0.6033049868806322], [-0.1804197470527198, 1.2676259517075465, 0.0, 0.19571854404375488, 0.6226786111395558, 0.12858254113705478, 0.2538864367501802, 0.6820692525603933, 0.3820694427715865, 0.26971936909545424, 0.007783488497544067, 0.6272779902281791, 0.634401444027847, 0.6573732890157785, 0.7704177569447228, 0.6722018924172269, 0.6090350997312692], [-0.290727911461369, 1.476640618872936, 0.0, 0.2322171365521521, 0.6591611174238805, 0.12777987274257768, 0.34730734341528874, 0.6839953467219584, 0.37008519613653856, 0.3019035810324655, 0.007001439975721224, 0.6237251195140359, 0.6522705283529634, 0.6731537250883801, 0.7822383177696817, 0.6738769631749678, 0.6092956287407701], [-0.13666971746917467, 1.3829171613365756, 0.0, 0.19955550532517277, 0.648234000874865, 0.1271399620083154, 0.3257418603821769, 0.6842914914493459, 0.38450620764666343, 0.2869689482247122, 0.007336964783822175, 0.6245400492485806, 0.6513497119573735, 0.6827311064278566, 0.7747288202995875, 0.69182462749141, 0.6110217923254908], [-0.4270060543249605, 1.5001478469544038, 0.0, 0.18023568449195712, 0.6719981295597923, 0.12257640893462851, 0.333176545801679, 0.6880811415669872, 0.3454324944144289, 0.29755505547534367, 0.00655322669591385, 0.6265264709916987, 0.6490272018504912, 0.673365171607907, 0.7723521676591849, 0.6945458440000299, 0.5798902489323602], [-0.2392067504565003, 1.4834781687726486, 0.0, 0.28961065503410344, 0.680736096617073, 0.11542340028127158, 0.35948169659924717, 0.6912955437517412, 0.31281764500306775, 0.2826386776354932, 0.006609306440138685, 0.607641438843487, 0.6380151644954174, 0.660523161827958, 0.7526491116328815, 0.6749554921416496, 0.5656340555963397], [-0.40323311230998726, 1.5076078787501295, 0.0, 0.22783942082083136, 0.6897075655509478, 0.11287163826091001, 0.40895392532002434, 0.6923625216510267, 0.2980333713344323, 0.28068767761079383, 0.00655322669591385, 0.6191144192729592, 0.6520806124564249, 0.6593564361549173, 0.7519265964839308, 0.6832675234031562, 0.5621283211290913]], "features_2": [[0.6537541715534858, 1.064418330600385, 0.0, 0.2160980556107317, 0.580842878063432, 0.12940441091892013, 0.2800854999048738, 0.6822510999989105, 0.38015531303960803, 0.23109077122984734, 0.007560346756364078, 0.5894157112966125, 0.6584568059691042, 0.694710150520444, 0.7830687891202436, 0.7075527327828801, 0.6072403213131174], [0.9081781062207823, 1.047183973089639, 0.0, 0.25589080766329614, 0.569573724390123, 0.13458908589390323, 0.21639063360237926, 0.6759511965830578, 0.41842314214664866, 0.23426986202442213, 0.007671947615560004, 0.5938346984904292, 0.6474152481905048, 0.6761196039118238, 0.7852784890526023, 0.7099568970814244, 0.615749181669026], [0.7812946450871068, 1.1014843043814382, 0.0, 0.22634157244857728, 0.5914676731397691, 0.12997660446976295, 0.2885361695213128, 0.682064013276729, 0.39730265582519864, 0.23950670276750685, 0.007448685839370306, 0.5889900314077354, 0.6390019181487733, 0.6809645904291934, 0.7842631248023262, 0.7091793427563041, 0.6121452154553968], [0.34417893178493664, 1.1251559815602672, 0.0, 0.21482909024293448, 0.6027309087263839, 0.12427297623135342, 0.3538897596089072, 0.6870533239975734, 0.35330901399169234, 0.2359555547959833, 0.007001439975721224, 0.6026266503564384, 0.6398341546934333, 0.6704404339338115, 0.7779966536261185, 0.7012710997375589, 0.5945393667773621], [1.0282555031704206, 1.178545580121438, 0.0, 0.29025666660045774, 0.6087903193285383, 0.12945587655166885, 0.41309658574198876, 0.6834551280673102, 0.3737171090081828, 0.24603690235805487, 0.007392832833969631, 0.5848151415700438, 0.6500122854949604, 0.6590775457291979, 0.7819869231827831, 0.7025743672965865, 0.594021462086984], [1.2699972091866014, 1.2001382085160606, 0.0, 0.2531192991923103, 0.6199264416737008, 0.1257461033273208, 0.3639241438644142, 0.686064409764735, 0.378526488539652, 0.2460508602377487, 0.007336964783822175, 0.5810492402873089, 0.630941783714806, 0.6473614394410696, 0.7787441887922736, 0.7047878638040677, 0.6095351215606019], [-0.07457647346052854, 1.493169857758531, 0.0, 0.16124094503035927, 0.6781712743374102, 0.1175785133981185, 0.47053694924901424, 0.6912491146099453, 0.3116983196210772, 0.28310351334080974, 0.006497131753992358, 0.6141059897541967, 0.6432959171493167, 0.6585307246299551, 0.7696933368412238, 0.7059589544945383, 0.536922176145966], [2.019835155812422, 1.6573151982237107, 0.0, 0.3172475137108558, 0.7209103176227837, 0.10937873389134031, 0.6599845008215709, 0.6930751088586335, 0.28090719795266805, 0.27674744503981397, 0.006160242374180447, 0.5454357011806579, 0.6092970148719061, 0.5814811459848033, 0.7406679717137653, 0.6630564928112971, 0.5591783476043718], [2.0495418231867832, 1.877205396529165, 0.0, 0.28185396145807906, 0.7528721418353833, 0.10635436737640697, 0.643622546350791, 0.6931193614252686, 0.2700094302969953, 0.297873041181145, 0.005935344193631176, 0.5405621506506013, 0.6182977094312422, 0.6156201165543723, 0.7353632530779077, 0.6697545059525456, 0.5280864250917161]]}