{"labels_1": ["1", "2", "3", "4", "5", "6", "7", "8", "9"], "labels_2": ["1", "2", "3", "4", "5", "6", "7", "8", "9"], "adj_matrix_1": [[0.0, 0.19483, 0.16026, 0.04013, 0.07326, 0.02905, 0.00148, 0.08586, 0.15883], [0.19483, 0.0, 0.32477, 0.15863, 0.12735, 0.21993, 0.19593, 0.11515, 0.32342], [0.16026, 0.32477, 0.0, 0.19728, 0.22683, 0.13267, 0.1589, 0.23778, 0.0014], [0.04013, 0.15863, 0.19728, 0.0, 0.03341, 0.06897, 0.04159, 0.04618, 0.19587], [0.07326, 0.12735, 0.22683, 0.03341, 0.0, 0.10175, 0.07473, 0.01284, 0.22554], [0.02905, 0.21993, 0.13267, 0.06897, 0.10175, 0.0, 0.02758, 0.11416, 0.13129], [0.00148, 0.19593, 0.1589, 0.04159, 0.07473, 0.02758, 0.0, 0.08733, 0.15757], [0.08586, 0.11515, 0.23778, 0.04618, 0.01284, 0.11416, 0.08733, 0.0, 0.2365], [0.15883, 0.32342, 0.0014, 0.19587, 0.22554, 0.13129, 0.15757, 0.2365, 0.0]], "adj_matrix_2": [[0.0, 0.01306, 0.07071, 0.03866, 0.1849, 0.16344, 0.1695, 0.11329, 0.1149], [0.01306, 0.0, 0.08221, 0.05115, 0.17831, 0.16792, 0.17317, 0.10485, 0.10641], [0.07071, 0.08221, 0.0, 0.03381, 0.21193, 0.1219, 0.13221, 0.16382, 0.16549], [0.03866, 0.05115, 0.03381, 0.0, 0.20144, 0.14442, 0.15282, 0.13967, 0.14137], [0.1849, 0.17831, 0.21193, 0.20144, 0.0, 0.19916, 0.19297, 0.25244, 0.24856], [0.16344, 0.16792, 0.1219, 0.14442, 0.19916, 0.0, 0.014, 0.24758, 0.24824], [0.1695, 0.17317, 0.13221, 0.15282, 0.19297, 0.014, 0.0, 0.25416, 0.25461], [0.11329, 0.10485, 0.16382, 0.13967, 0.25244, 0.24758, 0.25416, 0.0, 0.00677], [0.1149, 0.10641, 0.16549, 0.14137, 0.24856, 0.24824, 0.25461, 0.00677, 0.0]], "features_1": [[-0.3831938779490134, 1.231540128695244, 0.0, 0.1511270424378707, 0.6091477351005455, 0.13330496967365993, 0.2521320333230605, 0.6770939618295699, 0.3993167651547047, 0.2701222229309581, 0.007336964783822175, 0.630949579277774, 0.6538076763446158, 0.6728804084422512, 0.7781774889453713, 0.6910947579726713, 0.5967557905781903], [-0.2949937213817577, 1.250692385107975, 0.0, 0.18694044313415523, 0.6088785699682687, 0.1366464141273775, 0.2817362096596369, 0.6737966376841125, 0.4345792114114835, 0.2816326863779244, 0.007671947615560004, 0.623880443424264, 0.6548079288536811, 0.6888762992626075, 0.7860992510772271, 0.7084880938617585, 0.6046401615593044], [-0.35597399432458277, 1.3185183186521512, 0.0, 0.17254627828459343, 0.6256327509099892, 0.1326960137379058, 0.2591787186618951, 0.6780514087177432, 0.4070899609490082, 0.2855190104339307, 0.007336964783822175, 0.6408645773954018, 0.6496649918807208, 0.6723890329996859, 0.7781031322109163, 0.6913811837610371, 0.6033049868806322], [-0.1804197470527198, 1.2676259517075465, 0.0, 0.19571854404375488, 0.6226786111395558, 0.12858254113705478, 0.2538864367501802, 0.6820692525603933, 0.3820694427715865, 0.26971936909545424, 0.007783488497544067, 0.6272779902281791, 0.634401444027847, 0.6573732890157785, 0.7704177569447228, 0.6722018924172269, 0.6090350997312692], [-0.290727911461369, 1.476640618872936, 0.0, 0.2322171365521521, 0.6591611174238805, 0.12777987274257768, 0.34730734341528874, 0.6839953467219584, 0.37008519613653856, 0.3019035810324655, 0.007001439975721224, 0.6237251195140359, 0.6522705283529634, 0.6731537250883801, 0.7822383177696817, 0.6738769631749678, 0.6092956287407701], [-0.13666971746917467, 1.3829171613365756, 0.0, 0.19955550532517277, 0.648234000874865, 0.1271399620083154, 0.3257418603821769, 0.6842914914493459, 0.38450620764666343, 0.2869689482247122, 0.007336964783822175, 0.6245400492485806, 0.6513497119573735, 0.6827311064278566, 0.7747288202995875, 0.69182462749141, 0.6110217923254908], [-0.4270060543249605, 1.5001478469544038, 0.0, 0.18023568449195712, 0.6719981295597923, 0.12257640893462851, 0.333176545801679, 0.6880811415669872, 0.3454324944144289, 0.29755505547534367, 0.00655322669591385, 0.6265264709916987, 0.6490272018504912, 0.673365171607907, 0.7723521676591849, 0.6945458440000299, 0.5798902489323602], [-0.2392067504565003, 1.4834781687726486, 0.0, 0.28961065503410344, 0.680736096617073, 0.11542340028127158, 0.35948169659924717, 0.6912955437517412, 0.31281764500306775, 0.2826386776354932, 0.006609306440138685, 0.607641438843487, 0.6380151644954174, 0.660523161827958, 0.7526491116328815, 0.6749554921416496, 0.5656340555963397], [-0.40323311230998726, 1.5076078787501295, 0.0, 0.22783942082083136, 0.6897075655509478, 0.11287163826091001, 0.40895392532002434, 0.6923625216510267, 0.2980333713344323, 0.28068767761079383, 0.00655322669591385, 0.6191144192729592, 0.6520806124564249, 0.6593564361549173, 0.7519265964839308, 0.6832675234031562, 0.5621283211290913]], "features_2": [[2.975766440203892, 1.5675670564599267, 0.0, 0.226176180557533, 0.6535949521405965, 0.1462279240661708, 0.34581939466823075, 0.6709068285257618, 0.45891776341565005, 0.31751022135904083, 0.007671947615560004, 0.5675823517612946, 0.640933509555129, 0.6435148336456044, 0.8320167857000286, 0.7332101836293934, 0.6479354922086167], [3.2355086739846417, 1.6724386115874332, 0.0, 0.2344930940331566, 0.6608402108328897, 0.14908049462215456, 0.2841941963825668, 0.66488463995259, 0.46634593674017544, 0.3352985353678839, 0.007894969482732161, 0.5628307097682974, 0.6373231879784886, 0.6431971908131552, 0.829967614543499, 0.7141173340481956, 0.6418749782242416], [1.5722731556100058, 1.4716895945686679, 0.0, 0.24809241004555221, 0.6543488103390287, 0.13541239594897117, 0.3577130551414349, 0.6795212028836847, 0.41446192149640804, 0.29851777505677823, 0.007560346756364078, 0.574409590386104, 0.6392371123117168, 0.6589110232414847, 0.8091096280503387, 0.6994299232308646, 0.6284098490037079], [1.8779776649001256, 1.3595509351883677, 0.0, 0.2556059028019629, 0.6315491997017044, 0.13863335118752898, 0.3613082767284169, 0.6771818746999794, 0.4347749468656401, 0.282645674090785, 0.007616154688146137, 0.5711531336580449, 0.6370781206095286, 0.6435005794362678, 0.8178874204006379, 0.7093505040906057, 0.6391375311399627], [0.7688015662400174, 1.6706199352528575, 0.0, 0.2073263824029872, 0.6781063384293409, 0.14069820906332667, 0.4201071619253732, 0.6784383919680366, 0.42535617692497185, 0.33831284500587255, 0.007281081678807366, 0.5882561298639271, 0.6675934756954244, 0.6932587192360968, 0.8267753724296242, 0.7129674407533326, 0.6453074713528859], [0.8051344076542044, 1.4240226165789538, 0.0, 0.23915823194995786, 0.6582124163514326, 0.1288866116072599, 0.4500344116011469, 0.686038164257658, 0.39006823585315953, 0.28490105896946893, 0.0069454663283523566, 0.5815356221084871, 0.6549366106797649, 0.6685548774379229, 0.8019697983726313, 0.7096372490415848, 0.6114383168575068], [1.5061702239114245, 1.467341987343806, 0.0, 0.21324729807645562, 0.6511361328585414, 0.14029393108904661, 0.431810027554328, 0.6789513947490075, 0.43814394840798143, 0.3047251656803307, 0.008062078829516484, 0.5737147388503339, 0.6674793191276783, 0.6457376170531994, 0.8277523477808225, 0.7273078741472678, 0.6211298911801338], [-0.09563401873443711, 1.4244359300209122, 0.0, 0.22175834203927375, 0.6741252786394951, 0.11396572261412538, 0.5459190476316585, 0.6925282003158195, 0.2875402146508106, 0.2641397531542502, 0.005879081395912644, 0.6009589994727855, 0.6491402515529602, 0.6597846326513607, 0.7679186270350535, 0.6932723685019917, 0.5494264458215672], [-0.09447430491625441, 1.3955185587703867, 0.0, 0.19799285942133998, 0.67345698055931, 0.11282418820223228, 0.5860777560173147, 0.6928385055422326, 0.28386363962478733, 0.25733697688397594, 0.00655322669591385, 0.596353113897184, 0.6638377732288291, 0.6771549198583396, 0.7690928027196012, 0.6781702238779704, 0.5415376966515401]]}