{"labels_1": ["1", "2", "3", "4", "5", "6", "7", "8", "9"], "labels_2": ["1", "2", "3", "4", "5", "6", "7", "8", "9"], "adj_matrix_1": [[0.0, 0.30678, 0.16143, 0.04573, 0.31445, 0.25258, 0.024, 0.10162, 0.24344], [0.30678, 0.0, 0.27331, 0.30178, 0.10402, 0.21902, 0.30653, 0.2907, 0.29524], [0.16143, 0.27331, 0.0, 0.11915, 0.23237, 0.11418, 0.18238, 0.06399, 0.35282], [0.04573, 0.30178, 0.11915, 0.0, 0.29696, 0.21859, 0.06941, 0.05688, 0.27933], [0.31445, 0.10402, 0.23237, 0.29696, 0.0, 0.14418, 0.32188, 0.27, 0.35893], [0.25258, 0.21902, 0.11418, 0.21859, 0.14418, 0.0, 0.26847, 0.17178, 0.3848], [0.024, 0.30653, 0.18238, 0.06941, 0.32188, 0.26847, 0.0, 0.12458, 0.22392], [0.10162, 0.2907, 0.06399, 0.05688, 0.27, 0.17178, 0.12458, 0.0, 0.31888], [0.24344, 0.29524, 0.35282, 0.27933, 0.35893, 0.3848, 0.22392, 0.31888, 0.0]], "adj_matrix_2": [[0.0, 0.24424, 0.02748, 0.1793, 0.33402, 0.35419, 0.30981, 0.23348, 0.06671], [0.24424, 0.0, 0.26132, 0.08281, 0.14845, 0.1884, 0.10424, 0.28855, 0.19436], [0.02748, 0.26132, 0.0, 0.201, 0.34168, 0.35915, 0.32038, 0.21972, 0.09316], [0.1793, 0.08281, 0.201, 0.0, 0.22159, 0.25722, 0.18134, 0.28485, 0.12019], [0.33402, 0.14845, 0.34168, 0.22159, 0.0, 0.0433, 0.04636, 0.27746, 0.30597], [0.35419, 0.1884, 0.35915, 0.25722, 0.0433, 0.0, 0.08918, 0.27251, 0.33209], [0.30981, 0.10424, 0.32038, 0.18134, 0.04636, 0.08918, 0.0, 0.28202, 0.2752], [0.23348, 0.28855, 0.21972, 0.28485, 0.27746, 0.27251, 0.28202, 0.0, 0.25971], [0.06671, 0.19436, 0.09316, 0.12019, 0.30597, 0.33209, 0.2752, 0.25971, 0.0]], "features_1": [[-0.12490546131282709, 1.3037020174739706, 0.0, 0.2502487125843729, 0.6227181604999189, 0.12900261630375737, 0.2473540752552516, 0.6822228006602977, 0.3760032750711757, 0.27611496803190216, 0.00677745458930179, 0.6225003047917119, 0.6443734442693594, 0.6557650803040994, 0.7748302667946911, 0.6685296332092246, 0.6043503622336834], [0.2300895986750393, 1.3544680769231, 0.0, 0.26137863341647527, 0.6368190238780314, 0.1292409790348806, 0.30986944997166715, 0.683821701200019, 0.38575417367466347, 0.28153689886388267, 0.007448685839370306, 0.5924533624265125, 0.6432888387772989, 0.6629848422351541, 0.783662196713636, 0.6892300261266591, 0.5957777260029102], [0.35837659360153795, 1.383633003075073, 0.0, 0.27194456844534554, 0.6398237577142094, 0.12829555692496378, 0.27659563280124927, 0.6834230031144809, 0.38063032911623895, 0.28417966137399797, 0.007001439975721224, 0.6007153465359876, 0.6579623056192753, 0.6650106932625957, 0.7757959524696507, 0.6791038887502816, 0.6011980812487943], [0.03296782195798276, 1.3637593467222584, 0.0, 0.23300570252750094, 0.634576020448789, 0.1278580495154356, 0.23780707055578104, 0.6828054159833303, 0.37584283902614835, 0.28497699204138405, 0.007225183508792421, 0.6169657148139105, 0.6395121674613446, 0.660661725415457, 0.7714412047454045, 0.6824882283001469, 0.602213570738219], [0.2738023740177158, 1.7651042221638173, 0.0, 0.27659024889511435, 0.7172831079680467, 0.11785010859738707, 0.507694543046771, 0.6915398415108485, 0.30030475525443423, 0.3155525654141751, 0.006104040759826512, 0.5930303587773595, 0.6421550739468551, 0.6487831820608664, 0.7737328012854865, 0.6797607023971368, 0.5424186434771163], [0.22277541448713833, 1.4528462973980651, 0.0, 0.2627198807478237, 0.6659526774333356, 0.1210257539233868, 0.37544515333413175, 0.6892936850254754, 0.3440931691435225, 0.28396229546074303, 0.0066653709969386465, 0.5905706263824064, 0.6562852628436743, 0.6726130771412752, 0.7704217507334185, 0.6869829822503065, 0.5858341868339247], [-0.35809809724681907, 1.7466925691279578, 0.0, 0.20518181902485913, 0.7066388133218382, 0.11816265553330843, 0.354242737768039, 0.6902472558097814, 0.32588253308314186, 0.32837188218704405, 0.006889477554966383, 0.6116497242049139, 0.6343451553948403, 0.6537409787982242, 0.760693022446025, 0.6695885263240196, 0.5553764512642179], [0.04575512267573778, 1.6299142806989328, 0.0, 0.2685998655698948, 0.7231817555042054, 0.10030323944716533, 0.470858703956975, 0.6923624238586439, 0.2266953232269724, 0.26676551955915495, 0.005484812216699497, 0.5865721387388467, 0.6314011014243982, 0.6225848871586555, 0.718661748475523, 0.637783400348467, 0.46826799386559903], [-0.4382727282113894, 1.819919886489817, 0.0, 0.20652778526549964, 0.7419774564426983, 0.1036286235610591, 0.4265235669949156, 0.6930222115246087, 0.2456199625053226, 0.3030008045821275, 0.005428426552106513, 0.6069418554913146, 0.6479063111798645, 0.651600794485644, 0.7253329561337282, 0.6382114273695575, 0.513695640233129]], "features_2": [[0.4274253695022674, 1.1211046084007465, 0.0, 0.2893494590950195, 0.6169968789452706, 0.12087880224725417, 0.4328386510481835, 0.6899201497941698, 0.36544394518425216, 0.23443872923956954, 0.007336964783822175, 0.5926553877473739, 0.6455588214261113, 0.6626406816893537, 0.7775199982295002, 0.682974032790813, 0.6048412345801102], [0.004001962846819307, 1.153321106300137, 0.0, 0.25510832773417597, 0.6136120355178434, 0.12628698059309712, 0.3619921614287797, 0.6863529047721815, 0.38840547532623715, 0.24794329947058258, 0.006889477554966383, 0.6178234482611984, 0.6740228337834723, 0.694836040980853, 0.7839386095708356, 0.7038767283072712, 0.6044378971260698], [0.3924660278772172, 1.1770149410026354, 0.0, 0.2732133342321961, 0.6356744717345182, 0.11929734920684967, 0.4843348676813008, 0.6910002241257817, 0.36091930155914564, 0.2417450908727894, 0.007281081678807366, 0.5937175083710571, 0.6517197696356541, 0.6783143008955428, 0.7766532763607258, 0.6927932293120089, 0.5932274835361873], [0.311247216270929, 1.211161032062761, 0.0, 0.29544969780987373, 0.6406505678568255, 0.11777399013028506, 0.4643204437928553, 0.6913429927618162, 0.3445484133292287, 0.24290502153189686, 0.00711334193318236, 0.6023562564669733, 0.6567828707347726, 0.6676080034650631, 0.7715698106872634, 0.6812813091039904, 0.5899181224682251], [-0.2504814783528606, 1.4709530136424849, 0.0, 0.28429075728332553, 0.6757216066922991, 0.11906314255793018, 0.4607400561778675, 0.690788900965998, 0.318059052129541, 0.28214882702228494, 0.006160242374180447, 0.6179740137777214, 0.655361272188159, 0.6531810163177821, 0.7714971525493308, 0.6957961442536884, 0.5495109952564967], [0.013870471228878856, 1.2825801549310452, 0.0, 0.2789250174634322, 0.6638359268047881, 0.11452659863613121, 0.5854651201561396, 0.6927017783012062, 0.336716499381295, 0.2517921296126313, 0.00711334193318236, 0.6144260758386553, 0.6799015761529489, 0.6770219937096528, 0.772941710024936, 0.6880865283567486, 0.5719911511936092], [-0.149783606983795, 1.5665648761444373, 0.0, 0.26208001364452477, 0.6976545828355316, 0.11277948044258466, 0.49627073108257064, 0.6926632543351652, 0.3035612986430467, 0.28777999249199215, 0.006104040759826512, 0.6062434389677931, 0.6577655636429905, 0.6654709954938303, 0.7611906046701999, 0.686287860656746, 0.5266275291592363], [0.720114284038265, 1.4597686290053393, 0.0, 0.2766878651350771, 0.6921842812385421, 0.1094070145951612, 0.5334095371234845, 0.6931000298569839, 0.29822056803706487, 0.2621187948208499, 0.006721420376576193, 0.5713998304919023, 0.6356176419918486, 0.6472074806330748, 0.7459429549906121, 0.6885434347961726, 0.5097332414081864], [0.5240410549203318, 1.4833452388979842, 0.0, 0.24968560115739633, 0.6866156360688033, 0.11228409535922772, 0.43868127711253846, 0.6925234042655414, 0.3075960697479043, 0.27012773725704187, 0.0064410216040902135, 0.5847685212966667, 0.6245775928880093, 0.6468761415591494, 0.7473699739672856, 0.6727067591857067, 0.548827621850253]]}