{"labels_1": ["1", "2", "3", "4", "5", "6", "7", "8", "9"], "labels_2": ["1", "2", "3", "4", "5", "6", "7", "8", "9"], "adj_matrix_1": [[0.0, 0.35149, 0.07983, 0.13612, 0.15399, 0.03516, 0.12516, 0.0235, 0.20885], [0.35149, 0.0, 0.3432, 0.32081, 0.29943, 0.35096, 0.32702, 0.35206, 0.25426], [0.07983, 0.3432, 0.0, 0.062, 0.21412, 0.04564, 0.04955, 0.05684, 0.2561], [0.13612, 0.32081, 0.062, 0.0, 0.24642, 0.10509, 0.01271, 0.11501, 0.27646], [0.15399, 0.29943, 0.21412, 0.24642, 0.0, 0.18235, 0.24171, 0.17363, 0.06785], [0.03516, 0.35096, 0.04564, 0.10509, 0.18235, 0.0, 0.09341, 0.01162, 0.23208], [0.12516, 0.32702, 0.04955, 0.01271, 0.24171, 0.09341, 0.0, 0.10413, 0.27433], [0.0235, 0.35206, 0.05684, 0.11501, 0.17363, 0.01162, 0.10413, 0.0, 0.22524], [0.20885, 0.25426, 0.2561, 0.27646, 0.06785, 0.23208, 0.27433, 0.22524, 0.0]], "adj_matrix_2": [[0.0, 0.06006, 0.17341, 0.05553, 0.15639, 0.2365, 0.13056, 0.22318, 0.24676], [0.06006, 0.0, 0.19995, 0.1103, 0.11244, 0.1965, 0.08149, 0.18017, 0.2228], [0.17341, 0.19995, 0.0, 0.13501, 0.31545, 0.29173, 0.2064, 0.30501, 0.21703], [0.05553, 0.1103, 0.13501, 0.0, 0.20093, 0.266, 0.16512, 0.25776, 0.25587], [0.15639, 0.11244, 0.31545, 0.20093, 0.0, 0.36054, 0.06391, 0.32389, 0.40802], [0.2365, 0.1965, 0.29173, 0.266, 0.36054, 0.0, 0.13669, 0.06162, 0.15245], [0.13056, 0.08149, 0.2064, 0.16512, 0.06391, 0.13669, 0.0, 0.12109, 0.17384], [0.22318, 0.18017, 0.30501, 0.25776, 0.32389, 0.06162, 0.12109, 0.0, 0.20518], [0.24676, 0.2228, 0.21703, 0.25587, 0.40802, 0.15245, 0.17384, 0.20518, 0.0]], "features_1": [[-0.02609737974953452, 1.1883583102173707, 0.0, 0.23792448627284923, 0.6126556002118058, 0.12922206668997221, 0.4075614046016177, 0.6834749804835126, 0.39425284322344756, 0.25940506635435434, 0.007727725548673403, 0.6105820851458288, 0.6673214441790034, 0.6906561838835876, 0.779797512885884, 0.6858263913346702, 0.6080686738118631], [-0.1378490583434031, 1.2987557170402007, 0.0, 0.20637657533800285, 0.632191790850552, 0.1308486932570674, 0.47365946322787167, 0.682662167162944, 0.3835983313458735, 0.27614020557826446, 0.00716927026363523, 0.6250846840905511, 0.6553810371493316, 0.6613863808599578, 0.7817964540297612, 0.6993338729206846, 0.6154982353256926], [0.16727704286070777, 1.2483051271428038, 0.0, 0.2757897532560582, 0.6291092796114826, 0.1264135800359163, 0.413438661639934, 0.6857918207529414, 0.3772536787195657, 0.26372899618938095, 0.007504523810135222, 0.6022767261354216, 0.6475680684393902, 0.6540814003258618, 0.775870085922948, 0.6827984988928933, 0.604405900528393], [0.3679677251762721, 1.2109653551629709, 0.0, 0.27382376508613265, 0.6230878706508658, 0.12512141039318792, 0.427401924325104, 0.6866111087293003, 0.37338662267389044, 0.2541554477318464, 0.007392832833969631, 0.5979126689595855, 0.6413328588873723, 0.6750839353306192, 0.7738030236682252, 0.7063122596579524, 0.6009559238105552], [0.2813726170735369, 1.5653887784937346, 0.0, 0.22910107887558712, 0.6828604137824884, 0.12403277987767733, 0.5459305662327167, 0.6884092832513415, 0.341967715313249, 0.3015295743639481, 0.00716927026363523, 0.595079379944691, 0.6511002424020049, 0.6600686925068282, 0.7767536423167674, 0.6866074888642492, 0.5826295294135325], [0.4388334740302047, 1.2852638101545495, 0.0, 0.2960278114459989, 0.6428706659582325, 0.12520162871889512, 0.562071309636923, 0.688100714745155, 0.3757403450740777, 0.2632392462656543, 0.007281081678807366, 0.603535274450004, 0.6563168385622938, 0.6626587678942356, 0.7809162474630592, 0.6973160756384807, 0.6048132748305033], [0.4878864483629024, 1.613833936645695, 0.0, 0.30062118171066027, 0.6975792861507006, 0.1189097326441635, 0.5300374631444711, 0.6908707751395708, 0.339233202993545, 0.30480339049540817, 0.006721420376576193, 0.5820788494685611, 0.6484246693545295, 0.6712742483479386, 0.7687514795398331, 0.6829360202538253, 0.541768099868876], [0.8796769192269775, 1.779212867966012, 0.0, 0.2349595257884346, 0.7334488135290604, 0.1121609916992114, 0.8388597848847155, 0.6929843383391563, 0.2960652308290861, 0.29892110819608364, 0.005991591679928909, 0.5633954433441, 0.6116145738021254, 0.6237816566996545, 0.7506807375940481, 0.6675775703225556, 0.5526899498693592], [0.07307583829095732, 1.521244253792173, 0.0, 0.2520146651273649, 0.6941711290117223, 0.1160174158664393, 0.8193497737445903, 0.692369501578245, 0.334285904765667, 0.28009836862057624, 0.00655322669591385, 0.6032826035550662, 0.6645785601012352, 0.6617138446997785, 0.7610992673514876, 0.6830204177676475, 0.5720019723640343]], "features_2": [[1.1672751770418186, 1.3891490881122335, 0.0, 0.2853959135113227, 0.6390825871683307, 0.12852972118377914, 0.21646764868610688, 0.6816391371301467, 0.37362554140921445, 0.2821846687282754, 0.007560346756364078, 0.5819459876037434, 0.6326997999499545, 0.6550368417427845, 0.7722636710463835, 0.6867099396503785, 0.6096984028412168], [0.7192574605715785, 1.3605977110409773, 0.0, 0.24581732727891972, 0.6255821752489116, 0.13522728247169152, 0.2036989943304917, 0.6749558545590053, 0.4033714554172092, 0.2920979668731227, 0.007894969482732161, 0.5861716973584676, 0.6278828638683654, 0.664483509350048, 0.783719742172872, 0.6859504766677381, 0.6091651163177776], [0.8380206357053286, 1.436722045151044, 0.0, 0.2651532259759623, 0.649205783815539, 0.1271034727590397, 0.20826159322574683, 0.6826564918937055, 0.357611100004144, 0.28647873016314307, 0.007336964783822175, 0.5897352434089023, 0.6027407731042432, 0.6151773136545009, 0.7664556782760261, 0.7003894485095634, 0.601446531943257], [1.2007194351934771, 1.3812834224517858, 0.0, 0.29788140080457887, 0.6414410057114351, 0.1250012898927432, 0.2077716456007465, 0.6841970159783983, 0.3512868366023836, 0.27341846759456745, 0.00683347364535547, 0.5733135922066412, 0.613824874872124, 0.6482416768859957, 0.7626063628904645, 0.7053784999143713, 0.6008221703050517], [-0.47478680196264467, 1.6781534362559543, 0.0, 0.17613399882182462, 0.6951815934897454, 0.12249797628170536, 0.4118368032591221, 0.6886322440773347, 0.3370279687145419, 0.3227636525295765, 0.0066653709969386465, 0.6323493335301089, 0.6396407774614437, 0.6363951775282519, 0.7735414589731593, 0.6902403000016578, 0.5738135939534381], [0.06701599177395545, 1.5117140505073432, 0.0, 0.2088948052495729, 0.6732763321581455, 0.12121148238442873, 0.3031463694873473, 0.6882209253335546, 0.33437731966029194, 0.2927132005089419, 0.006889477554966383, 0.6047450809528847, 0.6285073625366656, 0.643332870084429, 0.7625957492126479, 0.6754078635233751, 0.5887243917325966], [1.4151500147082459, 1.7307181605986852, 0.0, 0.32038513751771985, 0.7011124145377154, 0.12266122663216404, 0.3876544770057073, 0.6877940708558836, 0.3435485109459717, 0.3211887821159045, 0.00677745458930179, 0.5573195857279964, 0.6329625557506235, 0.6561049272994387, 0.7650903762722403, 0.6747595197718633, 0.5657404816123612], [0.040231184021658706, 2.089935247353896, 0.0, 0.260761753060927, 0.7758500244292391, 0.10177513132853692, 0.5401368589011148, 0.6925941051337248, 0.24208538157290493, 0.3245518841839554, 0.005766509824583821, 0.5809669645966526, 0.6106174581710905, 0.6025645354885681, 0.7226928024673144, 0.6604953648048014, 0.4844261962768961], [0.49883332988705753, 1.8630818725339655, 0.0, 0.2898886077459163, 0.7467606372327357, 0.10379923551116262, 0.4410092635050873, 0.6929664470154517, 0.262255326667995, 0.3029070968587375, 0.006160242374180447, 0.5701775733262688, 0.6237178588380484, 0.6271167567234707, 0.7281607706388464, 0.6682630379107887, 0.4890499707466719]]}