{"labels_1": ["1", "2", "3", "4", "5", "6", "7", "8", "9"], "labels_2": ["1", "2", "3", "4", "5", "6", "7", "8", "9"], "adj_matrix_1": [[0.0, 0.35149, 0.07983, 0.13612, 0.15399, 0.03516, 0.12516, 0.0235, 0.20885], [0.35149, 0.0, 0.3432, 0.32081, 0.29943, 0.35096, 0.32702, 0.35206, 0.25426], [0.07983, 0.3432, 0.0, 0.062, 0.21412, 0.04564, 0.04955, 0.05684, 0.2561], [0.13612, 0.32081, 0.062, 0.0, 0.24642, 0.10509, 0.01271, 0.11501, 0.27646], [0.15399, 0.29943, 0.21412, 0.24642, 0.0, 0.18235, 0.24171, 0.17363, 0.06785], [0.03516, 0.35096, 0.04564, 0.10509, 0.18235, 0.0, 0.09341, 0.01162, 0.23208], [0.12516, 0.32702, 0.04955, 0.01271, 0.24171, 0.09341, 0.0, 0.10413, 0.27433], [0.0235, 0.35206, 0.05684, 0.11501, 0.17363, 0.01162, 0.10413, 0.0, 0.22524], [0.20885, 0.25426, 0.2561, 0.27646, 0.06785, 0.23208, 0.27433, 0.22524, 0.0]], "adj_matrix_2": [[0.0, 0.24424, 0.02748, 0.1793, 0.33402, 0.35419, 0.30981, 0.23348, 0.06671], [0.24424, 0.0, 0.26132, 0.08281, 0.14845, 0.1884, 0.10424, 0.28855, 0.19436], [0.02748, 0.26132, 0.0, 0.201, 0.34168, 0.35915, 0.32038, 0.21972, 0.09316], [0.1793, 0.08281, 0.201, 0.0, 0.22159, 0.25722, 0.18134, 0.28485, 0.12019], [0.33402, 0.14845, 0.34168, 0.22159, 0.0, 0.0433, 0.04636, 0.27746, 0.30597], [0.35419, 0.1884, 0.35915, 0.25722, 0.0433, 0.0, 0.08918, 0.27251, 0.33209], [0.30981, 0.10424, 0.32038, 0.18134, 0.04636, 0.08918, 0.0, 0.28202, 0.2752], [0.23348, 0.28855, 0.21972, 0.28485, 0.27746, 0.27251, 0.28202, 0.0, 0.25971], [0.06671, 0.19436, 0.09316, 0.12019, 0.30597, 0.33209, 0.2752, 0.25971, 0.0]], "features_1": [[-0.02609737974953452, 1.1883583102173707, 0.0, 0.23792448627284923, 0.6126556002118058, 0.12922206668997221, 0.4075614046016177, 0.6834749804835126, 0.39425284322344756, 0.25940506635435434, 0.007727725548673403, 0.6105820851458288, 0.6673214441790034, 0.6906561838835876, 0.779797512885884, 0.6858263913346702, 0.6080686738118631], [-0.1378490583434031, 1.2987557170402007, 0.0, 0.20637657533800285, 0.632191790850552, 0.1308486932570674, 0.47365946322787167, 0.682662167162944, 0.3835983313458735, 0.27614020557826446, 0.00716927026363523, 0.6250846840905511, 0.6553810371493316, 0.6613863808599578, 0.7817964540297612, 0.6993338729206846, 0.6154982353256926], [0.16727704286070777, 1.2483051271428038, 0.0, 0.2757897532560582, 0.6291092796114826, 0.1264135800359163, 0.413438661639934, 0.6857918207529414, 0.3772536787195657, 0.26372899618938095, 0.007504523810135222, 0.6022767261354216, 0.6475680684393902, 0.6540814003258618, 0.775870085922948, 0.6827984988928933, 0.604405900528393], [0.3679677251762721, 1.2109653551629709, 0.0, 0.27382376508613265, 0.6230878706508658, 0.12512141039318792, 0.427401924325104, 0.6866111087293003, 0.37338662267389044, 0.2541554477318464, 0.007392832833969631, 0.5979126689595855, 0.6413328588873723, 0.6750839353306192, 0.7738030236682252, 0.7063122596579524, 0.6009559238105552], [0.2813726170735369, 1.5653887784937346, 0.0, 0.22910107887558712, 0.6828604137824884, 0.12403277987767733, 0.5459305662327167, 0.6884092832513415, 0.341967715313249, 0.3015295743639481, 0.00716927026363523, 0.595079379944691, 0.6511002424020049, 0.6600686925068282, 0.7767536423167674, 0.6866074888642492, 0.5826295294135325], [0.4388334740302047, 1.2852638101545495, 0.0, 0.2960278114459989, 0.6428706659582325, 0.12520162871889512, 0.562071309636923, 0.688100714745155, 0.3757403450740777, 0.2632392462656543, 0.007281081678807366, 0.603535274450004, 0.6563168385622938, 0.6626587678942356, 0.7809162474630592, 0.6973160756384807, 0.6048132748305033], [0.4878864483629024, 1.613833936645695, 0.0, 0.30062118171066027, 0.6975792861507006, 0.1189097326441635, 0.5300374631444711, 0.6908707751395708, 0.339233202993545, 0.30480339049540817, 0.006721420376576193, 0.5820788494685611, 0.6484246693545295, 0.6712742483479386, 0.7687514795398331, 0.6829360202538253, 0.541768099868876], [0.8796769192269775, 1.779212867966012, 0.0, 0.2349595257884346, 0.7334488135290604, 0.1121609916992114, 0.8388597848847155, 0.6929843383391563, 0.2960652308290861, 0.29892110819608364, 0.005991591679928909, 0.5633954433441, 0.6116145738021254, 0.6237816566996545, 0.7506807375940481, 0.6675775703225556, 0.5526899498693592], [0.07307583829095732, 1.521244253792173, 0.0, 0.2520146651273649, 0.6941711290117223, 0.1160174158664393, 0.8193497737445903, 0.692369501578245, 0.334285904765667, 0.28009836862057624, 0.00655322669591385, 0.6032826035550662, 0.6645785601012352, 0.6617138446997785, 0.7610992673514876, 0.6830204177676475, 0.5720019723640343]], "features_2": [[0.4274253695022674, 1.1211046084007465, 0.0, 0.2893494590950195, 0.6169968789452706, 0.12087880224725417, 0.4328386510481835, 0.6899201497941698, 0.36544394518425216, 0.23443872923956954, 0.007336964783822175, 0.5926553877473739, 0.6455588214261113, 0.6626406816893537, 0.7775199982295002, 0.682974032790813, 0.6048412345801102], [0.004001962846819307, 1.153321106300137, 0.0, 0.25510832773417597, 0.6136120355178434, 0.12628698059309712, 0.3619921614287797, 0.6863529047721815, 0.38840547532623715, 0.24794329947058258, 0.006889477554966383, 0.6178234482611984, 0.6740228337834723, 0.694836040980853, 0.7839386095708356, 0.7038767283072712, 0.6044378971260698], [0.3924660278772172, 1.1770149410026354, 0.0, 0.2732133342321961, 0.6356744717345182, 0.11929734920684967, 0.4843348676813008, 0.6910002241257817, 0.36091930155914564, 0.2417450908727894, 0.007281081678807366, 0.5937175083710571, 0.6517197696356541, 0.6783143008955428, 0.7766532763607258, 0.6927932293120089, 0.5932274835361873], [0.311247216270929, 1.211161032062761, 0.0, 0.29544969780987373, 0.6406505678568255, 0.11777399013028506, 0.4643204437928553, 0.6913429927618162, 0.3445484133292287, 0.24290502153189686, 0.00711334193318236, 0.6023562564669733, 0.6567828707347726, 0.6676080034650631, 0.7715698106872634, 0.6812813091039904, 0.5899181224682251], [-0.2504814783528606, 1.4709530136424849, 0.0, 0.28429075728332553, 0.6757216066922991, 0.11906314255793018, 0.4607400561778675, 0.690788900965998, 0.318059052129541, 0.28214882702228494, 0.006160242374180447, 0.6179740137777214, 0.655361272188159, 0.6531810163177821, 0.7714971525493308, 0.6957961442536884, 0.5495109952564967], [0.013870471228878856, 1.2825801549310452, 0.0, 0.2789250174634322, 0.6638359268047881, 0.11452659863613121, 0.5854651201561396, 0.6927017783012062, 0.336716499381295, 0.2517921296126313, 0.00711334193318236, 0.6144260758386553, 0.6799015761529489, 0.6770219937096528, 0.772941710024936, 0.6880865283567486, 0.5719911511936092], [-0.149783606983795, 1.5665648761444373, 0.0, 0.26208001364452477, 0.6976545828355316, 0.11277948044258466, 0.49627073108257064, 0.6926632543351652, 0.3035612986430467, 0.28777999249199215, 0.006104040759826512, 0.6062434389677931, 0.6577655636429905, 0.6654709954938303, 0.7611906046701999, 0.686287860656746, 0.5266275291592363], [0.720114284038265, 1.4597686290053393, 0.0, 0.2766878651350771, 0.6921842812385421, 0.1094070145951612, 0.5334095371234845, 0.6931000298569839, 0.29822056803706487, 0.2621187948208499, 0.006721420376576193, 0.5713998304919023, 0.6356176419918486, 0.6472074806330748, 0.7459429549906121, 0.6885434347961726, 0.5097332414081864], [0.5240410549203318, 1.4833452388979842, 0.0, 0.24968560115739633, 0.6866156360688033, 0.11228409535922772, 0.43868127711253846, 0.6925234042655414, 0.3075960697479043, 0.27012773725704187, 0.0064410216040902135, 0.5847685212966667, 0.6245775928880093, 0.6468761415591494, 0.7473699739672856, 0.6727067591857067, 0.548827621850253]]}