{"labels_1": ["1", "2", "3", "4", "5", "6", "7", "8", "9"], "labels_2": ["1", "2", "3", "4", "5", "6", "7", "8", "9"], "adj_matrix_1": [[0.0, 0.35149, 0.07983, 0.13612, 0.15399, 0.03516, 0.12516, 0.0235, 0.20885], [0.35149, 0.0, 0.3432, 0.32081, 0.29943, 0.35096, 0.32702, 0.35206, 0.25426], [0.07983, 0.3432, 0.0, 0.062, 0.21412, 0.04564, 0.04955, 0.05684, 0.2561], [0.13612, 0.32081, 0.062, 0.0, 0.24642, 0.10509, 0.01271, 0.11501, 0.27646], [0.15399, 0.29943, 0.21412, 0.24642, 0.0, 0.18235, 0.24171, 0.17363, 0.06785], [0.03516, 0.35096, 0.04564, 0.10509, 0.18235, 0.0, 0.09341, 0.01162, 0.23208], [0.12516, 0.32702, 0.04955, 0.01271, 0.24171, 0.09341, 0.0, 0.10413, 0.27433], [0.0235, 0.35206, 0.05684, 0.11501, 0.17363, 0.01162, 0.10413, 0.0, 0.22524], [0.20885, 0.25426, 0.2561, 0.27646, 0.06785, 0.23208, 0.27433, 0.22524, 0.0]], "adj_matrix_2": [[0.0, 0.24813, 0.07327, 0.22317, 0.09242, 0.1033, 0.22475, 0.0272, 0.22879], [0.24813, 0.0, 0.19239, 0.03634, 0.30486, 0.16644, 0.03351, 0.2647, 0.02744], [0.07327, 0.19239, 0.0, 0.16244, 0.16154, 0.03098, 0.1645, 0.09941, 0.16941], [0.22317, 0.03634, 0.16244, 0.0, 0.28744, 0.13472, 0.00273, 0.24215, 0.00876], [0.09242, 0.30486, 0.16154, 0.28744, 0.0, 0.18892, 0.29011, 0.06594, 0.29343], [0.1033, 0.16644, 0.03098, 0.13472, 0.18892, 0.0, 0.1371, 0.12882, 0.14236], [0.22475, 0.03351, 0.1645, 0.00273, 0.29011, 0.1371, 0.0, 0.24527, 0.00607], [0.0272, 0.2647, 0.09941, 0.24215, 0.06594, 0.12882, 0.24527, 0.0, 0.24947], [0.22879, 0.02744, 0.16941, 0.00876, 0.29343, 0.14236, 0.00607, 0.24947, 0.0]], "features_1": [[-0.02609737974953452, 1.1883583102173707, 0.0, 0.23792448627284923, 0.6126556002118058, 0.12922206668997221, 0.4075614046016177, 0.6834749804835126, 0.39425284322344756, 0.25940506635435434, 0.007727725548673403, 0.6105820851458288, 0.6673214441790034, 0.6906561838835876, 0.779797512885884, 0.6858263913346702, 0.6080686738118631], [-0.1378490583434031, 1.2987557170402007, 0.0, 0.20637657533800285, 0.632191790850552, 0.1308486932570674, 0.47365946322787167, 0.682662167162944, 0.3835983313458735, 0.27614020557826446, 0.00716927026363523, 0.6250846840905511, 0.6553810371493316, 0.6613863808599578, 0.7817964540297612, 0.6993338729206846, 0.6154982353256926], [0.16727704286070777, 1.2483051271428038, 0.0, 0.2757897532560582, 0.6291092796114826, 0.1264135800359163, 0.413438661639934, 0.6857918207529414, 0.3772536787195657, 0.26372899618938095, 0.007504523810135222, 0.6022767261354216, 0.6475680684393902, 0.6540814003258618, 0.775870085922948, 0.6827984988928933, 0.604405900528393], [0.3679677251762721, 1.2109653551629709, 0.0, 0.27382376508613265, 0.6230878706508658, 0.12512141039318792, 0.427401924325104, 0.6866111087293003, 0.37338662267389044, 0.2541554477318464, 0.007392832833969631, 0.5979126689595855, 0.6413328588873723, 0.6750839353306192, 0.7738030236682252, 0.7063122596579524, 0.6009559238105552], [0.2813726170735369, 1.5653887784937346, 0.0, 0.22910107887558712, 0.6828604137824884, 0.12403277987767733, 0.5459305662327167, 0.6884092832513415, 0.341967715313249, 0.3015295743639481, 0.00716927026363523, 0.595079379944691, 0.6511002424020049, 0.6600686925068282, 0.7767536423167674, 0.6866074888642492, 0.5826295294135325], [0.4388334740302047, 1.2852638101545495, 0.0, 0.2960278114459989, 0.6428706659582325, 0.12520162871889512, 0.562071309636923, 0.688100714745155, 0.3757403450740777, 0.2632392462656543, 0.007281081678807366, 0.603535274450004, 0.6563168385622938, 0.6626587678942356, 0.7809162474630592, 0.6973160756384807, 0.6048132748305033], [0.4878864483629024, 1.613833936645695, 0.0, 0.30062118171066027, 0.6975792861507006, 0.1189097326441635, 0.5300374631444711, 0.6908707751395708, 0.339233202993545, 0.30480339049540817, 0.006721420376576193, 0.5820788494685611, 0.6484246693545295, 0.6712742483479386, 0.7687514795398331, 0.6829360202538253, 0.541768099868876], [0.8796769192269775, 1.779212867966012, 0.0, 0.2349595257884346, 0.7334488135290604, 0.1121609916992114, 0.8388597848847155, 0.6929843383391563, 0.2960652308290861, 0.29892110819608364, 0.005991591679928909, 0.5633954433441, 0.6116145738021254, 0.6237816566996545, 0.7506807375940481, 0.6675775703225556, 0.5526899498693592], [0.07307583829095732, 1.521244253792173, 0.0, 0.2520146651273649, 0.6941711290117223, 0.1160174158664393, 0.8193497737445903, 0.692369501578245, 0.334285904765667, 0.28009836862057624, 0.00655322669591385, 0.6032826035550662, 0.6645785601012352, 0.6617138446997785, 0.7610992673514876, 0.6830204177676475, 0.5720019723640343]], "features_2": [[-0.07321255342351929, 1.1139179472307286, 0.0, 0.2014207864250826, 0.5877774081630918, 0.13520832698243385, 0.2339936988970507, 0.6761494497716667, 0.4201128615216503, 0.2513991536958575, 0.007504523810135222, 0.6249891193809165, 0.6739347602975219, 0.6921987352615594, 0.7876598577725912, 0.6909917319294155, 0.6179035827108278], [0.11917876055431442, 1.1901257144959332, 0.0, 0.22241706270134928, 0.615722696229519, 0.12736299415392152, 0.35880717244690385, 0.6855006098281787, 0.37341579223688126, 0.24936306229449112, 0.00711334193318236, 0.6066042980881945, 0.6379675784342627, 0.6394155952094921, 0.7848242937109335, 0.7132338637634998, 0.5956228467653342], [-0.04548542588466287, 1.1844542411885741, 0.0, 0.2068570379574716, 0.6056575979108509, 0.13370551774349793, 0.2370012024821598, 0.6779686777522309, 0.41753489795738186, 0.2615686049227226, 0.007894969482732161, 0.6197724662304209, 0.6490243703975085, 0.667709320076878, 0.7841065215798586, 0.7035575195466461, 0.6136537180558469], [0.1877331392200028, 1.2104338837013489, 0.0, 0.2504735921236531, 0.6134163994983256, 0.13180945860437426, 0.26953226139209435, 0.6806675722484263, 0.41250607857535737, 0.2632029545171497, 0.007727725548673403, 0.6044091758363876, 0.6380089123929238, 0.6667216119848066, 0.7849359561507653, 0.7052280651358382, 0.6156811184605825], [-0.18411466682027156, 1.7190818912461998, 0.0, 0.18472349802355428, 0.7146533857807813, 0.11486704152035848, 0.5170274750332403, 0.6922892120907742, 0.28501574574923394, 0.30503070942242916, 0.005991591679928909, 0.6011441352932745, 0.646820764526031, 0.6469421255575775, 0.7661564596347483, 0.6896500096191123, 0.5030275404377826], [0.08435452035248803, 1.3210835981375217, 0.0, 0.22915469650411918, 0.641435511145356, 0.128052838793935, 0.3372519216829346, 0.684775520515631, 0.39864236829082067, 0.27555708272550894, 0.007783488497544067, 0.6158639352355162, 0.6545498505294849, 0.661845170062682, 0.782743175546132, 0.7083620527780339, 0.6039001673884021], [0.2174625147590672, 1.7511111153541132, 0.0, 0.26845470677794064, 0.7145083407459973, 0.11898697871996407, 0.449802255879051, 0.6908577210134231, 0.3333737657158622, 0.31995700657836434, 0.006272599803500922, 0.5971529816685399, 0.6398155764086884, 0.6683514008045093, 0.7730612838780214, 0.6954948389221672, 0.5485201058101948], [-0.10312322692491271, 1.8669947582704323, 0.0, 0.251519929735885, 0.742909837049949, 0.11054507775329021, 0.4667576169574879, 0.6929078370236144, 0.2843122002653644, 0.3200732048181001, 0.005766509824583821, 0.6012959922595145, 0.6400104663966827, 0.6480545651734837, 0.7478667553440526, 0.6747438515926892, 0.5346281773424703], [-0.03196192261314712, 1.9084218477774764, 0.0, 0.28433991104028933, 0.7441894247936499, 0.11380077962702338, 0.4945909142853999, 0.6922792773085696, 0.3051494840516662, 0.33299209405979924, 0.006328755639155359, 0.5867316993373128, 0.648054763151649, 0.660656274943699, 0.7523917371308446, 0.6689395026247703, 0.5495166084709747]]}