{"labels_1": ["1", "2", "3", "4", "5", "6", "7", "8", "9"], "labels_2": ["1", "2", "3", "4", "5", "6", "7", "8", "9"], "adj_matrix_1": [[0.0, 0.35149, 0.07983, 0.13612, 0.15399, 0.03516, 0.12516, 0.0235, 0.20885], [0.35149, 0.0, 0.3432, 0.32081, 0.29943, 0.35096, 0.32702, 0.35206, 0.25426], [0.07983, 0.3432, 0.0, 0.062, 0.21412, 0.04564, 0.04955, 0.05684, 0.2561], [0.13612, 0.32081, 0.062, 0.0, 0.24642, 0.10509, 0.01271, 0.11501, 0.27646], [0.15399, 0.29943, 0.21412, 0.24642, 0.0, 0.18235, 0.24171, 0.17363, 0.06785], [0.03516, 0.35096, 0.04564, 0.10509, 0.18235, 0.0, 0.09341, 0.01162, 0.23208], [0.12516, 0.32702, 0.04955, 0.01271, 0.24171, 0.09341, 0.0, 0.10413, 0.27433], [0.0235, 0.35206, 0.05684, 0.11501, 0.17363, 0.01162, 0.10413, 0.0, 0.22524], [0.20885, 0.25426, 0.2561, 0.27646, 0.06785, 0.23208, 0.27433, 0.22524, 0.0]], "adj_matrix_2": [[0.0, 0.07274, 0.05925, 0.04283, 0.01644, 0.0363, 0.26085, 0.25803, 0.28237], [0.07274, 0.0, 0.1291, 0.11372, 0.05663, 0.10755, 0.30396, 0.30206, 0.32104], [0.05925, 0.1291, 0.0, 0.01662, 0.07536, 0.02319, 0.21639, 0.21285, 0.24092], [0.04283, 0.11372, 0.01662, 0.0, 0.05908, 0.00658, 0.22958, 0.2262, 0.25334], [0.01644, 0.05663, 0.07536, 0.05908, 0.0, 0.0526, 0.27205, 0.26926, 0.29267], [0.0363, 0.10755, 0.02319, 0.00658, 0.0526, 0.0, 0.23464, 0.23133, 0.25808], [0.26085, 0.30396, 0.21639, 0.22958, 0.27205, 0.23464, 0.0, 0.00448, 0.02992], [0.25803, 0.30206, 0.21285, 0.2262, 0.26926, 0.23133, 0.00448, 0.0, 0.03437], [0.28237, 0.32104, 0.24092, 0.25334, 0.29267, 0.25808, 0.02992, 0.03437, 0.0]], "features_1": [[-0.02609737974953452, 1.1883583102173707, 0.0, 0.23792448627284923, 0.6126556002118058, 0.12922206668997221, 0.4075614046016177, 0.6834749804835126, 0.39425284322344756, 0.25940506635435434, 0.007727725548673403, 0.6105820851458288, 0.6673214441790034, 0.6906561838835876, 0.779797512885884, 0.6858263913346702, 0.6080686738118631], [-0.1378490583434031, 1.2987557170402007, 0.0, 0.20637657533800285, 0.632191790850552, 0.1308486932570674, 0.47365946322787167, 0.682662167162944, 0.3835983313458735, 0.27614020557826446, 0.00716927026363523, 0.6250846840905511, 0.6553810371493316, 0.6613863808599578, 0.7817964540297612, 0.6993338729206846, 0.6154982353256926], [0.16727704286070777, 1.2483051271428038, 0.0, 0.2757897532560582, 0.6291092796114826, 0.1264135800359163, 0.413438661639934, 0.6857918207529414, 0.3772536787195657, 0.26372899618938095, 0.007504523810135222, 0.6022767261354216, 0.6475680684393902, 0.6540814003258618, 0.775870085922948, 0.6827984988928933, 0.604405900528393], [0.3679677251762721, 1.2109653551629709, 0.0, 0.27382376508613265, 0.6230878706508658, 0.12512141039318792, 0.427401924325104, 0.6866111087293003, 0.37338662267389044, 0.2541554477318464, 0.007392832833969631, 0.5979126689595855, 0.6413328588873723, 0.6750839353306192, 0.7738030236682252, 0.7063122596579524, 0.6009559238105552], [0.2813726170735369, 1.5653887784937346, 0.0, 0.22910107887558712, 0.6828604137824884, 0.12403277987767733, 0.5459305662327167, 0.6884092832513415, 0.341967715313249, 0.3015295743639481, 0.00716927026363523, 0.595079379944691, 0.6511002424020049, 0.6600686925068282, 0.7767536423167674, 0.6866074888642492, 0.5826295294135325], [0.4388334740302047, 1.2852638101545495, 0.0, 0.2960278114459989, 0.6428706659582325, 0.12520162871889512, 0.562071309636923, 0.688100714745155, 0.3757403450740777, 0.2632392462656543, 0.007281081678807366, 0.603535274450004, 0.6563168385622938, 0.6626587678942356, 0.7809162474630592, 0.6973160756384807, 0.6048132748305033], [0.4878864483629024, 1.613833936645695, 0.0, 0.30062118171066027, 0.6975792861507006, 0.1189097326441635, 0.5300374631444711, 0.6908707751395708, 0.339233202993545, 0.30480339049540817, 0.006721420376576193, 0.5820788494685611, 0.6484246693545295, 0.6712742483479386, 0.7687514795398331, 0.6829360202538253, 0.541768099868876], [0.8796769192269775, 1.779212867966012, 0.0, 0.2349595257884346, 0.7334488135290604, 0.1121609916992114, 0.8388597848847155, 0.6929843383391563, 0.2960652308290861, 0.29892110819608364, 0.005991591679928909, 0.5633954433441, 0.6116145738021254, 0.6237816566996545, 0.7506807375940481, 0.6675775703225556, 0.5526899498693592], [0.07307583829095732, 1.521244253792173, 0.0, 0.2520146651273649, 0.6941711290117223, 0.1160174158664393, 0.8193497737445903, 0.692369501578245, 0.334285904765667, 0.28009836862057624, 0.00655322669591385, 0.6032826035550662, 0.6645785601012352, 0.6617138446997785, 0.7610992673514876, 0.6830204177676475, 0.5720019723640343]], "features_2": [[0.33902376142875745, 1.2346976533641825, 0.0, 0.22381884355068635, 0.6211325466559631, 0.12606015751663302, 0.3566400692896906, 0.6847756533667027, 0.3648843134918205, 0.2574606648657376, 0.007225183508792421, 0.5995185203732158, 0.6166473908870685, 0.6215130526563968, 0.7686205262796058, 0.6843461372678519, 0.5768872851174435], [0.08162139308144223, 1.1728162578074175, 0.0, 0.20220668058052324, 0.6086357842043942, 0.1279613131813952, 0.4553328149687452, 0.6843548769756966, 0.37309734401472294, 0.2504070687031099, 0.007504523810135222, 0.6067609267830845, 0.6194630720508635, 0.6459721167211122, 0.772972198469848, 0.6913400976994087, 0.5740473166242104], [0.5287006560272909, 1.3846305848671039, 0.0, 0.2220958266780926, 0.6485627157497312, 0.12543991398738336, 0.34335680869676466, 0.6852974514137391, 0.37113496021410275, 0.27996192995853164, 0.00716927026363523, 0.6014601759267533, 0.618173320576576, 0.626353532296231, 0.766133376551754, 0.6883464436066917, 0.576059129154161], [0.47180713849678835, 1.3635075291656167, 0.0, 0.22280964987242088, 0.6493589243835765, 0.12272313407301493, 0.38895422004824665, 0.6875150857856187, 0.3505794763119974, 0.2703648497020221, 0.007001439975721224, 0.595097933972911, 0.615493051730739, 0.6186270633408811, 0.7631401961479379, 0.6816892649886974, 0.5621689565972987], [0.19174931499545167, 1.3541337190884462, 0.0, 0.19680090020135554, 0.6488599056016485, 0.12170631023426645, 0.5704149012218614, 0.6892694689452719, 0.33209153370247346, 0.2672968395108555, 0.0069454663283523566, 0.6035088808464248, 0.6475522712658897, 0.657954560600145, 0.7668909618688998, 0.6777661319711047, 0.5525945342778528], [0.38001243094948656, 1.3538262340659801, 0.0, 0.21547418454575717, 0.6486766238346686, 0.12178772077358985, 0.38677328490517837, 0.6882191911902923, 0.3459652648225493, 0.2677328083242181, 0.007225183508792421, 0.6024269994237381, 0.624814194937649, 0.6342491171933332, 0.7639168812327476, 0.6875228093507971, 0.5716702178127109], [0.08735495361244716, 1.6082304795848248, 0.0, 0.19161885698268524, 0.7021981628945875, 0.11328445279095517, 0.5368980325465976, 0.6924311322404466, 0.3011243449174408, 0.29146903514712497, 0.0066653709969386465, 0.6046306711005291, 0.6334883714357665, 0.6389185257595748, 0.75437829823986, 0.6615382333417648, 0.519497164472542], [-0.2436355705268234, 1.341099854299697, 0.0, 0.20844877635071538, 0.6609486756783581, 0.11122758475276995, 0.5682069703892857, 0.6925860942512242, 0.2834993245238031, 0.25230891659655574, 0.006609306440138685, 0.607854217072777, 0.6298789595718703, 0.6347229437661668, 0.734864519293519, 0.6813903586075305, 0.5434854070616952], [-0.2895132919609438, 1.6148000599558863, 0.0, 0.2068656255927966, 0.708022060368448, 0.10726082106390498, 0.4455865483333916, 0.6930905464466353, 0.2603786434634958, 0.2826301661289947, 0.005991591679928909, 0.603655427853641, 0.6470758061987445, 0.6613126097087807, 0.7280869765615668, 0.65170356132218, 0.5148397698472594]]}