{"labels_1": ["1", "2", "3", "4", "5", "6", "7", "8", "9"], "labels_2": ["1", "2", "3", "4", "5", "6", "7", "8", "9"], "adj_matrix_1": [[0.0, 0.35149, 0.07983, 0.13612, 0.15399, 0.03516, 0.12516, 0.0235, 0.20885], [0.35149, 0.0, 0.3432, 0.32081, 0.29943, 0.35096, 0.32702, 0.35206, 0.25426], [0.07983, 0.3432, 0.0, 0.062, 0.21412, 0.04564, 0.04955, 0.05684, 0.2561], [0.13612, 0.32081, 0.062, 0.0, 0.24642, 0.10509, 0.01271, 0.11501, 0.27646], [0.15399, 0.29943, 0.21412, 0.24642, 0.0, 0.18235, 0.24171, 0.17363, 0.06785], [0.03516, 0.35096, 0.04564, 0.10509, 0.18235, 0.0, 0.09341, 0.01162, 0.23208], [0.12516, 0.32702, 0.04955, 0.01271, 0.24171, 0.09341, 0.0, 0.10413, 0.27433], [0.0235, 0.35206, 0.05684, 0.11501, 0.17363, 0.01162, 0.10413, 0.0, 0.22524], [0.20885, 0.25426, 0.2561, 0.27646, 0.06785, 0.23208, 0.27433, 0.22524, 0.0]], "adj_matrix_2": [[0.0, 0.01954, 0.03192, 0.15574, 0.23, 0.02967, 0.3019, 0.00036, 0.03455], [0.01954, 0.0, 0.05137, 0.13771, 0.21455, 0.01016, 0.29155, 0.01916, 0.01513], [0.03192, 0.05137, 0.0, 0.18438, 0.2545, 0.06142, 0.31803, 0.03225, 0.06621], [0.15574, 0.13771, 0.18438, 0.0, 0.08845, 0.12812, 0.1966, 0.15503, 0.12287], [0.23, 0.21455, 0.2545, 0.08845, 0.0, 0.20638, 0.12017, 0.2299, 0.20192], [0.02967, 0.01016, 0.06142, 0.12812, 0.20638, 0.0, 0.28598, 0.02932, 0.00501], [0.3019, 0.29155, 0.31803, 0.1966, 0.12017, 0.28598, 0.0, 0.30192, 0.28255], [0.00036, 0.01916, 0.03225, 0.15503, 0.2299, 0.02932, 0.30192, 0.0, 0.03432], [0.03455, 0.01513, 0.06621, 0.12287, 0.20192, 0.00501, 0.28255, 0.03432, 0.0]], "features_1": [[-0.02609737974953452, 1.1883583102173707, 0.0, 0.23792448627284923, 0.6126556002118058, 0.12922206668997221, 0.4075614046016177, 0.6834749804835126, 0.39425284322344756, 0.25940506635435434, 0.007727725548673403, 0.6105820851458288, 0.6673214441790034, 0.6906561838835876, 0.779797512885884, 0.6858263913346702, 0.6080686738118631], [-0.1378490583434031, 1.2987557170402007, 0.0, 0.20637657533800285, 0.632191790850552, 0.1308486932570674, 0.47365946322787167, 0.682662167162944, 0.3835983313458735, 0.27614020557826446, 0.00716927026363523, 0.6250846840905511, 0.6553810371493316, 0.6613863808599578, 0.7817964540297612, 0.6993338729206846, 0.6154982353256926], [0.16727704286070777, 1.2483051271428038, 0.0, 0.2757897532560582, 0.6291092796114826, 0.1264135800359163, 0.413438661639934, 0.6857918207529414, 0.3772536787195657, 0.26372899618938095, 0.007504523810135222, 0.6022767261354216, 0.6475680684393902, 0.6540814003258618, 0.775870085922948, 0.6827984988928933, 0.604405900528393], [0.3679677251762721, 1.2109653551629709, 0.0, 0.27382376508613265, 0.6230878706508658, 0.12512141039318792, 0.427401924325104, 0.6866111087293003, 0.37338662267389044, 0.2541554477318464, 0.007392832833969631, 0.5979126689595855, 0.6413328588873723, 0.6750839353306192, 0.7738030236682252, 0.7063122596579524, 0.6009559238105552], [0.2813726170735369, 1.5653887784937346, 0.0, 0.22910107887558712, 0.6828604137824884, 0.12403277987767733, 0.5459305662327167, 0.6884092832513415, 0.341967715313249, 0.3015295743639481, 0.00716927026363523, 0.595079379944691, 0.6511002424020049, 0.6600686925068282, 0.7767536423167674, 0.6866074888642492, 0.5826295294135325], [0.4388334740302047, 1.2852638101545495, 0.0, 0.2960278114459989, 0.6428706659582325, 0.12520162871889512, 0.562071309636923, 0.688100714745155, 0.3757403450740777, 0.2632392462656543, 0.007281081678807366, 0.603535274450004, 0.6563168385622938, 0.6626587678942356, 0.7809162474630592, 0.6973160756384807, 0.6048132748305033], [0.4878864483629024, 1.613833936645695, 0.0, 0.30062118171066027, 0.6975792861507006, 0.1189097326441635, 0.5300374631444711, 0.6908707751395708, 0.339233202993545, 0.30480339049540817, 0.006721420376576193, 0.5820788494685611, 0.6484246693545295, 0.6712742483479386, 0.7687514795398331, 0.6829360202538253, 0.541768099868876], [0.8796769192269775, 1.779212867966012, 0.0, 0.2349595257884346, 0.7334488135290604, 0.1121609916992114, 0.8388597848847155, 0.6929843383391563, 0.2960652308290861, 0.29892110819608364, 0.005991591679928909, 0.5633954433441, 0.6116145738021254, 0.6237816566996545, 0.7506807375940481, 0.6675775703225556, 0.5526899498693592], [0.07307583829095732, 1.521244253792173, 0.0, 0.2520146651273649, 0.6941711290117223, 0.1160174158664393, 0.8193497737445903, 0.692369501578245, 0.334285904765667, 0.28009836862057624, 0.00655322669591385, 0.6032826035550662, 0.6645785601012352, 0.6617138446997785, 0.7610992673514876, 0.6830204177676475, 0.5720019723640343]], "features_2": [[-0.37625138398146873, 0.946128615535562, 0.0, 0.2364426421717438, 0.5701970137063975, 0.1237562311792461, 0.449676338185688, 0.6885767597622598, 0.37761865661036054, 0.20778179650057949, 0.00683347364535547, 0.6211929147457074, 0.6646603926936283, 0.6796880271859406, 0.7864760462038892, 0.6745962353980317, 0.5955268425609105], [0.057756387835381506, 1.0552306294948899, 0.0, 0.24271987145144663, 0.5998540755048755, 0.1175854215347505, 0.5090176285728681, 0.6916144041087384, 0.3366498930198558, 0.21264990128413808, 0.006609306440138685, 0.6051808255605764, 0.6471959293211437, 0.663861170870376, 0.7752984812533871, 0.674189862362007, 0.5850575405422802], [-0.4013886699470146, 1.0663720845316529, 0.0, 0.2564190798287781, 0.6080140184276462, 0.11671696493034941, 0.5248294960841186, 0.6919136873246792, 0.33718498078810244, 0.2196281470249548, 0.006272599803500922, 0.6159945752319238, 0.6641301161759975, 0.6770167901848372, 0.7739500580109187, 0.6818862075963578, 0.5808424570114228], [-0.22087788443164458, 1.0160373503688342, 0.0, 0.32226441131093453, 0.6014891055980466, 0.11360497835198527, 0.5982593801945676, 0.692759447134436, 0.3241059649097555, 0.20594713507521067, 0.00683347364535547, 0.5946459469835601, 0.6693179641817956, 0.6774826430143395, 0.7718754180655761, 0.6741413395299072, 0.570496281626656], [-0.07959390144338929, 1.4664227021965788, 0.0, 0.2335777370519712, 0.6821644812972836, 0.10926807552311825, 0.5649035305484112, 0.6931093582418774, 0.2605427228679953, 0.2603667379067014, 0.005822803276368971, 0.5913533607462551, 0.6467952978637788, 0.6501556996204505, 0.7492883794827054, 0.657538840748314, 0.5050500882590692], [-0.31642102679172357, 1.2595821140532821, 0.0, 0.28508804456136716, 0.6585034821392928, 0.10794352385822824, 0.618274515431662, 0.693137378462195, 0.2949041817723268, 0.2373547380776313, 0.006272599803500922, 0.6059825956031879, 0.6599369239292034, 0.6748959036132146, 0.754146930267086, 0.6712611914491722, 0.5416473108918669], [0.29492781589538897, 1.5358898149696927, 0.0, 0.26466490735754555, 0.7024732306431611, 0.10456797578840141, 0.5567470990849209, 0.6929800382865692, 0.255328124016204, 0.2632044598225911, 0.006104040759826512, 0.5738443626924958, 0.6224459581783686, 0.6322239201068374, 0.7398194697107672, 0.675761767771657, 0.4739615361923022], [-0.13116800664254402, 1.478670023317006, 0.0, 0.2643175865255502, 0.7069735027745166, 0.09846893071606946, 0.5402796388486373, 0.6915698945419416, 0.23190075817006073, 0.24933420486094282, 0.005710201030130202, 0.5961583346424222, 0.6437423705237268, 0.6426639307691393, 0.7192467421661746, 0.6401729446452638, 0.5055770559834495], [0.03464868022441481, 1.7251432326970677, 0.0, 0.26496782965423454, 0.741512078415881, 0.09777256401822207, 0.5432214164145336, 0.6914031352848629, 0.22080969507390025, 0.2761437060120402, 0.005428426552106513, 0.5849362005802676, 0.6214767412318428, 0.622211429114639, 0.7154558697855903, 0.6334629764082803, 0.4913460431321534]]}