{"labels_1": ["1", "2", "3", "4", "5", "6", "7", "8", "9"], "labels_2": ["1", "2", "3", "4", "5", "6", "7", "8", "9"], "adj_matrix_1": [[0.0, 0.09746, 0.17476, 0.22897, 0.24092, 0.07424, 0.32034, 0.02315, 0.06526], [0.09746, 0.0, 0.14638, 0.05151, 0.16872, 0.11588, 0.03617, 0.10204, 0.11252], [0.17476, 0.14638, 0.0, 0.3134, 0.21342, 0.11063, 0.34436, 0.15564, 0.11865], [0.22897, 0.05151, 0.3134, 0.0, 0.20461, 0.27629, 0.13469, 0.24522, 0.27132], [0.24092, 0.16872, 0.21342, 0.20461, 0.0, 0.23863, 0.1756, 0.2401, 0.23829], [0.07424, 0.11588, 0.11063, 0.27629, 0.23863, 0.0, 0.34516, 0.05153, 0.00912], [0.32034, 0.03617, 0.34436, 0.13469, 0.1756, 0.34516, 0.0, 0.33053, 0.34362], [0.02315, 0.10204, 0.15564, 0.24522, 0.2401, 0.05153, 0.33053, 0.0, 0.04258], [0.06526, 0.11252, 0.11865, 0.27132, 0.23829, 0.00912, 0.34362, 0.04258, 0.0]], "adj_matrix_2": [[0.0, 0.10904, 0.01609, 0.16531, 0.26747, 0.12181, 0.01529, 0.08966, 0.34263], [0.10904, 0.0, 0.12362, 0.23522, 0.1946, 0.01395, 0.09472, 0.02043, 0.3141], [0.01609, 0.12362, 0.0, 0.15289, 0.27488, 0.13605, 0.03131, 0.10467, 0.34314], [0.16531, 0.23522, 0.15289, 0.0, 0.29366, 0.24188, 0.17616, 0.22377, 0.29421], [0.26747, 0.1946, 0.27488, 0.29366, 0.0, 0.18335, 0.26003, 0.21064, 0.16751], [0.12181, 0.01395, 0.13605, 0.24188, 0.18335, 0.0, 0.1078, 0.03431, 0.3077], [0.01529, 0.09472, 0.03131, 0.17616, 0.26003, 0.1078, 0.0, 0.07524, 0.34216], [0.08966, 0.02043, 0.10467, 0.22377, 0.21064, 0.03431, 0.07524, 0.0, 0.32328], [0.34263, 0.3141, 0.34314, 0.29421, 0.16751, 0.3077, 0.34216, 0.32328, 0.0]], "features_1": [[0.5513322054737384, 1.1743463493208979, 0.0, 0.2429036749398343, 0.6130302546691051, 0.12540171380292692, 0.3193884922257396, 0.6856977823356352, 0.36028462831835584, 0.24421794805104602, 0.00711334193318236, 0.5957175822952476, 0.6472841793476891, 0.6677488028581878, 0.7725611624591162, 0.6891451274856262, 0.5873446757602878], [1.654309397074444, 1.1321561373821478, 0.0, 0.333436100882787, 0.585294014210278, 0.13657079063379396, 0.18042716091009298, 0.6733158612080886, 0.4164924723244765, 0.2512261124406634, 0.007560346756364078, 0.5721584122960865, 0.6260740702936307, 0.6658521747789441, 0.78230966041773, 0.7011548057253334, 0.6072550636920683], [0.5090825502782228, 1.3054533437685774, 0.0, 0.24740981442907728, 0.6377903931774522, 0.1237273604343323, 0.2741399996794819, 0.6862016513609168, 0.34799493278450977, 0.2630620028462254, 0.006889477554966383, 0.5888609397985634, 0.6416106159327033, 0.6681104453185331, 0.7631025908035007, 0.6681674174765089, 0.5782693853033302], [-0.07255437669617981, 1.2213036593981508, 0.0, 0.20348894441782234, 0.6285627227904513, 0.12138399437829575, 0.3741803351517767, 0.6887145498482531, 0.33248163805178765, 0.2485505879178025, 0.00683347364535547, 0.6068347696650689, 0.6226130779983452, 0.647428005850781, 0.7671793596055753, 0.6913575847131666, 0.5774635274963524], [1.3443221878425682, 1.2772440237246205, 0.0, 0.29915792963693344, 0.6166614963865138, 0.13095449868813547, 0.2484842988891316, 0.6800048064090545, 0.3871550937591606, 0.26399359518400844, 0.007281081678807366, 0.5720491070996412, 0.6253034569626511, 0.6508347272227761, 0.7796870013259141, 0.683136723891187, 0.6076424465896179], [0.15145980858993102, 1.3305750014350881, 0.0, 0.2426696181584499, 0.6476276768645494, 0.12174029222199584, 0.30019330229098673, 0.6880855422768501, 0.34295829199342087, 0.26660141684966243, 0.006889477554966383, 0.6026825180135649, 0.6398244620393371, 0.6566673489496312, 0.7652126809468613, 0.672377857494859, 0.5774519260419319], [-0.3357759992635958, 1.4204028214734457, 0.0, 0.20301937694211292, 0.6720133706639172, 0.11395944516906714, 0.5162164580825788, 0.6925057748072685, 0.29122632594225606, 0.2670910874453991, 0.006160242374180447, 0.6098277895168598, 0.6369639469434623, 0.6531979107571821, 0.7626617035221548, 0.6529941700775072, 0.5314809604574314], [0.5522493566858291, 1.6024267511663601, 0.0, 0.39791029569492653, 0.7076083237418317, 0.1093053174069733, 0.37039923096046723, 0.6929218383236951, 0.28710000336046315, 0.2804845709856496, 0.006272599803500922, 0.5852249728625543, 0.6270293485961433, 0.6135594664485162, 0.73615697587888, 0.6465891952158102, 0.5555021395259541], [0.18616185074433078, 1.6618920864146902, 0.0, 0.35057240320930705, 0.7204320268589222, 0.10523425266977529, 0.44812409398415837, 0.6931137397138283, 0.2585961713931024, 0.2842227093994536, 0.005822803276368971, 0.573775230660049, 0.6252741336082233, 0.6312375729481686, 0.7281416386985826, 0.6386234227919737, 0.5229406686928875]], "features_2": [[0.24687750130943442, 1.237355234646951, 0.0, 0.2468005416398746, 0.6248029014343175, 0.12598992959583394, 0.419339123711125, 0.6859072490925483, 0.380033009321713, 0.26114078942659225, 0.007783488497544067, 0.597816327854283, 0.6331048109370481, 0.6611684376236266, 0.772974663581769, 0.680266686993968, 0.6071231659223514], [0.2149983752070086, 1.2225176248795215, 0.0, 0.2540570136226284, 0.6147996909936317, 0.1298835387869796, 0.3863334137881466, 0.6827450449933984, 0.402967660538635, 0.2634839351282794, 0.007783488497544067, 0.6074523302763515, 0.6432378866440038, 0.6687956929713942, 0.7774959243833908, 0.697391153746934, 0.6044165814555339], [0.2164425510648944, 1.2607961356758546, 0.0, 0.24756210066862697, 0.6282719951374045, 0.12709566042118728, 0.4811461441196343, 0.685245252030795, 0.38273904630781574, 0.2672299999167629, 0.007894969482732161, 0.6005730657423811, 0.6214907286450816, 0.6569182422634867, 0.768201366878192, 0.6740124837478952, 0.6018981297530799], [0.5231237159405522, 1.243243961122889, 0.0, 0.250799288167571, 0.627915651490955, 0.12450659395505673, 0.4757958953773745, 0.6869226480993621, 0.36241718913105325, 0.2565231641819268, 0.007616154688146137, 0.5854421153372389, 0.6139050625069042, 0.6395400322161913, 0.767691921304562, 0.6760539200521847, 0.6018753529114436], [0.12872409272116014, 1.4343846545293475, 0.0, 0.19901788205226195, 0.6630481376011025, 0.12017270218464536, 0.5246433741371135, 0.6903247334876319, 0.3282461535085055, 0.27507577506793, 0.006889477554966383, 0.6061727612148231, 0.642531434173684, 0.6452415085795986, 0.7666321370957221, 0.6711526400747572, 0.5471887957864469], [0.11215796670982359, 1.2502953256636407, 0.0, 0.2291937555689092, 0.6274576813616152, 0.12615905435387498, 0.6173181572090783, 0.6867346775125591, 0.36644154567114917, 0.25866370100348024, 0.007560346756364078, 0.6031950808637441, 0.6437867348237322, 0.6710332573014389, 0.7653869429816765, 0.6805990290001528, 0.5931573384223967], [0.5477520227337807, 1.565716579999606, 0.0, 0.23378746164795766, 0.6840878286914289, 0.12097128289608337, 0.5320951534114599, 0.689541426985919, 0.3462104798713921, 0.29493115336945763, 0.00716927026363523, 0.5897496672389608, 0.6334626189414595, 0.6448833033958165, 0.767529905464159, 0.690425014660721, 0.5594868090592393], [0.5984550095271794, 1.6386096249976, 0.0, 0.27075032019678674, 0.706776882344444, 0.11068991480980225, 0.6211022459892881, 0.6929773894206248, 0.2900852997943948, 0.28581884822610504, 0.0064410216040902135, 0.5777705854582269, 0.6215021519594442, 0.6470659978273902, 0.7386347417135424, 0.6472655475447384, 0.5412580706434812], [-0.17503851044572372, 1.5322943526345045, 0.0, 0.21453815806177168, 0.6830698217721899, 0.11702457789111206, 0.5675656799386403, 0.6911387832256836, 0.3034461614755519, 0.28546790564923663, 0.006497131753992358, 0.607285770570714, 0.6127553192522609, 0.6370265609095368, 0.7498675438845636, 0.6709922625835452, 0.5462372533679964]]}