{"labels_1": ["1", "2", "3", "4", "5", "6", "7", "8", "9"], "labels_2": ["1", "2", "3", "4", "5", "6", "7", "8", "9"], "adj_matrix_1": [[0.0, 0.25778, 0.16131, 0.0334, 0.14439, 0.14924, 0.21097, 0.2153, 0.05654], [0.25778, 0.0, 0.12852, 0.27763, 0.14521, 0.33332, 0.35493, 0.35669, 0.29001], [0.16131, 0.12852, 0.0, 0.19017, 0.01902, 0.28101, 0.32375, 0.3268, 0.20933], [0.0334, 0.27763, 0.19017, 0.0, 0.17421, 0.11792, 0.18211, 0.18659, 0.02333], [0.14439, 0.14521, 0.01902, 0.17421, 0.0, 0.26928, 0.31498, 0.31812, 0.19423], [0.14924, 0.33332, 0.28101, 0.11792, 0.26928, 0.0, 0.06885, 0.07367, 0.09549], [0.21097, 0.35493, 0.32375, 0.18211, 0.31498, 0.06885, 0.0, 0.00486, 0.16119], [0.2153, 0.35669, 0.3268, 0.18659, 0.31812, 0.07367, 0.00486, 0.0, 0.16573], [0.05654, 0.29001, 0.20933, 0.02333, 0.19423, 0.09549, 0.16119, 0.16573, 0.0]], "adj_matrix_2": [[0.0, 0.14797, 0.07186, 0.17952, 0.03116, 0.25022, 0.14815, 0.12593, 0.0277], [0.14797, 0.0, 0.20985, 0.03667, 0.11923, 0.13196, 0.2695, 0.02416, 0.17192], [0.07186, 0.20985, 0.0, 0.23685, 0.10213, 0.29179, 0.07951, 0.19038, 0.04429], [0.17952, 0.03667, 0.23685, 0.0, 0.15223, 0.09827, 0.29031, 0.06048, 0.20141], [0.03116, 0.11923, 0.10213, 0.15223, 0.0, 0.229, 0.17654, 0.09654, 0.05874], [0.25022, 0.13196, 0.29179, 0.09827, 0.229, 0.0, 0.32646, 0.15294, 0.26581], [0.14815, 0.2695, 0.07951, 0.29031, 0.17654, 0.32646, 0.0, 0.25403, 0.12256], [0.12593, 0.02416, 0.19038, 0.06048, 0.09654, 0.15294, 0.25403, 0.0, 0.15129], [0.0277, 0.17192, 0.04429, 0.20141, 0.05874, 0.26581, 0.12256, 0.15129, 0.0]], "features_1": [[0.17103818742630006, 1.1861588789569943, 0.0, 0.2380230277038516, 0.6009752198810578, 0.13162439266844977, 0.226333983566645, 0.6796469203865475, 0.4108580590142188, 0.2612048420138908, 0.007671947615560004, 0.6134928786732627, 0.6471524159875519, 0.6628295670698652, 0.7814201267103945, 0.689426097145447, 0.5981047869289947], [0.19056811739350987, 1.217609996252682, 0.0, 0.2404689643592103, 0.6151691440384481, 0.1272516823064187, 0.3212811142881236, 0.685121942453357, 0.39217201607175034, 0.2581905262108657, 0.007392832833969631, 0.600088798135666, 0.6472650662668208, 0.6829157602688628, 0.7792652155065584, 0.710670641050673, 0.5906536221929211], [-0.0036551554007147047, 1.3103452104669144, 0.0, 0.22313156991147348, 0.6308830081352731, 0.12704917340767866, 0.2458144485293218, 0.6838843534130209, 0.37989970754675007, 0.2742949341962133, 0.007057398507269275, 0.6064077453331969, 0.6426954221314002, 0.6720535197087708, 0.7713835207566574, 0.685994244318495, 0.5949503047768079], [0.0677057797227909, 1.2552946506531726, 0.0, 0.24530001548053068, 0.618421475920095, 0.1278143243087504, 0.22540850821630443, 0.6826545382627272, 0.38663702904820507, 0.2663897219098592, 0.00716927026363523, 0.6136518781821065, 0.6425520205449723, 0.6669121524389203, 0.7714933429974744, 0.6771913478553564, 0.5971369703183421], [-0.0019382696441740954, 1.514827902007452, 0.0, 0.2132340770236331, 0.6797039563968047, 0.11584981828456944, 0.4666656517374072, 0.6919093255091607, 0.3116365869148514, 0.28172420389831054, 0.006384896235913207, 0.6028702656941891, 0.6332857078738696, 0.6479966706442537, 0.7635274468047014, 0.6885519704074975, 0.5358185347854049], [-0.44594333881173887, 1.3911310845401708, 0.0, 0.20013049986634157, 0.659914826340866, 0.118918623556028, 0.3719911780880608, 0.6903006096184722, 0.3295153144187193, 0.2749313885293585, 0.006497131753992358, 0.6169227289948895, 0.6373169702154753, 0.6529668895472589, 0.7644832478238942, 0.6817234555245953, 0.5709523617774052], [-0.28486494602428625, 1.6052946631736569, 0.0, 0.20401942429350267, 0.6907556077685911, 0.11723208869137647, 0.3872641612044113, 0.6908919911659874, 0.30679945795393015, 0.300326058787838, 0.0064410216040902135, 0.6173884566885248, 0.6413686413544526, 0.6474750883487062, 0.7623605905561807, 0.672265767872245, 0.5313188401395088], [-0.5045462681264907, 1.5164469436834416, 0.0, 0.18864535658884243, 0.7054949145200101, 0.10217071508749101, 0.6079973899333361, 0.6925943602853408, 0.22199994532083966, 0.25788687222440543, 0.005259177083500877, 0.5948926529462129, 0.6280726858606359, 0.6249347046962205, 0.7240268478917052, 0.6344944364459459, 0.48315690283714946], [-0.33435674063633947, 1.437265148614566, 0.0, 0.18778871664176025, 0.6873280478805394, 0.10524130831757453, 0.5421536974846113, 0.6930760380312482, 0.245041663909219, 0.2547890233620522, 0.005653876882570019, 0.5929210204835385, 0.6399585332791342, 0.6512035430614922, 0.7339975261928822, 0.6527391746409943, 0.4830477303756967]], "features_2": [[0.20758514365486658, 1.0661331110383858, 0.0, 0.2317677202377754, 0.5833792707620977, 0.1352090065308968, 0.339421910521461, 0.6782350709718078, 0.429263159125979, 0.23987928035741524, 0.007392832833969631, 0.6155491009351699, 0.6523832712594291, 0.6865153490862798, 0.7908939785628711, 0.7005204349321075, 0.6159135328114209], [-0.019145844030993064, 1.2029884115692573, 0.0, 0.25366668198761766, 0.6111174498744775, 0.13411184815938637, 0.2570262756185066, 0.6784676468278663, 0.42410428867299577, 0.2686499587966811, 0.007616154688146137, 0.6125197146660248, 0.6434393150318474, 0.6793584973242942, 0.7875834582633783, 0.7031568514571435, 0.606468575499791], [0.27590685676773585, 1.1442603785941061, 0.0, 0.24798616068598406, 0.5967651767530249, 0.13526530158478195, 0.26640451191475945, 0.6773302703683906, 0.44621445476698907, 0.2553628937828374, 0.00783923647221818, 0.620570003316836, 0.6488366493599441, 0.6660062180141403, 0.7889956735987713, 0.6938814210438448, 0.6143182468726376], [0.3319914538350681, 1.0988836477009616, 0.0, 0.24421979361300633, 0.58452922140442, 0.13453059455691288, 0.24403915824848993, 0.6770545582181281, 0.42420540235057924, 0.2430104033962608, 0.007616154688146137, 0.6067398768550418, 0.6389742450496998, 0.6600445143841144, 0.7860264871364578, 0.7107440820926139, 0.6116441996459918], [0.003420470535890896, 1.4322078234628697, 0.0, 0.22481993776262274, 0.6616149510638198, 0.12576707996606704, 0.3789071025515973, 0.6870162756151451, 0.3745880445776506, 0.29032056259436945, 0.0069454663283523566, 0.6109035730041068, 0.6580344492090981, 0.6637273210899266, 0.7823980400894099, 0.7086955796535032, 0.5643464704920703], [0.31088394987261214, 1.1773589889933662, 0.0, 0.2744107764942135, 0.6042098959209273, 0.1333563211291825, 0.26376858906836986, 0.6791801755161189, 0.4382722013279514, 0.2599770531492631, 0.007950687539111767, 0.6034813723379662, 0.6345068754029715, 0.659120683547686, 0.7895989315830034, 0.6931838797260169, 0.6207668999789752], [-0.0022021047686138218, 1.5564796262077798, 0.0, 0.18292909442825953, 0.6867475217897226, 0.11781535658974832, 0.4193751383579297, 0.6910114158606098, 0.31055867256613867, 0.28962931851576146, 0.006104040759826512, 0.6036536599655369, 0.6463535564384888, 0.6502079554484409, 0.7666477507310259, 0.6869532461280663, 0.526254140179325], [0.02883651550940769, 1.449031831466572, 0.0, 0.24485844126408424, 0.6895382852502527, 0.10959867801076653, 0.5480441764792374, 0.6930470608173729, 0.28853733776021384, 0.26326810415631985, 0.005991591679928909, 0.5903253874009349, 0.654421753519097, 0.6692078352494563, 0.7500503958269109, 0.6458825489560173, 0.5596644292493684], [0.047703893511147566, 1.7273505498119075, 0.0, 0.19737540767048573, 0.7323960281275191, 0.10650418363402032, 0.4981614715199008, 0.6931388404344121, 0.27130289496618887, 0.2920148452314757, 0.005766509824583821, 0.5911838059616028, 0.634512009123366, 0.635304133233245, 0.741677687425568, 0.6454022593283186, 0.5357480651743383]]}