{"labels_1": ["1", "2", "3", "4", "5", "6", "7", "8", "9"], "labels_2": ["1", "2", "3", "4", "5", "6", "7", "8", "9"], "adj_matrix_1": [[0.0, 0.25778, 0.16131, 0.0334, 0.14439, 0.14924, 0.21097, 0.2153, 0.05654], [0.25778, 0.0, 0.12852, 0.27763, 0.14521, 0.33332, 0.35493, 0.35669, 0.29001], [0.16131, 0.12852, 0.0, 0.19017, 0.01902, 0.28101, 0.32375, 0.3268, 0.20933], [0.0334, 0.27763, 0.19017, 0.0, 0.17421, 0.11792, 0.18211, 0.18659, 0.02333], [0.14439, 0.14521, 0.01902, 0.17421, 0.0, 0.26928, 0.31498, 0.31812, 0.19423], [0.14924, 0.33332, 0.28101, 0.11792, 0.26928, 0.0, 0.06885, 0.07367, 0.09549], [0.21097, 0.35493, 0.32375, 0.18211, 0.31498, 0.06885, 0.0, 0.00486, 0.16119], [0.2153, 0.35669, 0.3268, 0.18659, 0.31812, 0.07367, 0.00486, 0.0, 0.16573], [0.05654, 0.29001, 0.20933, 0.02333, 0.19423, 0.09549, 0.16119, 0.16573, 0.0]], "adj_matrix_2": [[0.0, 0.30005, 0.12972, 0.08323, 0.003, 0.27692, 0.16769, 0.28898, 0.01697], [0.30005, 0.0, 0.25766, 0.31194, 0.29783, 0.1195, 0.2357, 0.06097, 0.30311], [0.12972, 0.25766, 0.0, 0.2039, 0.12662, 0.18975, 0.04259, 0.26937, 0.14533], [0.08323, 0.31194, 0.2039, 0.0, 0.08602, 0.31571, 0.23647, 0.28909, 0.06659], [0.003, 0.29783, 0.12662, 0.08602, 0.0, 0.27413, 0.16522, 0.28751, 0.01995], [0.27692, 0.1195, 0.18975, 0.31571, 0.27413, 0.0, 0.15455, 0.1682, 0.28564], [0.16769, 0.2357, 0.04259, 0.23647, 0.16522, 0.15455, 0.0, 0.25555, 0.18244], [0.28898, 0.06097, 0.26937, 0.28909, 0.28751, 0.1682, 0.25555, 0.0, 0.28953], [0.01697, 0.30311, 0.14533, 0.06659, 0.01995, 0.28564, 0.18244, 0.28953, 0.0]], "features_1": [[0.17103818742630006, 1.1861588789569943, 0.0, 0.2380230277038516, 0.6009752198810578, 0.13162439266844977, 0.226333983566645, 0.6796469203865475, 0.4108580590142188, 0.2612048420138908, 0.007671947615560004, 0.6134928786732627, 0.6471524159875519, 0.6628295670698652, 0.7814201267103945, 0.689426097145447, 0.5981047869289947], [0.19056811739350987, 1.217609996252682, 0.0, 0.2404689643592103, 0.6151691440384481, 0.1272516823064187, 0.3212811142881236, 0.685121942453357, 0.39217201607175034, 0.2581905262108657, 0.007392832833969631, 0.600088798135666, 0.6472650662668208, 0.6829157602688628, 0.7792652155065584, 0.710670641050673, 0.5906536221929211], [-0.0036551554007147047, 1.3103452104669144, 0.0, 0.22313156991147348, 0.6308830081352731, 0.12704917340767866, 0.2458144485293218, 0.6838843534130209, 0.37989970754675007, 0.2742949341962133, 0.007057398507269275, 0.6064077453331969, 0.6426954221314002, 0.6720535197087708, 0.7713835207566574, 0.685994244318495, 0.5949503047768079], [0.0677057797227909, 1.2552946506531726, 0.0, 0.24530001548053068, 0.618421475920095, 0.1278143243087504, 0.22540850821630443, 0.6826545382627272, 0.38663702904820507, 0.2663897219098592, 0.00716927026363523, 0.6136518781821065, 0.6425520205449723, 0.6669121524389203, 0.7714933429974744, 0.6771913478553564, 0.5971369703183421], [-0.0019382696441740954, 1.514827902007452, 0.0, 0.2132340770236331, 0.6797039563968047, 0.11584981828456944, 0.4666656517374072, 0.6919093255091607, 0.3116365869148514, 0.28172420389831054, 0.006384896235913207, 0.6028702656941891, 0.6332857078738696, 0.6479966706442537, 0.7635274468047014, 0.6885519704074975, 0.5358185347854049], [-0.44594333881173887, 1.3911310845401708, 0.0, 0.20013049986634157, 0.659914826340866, 0.118918623556028, 0.3719911780880608, 0.6903006096184722, 0.3295153144187193, 0.2749313885293585, 0.006497131753992358, 0.6169227289948895, 0.6373169702154753, 0.6529668895472589, 0.7644832478238942, 0.6817234555245953, 0.5709523617774052], [-0.28486494602428625, 1.6052946631736569, 0.0, 0.20401942429350267, 0.6907556077685911, 0.11723208869137647, 0.3872641612044113, 0.6908919911659874, 0.30679945795393015, 0.300326058787838, 0.0064410216040902135, 0.6173884566885248, 0.6413686413544526, 0.6474750883487062, 0.7623605905561807, 0.672265767872245, 0.5313188401395088], [-0.5045462681264907, 1.5164469436834416, 0.0, 0.18864535658884243, 0.7054949145200101, 0.10217071508749101, 0.6079973899333361, 0.6925943602853408, 0.22199994532083966, 0.25788687222440543, 0.005259177083500877, 0.5948926529462129, 0.6280726858606359, 0.6249347046962205, 0.7240268478917052, 0.6344944364459459, 0.48315690283714946], [-0.33435674063633947, 1.437265148614566, 0.0, 0.18778871664176025, 0.6873280478805394, 0.10524130831757453, 0.5421536974846113, 0.6930760380312482, 0.245041663909219, 0.2547890233620522, 0.005653876882570019, 0.5929210204835385, 0.6399585332791342, 0.6512035430614922, 0.7339975261928822, 0.6527391746409943, 0.4830477303756967]], "features_2": [[-0.02291926033802527, 1.1339470545205126, 0.0, 0.2591818673168426, 0.5806860716784608, 0.1410939022757327, 0.26678513440172724, 0.6672909877556963, 0.45367805877470646, 0.26100087592123744, 0.007783488497544067, 0.6215141460594311, 0.6279774155589043, 0.6574623930810848, 0.7861713727412896, 0.6992729519010297, 0.5995051461117533], [0.53842764283434, 1.2088678848351546, 0.0, 0.2655491545473273, 0.5821161513285937, 0.14173613250160552, 0.1610018775753602, 0.6625656812413587, 0.4725478428879142, 0.2749194877619574, 0.008117752083540042, 0.6067019366351114, 0.6209187870625493, 0.6517302645776938, 0.7818065915440957, 0.7021675626178812, 0.582256064327666], [0.314662860616469, 1.1998919478486538, 0.0, 0.25281711699027964, 0.5896451799562692, 0.14237647724821045, 0.224545767494552, 0.6636148160043016, 0.4650450073300534, 0.27248579200400047, 0.008117752083540042, 0.6139076527513554, 0.6360344967597958, 0.6644732494565867, 0.7832588605588171, 0.7034268516231068, 0.6086771775500037], [-0.013501871098752005, 1.11756832991217, 0.0, 0.25982167388358557, 0.5832833271515179, 0.1389174079612173, 0.3166962461778148, 0.6715564441960739, 0.4401069764699963, 0.25355447459051694, 0.007560346756364078, 0.6224358447681066, 0.6443687341093391, 0.6780889024014051, 0.7868289218912101, 0.7101679079798371, 0.6092960817324861], [0.11107999126043921, 1.636340860881266, 0.0, 0.2337370021089027, 0.6820626374437573, 0.12415589569789566, 0.34588277536553136, 0.6870560779326872, 0.3499216598606876, 0.3138630357564247, 0.0069454663283523566, 0.6111553096176556, 0.6251947217080778, 0.6561239029235681, 0.7749008366910974, 0.6754961545429122, 0.4861594111008258], [0.5261395969324174, 1.1847201704182704, 0.0, 0.26824599294578494, 0.5965131231856411, 0.13744791286090585, 0.2953814294164395, 0.6728360153960231, 0.4271737203863797, 0.26118812469131436, 0.007336964783822175, 0.5926673577966066, 0.6366256064665229, 0.6701375371855651, 0.783926595018319, 0.6996347184340104, 0.6079115572126235], [-0.4243490444953628, 1.6242247373499696, 0.0, 0.24766399601493339, 0.7035508296810333, 0.11685597019892309, 0.9469093965716496, 0.6925068796489382, 0.29939244806777965, 0.30056802243668557, 0.005879081395912644, 0.6047118039960742, 0.6465364994958742, 0.6579342427584783, 0.7677193680257167, 0.6710492951769884, 0.45149960568886566], [0.5988713325862389, 1.3590212961884296, 0.0, 0.30851805655266323, 0.6670434909454795, 0.10870514073269331, 0.38518739333519675, 0.6929931716642969, 0.27155585682995853, 0.24602456292735986, 0.005484812216699497, 0.5697226372766839, 0.6325053945776156, 0.6400392028022804, 0.737223262178523, 0.6714284830958501, 0.5022980179896186], [-0.4192134237889307, 1.2102965469020008, 0.0, 0.25926180724324993, 0.637412188109654, 0.11432664859244454, 0.6150955181814787, 0.6923120343132467, 0.29039363873668034, 0.2358067939188062, 0.006160242374180447, 0.6066998713654681, 0.6344500131760482, 0.643425990977887, 0.7515112527822153, 0.657377648696792, 0.5214838500282962]]}