{"labels_1": ["1", "2", "3", "4", "5", "6", "7", "8", "9"], "labels_2": ["1", "2", "3", "4", "5", "6", "7", "8", "9"], "adj_matrix_1": [[0.0, 0.25778, 0.16131, 0.0334, 0.14439, 0.14924, 0.21097, 0.2153, 0.05654], [0.25778, 0.0, 0.12852, 0.27763, 0.14521, 0.33332, 0.35493, 0.35669, 0.29001], [0.16131, 0.12852, 0.0, 0.19017, 0.01902, 0.28101, 0.32375, 0.3268, 0.20933], [0.0334, 0.27763, 0.19017, 0.0, 0.17421, 0.11792, 0.18211, 0.18659, 0.02333], [0.14439, 0.14521, 0.01902, 0.17421, 0.0, 0.26928, 0.31498, 0.31812, 0.19423], [0.14924, 0.33332, 0.28101, 0.11792, 0.26928, 0.0, 0.06885, 0.07367, 0.09549], [0.21097, 0.35493, 0.32375, 0.18211, 0.31498, 0.06885, 0.0, 0.00486, 0.16119], [0.2153, 0.35669, 0.3268, 0.18659, 0.31812, 0.07367, 0.00486, 0.0, 0.16573], [0.05654, 0.29001, 0.20933, 0.02333, 0.19423, 0.09549, 0.16119, 0.16573, 0.0]], "adj_matrix_2": [[0.0, 0.24813, 0.07327, 0.22317, 0.09242, 0.1033, 0.22475, 0.0272, 0.22879], [0.24813, 0.0, 0.19239, 0.03634, 0.30486, 0.16644, 0.03351, 0.2647, 0.02744], [0.07327, 0.19239, 0.0, 0.16244, 0.16154, 0.03098, 0.1645, 0.09941, 0.16941], [0.22317, 0.03634, 0.16244, 0.0, 0.28744, 0.13472, 0.00273, 0.24215, 0.00876], [0.09242, 0.30486, 0.16154, 0.28744, 0.0, 0.18892, 0.29011, 0.06594, 0.29343], [0.1033, 0.16644, 0.03098, 0.13472, 0.18892, 0.0, 0.1371, 0.12882, 0.14236], [0.22475, 0.03351, 0.1645, 0.00273, 0.29011, 0.1371, 0.0, 0.24527, 0.00607], [0.0272, 0.2647, 0.09941, 0.24215, 0.06594, 0.12882, 0.24527, 0.0, 0.24947], [0.22879, 0.02744, 0.16941, 0.00876, 0.29343, 0.14236, 0.00607, 0.24947, 0.0]], "features_1": [[0.17103818742630006, 1.1861588789569943, 0.0, 0.2380230277038516, 0.6009752198810578, 0.13162439266844977, 0.226333983566645, 0.6796469203865475, 0.4108580590142188, 0.2612048420138908, 0.007671947615560004, 0.6134928786732627, 0.6471524159875519, 0.6628295670698652, 0.7814201267103945, 0.689426097145447, 0.5981047869289947], [0.19056811739350987, 1.217609996252682, 0.0, 0.2404689643592103, 0.6151691440384481, 0.1272516823064187, 0.3212811142881236, 0.685121942453357, 0.39217201607175034, 0.2581905262108657, 0.007392832833969631, 0.600088798135666, 0.6472650662668208, 0.6829157602688628, 0.7792652155065584, 0.710670641050673, 0.5906536221929211], [-0.0036551554007147047, 1.3103452104669144, 0.0, 0.22313156991147348, 0.6308830081352731, 0.12704917340767866, 0.2458144485293218, 0.6838843534130209, 0.37989970754675007, 0.2742949341962133, 0.007057398507269275, 0.6064077453331969, 0.6426954221314002, 0.6720535197087708, 0.7713835207566574, 0.685994244318495, 0.5949503047768079], [0.0677057797227909, 1.2552946506531726, 0.0, 0.24530001548053068, 0.618421475920095, 0.1278143243087504, 0.22540850821630443, 0.6826545382627272, 0.38663702904820507, 0.2663897219098592, 0.00716927026363523, 0.6136518781821065, 0.6425520205449723, 0.6669121524389203, 0.7714933429974744, 0.6771913478553564, 0.5971369703183421], [-0.0019382696441740954, 1.514827902007452, 0.0, 0.2132340770236331, 0.6797039563968047, 0.11584981828456944, 0.4666656517374072, 0.6919093255091607, 0.3116365869148514, 0.28172420389831054, 0.006384896235913207, 0.6028702656941891, 0.6332857078738696, 0.6479966706442537, 0.7635274468047014, 0.6885519704074975, 0.5358185347854049], [-0.44594333881173887, 1.3911310845401708, 0.0, 0.20013049986634157, 0.659914826340866, 0.118918623556028, 0.3719911780880608, 0.6903006096184722, 0.3295153144187193, 0.2749313885293585, 0.006497131753992358, 0.6169227289948895, 0.6373169702154753, 0.6529668895472589, 0.7644832478238942, 0.6817234555245953, 0.5709523617774052], [-0.28486494602428625, 1.6052946631736569, 0.0, 0.20401942429350267, 0.6907556077685911, 0.11723208869137647, 0.3872641612044113, 0.6908919911659874, 0.30679945795393015, 0.300326058787838, 0.0064410216040902135, 0.6173884566885248, 0.6413686413544526, 0.6474750883487062, 0.7623605905561807, 0.672265767872245, 0.5313188401395088], [-0.5045462681264907, 1.5164469436834416, 0.0, 0.18864535658884243, 0.7054949145200101, 0.10217071508749101, 0.6079973899333361, 0.6925943602853408, 0.22199994532083966, 0.25788687222440543, 0.005259177083500877, 0.5948926529462129, 0.6280726858606359, 0.6249347046962205, 0.7240268478917052, 0.6344944364459459, 0.48315690283714946], [-0.33435674063633947, 1.437265148614566, 0.0, 0.18778871664176025, 0.6873280478805394, 0.10524130831757453, 0.5421536974846113, 0.6930760380312482, 0.245041663909219, 0.2547890233620522, 0.005653876882570019, 0.5929210204835385, 0.6399585332791342, 0.6512035430614922, 0.7339975261928822, 0.6527391746409943, 0.4830477303756967]], "features_2": [[-0.07321255342351929, 1.1139179472307286, 0.0, 0.2014207864250826, 0.5877774081630918, 0.13520832698243385, 0.2339936988970507, 0.6761494497716667, 0.4201128615216503, 0.2513991536958575, 0.007504523810135222, 0.6249891193809165, 0.6739347602975219, 0.6921987352615594, 0.7876598577725912, 0.6909917319294155, 0.6179035827108278], [0.11917876055431442, 1.1901257144959332, 0.0, 0.22241706270134928, 0.615722696229519, 0.12736299415392152, 0.35880717244690385, 0.6855006098281787, 0.37341579223688126, 0.24936306229449112, 0.00711334193318236, 0.6066042980881945, 0.6379675784342627, 0.6394155952094921, 0.7848242937109335, 0.7132338637634998, 0.5956228467653342], [-0.04548542588466287, 1.1844542411885741, 0.0, 0.2068570379574716, 0.6056575979108509, 0.13370551774349793, 0.2370012024821598, 0.6779686777522309, 0.41753489795738186, 0.2615686049227226, 0.007894969482732161, 0.6197724662304209, 0.6490243703975085, 0.667709320076878, 0.7841065215798586, 0.7035575195466461, 0.6136537180558469], [0.1877331392200028, 1.2104338837013489, 0.0, 0.2504735921236531, 0.6134163994983256, 0.13180945860437426, 0.26953226139209435, 0.6806675722484263, 0.41250607857535737, 0.2632029545171497, 0.007727725548673403, 0.6044091758363876, 0.6380089123929238, 0.6667216119848066, 0.7849359561507653, 0.7052280651358382, 0.6156811184605825], [-0.18411466682027156, 1.7190818912461998, 0.0, 0.18472349802355428, 0.7146533857807813, 0.11486704152035848, 0.5170274750332403, 0.6922892120907742, 0.28501574574923394, 0.30503070942242916, 0.005991591679928909, 0.6011441352932745, 0.646820764526031, 0.6469421255575775, 0.7661564596347483, 0.6896500096191123, 0.5030275404377826], [0.08435452035248803, 1.3210835981375217, 0.0, 0.22915469650411918, 0.641435511145356, 0.128052838793935, 0.3372519216829346, 0.684775520515631, 0.39864236829082067, 0.27555708272550894, 0.007783488497544067, 0.6158639352355162, 0.6545498505294849, 0.661845170062682, 0.782743175546132, 0.7083620527780339, 0.6039001673884021], [0.2174625147590672, 1.7511111153541132, 0.0, 0.26845470677794064, 0.7145083407459973, 0.11898697871996407, 0.449802255879051, 0.6908577210134231, 0.3333737657158622, 0.31995700657836434, 0.006272599803500922, 0.5971529816685399, 0.6398155764086884, 0.6683514008045093, 0.7730612838780214, 0.6954948389221672, 0.5485201058101948], [-0.10312322692491271, 1.8669947582704323, 0.0, 0.251519929735885, 0.742909837049949, 0.11054507775329021, 0.4667576169574879, 0.6929078370236144, 0.2843122002653644, 0.3200732048181001, 0.005766509824583821, 0.6012959922595145, 0.6400104663966827, 0.6480545651734837, 0.7478667553440526, 0.6747438515926892, 0.5346281773424703], [-0.03196192261314712, 1.9084218477774764, 0.0, 0.28433991104028933, 0.7441894247936499, 0.11380077962702338, 0.4945909142853999, 0.6922792773085696, 0.3051494840516662, 0.33299209405979924, 0.006328755639155359, 0.5867316993373128, 0.648054763151649, 0.660656274943699, 0.7523917371308446, 0.6689395026247703, 0.5495166084709747]]}