{"labels_1": ["1", "2", "3", "4", "5", "6", "7", "8", "9"], "labels_2": ["1", "2", "3", "4", "5", "6", "7", "8", "9"], "adj_matrix_1": [[0.0, 0.22842, 0.17105, 0.31423, 0.06407, 0.0611, 0.06946, 0.22112, 0.11985], [0.22842, 0.0, 0.07754, 0.16595, 0.25975, 0.18611, 0.26173, 0.21869, 0.05978], [0.17105, 0.07754, 0.0, 0.22952, 0.2156, 0.11883, 0.21882, 0.22949, 0.07449], [0.31423, 0.16595, 0.22952, 0.0, 0.31572, 0.29843, 0.31505, 0.18389, 0.03657], [0.06407, 0.25975, 0.2156, 0.31572, 0.0, 0.12135, 0.0056, 0.20037, 0.13763], [0.0611, 0.18611, 0.11883, 0.29843, 0.12135, 0.0, 0.12621, 0.2312, 0.10326], [0.06946, 0.26173, 0.21882, 0.31505, 0.0056, 0.12621, 0.0, 0.19802, 0.13918], [0.22112, 0.21869, 0.22949, 0.18389, 0.20037, 0.2312, 0.19802, 0.0, 0.16675], [0.11985, 0.05978, 0.07449, 0.03657, 0.13763, 0.10326, 0.13918, 0.16675, 0.0]], "adj_matrix_2": [[0.0, 0.06006, 0.17341, 0.05553, 0.15639, 0.2365, 0.13056, 0.22318, 0.24676], [0.06006, 0.0, 0.19995, 0.1103, 0.11244, 0.1965, 0.08149, 0.18017, 0.2228], [0.17341, 0.19995, 0.0, 0.13501, 0.31545, 0.29173, 0.2064, 0.30501, 0.21703], [0.05553, 0.1103, 0.13501, 0.0, 0.20093, 0.266, 0.16512, 0.25776, 0.25587], [0.15639, 0.11244, 0.31545, 0.20093, 0.0, 0.36054, 0.06391, 0.32389, 0.40802], [0.2365, 0.1965, 0.29173, 0.266, 0.36054, 0.0, 0.13669, 0.06162, 0.15245], [0.13056, 0.08149, 0.2064, 0.16512, 0.06391, 0.13669, 0.0, 0.12109, 0.17384], [0.22318, 0.18017, 0.30501, 0.25776, 0.32389, 0.06162, 0.12109, 0.0, 0.20518], [0.24676, 0.2228, 0.21703, 0.25587, 0.40802, 0.15245, 0.17384, 0.20518, 0.0]], "features_1": [[0.633162670770695, 1.1064626573113114, 0.0, 0.24830227965289467, 0.5949451534272845, 0.12457815596202101, 0.29546447928636893, 0.6859493203239473, 0.37260760012917915, 0.2283989651707481, 0.007057398507269275, 0.582250926494587, 0.6352644695697953, 0.6519369119132824, 0.7721882062816131, 0.6997703256007978, 0.6082715763017916], [0.566002415859828, 1.1127429593021099, 0.0, 0.28479018993462113, 0.6026267191869844, 0.12223700424503574, 0.34728170576496, 0.6882919883276253, 0.3675633788168371, 0.2280968097750702, 0.007057398507269275, 0.5957669821768601, 0.6221016921809106, 0.6257197795928583, 0.7720148413187382, 0.686111941514547, 0.579509265789261], [0.5118437862756395, 1.185166877428459, 0.0, 0.27246024292736387, 0.618355767877111, 0.11968731870684099, 0.3524588847970861, 0.688921401959788, 0.3480194806399579, 0.23493441492571465, 0.007281081678807366, 0.5913611870121507, 0.6333124553954366, 0.6491095824183077, 0.7636607777027702, 0.671792786328199, 0.6003854115910358], [0.2722137454341498, 1.162928610898265, 0.0, 0.26614091261569905, 0.6179738773645073, 0.11711392345484177, 0.38500113142483483, 0.6905464801577701, 0.3268264097699054, 0.22715570071642843, 0.006721420376576193, 0.6000996392637699, 0.6358590476334394, 0.6401002853454842, 0.7620923529725666, 0.6726381476291877, 0.5811735929895251], [1.3741763210148559, 1.414732592640625, 0.0, 0.3042013783371845, 0.673582700361502, 0.11117102880663206, 0.49962404010330774, 0.6929030698483807, 0.30216582517926804, 0.25415953381894596, 0.006497131753992358, 0.5753356570046182, 0.6117144221604252, 0.5965758626126926, 0.7550299373805504, 0.6627359154688719, 0.5040279976506342], [0.8195802705050728, 1.2109055317992454, 0.0, 0.32040469834325924, 0.6355424265228284, 0.11318515503483331, 0.4698280760860186, 0.6921625439496352, 0.3252828623033981, 0.22853215114368308, 0.006721420376576193, 0.5801265770164494, 0.6387331882402989, 0.6250636110397761, 0.7581274053771851, 0.6708985865719658, 0.5705842620387025], [1.2921966222734804, 1.3892811222227535, 0.0, 0.3127807403091629, 0.6734700204010761, 0.10845904786772961, 0.5044468073738002, 0.6930941161460784, 0.272718446275795, 0.24066691375369498, 0.006272599803500922, 0.553211239374348, 0.6193135022067704, 0.6320440872911528, 0.7483800578877523, 0.6711080704172656, 0.5060424754599487], [2.77452394655797, 1.5378246008627925, 0.0, 0.37340388521973344, 0.7069806414922166, 0.1006879745990635, 0.5093585508138438, 0.6923784848385602, 0.25735915661271447, 0.2494537132159662, 0.006047823865199753, 0.5333357283040634, 0.5956552814730682, 0.601720156483974, 0.7201405691179908, 0.6663220843215479, 0.4508430729757757], [3.700211031831733, 1.5420050463366988, 0.0, 0.40374849641165644, 0.7074846888458438, 0.10237959269730929, 0.5282133416720349, 0.6926961165177821, 0.27686333354670967, 0.2519479306928738, 0.006384896235913207, 0.5288749053097257, 0.6039057151491458, 0.5968624777384666, 0.7289980527268884, 0.6740452479645214, 0.4717461827259794]], "features_2": [[1.1672751770418186, 1.3891490881122335, 0.0, 0.2853959135113227, 0.6390825871683307, 0.12852972118377914, 0.21646764868610688, 0.6816391371301467, 0.37362554140921445, 0.2821846687282754, 0.007560346756364078, 0.5819459876037434, 0.6326997999499545, 0.6550368417427845, 0.7722636710463835, 0.6867099396503785, 0.6096984028412168], [0.7192574605715785, 1.3605977110409773, 0.0, 0.24581732727891972, 0.6255821752489116, 0.13522728247169152, 0.2036989943304917, 0.6749558545590053, 0.4033714554172092, 0.2920979668731227, 0.007894969482732161, 0.5861716973584676, 0.6278828638683654, 0.664483509350048, 0.783719742172872, 0.6859504766677381, 0.6091651163177776], [0.8380206357053286, 1.436722045151044, 0.0, 0.2651532259759623, 0.649205783815539, 0.1271034727590397, 0.20826159322574683, 0.6826564918937055, 0.357611100004144, 0.28647873016314307, 0.007336964783822175, 0.5897352434089023, 0.6027407731042432, 0.6151773136545009, 0.7664556782760261, 0.7003894485095634, 0.601446531943257], [1.2007194351934771, 1.3812834224517858, 0.0, 0.29788140080457887, 0.6414410057114351, 0.1250012898927432, 0.2077716456007465, 0.6841970159783983, 0.3512868366023836, 0.27341846759456745, 0.00683347364535547, 0.5733135922066412, 0.613824874872124, 0.6482416768859957, 0.7626063628904645, 0.7053784999143713, 0.6008221703050517], [-0.47478680196264467, 1.6781534362559543, 0.0, 0.17613399882182462, 0.6951815934897454, 0.12249797628170536, 0.4118368032591221, 0.6886322440773347, 0.3370279687145419, 0.3227636525295765, 0.0066653709969386465, 0.6323493335301089, 0.6396407774614437, 0.6363951775282519, 0.7735414589731593, 0.6902403000016578, 0.5738135939534381], [0.06701599177395545, 1.5117140505073432, 0.0, 0.2088948052495729, 0.6732763321581455, 0.12121148238442873, 0.3031463694873473, 0.6882209253335546, 0.33437731966029194, 0.2927132005089419, 0.006889477554966383, 0.6047450809528847, 0.6285073625366656, 0.643332870084429, 0.7625957492126479, 0.6754078635233751, 0.5887243917325966], [1.4151500147082459, 1.7307181605986852, 0.0, 0.32038513751771985, 0.7011124145377154, 0.12266122663216404, 0.3876544770057073, 0.6877940708558836, 0.3435485109459717, 0.3211887821159045, 0.00677745458930179, 0.5573195857279964, 0.6329625557506235, 0.6561049272994387, 0.7650903762722403, 0.6747595197718633, 0.5657404816123612], [0.040231184021658706, 2.089935247353896, 0.0, 0.260761753060927, 0.7758500244292391, 0.10177513132853692, 0.5401368589011148, 0.6925941051337248, 0.24208538157290493, 0.3245518841839554, 0.005766509824583821, 0.5809669645966526, 0.6106174581710905, 0.6025645354885681, 0.7226928024673144, 0.6604953648048014, 0.4844261962768961], [0.49883332988705753, 1.8630818725339655, 0.0, 0.2898886077459163, 0.7467606372327357, 0.10379923551116262, 0.4410092635050873, 0.6929664470154517, 0.262255326667995, 0.3029070968587375, 0.006160242374180447, 0.5701775733262688, 0.6237178588380484, 0.6271167567234707, 0.7281607706388464, 0.6682630379107887, 0.4890499707466719]]}