{"labels_1": ["1", "2", "3", "4", "5", "6", "7", "8", "9"], "labels_2": ["1", "2", "3", "4", "5", "6", "7", "8", "9"], "adj_matrix_1": [[0.0, 0.22842, 0.17105, 0.31423, 0.06407, 0.0611, 0.06946, 0.22112, 0.11985], [0.22842, 0.0, 0.07754, 0.16595, 0.25975, 0.18611, 0.26173, 0.21869, 0.05978], [0.17105, 0.07754, 0.0, 0.22952, 0.2156, 0.11883, 0.21882, 0.22949, 0.07449], [0.31423, 0.16595, 0.22952, 0.0, 0.31572, 0.29843, 0.31505, 0.18389, 0.03657], [0.06407, 0.25975, 0.2156, 0.31572, 0.0, 0.12135, 0.0056, 0.20037, 0.13763], [0.0611, 0.18611, 0.11883, 0.29843, 0.12135, 0.0, 0.12621, 0.2312, 0.10326], [0.06946, 0.26173, 0.21882, 0.31505, 0.0056, 0.12621, 0.0, 0.19802, 0.13918], [0.22112, 0.21869, 0.22949, 0.18389, 0.20037, 0.2312, 0.19802, 0.0, 0.16675], [0.11985, 0.05978, 0.07449, 0.03657, 0.13763, 0.10326, 0.13918, 0.16675, 0.0]], "adj_matrix_2": [[0.0, 0.00457, 0.10185, 0.10208, 0.1213, 0.02785, 0.06217, 0.04562, 0.01167], [0.00457, 0.0, 0.10464, 0.10487, 0.11965, 0.02932, 0.06468, 0.04768, 0.01242], [0.10185, 0.10464, 0.0, 0.00082, 0.16593, 0.2187, 0.1243, 0.17519, 0.22617], [0.10208, 0.10487, 0.00082, 0.0, 0.16586, 0.21879, 0.12495, 0.17561, 0.22586], [0.1213, 0.11965, 0.16593, 0.16586, 0.0, 0.10445, 0.15363, 0.13521, 0.06093], [0.02785, 0.02932, 0.2187, 0.21879, 0.10445, 0.0, 0.16557, 0.10588, 0.17132], [0.06217, 0.06468, 0.1243, 0.12495, 0.15363, 0.16557, 0.0, 0.07354, 0.25533], [0.04562, 0.04768, 0.17519, 0.17561, 0.13521, 0.10588, 0.07354, 0.0, 0.23657], [0.01167, 0.01242, 0.22617, 0.22586, 0.06093, 0.17132, 0.25533, 0.23657, 0.0]], "features_1": [[0.633162670770695, 1.1064626573113114, 0.0, 0.24830227965289467, 0.5949451534272845, 0.12457815596202101, 0.29546447928636893, 0.6859493203239473, 0.37260760012917915, 0.2283989651707481, 0.007057398507269275, 0.582250926494587, 0.6352644695697953, 0.6519369119132824, 0.7721882062816131, 0.6997703256007978, 0.6082715763017916], [0.566002415859828, 1.1127429593021099, 0.0, 0.28479018993462113, 0.6026267191869844, 0.12223700424503574, 0.34728170576496, 0.6882919883276253, 0.3675633788168371, 0.2280968097750702, 0.007057398507269275, 0.5957669821768601, 0.6221016921809106, 0.6257197795928583, 0.7720148413187382, 0.686111941514547, 0.579509265789261], [0.5118437862756395, 1.185166877428459, 0.0, 0.27246024292736387, 0.618355767877111, 0.11968731870684099, 0.3524588847970861, 0.688921401959788, 0.3480194806399579, 0.23493441492571465, 0.007281081678807366, 0.5913611870121507, 0.6333124553954366, 0.6491095824183077, 0.7636607777027702, 0.671792786328199, 0.6003854115910358], [0.2722137454341498, 1.162928610898265, 0.0, 0.26614091261569905, 0.6179738773645073, 0.11711392345484177, 0.38500113142483483, 0.6905464801577701, 0.3268264097699054, 0.22715570071642843, 0.006721420376576193, 0.6000996392637699, 0.6358590476334394, 0.6401002853454842, 0.7620923529725666, 0.6726381476291877, 0.5811735929895251], [1.3741763210148559, 1.414732592640625, 0.0, 0.3042013783371845, 0.673582700361502, 0.11117102880663206, 0.49962404010330774, 0.6929030698483807, 0.30216582517926804, 0.25415953381894596, 0.006497131753992358, 0.5753356570046182, 0.6117144221604252, 0.5965758626126926, 0.7550299373805504, 0.6627359154688719, 0.5040279976506342], [0.8195802705050728, 1.2109055317992454, 0.0, 0.32040469834325924, 0.6355424265228284, 0.11318515503483331, 0.4698280760860186, 0.6921625439496352, 0.3252828623033981, 0.22853215114368308, 0.006721420376576193, 0.5801265770164494, 0.6387331882402989, 0.6250636110397761, 0.7581274053771851, 0.6708985865719658, 0.5705842620387025], [1.2921966222734804, 1.3892811222227535, 0.0, 0.3127807403091629, 0.6734700204010761, 0.10845904786772961, 0.5044468073738002, 0.6930941161460784, 0.272718446275795, 0.24066691375369498, 0.006272599803500922, 0.553211239374348, 0.6193135022067704, 0.6320440872911528, 0.7483800578877523, 0.6711080704172656, 0.5060424754599487], [2.77452394655797, 1.5378246008627925, 0.0, 0.37340388521973344, 0.7069806414922166, 0.1006879745990635, 0.5093585508138438, 0.6923784848385602, 0.25735915661271447, 0.2494537132159662, 0.006047823865199753, 0.5333357283040634, 0.5956552814730682, 0.601720156483974, 0.7201405691179908, 0.6663220843215479, 0.4508430729757757], [3.700211031831733, 1.5420050463366988, 0.0, 0.40374849641165644, 0.7074846888458438, 0.10237959269730929, 0.5282133416720349, 0.6926961165177821, 0.27686333354670967, 0.2519479306928738, 0.006384896235913207, 0.5288749053097257, 0.6039057151491458, 0.5968624777384666, 0.7289980527268884, 0.6740452479645214, 0.4717461827259794]], "features_2": [[3.856140089373601, 1.7596013960406534, 0.0, 0.3215809685541881, 0.6740436283580058, 0.14212436994284786, 0.1396559041555804, 0.664062131080992, 0.428546456982849, 0.34059173599947035, 0.007950687539111767, 0.5403862256220817, 0.6074926443767, 0.6268941155518258, 0.7949293787435409, 0.6990448807012549, 0.6169877452956783], [4.795081970340912, 1.8252753392115835, 0.0, 0.3550370365814593, 0.6831740311092035, 0.140052203484053, 0.13354839845363103, 0.6663046397369563, 0.42378659808819363, 0.3422724001046977, 0.007950687539111767, 0.5328505044095431, 0.6037051772772873, 0.614921264850297, 0.789790586007048, 0.7063518481647578, 0.6048298585922639], [1.6614461982106912, 1.6473689703524943, 0.0, 0.2887498255116406, 0.6709672698712168, 0.13614540278949533, 0.18713553614142242, 0.673285676060912, 0.40103448102181893, 0.32387565037945154, 0.007448685839370306, 0.5615168022521391, 0.6158536266980646, 0.6295023318926302, 0.787611196787644, 0.7070784866119578, 0.6102768007758205], [1.5829922862259354, 1.6677646299829252, 0.0, 0.25648350918506163, 0.6756858349009717, 0.13618321962930435, 0.23464111726371967, 0.6746306806502098, 0.39627169570700516, 0.32536670778178967, 0.007616154688146137, 0.5630672759135384, 0.6272200514393136, 0.6369613402259537, 0.7923399869870231, 0.6831486426912716, 0.6158640817121589], [3.6374047754897925, 1.9162455851919702, 0.0, 0.33394768297361205, 0.7091113505555201, 0.13296549675104005, 0.23665689458889716, 0.6780358811795322, 0.39091208488048634, 0.3435452055148702, 0.007336964783822175, 0.5408306830988412, 0.6078232352262302, 0.5856241422262124, 0.788042952980207, 0.7009408871173872, 0.6027415203388895], [0.7708128363039575, 1.6407945807112136, 0.0, 0.22749229125738743, 0.6895218849326139, 0.1271624580867718, 0.37264329227510373, 0.6851060428492782, 0.35913342100701495, 0.3104900815596754, 0.00711334193318236, 0.5812725082264258, 0.6415869609392446, 0.6450647439677777, 0.7833237991176459, 0.7009063911481664, 0.5987856424978252], [1.1352042123783548, 1.941089521580901, 0.0, 0.18287997798637712, 0.7233978629601604, 0.12873733815508545, 0.4039053639006994, 0.6842751960971396, 0.34249450917985413, 0.3441019613619998, 0.00711334193318236, 0.5616862967542531, 0.6264005721074539, 0.5945067639126871, 0.7865242400141096, 0.666718246213249, 0.5912271635938057], [0.6455824569236608, 1.6124301663570726, 0.0, 0.23547515989451104, 0.7056513356579951, 0.11496610047149905, 0.6600431383006253, 0.6924423099823901, 0.2996569653411194, 0.28746473554168217, 0.006328755639155359, 0.5834127148094213, 0.6445689298764743, 0.6443068395170238, 0.7682851298160587, 0.6815411914397068, 0.5689217131977253], [0.03619653585040705, 1.9452745512742207, 0.0, 0.2636819841578567, 0.7518565939070313, 0.11323300976620544, 0.896300248619346, 0.6929416125538169, 0.2863380276739471, 0.3298043344051984, 0.006328755639155359, 0.5916432746031126, 0.6426072659777485, 0.6259981787305269, 0.7611365874340051, 0.6732182027792494, 0.5365226157561354]]}