{"labels_1": ["1", "2", "3", "4", "5", "6", "7", "8", "9"], "labels_2": ["1", "2", "3", "4", "5", "6", "7", "8", "9"], "adj_matrix_1": [[0.0, 0.22842, 0.17105, 0.31423, 0.06407, 0.0611, 0.06946, 0.22112, 0.11985], [0.22842, 0.0, 0.07754, 0.16595, 0.25975, 0.18611, 0.26173, 0.21869, 0.05978], [0.17105, 0.07754, 0.0, 0.22952, 0.2156, 0.11883, 0.21882, 0.22949, 0.07449], [0.31423, 0.16595, 0.22952, 0.0, 0.31572, 0.29843, 0.31505, 0.18389, 0.03657], [0.06407, 0.25975, 0.2156, 0.31572, 0.0, 0.12135, 0.0056, 0.20037, 0.13763], [0.0611, 0.18611, 0.11883, 0.29843, 0.12135, 0.0, 0.12621, 0.2312, 0.10326], [0.06946, 0.26173, 0.21882, 0.31505, 0.0056, 0.12621, 0.0, 0.19802, 0.13918], [0.22112, 0.21869, 0.22949, 0.18389, 0.20037, 0.2312, 0.19802, 0.0, 0.16675], [0.11985, 0.05978, 0.07449, 0.03657, 0.13763, 0.10326, 0.13918, 0.16675, 0.0]], "adj_matrix_2": [[0.0, 0.03164, 0.0263, 0.06401, 0.18179, 0.0907, 0.08277, 0.00078, 0.22187], [0.03164, 0.0, 0.00537, 0.09465, 0.20722, 0.06006, 0.11284, 0.03238, 0.24462], [0.0263, 0.00537, 0.0, 0.08952, 0.20308, 0.06531, 0.10783, 0.02705, 0.24096], [0.06401, 0.09465, 0.08952, 0.0, 0.12494, 0.14981, 0.01938, 0.06319, 0.16924], [0.18179, 0.20722, 0.20308, 0.12494, 0.0, 0.24913, 0.10696, 0.18165, 0.04811], [0.0907, 0.06006, 0.06531, 0.14981, 0.24913, 0.0, 0.16633, 0.09134, 0.28056], [0.08277, 0.11284, 0.10783, 0.01938, 0.10696, 0.16633, 0.0, 0.08217, 0.15208], [0.00078, 0.03238, 0.02705, 0.06319, 0.18165, 0.09134, 0.08217, 0.0, 0.2215], [0.22187, 0.24462, 0.24096, 0.16924, 0.04811, 0.28056, 0.15208, 0.2215, 0.0]], "features_1": [[0.633162670770695, 1.1064626573113114, 0.0, 0.24830227965289467, 0.5949451534272845, 0.12457815596202101, 0.29546447928636893, 0.6859493203239473, 0.37260760012917915, 0.2283989651707481, 0.007057398507269275, 0.582250926494587, 0.6352644695697953, 0.6519369119132824, 0.7721882062816131, 0.6997703256007978, 0.6082715763017916], [0.566002415859828, 1.1127429593021099, 0.0, 0.28479018993462113, 0.6026267191869844, 0.12223700424503574, 0.34728170576496, 0.6882919883276253, 0.3675633788168371, 0.2280968097750702, 0.007057398507269275, 0.5957669821768601, 0.6221016921809106, 0.6257197795928583, 0.7720148413187382, 0.686111941514547, 0.579509265789261], [0.5118437862756395, 1.185166877428459, 0.0, 0.27246024292736387, 0.618355767877111, 0.11968731870684099, 0.3524588847970861, 0.688921401959788, 0.3480194806399579, 0.23493441492571465, 0.007281081678807366, 0.5913611870121507, 0.6333124553954366, 0.6491095824183077, 0.7636607777027702, 0.671792786328199, 0.6003854115910358], [0.2722137454341498, 1.162928610898265, 0.0, 0.26614091261569905, 0.6179738773645073, 0.11711392345484177, 0.38500113142483483, 0.6905464801577701, 0.3268264097699054, 0.22715570071642843, 0.006721420376576193, 0.6000996392637699, 0.6358590476334394, 0.6401002853454842, 0.7620923529725666, 0.6726381476291877, 0.5811735929895251], [1.3741763210148559, 1.414732592640625, 0.0, 0.3042013783371845, 0.673582700361502, 0.11117102880663206, 0.49962404010330774, 0.6929030698483807, 0.30216582517926804, 0.25415953381894596, 0.006497131753992358, 0.5753356570046182, 0.6117144221604252, 0.5965758626126926, 0.7550299373805504, 0.6627359154688719, 0.5040279976506342], [0.8195802705050728, 1.2109055317992454, 0.0, 0.32040469834325924, 0.6355424265228284, 0.11318515503483331, 0.4698280760860186, 0.6921625439496352, 0.3252828623033981, 0.22853215114368308, 0.006721420376576193, 0.5801265770164494, 0.6387331882402989, 0.6250636110397761, 0.7581274053771851, 0.6708985865719658, 0.5705842620387025], [1.2921966222734804, 1.3892811222227535, 0.0, 0.3127807403091629, 0.6734700204010761, 0.10845904786772961, 0.5044468073738002, 0.6930941161460784, 0.272718446275795, 0.24066691375369498, 0.006272599803500922, 0.553211239374348, 0.6193135022067704, 0.6320440872911528, 0.7483800578877523, 0.6711080704172656, 0.5060424754599487], [2.77452394655797, 1.5378246008627925, 0.0, 0.37340388521973344, 0.7069806414922166, 0.1006879745990635, 0.5093585508138438, 0.6923784848385602, 0.25735915661271447, 0.2494537132159662, 0.006047823865199753, 0.5333357283040634, 0.5956552814730682, 0.601720156483974, 0.7201405691179908, 0.6663220843215479, 0.4508430729757757], [3.700211031831733, 1.5420050463366988, 0.0, 0.40374849641165644, 0.7074846888458438, 0.10237959269730929, 0.5282133416720349, 0.6926961165177821, 0.27686333354670967, 0.2519479306928738, 0.006384896235913207, 0.5288749053097257, 0.6039057151491458, 0.5968624777384666, 0.7289980527268884, 0.6740452479645214, 0.4717461827259794]], "features_2": [[0.22594661993712162, 1.1617787377375943, 0.0, 0.2771749492381219, 0.6162868024475135, 0.12277711752970198, 0.44064586473467104, 0.6886214070541321, 0.3623659957132157, 0.24172977495411518, 0.00711334193318236, 0.6041107455935597, 0.6336027671020656, 0.6457548789116511, 0.7785616183722027, 0.688954068334811, 0.6001627525181186], [0.4877718068241297, 1.2269073813896154, 0.0, 0.24632521418577108, 0.6235876705277222, 0.12194816219384375, 0.384907070179824, 0.6885855162698225, 0.33975138264933036, 0.24552785272249822, 0.007057398507269275, 0.5877265125468654, 0.6190959013753512, 0.6194203130913247, 0.7735125612669005, 0.7116166183598895, 0.5598087734253313], [0.2508072472355902, 1.2282612401194994, 0.0, 0.2636310596825237, 0.6326442414114366, 0.11959061042415389, 0.41421295256346297, 0.6899868792271026, 0.3392485618208665, 0.24696815877460088, 0.007225183508792421, 0.5993231019292509, 0.6304913512089223, 0.633208763007918, 0.7686647713820787, 0.6794267015487176, 0.6002318074185211], [0.1258293132577033, 1.1750081792613856, 0.0, 0.2770965332652217, 0.6248808565949753, 0.11936243548527431, 0.46233450941573795, 0.6905739953082173, 0.34610896983325445, 0.23908300034719998, 0.007225183508792421, 0.6050499523282009, 0.6533307330730718, 0.647473986714322, 0.7746962045449951, 0.7000156383023816, 0.6010803916444692], [-0.30800162234745754, 1.654576231447277, 0.0, 0.17401870301692526, 0.7004765375775559, 0.11419343916119473, 0.4923458938559648, 0.6922056595697204, 0.2807867358377252, 0.3006594097578654, 0.006160242374180447, 0.6068154557731185, 0.6419116125362039, 0.6491533895647145, 0.7586920827553566, 0.6434216376807332, 0.47003932245729935], [0.14364518216317057, 1.2778114158291307, 0.0, 0.24561856310747826, 0.6468114624641376, 0.11625427254941348, 0.44723825801877765, 0.6916380697465102, 0.3204059372501753, 0.2493941865863587, 0.00683347364535547, 0.5898979987360791, 0.6430152612425452, 0.6564271219460422, 0.7663016644119824, 0.7048143520323413, 0.5967402865464406], [-0.10444183886771174, 1.5577676053307492, 0.0, 0.29427829429558555, 0.6925077922800884, 0.11308599086844578, 0.5092781022933593, 0.692625363180125, 0.3034859735847786, 0.288526888821508, 0.006328755639155359, 0.5949576989446985, 0.6530792166683562, 0.6681458783545281, 0.7618029809404105, 0.68000665006254, 0.48364945556671646], [0.20614581076278693, 1.550421264534977, 0.0, 0.27923172925094736, 0.7108015399737511, 0.10102182536935046, 0.8760088870093738, 0.6919892539446615, 0.23205488915431527, 0.2512550894755412, 0.005597537371453631, 0.5786465252627497, 0.6156104011682639, 0.6046707905498001, 0.7250914732320923, 0.6699952769657302, 0.5397527709236836], [-0.06617555056793645, 1.3571444651410731, 0.0, 0.2880253114397531, 0.6698909862717146, 0.10957655574142139, 0.5679967901321114, 0.6931011293180468, 0.276729646925276, 0.24792463070143178, 0.006104040759826512, 0.5967998774527294, 0.633574968943999, 0.6454553141395759, 0.7520275936872833, 0.6677826763487801, 0.5082748382872305]]}