{"labels_1": ["1", "2", "3", "4", "5", "6", "7", "8", "9"], "labels_2": ["1", "2", "3", "4", "5", "6", "7", "8", "9"], "adj_matrix_1": [[0.0, 0.22842, 0.17105, 0.31423, 0.06407, 0.0611, 0.06946, 0.22112, 0.11985], [0.22842, 0.0, 0.07754, 0.16595, 0.25975, 0.18611, 0.26173, 0.21869, 0.05978], [0.17105, 0.07754, 0.0, 0.22952, 0.2156, 0.11883, 0.21882, 0.22949, 0.07449], [0.31423, 0.16595, 0.22952, 0.0, 0.31572, 0.29843, 0.31505, 0.18389, 0.03657], [0.06407, 0.25975, 0.2156, 0.31572, 0.0, 0.12135, 0.0056, 0.20037, 0.13763], [0.0611, 0.18611, 0.11883, 0.29843, 0.12135, 0.0, 0.12621, 0.2312, 0.10326], [0.06946, 0.26173, 0.21882, 0.31505, 0.0056, 0.12621, 0.0, 0.19802, 0.13918], [0.22112, 0.21869, 0.22949, 0.18389, 0.20037, 0.2312, 0.19802, 0.0, 0.16675], [0.11985, 0.05978, 0.07449, 0.03657, 0.13763, 0.10326, 0.13918, 0.16675, 0.0]], "adj_matrix_2": [[0.0, 0.14797, 0.07186, 0.17952, 0.03116, 0.25022, 0.14815, 0.12593, 0.0277], [0.14797, 0.0, 0.20985, 0.03667, 0.11923, 0.13196, 0.2695, 0.02416, 0.17192], [0.07186, 0.20985, 0.0, 0.23685, 0.10213, 0.29179, 0.07951, 0.19038, 0.04429], [0.17952, 0.03667, 0.23685, 0.0, 0.15223, 0.09827, 0.29031, 0.06048, 0.20141], [0.03116, 0.11923, 0.10213, 0.15223, 0.0, 0.229, 0.17654, 0.09654, 0.05874], [0.25022, 0.13196, 0.29179, 0.09827, 0.229, 0.0, 0.32646, 0.15294, 0.26581], [0.14815, 0.2695, 0.07951, 0.29031, 0.17654, 0.32646, 0.0, 0.25403, 0.12256], [0.12593, 0.02416, 0.19038, 0.06048, 0.09654, 0.15294, 0.25403, 0.0, 0.15129], [0.0277, 0.17192, 0.04429, 0.20141, 0.05874, 0.26581, 0.12256, 0.15129, 0.0]], "features_1": [[0.633162670770695, 1.1064626573113114, 0.0, 0.24830227965289467, 0.5949451534272845, 0.12457815596202101, 0.29546447928636893, 0.6859493203239473, 0.37260760012917915, 0.2283989651707481, 0.007057398507269275, 0.582250926494587, 0.6352644695697953, 0.6519369119132824, 0.7721882062816131, 0.6997703256007978, 0.6082715763017916], [0.566002415859828, 1.1127429593021099, 0.0, 0.28479018993462113, 0.6026267191869844, 0.12223700424503574, 0.34728170576496, 0.6882919883276253, 0.3675633788168371, 0.2280968097750702, 0.007057398507269275, 0.5957669821768601, 0.6221016921809106, 0.6257197795928583, 0.7720148413187382, 0.686111941514547, 0.579509265789261], [0.5118437862756395, 1.185166877428459, 0.0, 0.27246024292736387, 0.618355767877111, 0.11968731870684099, 0.3524588847970861, 0.688921401959788, 0.3480194806399579, 0.23493441492571465, 0.007281081678807366, 0.5913611870121507, 0.6333124553954366, 0.6491095824183077, 0.7636607777027702, 0.671792786328199, 0.6003854115910358], [0.2722137454341498, 1.162928610898265, 0.0, 0.26614091261569905, 0.6179738773645073, 0.11711392345484177, 0.38500113142483483, 0.6905464801577701, 0.3268264097699054, 0.22715570071642843, 0.006721420376576193, 0.6000996392637699, 0.6358590476334394, 0.6401002853454842, 0.7620923529725666, 0.6726381476291877, 0.5811735929895251], [1.3741763210148559, 1.414732592640625, 0.0, 0.3042013783371845, 0.673582700361502, 0.11117102880663206, 0.49962404010330774, 0.6929030698483807, 0.30216582517926804, 0.25415953381894596, 0.006497131753992358, 0.5753356570046182, 0.6117144221604252, 0.5965758626126926, 0.7550299373805504, 0.6627359154688719, 0.5040279976506342], [0.8195802705050728, 1.2109055317992454, 0.0, 0.32040469834325924, 0.6355424265228284, 0.11318515503483331, 0.4698280760860186, 0.6921625439496352, 0.3252828623033981, 0.22853215114368308, 0.006721420376576193, 0.5801265770164494, 0.6387331882402989, 0.6250636110397761, 0.7581274053771851, 0.6708985865719658, 0.5705842620387025], [1.2921966222734804, 1.3892811222227535, 0.0, 0.3127807403091629, 0.6734700204010761, 0.10845904786772961, 0.5044468073738002, 0.6930941161460784, 0.272718446275795, 0.24066691375369498, 0.006272599803500922, 0.553211239374348, 0.6193135022067704, 0.6320440872911528, 0.7483800578877523, 0.6711080704172656, 0.5060424754599487], [2.77452394655797, 1.5378246008627925, 0.0, 0.37340388521973344, 0.7069806414922166, 0.1006879745990635, 0.5093585508138438, 0.6923784848385602, 0.25735915661271447, 0.2494537132159662, 0.006047823865199753, 0.5333357283040634, 0.5956552814730682, 0.601720156483974, 0.7201405691179908, 0.6663220843215479, 0.4508430729757757], [3.700211031831733, 1.5420050463366988, 0.0, 0.40374849641165644, 0.7074846888458438, 0.10237959269730929, 0.5282133416720349, 0.6926961165177821, 0.27686333354670967, 0.2519479306928738, 0.006384896235913207, 0.5288749053097257, 0.6039057151491458, 0.5968624777384666, 0.7289980527268884, 0.6740452479645214, 0.4717461827259794]], "features_2": [[0.20758514365486658, 1.0661331110383858, 0.0, 0.2317677202377754, 0.5833792707620977, 0.1352090065308968, 0.339421910521461, 0.6782350709718078, 0.429263159125979, 0.23987928035741524, 0.007392832833969631, 0.6155491009351699, 0.6523832712594291, 0.6865153490862798, 0.7908939785628711, 0.7005204349321075, 0.6159135328114209], [-0.019145844030993064, 1.2029884115692573, 0.0, 0.25366668198761766, 0.6111174498744775, 0.13411184815938637, 0.2570262756185066, 0.6784676468278663, 0.42410428867299577, 0.2686499587966811, 0.007616154688146137, 0.6125197146660248, 0.6434393150318474, 0.6793584973242942, 0.7875834582633783, 0.7031568514571435, 0.606468575499791], [0.27590685676773585, 1.1442603785941061, 0.0, 0.24798616068598406, 0.5967651767530249, 0.13526530158478195, 0.26640451191475945, 0.6773302703683906, 0.44621445476698907, 0.2553628937828374, 0.00783923647221818, 0.620570003316836, 0.6488366493599441, 0.6660062180141403, 0.7889956735987713, 0.6938814210438448, 0.6143182468726376], [0.3319914538350681, 1.0988836477009616, 0.0, 0.24421979361300633, 0.58452922140442, 0.13453059455691288, 0.24403915824848993, 0.6770545582181281, 0.42420540235057924, 0.2430104033962608, 0.007616154688146137, 0.6067398768550418, 0.6389742450496998, 0.6600445143841144, 0.7860264871364578, 0.7107440820926139, 0.6116441996459918], [0.003420470535890896, 1.4322078234628697, 0.0, 0.22481993776262274, 0.6616149510638198, 0.12576707996606704, 0.3789071025515973, 0.6870162756151451, 0.3745880445776506, 0.29032056259436945, 0.0069454663283523566, 0.6109035730041068, 0.6580344492090981, 0.6637273210899266, 0.7823980400894099, 0.7086955796535032, 0.5643464704920703], [0.31088394987261214, 1.1773589889933662, 0.0, 0.2744107764942135, 0.6042098959209273, 0.1333563211291825, 0.26376858906836986, 0.6791801755161189, 0.4382722013279514, 0.2599770531492631, 0.007950687539111767, 0.6034813723379662, 0.6345068754029715, 0.659120683547686, 0.7895989315830034, 0.6931838797260169, 0.6207668999789752], [-0.0022021047686138218, 1.5564796262077798, 0.0, 0.18292909442825953, 0.6867475217897226, 0.11781535658974832, 0.4193751383579297, 0.6910114158606098, 0.31055867256613867, 0.28962931851576146, 0.006104040759826512, 0.6036536599655369, 0.6463535564384888, 0.6502079554484409, 0.7666477507310259, 0.6869532461280663, 0.526254140179325], [0.02883651550940769, 1.449031831466572, 0.0, 0.24485844126408424, 0.6895382852502527, 0.10959867801076653, 0.5480441764792374, 0.6930470608173729, 0.28853733776021384, 0.26326810415631985, 0.005991591679928909, 0.5903253874009349, 0.654421753519097, 0.6692078352494563, 0.7500503958269109, 0.6458825489560173, 0.5596644292493684], [0.047703893511147566, 1.7273505498119075, 0.0, 0.19737540767048573, 0.7323960281275191, 0.10650418363402032, 0.4981614715199008, 0.6931388404344121, 0.27130289496618887, 0.2920148452314757, 0.005766509824583821, 0.5911838059616028, 0.634512009123366, 0.635304133233245, 0.741677687425568, 0.6454022593283186, 0.5357480651743383]]}