{"labels_1": ["1", "2", "3", "4", "5", "6", "7", "8", "9"], "labels_2": ["1", "2", "3", "4", "5", "6", "7", "8", "9"], "adj_matrix_1": [[0.0, 0.22842, 0.17105, 0.31423, 0.06407, 0.0611, 0.06946, 0.22112, 0.11985], [0.22842, 0.0, 0.07754, 0.16595, 0.25975, 0.18611, 0.26173, 0.21869, 0.05978], [0.17105, 0.07754, 0.0, 0.22952, 0.2156, 0.11883, 0.21882, 0.22949, 0.07449], [0.31423, 0.16595, 0.22952, 0.0, 0.31572, 0.29843, 0.31505, 0.18389, 0.03657], [0.06407, 0.25975, 0.2156, 0.31572, 0.0, 0.12135, 0.0056, 0.20037, 0.13763], [0.0611, 0.18611, 0.11883, 0.29843, 0.12135, 0.0, 0.12621, 0.2312, 0.10326], [0.06946, 0.26173, 0.21882, 0.31505, 0.0056, 0.12621, 0.0, 0.19802, 0.13918], [0.22112, 0.21869, 0.22949, 0.18389, 0.20037, 0.2312, 0.19802, 0.0, 0.16675], [0.11985, 0.05978, 0.07449, 0.03657, 0.13763, 0.10326, 0.13918, 0.16675, 0.0]], "adj_matrix_2": [[0.0, 0.07274, 0.05925, 0.04283, 0.01644, 0.0363, 0.26085, 0.25803, 0.28237], [0.07274, 0.0, 0.1291, 0.11372, 0.05663, 0.10755, 0.30396, 0.30206, 0.32104], [0.05925, 0.1291, 0.0, 0.01662, 0.07536, 0.02319, 0.21639, 0.21285, 0.24092], [0.04283, 0.11372, 0.01662, 0.0, 0.05908, 0.00658, 0.22958, 0.2262, 0.25334], [0.01644, 0.05663, 0.07536, 0.05908, 0.0, 0.0526, 0.27205, 0.26926, 0.29267], [0.0363, 0.10755, 0.02319, 0.00658, 0.0526, 0.0, 0.23464, 0.23133, 0.25808], [0.26085, 0.30396, 0.21639, 0.22958, 0.27205, 0.23464, 0.0, 0.00448, 0.02992], [0.25803, 0.30206, 0.21285, 0.2262, 0.26926, 0.23133, 0.00448, 0.0, 0.03437], [0.28237, 0.32104, 0.24092, 0.25334, 0.29267, 0.25808, 0.02992, 0.03437, 0.0]], "features_1": [[0.633162670770695, 1.1064626573113114, 0.0, 0.24830227965289467, 0.5949451534272845, 0.12457815596202101, 0.29546447928636893, 0.6859493203239473, 0.37260760012917915, 0.2283989651707481, 0.007057398507269275, 0.582250926494587, 0.6352644695697953, 0.6519369119132824, 0.7721882062816131, 0.6997703256007978, 0.6082715763017916], [0.566002415859828, 1.1127429593021099, 0.0, 0.28479018993462113, 0.6026267191869844, 0.12223700424503574, 0.34728170576496, 0.6882919883276253, 0.3675633788168371, 0.2280968097750702, 0.007057398507269275, 0.5957669821768601, 0.6221016921809106, 0.6257197795928583, 0.7720148413187382, 0.686111941514547, 0.579509265789261], [0.5118437862756395, 1.185166877428459, 0.0, 0.27246024292736387, 0.618355767877111, 0.11968731870684099, 0.3524588847970861, 0.688921401959788, 0.3480194806399579, 0.23493441492571465, 0.007281081678807366, 0.5913611870121507, 0.6333124553954366, 0.6491095824183077, 0.7636607777027702, 0.671792786328199, 0.6003854115910358], [0.2722137454341498, 1.162928610898265, 0.0, 0.26614091261569905, 0.6179738773645073, 0.11711392345484177, 0.38500113142483483, 0.6905464801577701, 0.3268264097699054, 0.22715570071642843, 0.006721420376576193, 0.6000996392637699, 0.6358590476334394, 0.6401002853454842, 0.7620923529725666, 0.6726381476291877, 0.5811735929895251], [1.3741763210148559, 1.414732592640625, 0.0, 0.3042013783371845, 0.673582700361502, 0.11117102880663206, 0.49962404010330774, 0.6929030698483807, 0.30216582517926804, 0.25415953381894596, 0.006497131753992358, 0.5753356570046182, 0.6117144221604252, 0.5965758626126926, 0.7550299373805504, 0.6627359154688719, 0.5040279976506342], [0.8195802705050728, 1.2109055317992454, 0.0, 0.32040469834325924, 0.6355424265228284, 0.11318515503483331, 0.4698280760860186, 0.6921625439496352, 0.3252828623033981, 0.22853215114368308, 0.006721420376576193, 0.5801265770164494, 0.6387331882402989, 0.6250636110397761, 0.7581274053771851, 0.6708985865719658, 0.5705842620387025], [1.2921966222734804, 1.3892811222227535, 0.0, 0.3127807403091629, 0.6734700204010761, 0.10845904786772961, 0.5044468073738002, 0.6930941161460784, 0.272718446275795, 0.24066691375369498, 0.006272599803500922, 0.553211239374348, 0.6193135022067704, 0.6320440872911528, 0.7483800578877523, 0.6711080704172656, 0.5060424754599487], [2.77452394655797, 1.5378246008627925, 0.0, 0.37340388521973344, 0.7069806414922166, 0.1006879745990635, 0.5093585508138438, 0.6923784848385602, 0.25735915661271447, 0.2494537132159662, 0.006047823865199753, 0.5333357283040634, 0.5956552814730682, 0.601720156483974, 0.7201405691179908, 0.6663220843215479, 0.4508430729757757], [3.700211031831733, 1.5420050463366988, 0.0, 0.40374849641165644, 0.7074846888458438, 0.10237959269730929, 0.5282133416720349, 0.6926961165177821, 0.27686333354670967, 0.2519479306928738, 0.006384896235913207, 0.5288749053097257, 0.6039057151491458, 0.5968624777384666, 0.7289980527268884, 0.6740452479645214, 0.4717461827259794]], "features_2": [[0.33902376142875745, 1.2346976533641825, 0.0, 0.22381884355068635, 0.6211325466559631, 0.12606015751663302, 0.3566400692896906, 0.6847756533667027, 0.3648843134918205, 0.2574606648657376, 0.007225183508792421, 0.5995185203732158, 0.6166473908870685, 0.6215130526563968, 0.7686205262796058, 0.6843461372678519, 0.5768872851174435], [0.08162139308144223, 1.1728162578074175, 0.0, 0.20220668058052324, 0.6086357842043942, 0.1279613131813952, 0.4553328149687452, 0.6843548769756966, 0.37309734401472294, 0.2504070687031099, 0.007504523810135222, 0.6067609267830845, 0.6194630720508635, 0.6459721167211122, 0.772972198469848, 0.6913400976994087, 0.5740473166242104], [0.5287006560272909, 1.3846305848671039, 0.0, 0.2220958266780926, 0.6485627157497312, 0.12543991398738336, 0.34335680869676466, 0.6852974514137391, 0.37113496021410275, 0.27996192995853164, 0.00716927026363523, 0.6014601759267533, 0.618173320576576, 0.626353532296231, 0.766133376551754, 0.6883464436066917, 0.576059129154161], [0.47180713849678835, 1.3635075291656167, 0.0, 0.22280964987242088, 0.6493589243835765, 0.12272313407301493, 0.38895422004824665, 0.6875150857856187, 0.3505794763119974, 0.2703648497020221, 0.007001439975721224, 0.595097933972911, 0.615493051730739, 0.6186270633408811, 0.7631401961479379, 0.6816892649886974, 0.5621689565972987], [0.19174931499545167, 1.3541337190884462, 0.0, 0.19680090020135554, 0.6488599056016485, 0.12170631023426645, 0.5704149012218614, 0.6892694689452719, 0.33209153370247346, 0.2672968395108555, 0.0069454663283523566, 0.6035088808464248, 0.6475522712658897, 0.657954560600145, 0.7668909618688998, 0.6777661319711047, 0.5525945342778528], [0.38001243094948656, 1.3538262340659801, 0.0, 0.21547418454575717, 0.6486766238346686, 0.12178772077358985, 0.38677328490517837, 0.6882191911902923, 0.3459652648225493, 0.2677328083242181, 0.007225183508792421, 0.6024269994237381, 0.624814194937649, 0.6342491171933332, 0.7639168812327476, 0.6875228093507971, 0.5716702178127109], [0.08735495361244716, 1.6082304795848248, 0.0, 0.19161885698268524, 0.7021981628945875, 0.11328445279095517, 0.5368980325465976, 0.6924311322404466, 0.3011243449174408, 0.29146903514712497, 0.0066653709969386465, 0.6046306711005291, 0.6334883714357665, 0.6389185257595748, 0.75437829823986, 0.6615382333417648, 0.519497164472542], [-0.2436355705268234, 1.341099854299697, 0.0, 0.20844877635071538, 0.6609486756783581, 0.11122758475276995, 0.5682069703892857, 0.6925860942512242, 0.2834993245238031, 0.25230891659655574, 0.006609306440138685, 0.607854217072777, 0.6298789595718703, 0.6347229437661668, 0.734864519293519, 0.6813903586075305, 0.5434854070616952], [-0.2895132919609438, 1.6148000599558863, 0.0, 0.2068656255927966, 0.708022060368448, 0.10726082106390498, 0.4455865483333916, 0.6930905464466353, 0.2603786434634958, 0.2826301661289947, 0.005991591679928909, 0.603655427853641, 0.6470758061987445, 0.6613126097087807, 0.7280869765615668, 0.65170356132218, 0.5148397698472594]]}