{"labels_1": ["1", "2", "3", "4", "5", "6", "7", "8", "9"], "labels_2": ["1", "2", "3", "4", "5", "6", "7", "8", "9"], "adj_matrix_1": [[0.0, 0.22842, 0.17105, 0.31423, 0.06407, 0.0611, 0.06946, 0.22112, 0.11985], [0.22842, 0.0, 0.07754, 0.16595, 0.25975, 0.18611, 0.26173, 0.21869, 0.05978], [0.17105, 0.07754, 0.0, 0.22952, 0.2156, 0.11883, 0.21882, 0.22949, 0.07449], [0.31423, 0.16595, 0.22952, 0.0, 0.31572, 0.29843, 0.31505, 0.18389, 0.03657], [0.06407, 0.25975, 0.2156, 0.31572, 0.0, 0.12135, 0.0056, 0.20037, 0.13763], [0.0611, 0.18611, 0.11883, 0.29843, 0.12135, 0.0, 0.12621, 0.2312, 0.10326], [0.06946, 0.26173, 0.21882, 0.31505, 0.0056, 0.12621, 0.0, 0.19802, 0.13918], [0.22112, 0.21869, 0.22949, 0.18389, 0.20037, 0.2312, 0.19802, 0.0, 0.16675], [0.11985, 0.05978, 0.07449, 0.03657, 0.13763, 0.10326, 0.13918, 0.16675, 0.0]], "adj_matrix_2": [[0.0, 0.01306, 0.07071, 0.03866, 0.1849, 0.16344, 0.1695, 0.11329, 0.1149], [0.01306, 0.0, 0.08221, 0.05115, 0.17831, 0.16792, 0.17317, 0.10485, 0.10641], [0.07071, 0.08221, 0.0, 0.03381, 0.21193, 0.1219, 0.13221, 0.16382, 0.16549], [0.03866, 0.05115, 0.03381, 0.0, 0.20144, 0.14442, 0.15282, 0.13967, 0.14137], [0.1849, 0.17831, 0.21193, 0.20144, 0.0, 0.19916, 0.19297, 0.25244, 0.24856], [0.16344, 0.16792, 0.1219, 0.14442, 0.19916, 0.0, 0.014, 0.24758, 0.24824], [0.1695, 0.17317, 0.13221, 0.15282, 0.19297, 0.014, 0.0, 0.25416, 0.25461], [0.11329, 0.10485, 0.16382, 0.13967, 0.25244, 0.24758, 0.25416, 0.0, 0.00677], [0.1149, 0.10641, 0.16549, 0.14137, 0.24856, 0.24824, 0.25461, 0.00677, 0.0]], "features_1": [[0.633162670770695, 1.1064626573113114, 0.0, 0.24830227965289467, 0.5949451534272845, 0.12457815596202101, 0.29546447928636893, 0.6859493203239473, 0.37260760012917915, 0.2283989651707481, 0.007057398507269275, 0.582250926494587, 0.6352644695697953, 0.6519369119132824, 0.7721882062816131, 0.6997703256007978, 0.6082715763017916], [0.566002415859828, 1.1127429593021099, 0.0, 0.28479018993462113, 0.6026267191869844, 0.12223700424503574, 0.34728170576496, 0.6882919883276253, 0.3675633788168371, 0.2280968097750702, 0.007057398507269275, 0.5957669821768601, 0.6221016921809106, 0.6257197795928583, 0.7720148413187382, 0.686111941514547, 0.579509265789261], [0.5118437862756395, 1.185166877428459, 0.0, 0.27246024292736387, 0.618355767877111, 0.11968731870684099, 0.3524588847970861, 0.688921401959788, 0.3480194806399579, 0.23493441492571465, 0.007281081678807366, 0.5913611870121507, 0.6333124553954366, 0.6491095824183077, 0.7636607777027702, 0.671792786328199, 0.6003854115910358], [0.2722137454341498, 1.162928610898265, 0.0, 0.26614091261569905, 0.6179738773645073, 0.11711392345484177, 0.38500113142483483, 0.6905464801577701, 0.3268264097699054, 0.22715570071642843, 0.006721420376576193, 0.6000996392637699, 0.6358590476334394, 0.6401002853454842, 0.7620923529725666, 0.6726381476291877, 0.5811735929895251], [1.3741763210148559, 1.414732592640625, 0.0, 0.3042013783371845, 0.673582700361502, 0.11117102880663206, 0.49962404010330774, 0.6929030698483807, 0.30216582517926804, 0.25415953381894596, 0.006497131753992358, 0.5753356570046182, 0.6117144221604252, 0.5965758626126926, 0.7550299373805504, 0.6627359154688719, 0.5040279976506342], [0.8195802705050728, 1.2109055317992454, 0.0, 0.32040469834325924, 0.6355424265228284, 0.11318515503483331, 0.4698280760860186, 0.6921625439496352, 0.3252828623033981, 0.22853215114368308, 0.006721420376576193, 0.5801265770164494, 0.6387331882402989, 0.6250636110397761, 0.7581274053771851, 0.6708985865719658, 0.5705842620387025], [1.2921966222734804, 1.3892811222227535, 0.0, 0.3127807403091629, 0.6734700204010761, 0.10845904786772961, 0.5044468073738002, 0.6930941161460784, 0.272718446275795, 0.24066691375369498, 0.006272599803500922, 0.553211239374348, 0.6193135022067704, 0.6320440872911528, 0.7483800578877523, 0.6711080704172656, 0.5060424754599487], [2.77452394655797, 1.5378246008627925, 0.0, 0.37340388521973344, 0.7069806414922166, 0.1006879745990635, 0.5093585508138438, 0.6923784848385602, 0.25735915661271447, 0.2494537132159662, 0.006047823865199753, 0.5333357283040634, 0.5956552814730682, 0.601720156483974, 0.7201405691179908, 0.6663220843215479, 0.4508430729757757], [3.700211031831733, 1.5420050463366988, 0.0, 0.40374849641165644, 0.7074846888458438, 0.10237959269730929, 0.5282133416720349, 0.6926961165177821, 0.27686333354670967, 0.2519479306928738, 0.006384896235913207, 0.5288749053097257, 0.6039057151491458, 0.5968624777384666, 0.7289980527268884, 0.6740452479645214, 0.4717461827259794]], "features_2": [[2.975766440203892, 1.5675670564599267, 0.0, 0.226176180557533, 0.6535949521405965, 0.1462279240661708, 0.34581939466823075, 0.6709068285257618, 0.45891776341565005, 0.31751022135904083, 0.007671947615560004, 0.5675823517612946, 0.640933509555129, 0.6435148336456044, 0.8320167857000286, 0.7332101836293934, 0.6479354922086167], [3.2355086739846417, 1.6724386115874332, 0.0, 0.2344930940331566, 0.6608402108328897, 0.14908049462215456, 0.2841941963825668, 0.66488463995259, 0.46634593674017544, 0.3352985353678839, 0.007894969482732161, 0.5628307097682974, 0.6373231879784886, 0.6431971908131552, 0.829967614543499, 0.7141173340481956, 0.6418749782242416], [1.5722731556100058, 1.4716895945686679, 0.0, 0.24809241004555221, 0.6543488103390287, 0.13541239594897117, 0.3577130551414349, 0.6795212028836847, 0.41446192149640804, 0.29851777505677823, 0.007560346756364078, 0.574409590386104, 0.6392371123117168, 0.6589110232414847, 0.8091096280503387, 0.6994299232308646, 0.6284098490037079], [1.8779776649001256, 1.3595509351883677, 0.0, 0.2556059028019629, 0.6315491997017044, 0.13863335118752898, 0.3613082767284169, 0.6771818746999794, 0.4347749468656401, 0.282645674090785, 0.007616154688146137, 0.5711531336580449, 0.6370781206095286, 0.6435005794362678, 0.8178874204006379, 0.7093505040906057, 0.6391375311399627], [0.7688015662400174, 1.6706199352528575, 0.0, 0.2073263824029872, 0.6781063384293409, 0.14069820906332667, 0.4201071619253732, 0.6784383919680366, 0.42535617692497185, 0.33831284500587255, 0.007281081678807366, 0.5882561298639271, 0.6675934756954244, 0.6932587192360968, 0.8267753724296242, 0.7129674407533326, 0.6453074713528859], [0.8051344076542044, 1.4240226165789538, 0.0, 0.23915823194995786, 0.6582124163514326, 0.1288866116072599, 0.4500344116011469, 0.686038164257658, 0.39006823585315953, 0.28490105896946893, 0.0069454663283523566, 0.5815356221084871, 0.6549366106797649, 0.6685548774379229, 0.8019697983726313, 0.7096372490415848, 0.6114383168575068], [1.5061702239114245, 1.467341987343806, 0.0, 0.21324729807645562, 0.6511361328585414, 0.14029393108904661, 0.431810027554328, 0.6789513947490075, 0.43814394840798143, 0.3047251656803307, 0.008062078829516484, 0.5737147388503339, 0.6674793191276783, 0.6457376170531994, 0.8277523477808225, 0.7273078741472678, 0.6211298911801338], [-0.09563401873443711, 1.4244359300209122, 0.0, 0.22175834203927375, 0.6741252786394951, 0.11396572261412538, 0.5459190476316585, 0.6925282003158195, 0.2875402146508106, 0.2641397531542502, 0.005879081395912644, 0.6009589994727855, 0.6491402515529602, 0.6597846326513607, 0.7679186270350535, 0.6932723685019917, 0.5494264458215672], [-0.09447430491625441, 1.3955185587703867, 0.0, 0.19799285942133998, 0.67345698055931, 0.11282418820223228, 0.5860777560173147, 0.6928385055422326, 0.28386363962478733, 0.25733697688397594, 0.00655322669591385, 0.596353113897184, 0.6638377732288291, 0.6771549198583396, 0.7690928027196012, 0.6781702238779704, 0.5415376966515401]]}