{"labels_1": ["1", "2", "3", "4", "5", "6", "7", "8", "9"], "labels_2": ["1", "2", "3", "4", "5", "6", "7", "8", "9"], "adj_matrix_1": [[0.0, 0.22842, 0.17105, 0.31423, 0.06407, 0.0611, 0.06946, 0.22112, 0.11985], [0.22842, 0.0, 0.07754, 0.16595, 0.25975, 0.18611, 0.26173, 0.21869, 0.05978], [0.17105, 0.07754, 0.0, 0.22952, 0.2156, 0.11883, 0.21882, 0.22949, 0.07449], [0.31423, 0.16595, 0.22952, 0.0, 0.31572, 0.29843, 0.31505, 0.18389, 0.03657], [0.06407, 0.25975, 0.2156, 0.31572, 0.0, 0.12135, 0.0056, 0.20037, 0.13763], [0.0611, 0.18611, 0.11883, 0.29843, 0.12135, 0.0, 0.12621, 0.2312, 0.10326], [0.06946, 0.26173, 0.21882, 0.31505, 0.0056, 0.12621, 0.0, 0.19802, 0.13918], [0.22112, 0.21869, 0.22949, 0.18389, 0.20037, 0.2312, 0.19802, 0.0, 0.16675], [0.11985, 0.05978, 0.07449, 0.03657, 0.13763, 0.10326, 0.13918, 0.16675, 0.0]], "adj_matrix_2": [[0.0, 0.17322, 0.18129, 0.10629, 0.03337, 0.17513, 0.23919, 0.26527, 0.155], [0.17322, 0.0, 0.017, 0.21842, 0.19044, 0.15678, 0.22716, 0.21617, 0.22675], [0.18129, 0.017, 0.0, 0.21927, 0.19624, 0.14896, 0.21876, 0.20592, 0.22406], [0.10629, 0.21842, 0.21927, 0.0, 0.07539, 0.15106, 0.17546, 0.22288, 0.0584], [0.03337, 0.19044, 0.19624, 0.07539, 0.0, 0.16874, 0.22493, 0.25854, 0.12883], [0.17513, 0.15678, 0.14896, 0.15106, 0.16874, 0.0, 0.10083, 0.08476, 0.13372], [0.23919, 0.22716, 0.21876, 0.17546, 0.22493, 0.10083, 0.0, 0.06681, 0.12678], [0.26527, 0.21617, 0.20592, 0.22288, 0.25854, 0.08476, 0.06681, 0.0, 0.184], [0.155, 0.22675, 0.22406, 0.0584, 0.12883, 0.13372, 0.12678, 0.184, 0.0]], "features_1": [[0.633162670770695, 1.1064626573113114, 0.0, 0.24830227965289467, 0.5949451534272845, 0.12457815596202101, 0.29546447928636893, 0.6859493203239473, 0.37260760012917915, 0.2283989651707481, 0.007057398507269275, 0.582250926494587, 0.6352644695697953, 0.6519369119132824, 0.7721882062816131, 0.6997703256007978, 0.6082715763017916], [0.566002415859828, 1.1127429593021099, 0.0, 0.28479018993462113, 0.6026267191869844, 0.12223700424503574, 0.34728170576496, 0.6882919883276253, 0.3675633788168371, 0.2280968097750702, 0.007057398507269275, 0.5957669821768601, 0.6221016921809106, 0.6257197795928583, 0.7720148413187382, 0.686111941514547, 0.579509265789261], [0.5118437862756395, 1.185166877428459, 0.0, 0.27246024292736387, 0.618355767877111, 0.11968731870684099, 0.3524588847970861, 0.688921401959788, 0.3480194806399579, 0.23493441492571465, 0.007281081678807366, 0.5913611870121507, 0.6333124553954366, 0.6491095824183077, 0.7636607777027702, 0.671792786328199, 0.6003854115910358], [0.2722137454341498, 1.162928610898265, 0.0, 0.26614091261569905, 0.6179738773645073, 0.11711392345484177, 0.38500113142483483, 0.6905464801577701, 0.3268264097699054, 0.22715570071642843, 0.006721420376576193, 0.6000996392637699, 0.6358590476334394, 0.6401002853454842, 0.7620923529725666, 0.6726381476291877, 0.5811735929895251], [1.3741763210148559, 1.414732592640625, 0.0, 0.3042013783371845, 0.673582700361502, 0.11117102880663206, 0.49962404010330774, 0.6929030698483807, 0.30216582517926804, 0.25415953381894596, 0.006497131753992358, 0.5753356570046182, 0.6117144221604252, 0.5965758626126926, 0.7550299373805504, 0.6627359154688719, 0.5040279976506342], [0.8195802705050728, 1.2109055317992454, 0.0, 0.32040469834325924, 0.6355424265228284, 0.11318515503483331, 0.4698280760860186, 0.6921625439496352, 0.3252828623033981, 0.22853215114368308, 0.006721420376576193, 0.5801265770164494, 0.6387331882402989, 0.6250636110397761, 0.7581274053771851, 0.6708985865719658, 0.5705842620387025], [1.2921966222734804, 1.3892811222227535, 0.0, 0.3127807403091629, 0.6734700204010761, 0.10845904786772961, 0.5044468073738002, 0.6930941161460784, 0.272718446275795, 0.24066691375369498, 0.006272599803500922, 0.553211239374348, 0.6193135022067704, 0.6320440872911528, 0.7483800578877523, 0.6711080704172656, 0.5060424754599487], [2.77452394655797, 1.5378246008627925, 0.0, 0.37340388521973344, 0.7069806414922166, 0.1006879745990635, 0.5093585508138438, 0.6923784848385602, 0.25735915661271447, 0.2494537132159662, 0.006047823865199753, 0.5333357283040634, 0.5956552814730682, 0.601720156483974, 0.7201405691179908, 0.6663220843215479, 0.4508430729757757], [3.700211031831733, 1.5420050463366988, 0.0, 0.40374849641165644, 0.7074846888458438, 0.10237959269730929, 0.5282133416720349, 0.6926961165177821, 0.27686333354670967, 0.2519479306928738, 0.006384896235913207, 0.5288749053097257, 0.6039057151491458, 0.5968624777384666, 0.7289980527268884, 0.6740452479645214, 0.4717461827259794]], "features_2": [[0.27298263354766616, 0.9768575498845496, 0.0, 0.27065558297686454, 0.576319394492628, 0.12496259695005288, 0.4170168208479808, 0.6879434780230241, 0.35928718107611757, 0.20948545245384764, 0.007057398507269275, 0.594250451635705, 0.6593200398754494, 0.688055643315056, 0.7878616374133011, 0.6959751479262929, 0.6020216763686127], [0.681576964250977, 1.0464505972107376, 0.0, 0.2898185535100502, 0.5956116131765649, 0.12124358084871183, 0.46998392366047026, 0.6901899970919192, 0.33942733169019257, 0.2128348652401506, 0.006721420376576193, 0.5840936095816716, 0.6601420376805787, 0.6646152777204355, 0.7822924224568072, 0.6979406478371122, 0.593128250926081], [0.6061145785040312, 1.0381081477953886, 0.0, 0.3057114404192225, 0.5955582398523933, 0.12272112658967979, 0.4729422970222842, 0.6896149680117316, 0.3488610726798358, 0.21688139735871204, 0.0069454663283523566, 0.5825439472112446, 0.6541644869653291, 0.6805624527140627, 0.784774786613624, 0.6871869761786688, 0.5924574136397566], [0.1397962187011883, 1.03952064806543, 0.0, 0.2507659999023403, 0.5916663177049429, 0.1250309188255207, 0.43198485986322266, 0.688323150525765, 0.3613034398043631, 0.22137928192626877, 0.007057398507269275, 0.6019474525441548, 0.653334330696962, 0.6927149350377626, 0.7883806574710109, 0.7255758897781043, 0.5943663441526421], [1.0454487929491867, 1.2587226370583355, 0.0, 0.2855489272574681, 0.6473732696463308, 0.11287640133436612, 0.536051245265952, 0.6927296600834034, 0.3102771151592172, 0.23175781464795864, 0.00677745458930179, 0.5737099370553207, 0.6353008153165818, 0.6408898596325708, 0.7614624261099152, 0.7070257904085321, 0.5673395509799938], [1.1844772680647395, 1.1873359923349385, 0.0, 0.3447662430502025, 0.6332547432028447, 0.11784275316270047, 0.5411460487076752, 0.6917089350858918, 0.33001692169871144, 0.2331407273958106, 0.0069454663283523566, 0.5679576135649214, 0.6539800119474932, 0.6735174458059754, 0.7783406249443343, 0.690710848151277, 0.5821145805343877], [0.20915652238059312, 1.4335420062375692, 0.0, 0.23606950918738176, 0.6632906485236454, 0.12255142071939064, 0.445628940572643, 0.6893939236708502, 0.34696584193736224, 0.281208944331357, 0.00655322669591385, 0.6159832216417822, 0.6481388714763081, 0.6597089083461063, 0.7824265236776897, 0.7066907884461527, 0.5569194841107952], [0.32447463133613397, 1.7693588950281594, 0.0, 0.25922463548853764, 0.7386704822077038, 0.10132813205495682, 0.5643378480750023, 0.6926112323079402, 0.2551981674458079, 0.28446225696397076, 0.006104040759826512, 0.5778415876792167, 0.6249021001303189, 0.6177117194224943, 0.7282561533188947, 0.6546663848148945, 0.5347294804635163], [0.005192816934867395, 1.6996741694923783, 0.0, 0.29487805075254137, 0.7235835760280206, 0.10403811395339613, 0.5331935740614036, 0.6930241296029365, 0.2602355642527534, 0.2824192785682613, 0.005766509824583821, 0.5812677069339083, 0.635402106711991, 0.6213798190509472, 0.7348581003734304, 0.6711526233508464, 0.5224113592150634]]}