{"labels_1": ["1", "2", "3", "4", "5", "6", "7", "8", "9"], "labels_2": ["1", "2", "3", "4", "5", "6", "7", "8", "9"], "adj_matrix_1": [[0.0, 0.18631, 0.03134, 0.24486, 0.15126, 0.20099, 0.17724, 0.24037, 0.00375], [0.18631, 0.0, 0.1584, 0.33748, 0.29845, 0.32397, 0.31281, 0.33684, 0.18915], [0.03134, 0.1584, 0.0, 0.26404, 0.1786, 0.2249, 0.20308, 0.26041, 0.035], [0.24486, 0.33748, 0.26404, 0.0, 0.12197, 0.06504, 0.09357, 0.00742, 0.24065], [0.15126, 0.29845, 0.1786, 0.12197, 0.0, 0.0601, 0.03055, 0.11527, 0.14734], [0.20099, 0.32397, 0.2249, 0.06504, 0.0601, 0.0, 0.02985, 0.05775, 0.19692], [0.17724, 0.31281, 0.20308, 0.09357, 0.03055, 0.02985, 0.0, 0.08671, 0.17376], [0.24037, 0.33684, 0.26041, 0.00742, 0.11527, 0.05775, 0.08671, 0.0, 0.23752], [0.00375, 0.18915, 0.035, 0.24065, 0.14734, 0.19692, 0.17376, 0.23752, 0.0]], "adj_matrix_2": [[0.0, 0.06006, 0.17341, 0.05553, 0.15639, 0.2365, 0.13056, 0.22318, 0.24676], [0.06006, 0.0, 0.19995, 0.1103, 0.11244, 0.1965, 0.08149, 0.18017, 0.2228], [0.17341, 0.19995, 0.0, 0.13501, 0.31545, 0.29173, 0.2064, 0.30501, 0.21703], [0.05553, 0.1103, 0.13501, 0.0, 0.20093, 0.266, 0.16512, 0.25776, 0.25587], [0.15639, 0.11244, 0.31545, 0.20093, 0.0, 0.36054, 0.06391, 0.32389, 0.40802], [0.2365, 0.1965, 0.29173, 0.266, 0.36054, 0.0, 0.13669, 0.06162, 0.15245], [0.13056, 0.08149, 0.2064, 0.16512, 0.06391, 0.13669, 0.0, 0.12109, 0.17384], [0.22318, 0.18017, 0.30501, 0.25776, 0.32389, 0.06162, 0.12109, 0.0, 0.20518], [0.24676, 0.2228, 0.21703, 0.25587, 0.40802, 0.15245, 0.17384, 0.20518, 0.0]], "features_1": [[0.2524907609802005, 1.4530014843127435, 0.0, 0.2904494842415224, 0.6809139240881298, 0.11737425549160863, 0.449629154106497, 0.6908886939697537, 0.3294185517495729, 0.2774716421992758, 0.007057398507269275, 0.5995324578408536, 0.6395734815874244, 0.6497167657349474, 0.7594882442978093, 0.6756884345663138, 0.5885470727583332], [-0.2196592822057486, 1.4301361855432988, 0.0, 0.2850723691484907, 0.6660996697396472, 0.12207453735554427, 0.35240442317080467, 0.6877267498235604, 0.35368402270766475, 0.28824656318309105, 0.007504523810135222, 0.6198990727558793, 0.6350687485962854, 0.6520166463152823, 0.7640836862781356, 0.67428350468867, 0.6001240753882366], [0.23086958515163225, 1.5716502065368458, 0.0, 0.31415011297567763, 0.6981995346142703, 0.11841670602958045, 0.4359322044830286, 0.6904239686236897, 0.3332906121562733, 0.2971736720086666, 0.006721420376576193, 0.6012291631536244, 0.6387000882422925, 0.6567387278911032, 0.7606155482376955, 0.6728483644309674, 0.5898225358043284], [0.5822584867391769, 1.5473295705218304, 0.0, 0.33456098066615747, 0.6986008884474411, 0.11582170904273463, 0.4380180448886577, 0.6915605010179056, 0.316354275278389, 0.286635410806793, 0.006272599803500922, 0.576199807548673, 0.6287805519389017, 0.658069138756974, 0.7596775098897532, 0.6804889528307253, 0.5857537769928578], [-0.08642682925589629, 1.662297625887411, 0.0, 0.23309916047860743, 0.6988490860066661, 0.12146082287507091, 0.35805051608066235, 0.68855988656572, 0.34887045906863046, 0.320559518905406, 0.007504523810135222, 0.6089602673266918, 0.6581871425933661, 0.6729827857061136, 0.7675046884969356, 0.6909533597163899, 0.5898113829619254], [0.39441356864286936, 1.5968425646188031, 0.0, 0.34437752799048305, 0.7079276991653911, 0.11654381305865136, 0.5960355797095573, 0.6918588928467888, 0.32480168966974543, 0.29672989950384276, 0.0069454663283523566, 0.5877741523032507, 0.6468159650884101, 0.6675237448556209, 0.7644244388793789, 0.6705170919832546, 0.5887567430136449], [0.6149151881891326, 1.8595437845014275, 0.0, 0.34889741053067636, 0.7422599277416237, 0.11061699558772883, 0.47078058553854946, 0.6928816280555417, 0.2910270164592148, 0.3158159388137094, 0.006889477554966383, 0.5724471935650404, 0.62669030258724, 0.6160155609146447, 0.7509718601339358, 0.6843307495055222, 0.5399062401717193], [0.46930475754949397, 1.9704597525682555, 0.0, 0.23937989220858374, 0.7568401261282623, 0.11056874252245091, 0.37012291530339925, 0.6927370082739142, 0.28928981644057794, 0.3340745320469132, 0.006328755639155359, 0.588110727313782, 0.6192083337240818, 0.6452088676743144, 0.7422871666359345, 0.6468484544418234, 0.5563723198817859], [-0.03698167757031712, 2.1696459362495686, 0.0, 0.2627294965023605, 0.7867184947016559, 0.10377735573110379, 0.40259943338266313, 0.6930548249023694, 0.2558578785764405, 0.34593150452916865, 0.006216428718621936, 0.5906361467303771, 0.6284499886550601, 0.641537327749968, 0.7246278482416127, 0.6259313676627162, 0.5008834464765741]], "features_2": [[1.1672751770418186, 1.3891490881122335, 0.0, 0.2853959135113227, 0.6390825871683307, 0.12852972118377914, 0.21646764868610688, 0.6816391371301467, 0.37362554140921445, 0.2821846687282754, 0.007560346756364078, 0.5819459876037434, 0.6326997999499545, 0.6550368417427845, 0.7722636710463835, 0.6867099396503785, 0.6096984028412168], [0.7192574605715785, 1.3605977110409773, 0.0, 0.24581732727891972, 0.6255821752489116, 0.13522728247169152, 0.2036989943304917, 0.6749558545590053, 0.4033714554172092, 0.2920979668731227, 0.007894969482732161, 0.5861716973584676, 0.6278828638683654, 0.664483509350048, 0.783719742172872, 0.6859504766677381, 0.6091651163177776], [0.8380206357053286, 1.436722045151044, 0.0, 0.2651532259759623, 0.649205783815539, 0.1271034727590397, 0.20826159322574683, 0.6826564918937055, 0.357611100004144, 0.28647873016314307, 0.007336964783822175, 0.5897352434089023, 0.6027407731042432, 0.6151773136545009, 0.7664556782760261, 0.7003894485095634, 0.601446531943257], [1.2007194351934771, 1.3812834224517858, 0.0, 0.29788140080457887, 0.6414410057114351, 0.1250012898927432, 0.2077716456007465, 0.6841970159783983, 0.3512868366023836, 0.27341846759456745, 0.00683347364535547, 0.5733135922066412, 0.613824874872124, 0.6482416768859957, 0.7626063628904645, 0.7053784999143713, 0.6008221703050517], [-0.47478680196264467, 1.6781534362559543, 0.0, 0.17613399882182462, 0.6951815934897454, 0.12249797628170536, 0.4118368032591221, 0.6886322440773347, 0.3370279687145419, 0.3227636525295765, 0.0066653709969386465, 0.6323493335301089, 0.6396407774614437, 0.6363951775282519, 0.7735414589731593, 0.6902403000016578, 0.5738135939534381], [0.06701599177395545, 1.5117140505073432, 0.0, 0.2088948052495729, 0.6732763321581455, 0.12121148238442873, 0.3031463694873473, 0.6882209253335546, 0.33437731966029194, 0.2927132005089419, 0.006889477554966383, 0.6047450809528847, 0.6285073625366656, 0.643332870084429, 0.7625957492126479, 0.6754078635233751, 0.5887243917325966], [1.4151500147082459, 1.7307181605986852, 0.0, 0.32038513751771985, 0.7011124145377154, 0.12266122663216404, 0.3876544770057073, 0.6877940708558836, 0.3435485109459717, 0.3211887821159045, 0.00677745458930179, 0.5573195857279964, 0.6329625557506235, 0.6561049272994387, 0.7650903762722403, 0.6747595197718633, 0.5657404816123612], [0.040231184021658706, 2.089935247353896, 0.0, 0.260761753060927, 0.7758500244292391, 0.10177513132853692, 0.5401368589011148, 0.6925941051337248, 0.24208538157290493, 0.3245518841839554, 0.005766509824583821, 0.5809669645966526, 0.6106174581710905, 0.6025645354885681, 0.7226928024673144, 0.6604953648048014, 0.4844261962768961], [0.49883332988705753, 1.8630818725339655, 0.0, 0.2898886077459163, 0.7467606372327357, 0.10379923551116262, 0.4410092635050873, 0.6929664470154517, 0.262255326667995, 0.3029070968587375, 0.006160242374180447, 0.5701775733262688, 0.6237178588380484, 0.6271167567234707, 0.7281607706388464, 0.6682630379107887, 0.4890499707466719]]}