{"labels_1": ["1", "2", "3", "4", "5", "6", "7", "8", "9"], "labels_2": ["1", "2", "3", "4", "5", "6", "7", "8", "9"], "adj_matrix_1": [[0.0, 0.18631, 0.03134, 0.24486, 0.15126, 0.20099, 0.17724, 0.24037, 0.00375], [0.18631, 0.0, 0.1584, 0.33748, 0.29845, 0.32397, 0.31281, 0.33684, 0.18915], [0.03134, 0.1584, 0.0, 0.26404, 0.1786, 0.2249, 0.20308, 0.26041, 0.035], [0.24486, 0.33748, 0.26404, 0.0, 0.12197, 0.06504, 0.09357, 0.00742, 0.24065], [0.15126, 0.29845, 0.1786, 0.12197, 0.0, 0.0601, 0.03055, 0.11527, 0.14734], [0.20099, 0.32397, 0.2249, 0.06504, 0.0601, 0.0, 0.02985, 0.05775, 0.19692], [0.17724, 0.31281, 0.20308, 0.09357, 0.03055, 0.02985, 0.0, 0.08671, 0.17376], [0.24037, 0.33684, 0.26041, 0.00742, 0.11527, 0.05775, 0.08671, 0.0, 0.23752], [0.00375, 0.18915, 0.035, 0.24065, 0.14734, 0.19692, 0.17376, 0.23752, 0.0]], "adj_matrix_2": [[0.0, 0.00457, 0.10185, 0.10208, 0.1213, 0.02785, 0.06217, 0.04562, 0.01167], [0.00457, 0.0, 0.10464, 0.10487, 0.11965, 0.02932, 0.06468, 0.04768, 0.01242], [0.10185, 0.10464, 0.0, 0.00082, 0.16593, 0.2187, 0.1243, 0.17519, 0.22617], [0.10208, 0.10487, 0.00082, 0.0, 0.16586, 0.21879, 0.12495, 0.17561, 0.22586], [0.1213, 0.11965, 0.16593, 0.16586, 0.0, 0.10445, 0.15363, 0.13521, 0.06093], [0.02785, 0.02932, 0.2187, 0.21879, 0.10445, 0.0, 0.16557, 0.10588, 0.17132], [0.06217, 0.06468, 0.1243, 0.12495, 0.15363, 0.16557, 0.0, 0.07354, 0.25533], [0.04562, 0.04768, 0.17519, 0.17561, 0.13521, 0.10588, 0.07354, 0.0, 0.23657], [0.01167, 0.01242, 0.22617, 0.22586, 0.06093, 0.17132, 0.25533, 0.23657, 0.0]], "features_1": [[0.2524907609802005, 1.4530014843127435, 0.0, 0.2904494842415224, 0.6809139240881298, 0.11737425549160863, 0.449629154106497, 0.6908886939697537, 0.3294185517495729, 0.2774716421992758, 0.007057398507269275, 0.5995324578408536, 0.6395734815874244, 0.6497167657349474, 0.7594882442978093, 0.6756884345663138, 0.5885470727583332], [-0.2196592822057486, 1.4301361855432988, 0.0, 0.2850723691484907, 0.6660996697396472, 0.12207453735554427, 0.35240442317080467, 0.6877267498235604, 0.35368402270766475, 0.28824656318309105, 0.007504523810135222, 0.6198990727558793, 0.6350687485962854, 0.6520166463152823, 0.7640836862781356, 0.67428350468867, 0.6001240753882366], [0.23086958515163225, 1.5716502065368458, 0.0, 0.31415011297567763, 0.6981995346142703, 0.11841670602958045, 0.4359322044830286, 0.6904239686236897, 0.3332906121562733, 0.2971736720086666, 0.006721420376576193, 0.6012291631536244, 0.6387000882422925, 0.6567387278911032, 0.7606155482376955, 0.6728483644309674, 0.5898225358043284], [0.5822584867391769, 1.5473295705218304, 0.0, 0.33456098066615747, 0.6986008884474411, 0.11582170904273463, 0.4380180448886577, 0.6915605010179056, 0.316354275278389, 0.286635410806793, 0.006272599803500922, 0.576199807548673, 0.6287805519389017, 0.658069138756974, 0.7596775098897532, 0.6804889528307253, 0.5857537769928578], [-0.08642682925589629, 1.662297625887411, 0.0, 0.23309916047860743, 0.6988490860066661, 0.12146082287507091, 0.35805051608066235, 0.68855988656572, 0.34887045906863046, 0.320559518905406, 0.007504523810135222, 0.6089602673266918, 0.6581871425933661, 0.6729827857061136, 0.7675046884969356, 0.6909533597163899, 0.5898113829619254], [0.39441356864286936, 1.5968425646188031, 0.0, 0.34437752799048305, 0.7079276991653911, 0.11654381305865136, 0.5960355797095573, 0.6918588928467888, 0.32480168966974543, 0.29672989950384276, 0.0069454663283523566, 0.5877741523032507, 0.6468159650884101, 0.6675237448556209, 0.7644244388793789, 0.6705170919832546, 0.5887567430136449], [0.6149151881891326, 1.8595437845014275, 0.0, 0.34889741053067636, 0.7422599277416237, 0.11061699558772883, 0.47078058553854946, 0.6928816280555417, 0.2910270164592148, 0.3158159388137094, 0.006889477554966383, 0.5724471935650404, 0.62669030258724, 0.6160155609146447, 0.7509718601339358, 0.6843307495055222, 0.5399062401717193], [0.46930475754949397, 1.9704597525682555, 0.0, 0.23937989220858374, 0.7568401261282623, 0.11056874252245091, 0.37012291530339925, 0.6927370082739142, 0.28928981644057794, 0.3340745320469132, 0.006328755639155359, 0.588110727313782, 0.6192083337240818, 0.6452088676743144, 0.7422871666359345, 0.6468484544418234, 0.5563723198817859], [-0.03698167757031712, 2.1696459362495686, 0.0, 0.2627294965023605, 0.7867184947016559, 0.10377735573110379, 0.40259943338266313, 0.6930548249023694, 0.2558578785764405, 0.34593150452916865, 0.006216428718621936, 0.5906361467303771, 0.6284499886550601, 0.641537327749968, 0.7246278482416127, 0.6259313676627162, 0.5008834464765741]], "features_2": [[3.856140089373601, 1.7596013960406534, 0.0, 0.3215809685541881, 0.6740436283580058, 0.14212436994284786, 0.1396559041555804, 0.664062131080992, 0.428546456982849, 0.34059173599947035, 0.007950687539111767, 0.5403862256220817, 0.6074926443767, 0.6268941155518258, 0.7949293787435409, 0.6990448807012549, 0.6169877452956783], [4.795081970340912, 1.8252753392115835, 0.0, 0.3550370365814593, 0.6831740311092035, 0.140052203484053, 0.13354839845363103, 0.6663046397369563, 0.42378659808819363, 0.3422724001046977, 0.007950687539111767, 0.5328505044095431, 0.6037051772772873, 0.614921264850297, 0.789790586007048, 0.7063518481647578, 0.6048298585922639], [1.6614461982106912, 1.6473689703524943, 0.0, 0.2887498255116406, 0.6709672698712168, 0.13614540278949533, 0.18713553614142242, 0.673285676060912, 0.40103448102181893, 0.32387565037945154, 0.007448685839370306, 0.5615168022521391, 0.6158536266980646, 0.6295023318926302, 0.787611196787644, 0.7070784866119578, 0.6102768007758205], [1.5829922862259354, 1.6677646299829252, 0.0, 0.25648350918506163, 0.6756858349009717, 0.13618321962930435, 0.23464111726371967, 0.6746306806502098, 0.39627169570700516, 0.32536670778178967, 0.007616154688146137, 0.5630672759135384, 0.6272200514393136, 0.6369613402259537, 0.7923399869870231, 0.6831486426912716, 0.6158640817121589], [3.6374047754897925, 1.9162455851919702, 0.0, 0.33394768297361205, 0.7091113505555201, 0.13296549675104005, 0.23665689458889716, 0.6780358811795322, 0.39091208488048634, 0.3435452055148702, 0.007336964783822175, 0.5408306830988412, 0.6078232352262302, 0.5856241422262124, 0.788042952980207, 0.7009408871173872, 0.6027415203388895], [0.7708128363039575, 1.6407945807112136, 0.0, 0.22749229125738743, 0.6895218849326139, 0.1271624580867718, 0.37264329227510373, 0.6851060428492782, 0.35913342100701495, 0.3104900815596754, 0.00711334193318236, 0.5812725082264258, 0.6415869609392446, 0.6450647439677777, 0.7833237991176459, 0.7009063911481664, 0.5987856424978252], [1.1352042123783548, 1.941089521580901, 0.0, 0.18287997798637712, 0.7233978629601604, 0.12873733815508545, 0.4039053639006994, 0.6842751960971396, 0.34249450917985413, 0.3441019613619998, 0.00711334193318236, 0.5616862967542531, 0.6264005721074539, 0.5945067639126871, 0.7865242400141096, 0.666718246213249, 0.5912271635938057], [0.6455824569236608, 1.6124301663570726, 0.0, 0.23547515989451104, 0.7056513356579951, 0.11496610047149905, 0.6600431383006253, 0.6924423099823901, 0.2996569653411194, 0.28746473554168217, 0.006328755639155359, 0.5834127148094213, 0.6445689298764743, 0.6443068395170238, 0.7682851298160587, 0.6815411914397068, 0.5689217131977253], [0.03619653585040705, 1.9452745512742207, 0.0, 0.2636819841578567, 0.7518565939070313, 0.11323300976620544, 0.896300248619346, 0.6929416125538169, 0.2863380276739471, 0.3298043344051984, 0.006328755639155359, 0.5916432746031126, 0.6426072659777485, 0.6259981787305269, 0.7611365874340051, 0.6732182027792494, 0.5365226157561354]]}