{"labels_1": ["1", "2", "3", "4", "5", "6", "7", "8", "9"], "labels_2": ["1", "2", "3", "4", "5", "6", "7", "8", "9"], "adj_matrix_1": [[0.0, 0.09746, 0.17476, 0.22897, 0.24092, 0.07424, 0.32034, 0.02315, 0.06526], [0.09746, 0.0, 0.14638, 0.05151, 0.16872, 0.11588, 0.03617, 0.10204, 0.11252], [0.17476, 0.14638, 0.0, 0.3134, 0.21342, 0.11063, 0.34436, 0.15564, 0.11865], [0.22897, 0.05151, 0.3134, 0.0, 0.20461, 0.27629, 0.13469, 0.24522, 0.27132], [0.24092, 0.16872, 0.21342, 0.20461, 0.0, 0.23863, 0.1756, 0.2401, 0.23829], [0.07424, 0.11588, 0.11063, 0.27629, 0.23863, 0.0, 0.34516, 0.05153, 0.00912], [0.32034, 0.03617, 0.34436, 0.13469, 0.1756, 0.34516, 0.0, 0.33053, 0.34362], [0.02315, 0.10204, 0.15564, 0.24522, 0.2401, 0.05153, 0.33053, 0.0, 0.04258], [0.06526, 0.11252, 0.11865, 0.27132, 0.23829, 0.00912, 0.34362, 0.04258, 0.0]], "adj_matrix_2": [[0.0, 0.14797, 0.07186, 0.17952, 0.03116, 0.25022, 0.14815, 0.12593, 0.0277], [0.14797, 0.0, 0.20985, 0.03667, 0.11923, 0.13196, 0.2695, 0.02416, 0.17192], [0.07186, 0.20985, 0.0, 0.23685, 0.10213, 0.29179, 0.07951, 0.19038, 0.04429], [0.17952, 0.03667, 0.23685, 0.0, 0.15223, 0.09827, 0.29031, 0.06048, 0.20141], [0.03116, 0.11923, 0.10213, 0.15223, 0.0, 0.229, 0.17654, 0.09654, 0.05874], [0.25022, 0.13196, 0.29179, 0.09827, 0.229, 0.0, 0.32646, 0.15294, 0.26581], [0.14815, 0.2695, 0.07951, 0.29031, 0.17654, 0.32646, 0.0, 0.25403, 0.12256], [0.12593, 0.02416, 0.19038, 0.06048, 0.09654, 0.15294, 0.25403, 0.0, 0.15129], [0.0277, 0.17192, 0.04429, 0.20141, 0.05874, 0.26581, 0.12256, 0.15129, 0.0]], "features_1": [[0.5513322054737384, 1.1743463493208979, 0.0, 0.2429036749398343, 0.6130302546691051, 0.12540171380292692, 0.3193884922257396, 0.6856977823356352, 0.36028462831835584, 0.24421794805104602, 0.00711334193318236, 0.5957175822952476, 0.6472841793476891, 0.6677488028581878, 0.7725611624591162, 0.6891451274856262, 0.5873446757602878], [1.654309397074444, 1.1321561373821478, 0.0, 0.333436100882787, 0.585294014210278, 0.13657079063379396, 0.18042716091009298, 0.6733158612080886, 0.4164924723244765, 0.2512261124406634, 0.007560346756364078, 0.5721584122960865, 0.6260740702936307, 0.6658521747789441, 0.78230966041773, 0.7011548057253334, 0.6072550636920683], [0.5090825502782228, 1.3054533437685774, 0.0, 0.24740981442907728, 0.6377903931774522, 0.1237273604343323, 0.2741399996794819, 0.6862016513609168, 0.34799493278450977, 0.2630620028462254, 0.006889477554966383, 0.5888609397985634, 0.6416106159327033, 0.6681104453185331, 0.7631025908035007, 0.6681674174765089, 0.5782693853033302], [-0.07255437669617981, 1.2213036593981508, 0.0, 0.20348894441782234, 0.6285627227904513, 0.12138399437829575, 0.3741803351517767, 0.6887145498482531, 0.33248163805178765, 0.2485505879178025, 0.00683347364535547, 0.6068347696650689, 0.6226130779983452, 0.647428005850781, 0.7671793596055753, 0.6913575847131666, 0.5774635274963524], [1.3443221878425682, 1.2772440237246205, 0.0, 0.29915792963693344, 0.6166614963865138, 0.13095449868813547, 0.2484842988891316, 0.6800048064090545, 0.3871550937591606, 0.26399359518400844, 0.007281081678807366, 0.5720491070996412, 0.6253034569626511, 0.6508347272227761, 0.7796870013259141, 0.683136723891187, 0.6076424465896179], [0.15145980858993102, 1.3305750014350881, 0.0, 0.2426696181584499, 0.6476276768645494, 0.12174029222199584, 0.30019330229098673, 0.6880855422768501, 0.34295829199342087, 0.26660141684966243, 0.006889477554966383, 0.6026825180135649, 0.6398244620393371, 0.6566673489496312, 0.7652126809468613, 0.672377857494859, 0.5774519260419319], [-0.3357759992635958, 1.4204028214734457, 0.0, 0.20301937694211292, 0.6720133706639172, 0.11395944516906714, 0.5162164580825788, 0.6925057748072685, 0.29122632594225606, 0.2670910874453991, 0.006160242374180447, 0.6098277895168598, 0.6369639469434623, 0.6531979107571821, 0.7626617035221548, 0.6529941700775072, 0.5314809604574314], [0.5522493566858291, 1.6024267511663601, 0.0, 0.39791029569492653, 0.7076083237418317, 0.1093053174069733, 0.37039923096046723, 0.6929218383236951, 0.28710000336046315, 0.2804845709856496, 0.006272599803500922, 0.5852249728625543, 0.6270293485961433, 0.6135594664485162, 0.73615697587888, 0.6465891952158102, 0.5555021395259541], [0.18616185074433078, 1.6618920864146902, 0.0, 0.35057240320930705, 0.7204320268589222, 0.10523425266977529, 0.44812409398415837, 0.6931137397138283, 0.2585961713931024, 0.2842227093994536, 0.005822803276368971, 0.573775230660049, 0.6252741336082233, 0.6312375729481686, 0.7281416386985826, 0.6386234227919737, 0.5229406686928875]], "features_2": [[0.20758514365486658, 1.0661331110383858, 0.0, 0.2317677202377754, 0.5833792707620977, 0.1352090065308968, 0.339421910521461, 0.6782350709718078, 0.429263159125979, 0.23987928035741524, 0.007392832833969631, 0.6155491009351699, 0.6523832712594291, 0.6865153490862798, 0.7908939785628711, 0.7005204349321075, 0.6159135328114209], [-0.019145844030993064, 1.2029884115692573, 0.0, 0.25366668198761766, 0.6111174498744775, 0.13411184815938637, 0.2570262756185066, 0.6784676468278663, 0.42410428867299577, 0.2686499587966811, 0.007616154688146137, 0.6125197146660248, 0.6434393150318474, 0.6793584973242942, 0.7875834582633783, 0.7031568514571435, 0.606468575499791], [0.27590685676773585, 1.1442603785941061, 0.0, 0.24798616068598406, 0.5967651767530249, 0.13526530158478195, 0.26640451191475945, 0.6773302703683906, 0.44621445476698907, 0.2553628937828374, 0.00783923647221818, 0.620570003316836, 0.6488366493599441, 0.6660062180141403, 0.7889956735987713, 0.6938814210438448, 0.6143182468726376], [0.3319914538350681, 1.0988836477009616, 0.0, 0.24421979361300633, 0.58452922140442, 0.13453059455691288, 0.24403915824848993, 0.6770545582181281, 0.42420540235057924, 0.2430104033962608, 0.007616154688146137, 0.6067398768550418, 0.6389742450496998, 0.6600445143841144, 0.7860264871364578, 0.7107440820926139, 0.6116441996459918], [0.003420470535890896, 1.4322078234628697, 0.0, 0.22481993776262274, 0.6616149510638198, 0.12576707996606704, 0.3789071025515973, 0.6870162756151451, 0.3745880445776506, 0.29032056259436945, 0.0069454663283523566, 0.6109035730041068, 0.6580344492090981, 0.6637273210899266, 0.7823980400894099, 0.7086955796535032, 0.5643464704920703], [0.31088394987261214, 1.1773589889933662, 0.0, 0.2744107764942135, 0.6042098959209273, 0.1333563211291825, 0.26376858906836986, 0.6791801755161189, 0.4382722013279514, 0.2599770531492631, 0.007950687539111767, 0.6034813723379662, 0.6345068754029715, 0.659120683547686, 0.7895989315830034, 0.6931838797260169, 0.6207668999789752], [-0.0022021047686138218, 1.5564796262077798, 0.0, 0.18292909442825953, 0.6867475217897226, 0.11781535658974832, 0.4193751383579297, 0.6910114158606098, 0.31055867256613867, 0.28962931851576146, 0.006104040759826512, 0.6036536599655369, 0.6463535564384888, 0.6502079554484409, 0.7666477507310259, 0.6869532461280663, 0.526254140179325], [0.02883651550940769, 1.449031831466572, 0.0, 0.24485844126408424, 0.6895382852502527, 0.10959867801076653, 0.5480441764792374, 0.6930470608173729, 0.28853733776021384, 0.26326810415631985, 0.005991591679928909, 0.5903253874009349, 0.654421753519097, 0.6692078352494563, 0.7500503958269109, 0.6458825489560173, 0.5596644292493684], [0.047703893511147566, 1.7273505498119075, 0.0, 0.19737540767048573, 0.7323960281275191, 0.10650418363402032, 0.4981614715199008, 0.6931388404344121, 0.27130289496618887, 0.2920148452314757, 0.005766509824583821, 0.5911838059616028, 0.634512009123366, 0.635304133233245, 0.741677687425568, 0.6454022593283186, 0.5357480651743383]]}