{"labels_1": ["1", "2", "3", "4", "5", "6", "7", "8", "9"], "labels_2": ["1", "2", "3", "4", "5", "6", "7", "8", "9"], "adj_matrix_1": [[0.0, 0.18631, 0.03134, 0.24486, 0.15126, 0.20099, 0.17724, 0.24037, 0.00375], [0.18631, 0.0, 0.1584, 0.33748, 0.29845, 0.32397, 0.31281, 0.33684, 0.18915], [0.03134, 0.1584, 0.0, 0.26404, 0.1786, 0.2249, 0.20308, 0.26041, 0.035], [0.24486, 0.33748, 0.26404, 0.0, 0.12197, 0.06504, 0.09357, 0.00742, 0.24065], [0.15126, 0.29845, 0.1786, 0.12197, 0.0, 0.0601, 0.03055, 0.11527, 0.14734], [0.20099, 0.32397, 0.2249, 0.06504, 0.0601, 0.0, 0.02985, 0.05775, 0.19692], [0.17724, 0.31281, 0.20308, 0.09357, 0.03055, 0.02985, 0.0, 0.08671, 0.17376], [0.24037, 0.33684, 0.26041, 0.00742, 0.11527, 0.05775, 0.08671, 0.0, 0.23752], [0.00375, 0.18915, 0.035, 0.24065, 0.14734, 0.19692, 0.17376, 0.23752, 0.0]], "adj_matrix_2": [[0.0, 0.30005, 0.12972, 0.08323, 0.003, 0.27692, 0.16769, 0.28898, 0.01697], [0.30005, 0.0, 0.25766, 0.31194, 0.29783, 0.1195, 0.2357, 0.06097, 0.30311], [0.12972, 0.25766, 0.0, 0.2039, 0.12662, 0.18975, 0.04259, 0.26937, 0.14533], [0.08323, 0.31194, 0.2039, 0.0, 0.08602, 0.31571, 0.23647, 0.28909, 0.06659], [0.003, 0.29783, 0.12662, 0.08602, 0.0, 0.27413, 0.16522, 0.28751, 0.01995], [0.27692, 0.1195, 0.18975, 0.31571, 0.27413, 0.0, 0.15455, 0.1682, 0.28564], [0.16769, 0.2357, 0.04259, 0.23647, 0.16522, 0.15455, 0.0, 0.25555, 0.18244], [0.28898, 0.06097, 0.26937, 0.28909, 0.28751, 0.1682, 0.25555, 0.0, 0.28953], [0.01697, 0.30311, 0.14533, 0.06659, 0.01995, 0.28564, 0.18244, 0.28953, 0.0]], "features_1": [[0.2524907609802005, 1.4530014843127435, 0.0, 0.2904494842415224, 0.6809139240881298, 0.11737425549160863, 0.449629154106497, 0.6908886939697537, 0.3294185517495729, 0.2774716421992758, 0.007057398507269275, 0.5995324578408536, 0.6395734815874244, 0.6497167657349474, 0.7594882442978093, 0.6756884345663138, 0.5885470727583332], [-0.2196592822057486, 1.4301361855432988, 0.0, 0.2850723691484907, 0.6660996697396472, 0.12207453735554427, 0.35240442317080467, 0.6877267498235604, 0.35368402270766475, 0.28824656318309105, 0.007504523810135222, 0.6198990727558793, 0.6350687485962854, 0.6520166463152823, 0.7640836862781356, 0.67428350468867, 0.6001240753882366], [0.23086958515163225, 1.5716502065368458, 0.0, 0.31415011297567763, 0.6981995346142703, 0.11841670602958045, 0.4359322044830286, 0.6904239686236897, 0.3332906121562733, 0.2971736720086666, 0.006721420376576193, 0.6012291631536244, 0.6387000882422925, 0.6567387278911032, 0.7606155482376955, 0.6728483644309674, 0.5898225358043284], [0.5822584867391769, 1.5473295705218304, 0.0, 0.33456098066615747, 0.6986008884474411, 0.11582170904273463, 0.4380180448886577, 0.6915605010179056, 0.316354275278389, 0.286635410806793, 0.006272599803500922, 0.576199807548673, 0.6287805519389017, 0.658069138756974, 0.7596775098897532, 0.6804889528307253, 0.5857537769928578], [-0.08642682925589629, 1.662297625887411, 0.0, 0.23309916047860743, 0.6988490860066661, 0.12146082287507091, 0.35805051608066235, 0.68855988656572, 0.34887045906863046, 0.320559518905406, 0.007504523810135222, 0.6089602673266918, 0.6581871425933661, 0.6729827857061136, 0.7675046884969356, 0.6909533597163899, 0.5898113829619254], [0.39441356864286936, 1.5968425646188031, 0.0, 0.34437752799048305, 0.7079276991653911, 0.11654381305865136, 0.5960355797095573, 0.6918588928467888, 0.32480168966974543, 0.29672989950384276, 0.0069454663283523566, 0.5877741523032507, 0.6468159650884101, 0.6675237448556209, 0.7644244388793789, 0.6705170919832546, 0.5887567430136449], [0.6149151881891326, 1.8595437845014275, 0.0, 0.34889741053067636, 0.7422599277416237, 0.11061699558772883, 0.47078058553854946, 0.6928816280555417, 0.2910270164592148, 0.3158159388137094, 0.006889477554966383, 0.5724471935650404, 0.62669030258724, 0.6160155609146447, 0.7509718601339358, 0.6843307495055222, 0.5399062401717193], [0.46930475754949397, 1.9704597525682555, 0.0, 0.23937989220858374, 0.7568401261282623, 0.11056874252245091, 0.37012291530339925, 0.6927370082739142, 0.28928981644057794, 0.3340745320469132, 0.006328755639155359, 0.588110727313782, 0.6192083337240818, 0.6452088676743144, 0.7422871666359345, 0.6468484544418234, 0.5563723198817859], [-0.03698167757031712, 2.1696459362495686, 0.0, 0.2627294965023605, 0.7867184947016559, 0.10377735573110379, 0.40259943338266313, 0.6930548249023694, 0.2558578785764405, 0.34593150452916865, 0.006216428718621936, 0.5906361467303771, 0.6284499886550601, 0.641537327749968, 0.7246278482416127, 0.6259313676627162, 0.5008834464765741]], "features_2": [[-0.02291926033802527, 1.1339470545205126, 0.0, 0.2591818673168426, 0.5806860716784608, 0.1410939022757327, 0.26678513440172724, 0.6672909877556963, 0.45367805877470646, 0.26100087592123744, 0.007783488497544067, 0.6215141460594311, 0.6279774155589043, 0.6574623930810848, 0.7861713727412896, 0.6992729519010297, 0.5995051461117533], [0.53842764283434, 1.2088678848351546, 0.0, 0.2655491545473273, 0.5821161513285937, 0.14173613250160552, 0.1610018775753602, 0.6625656812413587, 0.4725478428879142, 0.2749194877619574, 0.008117752083540042, 0.6067019366351114, 0.6209187870625493, 0.6517302645776938, 0.7818065915440957, 0.7021675626178812, 0.582256064327666], [0.314662860616469, 1.1998919478486538, 0.0, 0.25281711699027964, 0.5896451799562692, 0.14237647724821045, 0.224545767494552, 0.6636148160043016, 0.4650450073300534, 0.27248579200400047, 0.008117752083540042, 0.6139076527513554, 0.6360344967597958, 0.6644732494565867, 0.7832588605588171, 0.7034268516231068, 0.6086771775500037], [-0.013501871098752005, 1.11756832991217, 0.0, 0.25982167388358557, 0.5832833271515179, 0.1389174079612173, 0.3166962461778148, 0.6715564441960739, 0.4401069764699963, 0.25355447459051694, 0.007560346756364078, 0.6224358447681066, 0.6443687341093391, 0.6780889024014051, 0.7868289218912101, 0.7101679079798371, 0.6092960817324861], [0.11107999126043921, 1.636340860881266, 0.0, 0.2337370021089027, 0.6820626374437573, 0.12415589569789566, 0.34588277536553136, 0.6870560779326872, 0.3499216598606876, 0.3138630357564247, 0.0069454663283523566, 0.6111553096176556, 0.6251947217080778, 0.6561239029235681, 0.7749008366910974, 0.6754961545429122, 0.4861594111008258], [0.5261395969324174, 1.1847201704182704, 0.0, 0.26824599294578494, 0.5965131231856411, 0.13744791286090585, 0.2953814294164395, 0.6728360153960231, 0.4271737203863797, 0.26118812469131436, 0.007336964783822175, 0.5926673577966066, 0.6366256064665229, 0.6701375371855651, 0.783926595018319, 0.6996347184340104, 0.6079115572126235], [-0.4243490444953628, 1.6242247373499696, 0.0, 0.24766399601493339, 0.7035508296810333, 0.11685597019892309, 0.9469093965716496, 0.6925068796489382, 0.29939244806777965, 0.30056802243668557, 0.005879081395912644, 0.6047118039960742, 0.6465364994958742, 0.6579342427584783, 0.7677193680257167, 0.6710492951769884, 0.45149960568886566], [0.5988713325862389, 1.3590212961884296, 0.0, 0.30851805655266323, 0.6670434909454795, 0.10870514073269331, 0.38518739333519675, 0.6929931716642969, 0.27155585682995853, 0.24602456292735986, 0.005484812216699497, 0.5697226372766839, 0.6325053945776156, 0.6400392028022804, 0.737223262178523, 0.6714284830958501, 0.5022980179896186], [-0.4192134237889307, 1.2102965469020008, 0.0, 0.25926180724324993, 0.637412188109654, 0.11432664859244454, 0.6150955181814787, 0.6923120343132467, 0.29039363873668034, 0.2358067939188062, 0.006160242374180447, 0.6066998713654681, 0.6344500131760482, 0.643425990977887, 0.7515112527822153, 0.657377648696792, 0.5214838500282962]]}