{"labels_1": ["1", "2", "3", "4", "5", "6", "7", "8", "9"], "labels_2": ["1", "2", "3", "4", "5", "6", "7", "8", "9"], "adj_matrix_1": [[0.0, 0.18631, 0.03134, 0.24486, 0.15126, 0.20099, 0.17724, 0.24037, 0.00375], [0.18631, 0.0, 0.1584, 0.33748, 0.29845, 0.32397, 0.31281, 0.33684, 0.18915], [0.03134, 0.1584, 0.0, 0.26404, 0.1786, 0.2249, 0.20308, 0.26041, 0.035], [0.24486, 0.33748, 0.26404, 0.0, 0.12197, 0.06504, 0.09357, 0.00742, 0.24065], [0.15126, 0.29845, 0.1786, 0.12197, 0.0, 0.0601, 0.03055, 0.11527, 0.14734], [0.20099, 0.32397, 0.2249, 0.06504, 0.0601, 0.0, 0.02985, 0.05775, 0.19692], [0.17724, 0.31281, 0.20308, 0.09357, 0.03055, 0.02985, 0.0, 0.08671, 0.17376], [0.24037, 0.33684, 0.26041, 0.00742, 0.11527, 0.05775, 0.08671, 0.0, 0.23752], [0.00375, 0.18915, 0.035, 0.24065, 0.14734, 0.19692, 0.17376, 0.23752, 0.0]], "adj_matrix_2": [[0.0, 0.24813, 0.07327, 0.22317, 0.09242, 0.1033, 0.22475, 0.0272, 0.22879], [0.24813, 0.0, 0.19239, 0.03634, 0.30486, 0.16644, 0.03351, 0.2647, 0.02744], [0.07327, 0.19239, 0.0, 0.16244, 0.16154, 0.03098, 0.1645, 0.09941, 0.16941], [0.22317, 0.03634, 0.16244, 0.0, 0.28744, 0.13472, 0.00273, 0.24215, 0.00876], [0.09242, 0.30486, 0.16154, 0.28744, 0.0, 0.18892, 0.29011, 0.06594, 0.29343], [0.1033, 0.16644, 0.03098, 0.13472, 0.18892, 0.0, 0.1371, 0.12882, 0.14236], [0.22475, 0.03351, 0.1645, 0.00273, 0.29011, 0.1371, 0.0, 0.24527, 0.00607], [0.0272, 0.2647, 0.09941, 0.24215, 0.06594, 0.12882, 0.24527, 0.0, 0.24947], [0.22879, 0.02744, 0.16941, 0.00876, 0.29343, 0.14236, 0.00607, 0.24947, 0.0]], "features_1": [[0.2524907609802005, 1.4530014843127435, 0.0, 0.2904494842415224, 0.6809139240881298, 0.11737425549160863, 0.449629154106497, 0.6908886939697537, 0.3294185517495729, 0.2774716421992758, 0.007057398507269275, 0.5995324578408536, 0.6395734815874244, 0.6497167657349474, 0.7594882442978093, 0.6756884345663138, 0.5885470727583332], [-0.2196592822057486, 1.4301361855432988, 0.0, 0.2850723691484907, 0.6660996697396472, 0.12207453735554427, 0.35240442317080467, 0.6877267498235604, 0.35368402270766475, 0.28824656318309105, 0.007504523810135222, 0.6198990727558793, 0.6350687485962854, 0.6520166463152823, 0.7640836862781356, 0.67428350468867, 0.6001240753882366], [0.23086958515163225, 1.5716502065368458, 0.0, 0.31415011297567763, 0.6981995346142703, 0.11841670602958045, 0.4359322044830286, 0.6904239686236897, 0.3332906121562733, 0.2971736720086666, 0.006721420376576193, 0.6012291631536244, 0.6387000882422925, 0.6567387278911032, 0.7606155482376955, 0.6728483644309674, 0.5898225358043284], [0.5822584867391769, 1.5473295705218304, 0.0, 0.33456098066615747, 0.6986008884474411, 0.11582170904273463, 0.4380180448886577, 0.6915605010179056, 0.316354275278389, 0.286635410806793, 0.006272599803500922, 0.576199807548673, 0.6287805519389017, 0.658069138756974, 0.7596775098897532, 0.6804889528307253, 0.5857537769928578], [-0.08642682925589629, 1.662297625887411, 0.0, 0.23309916047860743, 0.6988490860066661, 0.12146082287507091, 0.35805051608066235, 0.68855988656572, 0.34887045906863046, 0.320559518905406, 0.007504523810135222, 0.6089602673266918, 0.6581871425933661, 0.6729827857061136, 0.7675046884969356, 0.6909533597163899, 0.5898113829619254], [0.39441356864286936, 1.5968425646188031, 0.0, 0.34437752799048305, 0.7079276991653911, 0.11654381305865136, 0.5960355797095573, 0.6918588928467888, 0.32480168966974543, 0.29672989950384276, 0.0069454663283523566, 0.5877741523032507, 0.6468159650884101, 0.6675237448556209, 0.7644244388793789, 0.6705170919832546, 0.5887567430136449], [0.6149151881891326, 1.8595437845014275, 0.0, 0.34889741053067636, 0.7422599277416237, 0.11061699558772883, 0.47078058553854946, 0.6928816280555417, 0.2910270164592148, 0.3158159388137094, 0.006889477554966383, 0.5724471935650404, 0.62669030258724, 0.6160155609146447, 0.7509718601339358, 0.6843307495055222, 0.5399062401717193], [0.46930475754949397, 1.9704597525682555, 0.0, 0.23937989220858374, 0.7568401261282623, 0.11056874252245091, 0.37012291530339925, 0.6927370082739142, 0.28928981644057794, 0.3340745320469132, 0.006328755639155359, 0.588110727313782, 0.6192083337240818, 0.6452088676743144, 0.7422871666359345, 0.6468484544418234, 0.5563723198817859], [-0.03698167757031712, 2.1696459362495686, 0.0, 0.2627294965023605, 0.7867184947016559, 0.10377735573110379, 0.40259943338266313, 0.6930548249023694, 0.2558578785764405, 0.34593150452916865, 0.006216428718621936, 0.5906361467303771, 0.6284499886550601, 0.641537327749968, 0.7246278482416127, 0.6259313676627162, 0.5008834464765741]], "features_2": [[-0.07321255342351929, 1.1139179472307286, 0.0, 0.2014207864250826, 0.5877774081630918, 0.13520832698243385, 0.2339936988970507, 0.6761494497716667, 0.4201128615216503, 0.2513991536958575, 0.007504523810135222, 0.6249891193809165, 0.6739347602975219, 0.6921987352615594, 0.7876598577725912, 0.6909917319294155, 0.6179035827108278], [0.11917876055431442, 1.1901257144959332, 0.0, 0.22241706270134928, 0.615722696229519, 0.12736299415392152, 0.35880717244690385, 0.6855006098281787, 0.37341579223688126, 0.24936306229449112, 0.00711334193318236, 0.6066042980881945, 0.6379675784342627, 0.6394155952094921, 0.7848242937109335, 0.7132338637634998, 0.5956228467653342], [-0.04548542588466287, 1.1844542411885741, 0.0, 0.2068570379574716, 0.6056575979108509, 0.13370551774349793, 0.2370012024821598, 0.6779686777522309, 0.41753489795738186, 0.2615686049227226, 0.007894969482732161, 0.6197724662304209, 0.6490243703975085, 0.667709320076878, 0.7841065215798586, 0.7035575195466461, 0.6136537180558469], [0.1877331392200028, 1.2104338837013489, 0.0, 0.2504735921236531, 0.6134163994983256, 0.13180945860437426, 0.26953226139209435, 0.6806675722484263, 0.41250607857535737, 0.2632029545171497, 0.007727725548673403, 0.6044091758363876, 0.6380089123929238, 0.6667216119848066, 0.7849359561507653, 0.7052280651358382, 0.6156811184605825], [-0.18411466682027156, 1.7190818912461998, 0.0, 0.18472349802355428, 0.7146533857807813, 0.11486704152035848, 0.5170274750332403, 0.6922892120907742, 0.28501574574923394, 0.30503070942242916, 0.005991591679928909, 0.6011441352932745, 0.646820764526031, 0.6469421255575775, 0.7661564596347483, 0.6896500096191123, 0.5030275404377826], [0.08435452035248803, 1.3210835981375217, 0.0, 0.22915469650411918, 0.641435511145356, 0.128052838793935, 0.3372519216829346, 0.684775520515631, 0.39864236829082067, 0.27555708272550894, 0.007783488497544067, 0.6158639352355162, 0.6545498505294849, 0.661845170062682, 0.782743175546132, 0.7083620527780339, 0.6039001673884021], [0.2174625147590672, 1.7511111153541132, 0.0, 0.26845470677794064, 0.7145083407459973, 0.11898697871996407, 0.449802255879051, 0.6908577210134231, 0.3333737657158622, 0.31995700657836434, 0.006272599803500922, 0.5971529816685399, 0.6398155764086884, 0.6683514008045093, 0.7730612838780214, 0.6954948389221672, 0.5485201058101948], [-0.10312322692491271, 1.8669947582704323, 0.0, 0.251519929735885, 0.742909837049949, 0.11054507775329021, 0.4667576169574879, 0.6929078370236144, 0.2843122002653644, 0.3200732048181001, 0.005766509824583821, 0.6012959922595145, 0.6400104663966827, 0.6480545651734837, 0.7478667553440526, 0.6747438515926892, 0.5346281773424703], [-0.03196192261314712, 1.9084218477774764, 0.0, 0.28433991104028933, 0.7441894247936499, 0.11380077962702338, 0.4945909142853999, 0.6922792773085696, 0.3051494840516662, 0.33299209405979924, 0.006328755639155359, 0.5867316993373128, 0.648054763151649, 0.660656274943699, 0.7523917371308446, 0.6689395026247703, 0.5495166084709747]]}