{"labels_1": ["1", "2", "3", "4", "5", "6", "7", "8", "9"], "labels_2": ["1", "2", "3", "4", "5", "6", "7", "8", "9"], "adj_matrix_1": [[0.0, 0.18631, 0.03134, 0.24486, 0.15126, 0.20099, 0.17724, 0.24037, 0.00375], [0.18631, 0.0, 0.1584, 0.33748, 0.29845, 0.32397, 0.31281, 0.33684, 0.18915], [0.03134, 0.1584, 0.0, 0.26404, 0.1786, 0.2249, 0.20308, 0.26041, 0.035], [0.24486, 0.33748, 0.26404, 0.0, 0.12197, 0.06504, 0.09357, 0.00742, 0.24065], [0.15126, 0.29845, 0.1786, 0.12197, 0.0, 0.0601, 0.03055, 0.11527, 0.14734], [0.20099, 0.32397, 0.2249, 0.06504, 0.0601, 0.0, 0.02985, 0.05775, 0.19692], [0.17724, 0.31281, 0.20308, 0.09357, 0.03055, 0.02985, 0.0, 0.08671, 0.17376], [0.24037, 0.33684, 0.26041, 0.00742, 0.11527, 0.05775, 0.08671, 0.0, 0.23752], [0.00375, 0.18915, 0.035, 0.24065, 0.14734, 0.19692, 0.17376, 0.23752, 0.0]], "adj_matrix_2": [[0.0, 0.01954, 0.03192, 0.15574, 0.23, 0.02967, 0.3019, 0.00036, 0.03455], [0.01954, 0.0, 0.05137, 0.13771, 0.21455, 0.01016, 0.29155, 0.01916, 0.01513], [0.03192, 0.05137, 0.0, 0.18438, 0.2545, 0.06142, 0.31803, 0.03225, 0.06621], [0.15574, 0.13771, 0.18438, 0.0, 0.08845, 0.12812, 0.1966, 0.15503, 0.12287], [0.23, 0.21455, 0.2545, 0.08845, 0.0, 0.20638, 0.12017, 0.2299, 0.20192], [0.02967, 0.01016, 0.06142, 0.12812, 0.20638, 0.0, 0.28598, 0.02932, 0.00501], [0.3019, 0.29155, 0.31803, 0.1966, 0.12017, 0.28598, 0.0, 0.30192, 0.28255], [0.00036, 0.01916, 0.03225, 0.15503, 0.2299, 0.02932, 0.30192, 0.0, 0.03432], [0.03455, 0.01513, 0.06621, 0.12287, 0.20192, 0.00501, 0.28255, 0.03432, 0.0]], "features_1": [[0.2524907609802005, 1.4530014843127435, 0.0, 0.2904494842415224, 0.6809139240881298, 0.11737425549160863, 0.449629154106497, 0.6908886939697537, 0.3294185517495729, 0.2774716421992758, 0.007057398507269275, 0.5995324578408536, 0.6395734815874244, 0.6497167657349474, 0.7594882442978093, 0.6756884345663138, 0.5885470727583332], [-0.2196592822057486, 1.4301361855432988, 0.0, 0.2850723691484907, 0.6660996697396472, 0.12207453735554427, 0.35240442317080467, 0.6877267498235604, 0.35368402270766475, 0.28824656318309105, 0.007504523810135222, 0.6198990727558793, 0.6350687485962854, 0.6520166463152823, 0.7640836862781356, 0.67428350468867, 0.6001240753882366], [0.23086958515163225, 1.5716502065368458, 0.0, 0.31415011297567763, 0.6981995346142703, 0.11841670602958045, 0.4359322044830286, 0.6904239686236897, 0.3332906121562733, 0.2971736720086666, 0.006721420376576193, 0.6012291631536244, 0.6387000882422925, 0.6567387278911032, 0.7606155482376955, 0.6728483644309674, 0.5898225358043284], [0.5822584867391769, 1.5473295705218304, 0.0, 0.33456098066615747, 0.6986008884474411, 0.11582170904273463, 0.4380180448886577, 0.6915605010179056, 0.316354275278389, 0.286635410806793, 0.006272599803500922, 0.576199807548673, 0.6287805519389017, 0.658069138756974, 0.7596775098897532, 0.6804889528307253, 0.5857537769928578], [-0.08642682925589629, 1.662297625887411, 0.0, 0.23309916047860743, 0.6988490860066661, 0.12146082287507091, 0.35805051608066235, 0.68855988656572, 0.34887045906863046, 0.320559518905406, 0.007504523810135222, 0.6089602673266918, 0.6581871425933661, 0.6729827857061136, 0.7675046884969356, 0.6909533597163899, 0.5898113829619254], [0.39441356864286936, 1.5968425646188031, 0.0, 0.34437752799048305, 0.7079276991653911, 0.11654381305865136, 0.5960355797095573, 0.6918588928467888, 0.32480168966974543, 0.29672989950384276, 0.0069454663283523566, 0.5877741523032507, 0.6468159650884101, 0.6675237448556209, 0.7644244388793789, 0.6705170919832546, 0.5887567430136449], [0.6149151881891326, 1.8595437845014275, 0.0, 0.34889741053067636, 0.7422599277416237, 0.11061699558772883, 0.47078058553854946, 0.6928816280555417, 0.2910270164592148, 0.3158159388137094, 0.006889477554966383, 0.5724471935650404, 0.62669030258724, 0.6160155609146447, 0.7509718601339358, 0.6843307495055222, 0.5399062401717193], [0.46930475754949397, 1.9704597525682555, 0.0, 0.23937989220858374, 0.7568401261282623, 0.11056874252245091, 0.37012291530339925, 0.6927370082739142, 0.28928981644057794, 0.3340745320469132, 0.006328755639155359, 0.588110727313782, 0.6192083337240818, 0.6452088676743144, 0.7422871666359345, 0.6468484544418234, 0.5563723198817859], [-0.03698167757031712, 2.1696459362495686, 0.0, 0.2627294965023605, 0.7867184947016559, 0.10377735573110379, 0.40259943338266313, 0.6930548249023694, 0.2558578785764405, 0.34593150452916865, 0.006216428718621936, 0.5906361467303771, 0.6284499886550601, 0.641537327749968, 0.7246278482416127, 0.6259313676627162, 0.5008834464765741]], "features_2": [[-0.37625138398146873, 0.946128615535562, 0.0, 0.2364426421717438, 0.5701970137063975, 0.1237562311792461, 0.449676338185688, 0.6885767597622598, 0.37761865661036054, 0.20778179650057949, 0.00683347364535547, 0.6211929147457074, 0.6646603926936283, 0.6796880271859406, 0.7864760462038892, 0.6745962353980317, 0.5955268425609105], [0.057756387835381506, 1.0552306294948899, 0.0, 0.24271987145144663, 0.5998540755048755, 0.1175854215347505, 0.5090176285728681, 0.6916144041087384, 0.3366498930198558, 0.21264990128413808, 0.006609306440138685, 0.6051808255605764, 0.6471959293211437, 0.663861170870376, 0.7752984812533871, 0.674189862362007, 0.5850575405422802], [-0.4013886699470146, 1.0663720845316529, 0.0, 0.2564190798287781, 0.6080140184276462, 0.11671696493034941, 0.5248294960841186, 0.6919136873246792, 0.33718498078810244, 0.2196281470249548, 0.006272599803500922, 0.6159945752319238, 0.6641301161759975, 0.6770167901848372, 0.7739500580109187, 0.6818862075963578, 0.5808424570114228], [-0.22087788443164458, 1.0160373503688342, 0.0, 0.32226441131093453, 0.6014891055980466, 0.11360497835198527, 0.5982593801945676, 0.692759447134436, 0.3241059649097555, 0.20594713507521067, 0.00683347364535547, 0.5946459469835601, 0.6693179641817956, 0.6774826430143395, 0.7718754180655761, 0.6741413395299072, 0.570496281626656], [-0.07959390144338929, 1.4664227021965788, 0.0, 0.2335777370519712, 0.6821644812972836, 0.10926807552311825, 0.5649035305484112, 0.6931093582418774, 0.2605427228679953, 0.2603667379067014, 0.005822803276368971, 0.5913533607462551, 0.6467952978637788, 0.6501556996204505, 0.7492883794827054, 0.657538840748314, 0.5050500882590692], [-0.31642102679172357, 1.2595821140532821, 0.0, 0.28508804456136716, 0.6585034821392928, 0.10794352385822824, 0.618274515431662, 0.693137378462195, 0.2949041817723268, 0.2373547380776313, 0.006272599803500922, 0.6059825956031879, 0.6599369239292034, 0.6748959036132146, 0.754146930267086, 0.6712611914491722, 0.5416473108918669], [0.29492781589538897, 1.5358898149696927, 0.0, 0.26466490735754555, 0.7024732306431611, 0.10456797578840141, 0.5567470990849209, 0.6929800382865692, 0.255328124016204, 0.2632044598225911, 0.006104040759826512, 0.5738443626924958, 0.6224459581783686, 0.6322239201068374, 0.7398194697107672, 0.675761767771657, 0.4739615361923022], [-0.13116800664254402, 1.478670023317006, 0.0, 0.2643175865255502, 0.7069735027745166, 0.09846893071606946, 0.5402796388486373, 0.6915698945419416, 0.23190075817006073, 0.24933420486094282, 0.005710201030130202, 0.5961583346424222, 0.6437423705237268, 0.6426639307691393, 0.7192467421661746, 0.6401729446452638, 0.5055770559834495], [0.03464868022441481, 1.7251432326970677, 0.0, 0.26496782965423454, 0.741512078415881, 0.09777256401822207, 0.5432214164145336, 0.6914031352848629, 0.22080969507390025, 0.2761437060120402, 0.005428426552106513, 0.5849362005802676, 0.6214767412318428, 0.622211429114639, 0.7154558697855903, 0.6334629764082803, 0.4913460431321534]]}