{"labels_1": ["1", "2", "3", "4", "5", "6", "7", "8", "9"], "labels_2": ["1", "2", "3", "4", "5", "6", "7", "8", "9"], "adj_matrix_1": [[0.0, 0.18631, 0.03134, 0.24486, 0.15126, 0.20099, 0.17724, 0.24037, 0.00375], [0.18631, 0.0, 0.1584, 0.33748, 0.29845, 0.32397, 0.31281, 0.33684, 0.18915], [0.03134, 0.1584, 0.0, 0.26404, 0.1786, 0.2249, 0.20308, 0.26041, 0.035], [0.24486, 0.33748, 0.26404, 0.0, 0.12197, 0.06504, 0.09357, 0.00742, 0.24065], [0.15126, 0.29845, 0.1786, 0.12197, 0.0, 0.0601, 0.03055, 0.11527, 0.14734], [0.20099, 0.32397, 0.2249, 0.06504, 0.0601, 0.0, 0.02985, 0.05775, 0.19692], [0.17724, 0.31281, 0.20308, 0.09357, 0.03055, 0.02985, 0.0, 0.08671, 0.17376], [0.24037, 0.33684, 0.26041, 0.00742, 0.11527, 0.05775, 0.08671, 0.0, 0.23752], [0.00375, 0.18915, 0.035, 0.24065, 0.14734, 0.19692, 0.17376, 0.23752, 0.0]], "adj_matrix_2": [[0.0, 0.01306, 0.07071, 0.03866, 0.1849, 0.16344, 0.1695, 0.11329, 0.1149], [0.01306, 0.0, 0.08221, 0.05115, 0.17831, 0.16792, 0.17317, 0.10485, 0.10641], [0.07071, 0.08221, 0.0, 0.03381, 0.21193, 0.1219, 0.13221, 0.16382, 0.16549], [0.03866, 0.05115, 0.03381, 0.0, 0.20144, 0.14442, 0.15282, 0.13967, 0.14137], [0.1849, 0.17831, 0.21193, 0.20144, 0.0, 0.19916, 0.19297, 0.25244, 0.24856], [0.16344, 0.16792, 0.1219, 0.14442, 0.19916, 0.0, 0.014, 0.24758, 0.24824], [0.1695, 0.17317, 0.13221, 0.15282, 0.19297, 0.014, 0.0, 0.25416, 0.25461], [0.11329, 0.10485, 0.16382, 0.13967, 0.25244, 0.24758, 0.25416, 0.0, 0.00677], [0.1149, 0.10641, 0.16549, 0.14137, 0.24856, 0.24824, 0.25461, 0.00677, 0.0]], "features_1": [[0.2524907609802005, 1.4530014843127435, 0.0, 0.2904494842415224, 0.6809139240881298, 0.11737425549160863, 0.449629154106497, 0.6908886939697537, 0.3294185517495729, 0.2774716421992758, 0.007057398507269275, 0.5995324578408536, 0.6395734815874244, 0.6497167657349474, 0.7594882442978093, 0.6756884345663138, 0.5885470727583332], [-0.2196592822057486, 1.4301361855432988, 0.0, 0.2850723691484907, 0.6660996697396472, 0.12207453735554427, 0.35240442317080467, 0.6877267498235604, 0.35368402270766475, 0.28824656318309105, 0.007504523810135222, 0.6198990727558793, 0.6350687485962854, 0.6520166463152823, 0.7640836862781356, 0.67428350468867, 0.6001240753882366], [0.23086958515163225, 1.5716502065368458, 0.0, 0.31415011297567763, 0.6981995346142703, 0.11841670602958045, 0.4359322044830286, 0.6904239686236897, 0.3332906121562733, 0.2971736720086666, 0.006721420376576193, 0.6012291631536244, 0.6387000882422925, 0.6567387278911032, 0.7606155482376955, 0.6728483644309674, 0.5898225358043284], [0.5822584867391769, 1.5473295705218304, 0.0, 0.33456098066615747, 0.6986008884474411, 0.11582170904273463, 0.4380180448886577, 0.6915605010179056, 0.316354275278389, 0.286635410806793, 0.006272599803500922, 0.576199807548673, 0.6287805519389017, 0.658069138756974, 0.7596775098897532, 0.6804889528307253, 0.5857537769928578], [-0.08642682925589629, 1.662297625887411, 0.0, 0.23309916047860743, 0.6988490860066661, 0.12146082287507091, 0.35805051608066235, 0.68855988656572, 0.34887045906863046, 0.320559518905406, 0.007504523810135222, 0.6089602673266918, 0.6581871425933661, 0.6729827857061136, 0.7675046884969356, 0.6909533597163899, 0.5898113829619254], [0.39441356864286936, 1.5968425646188031, 0.0, 0.34437752799048305, 0.7079276991653911, 0.11654381305865136, 0.5960355797095573, 0.6918588928467888, 0.32480168966974543, 0.29672989950384276, 0.0069454663283523566, 0.5877741523032507, 0.6468159650884101, 0.6675237448556209, 0.7644244388793789, 0.6705170919832546, 0.5887567430136449], [0.6149151881891326, 1.8595437845014275, 0.0, 0.34889741053067636, 0.7422599277416237, 0.11061699558772883, 0.47078058553854946, 0.6928816280555417, 0.2910270164592148, 0.3158159388137094, 0.006889477554966383, 0.5724471935650404, 0.62669030258724, 0.6160155609146447, 0.7509718601339358, 0.6843307495055222, 0.5399062401717193], [0.46930475754949397, 1.9704597525682555, 0.0, 0.23937989220858374, 0.7568401261282623, 0.11056874252245091, 0.37012291530339925, 0.6927370082739142, 0.28928981644057794, 0.3340745320469132, 0.006328755639155359, 0.588110727313782, 0.6192083337240818, 0.6452088676743144, 0.7422871666359345, 0.6468484544418234, 0.5563723198817859], [-0.03698167757031712, 2.1696459362495686, 0.0, 0.2627294965023605, 0.7867184947016559, 0.10377735573110379, 0.40259943338266313, 0.6930548249023694, 0.2558578785764405, 0.34593150452916865, 0.006216428718621936, 0.5906361467303771, 0.6284499886550601, 0.641537327749968, 0.7246278482416127, 0.6259313676627162, 0.5008834464765741]], "features_2": [[2.975766440203892, 1.5675670564599267, 0.0, 0.226176180557533, 0.6535949521405965, 0.1462279240661708, 0.34581939466823075, 0.6709068285257618, 0.45891776341565005, 0.31751022135904083, 0.007671947615560004, 0.5675823517612946, 0.640933509555129, 0.6435148336456044, 0.8320167857000286, 0.7332101836293934, 0.6479354922086167], [3.2355086739846417, 1.6724386115874332, 0.0, 0.2344930940331566, 0.6608402108328897, 0.14908049462215456, 0.2841941963825668, 0.66488463995259, 0.46634593674017544, 0.3352985353678839, 0.007894969482732161, 0.5628307097682974, 0.6373231879784886, 0.6431971908131552, 0.829967614543499, 0.7141173340481956, 0.6418749782242416], [1.5722731556100058, 1.4716895945686679, 0.0, 0.24809241004555221, 0.6543488103390287, 0.13541239594897117, 0.3577130551414349, 0.6795212028836847, 0.41446192149640804, 0.29851777505677823, 0.007560346756364078, 0.574409590386104, 0.6392371123117168, 0.6589110232414847, 0.8091096280503387, 0.6994299232308646, 0.6284098490037079], [1.8779776649001256, 1.3595509351883677, 0.0, 0.2556059028019629, 0.6315491997017044, 0.13863335118752898, 0.3613082767284169, 0.6771818746999794, 0.4347749468656401, 0.282645674090785, 0.007616154688146137, 0.5711531336580449, 0.6370781206095286, 0.6435005794362678, 0.8178874204006379, 0.7093505040906057, 0.6391375311399627], [0.7688015662400174, 1.6706199352528575, 0.0, 0.2073263824029872, 0.6781063384293409, 0.14069820906332667, 0.4201071619253732, 0.6784383919680366, 0.42535617692497185, 0.33831284500587255, 0.007281081678807366, 0.5882561298639271, 0.6675934756954244, 0.6932587192360968, 0.8267753724296242, 0.7129674407533326, 0.6453074713528859], [0.8051344076542044, 1.4240226165789538, 0.0, 0.23915823194995786, 0.6582124163514326, 0.1288866116072599, 0.4500344116011469, 0.686038164257658, 0.39006823585315953, 0.28490105896946893, 0.0069454663283523566, 0.5815356221084871, 0.6549366106797649, 0.6685548774379229, 0.8019697983726313, 0.7096372490415848, 0.6114383168575068], [1.5061702239114245, 1.467341987343806, 0.0, 0.21324729807645562, 0.6511361328585414, 0.14029393108904661, 0.431810027554328, 0.6789513947490075, 0.43814394840798143, 0.3047251656803307, 0.008062078829516484, 0.5737147388503339, 0.6674793191276783, 0.6457376170531994, 0.8277523477808225, 0.7273078741472678, 0.6211298911801338], [-0.09563401873443711, 1.4244359300209122, 0.0, 0.22175834203927375, 0.6741252786394951, 0.11396572261412538, 0.5459190476316585, 0.6925282003158195, 0.2875402146508106, 0.2641397531542502, 0.005879081395912644, 0.6009589994727855, 0.6491402515529602, 0.6597846326513607, 0.7679186270350535, 0.6932723685019917, 0.5494264458215672], [-0.09447430491625441, 1.3955185587703867, 0.0, 0.19799285942133998, 0.67345698055931, 0.11282418820223228, 0.5860777560173147, 0.6928385055422326, 0.28386363962478733, 0.25733697688397594, 0.00655322669591385, 0.596353113897184, 0.6638377732288291, 0.6771549198583396, 0.7690928027196012, 0.6781702238779704, 0.5415376966515401]]}