{"labels_1": ["1", "2", "3", "4", "5", "6", "7", "8", "9"], "labels_2": ["1", "2", "3", "4", "5", "6", "7", "8", "9"], "adj_matrix_1": [[0.0, 0.09746, 0.17476, 0.22897, 0.24092, 0.07424, 0.32034, 0.02315, 0.06526], [0.09746, 0.0, 0.14638, 0.05151, 0.16872, 0.11588, 0.03617, 0.10204, 0.11252], [0.17476, 0.14638, 0.0, 0.3134, 0.21342, 0.11063, 0.34436, 0.15564, 0.11865], [0.22897, 0.05151, 0.3134, 0.0, 0.20461, 0.27629, 0.13469, 0.24522, 0.27132], [0.24092, 0.16872, 0.21342, 0.20461, 0.0, 0.23863, 0.1756, 0.2401, 0.23829], [0.07424, 0.11588, 0.11063, 0.27629, 0.23863, 0.0, 0.34516, 0.05153, 0.00912], [0.32034, 0.03617, 0.34436, 0.13469, 0.1756, 0.34516, 0.0, 0.33053, 0.34362], [0.02315, 0.10204, 0.15564, 0.24522, 0.2401, 0.05153, 0.33053, 0.0, 0.04258], [0.06526, 0.11252, 0.11865, 0.27132, 0.23829, 0.00912, 0.34362, 0.04258, 0.0]], "adj_matrix_2": [[0.0, 0.00964, 0.03259, 0.10976, 0.02116, 0.18746, 0.31822, 0.22685, 0.21911], [0.00964, 0.0, 0.023, 0.11859, 0.01153, 0.18072, 0.32087, 0.22684, 0.21416], [0.03259, 0.023, 0.0, 0.13909, 0.01149, 0.16378, 0.3262, 0.22632, 0.20172], [0.10976, 0.11859, 0.13909, 0.0, 0.12899, 0.25038, 0.26435, 0.2169, 0.2603], [0.02116, 0.01153, 0.01149, 0.12899, 0.0, 0.17236, 0.32412, 0.22688, 0.20842], [0.18746, 0.18072, 0.16378, 0.25038, 0.17236, 0.0, 0.29989, 0.17828, 0.06109], [0.31822, 0.32087, 0.3262, 0.26435, 0.32412, 0.29989, 0.0, 0.15474, 0.26724], [0.22685, 0.22684, 0.22632, 0.2169, 0.22688, 0.17828, 0.15474, 0.0, 0.13958], [0.21911, 0.21416, 0.20172, 0.2603, 0.20842, 0.06109, 0.26724, 0.13958, 0.0]], "features_1": [[0.5513322054737384, 1.1743463493208979, 0.0, 0.2429036749398343, 0.6130302546691051, 0.12540171380292692, 0.3193884922257396, 0.6856977823356352, 0.36028462831835584, 0.24421794805104602, 0.00711334193318236, 0.5957175822952476, 0.6472841793476891, 0.6677488028581878, 0.7725611624591162, 0.6891451274856262, 0.5873446757602878], [1.654309397074444, 1.1321561373821478, 0.0, 0.333436100882787, 0.585294014210278, 0.13657079063379396, 0.18042716091009298, 0.6733158612080886, 0.4164924723244765, 0.2512261124406634, 0.007560346756364078, 0.5721584122960865, 0.6260740702936307, 0.6658521747789441, 0.78230966041773, 0.7011548057253334, 0.6072550636920683], [0.5090825502782228, 1.3054533437685774, 0.0, 0.24740981442907728, 0.6377903931774522, 0.1237273604343323, 0.2741399996794819, 0.6862016513609168, 0.34799493278450977, 0.2630620028462254, 0.006889477554966383, 0.5888609397985634, 0.6416106159327033, 0.6681104453185331, 0.7631025908035007, 0.6681674174765089, 0.5782693853033302], [-0.07255437669617981, 1.2213036593981508, 0.0, 0.20348894441782234, 0.6285627227904513, 0.12138399437829575, 0.3741803351517767, 0.6887145498482531, 0.33248163805178765, 0.2485505879178025, 0.00683347364535547, 0.6068347696650689, 0.6226130779983452, 0.647428005850781, 0.7671793596055753, 0.6913575847131666, 0.5774635274963524], [1.3443221878425682, 1.2772440237246205, 0.0, 0.29915792963693344, 0.6166614963865138, 0.13095449868813547, 0.2484842988891316, 0.6800048064090545, 0.3871550937591606, 0.26399359518400844, 0.007281081678807366, 0.5720491070996412, 0.6253034569626511, 0.6508347272227761, 0.7796870013259141, 0.683136723891187, 0.6076424465896179], [0.15145980858993102, 1.3305750014350881, 0.0, 0.2426696181584499, 0.6476276768645494, 0.12174029222199584, 0.30019330229098673, 0.6880855422768501, 0.34295829199342087, 0.26660141684966243, 0.006889477554966383, 0.6026825180135649, 0.6398244620393371, 0.6566673489496312, 0.7652126809468613, 0.672377857494859, 0.5774519260419319], [-0.3357759992635958, 1.4204028214734457, 0.0, 0.20301937694211292, 0.6720133706639172, 0.11395944516906714, 0.5162164580825788, 0.6925057748072685, 0.29122632594225606, 0.2670910874453991, 0.006160242374180447, 0.6098277895168598, 0.6369639469434623, 0.6531979107571821, 0.7626617035221548, 0.6529941700775072, 0.5314809604574314], [0.5522493566858291, 1.6024267511663601, 0.0, 0.39791029569492653, 0.7076083237418317, 0.1093053174069733, 0.37039923096046723, 0.6929218383236951, 0.28710000336046315, 0.2804845709856496, 0.006272599803500922, 0.5852249728625543, 0.6270293485961433, 0.6135594664485162, 0.73615697587888, 0.6465891952158102, 0.5555021395259541], [0.18616185074433078, 1.6618920864146902, 0.0, 0.35057240320930705, 0.7204320268589222, 0.10523425266977529, 0.44812409398415837, 0.6931137397138283, 0.2585961713931024, 0.2842227093994536, 0.005822803276368971, 0.573775230660049, 0.6252741336082233, 0.6312375729481686, 0.7281416386985826, 0.6386234227919737, 0.5229406686928875]], "features_2": [[0.6537541715534858, 1.064418330600385, 0.0, 0.2160980556107317, 0.580842878063432, 0.12940441091892013, 0.2800854999048738, 0.6822510999989105, 0.38015531303960803, 0.23109077122984734, 0.007560346756364078, 0.5894157112966125, 0.6584568059691042, 0.694710150520444, 0.7830687891202436, 0.7075527327828801, 0.6072403213131174], [0.9081781062207823, 1.047183973089639, 0.0, 0.25589080766329614, 0.569573724390123, 0.13458908589390323, 0.21639063360237926, 0.6759511965830578, 0.41842314214664866, 0.23426986202442213, 0.007671947615560004, 0.5938346984904292, 0.6474152481905048, 0.6761196039118238, 0.7852784890526023, 0.7099568970814244, 0.615749181669026], [0.7812946450871068, 1.1014843043814382, 0.0, 0.22634157244857728, 0.5914676731397691, 0.12997660446976295, 0.2885361695213128, 0.682064013276729, 0.39730265582519864, 0.23950670276750685, 0.007448685839370306, 0.5889900314077354, 0.6390019181487733, 0.6809645904291934, 0.7842631248023262, 0.7091793427563041, 0.6121452154553968], [0.34417893178493664, 1.1251559815602672, 0.0, 0.21482909024293448, 0.6027309087263839, 0.12427297623135342, 0.3538897596089072, 0.6870533239975734, 0.35330901399169234, 0.2359555547959833, 0.007001439975721224, 0.6026266503564384, 0.6398341546934333, 0.6704404339338115, 0.7779966536261185, 0.7012710997375589, 0.5945393667773621], [1.0282555031704206, 1.178545580121438, 0.0, 0.29025666660045774, 0.6087903193285383, 0.12945587655166885, 0.41309658574198876, 0.6834551280673102, 0.3737171090081828, 0.24603690235805487, 0.007392832833969631, 0.5848151415700438, 0.6500122854949604, 0.6590775457291979, 0.7819869231827831, 0.7025743672965865, 0.594021462086984], [1.2699972091866014, 1.2001382085160606, 0.0, 0.2531192991923103, 0.6199264416737008, 0.1257461033273208, 0.3639241438644142, 0.686064409764735, 0.378526488539652, 0.2460508602377487, 0.007336964783822175, 0.5810492402873089, 0.630941783714806, 0.6473614394410696, 0.7787441887922736, 0.7047878638040677, 0.6095351215606019], [-0.07457647346052854, 1.493169857758531, 0.0, 0.16124094503035927, 0.6781712743374102, 0.1175785133981185, 0.47053694924901424, 0.6912491146099453, 0.3116983196210772, 0.28310351334080974, 0.006497131753992358, 0.6141059897541967, 0.6432959171493167, 0.6585307246299551, 0.7696933368412238, 0.7059589544945383, 0.536922176145966], [2.019835155812422, 1.6573151982237107, 0.0, 0.3172475137108558, 0.7209103176227837, 0.10937873389134031, 0.6599845008215709, 0.6930751088586335, 0.28090719795266805, 0.27674744503981397, 0.006160242374180447, 0.5454357011806579, 0.6092970148719061, 0.5814811459848033, 0.7406679717137653, 0.6630564928112971, 0.5591783476043718], [2.0495418231867832, 1.877205396529165, 0.0, 0.28185396145807906, 0.7528721418353833, 0.10635436737640697, 0.643622546350791, 0.6931193614252686, 0.2700094302969953, 0.297873041181145, 0.005935344193631176, 0.5405621506506013, 0.6182977094312422, 0.6156201165543723, 0.7353632530779077, 0.6697545059525456, 0.5280864250917161]]}