{"labels_1": ["1", "2", "3", "4", "5", "6", "7", "8", "9"], "labels_2": ["1", "2", "3", "4", "5", "6", "7", "8", "9"], "adj_matrix_1": [[0.0, 0.22747, 0.24181, 0.19667, 0.24732, 0.17699, 0.14437, 0.00744, 0.03499], [0.22747, 0.0, 0.33178, 0.31945, 0.0392, 0.3127, 0.10924, 0.23017, 0.24703], [0.24181, 0.33178, 0.0, 0.05552, 0.32449, 0.07797, 0.3221, 0.23606, 0.21462], [0.19667, 0.31945, 0.05552, 0.0, 0.31729, 0.02276, 0.29411, 0.19011, 0.16642], [0.24732, 0.0392, 0.32449, 0.31729, 0.0, 0.31292, 0.14345, 0.24966, 0.2635], [0.17699, 0.3127, 0.07797, 0.02276, 0.31292, 0.0, 0.28122, 0.17047, 0.14592], [0.14437, 0.10924, 0.3221, 0.29411, 0.14345, 0.28122, 0.0, 0.15065, 0.17432], [0.00744, 0.23017, 0.23606, 0.19011, 0.24966, 0.17047, 0.15065, 0.0, 0.02767], [0.03499, 0.24703, 0.21462, 0.16642, 0.2635, 0.14592, 0.17432, 0.02767, 0.0]], "adj_matrix_2": [[0.0, 0.06006, 0.17341, 0.05553, 0.15639, 0.2365, 0.13056, 0.22318, 0.24676], [0.06006, 0.0, 0.19995, 0.1103, 0.11244, 0.1965, 0.08149, 0.18017, 0.2228], [0.17341, 0.19995, 0.0, 0.13501, 0.31545, 0.29173, 0.2064, 0.30501, 0.21703], [0.05553, 0.1103, 0.13501, 0.0, 0.20093, 0.266, 0.16512, 0.25776, 0.25587], [0.15639, 0.11244, 0.31545, 0.20093, 0.0, 0.36054, 0.06391, 0.32389, 0.40802], [0.2365, 0.1965, 0.29173, 0.266, 0.36054, 0.0, 0.13669, 0.06162, 0.15245], [0.13056, 0.08149, 0.2064, 0.16512, 0.06391, 0.13669, 0.0, 0.12109, 0.17384], [0.22318, 0.18017, 0.30501, 0.25776, 0.32389, 0.06162, 0.12109, 0.0, 0.20518], [0.24676, 0.2228, 0.21703, 0.25587, 0.40802, 0.15245, 0.17384, 0.20518, 0.0]], "features_1": [[-0.0823273680349983, 1.133106344543372, 0.0, 0.22544926489614153, 0.6205499645533532, 0.12164883325726414, 0.424278145966538, 0.6897486126114422, 0.36181205162619823, 0.23536736073455233, 0.007392832833969631, 0.6128271655283148, 0.6750585547537232, 0.6791957833691189, 0.7792825228748378, 0.697485854424777, 0.6074397811907136], [0.37161856725913545, 1.1493634749212405, 0.0, 0.267260588775127, 0.6203375054351552, 0.12257163309362298, 0.4430257716797719, 0.6894103416147391, 0.3613307910090253, 0.2371732019791275, 0.007001439975721224, 0.5973202561820297, 0.6626115964919338, 0.6734245222497494, 0.7815965928850039, 0.6921500592278393, 0.6088029727519811], [-0.09764988295934796, 1.2492300357969852, 0.0, 0.22939303836659805, 0.6442484417816846, 0.11950171855912761, 0.405600862812647, 0.6903029110028163, 0.33994284675208664, 0.2504288699514403, 0.007001439975721224, 0.6171645852919372, 0.6504802163353242, 0.6429557886859762, 0.769260065976437, 0.6880393966379138, 0.5999857256437503], [-0.07437534900379106, 1.2070030033211496, 0.0, 0.22296708265179477, 0.6371768858209612, 0.11995596967364387, 0.44757991893252014, 0.6904880552241104, 0.35481106161614684, 0.24492331992746785, 0.00655322669591385, 0.6103881910647173, 0.6560263563080913, 0.667159363852496, 0.7745012951771538, 0.6890679092571049, 0.5932849857901068], [0.7879750821254379, 1.3513829978553038, 0.0, 0.22875748492670453, 0.656740717510999, 0.1199387202072141, 0.5284780125338535, 0.6907753516646575, 0.34383804978579846, 0.2587630773928302, 0.00677745458930179, 0.5829678124224187, 0.6330349376375966, 0.6215827299547249, 0.7740366727335588, 0.7012847548282226, 0.5685155438172316], [-0.019330476492511295, 1.3457157302247376, 0.0, 0.22859523556094793, 0.6671152867818125, 0.115303216249796, 0.5496012409693393, 0.6921964507296036, 0.322679024300637, 0.25977171993688675, 0.006384896235913207, 0.6030901062863014, 0.6470630027201222, 0.644568976520491, 0.7625287297618828, 0.6739207636009847, 0.5804905710364163], [0.3793883145307251, 1.5013217568105424, 0.0, 0.26767636400058725, 0.6887123192736964, 0.11401616848677505, 0.526844008531102, 0.6924697474755102, 0.3095666457199968, 0.2773643638242296, 0.00655322669591385, 0.5863621656466782, 0.6343421143853328, 0.6466514451970898, 0.766586871874085, 0.6744740813208308, 0.5338952237849959], [0.10041516052434885, 1.8773404905716728, 0.0, 0.22035289201975292, 0.7556148320329725, 0.10063492251293, 0.6141923501510689, 0.6922684761903162, 0.21728906962200156, 0.29560344251336623, 0.005428426552106513, 0.5720973478149656, 0.628885540266133, 0.6381845262031965, 0.7158416885164579, 0.6392387053342797, 0.4781515731907501], [0.45124978963088713, 1.7671195046159591, 0.0, 0.26600338722769934, 0.7398198947826979, 0.10274014244077227, 0.5164232006666672, 0.6927799814193887, 0.24243147387062325, 0.2861121140909748, 0.005597537371453631, 0.571605083381816, 0.6116905488031402, 0.604654102306494, 0.7277723895317972, 0.6628886951097349, 0.5008035129639554]], "features_2": [[1.1672751770418186, 1.3891490881122335, 0.0, 0.2853959135113227, 0.6390825871683307, 0.12852972118377914, 0.21646764868610688, 0.6816391371301467, 0.37362554140921445, 0.2821846687282754, 0.007560346756364078, 0.5819459876037434, 0.6326997999499545, 0.6550368417427845, 0.7722636710463835, 0.6867099396503785, 0.6096984028412168], [0.7192574605715785, 1.3605977110409773, 0.0, 0.24581732727891972, 0.6255821752489116, 0.13522728247169152, 0.2036989943304917, 0.6749558545590053, 0.4033714554172092, 0.2920979668731227, 0.007894969482732161, 0.5861716973584676, 0.6278828638683654, 0.664483509350048, 0.783719742172872, 0.6859504766677381, 0.6091651163177776], [0.8380206357053286, 1.436722045151044, 0.0, 0.2651532259759623, 0.649205783815539, 0.1271034727590397, 0.20826159322574683, 0.6826564918937055, 0.357611100004144, 0.28647873016314307, 0.007336964783822175, 0.5897352434089023, 0.6027407731042432, 0.6151773136545009, 0.7664556782760261, 0.7003894485095634, 0.601446531943257], [1.2007194351934771, 1.3812834224517858, 0.0, 0.29788140080457887, 0.6414410057114351, 0.1250012898927432, 0.2077716456007465, 0.6841970159783983, 0.3512868366023836, 0.27341846759456745, 0.00683347364535547, 0.5733135922066412, 0.613824874872124, 0.6482416768859957, 0.7626063628904645, 0.7053784999143713, 0.6008221703050517], [-0.47478680196264467, 1.6781534362559543, 0.0, 0.17613399882182462, 0.6951815934897454, 0.12249797628170536, 0.4118368032591221, 0.6886322440773347, 0.3370279687145419, 0.3227636525295765, 0.0066653709969386465, 0.6323493335301089, 0.6396407774614437, 0.6363951775282519, 0.7735414589731593, 0.6902403000016578, 0.5738135939534381], [0.06701599177395545, 1.5117140505073432, 0.0, 0.2088948052495729, 0.6732763321581455, 0.12121148238442873, 0.3031463694873473, 0.6882209253335546, 0.33437731966029194, 0.2927132005089419, 0.006889477554966383, 0.6047450809528847, 0.6285073625366656, 0.643332870084429, 0.7625957492126479, 0.6754078635233751, 0.5887243917325966], [1.4151500147082459, 1.7307181605986852, 0.0, 0.32038513751771985, 0.7011124145377154, 0.12266122663216404, 0.3876544770057073, 0.6877940708558836, 0.3435485109459717, 0.3211887821159045, 0.00677745458930179, 0.5573195857279964, 0.6329625557506235, 0.6561049272994387, 0.7650903762722403, 0.6747595197718633, 0.5657404816123612], [0.040231184021658706, 2.089935247353896, 0.0, 0.260761753060927, 0.7758500244292391, 0.10177513132853692, 0.5401368589011148, 0.6925941051337248, 0.24208538157290493, 0.3245518841839554, 0.005766509824583821, 0.5809669645966526, 0.6106174581710905, 0.6025645354885681, 0.7226928024673144, 0.6604953648048014, 0.4844261962768961], [0.49883332988705753, 1.8630818725339655, 0.0, 0.2898886077459163, 0.7467606372327357, 0.10379923551116262, 0.4410092635050873, 0.6929664470154517, 0.262255326667995, 0.3029070968587375, 0.006160242374180447, 0.5701775733262688, 0.6237178588380484, 0.6271167567234707, 0.7281607706388464, 0.6682630379107887, 0.4890499707466719]]}