{"labels_1": ["1", "2", "3", "4", "5", "6", "7", "8", "9"], "labels_2": ["1", "2", "3", "4", "5", "6", "7", "8", "9"], "adj_matrix_1": [[0.0, 0.22747, 0.24181, 0.19667, 0.24732, 0.17699, 0.14437, 0.00744, 0.03499], [0.22747, 0.0, 0.33178, 0.31945, 0.0392, 0.3127, 0.10924, 0.23017, 0.24703], [0.24181, 0.33178, 0.0, 0.05552, 0.32449, 0.07797, 0.3221, 0.23606, 0.21462], [0.19667, 0.31945, 0.05552, 0.0, 0.31729, 0.02276, 0.29411, 0.19011, 0.16642], [0.24732, 0.0392, 0.32449, 0.31729, 0.0, 0.31292, 0.14345, 0.24966, 0.2635], [0.17699, 0.3127, 0.07797, 0.02276, 0.31292, 0.0, 0.28122, 0.17047, 0.14592], [0.14437, 0.10924, 0.3221, 0.29411, 0.14345, 0.28122, 0.0, 0.15065, 0.17432], [0.00744, 0.23017, 0.23606, 0.19011, 0.24966, 0.17047, 0.15065, 0.0, 0.02767], [0.03499, 0.24703, 0.21462, 0.16642, 0.2635, 0.14592, 0.17432, 0.02767, 0.0]], "adj_matrix_2": [[0.0, 0.00457, 0.10185, 0.10208, 0.1213, 0.02785, 0.06217, 0.04562, 0.01167], [0.00457, 0.0, 0.10464, 0.10487, 0.11965, 0.02932, 0.06468, 0.04768, 0.01242], [0.10185, 0.10464, 0.0, 0.00082, 0.16593, 0.2187, 0.1243, 0.17519, 0.22617], [0.10208, 0.10487, 0.00082, 0.0, 0.16586, 0.21879, 0.12495, 0.17561, 0.22586], [0.1213, 0.11965, 0.16593, 0.16586, 0.0, 0.10445, 0.15363, 0.13521, 0.06093], [0.02785, 0.02932, 0.2187, 0.21879, 0.10445, 0.0, 0.16557, 0.10588, 0.17132], [0.06217, 0.06468, 0.1243, 0.12495, 0.15363, 0.16557, 0.0, 0.07354, 0.25533], [0.04562, 0.04768, 0.17519, 0.17561, 0.13521, 0.10588, 0.07354, 0.0, 0.23657], [0.01167, 0.01242, 0.22617, 0.22586, 0.06093, 0.17132, 0.25533, 0.23657, 0.0]], "features_1": [[-0.0823273680349983, 1.133106344543372, 0.0, 0.22544926489614153, 0.6205499645533532, 0.12164883325726414, 0.424278145966538, 0.6897486126114422, 0.36181205162619823, 0.23536736073455233, 0.007392832833969631, 0.6128271655283148, 0.6750585547537232, 0.6791957833691189, 0.7792825228748378, 0.697485854424777, 0.6074397811907136], [0.37161856725913545, 1.1493634749212405, 0.0, 0.267260588775127, 0.6203375054351552, 0.12257163309362298, 0.4430257716797719, 0.6894103416147391, 0.3613307910090253, 0.2371732019791275, 0.007001439975721224, 0.5973202561820297, 0.6626115964919338, 0.6734245222497494, 0.7815965928850039, 0.6921500592278393, 0.6088029727519811], [-0.09764988295934796, 1.2492300357969852, 0.0, 0.22939303836659805, 0.6442484417816846, 0.11950171855912761, 0.405600862812647, 0.6903029110028163, 0.33994284675208664, 0.2504288699514403, 0.007001439975721224, 0.6171645852919372, 0.6504802163353242, 0.6429557886859762, 0.769260065976437, 0.6880393966379138, 0.5999857256437503], [-0.07437534900379106, 1.2070030033211496, 0.0, 0.22296708265179477, 0.6371768858209612, 0.11995596967364387, 0.44757991893252014, 0.6904880552241104, 0.35481106161614684, 0.24492331992746785, 0.00655322669591385, 0.6103881910647173, 0.6560263563080913, 0.667159363852496, 0.7745012951771538, 0.6890679092571049, 0.5932849857901068], [0.7879750821254379, 1.3513829978553038, 0.0, 0.22875748492670453, 0.656740717510999, 0.1199387202072141, 0.5284780125338535, 0.6907753516646575, 0.34383804978579846, 0.2587630773928302, 0.00677745458930179, 0.5829678124224187, 0.6330349376375966, 0.6215827299547249, 0.7740366727335588, 0.7012847548282226, 0.5685155438172316], [-0.019330476492511295, 1.3457157302247376, 0.0, 0.22859523556094793, 0.6671152867818125, 0.115303216249796, 0.5496012409693393, 0.6921964507296036, 0.322679024300637, 0.25977171993688675, 0.006384896235913207, 0.6030901062863014, 0.6470630027201222, 0.644568976520491, 0.7625287297618828, 0.6739207636009847, 0.5804905710364163], [0.3793883145307251, 1.5013217568105424, 0.0, 0.26767636400058725, 0.6887123192736964, 0.11401616848677505, 0.526844008531102, 0.6924697474755102, 0.3095666457199968, 0.2773643638242296, 0.00655322669591385, 0.5863621656466782, 0.6343421143853328, 0.6466514451970898, 0.766586871874085, 0.6744740813208308, 0.5338952237849959], [0.10041516052434885, 1.8773404905716728, 0.0, 0.22035289201975292, 0.7556148320329725, 0.10063492251293, 0.6141923501510689, 0.6922684761903162, 0.21728906962200156, 0.29560344251336623, 0.005428426552106513, 0.5720973478149656, 0.628885540266133, 0.6381845262031965, 0.7158416885164579, 0.6392387053342797, 0.4781515731907501], [0.45124978963088713, 1.7671195046159591, 0.0, 0.26600338722769934, 0.7398198947826979, 0.10274014244077227, 0.5164232006666672, 0.6927799814193887, 0.24243147387062325, 0.2861121140909748, 0.005597537371453631, 0.571605083381816, 0.6116905488031402, 0.604654102306494, 0.7277723895317972, 0.6628886951097349, 0.5008035129639554]], "features_2": [[3.856140089373601, 1.7596013960406534, 0.0, 0.3215809685541881, 0.6740436283580058, 0.14212436994284786, 0.1396559041555804, 0.664062131080992, 0.428546456982849, 0.34059173599947035, 0.007950687539111767, 0.5403862256220817, 0.6074926443767, 0.6268941155518258, 0.7949293787435409, 0.6990448807012549, 0.6169877452956783], [4.795081970340912, 1.8252753392115835, 0.0, 0.3550370365814593, 0.6831740311092035, 0.140052203484053, 0.13354839845363103, 0.6663046397369563, 0.42378659808819363, 0.3422724001046977, 0.007950687539111767, 0.5328505044095431, 0.6037051772772873, 0.614921264850297, 0.789790586007048, 0.7063518481647578, 0.6048298585922639], [1.6614461982106912, 1.6473689703524943, 0.0, 0.2887498255116406, 0.6709672698712168, 0.13614540278949533, 0.18713553614142242, 0.673285676060912, 0.40103448102181893, 0.32387565037945154, 0.007448685839370306, 0.5615168022521391, 0.6158536266980646, 0.6295023318926302, 0.787611196787644, 0.7070784866119578, 0.6102768007758205], [1.5829922862259354, 1.6677646299829252, 0.0, 0.25648350918506163, 0.6756858349009717, 0.13618321962930435, 0.23464111726371967, 0.6746306806502098, 0.39627169570700516, 0.32536670778178967, 0.007616154688146137, 0.5630672759135384, 0.6272200514393136, 0.6369613402259537, 0.7923399869870231, 0.6831486426912716, 0.6158640817121589], [3.6374047754897925, 1.9162455851919702, 0.0, 0.33394768297361205, 0.7091113505555201, 0.13296549675104005, 0.23665689458889716, 0.6780358811795322, 0.39091208488048634, 0.3435452055148702, 0.007336964783822175, 0.5408306830988412, 0.6078232352262302, 0.5856241422262124, 0.788042952980207, 0.7009408871173872, 0.6027415203388895], [0.7708128363039575, 1.6407945807112136, 0.0, 0.22749229125738743, 0.6895218849326139, 0.1271624580867718, 0.37264329227510373, 0.6851060428492782, 0.35913342100701495, 0.3104900815596754, 0.00711334193318236, 0.5812725082264258, 0.6415869609392446, 0.6450647439677777, 0.7833237991176459, 0.7009063911481664, 0.5987856424978252], [1.1352042123783548, 1.941089521580901, 0.0, 0.18287997798637712, 0.7233978629601604, 0.12873733815508545, 0.4039053639006994, 0.6842751960971396, 0.34249450917985413, 0.3441019613619998, 0.00711334193318236, 0.5616862967542531, 0.6264005721074539, 0.5945067639126871, 0.7865242400141096, 0.666718246213249, 0.5912271635938057], [0.6455824569236608, 1.6124301663570726, 0.0, 0.23547515989451104, 0.7056513356579951, 0.11496610047149905, 0.6600431383006253, 0.6924423099823901, 0.2996569653411194, 0.28746473554168217, 0.006328755639155359, 0.5834127148094213, 0.6445689298764743, 0.6443068395170238, 0.7682851298160587, 0.6815411914397068, 0.5689217131977253], [0.03619653585040705, 1.9452745512742207, 0.0, 0.2636819841578567, 0.7518565939070313, 0.11323300976620544, 0.896300248619346, 0.6929416125538169, 0.2863380276739471, 0.3298043344051984, 0.006328755639155359, 0.5916432746031126, 0.6426072659777485, 0.6259981787305269, 0.7611365874340051, 0.6732182027792494, 0.5365226157561354]]}