{"labels_1": ["1", "2", "3", "4", "5", "6", "7", "8", "9"], "labels_2": ["1", "2", "3", "4", "5", "6", "7", "8", "9"], "adj_matrix_1": [[0.0, 0.22747, 0.24181, 0.19667, 0.24732, 0.17699, 0.14437, 0.00744, 0.03499], [0.22747, 0.0, 0.33178, 0.31945, 0.0392, 0.3127, 0.10924, 0.23017, 0.24703], [0.24181, 0.33178, 0.0, 0.05552, 0.32449, 0.07797, 0.3221, 0.23606, 0.21462], [0.19667, 0.31945, 0.05552, 0.0, 0.31729, 0.02276, 0.29411, 0.19011, 0.16642], [0.24732, 0.0392, 0.32449, 0.31729, 0.0, 0.31292, 0.14345, 0.24966, 0.2635], [0.17699, 0.3127, 0.07797, 0.02276, 0.31292, 0.0, 0.28122, 0.17047, 0.14592], [0.14437, 0.10924, 0.3221, 0.29411, 0.14345, 0.28122, 0.0, 0.15065, 0.17432], [0.00744, 0.23017, 0.23606, 0.19011, 0.24966, 0.17047, 0.15065, 0.0, 0.02767], [0.03499, 0.24703, 0.21462, 0.16642, 0.2635, 0.14592, 0.17432, 0.02767, 0.0]], "adj_matrix_2": [[0.0, 0.24424, 0.02748, 0.1793, 0.33402, 0.35419, 0.30981, 0.23348, 0.06671], [0.24424, 0.0, 0.26132, 0.08281, 0.14845, 0.1884, 0.10424, 0.28855, 0.19436], [0.02748, 0.26132, 0.0, 0.201, 0.34168, 0.35915, 0.32038, 0.21972, 0.09316], [0.1793, 0.08281, 0.201, 0.0, 0.22159, 0.25722, 0.18134, 0.28485, 0.12019], [0.33402, 0.14845, 0.34168, 0.22159, 0.0, 0.0433, 0.04636, 0.27746, 0.30597], [0.35419, 0.1884, 0.35915, 0.25722, 0.0433, 0.0, 0.08918, 0.27251, 0.33209], [0.30981, 0.10424, 0.32038, 0.18134, 0.04636, 0.08918, 0.0, 0.28202, 0.2752], [0.23348, 0.28855, 0.21972, 0.28485, 0.27746, 0.27251, 0.28202, 0.0, 0.25971], [0.06671, 0.19436, 0.09316, 0.12019, 0.30597, 0.33209, 0.2752, 0.25971, 0.0]], "features_1": [[-0.0823273680349983, 1.133106344543372, 0.0, 0.22544926489614153, 0.6205499645533532, 0.12164883325726414, 0.424278145966538, 0.6897486126114422, 0.36181205162619823, 0.23536736073455233, 0.007392832833969631, 0.6128271655283148, 0.6750585547537232, 0.6791957833691189, 0.7792825228748378, 0.697485854424777, 0.6074397811907136], [0.37161856725913545, 1.1493634749212405, 0.0, 0.267260588775127, 0.6203375054351552, 0.12257163309362298, 0.4430257716797719, 0.6894103416147391, 0.3613307910090253, 0.2371732019791275, 0.007001439975721224, 0.5973202561820297, 0.6626115964919338, 0.6734245222497494, 0.7815965928850039, 0.6921500592278393, 0.6088029727519811], [-0.09764988295934796, 1.2492300357969852, 0.0, 0.22939303836659805, 0.6442484417816846, 0.11950171855912761, 0.405600862812647, 0.6903029110028163, 0.33994284675208664, 0.2504288699514403, 0.007001439975721224, 0.6171645852919372, 0.6504802163353242, 0.6429557886859762, 0.769260065976437, 0.6880393966379138, 0.5999857256437503], [-0.07437534900379106, 1.2070030033211496, 0.0, 0.22296708265179477, 0.6371768858209612, 0.11995596967364387, 0.44757991893252014, 0.6904880552241104, 0.35481106161614684, 0.24492331992746785, 0.00655322669591385, 0.6103881910647173, 0.6560263563080913, 0.667159363852496, 0.7745012951771538, 0.6890679092571049, 0.5932849857901068], [0.7879750821254379, 1.3513829978553038, 0.0, 0.22875748492670453, 0.656740717510999, 0.1199387202072141, 0.5284780125338535, 0.6907753516646575, 0.34383804978579846, 0.2587630773928302, 0.00677745458930179, 0.5829678124224187, 0.6330349376375966, 0.6215827299547249, 0.7740366727335588, 0.7012847548282226, 0.5685155438172316], [-0.019330476492511295, 1.3457157302247376, 0.0, 0.22859523556094793, 0.6671152867818125, 0.115303216249796, 0.5496012409693393, 0.6921964507296036, 0.322679024300637, 0.25977171993688675, 0.006384896235913207, 0.6030901062863014, 0.6470630027201222, 0.644568976520491, 0.7625287297618828, 0.6739207636009847, 0.5804905710364163], [0.3793883145307251, 1.5013217568105424, 0.0, 0.26767636400058725, 0.6887123192736964, 0.11401616848677505, 0.526844008531102, 0.6924697474755102, 0.3095666457199968, 0.2773643638242296, 0.00655322669591385, 0.5863621656466782, 0.6343421143853328, 0.6466514451970898, 0.766586871874085, 0.6744740813208308, 0.5338952237849959], [0.10041516052434885, 1.8773404905716728, 0.0, 0.22035289201975292, 0.7556148320329725, 0.10063492251293, 0.6141923501510689, 0.6922684761903162, 0.21728906962200156, 0.29560344251336623, 0.005428426552106513, 0.5720973478149656, 0.628885540266133, 0.6381845262031965, 0.7158416885164579, 0.6392387053342797, 0.4781515731907501], [0.45124978963088713, 1.7671195046159591, 0.0, 0.26600338722769934, 0.7398198947826979, 0.10274014244077227, 0.5164232006666672, 0.6927799814193887, 0.24243147387062325, 0.2861121140909748, 0.005597537371453631, 0.571605083381816, 0.6116905488031402, 0.604654102306494, 0.7277723895317972, 0.6628886951097349, 0.5008035129639554]], "features_2": [[0.4274253695022674, 1.1211046084007465, 0.0, 0.2893494590950195, 0.6169968789452706, 0.12087880224725417, 0.4328386510481835, 0.6899201497941698, 0.36544394518425216, 0.23443872923956954, 0.007336964783822175, 0.5926553877473739, 0.6455588214261113, 0.6626406816893537, 0.7775199982295002, 0.682974032790813, 0.6048412345801102], [0.004001962846819307, 1.153321106300137, 0.0, 0.25510832773417597, 0.6136120355178434, 0.12628698059309712, 0.3619921614287797, 0.6863529047721815, 0.38840547532623715, 0.24794329947058258, 0.006889477554966383, 0.6178234482611984, 0.6740228337834723, 0.694836040980853, 0.7839386095708356, 0.7038767283072712, 0.6044378971260698], [0.3924660278772172, 1.1770149410026354, 0.0, 0.2732133342321961, 0.6356744717345182, 0.11929734920684967, 0.4843348676813008, 0.6910002241257817, 0.36091930155914564, 0.2417450908727894, 0.007281081678807366, 0.5937175083710571, 0.6517197696356541, 0.6783143008955428, 0.7766532763607258, 0.6927932293120089, 0.5932274835361873], [0.311247216270929, 1.211161032062761, 0.0, 0.29544969780987373, 0.6406505678568255, 0.11777399013028506, 0.4643204437928553, 0.6913429927618162, 0.3445484133292287, 0.24290502153189686, 0.00711334193318236, 0.6023562564669733, 0.6567828707347726, 0.6676080034650631, 0.7715698106872634, 0.6812813091039904, 0.5899181224682251], [-0.2504814783528606, 1.4709530136424849, 0.0, 0.28429075728332553, 0.6757216066922991, 0.11906314255793018, 0.4607400561778675, 0.690788900965998, 0.318059052129541, 0.28214882702228494, 0.006160242374180447, 0.6179740137777214, 0.655361272188159, 0.6531810163177821, 0.7714971525493308, 0.6957961442536884, 0.5495109952564967], [0.013870471228878856, 1.2825801549310452, 0.0, 0.2789250174634322, 0.6638359268047881, 0.11452659863613121, 0.5854651201561396, 0.6927017783012062, 0.336716499381295, 0.2517921296126313, 0.00711334193318236, 0.6144260758386553, 0.6799015761529489, 0.6770219937096528, 0.772941710024936, 0.6880865283567486, 0.5719911511936092], [-0.149783606983795, 1.5665648761444373, 0.0, 0.26208001364452477, 0.6976545828355316, 0.11277948044258466, 0.49627073108257064, 0.6926632543351652, 0.3035612986430467, 0.28777999249199215, 0.006104040759826512, 0.6062434389677931, 0.6577655636429905, 0.6654709954938303, 0.7611906046701999, 0.686287860656746, 0.5266275291592363], [0.720114284038265, 1.4597686290053393, 0.0, 0.2766878651350771, 0.6921842812385421, 0.1094070145951612, 0.5334095371234845, 0.6931000298569839, 0.29822056803706487, 0.2621187948208499, 0.006721420376576193, 0.5713998304919023, 0.6356176419918486, 0.6472074806330748, 0.7459429549906121, 0.6885434347961726, 0.5097332414081864], [0.5240410549203318, 1.4833452388979842, 0.0, 0.24968560115739633, 0.6866156360688033, 0.11228409535922772, 0.43868127711253846, 0.6925234042655414, 0.3075960697479043, 0.27012773725704187, 0.0064410216040902135, 0.5847685212966667, 0.6245775928880093, 0.6468761415591494, 0.7473699739672856, 0.6727067591857067, 0.548827621850253]]}