{"labels_1": ["1", "2", "3", "4", "5", "6", "7", "8", "9"], "labels_2": ["1", "2", "3", "4", "5", "6", "7", "8", "9"], "adj_matrix_1": [[0.0, 0.22747, 0.24181, 0.19667, 0.24732, 0.17699, 0.14437, 0.00744, 0.03499], [0.22747, 0.0, 0.33178, 0.31945, 0.0392, 0.3127, 0.10924, 0.23017, 0.24703], [0.24181, 0.33178, 0.0, 0.05552, 0.32449, 0.07797, 0.3221, 0.23606, 0.21462], [0.19667, 0.31945, 0.05552, 0.0, 0.31729, 0.02276, 0.29411, 0.19011, 0.16642], [0.24732, 0.0392, 0.32449, 0.31729, 0.0, 0.31292, 0.14345, 0.24966, 0.2635], [0.17699, 0.3127, 0.07797, 0.02276, 0.31292, 0.0, 0.28122, 0.17047, 0.14592], [0.14437, 0.10924, 0.3221, 0.29411, 0.14345, 0.28122, 0.0, 0.15065, 0.17432], [0.00744, 0.23017, 0.23606, 0.19011, 0.24966, 0.17047, 0.15065, 0.0, 0.02767], [0.03499, 0.24703, 0.21462, 0.16642, 0.2635, 0.14592, 0.17432, 0.02767, 0.0]], "adj_matrix_2": [[0.0, 0.01859, 0.08517, 0.23392, 0.02564, 0.07068, 0.22562, 0.34042, 0.28731], [0.01859, 0.0, 0.10258, 0.23552, 0.00709, 0.08844, 0.22515, 0.33709, 0.27879], [0.08517, 0.10258, 0.0, 0.21611, 0.10902, 0.01519, 0.21909, 0.33975, 0.31137], [0.23392, 0.23552, 0.21611, 0.0, 0.23543, 0.22049, 0.03828, 0.16817, 0.19267], [0.02564, 0.00709, 0.10902, 0.23543, 0.0, 0.09508, 0.2247, 0.3364, 0.27602], [0.07068, 0.08844, 0.01519, 0.22049, 0.09508, 0.0, 0.22143, 0.34212, 0.30942], [0.22562, 0.22515, 0.21909, 0.03828, 0.2247, 0.22143, 0.0, 0.14019, 0.16507], [0.34042, 0.33709, 0.33975, 0.16817, 0.3364, 0.34212, 0.14019, 0.0, 0.11563], [0.28731, 0.27879, 0.31137, 0.19267, 0.27602, 0.30942, 0.16507, 0.11563, 0.0]], "features_1": [[-0.0823273680349983, 1.133106344543372, 0.0, 0.22544926489614153, 0.6205499645533532, 0.12164883325726414, 0.424278145966538, 0.6897486126114422, 0.36181205162619823, 0.23536736073455233, 0.007392832833969631, 0.6128271655283148, 0.6750585547537232, 0.6791957833691189, 0.7792825228748378, 0.697485854424777, 0.6074397811907136], [0.37161856725913545, 1.1493634749212405, 0.0, 0.267260588775127, 0.6203375054351552, 0.12257163309362298, 0.4430257716797719, 0.6894103416147391, 0.3613307910090253, 0.2371732019791275, 0.007001439975721224, 0.5973202561820297, 0.6626115964919338, 0.6734245222497494, 0.7815965928850039, 0.6921500592278393, 0.6088029727519811], [-0.09764988295934796, 1.2492300357969852, 0.0, 0.22939303836659805, 0.6442484417816846, 0.11950171855912761, 0.405600862812647, 0.6903029110028163, 0.33994284675208664, 0.2504288699514403, 0.007001439975721224, 0.6171645852919372, 0.6504802163353242, 0.6429557886859762, 0.769260065976437, 0.6880393966379138, 0.5999857256437503], [-0.07437534900379106, 1.2070030033211496, 0.0, 0.22296708265179477, 0.6371768858209612, 0.11995596967364387, 0.44757991893252014, 0.6904880552241104, 0.35481106161614684, 0.24492331992746785, 0.00655322669591385, 0.6103881910647173, 0.6560263563080913, 0.667159363852496, 0.7745012951771538, 0.6890679092571049, 0.5932849857901068], [0.7879750821254379, 1.3513829978553038, 0.0, 0.22875748492670453, 0.656740717510999, 0.1199387202072141, 0.5284780125338535, 0.6907753516646575, 0.34383804978579846, 0.2587630773928302, 0.00677745458930179, 0.5829678124224187, 0.6330349376375966, 0.6215827299547249, 0.7740366727335588, 0.7012847548282226, 0.5685155438172316], [-0.019330476492511295, 1.3457157302247376, 0.0, 0.22859523556094793, 0.6671152867818125, 0.115303216249796, 0.5496012409693393, 0.6921964507296036, 0.322679024300637, 0.25977171993688675, 0.006384896235913207, 0.6030901062863014, 0.6470630027201222, 0.644568976520491, 0.7625287297618828, 0.6739207636009847, 0.5804905710364163], [0.3793883145307251, 1.5013217568105424, 0.0, 0.26767636400058725, 0.6887123192736964, 0.11401616848677505, 0.526844008531102, 0.6924697474755102, 0.3095666457199968, 0.2773643638242296, 0.00655322669591385, 0.5863621656466782, 0.6343421143853328, 0.6466514451970898, 0.766586871874085, 0.6744740813208308, 0.5338952237849959], [0.10041516052434885, 1.8773404905716728, 0.0, 0.22035289201975292, 0.7556148320329725, 0.10063492251293, 0.6141923501510689, 0.6922684761903162, 0.21728906962200156, 0.29560344251336623, 0.005428426552106513, 0.5720973478149656, 0.628885540266133, 0.6381845262031965, 0.7158416885164579, 0.6392387053342797, 0.4781515731907501], [0.45124978963088713, 1.7671195046159591, 0.0, 0.26600338722769934, 0.7398198947826979, 0.10274014244077227, 0.5164232006666672, 0.6927799814193887, 0.24243147387062325, 0.2861121140909748, 0.005597537371453631, 0.571605083381816, 0.6116905488031402, 0.604654102306494, 0.7277723895317972, 0.6628886951097349, 0.5008035129639554]], "features_2": [[0.2318205668740636, 1.0214850772060875, 0.0, 0.20455260368648534, 0.5796022524079676, 0.12580489170024295, 0.3159737087380144, 0.6860077612493387, 0.37555612489040424, 0.21966969701148686, 0.007225183508792421, 0.594260427090223, 0.6426254056059201, 0.668707745197929, 0.7770691384655324, 0.7025984941854804, 0.6022092593776768], [-0.035499370502846794, 1.025360919003552, 0.0, 0.2571679172441507, 0.5807679350516863, 0.12939327433130593, 0.35788206394053435, 0.6844902914345827, 0.4041934649674097, 0.2283761089946874, 0.007336964783822175, 0.6004115523185729, 0.6742861774166061, 0.700530259939318, 0.7892537339661527, 0.712056289201092, 0.6044141882714626], [0.14560933436541168, 1.1102950022020504, 0.0, 0.20205531732971072, 0.5987335279290731, 0.12596504902900638, 0.2720961015866166, 0.6854536799637887, 0.374892921429792, 0.2373793900340393, 0.007281081678807366, 0.5948554033807056, 0.6381111050033276, 0.669941372852561, 0.7733179375206236, 0.7035988359385408, 0.600687560742579], [0.9088293788834743, 1.1290411764104378, 0.0, 0.251791836272543, 0.6073008360508617, 0.12241316942873454, 0.2917491031412183, 0.6878874575058277, 0.34502526428313796, 0.22786908880201562, 0.006721420376576193, 0.5647627964347413, 0.6352761600617665, 0.6371744725866154, 0.7671645991931382, 0.6963352749375781, 0.5889041892592958], [0.4459985441102523, 1.3102975521527203, 0.0, 0.3025865894705965, 0.6548097724800631, 0.1167637213398627, 0.5101642782568646, 0.6918962288969972, 0.3361954786210186, 0.2555485077013262, 0.006889477554966383, 0.5939041143369721, 0.6429494484401896, 0.6562092025676767, 0.7717647539897384, 0.6865601279151387, 0.5417672576835867], [0.27357637569888515, 1.1639199227022985, 0.0, 0.25579311762268503, 0.6241087004984907, 0.11896052292961264, 0.43027020857523796, 0.6907506697263146, 0.3318108225649177, 0.23108770471696416, 0.006721420376576193, 0.5783825575988863, 0.6391194934268554, 0.6562242584582055, 0.7701664467318108, 0.6854557237162288, 0.5873858475553392], [0.8519340250487941, 1.3817998199415724, 0.0, 0.2881794388314941, 0.6672944309422578, 0.11493783611434784, 0.5261955926187418, 0.6921818077601201, 0.3007255887082916, 0.2533581372765985, 0.006216428718621936, 0.5606789927187363, 0.6352390732198927, 0.6441712375120332, 0.7581355767897597, 0.6857822486509721, 0.5533737855237377], [-0.11565294349075783, 1.5019911489351803, 0.0, 0.26388719016479273, 0.6979021467265469, 0.10531861940576857, 0.5123457080619218, 0.6931079672483118, 0.27193887570713016, 0.26441154009343526, 0.006104040759826512, 0.5986366117929203, 0.6384470348639152, 0.6479102729857892, 0.7319328764170989, 0.6670796178859704, 0.5185258150683781], [-0.13026363776262118, 1.5589014345037118, 0.0, 0.2647046149050208, 0.7047298502877086, 0.10735348221171927, 0.5420743785656441, 0.6931427275411329, 0.28075597501258276, 0.27661696970139316, 0.006104040759826512, 0.5940309341933754, 0.6369025959847431, 0.6441307464495095, 0.7387086389051586, 0.6667664078458082, 0.5368578226628965]]}