{"labels_1": ["1", "2", "3", "4", "5", "6", "7", "8", "9"], "labels_2": ["1", "2", "3", "4", "5", "6", "7", "8", "9"], "adj_matrix_1": [[0.0, 0.22747, 0.24181, 0.19667, 0.24732, 0.17699, 0.14437, 0.00744, 0.03499], [0.22747, 0.0, 0.33178, 0.31945, 0.0392, 0.3127, 0.10924, 0.23017, 0.24703], [0.24181, 0.33178, 0.0, 0.05552, 0.32449, 0.07797, 0.3221, 0.23606, 0.21462], [0.19667, 0.31945, 0.05552, 0.0, 0.31729, 0.02276, 0.29411, 0.19011, 0.16642], [0.24732, 0.0392, 0.32449, 0.31729, 0.0, 0.31292, 0.14345, 0.24966, 0.2635], [0.17699, 0.3127, 0.07797, 0.02276, 0.31292, 0.0, 0.28122, 0.17047, 0.14592], [0.14437, 0.10924, 0.3221, 0.29411, 0.14345, 0.28122, 0.0, 0.15065, 0.17432], [0.00744, 0.23017, 0.23606, 0.19011, 0.24966, 0.17047, 0.15065, 0.0, 0.02767], [0.03499, 0.24703, 0.21462, 0.16642, 0.2635, 0.14592, 0.17432, 0.02767, 0.0]], "adj_matrix_2": [[0.0, 0.00964, 0.03259, 0.10976, 0.02116, 0.18746, 0.31822, 0.22685, 0.21911], [0.00964, 0.0, 0.023, 0.11859, 0.01153, 0.18072, 0.32087, 0.22684, 0.21416], [0.03259, 0.023, 0.0, 0.13909, 0.01149, 0.16378, 0.3262, 0.22632, 0.20172], [0.10976, 0.11859, 0.13909, 0.0, 0.12899, 0.25038, 0.26435, 0.2169, 0.2603], [0.02116, 0.01153, 0.01149, 0.12899, 0.0, 0.17236, 0.32412, 0.22688, 0.20842], [0.18746, 0.18072, 0.16378, 0.25038, 0.17236, 0.0, 0.29989, 0.17828, 0.06109], [0.31822, 0.32087, 0.3262, 0.26435, 0.32412, 0.29989, 0.0, 0.15474, 0.26724], [0.22685, 0.22684, 0.22632, 0.2169, 0.22688, 0.17828, 0.15474, 0.0, 0.13958], [0.21911, 0.21416, 0.20172, 0.2603, 0.20842, 0.06109, 0.26724, 0.13958, 0.0]], "features_1": [[-0.0823273680349983, 1.133106344543372, 0.0, 0.22544926489614153, 0.6205499645533532, 0.12164883325726414, 0.424278145966538, 0.6897486126114422, 0.36181205162619823, 0.23536736073455233, 0.007392832833969631, 0.6128271655283148, 0.6750585547537232, 0.6791957833691189, 0.7792825228748378, 0.697485854424777, 0.6074397811907136], [0.37161856725913545, 1.1493634749212405, 0.0, 0.267260588775127, 0.6203375054351552, 0.12257163309362298, 0.4430257716797719, 0.6894103416147391, 0.3613307910090253, 0.2371732019791275, 0.007001439975721224, 0.5973202561820297, 0.6626115964919338, 0.6734245222497494, 0.7815965928850039, 0.6921500592278393, 0.6088029727519811], [-0.09764988295934796, 1.2492300357969852, 0.0, 0.22939303836659805, 0.6442484417816846, 0.11950171855912761, 0.405600862812647, 0.6903029110028163, 0.33994284675208664, 0.2504288699514403, 0.007001439975721224, 0.6171645852919372, 0.6504802163353242, 0.6429557886859762, 0.769260065976437, 0.6880393966379138, 0.5999857256437503], [-0.07437534900379106, 1.2070030033211496, 0.0, 0.22296708265179477, 0.6371768858209612, 0.11995596967364387, 0.44757991893252014, 0.6904880552241104, 0.35481106161614684, 0.24492331992746785, 0.00655322669591385, 0.6103881910647173, 0.6560263563080913, 0.667159363852496, 0.7745012951771538, 0.6890679092571049, 0.5932849857901068], [0.7879750821254379, 1.3513829978553038, 0.0, 0.22875748492670453, 0.656740717510999, 0.1199387202072141, 0.5284780125338535, 0.6907753516646575, 0.34383804978579846, 0.2587630773928302, 0.00677745458930179, 0.5829678124224187, 0.6330349376375966, 0.6215827299547249, 0.7740366727335588, 0.7012847548282226, 0.5685155438172316], [-0.019330476492511295, 1.3457157302247376, 0.0, 0.22859523556094793, 0.6671152867818125, 0.115303216249796, 0.5496012409693393, 0.6921964507296036, 0.322679024300637, 0.25977171993688675, 0.006384896235913207, 0.6030901062863014, 0.6470630027201222, 0.644568976520491, 0.7625287297618828, 0.6739207636009847, 0.5804905710364163], [0.3793883145307251, 1.5013217568105424, 0.0, 0.26767636400058725, 0.6887123192736964, 0.11401616848677505, 0.526844008531102, 0.6924697474755102, 0.3095666457199968, 0.2773643638242296, 0.00655322669591385, 0.5863621656466782, 0.6343421143853328, 0.6466514451970898, 0.766586871874085, 0.6744740813208308, 0.5338952237849959], [0.10041516052434885, 1.8773404905716728, 0.0, 0.22035289201975292, 0.7556148320329725, 0.10063492251293, 0.6141923501510689, 0.6922684761903162, 0.21728906962200156, 0.29560344251336623, 0.005428426552106513, 0.5720973478149656, 0.628885540266133, 0.6381845262031965, 0.7158416885164579, 0.6392387053342797, 0.4781515731907501], [0.45124978963088713, 1.7671195046159591, 0.0, 0.26600338722769934, 0.7398198947826979, 0.10274014244077227, 0.5164232006666672, 0.6927799814193887, 0.24243147387062325, 0.2861121140909748, 0.005597537371453631, 0.571605083381816, 0.6116905488031402, 0.604654102306494, 0.7277723895317972, 0.6628886951097349, 0.5008035129639554]], "features_2": [[0.6537541715534858, 1.064418330600385, 0.0, 0.2160980556107317, 0.580842878063432, 0.12940441091892013, 0.2800854999048738, 0.6822510999989105, 0.38015531303960803, 0.23109077122984734, 0.007560346756364078, 0.5894157112966125, 0.6584568059691042, 0.694710150520444, 0.7830687891202436, 0.7075527327828801, 0.6072403213131174], [0.9081781062207823, 1.047183973089639, 0.0, 0.25589080766329614, 0.569573724390123, 0.13458908589390323, 0.21639063360237926, 0.6759511965830578, 0.41842314214664866, 0.23426986202442213, 0.007671947615560004, 0.5938346984904292, 0.6474152481905048, 0.6761196039118238, 0.7852784890526023, 0.7099568970814244, 0.615749181669026], [0.7812946450871068, 1.1014843043814382, 0.0, 0.22634157244857728, 0.5914676731397691, 0.12997660446976295, 0.2885361695213128, 0.682064013276729, 0.39730265582519864, 0.23950670276750685, 0.007448685839370306, 0.5889900314077354, 0.6390019181487733, 0.6809645904291934, 0.7842631248023262, 0.7091793427563041, 0.6121452154553968], [0.34417893178493664, 1.1251559815602672, 0.0, 0.21482909024293448, 0.6027309087263839, 0.12427297623135342, 0.3538897596089072, 0.6870533239975734, 0.35330901399169234, 0.2359555547959833, 0.007001439975721224, 0.6026266503564384, 0.6398341546934333, 0.6704404339338115, 0.7779966536261185, 0.7012710997375589, 0.5945393667773621], [1.0282555031704206, 1.178545580121438, 0.0, 0.29025666660045774, 0.6087903193285383, 0.12945587655166885, 0.41309658574198876, 0.6834551280673102, 0.3737171090081828, 0.24603690235805487, 0.007392832833969631, 0.5848151415700438, 0.6500122854949604, 0.6590775457291979, 0.7819869231827831, 0.7025743672965865, 0.594021462086984], [1.2699972091866014, 1.2001382085160606, 0.0, 0.2531192991923103, 0.6199264416737008, 0.1257461033273208, 0.3639241438644142, 0.686064409764735, 0.378526488539652, 0.2460508602377487, 0.007336964783822175, 0.5810492402873089, 0.630941783714806, 0.6473614394410696, 0.7787441887922736, 0.7047878638040677, 0.6095351215606019], [-0.07457647346052854, 1.493169857758531, 0.0, 0.16124094503035927, 0.6781712743374102, 0.1175785133981185, 0.47053694924901424, 0.6912491146099453, 0.3116983196210772, 0.28310351334080974, 0.006497131753992358, 0.6141059897541967, 0.6432959171493167, 0.6585307246299551, 0.7696933368412238, 0.7059589544945383, 0.536922176145966], [2.019835155812422, 1.6573151982237107, 0.0, 0.3172475137108558, 0.7209103176227837, 0.10937873389134031, 0.6599845008215709, 0.6930751088586335, 0.28090719795266805, 0.27674744503981397, 0.006160242374180447, 0.5454357011806579, 0.6092970148719061, 0.5814811459848033, 0.7406679717137653, 0.6630564928112971, 0.5591783476043718], [2.0495418231867832, 1.877205396529165, 0.0, 0.28185396145807906, 0.7528721418353833, 0.10635436737640697, 0.643622546350791, 0.6931193614252686, 0.2700094302969953, 0.297873041181145, 0.005935344193631176, 0.5405621506506013, 0.6182977094312422, 0.6156201165543723, 0.7353632530779077, 0.6697545059525456, 0.5280864250917161]]}