{"labels_1": ["1", "2", "3", "4", "5", "6", "7", "8", "9"], "labels_2": ["1", "2", "3", "4", "5", "6", "7", "8", "9"], "adj_matrix_1": [[0.0, 0.00164, 0.03547, 0.04822, 0.00726, 0.22268, 0.07187, 0.20418, 0.2199], [0.00164, 0.0, 0.0371, 0.04984, 0.00563, 0.22156, 0.07033, 0.20576, 0.21889], [0.03547, 0.0371, 0.0, 0.01284, 0.04264, 0.24567, 0.10604, 0.17431, 0.24333], [0.04822, 0.04984, 0.01284, 0.0, 0.05533, 0.25339, 0.11811, 0.16298, 0.25119], [0.00726, 0.00563, 0.04264, 0.05533, 0.0, 0.21719, 0.06487, 0.21083, 0.21488], [0.22268, 0.22156, 0.24567, 0.25339, 0.21719, 0.0, 0.16814, 0.32606, 0.00414], [0.07187, 0.07033, 0.10604, 0.11811, 0.06487, 0.16814, 0.0, 0.25874, 0.16508], [0.20418, 0.20576, 0.17431, 0.16298, 0.21083, 0.32606, 0.25874, 0.0, 0.32658], [0.2199, 0.21889, 0.24333, 0.25119, 0.21488, 0.00414, 0.16508, 0.32658, 0.0]], "adj_matrix_2": [[0.0, 0.34685, 0.2795, 0.33099, 0.22817, 0.33569, 0.03809, 0.23693, 0.33695], [0.34685, 0.0, 0.20578, 0.12235, 0.20136, 0.05507, 0.33698, 0.19536, 0.0506], [0.2795, 0.20578, 0.0, 0.10031, 0.26174, 0.23896, 0.25101, 0.26461, 0.23642], [0.33099, 0.12235, 0.10031, 0.0, 0.24885, 0.16853, 0.3102, 0.24808, 0.1648], [0.22817, 0.20136, 0.26174, 0.24885, 0.0, 0.16743, 0.23406, 0.01146, 0.16956], [0.33569, 0.05507, 0.23896, 0.16853, 0.16743, 0.0, 0.33079, 0.15964, 0.00437], [0.03809, 0.33698, 0.25101, 0.3102, 0.23406, 0.33079, 0.0, 0.24317, 0.33257], [0.23693, 0.19536, 0.26461, 0.24808, 0.01146, 0.15964, 0.24317, 0.0, 0.16288], [0.33695, 0.0506, 0.23642, 0.1648, 0.16956, 0.00437, 0.33257, 0.16288, 0.0]], "features_1": [[0.356633032492776, 1.0178593658275292, 0.0, 0.25084802242644655, 0.5780866417249985, 0.13221557400525402, 0.38581296033560475, 0.6820276169902335, 0.4076887354985095, 0.2260532256517338, 0.007560346756364078, 0.6102393155989334, 0.6720136757849624, 0.6844911852545827, 0.7956157935375866, 0.708027894589253, 0.6256872930161456], [0.1661665932721026, 1.137246097069384, 0.0, 0.24391215889937348, 0.6070153936566514, 0.12893615003288927, 0.5401573535134375, 0.6861105590765588, 0.3803887088674296, 0.24349918376898017, 0.00677745458930179, 0.6067741064999512, 0.6644426867635184, 0.6928964283018612, 0.7915810944336015, 0.7156882531452498, 0.5920885287758373], [0.30076092159323853, 1.0753303571823314, 0.0, 0.25767963035847397, 0.5941685673391013, 0.13099272220985608, 0.4581823799283917, 0.6834496189597927, 0.3927978610062348, 0.23204974695884362, 0.007448685839370306, 0.603724851669273, 0.6515869459895276, 0.6630880301001935, 0.7906866569549648, 0.7079278078162458, 0.6127191566263301], [0.1361965262949245, 1.0734563742154837, 0.0, 0.22421506065589583, 0.5914534545588879, 0.1295267011244777, 0.341664618627464, 0.6827937953656695, 0.3915864797832689, 0.23406457119217605, 0.007336964783822175, 0.6120035003767956, 0.6457588258026252, 0.6708533619460285, 0.7875659796996434, 0.7211598807478322, 0.622544299547731], [-0.06222335283141733, 1.5190037141533197, 0.0, 0.2200915018187708, 0.6875411712369897, 0.11592789572712271, 0.744917406491691, 0.6924248641329438, 0.30226343274474554, 0.2809144472588938, 0.006104040759826512, 0.6015100591946152, 0.6452980772429607, 0.6558958228580568, 0.7689302090357356, 0.6820615866719223, 0.517179777273419], [0.6904983746428837, 1.2131714749351432, 0.0, 0.29627107377820083, 0.6357336403164278, 0.12046979603494387, 0.4981602488493529, 0.6902523319615552, 0.34946232258493026, 0.24138116914697805, 0.00711334193318236, 0.5794952810864633, 0.635629329645356, 0.6525935027466325, 0.7769287624383485, 0.72822528650273, 0.586377891570607], [0.2632538540362166, 1.4847300080335881, 0.0, 0.21844561380639527, 0.6656101649619894, 0.1226475377851312, 0.5094062174653992, 0.6879304855349944, 0.36593208563374446, 0.28981006549026667, 0.006721420376576193, 0.5918427109626938, 0.646230149657596, 0.6662124256931072, 0.7776308984894932, 0.6779463075344576, 0.5719961980939131], [-0.0205144277788456, 1.6030118361098165, 0.0, 0.2420062196618756, 0.726080566159389, 0.0982003136520098, 0.599150557490816, 0.6916063939983452, 0.23553806014711554, 0.25838149131880783, 0.005935344193631176, 0.585076069210541, 0.6400147266966995, 0.6370010743348161, 0.7219068841456185, 0.646382719394687, 0.4956351043816341], [0.24772206680480302, 1.461803368935464, 0.0, 0.2549518787768987, 0.688272395728391, 0.10813698397153845, 0.6284813598526398, 0.693009435023412, 0.30776650035314046, 0.26356668677300243, 0.006497131753992358, 0.5802772859139402, 0.6327754835460235, 0.6546468147210297, 0.7508891463615686, 0.6805772767949901, 0.5569896392693866]], "features_2": [[-0.36503974516357784, 1.1930688175761932, 0.0, 0.25966231249269967, 0.6264899644213896, 0.12365001053564272, 0.38313536140511883, 0.6882471523788309, 0.373856304941681, 0.25242848676514495, 0.007225183508792421, 0.6281845165280158, 0.6650227090075402, 0.6981552519470873, 0.7776935889148865, 0.6885252221757262, 0.6109490093072171], [0.4603116194541341, 1.2302788817945352, 0.0, 0.293079197735011, 0.626047327859909, 0.12419450937168718, 0.3396348043919474, 0.6882465314574288, 0.3849925228527469, 0.2541225946462238, 0.007783488497544067, 0.5939134719787367, 0.6389494031894999, 0.6566632099770273, 0.7771190344437852, 0.6793491926429824, 0.609839589665509], [-0.17840308984141195, 1.2801841171453028, 0.0, 0.2706116186573085, 0.6427342405562152, 0.12206008310547764, 0.367723428336528, 0.6888740473411277, 0.3767238023652728, 0.2643288561834307, 0.007336964783822175, 0.6089420044723475, 0.6500113965743893, 0.6618367192412036, 0.7715330517868314, 0.6585401036193724, 0.6057775693482732], [-0.14540210809920007, 1.2749464383959281, 0.0, 0.2574645708768986, 0.6397121681636297, 0.12226082171936986, 0.37226983601828395, 0.6886144666964891, 0.3619784000438373, 0.26101639711329994, 0.006889477554966383, 0.6098811113639155, 0.66180208615646, 0.680093683416987, 0.773848158612816, 0.6815953549899346, 0.6078208863919973], [1.1544872933724672, 1.38404241525108, 0.0, 0.2929041156316073, 0.6600366421769637, 0.11309043732449729, 0.4636670687379315, 0.6926832432285406, 0.3150062316357438, 0.25624590146118553, 0.0064410216040902135, 0.5686570603649064, 0.6243091084080153, 0.6361965391920789, 0.7558767773607666, 0.6686197301997175, 0.5700314923513985], [0.4998188305012823, 1.3911263062688384, 0.0, 0.25731343386127686, 0.6677733633982017, 0.11515248172798645, 0.4540467456415186, 0.6921233982001546, 0.3507677232651869, 0.26804296746807377, 0.0069454663283523566, 0.5876899004696163, 0.6424649671500956, 0.6482659074159349, 0.7624283171063146, 0.6729744142863313, 0.5954716393114973], [-0.13996863539977822, 1.5353369246981843, 0.0, 0.22197659791092064, 0.6870505146268111, 0.11801093977317001, 0.4686721423521639, 0.69124474791398, 0.3241667622771298, 0.28989576493301383, 0.0066653709969386465, 0.6145066431347606, 0.6543777864804079, 0.662885665720302, 0.7718491504923369, 0.6694859728630184, 0.5307641758935915], [1.511821801544059, 1.83562336978032, 0.0, 0.2610326759366738, 0.7458060755424666, 0.09840259009272181, 0.44377716046762006, 0.6916811230093887, 0.24029587993391677, 0.2850502927134224, 0.005653876882570019, 0.5393291866368486, 0.5992862157187212, 0.6022339054929287, 0.7052750735078428, 0.6318795315338263, 0.4694773538679655], [0.7963233985513773, 1.856596529823375, 0.0, 0.26067530156292745, 0.7507468009588002, 0.1010993520348666, 0.7103188317668809, 0.692103064159928, 0.2564914193270784, 0.2990930270057839, 0.005766509824583821, 0.5520623488073044, 0.6136195181608357, 0.6280667051463952, 0.7271438500527725, 0.6427897000764725, 0.4860671178175676]]}