{"labels_1": ["1", "2", "3", "4", "5", "6", "7", "8", "9"], "labels_2": ["1", "2", "3", "4", "5", "6", "7", "8", "9"], "adj_matrix_1": [[0.0, 0.17158, 0.09603, 0.20598, 0.22746, 0.22906, 0.22855, 0.23876, 0.09813], [0.17158, 0.0, 0.16802, 0.12875, 0.10996, 0.10953, 0.05212, 0.0647, 0.16754], [0.09603, 0.16802, 0.0, 0.15182, 0.19631, 0.19901, 0.27554, 0.26925, 0.00242], [0.20598, 0.12875, 0.15182, 0.0, 0.06523, 0.06895, 0.27152, 0.22971, 0.15005], [0.22746, 0.10996, 0.19631, 0.06523, 0.0, 0.00375, 0.24037, 0.18573, 0.19517], [0.22906, 0.10953, 0.19901, 0.06895, 0.00375, 0.0, 0.23802, 0.18293, 0.1978], [0.22855, 0.05212, 0.27554, 0.27152, 0.24037, 0.23802, 0.0, 0.07484, 0.27643], [0.23876, 0.0647, 0.26925, 0.22971, 0.18573, 0.18293, 0.07484, 0.0, 0.26959], [0.09813, 0.16754, 0.00242, 0.15005, 0.19517, 0.1978, 0.27643, 0.26959, 0.0]], "adj_matrix_2": [[0.0, 0.34685, 0.2795, 0.33099, 0.22817, 0.33569, 0.03809, 0.23693, 0.33695], [0.34685, 0.0, 0.20578, 0.12235, 0.20136, 0.05507, 0.33698, 0.19536, 0.0506], [0.2795, 0.20578, 0.0, 0.10031, 0.26174, 0.23896, 0.25101, 0.26461, 0.23642], [0.33099, 0.12235, 0.10031, 0.0, 0.24885, 0.16853, 0.3102, 0.24808, 0.1648], [0.22817, 0.20136, 0.26174, 0.24885, 0.0, 0.16743, 0.23406, 0.01146, 0.16956], [0.33569, 0.05507, 0.23896, 0.16853, 0.16743, 0.0, 0.33079, 0.15964, 0.00437], [0.03809, 0.33698, 0.25101, 0.3102, 0.23406, 0.33079, 0.0, 0.24317, 0.33257], [0.23693, 0.19536, 0.26461, 0.24808, 0.01146, 0.15964, 0.24317, 0.0, 0.16288], [0.33695, 0.0506, 0.23642, 0.1648, 0.16956, 0.00437, 0.33257, 0.16288, 0.0]], "features_1": [[1.4012965437101723, 1.1472478902377943, 0.0, 0.30740060994907686, 0.5903025096750694, 0.13834174475125974, 0.20589017182361288, 0.6724754574357483, 0.4400376256345018, 0.2571031006261717, 0.00822905385914674, 0.5800683332459218, 0.6435409667774653, 0.6802866519570333, 0.7943704289569977, 0.709518177636111, 0.619713080363203], [1.4067548297653065, 1.1560194027782653, 0.0, 0.2945315384517035, 0.5912427728421097, 0.1349916715121342, 0.19777239579168865, 0.6753546203040519, 0.42382069292796376, 0.2559611033364071, 0.007950687539111767, 0.5827436878290946, 0.636114852597093, 0.6528270389055113, 0.7866230842632883, 0.6933937879492007, 0.6031391266319125], [0.9520951046953723, 1.1349890096822315, 0.0, 0.3319335272734042, 0.5995869078176054, 0.1333102528611631, 0.2780432016369147, 0.6800567031063998, 0.42580607595483855, 0.25105363183492235, 0.008006390651371653, 0.5921347549457621, 0.6445345299438981, 0.6717212285248823, 0.7925127731134258, 0.7028291277616041, 0.6174128320586734], [0.5994644133018165, 1.1440360580316868, 0.0, 0.27975508899536816, 0.6043068385053582, 0.13103263792335287, 0.3160062729294758, 0.6827692493663888, 0.4067722535381957, 0.24999049580234245, 0.007560346756364078, 0.5959840999565358, 0.6556066838557897, 0.6931471805599453, 0.7922355283359882, 0.7134731069334386, 0.6121858558934801], [0.20542209728328364, 1.4693152071767561, 0.0, 0.22324393156072886, 0.6638400878702512, 0.12362322567416612, 0.3741897373205106, 0.687952434257282, 0.3482957163471181, 0.28872199491052575, 0.006721420376576193, 0.604567601683003, 0.6469068241510489, 0.6640423676186948, 0.7792585027536926, 0.7035547758588153, 0.5447472706383287], [0.4676334753581619, 1.209348164587168, 0.0, 0.3015289231748305, 0.621547433159157, 0.12775321255936173, 0.3537172928217117, 0.6857603969219301, 0.39531036511516215, 0.25676650183062044, 0.007392832833969631, 0.5989855461273728, 0.6571084133381491, 0.6794004308627242, 0.7877701613845534, 0.7180277846674968, 0.5977958585647832], [-0.22130771913812763, 1.2701148963618232, 0.0, 0.20848400113468069, 0.6355717554903784, 0.12388697312064603, 0.4471478519877664, 0.6892732771823902, 0.35831945948820687, 0.26014865312494173, 0.006721420376576193, 0.6092152048304227, 0.6543994520463565, 0.6709288577975191, 0.7890638208421115, 0.7097459760446173, 0.5722508678330457], [0.2325655620366205, 1.140308429334379, 0.0, 0.20571103982673666, 0.6153853986666966, 0.12076417364959617, 0.4238641210770361, 0.6897780640529279, 0.3301843883602995, 0.2295672778419946, 0.006721420376576193, 0.5933232826760879, 0.6415636102220662, 0.6575188659077761, 0.7724568336209274, 0.7054828833251472, 0.5796378996908577], [0.5393269307314146, 1.20807297604973, 0.0, 0.21665300304273843, 0.6208372087118831, 0.12465641044706578, 0.31870004730133134, 0.6868526492431535, 0.3490116944516979, 0.24613153665406684, 0.006609306440138685, 0.5766833967140812, 0.6359417006126177, 0.6625609750204453, 0.775852891629096, 0.6868290565592379, 0.5870501649974762]], "features_2": [[-0.36503974516357784, 1.1930688175761932, 0.0, 0.25966231249269967, 0.6264899644213896, 0.12365001053564272, 0.38313536140511883, 0.6882471523788309, 0.373856304941681, 0.25242848676514495, 0.007225183508792421, 0.6281845165280158, 0.6650227090075402, 0.6981552519470873, 0.7776935889148865, 0.6885252221757262, 0.6109490093072171], [0.4603116194541341, 1.2302788817945352, 0.0, 0.293079197735011, 0.626047327859909, 0.12419450937168718, 0.3396348043919474, 0.6882465314574288, 0.3849925228527469, 0.2541225946462238, 0.007783488497544067, 0.5939134719787367, 0.6389494031894999, 0.6566632099770273, 0.7771190344437852, 0.6793491926429824, 0.609839589665509], [-0.17840308984141195, 1.2801841171453028, 0.0, 0.2706116186573085, 0.6427342405562152, 0.12206008310547764, 0.367723428336528, 0.6888740473411277, 0.3767238023652728, 0.2643288561834307, 0.007336964783822175, 0.6089420044723475, 0.6500113965743893, 0.6618367192412036, 0.7715330517868314, 0.6585401036193724, 0.6057775693482732], [-0.14540210809920007, 1.2749464383959281, 0.0, 0.2574645708768986, 0.6397121681636297, 0.12226082171936986, 0.37226983601828395, 0.6886144666964891, 0.3619784000438373, 0.26101639711329994, 0.006889477554966383, 0.6098811113639155, 0.66180208615646, 0.680093683416987, 0.773848158612816, 0.6815953549899346, 0.6078208863919973], [1.1544872933724672, 1.38404241525108, 0.0, 0.2929041156316073, 0.6600366421769637, 0.11309043732449729, 0.4636670687379315, 0.6926832432285406, 0.3150062316357438, 0.25624590146118553, 0.0064410216040902135, 0.5686570603649064, 0.6243091084080153, 0.6361965391920789, 0.7558767773607666, 0.6686197301997175, 0.5700314923513985], [0.4998188305012823, 1.3911263062688384, 0.0, 0.25731343386127686, 0.6677733633982017, 0.11515248172798645, 0.4540467456415186, 0.6921233982001546, 0.3507677232651869, 0.26804296746807377, 0.0069454663283523566, 0.5876899004696163, 0.6424649671500956, 0.6482659074159349, 0.7624283171063146, 0.6729744142863313, 0.5954716393114973], [-0.13996863539977822, 1.5353369246981843, 0.0, 0.22197659791092064, 0.6870505146268111, 0.11801093977317001, 0.4686721423521639, 0.69124474791398, 0.3241667622771298, 0.28989576493301383, 0.0066653709969386465, 0.6145066431347606, 0.6543777864804079, 0.662885665720302, 0.7718491504923369, 0.6694859728630184, 0.5307641758935915], [1.511821801544059, 1.83562336978032, 0.0, 0.2610326759366738, 0.7458060755424666, 0.09840259009272181, 0.44377716046762006, 0.6916811230093887, 0.24029587993391677, 0.2850502927134224, 0.005653876882570019, 0.5393291866368486, 0.5992862157187212, 0.6022339054929287, 0.7052750735078428, 0.6318795315338263, 0.4694773538679655], [0.7963233985513773, 1.856596529823375, 0.0, 0.26067530156292745, 0.7507468009588002, 0.1010993520348666, 0.7103188317668809, 0.692103064159928, 0.2564914193270784, 0.2990930270057839, 0.005766509824583821, 0.5520623488073044, 0.6136195181608357, 0.6280667051463952, 0.7271438500527725, 0.6427897000764725, 0.4860671178175676]]}