{"labels_1": ["1", "2", "3", "4", "5", "6", "7", "8", "9"], "labels_2": ["1", "2", "3", "4", "5", "6", "7", "8", "9"], "adj_matrix_1": [[0.0, 0.17158, 0.09603, 0.20598, 0.22746, 0.22906, 0.22855, 0.23876, 0.09813], [0.17158, 0.0, 0.16802, 0.12875, 0.10996, 0.10953, 0.05212, 0.0647, 0.16754], [0.09603, 0.16802, 0.0, 0.15182, 0.19631, 0.19901, 0.27554, 0.26925, 0.00242], [0.20598, 0.12875, 0.15182, 0.0, 0.06523, 0.06895, 0.27152, 0.22971, 0.15005], [0.22746, 0.10996, 0.19631, 0.06523, 0.0, 0.00375, 0.24037, 0.18573, 0.19517], [0.22906, 0.10953, 0.19901, 0.06895, 0.00375, 0.0, 0.23802, 0.18293, 0.1978], [0.22855, 0.05212, 0.27554, 0.27152, 0.24037, 0.23802, 0.0, 0.07484, 0.27643], [0.23876, 0.0647, 0.26925, 0.22971, 0.18573, 0.18293, 0.07484, 0.0, 0.26959], [0.09813, 0.16754, 0.00242, 0.15005, 0.19517, 0.1978, 0.27643, 0.26959, 0.0]], "adj_matrix_2": [[0.0, 0.07274, 0.05925, 0.04283, 0.01644, 0.0363, 0.26085, 0.25803, 0.28237], [0.07274, 0.0, 0.1291, 0.11372, 0.05663, 0.10755, 0.30396, 0.30206, 0.32104], [0.05925, 0.1291, 0.0, 0.01662, 0.07536, 0.02319, 0.21639, 0.21285, 0.24092], [0.04283, 0.11372, 0.01662, 0.0, 0.05908, 0.00658, 0.22958, 0.2262, 0.25334], [0.01644, 0.05663, 0.07536, 0.05908, 0.0, 0.0526, 0.27205, 0.26926, 0.29267], [0.0363, 0.10755, 0.02319, 0.00658, 0.0526, 0.0, 0.23464, 0.23133, 0.25808], [0.26085, 0.30396, 0.21639, 0.22958, 0.27205, 0.23464, 0.0, 0.00448, 0.02992], [0.25803, 0.30206, 0.21285, 0.2262, 0.26926, 0.23133, 0.00448, 0.0, 0.03437], [0.28237, 0.32104, 0.24092, 0.25334, 0.29267, 0.25808, 0.02992, 0.03437, 0.0]], "features_1": [[1.4012965437101723, 1.1472478902377943, 0.0, 0.30740060994907686, 0.5903025096750694, 0.13834174475125974, 0.20589017182361288, 0.6724754574357483, 0.4400376256345018, 0.2571031006261717, 0.00822905385914674, 0.5800683332459218, 0.6435409667774653, 0.6802866519570333, 0.7943704289569977, 0.709518177636111, 0.619713080363203], [1.4067548297653065, 1.1560194027782653, 0.0, 0.2945315384517035, 0.5912427728421097, 0.1349916715121342, 0.19777239579168865, 0.6753546203040519, 0.42382069292796376, 0.2559611033364071, 0.007950687539111767, 0.5827436878290946, 0.636114852597093, 0.6528270389055113, 0.7866230842632883, 0.6933937879492007, 0.6031391266319125], [0.9520951046953723, 1.1349890096822315, 0.0, 0.3319335272734042, 0.5995869078176054, 0.1333102528611631, 0.2780432016369147, 0.6800567031063998, 0.42580607595483855, 0.25105363183492235, 0.008006390651371653, 0.5921347549457621, 0.6445345299438981, 0.6717212285248823, 0.7925127731134258, 0.7028291277616041, 0.6174128320586734], [0.5994644133018165, 1.1440360580316868, 0.0, 0.27975508899536816, 0.6043068385053582, 0.13103263792335287, 0.3160062729294758, 0.6827692493663888, 0.4067722535381957, 0.24999049580234245, 0.007560346756364078, 0.5959840999565358, 0.6556066838557897, 0.6931471805599453, 0.7922355283359882, 0.7134731069334386, 0.6121858558934801], [0.20542209728328364, 1.4693152071767561, 0.0, 0.22324393156072886, 0.6638400878702512, 0.12362322567416612, 0.3741897373205106, 0.687952434257282, 0.3482957163471181, 0.28872199491052575, 0.006721420376576193, 0.604567601683003, 0.6469068241510489, 0.6640423676186948, 0.7792585027536926, 0.7035547758588153, 0.5447472706383287], [0.4676334753581619, 1.209348164587168, 0.0, 0.3015289231748305, 0.621547433159157, 0.12775321255936173, 0.3537172928217117, 0.6857603969219301, 0.39531036511516215, 0.25676650183062044, 0.007392832833969631, 0.5989855461273728, 0.6571084133381491, 0.6794004308627242, 0.7877701613845534, 0.7180277846674968, 0.5977958585647832], [-0.22130771913812763, 1.2701148963618232, 0.0, 0.20848400113468069, 0.6355717554903784, 0.12388697312064603, 0.4471478519877664, 0.6892732771823902, 0.35831945948820687, 0.26014865312494173, 0.006721420376576193, 0.6092152048304227, 0.6543994520463565, 0.6709288577975191, 0.7890638208421115, 0.7097459760446173, 0.5722508678330457], [0.2325655620366205, 1.140308429334379, 0.0, 0.20571103982673666, 0.6153853986666966, 0.12076417364959617, 0.4238641210770361, 0.6897780640529279, 0.3301843883602995, 0.2295672778419946, 0.006721420376576193, 0.5933232826760879, 0.6415636102220662, 0.6575188659077761, 0.7724568336209274, 0.7054828833251472, 0.5796378996908577], [0.5393269307314146, 1.20807297604973, 0.0, 0.21665300304273843, 0.6208372087118831, 0.12465641044706578, 0.31870004730133134, 0.6868526492431535, 0.3490116944516979, 0.24613153665406684, 0.006609306440138685, 0.5766833967140812, 0.6359417006126177, 0.6625609750204453, 0.775852891629096, 0.6868290565592379, 0.5870501649974762]], "features_2": [[0.33902376142875745, 1.2346976533641825, 0.0, 0.22381884355068635, 0.6211325466559631, 0.12606015751663302, 0.3566400692896906, 0.6847756533667027, 0.3648843134918205, 0.2574606648657376, 0.007225183508792421, 0.5995185203732158, 0.6166473908870685, 0.6215130526563968, 0.7686205262796058, 0.6843461372678519, 0.5768872851174435], [0.08162139308144223, 1.1728162578074175, 0.0, 0.20220668058052324, 0.6086357842043942, 0.1279613131813952, 0.4553328149687452, 0.6843548769756966, 0.37309734401472294, 0.2504070687031099, 0.007504523810135222, 0.6067609267830845, 0.6194630720508635, 0.6459721167211122, 0.772972198469848, 0.6913400976994087, 0.5740473166242104], [0.5287006560272909, 1.3846305848671039, 0.0, 0.2220958266780926, 0.6485627157497312, 0.12543991398738336, 0.34335680869676466, 0.6852974514137391, 0.37113496021410275, 0.27996192995853164, 0.00716927026363523, 0.6014601759267533, 0.618173320576576, 0.626353532296231, 0.766133376551754, 0.6883464436066917, 0.576059129154161], [0.47180713849678835, 1.3635075291656167, 0.0, 0.22280964987242088, 0.6493589243835765, 0.12272313407301493, 0.38895422004824665, 0.6875150857856187, 0.3505794763119974, 0.2703648497020221, 0.007001439975721224, 0.595097933972911, 0.615493051730739, 0.6186270633408811, 0.7631401961479379, 0.6816892649886974, 0.5621689565972987], [0.19174931499545167, 1.3541337190884462, 0.0, 0.19680090020135554, 0.6488599056016485, 0.12170631023426645, 0.5704149012218614, 0.6892694689452719, 0.33209153370247346, 0.2672968395108555, 0.0069454663283523566, 0.6035088808464248, 0.6475522712658897, 0.657954560600145, 0.7668909618688998, 0.6777661319711047, 0.5525945342778528], [0.38001243094948656, 1.3538262340659801, 0.0, 0.21547418454575717, 0.6486766238346686, 0.12178772077358985, 0.38677328490517837, 0.6882191911902923, 0.3459652648225493, 0.2677328083242181, 0.007225183508792421, 0.6024269994237381, 0.624814194937649, 0.6342491171933332, 0.7639168812327476, 0.6875228093507971, 0.5716702178127109], [0.08735495361244716, 1.6082304795848248, 0.0, 0.19161885698268524, 0.7021981628945875, 0.11328445279095517, 0.5368980325465976, 0.6924311322404466, 0.3011243449174408, 0.29146903514712497, 0.0066653709969386465, 0.6046306711005291, 0.6334883714357665, 0.6389185257595748, 0.75437829823986, 0.6615382333417648, 0.519497164472542], [-0.2436355705268234, 1.341099854299697, 0.0, 0.20844877635071538, 0.6609486756783581, 0.11122758475276995, 0.5682069703892857, 0.6925860942512242, 0.2834993245238031, 0.25230891659655574, 0.006609306440138685, 0.607854217072777, 0.6298789595718703, 0.6347229437661668, 0.734864519293519, 0.6813903586075305, 0.5434854070616952], [-0.2895132919609438, 1.6148000599558863, 0.0, 0.2068656255927966, 0.708022060368448, 0.10726082106390498, 0.4455865483333916, 0.6930905464466353, 0.2603786434634958, 0.2826301661289947, 0.005991591679928909, 0.603655427853641, 0.6470758061987445, 0.6613126097087807, 0.7280869765615668, 0.65170356132218, 0.5148397698472594]]}