{"labels_1": ["1", "2", "3", "4", "5", "6", "7", "8", "9"], "labels_2": ["1", "2", "3", "4", "5", "6", "7", "8", "9"], "adj_matrix_1": [[0.0, 0.18094, 0.10348, 0.03466, 0.22543, 0.12012, 0.25024, 0.2489, 0.04303], [0.18094, 0.0, 0.09169, 0.15482, 0.06667, 0.07402, 0.1105, 0.10842, 0.20809], [0.10348, 0.09169, 0.0, 0.07104, 0.15216, 0.01857, 0.18941, 0.18763, 0.14063], [0.03466, 0.15482, 0.07104, 0.0, 0.20539, 0.08868, 0.23469, 0.23316, 0.07659], [0.22543, 0.06667, 0.15216, 0.20539, 0.0, 0.13631, 0.04578, 0.04365, 0.24438], [0.12012, 0.07402, 0.01857, 0.08868, 0.13631, 0.0, 0.17523, 0.17337, 0.15556], [0.25024, 0.1105, 0.18941, 0.23469, 0.04578, 0.17523, 0.0, 0.00214, 0.26332], [0.2489, 0.10842, 0.18763, 0.23316, 0.04365, 0.17337, 0.00214, 0.0, 0.26239], [0.04303, 0.20809, 0.14063, 0.07659, 0.24438, 0.15556, 0.26332, 0.26239, 0.0]], "adj_matrix_2": [[0.0, 0.03164, 0.0263, 0.06401, 0.18179, 0.0907, 0.08277, 0.00078, 0.22187], [0.03164, 0.0, 0.00537, 0.09465, 0.20722, 0.06006, 0.11284, 0.03238, 0.24462], [0.0263, 0.00537, 0.0, 0.08952, 0.20308, 0.06531, 0.10783, 0.02705, 0.24096], [0.06401, 0.09465, 0.08952, 0.0, 0.12494, 0.14981, 0.01938, 0.06319, 0.16924], [0.18179, 0.20722, 0.20308, 0.12494, 0.0, 0.24913, 0.10696, 0.18165, 0.04811], [0.0907, 0.06006, 0.06531, 0.14981, 0.24913, 0.0, 0.16633, 0.09134, 0.28056], [0.08277, 0.11284, 0.10783, 0.01938, 0.10696, 0.16633, 0.0, 0.08217, 0.15208], [0.00078, 0.03238, 0.02705, 0.06319, 0.18165, 0.09134, 0.08217, 0.0, 0.2215], [0.22187, 0.24462, 0.24096, 0.16924, 0.04811, 0.28056, 0.15208, 0.2215, 0.0]], "features_1": [[0.6952256733084963, 1.327033412814246, 0.0, 0.2784212071514744, 0.6541789294671468, 0.11957288872993094, 0.4010188824638149, 0.6901003562111616, 0.3482605952282467, 0.2590632428552979, 0.006721420376576193, 0.5844732864689361, 0.6234073704087671, 0.6314971845893251, 0.7700752764016089, 0.6647422343127153, 0.5767725788564696], [0.39107162925701955, 1.2957336082619375, 0.0, 0.24015928979635215, 0.6403762624448149, 0.12210976803717838, 0.41349219725456693, 0.6890178539883289, 0.34903821264119195, 0.2580623975062779, 0.006721420376576193, 0.5906581306762533, 0.6473766379549315, 0.6572229953763823, 0.7778531095792678, 0.6917107936342473, 0.5911620444221881], [0.6217731720056872, 1.4086453366609468, 0.0, 0.2850459249697433, 0.6657930352741346, 0.1202969095056366, 0.37875237956668856, 0.6896471349898592, 0.34884227924278344, 0.27281472935133744, 0.006609306440138685, 0.5898480075847119, 0.6434854096029597, 0.6572506751561351, 0.76989994033199, 0.6872538415882635, 0.5823608362113952], [0.5859279195246607, 1.3079153504819498, 0.0, 0.27253838849769596, 0.6515920198066283, 0.11957734341492215, 0.4174232700159159, 0.6902882954855754, 0.34744627042838716, 0.25783917336405193, 0.006721420376576193, 0.588184785304696, 0.6425971054457856, 0.6569928889796519, 0.7719889356459366, 0.6902596982174181, 0.5796416811344712], [0.2559044222279834, 1.4667909035206301, 0.0, 0.2245916758691208, 0.6710397416933424, 0.11662337941630438, 0.4880432638720407, 0.69152018464534, 0.2973242414341011, 0.27477162150691914, 0.0064410216040902135, 0.5854141503921784, 0.6519368294092831, 0.6586285015739582, 0.76763008939601, 0.6798842277504756, 0.5430450811838312], [0.4537012330197183, 1.3913297227364008, 0.0, 0.26162489234856756, 0.6630638770864656, 0.11977416077025486, 0.3931121223060373, 0.689901970217814, 0.3345739814494797, 0.2690797402234577, 0.006609306440138685, 0.5856889532509788, 0.6490548672348538, 0.6603083262451069, 0.7700184219555134, 0.6876431617107966, 0.5889015148430016], [0.2864858529417251, 1.4917345010124021, 0.0, 0.268502400502101, 0.6836516961663186, 0.1166990029544805, 0.5057924526868085, 0.691797979058629, 0.32724338017778165, 0.27843028985915996, 0.007001439975721224, 0.5981177335319288, 0.6526690816686633, 0.6407384485033369, 0.7729469202406642, 0.6804472806635634, 0.536276918476691], [0.35529158461684895, 1.6038714117140849, 0.0, 0.2741064238067139, 0.708857478108217, 0.10782272487538837, 0.41646752232016554, 0.6930819547002784, 0.26003484443107094, 0.278011001843689, 0.005766509824583821, 0.5822965414693, 0.6248257657622519, 0.6184816393926149, 0.7357773435135316, 0.6524988179908745, 0.5360034038745625], [0.5218070869295337, 1.6143216650770467, 0.0, 0.30016163274532287, 0.7158808346183546, 0.10747492863551716, 0.5170777361139465, 0.693144615172147, 0.26633722295368645, 0.2816901631198909, 0.006047823865199753, 0.5681437971958465, 0.6261756329744324, 0.6440130257130907, 0.7445026921331375, 0.6482523695759282, 0.5333066741325253]], "features_2": [[0.22594661993712162, 1.1617787377375943, 0.0, 0.2771749492381219, 0.6162868024475135, 0.12277711752970198, 0.44064586473467104, 0.6886214070541321, 0.3623659957132157, 0.24172977495411518, 0.00711334193318236, 0.6041107455935597, 0.6336027671020656, 0.6457548789116511, 0.7785616183722027, 0.688954068334811, 0.6001627525181186], [0.4877718068241297, 1.2269073813896154, 0.0, 0.24632521418577108, 0.6235876705277222, 0.12194816219384375, 0.384907070179824, 0.6885855162698225, 0.33975138264933036, 0.24552785272249822, 0.007057398507269275, 0.5877265125468654, 0.6190959013753512, 0.6194203130913247, 0.7735125612669005, 0.7116166183598895, 0.5598087734253313], [0.2508072472355902, 1.2282612401194994, 0.0, 0.2636310596825237, 0.6326442414114366, 0.11959061042415389, 0.41421295256346297, 0.6899868792271026, 0.3392485618208665, 0.24696815877460088, 0.007225183508792421, 0.5993231019292509, 0.6304913512089223, 0.633208763007918, 0.7686647713820787, 0.6794267015487176, 0.6002318074185211], [0.1258293132577033, 1.1750081792613856, 0.0, 0.2770965332652217, 0.6248808565949753, 0.11936243548527431, 0.46233450941573795, 0.6905739953082173, 0.34610896983325445, 0.23908300034719998, 0.007225183508792421, 0.6050499523282009, 0.6533307330730718, 0.647473986714322, 0.7746962045449951, 0.7000156383023816, 0.6010803916444692], [-0.30800162234745754, 1.654576231447277, 0.0, 0.17401870301692526, 0.7004765375775559, 0.11419343916119473, 0.4923458938559648, 0.6922056595697204, 0.2807867358377252, 0.3006594097578654, 0.006160242374180447, 0.6068154557731185, 0.6419116125362039, 0.6491533895647145, 0.7586920827553566, 0.6434216376807332, 0.47003932245729935], [0.14364518216317057, 1.2778114158291307, 0.0, 0.24561856310747826, 0.6468114624641376, 0.11625427254941348, 0.44723825801877765, 0.6916380697465102, 0.3204059372501753, 0.2493941865863587, 0.00683347364535547, 0.5898979987360791, 0.6430152612425452, 0.6564271219460422, 0.7663016644119824, 0.7048143520323413, 0.5967402865464406], [-0.10444183886771174, 1.5577676053307492, 0.0, 0.29427829429558555, 0.6925077922800884, 0.11308599086844578, 0.5092781022933593, 0.692625363180125, 0.3034859735847786, 0.288526888821508, 0.006328755639155359, 0.5949576989446985, 0.6530792166683562, 0.6681458783545281, 0.7618029809404105, 0.68000665006254, 0.48364945556671646], [0.20614581076278693, 1.550421264534977, 0.0, 0.27923172925094736, 0.7108015399737511, 0.10102182536935046, 0.8760088870093738, 0.6919892539446615, 0.23205488915431527, 0.2512550894755412, 0.005597537371453631, 0.5786465252627497, 0.6156104011682639, 0.6046707905498001, 0.7250914732320923, 0.6699952769657302, 0.5397527709236836], [-0.06617555056793645, 1.3571444651410731, 0.0, 0.2880253114397531, 0.6698909862717146, 0.10957655574142139, 0.5679967901321114, 0.6931011293180468, 0.276729646925276, 0.24792463070143178, 0.006104040759826512, 0.5967998774527294, 0.633574968943999, 0.6454553141395759, 0.7520275936872833, 0.6677826763487801, 0.5082748382872305]]}