{"labels_1": ["1", "2", "3", "4", "5", "6", "7", "8", "9"], "labels_2": ["1", "2", "3", "4", "5", "6", "7", "8", "9"], "adj_matrix_1": [[0.0, 0.00164, 0.03547, 0.04822, 0.00726, 0.22268, 0.07187, 0.20418, 0.2199], [0.00164, 0.0, 0.0371, 0.04984, 0.00563, 0.22156, 0.07033, 0.20576, 0.21889], [0.03547, 0.0371, 0.0, 0.01284, 0.04264, 0.24567, 0.10604, 0.17431, 0.24333], [0.04822, 0.04984, 0.01284, 0.0, 0.05533, 0.25339, 0.11811, 0.16298, 0.25119], [0.00726, 0.00563, 0.04264, 0.05533, 0.0, 0.21719, 0.06487, 0.21083, 0.21488], [0.22268, 0.22156, 0.24567, 0.25339, 0.21719, 0.0, 0.16814, 0.32606, 0.00414], [0.07187, 0.07033, 0.10604, 0.11811, 0.06487, 0.16814, 0.0, 0.25874, 0.16508], [0.20418, 0.20576, 0.17431, 0.16298, 0.21083, 0.32606, 0.25874, 0.0, 0.32658], [0.2199, 0.21889, 0.24333, 0.25119, 0.21488, 0.00414, 0.16508, 0.32658, 0.0]], "adj_matrix_2": [[0.0, 0.14797, 0.07186, 0.17952, 0.03116, 0.25022, 0.14815, 0.12593, 0.0277], [0.14797, 0.0, 0.20985, 0.03667, 0.11923, 0.13196, 0.2695, 0.02416, 0.17192], [0.07186, 0.20985, 0.0, 0.23685, 0.10213, 0.29179, 0.07951, 0.19038, 0.04429], [0.17952, 0.03667, 0.23685, 0.0, 0.15223, 0.09827, 0.29031, 0.06048, 0.20141], [0.03116, 0.11923, 0.10213, 0.15223, 0.0, 0.229, 0.17654, 0.09654, 0.05874], [0.25022, 0.13196, 0.29179, 0.09827, 0.229, 0.0, 0.32646, 0.15294, 0.26581], [0.14815, 0.2695, 0.07951, 0.29031, 0.17654, 0.32646, 0.0, 0.25403, 0.12256], [0.12593, 0.02416, 0.19038, 0.06048, 0.09654, 0.15294, 0.25403, 0.0, 0.15129], [0.0277, 0.17192, 0.04429, 0.20141, 0.05874, 0.26581, 0.12256, 0.15129, 0.0]], "features_1": [[0.356633032492776, 1.0178593658275292, 0.0, 0.25084802242644655, 0.5780866417249985, 0.13221557400525402, 0.38581296033560475, 0.6820276169902335, 0.4076887354985095, 0.2260532256517338, 0.007560346756364078, 0.6102393155989334, 0.6720136757849624, 0.6844911852545827, 0.7956157935375866, 0.708027894589253, 0.6256872930161456], [0.1661665932721026, 1.137246097069384, 0.0, 0.24391215889937348, 0.6070153936566514, 0.12893615003288927, 0.5401573535134375, 0.6861105590765588, 0.3803887088674296, 0.24349918376898017, 0.00677745458930179, 0.6067741064999512, 0.6644426867635184, 0.6928964283018612, 0.7915810944336015, 0.7156882531452498, 0.5920885287758373], [0.30076092159323853, 1.0753303571823314, 0.0, 0.25767963035847397, 0.5941685673391013, 0.13099272220985608, 0.4581823799283917, 0.6834496189597927, 0.3927978610062348, 0.23204974695884362, 0.007448685839370306, 0.603724851669273, 0.6515869459895276, 0.6630880301001935, 0.7906866569549648, 0.7079278078162458, 0.6127191566263301], [0.1361965262949245, 1.0734563742154837, 0.0, 0.22421506065589583, 0.5914534545588879, 0.1295267011244777, 0.341664618627464, 0.6827937953656695, 0.3915864797832689, 0.23406457119217605, 0.007336964783822175, 0.6120035003767956, 0.6457588258026252, 0.6708533619460285, 0.7875659796996434, 0.7211598807478322, 0.622544299547731], [-0.06222335283141733, 1.5190037141533197, 0.0, 0.2200915018187708, 0.6875411712369897, 0.11592789572712271, 0.744917406491691, 0.6924248641329438, 0.30226343274474554, 0.2809144472588938, 0.006104040759826512, 0.6015100591946152, 0.6452980772429607, 0.6558958228580568, 0.7689302090357356, 0.6820615866719223, 0.517179777273419], [0.6904983746428837, 1.2131714749351432, 0.0, 0.29627107377820083, 0.6357336403164278, 0.12046979603494387, 0.4981602488493529, 0.6902523319615552, 0.34946232258493026, 0.24138116914697805, 0.00711334193318236, 0.5794952810864633, 0.635629329645356, 0.6525935027466325, 0.7769287624383485, 0.72822528650273, 0.586377891570607], [0.2632538540362166, 1.4847300080335881, 0.0, 0.21844561380639527, 0.6656101649619894, 0.1226475377851312, 0.5094062174653992, 0.6879304855349944, 0.36593208563374446, 0.28981006549026667, 0.006721420376576193, 0.5918427109626938, 0.646230149657596, 0.6662124256931072, 0.7776308984894932, 0.6779463075344576, 0.5719961980939131], [-0.0205144277788456, 1.6030118361098165, 0.0, 0.2420062196618756, 0.726080566159389, 0.0982003136520098, 0.599150557490816, 0.6916063939983452, 0.23553806014711554, 0.25838149131880783, 0.005935344193631176, 0.585076069210541, 0.6400147266966995, 0.6370010743348161, 0.7219068841456185, 0.646382719394687, 0.4956351043816341], [0.24772206680480302, 1.461803368935464, 0.0, 0.2549518787768987, 0.688272395728391, 0.10813698397153845, 0.6284813598526398, 0.693009435023412, 0.30776650035314046, 0.26356668677300243, 0.006497131753992358, 0.5802772859139402, 0.6327754835460235, 0.6546468147210297, 0.7508891463615686, 0.6805772767949901, 0.5569896392693866]], "features_2": [[0.20758514365486658, 1.0661331110383858, 0.0, 0.2317677202377754, 0.5833792707620977, 0.1352090065308968, 0.339421910521461, 0.6782350709718078, 0.429263159125979, 0.23987928035741524, 0.007392832833969631, 0.6155491009351699, 0.6523832712594291, 0.6865153490862798, 0.7908939785628711, 0.7005204349321075, 0.6159135328114209], [-0.019145844030993064, 1.2029884115692573, 0.0, 0.25366668198761766, 0.6111174498744775, 0.13411184815938637, 0.2570262756185066, 0.6784676468278663, 0.42410428867299577, 0.2686499587966811, 0.007616154688146137, 0.6125197146660248, 0.6434393150318474, 0.6793584973242942, 0.7875834582633783, 0.7031568514571435, 0.606468575499791], [0.27590685676773585, 1.1442603785941061, 0.0, 0.24798616068598406, 0.5967651767530249, 0.13526530158478195, 0.26640451191475945, 0.6773302703683906, 0.44621445476698907, 0.2553628937828374, 0.00783923647221818, 0.620570003316836, 0.6488366493599441, 0.6660062180141403, 0.7889956735987713, 0.6938814210438448, 0.6143182468726376], [0.3319914538350681, 1.0988836477009616, 0.0, 0.24421979361300633, 0.58452922140442, 0.13453059455691288, 0.24403915824848993, 0.6770545582181281, 0.42420540235057924, 0.2430104033962608, 0.007616154688146137, 0.6067398768550418, 0.6389742450496998, 0.6600445143841144, 0.7860264871364578, 0.7107440820926139, 0.6116441996459918], [0.003420470535890896, 1.4322078234628697, 0.0, 0.22481993776262274, 0.6616149510638198, 0.12576707996606704, 0.3789071025515973, 0.6870162756151451, 0.3745880445776506, 0.29032056259436945, 0.0069454663283523566, 0.6109035730041068, 0.6580344492090981, 0.6637273210899266, 0.7823980400894099, 0.7086955796535032, 0.5643464704920703], [0.31088394987261214, 1.1773589889933662, 0.0, 0.2744107764942135, 0.6042098959209273, 0.1333563211291825, 0.26376858906836986, 0.6791801755161189, 0.4382722013279514, 0.2599770531492631, 0.007950687539111767, 0.6034813723379662, 0.6345068754029715, 0.659120683547686, 0.7895989315830034, 0.6931838797260169, 0.6207668999789752], [-0.0022021047686138218, 1.5564796262077798, 0.0, 0.18292909442825953, 0.6867475217897226, 0.11781535658974832, 0.4193751383579297, 0.6910114158606098, 0.31055867256613867, 0.28962931851576146, 0.006104040759826512, 0.6036536599655369, 0.6463535564384888, 0.6502079554484409, 0.7666477507310259, 0.6869532461280663, 0.526254140179325], [0.02883651550940769, 1.449031831466572, 0.0, 0.24485844126408424, 0.6895382852502527, 0.10959867801076653, 0.5480441764792374, 0.6930470608173729, 0.28853733776021384, 0.26326810415631985, 0.005991591679928909, 0.5903253874009349, 0.654421753519097, 0.6692078352494563, 0.7500503958269109, 0.6458825489560173, 0.5596644292493684], [0.047703893511147566, 1.7273505498119075, 0.0, 0.19737540767048573, 0.7323960281275191, 0.10650418363402032, 0.4981614715199008, 0.6931388404344121, 0.27130289496618887, 0.2920148452314757, 0.005766509824583821, 0.5911838059616028, 0.634512009123366, 0.635304133233245, 0.741677687425568, 0.6454022593283186, 0.5357480651743383]]}