{"labels_1": ["1", "2", "3", "4", "5", "6", "7", "8", "9"], "labels_2": ["1", "2", "3", "4", "5", "6", "7", "8", "9"], "adj_matrix_1": [[0.0, 0.18094, 0.10348, 0.03466, 0.22543, 0.12012, 0.25024, 0.2489, 0.04303], [0.18094, 0.0, 0.09169, 0.15482, 0.06667, 0.07402, 0.1105, 0.10842, 0.20809], [0.10348, 0.09169, 0.0, 0.07104, 0.15216, 0.01857, 0.18941, 0.18763, 0.14063], [0.03466, 0.15482, 0.07104, 0.0, 0.20539, 0.08868, 0.23469, 0.23316, 0.07659], [0.22543, 0.06667, 0.15216, 0.20539, 0.0, 0.13631, 0.04578, 0.04365, 0.24438], [0.12012, 0.07402, 0.01857, 0.08868, 0.13631, 0.0, 0.17523, 0.17337, 0.15556], [0.25024, 0.1105, 0.18941, 0.23469, 0.04578, 0.17523, 0.0, 0.00214, 0.26332], [0.2489, 0.10842, 0.18763, 0.23316, 0.04365, 0.17337, 0.00214, 0.0, 0.26239], [0.04303, 0.20809, 0.14063, 0.07659, 0.24438, 0.15556, 0.26332, 0.26239, 0.0]], "adj_matrix_2": [[0.0, 0.24813, 0.07327, 0.22317, 0.09242, 0.1033, 0.22475, 0.0272, 0.22879], [0.24813, 0.0, 0.19239, 0.03634, 0.30486, 0.16644, 0.03351, 0.2647, 0.02744], [0.07327, 0.19239, 0.0, 0.16244, 0.16154, 0.03098, 0.1645, 0.09941, 0.16941], [0.22317, 0.03634, 0.16244, 0.0, 0.28744, 0.13472, 0.00273, 0.24215, 0.00876], [0.09242, 0.30486, 0.16154, 0.28744, 0.0, 0.18892, 0.29011, 0.06594, 0.29343], [0.1033, 0.16644, 0.03098, 0.13472, 0.18892, 0.0, 0.1371, 0.12882, 0.14236], [0.22475, 0.03351, 0.1645, 0.00273, 0.29011, 0.1371, 0.0, 0.24527, 0.00607], [0.0272, 0.2647, 0.09941, 0.24215, 0.06594, 0.12882, 0.24527, 0.0, 0.24947], [0.22879, 0.02744, 0.16941, 0.00876, 0.29343, 0.14236, 0.00607, 0.24947, 0.0]], "features_1": [[0.6952256733084963, 1.327033412814246, 0.0, 0.2784212071514744, 0.6541789294671468, 0.11957288872993094, 0.4010188824638149, 0.6901003562111616, 0.3482605952282467, 0.2590632428552979, 0.006721420376576193, 0.5844732864689361, 0.6234073704087671, 0.6314971845893251, 0.7700752764016089, 0.6647422343127153, 0.5767725788564696], [0.39107162925701955, 1.2957336082619375, 0.0, 0.24015928979635215, 0.6403762624448149, 0.12210976803717838, 0.41349219725456693, 0.6890178539883289, 0.34903821264119195, 0.2580623975062779, 0.006721420376576193, 0.5906581306762533, 0.6473766379549315, 0.6572229953763823, 0.7778531095792678, 0.6917107936342473, 0.5911620444221881], [0.6217731720056872, 1.4086453366609468, 0.0, 0.2850459249697433, 0.6657930352741346, 0.1202969095056366, 0.37875237956668856, 0.6896471349898592, 0.34884227924278344, 0.27281472935133744, 0.006609306440138685, 0.5898480075847119, 0.6434854096029597, 0.6572506751561351, 0.76989994033199, 0.6872538415882635, 0.5823608362113952], [0.5859279195246607, 1.3079153504819498, 0.0, 0.27253838849769596, 0.6515920198066283, 0.11957734341492215, 0.4174232700159159, 0.6902882954855754, 0.34744627042838716, 0.25783917336405193, 0.006721420376576193, 0.588184785304696, 0.6425971054457856, 0.6569928889796519, 0.7719889356459366, 0.6902596982174181, 0.5796416811344712], [0.2559044222279834, 1.4667909035206301, 0.0, 0.2245916758691208, 0.6710397416933424, 0.11662337941630438, 0.4880432638720407, 0.69152018464534, 0.2973242414341011, 0.27477162150691914, 0.0064410216040902135, 0.5854141503921784, 0.6519368294092831, 0.6586285015739582, 0.76763008939601, 0.6798842277504756, 0.5430450811838312], [0.4537012330197183, 1.3913297227364008, 0.0, 0.26162489234856756, 0.6630638770864656, 0.11977416077025486, 0.3931121223060373, 0.689901970217814, 0.3345739814494797, 0.2690797402234577, 0.006609306440138685, 0.5856889532509788, 0.6490548672348538, 0.6603083262451069, 0.7700184219555134, 0.6876431617107966, 0.5889015148430016], [0.2864858529417251, 1.4917345010124021, 0.0, 0.268502400502101, 0.6836516961663186, 0.1166990029544805, 0.5057924526868085, 0.691797979058629, 0.32724338017778165, 0.27843028985915996, 0.007001439975721224, 0.5981177335319288, 0.6526690816686633, 0.6407384485033369, 0.7729469202406642, 0.6804472806635634, 0.536276918476691], [0.35529158461684895, 1.6038714117140849, 0.0, 0.2741064238067139, 0.708857478108217, 0.10782272487538837, 0.41646752232016554, 0.6930819547002784, 0.26003484443107094, 0.278011001843689, 0.005766509824583821, 0.5822965414693, 0.6248257657622519, 0.6184816393926149, 0.7357773435135316, 0.6524988179908745, 0.5360034038745625], [0.5218070869295337, 1.6143216650770467, 0.0, 0.30016163274532287, 0.7158808346183546, 0.10747492863551716, 0.5170777361139465, 0.693144615172147, 0.26633722295368645, 0.2816901631198909, 0.006047823865199753, 0.5681437971958465, 0.6261756329744324, 0.6440130257130907, 0.7445026921331375, 0.6482523695759282, 0.5333066741325253]], "features_2": [[-0.07321255342351929, 1.1139179472307286, 0.0, 0.2014207864250826, 0.5877774081630918, 0.13520832698243385, 0.2339936988970507, 0.6761494497716667, 0.4201128615216503, 0.2513991536958575, 0.007504523810135222, 0.6249891193809165, 0.6739347602975219, 0.6921987352615594, 0.7876598577725912, 0.6909917319294155, 0.6179035827108278], [0.11917876055431442, 1.1901257144959332, 0.0, 0.22241706270134928, 0.615722696229519, 0.12736299415392152, 0.35880717244690385, 0.6855006098281787, 0.37341579223688126, 0.24936306229449112, 0.00711334193318236, 0.6066042980881945, 0.6379675784342627, 0.6394155952094921, 0.7848242937109335, 0.7132338637634998, 0.5956228467653342], [-0.04548542588466287, 1.1844542411885741, 0.0, 0.2068570379574716, 0.6056575979108509, 0.13370551774349793, 0.2370012024821598, 0.6779686777522309, 0.41753489795738186, 0.2615686049227226, 0.007894969482732161, 0.6197724662304209, 0.6490243703975085, 0.667709320076878, 0.7841065215798586, 0.7035575195466461, 0.6136537180558469], [0.1877331392200028, 1.2104338837013489, 0.0, 0.2504735921236531, 0.6134163994983256, 0.13180945860437426, 0.26953226139209435, 0.6806675722484263, 0.41250607857535737, 0.2632029545171497, 0.007727725548673403, 0.6044091758363876, 0.6380089123929238, 0.6667216119848066, 0.7849359561507653, 0.7052280651358382, 0.6156811184605825], [-0.18411466682027156, 1.7190818912461998, 0.0, 0.18472349802355428, 0.7146533857807813, 0.11486704152035848, 0.5170274750332403, 0.6922892120907742, 0.28501574574923394, 0.30503070942242916, 0.005991591679928909, 0.6011441352932745, 0.646820764526031, 0.6469421255575775, 0.7661564596347483, 0.6896500096191123, 0.5030275404377826], [0.08435452035248803, 1.3210835981375217, 0.0, 0.22915469650411918, 0.641435511145356, 0.128052838793935, 0.3372519216829346, 0.684775520515631, 0.39864236829082067, 0.27555708272550894, 0.007783488497544067, 0.6158639352355162, 0.6545498505294849, 0.661845170062682, 0.782743175546132, 0.7083620527780339, 0.6039001673884021], [0.2174625147590672, 1.7511111153541132, 0.0, 0.26845470677794064, 0.7145083407459973, 0.11898697871996407, 0.449802255879051, 0.6908577210134231, 0.3333737657158622, 0.31995700657836434, 0.006272599803500922, 0.5971529816685399, 0.6398155764086884, 0.6683514008045093, 0.7730612838780214, 0.6954948389221672, 0.5485201058101948], [-0.10312322692491271, 1.8669947582704323, 0.0, 0.251519929735885, 0.742909837049949, 0.11054507775329021, 0.4667576169574879, 0.6929078370236144, 0.2843122002653644, 0.3200732048181001, 0.005766509824583821, 0.6012959922595145, 0.6400104663966827, 0.6480545651734837, 0.7478667553440526, 0.6747438515926892, 0.5346281773424703], [-0.03196192261314712, 1.9084218477774764, 0.0, 0.28433991104028933, 0.7441894247936499, 0.11380077962702338, 0.4945909142853999, 0.6922792773085696, 0.3051494840516662, 0.33299209405979924, 0.006328755639155359, 0.5867316993373128, 0.648054763151649, 0.660656274943699, 0.7523917371308446, 0.6689395026247703, 0.5495166084709747]]}