{"labels_1": ["1", "2", "3", "4", "5", "6", "7", "8", "9"], "labels_2": ["1", "2", "3", "4", "5", "6", "7", "8", "9"], "adj_matrix_1": [[0.0, 0.21731, 0.09375, 0.18908, 0.01347, 0.01168, 0.21356, 0.1344, 0.2282], [0.21731, 0.0, 0.25649, 0.05193, 0.22371, 0.21101, 0.16882, 0.119, 0.14622], [0.09375, 0.25649, 0.0, 0.24399, 0.0809, 0.1047, 0.19843, 0.20811, 0.22068], [0.18908, 0.05193, 0.24399, 0.0, 0.19781, 0.18092, 0.19272, 0.07171, 0.17827], [0.01347, 0.22371, 0.0809, 0.19781, 0.0, 0.02512, 0.21161, 0.1457, 0.22731], [0.01168, 0.21101, 0.1047, 0.18092, 0.02512, 0.0, 0.21473, 0.12422, 0.22817], [0.21356, 0.16882, 0.19843, 0.19272, 0.21161, 0.21473, 0.0, 0.21195, 0.03939], [0.1344, 0.119, 0.20811, 0.07171, 0.1457, 0.12422, 0.21195, 0.0, 0.20881], [0.2282, 0.14622, 0.22068, 0.17827, 0.22731, 0.22817, 0.03939, 0.20881, 0.0]], "adj_matrix_2": [[0.0, 0.10904, 0.01609, 0.16531, 0.26747, 0.12181, 0.01529, 0.08966, 0.34263], [0.10904, 0.0, 0.12362, 0.23522, 0.1946, 0.01395, 0.09472, 0.02043, 0.3141], [0.01609, 0.12362, 0.0, 0.15289, 0.27488, 0.13605, 0.03131, 0.10467, 0.34314], [0.16531, 0.23522, 0.15289, 0.0, 0.29366, 0.24188, 0.17616, 0.22377, 0.29421], [0.26747, 0.1946, 0.27488, 0.29366, 0.0, 0.18335, 0.26003, 0.21064, 0.16751], [0.12181, 0.01395, 0.13605, 0.24188, 0.18335, 0.0, 0.1078, 0.03431, 0.3077], [0.01529, 0.09472, 0.03131, 0.17616, 0.26003, 0.1078, 0.0, 0.07524, 0.34216], [0.08966, 0.02043, 0.10467, 0.22377, 0.21064, 0.03431, 0.07524, 0.0, 0.32328], [0.34263, 0.3141, 0.34314, 0.29421, 0.16751, 0.3077, 0.34216, 0.32328, 0.0]], "features_1": [[0.3358539316184732, 1.5128374764974832, 0.0, 0.2161533503086022, 0.6674851387473187, 0.1318522121924336, 0.35198823207513286, 0.6830092590207264, 0.4076485041380171, 0.30765706998902, 0.007392832833969631, 0.596921491701059, 0.650233393322918, 0.6846154441092471, 0.7956249979410324, 0.7109448722368733, 0.562248898432407], [0.9601689248534493, 1.4391462653012292, 0.0, 0.24626120262199724, 0.6494165018555786, 0.1346100754004183, 0.31343231119176096, 0.6793269977719892, 0.4248805935489941, 0.29781987450423353, 0.007727725548673403, 0.5793728768993156, 0.6541178971550049, 0.6687750666159988, 0.7960835220596667, 0.7152621793224136, 0.5707555633539223], [0.17236638357960965, 1.5279941564764152, 0.0, 0.1899532052932609, 0.6739972927794997, 0.12929513700895476, 0.37740720126795324, 0.6850678048268743, 0.3905929766113658, 0.30557007777416256, 0.007392832833969631, 0.6013371869812769, 0.6515353306224337, 0.6754779367131656, 0.7914016908046746, 0.7068376868435406, 0.5588660621225449], [0.6399729633865654, 1.4841000698375895, 0.0, 0.21413594714613893, 0.6662417593394911, 0.12793253329737977, 0.3797358905450764, 0.6857689483501768, 0.38267534796220115, 0.29538173621278374, 0.007057398507269275, 0.579081955219195, 0.6738660483561972, 0.6856625933878775, 0.7886264234063997, 0.714562856366608, 0.5651210133962284], [0.4447630682461585, 1.7113330247976228, 0.0, 0.25137777507270265, 0.7030353529492277, 0.1213056334668103, 0.501716023725556, 0.6899305332107646, 0.33352999576150655, 0.31729109269478273, 0.006497131753992358, 0.5950988490022193, 0.6296927267930968, 0.6501871336687344, 0.7789282423786588, 0.6832505074341477, 0.49602374894303164], [0.3698234736821524, 1.5239973536507734, 0.0, 0.2226242442827758, 0.6749685821745652, 0.1250751942817993, 0.40683467981320687, 0.6876757571772218, 0.3731621539513046, 0.29926851146978106, 0.007057398507269275, 0.5877059777281084, 0.6593796184138537, 0.677868858853104, 0.7849374027693196, 0.6920295431222115, 0.5592896791453864], [1.8517319735149282, 1.7178142955113813, 0.0, 0.25173873276683845, 0.6988591965027884, 0.12502516822801435, 0.3801822856184387, 0.6871700430871419, 0.36148143346739503, 0.31539659906588646, 0.00711334193318236, 0.5520164595250321, 0.6351048489969718, 0.6442596406662043, 0.7808833635821484, 0.7057119545536847, 0.5665834734897645], [0.7492398673241638, 1.5067548174420924, 0.0, 0.2624491209814129, 0.6836853613468583, 0.11308886285451902, 0.4283207109417944, 0.6923876534170109, 0.29523615565893735, 0.2741341038069305, 0.00711334193318236, 0.5691848002626583, 0.6271333281188017, 0.6271425984648734, 0.7550397563266403, 0.6820541211530587, 0.5155411769626691], [1.1123321105170243, 1.4913271881454626, 0.0, 0.25151641262902247, 0.6847878744450616, 0.11206783997979002, 0.532431806806106, 0.6928257872331739, 0.2742984320041768, 0.26131930989620655, 0.005879081395912644, 0.5478421604496133, 0.6323402659820015, 0.6310289666653521, 0.760285871067884, 0.6831880998911899, 0.5023038626429728]], "features_2": [[0.24687750130943442, 1.237355234646951, 0.0, 0.2468005416398746, 0.6248029014343175, 0.12598992959583394, 0.419339123711125, 0.6859072490925483, 0.380033009321713, 0.26114078942659225, 0.007783488497544067, 0.597816327854283, 0.6331048109370481, 0.6611684376236266, 0.772974663581769, 0.680266686993968, 0.6071231659223514], [0.2149983752070086, 1.2225176248795215, 0.0, 0.2540570136226284, 0.6147996909936317, 0.1298835387869796, 0.3863334137881466, 0.6827450449933984, 0.402967660538635, 0.2634839351282794, 0.007783488497544067, 0.6074523302763515, 0.6432378866440038, 0.6687956929713942, 0.7774959243833908, 0.697391153746934, 0.6044165814555339], [0.2164425510648944, 1.2607961356758546, 0.0, 0.24756210066862697, 0.6282719951374045, 0.12709566042118728, 0.4811461441196343, 0.685245252030795, 0.38273904630781574, 0.2672299999167629, 0.007894969482732161, 0.6005730657423811, 0.6214907286450816, 0.6569182422634867, 0.768201366878192, 0.6740124837478952, 0.6018981297530799], [0.5231237159405522, 1.243243961122889, 0.0, 0.250799288167571, 0.627915651490955, 0.12450659395505673, 0.4757958953773745, 0.6869226480993621, 0.36241718913105325, 0.2565231641819268, 0.007616154688146137, 0.5854421153372389, 0.6139050625069042, 0.6395400322161913, 0.767691921304562, 0.6760539200521847, 0.6018753529114436], [0.12872409272116014, 1.4343846545293475, 0.0, 0.19901788205226195, 0.6630481376011025, 0.12017270218464536, 0.5246433741371135, 0.6903247334876319, 0.3282461535085055, 0.27507577506793, 0.006889477554966383, 0.6061727612148231, 0.642531434173684, 0.6452415085795986, 0.7666321370957221, 0.6711526400747572, 0.5471887957864469], [0.11215796670982359, 1.2502953256636407, 0.0, 0.2291937555689092, 0.6274576813616152, 0.12615905435387498, 0.6173181572090783, 0.6867346775125591, 0.36644154567114917, 0.25866370100348024, 0.007560346756364078, 0.6031950808637441, 0.6437867348237322, 0.6710332573014389, 0.7653869429816765, 0.6805990290001528, 0.5931573384223967], [0.5477520227337807, 1.565716579999606, 0.0, 0.23378746164795766, 0.6840878286914289, 0.12097128289608337, 0.5320951534114599, 0.689541426985919, 0.3462104798713921, 0.29493115336945763, 0.00716927026363523, 0.5897496672389608, 0.6334626189414595, 0.6448833033958165, 0.767529905464159, 0.690425014660721, 0.5594868090592393], [0.5984550095271794, 1.6386096249976, 0.0, 0.27075032019678674, 0.706776882344444, 0.11068991480980225, 0.6211022459892881, 0.6929773894206248, 0.2900852997943948, 0.28581884822610504, 0.0064410216040902135, 0.5777705854582269, 0.6215021519594442, 0.6470659978273902, 0.7386347417135424, 0.6472655475447384, 0.5412580706434812], [-0.17503851044572372, 1.5322943526345045, 0.0, 0.21453815806177168, 0.6830698217721899, 0.11702457789111206, 0.5675656799386403, 0.6911387832256836, 0.3034461614755519, 0.28546790564923663, 0.006497131753992358, 0.607285770570714, 0.6127553192522609, 0.6370265609095368, 0.7498675438845636, 0.6709922625835452, 0.5462372533679964]]}