{"labels_1": ["1", "2", "3", "4", "5", "6", "7", "8", "9"], "labels_2": ["1", "2", "3", "4", "5", "6", "7", "8", "9"], "adj_matrix_1": [[0.0, 0.21731, 0.09375, 0.18908, 0.01347, 0.01168, 0.21356, 0.1344, 0.2282], [0.21731, 0.0, 0.25649, 0.05193, 0.22371, 0.21101, 0.16882, 0.119, 0.14622], [0.09375, 0.25649, 0.0, 0.24399, 0.0809, 0.1047, 0.19843, 0.20811, 0.22068], [0.18908, 0.05193, 0.24399, 0.0, 0.19781, 0.18092, 0.19272, 0.07171, 0.17827], [0.01347, 0.22371, 0.0809, 0.19781, 0.0, 0.02512, 0.21161, 0.1457, 0.22731], [0.01168, 0.21101, 0.1047, 0.18092, 0.02512, 0.0, 0.21473, 0.12422, 0.22817], [0.21356, 0.16882, 0.19843, 0.19272, 0.21161, 0.21473, 0.0, 0.21195, 0.03939], [0.1344, 0.119, 0.20811, 0.07171, 0.1457, 0.12422, 0.21195, 0.0, 0.20881], [0.2282, 0.14622, 0.22068, 0.17827, 0.22731, 0.22817, 0.03939, 0.20881, 0.0]], "adj_matrix_2": [[0.0, 0.01306, 0.07071, 0.03866, 0.1849, 0.16344, 0.1695, 0.11329, 0.1149], [0.01306, 0.0, 0.08221, 0.05115, 0.17831, 0.16792, 0.17317, 0.10485, 0.10641], [0.07071, 0.08221, 0.0, 0.03381, 0.21193, 0.1219, 0.13221, 0.16382, 0.16549], [0.03866, 0.05115, 0.03381, 0.0, 0.20144, 0.14442, 0.15282, 0.13967, 0.14137], [0.1849, 0.17831, 0.21193, 0.20144, 0.0, 0.19916, 0.19297, 0.25244, 0.24856], [0.16344, 0.16792, 0.1219, 0.14442, 0.19916, 0.0, 0.014, 0.24758, 0.24824], [0.1695, 0.17317, 0.13221, 0.15282, 0.19297, 0.014, 0.0, 0.25416, 0.25461], [0.11329, 0.10485, 0.16382, 0.13967, 0.25244, 0.24758, 0.25416, 0.0, 0.00677], [0.1149, 0.10641, 0.16549, 0.14137, 0.24856, 0.24824, 0.25461, 0.00677, 0.0]], "features_1": [[0.3358539316184732, 1.5128374764974832, 0.0, 0.2161533503086022, 0.6674851387473187, 0.1318522121924336, 0.35198823207513286, 0.6830092590207264, 0.4076485041380171, 0.30765706998902, 0.007392832833969631, 0.596921491701059, 0.650233393322918, 0.6846154441092471, 0.7956249979410324, 0.7109448722368733, 0.562248898432407], [0.9601689248534493, 1.4391462653012292, 0.0, 0.24626120262199724, 0.6494165018555786, 0.1346100754004183, 0.31343231119176096, 0.6793269977719892, 0.4248805935489941, 0.29781987450423353, 0.007727725548673403, 0.5793728768993156, 0.6541178971550049, 0.6687750666159988, 0.7960835220596667, 0.7152621793224136, 0.5707555633539223], [0.17236638357960965, 1.5279941564764152, 0.0, 0.1899532052932609, 0.6739972927794997, 0.12929513700895476, 0.37740720126795324, 0.6850678048268743, 0.3905929766113658, 0.30557007777416256, 0.007392832833969631, 0.6013371869812769, 0.6515353306224337, 0.6754779367131656, 0.7914016908046746, 0.7068376868435406, 0.5588660621225449], [0.6399729633865654, 1.4841000698375895, 0.0, 0.21413594714613893, 0.6662417593394911, 0.12793253329737977, 0.3797358905450764, 0.6857689483501768, 0.38267534796220115, 0.29538173621278374, 0.007057398507269275, 0.579081955219195, 0.6738660483561972, 0.6856625933878775, 0.7886264234063997, 0.714562856366608, 0.5651210133962284], [0.4447630682461585, 1.7113330247976228, 0.0, 0.25137777507270265, 0.7030353529492277, 0.1213056334668103, 0.501716023725556, 0.6899305332107646, 0.33352999576150655, 0.31729109269478273, 0.006497131753992358, 0.5950988490022193, 0.6296927267930968, 0.6501871336687344, 0.7789282423786588, 0.6832505074341477, 0.49602374894303164], [0.3698234736821524, 1.5239973536507734, 0.0, 0.2226242442827758, 0.6749685821745652, 0.1250751942817993, 0.40683467981320687, 0.6876757571772218, 0.3731621539513046, 0.29926851146978106, 0.007057398507269275, 0.5877059777281084, 0.6593796184138537, 0.677868858853104, 0.7849374027693196, 0.6920295431222115, 0.5592896791453864], [1.8517319735149282, 1.7178142955113813, 0.0, 0.25173873276683845, 0.6988591965027884, 0.12502516822801435, 0.3801822856184387, 0.6871700430871419, 0.36148143346739503, 0.31539659906588646, 0.00711334193318236, 0.5520164595250321, 0.6351048489969718, 0.6442596406662043, 0.7808833635821484, 0.7057119545536847, 0.5665834734897645], [0.7492398673241638, 1.5067548174420924, 0.0, 0.2624491209814129, 0.6836853613468583, 0.11308886285451902, 0.4283207109417944, 0.6923876534170109, 0.29523615565893735, 0.2741341038069305, 0.00711334193318236, 0.5691848002626583, 0.6271333281188017, 0.6271425984648734, 0.7550397563266403, 0.6820541211530587, 0.5155411769626691], [1.1123321105170243, 1.4913271881454626, 0.0, 0.25151641262902247, 0.6847878744450616, 0.11206783997979002, 0.532431806806106, 0.6928257872331739, 0.2742984320041768, 0.26131930989620655, 0.005879081395912644, 0.5478421604496133, 0.6323402659820015, 0.6310289666653521, 0.760285871067884, 0.6831880998911899, 0.5023038626429728]], "features_2": [[2.975766440203892, 1.5675670564599267, 0.0, 0.226176180557533, 0.6535949521405965, 0.1462279240661708, 0.34581939466823075, 0.6709068285257618, 0.45891776341565005, 0.31751022135904083, 0.007671947615560004, 0.5675823517612946, 0.640933509555129, 0.6435148336456044, 0.8320167857000286, 0.7332101836293934, 0.6479354922086167], [3.2355086739846417, 1.6724386115874332, 0.0, 0.2344930940331566, 0.6608402108328897, 0.14908049462215456, 0.2841941963825668, 0.66488463995259, 0.46634593674017544, 0.3352985353678839, 0.007894969482732161, 0.5628307097682974, 0.6373231879784886, 0.6431971908131552, 0.829967614543499, 0.7141173340481956, 0.6418749782242416], [1.5722731556100058, 1.4716895945686679, 0.0, 0.24809241004555221, 0.6543488103390287, 0.13541239594897117, 0.3577130551414349, 0.6795212028836847, 0.41446192149640804, 0.29851777505677823, 0.007560346756364078, 0.574409590386104, 0.6392371123117168, 0.6589110232414847, 0.8091096280503387, 0.6994299232308646, 0.6284098490037079], [1.8779776649001256, 1.3595509351883677, 0.0, 0.2556059028019629, 0.6315491997017044, 0.13863335118752898, 0.3613082767284169, 0.6771818746999794, 0.4347749468656401, 0.282645674090785, 0.007616154688146137, 0.5711531336580449, 0.6370781206095286, 0.6435005794362678, 0.8178874204006379, 0.7093505040906057, 0.6391375311399627], [0.7688015662400174, 1.6706199352528575, 0.0, 0.2073263824029872, 0.6781063384293409, 0.14069820906332667, 0.4201071619253732, 0.6784383919680366, 0.42535617692497185, 0.33831284500587255, 0.007281081678807366, 0.5882561298639271, 0.6675934756954244, 0.6932587192360968, 0.8267753724296242, 0.7129674407533326, 0.6453074713528859], [0.8051344076542044, 1.4240226165789538, 0.0, 0.23915823194995786, 0.6582124163514326, 0.1288866116072599, 0.4500344116011469, 0.686038164257658, 0.39006823585315953, 0.28490105896946893, 0.0069454663283523566, 0.5815356221084871, 0.6549366106797649, 0.6685548774379229, 0.8019697983726313, 0.7096372490415848, 0.6114383168575068], [1.5061702239114245, 1.467341987343806, 0.0, 0.21324729807645562, 0.6511361328585414, 0.14029393108904661, 0.431810027554328, 0.6789513947490075, 0.43814394840798143, 0.3047251656803307, 0.008062078829516484, 0.5737147388503339, 0.6674793191276783, 0.6457376170531994, 0.8277523477808225, 0.7273078741472678, 0.6211298911801338], [-0.09563401873443711, 1.4244359300209122, 0.0, 0.22175834203927375, 0.6741252786394951, 0.11396572261412538, 0.5459190476316585, 0.6925282003158195, 0.2875402146508106, 0.2641397531542502, 0.005879081395912644, 0.6009589994727855, 0.6491402515529602, 0.6597846326513607, 0.7679186270350535, 0.6932723685019917, 0.5494264458215672], [-0.09447430491625441, 1.3955185587703867, 0.0, 0.19799285942133998, 0.67345698055931, 0.11282418820223228, 0.5860777560173147, 0.6928385055422326, 0.28386363962478733, 0.25733697688397594, 0.00655322669591385, 0.596353113897184, 0.6638377732288291, 0.6771549198583396, 0.7690928027196012, 0.6781702238779704, 0.5415376966515401]]}