{"labels_1": ["1", "2", "3", "4", "5", "6", "7", "8", "9"], "labels_2": ["1", "2", "3", "4", "5", "6", "7", "8", "9"], "adj_matrix_1": [[0.0, 0.21731, 0.09375, 0.18908, 0.01347, 0.01168, 0.21356, 0.1344, 0.2282], [0.21731, 0.0, 0.25649, 0.05193, 0.22371, 0.21101, 0.16882, 0.119, 0.14622], [0.09375, 0.25649, 0.0, 0.24399, 0.0809, 0.1047, 0.19843, 0.20811, 0.22068], [0.18908, 0.05193, 0.24399, 0.0, 0.19781, 0.18092, 0.19272, 0.07171, 0.17827], [0.01347, 0.22371, 0.0809, 0.19781, 0.0, 0.02512, 0.21161, 0.1457, 0.22731], [0.01168, 0.21101, 0.1047, 0.18092, 0.02512, 0.0, 0.21473, 0.12422, 0.22817], [0.21356, 0.16882, 0.19843, 0.19272, 0.21161, 0.21473, 0.0, 0.21195, 0.03939], [0.1344, 0.119, 0.20811, 0.07171, 0.1457, 0.12422, 0.21195, 0.0, 0.20881], [0.2282, 0.14622, 0.22068, 0.17827, 0.22731, 0.22817, 0.03939, 0.20881, 0.0]], "adj_matrix_2": [[0.0, 0.17322, 0.18129, 0.10629, 0.03337, 0.17513, 0.23919, 0.26527, 0.155], [0.17322, 0.0, 0.017, 0.21842, 0.19044, 0.15678, 0.22716, 0.21617, 0.22675], [0.18129, 0.017, 0.0, 0.21927, 0.19624, 0.14896, 0.21876, 0.20592, 0.22406], [0.10629, 0.21842, 0.21927, 0.0, 0.07539, 0.15106, 0.17546, 0.22288, 0.0584], [0.03337, 0.19044, 0.19624, 0.07539, 0.0, 0.16874, 0.22493, 0.25854, 0.12883], [0.17513, 0.15678, 0.14896, 0.15106, 0.16874, 0.0, 0.10083, 0.08476, 0.13372], [0.23919, 0.22716, 0.21876, 0.17546, 0.22493, 0.10083, 0.0, 0.06681, 0.12678], [0.26527, 0.21617, 0.20592, 0.22288, 0.25854, 0.08476, 0.06681, 0.0, 0.184], [0.155, 0.22675, 0.22406, 0.0584, 0.12883, 0.13372, 0.12678, 0.184, 0.0]], "features_1": [[0.3358539316184732, 1.5128374764974832, 0.0, 0.2161533503086022, 0.6674851387473187, 0.1318522121924336, 0.35198823207513286, 0.6830092590207264, 0.4076485041380171, 0.30765706998902, 0.007392832833969631, 0.596921491701059, 0.650233393322918, 0.6846154441092471, 0.7956249979410324, 0.7109448722368733, 0.562248898432407], [0.9601689248534493, 1.4391462653012292, 0.0, 0.24626120262199724, 0.6494165018555786, 0.1346100754004183, 0.31343231119176096, 0.6793269977719892, 0.4248805935489941, 0.29781987450423353, 0.007727725548673403, 0.5793728768993156, 0.6541178971550049, 0.6687750666159988, 0.7960835220596667, 0.7152621793224136, 0.5707555633539223], [0.17236638357960965, 1.5279941564764152, 0.0, 0.1899532052932609, 0.6739972927794997, 0.12929513700895476, 0.37740720126795324, 0.6850678048268743, 0.3905929766113658, 0.30557007777416256, 0.007392832833969631, 0.6013371869812769, 0.6515353306224337, 0.6754779367131656, 0.7914016908046746, 0.7068376868435406, 0.5588660621225449], [0.6399729633865654, 1.4841000698375895, 0.0, 0.21413594714613893, 0.6662417593394911, 0.12793253329737977, 0.3797358905450764, 0.6857689483501768, 0.38267534796220115, 0.29538173621278374, 0.007057398507269275, 0.579081955219195, 0.6738660483561972, 0.6856625933878775, 0.7886264234063997, 0.714562856366608, 0.5651210133962284], [0.4447630682461585, 1.7113330247976228, 0.0, 0.25137777507270265, 0.7030353529492277, 0.1213056334668103, 0.501716023725556, 0.6899305332107646, 0.33352999576150655, 0.31729109269478273, 0.006497131753992358, 0.5950988490022193, 0.6296927267930968, 0.6501871336687344, 0.7789282423786588, 0.6832505074341477, 0.49602374894303164], [0.3698234736821524, 1.5239973536507734, 0.0, 0.2226242442827758, 0.6749685821745652, 0.1250751942817993, 0.40683467981320687, 0.6876757571772218, 0.3731621539513046, 0.29926851146978106, 0.007057398507269275, 0.5877059777281084, 0.6593796184138537, 0.677868858853104, 0.7849374027693196, 0.6920295431222115, 0.5592896791453864], [1.8517319735149282, 1.7178142955113813, 0.0, 0.25173873276683845, 0.6988591965027884, 0.12502516822801435, 0.3801822856184387, 0.6871700430871419, 0.36148143346739503, 0.31539659906588646, 0.00711334193318236, 0.5520164595250321, 0.6351048489969718, 0.6442596406662043, 0.7808833635821484, 0.7057119545536847, 0.5665834734897645], [0.7492398673241638, 1.5067548174420924, 0.0, 0.2624491209814129, 0.6836853613468583, 0.11308886285451902, 0.4283207109417944, 0.6923876534170109, 0.29523615565893735, 0.2741341038069305, 0.00711334193318236, 0.5691848002626583, 0.6271333281188017, 0.6271425984648734, 0.7550397563266403, 0.6820541211530587, 0.5155411769626691], [1.1123321105170243, 1.4913271881454626, 0.0, 0.25151641262902247, 0.6847878744450616, 0.11206783997979002, 0.532431806806106, 0.6928257872331739, 0.2742984320041768, 0.26131930989620655, 0.005879081395912644, 0.5478421604496133, 0.6323402659820015, 0.6310289666653521, 0.760285871067884, 0.6831880998911899, 0.5023038626429728]], "features_2": [[0.27298263354766616, 0.9768575498845496, 0.0, 0.27065558297686454, 0.576319394492628, 0.12496259695005288, 0.4170168208479808, 0.6879434780230241, 0.35928718107611757, 0.20948545245384764, 0.007057398507269275, 0.594250451635705, 0.6593200398754494, 0.688055643315056, 0.7878616374133011, 0.6959751479262929, 0.6020216763686127], [0.681576964250977, 1.0464505972107376, 0.0, 0.2898185535100502, 0.5956116131765649, 0.12124358084871183, 0.46998392366047026, 0.6901899970919192, 0.33942733169019257, 0.2128348652401506, 0.006721420376576193, 0.5840936095816716, 0.6601420376805787, 0.6646152777204355, 0.7822924224568072, 0.6979406478371122, 0.593128250926081], [0.6061145785040312, 1.0381081477953886, 0.0, 0.3057114404192225, 0.5955582398523933, 0.12272112658967979, 0.4729422970222842, 0.6896149680117316, 0.3488610726798358, 0.21688139735871204, 0.0069454663283523566, 0.5825439472112446, 0.6541644869653291, 0.6805624527140627, 0.784774786613624, 0.6871869761786688, 0.5924574136397566], [0.1397962187011883, 1.03952064806543, 0.0, 0.2507659999023403, 0.5916663177049429, 0.1250309188255207, 0.43198485986322266, 0.688323150525765, 0.3613034398043631, 0.22137928192626877, 0.007057398507269275, 0.6019474525441548, 0.653334330696962, 0.6927149350377626, 0.7883806574710109, 0.7255758897781043, 0.5943663441526421], [1.0454487929491867, 1.2587226370583355, 0.0, 0.2855489272574681, 0.6473732696463308, 0.11287640133436612, 0.536051245265952, 0.6927296600834034, 0.3102771151592172, 0.23175781464795864, 0.00677745458930179, 0.5737099370553207, 0.6353008153165818, 0.6408898596325708, 0.7614624261099152, 0.7070257904085321, 0.5673395509799938], [1.1844772680647395, 1.1873359923349385, 0.0, 0.3447662430502025, 0.6332547432028447, 0.11784275316270047, 0.5411460487076752, 0.6917089350858918, 0.33001692169871144, 0.2331407273958106, 0.0069454663283523566, 0.5679576135649214, 0.6539800119474932, 0.6735174458059754, 0.7783406249443343, 0.690710848151277, 0.5821145805343877], [0.20915652238059312, 1.4335420062375692, 0.0, 0.23606950918738176, 0.6632906485236454, 0.12255142071939064, 0.445628940572643, 0.6893939236708502, 0.34696584193736224, 0.281208944331357, 0.00655322669591385, 0.6159832216417822, 0.6481388714763081, 0.6597089083461063, 0.7824265236776897, 0.7066907884461527, 0.5569194841107952], [0.32447463133613397, 1.7693588950281594, 0.0, 0.25922463548853764, 0.7386704822077038, 0.10132813205495682, 0.5643378480750023, 0.6926112323079402, 0.2551981674458079, 0.28446225696397076, 0.006104040759826512, 0.5778415876792167, 0.6249021001303189, 0.6177117194224943, 0.7282561533188947, 0.6546663848148945, 0.5347294804635163], [0.005192816934867395, 1.6996741694923783, 0.0, 0.29487805075254137, 0.7235835760280206, 0.10403811395339613, 0.5331935740614036, 0.6930241296029365, 0.2602355642527534, 0.2824192785682613, 0.005766509824583821, 0.5812677069339083, 0.635402106711991, 0.6213798190509472, 0.7348581003734304, 0.6711526233508464, 0.5224113592150634]]}