{"labels_1": ["1", "2", "3", "4", "5", "6", "7", "8", "9"], "labels_2": ["1", "2", "3", "4", "5", "6", "7", "8", "9"], "adj_matrix_1": [[0.0, 0.15336, 0.07511, 0.10678, 0.22398, 0.16106, 0.29609, 0.19728, 0.09344], [0.15336, 0.0, 0.20401, 0.22176, 0.26807, 0.24711, 0.27465, 0.25873, 0.21283], [0.07511, 0.20401, 0.0, 0.0337, 0.17067, 0.09454, 0.27025, 0.13824, 0.01988], [0.10678, 0.22176, 0.0337, 0.0, 0.14238, 0.06217, 0.25237, 0.10809, 0.01376], [0.22398, 0.26807, 0.17067, 0.14238, 0.0, 0.08474, 0.13843, 0.03724, 0.15425], [0.16106, 0.24711, 0.09454, 0.06217, 0.08474, 0.0, 0.21042, 0.04819, 0.07546], [0.29609, 0.27465, 0.27025, 0.25237, 0.13843, 0.21042, 0.0, 0.1716, 0.26103], [0.19728, 0.25873, 0.13824, 0.10809, 0.03724, 0.04819, 0.1716, 0.0, 0.12116], [0.09344, 0.21283, 0.01988, 0.01376, 0.15425, 0.07546, 0.26103, 0.12116, 0.0]], "adj_matrix_2": [[0.0, 0.06006, 0.17341, 0.05553, 0.15639, 0.2365, 0.13056, 0.22318, 0.24676], [0.06006, 0.0, 0.19995, 0.1103, 0.11244, 0.1965, 0.08149, 0.18017, 0.2228], [0.17341, 0.19995, 0.0, 0.13501, 0.31545, 0.29173, 0.2064, 0.30501, 0.21703], [0.05553, 0.1103, 0.13501, 0.0, 0.20093, 0.266, 0.16512, 0.25776, 0.25587], [0.15639, 0.11244, 0.31545, 0.20093, 0.0, 0.36054, 0.06391, 0.32389, 0.40802], [0.2365, 0.1965, 0.29173, 0.266, 0.36054, 0.0, 0.13669, 0.06162, 0.15245], [0.13056, 0.08149, 0.2064, 0.16512, 0.06391, 0.13669, 0.0, 0.12109, 0.17384], [0.22318, 0.18017, 0.30501, 0.25776, 0.32389, 0.06162, 0.12109, 0.0, 0.20518], [0.24676, 0.2228, 0.21703, 0.25587, 0.40802, 0.15245, 0.17384, 0.20518, 0.0]], "features_1": [[0.812432469999596, 1.2863037702273066, 0.0, 0.3348840741535546, 0.6475833319890613, 0.11984257692075836, 0.46236232582477044, 0.6905415216514275, 0.3359121521582489, 0.250156553493152, 0.006889477554966383, 0.5810963392614563, 0.6312177913201505, 0.6209314101961219, 0.7777713237997218, 0.689796451076626, 0.6012316992528874], [0.9999780447809745, 1.2319646919437728, 0.0, 0.31302869574686853, 0.6354074019402889, 0.1198717160814576, 0.4876802628876028, 0.6907892532569507, 0.35321892109277053, 0.2438382837062898, 0.0069454663283523566, 0.5699442725124044, 0.6520181682322688, 0.6578779885942753, 0.7784222139888469, 0.7072112317857835, 0.6084960409437145], [0.7175781148088691, 1.3510136839760893, 0.0, 0.32585431932218684, 0.6619466204366719, 0.11653242764741305, 0.4736155057792836, 0.6917064070794494, 0.324636186961216, 0.25675254637044476, 0.006721420376576193, 0.5831011958423338, 0.6462213928494722, 0.6402891391729303, 0.7681486160097997, 0.6785318272085319, 0.6035418858946517], [0.6958249911784526, 1.3875821389845246, 0.0, 0.32357741604752494, 0.6654648898952265, 0.11666346366371648, 0.421808200182786, 0.6913447449347049, 0.31750415969581436, 0.2612059913233735, 0.00655322669591385, 0.5852110573691185, 0.6285751784465836, 0.6265055013463603, 0.7652329212879523, 0.6697022596862063, 0.5894641301980234], [0.40786523067250524, 1.5474883783828806, 0.0, 0.27018448044677185, 0.6879831989129623, 0.11300240111657012, 0.4481512729100487, 0.6923538127210229, 0.2883287401811272, 0.2790066943752352, 0.006272599803500922, 0.581241762750281, 0.6243952137389928, 0.6264357577448298, 0.7527947818152149, 0.6670044848522488, 0.5399390382235122], [1.0530456484302135, 1.5062202856425357, 0.0, 0.33472206955350164, 0.6872213214537553, 0.11334623388214025, 0.4627814655514875, 0.6923515340609712, 0.317604820996507, 0.27340255275513337, 0.006721420376576193, 0.5774401197227266, 0.6414088588279334, 0.6315258562019512, 0.7546198170862212, 0.674723916627346, 0.5965696880524103], [0.2970620517552778, 1.7567380024042383, 0.0, 0.2931179238652562, 0.7229092743511512, 0.11046040694140309, 0.4697532668380113, 0.6929101732770879, 0.27069593549388804, 0.300629743155562, 0.006160242374180447, 0.5871878560469121, 0.6243271875738043, 0.6385895941240279, 0.7512465788731628, 0.6566074838351985, 0.5372337548887524], [0.2847227079766532, 1.9293200715516576, 0.0, 0.2955740316858675, 0.7457424426366153, 0.10880107228078044, 0.3778060053525465, 0.6929625306084113, 0.26003015898686543, 0.32194538290317865, 0.005822803276368971, 0.5753580615238727, 0.6319110988685829, 0.6377737598824492, 0.733834956701515, 0.6553976362882084, 0.5165521570653905], [0.2854238395679225, 1.9581323908253114, 0.0, 0.3255285603034118, 0.7480845850629706, 0.10977333123932259, 0.3815393300544251, 0.6928434529973211, 0.2779967476779872, 0.3307912773956918, 0.006384896235913207, 0.5754951136778663, 0.6422054464006325, 0.6542988694253632, 0.7383232877756031, 0.6467690822483253, 0.533392636077019]], "features_2": [[1.1672751770418186, 1.3891490881122335, 0.0, 0.2853959135113227, 0.6390825871683307, 0.12852972118377914, 0.21646764868610688, 0.6816391371301467, 0.37362554140921445, 0.2821846687282754, 0.007560346756364078, 0.5819459876037434, 0.6326997999499545, 0.6550368417427845, 0.7722636710463835, 0.6867099396503785, 0.6096984028412168], [0.7192574605715785, 1.3605977110409773, 0.0, 0.24581732727891972, 0.6255821752489116, 0.13522728247169152, 0.2036989943304917, 0.6749558545590053, 0.4033714554172092, 0.2920979668731227, 0.007894969482732161, 0.5861716973584676, 0.6278828638683654, 0.664483509350048, 0.783719742172872, 0.6859504766677381, 0.6091651163177776], [0.8380206357053286, 1.436722045151044, 0.0, 0.2651532259759623, 0.649205783815539, 0.1271034727590397, 0.20826159322574683, 0.6826564918937055, 0.357611100004144, 0.28647873016314307, 0.007336964783822175, 0.5897352434089023, 0.6027407731042432, 0.6151773136545009, 0.7664556782760261, 0.7003894485095634, 0.601446531943257], [1.2007194351934771, 1.3812834224517858, 0.0, 0.29788140080457887, 0.6414410057114351, 0.1250012898927432, 0.2077716456007465, 0.6841970159783983, 0.3512868366023836, 0.27341846759456745, 0.00683347364535547, 0.5733135922066412, 0.613824874872124, 0.6482416768859957, 0.7626063628904645, 0.7053784999143713, 0.6008221703050517], [-0.47478680196264467, 1.6781534362559543, 0.0, 0.17613399882182462, 0.6951815934897454, 0.12249797628170536, 0.4118368032591221, 0.6886322440773347, 0.3370279687145419, 0.3227636525295765, 0.0066653709969386465, 0.6323493335301089, 0.6396407774614437, 0.6363951775282519, 0.7735414589731593, 0.6902403000016578, 0.5738135939534381], [0.06701599177395545, 1.5117140505073432, 0.0, 0.2088948052495729, 0.6732763321581455, 0.12121148238442873, 0.3031463694873473, 0.6882209253335546, 0.33437731966029194, 0.2927132005089419, 0.006889477554966383, 0.6047450809528847, 0.6285073625366656, 0.643332870084429, 0.7625957492126479, 0.6754078635233751, 0.5887243917325966], [1.4151500147082459, 1.7307181605986852, 0.0, 0.32038513751771985, 0.7011124145377154, 0.12266122663216404, 0.3876544770057073, 0.6877940708558836, 0.3435485109459717, 0.3211887821159045, 0.00677745458930179, 0.5573195857279964, 0.6329625557506235, 0.6561049272994387, 0.7650903762722403, 0.6747595197718633, 0.5657404816123612], [0.040231184021658706, 2.089935247353896, 0.0, 0.260761753060927, 0.7758500244292391, 0.10177513132853692, 0.5401368589011148, 0.6925941051337248, 0.24208538157290493, 0.3245518841839554, 0.005766509824583821, 0.5809669645966526, 0.6106174581710905, 0.6025645354885681, 0.7226928024673144, 0.6604953648048014, 0.4844261962768961], [0.49883332988705753, 1.8630818725339655, 0.0, 0.2898886077459163, 0.7467606372327357, 0.10379923551116262, 0.4410092635050873, 0.6929664470154517, 0.262255326667995, 0.3029070968587375, 0.006160242374180447, 0.5701775733262688, 0.6237178588380484, 0.6271167567234707, 0.7281607706388464, 0.6682630379107887, 0.4890499707466719]]}