{"labels_1": ["1", "2", "3", "4", "5", "6", "7", "8", "9"], "labels_2": ["1", "2", "3", "4", "5", "6", "7", "8", "9"], "adj_matrix_1": [[0.0, 0.15336, 0.07511, 0.10678, 0.22398, 0.16106, 0.29609, 0.19728, 0.09344], [0.15336, 0.0, 0.20401, 0.22176, 0.26807, 0.24711, 0.27465, 0.25873, 0.21283], [0.07511, 0.20401, 0.0, 0.0337, 0.17067, 0.09454, 0.27025, 0.13824, 0.01988], [0.10678, 0.22176, 0.0337, 0.0, 0.14238, 0.06217, 0.25237, 0.10809, 0.01376], [0.22398, 0.26807, 0.17067, 0.14238, 0.0, 0.08474, 0.13843, 0.03724, 0.15425], [0.16106, 0.24711, 0.09454, 0.06217, 0.08474, 0.0, 0.21042, 0.04819, 0.07546], [0.29609, 0.27465, 0.27025, 0.25237, 0.13843, 0.21042, 0.0, 0.1716, 0.26103], [0.19728, 0.25873, 0.13824, 0.10809, 0.03724, 0.04819, 0.1716, 0.0, 0.12116], [0.09344, 0.21283, 0.01988, 0.01376, 0.15425, 0.07546, 0.26103, 0.12116, 0.0]], "adj_matrix_2": [[0.0, 0.01859, 0.08517, 0.23392, 0.02564, 0.07068, 0.22562, 0.34042, 0.28731], [0.01859, 0.0, 0.10258, 0.23552, 0.00709, 0.08844, 0.22515, 0.33709, 0.27879], [0.08517, 0.10258, 0.0, 0.21611, 0.10902, 0.01519, 0.21909, 0.33975, 0.31137], [0.23392, 0.23552, 0.21611, 0.0, 0.23543, 0.22049, 0.03828, 0.16817, 0.19267], [0.02564, 0.00709, 0.10902, 0.23543, 0.0, 0.09508, 0.2247, 0.3364, 0.27602], [0.07068, 0.08844, 0.01519, 0.22049, 0.09508, 0.0, 0.22143, 0.34212, 0.30942], [0.22562, 0.22515, 0.21909, 0.03828, 0.2247, 0.22143, 0.0, 0.14019, 0.16507], [0.34042, 0.33709, 0.33975, 0.16817, 0.3364, 0.34212, 0.14019, 0.0, 0.11563], [0.28731, 0.27879, 0.31137, 0.19267, 0.27602, 0.30942, 0.16507, 0.11563, 0.0]], "features_1": [[0.812432469999596, 1.2863037702273066, 0.0, 0.3348840741535546, 0.6475833319890613, 0.11984257692075836, 0.46236232582477044, 0.6905415216514275, 0.3359121521582489, 0.250156553493152, 0.006889477554966383, 0.5810963392614563, 0.6312177913201505, 0.6209314101961219, 0.7777713237997218, 0.689796451076626, 0.6012316992528874], [0.9999780447809745, 1.2319646919437728, 0.0, 0.31302869574686853, 0.6354074019402889, 0.1198717160814576, 0.4876802628876028, 0.6907892532569507, 0.35321892109277053, 0.2438382837062898, 0.0069454663283523566, 0.5699442725124044, 0.6520181682322688, 0.6578779885942753, 0.7784222139888469, 0.7072112317857835, 0.6084960409437145], [0.7175781148088691, 1.3510136839760893, 0.0, 0.32585431932218684, 0.6619466204366719, 0.11653242764741305, 0.4736155057792836, 0.6917064070794494, 0.324636186961216, 0.25675254637044476, 0.006721420376576193, 0.5831011958423338, 0.6462213928494722, 0.6402891391729303, 0.7681486160097997, 0.6785318272085319, 0.6035418858946517], [0.6958249911784526, 1.3875821389845246, 0.0, 0.32357741604752494, 0.6654648898952265, 0.11666346366371648, 0.421808200182786, 0.6913447449347049, 0.31750415969581436, 0.2612059913233735, 0.00655322669591385, 0.5852110573691185, 0.6285751784465836, 0.6265055013463603, 0.7652329212879523, 0.6697022596862063, 0.5894641301980234], [0.40786523067250524, 1.5474883783828806, 0.0, 0.27018448044677185, 0.6879831989129623, 0.11300240111657012, 0.4481512729100487, 0.6923538127210229, 0.2883287401811272, 0.2790066943752352, 0.006272599803500922, 0.581241762750281, 0.6243952137389928, 0.6264357577448298, 0.7527947818152149, 0.6670044848522488, 0.5399390382235122], [1.0530456484302135, 1.5062202856425357, 0.0, 0.33472206955350164, 0.6872213214537553, 0.11334623388214025, 0.4627814655514875, 0.6923515340609712, 0.317604820996507, 0.27340255275513337, 0.006721420376576193, 0.5774401197227266, 0.6414088588279334, 0.6315258562019512, 0.7546198170862212, 0.674723916627346, 0.5965696880524103], [0.2970620517552778, 1.7567380024042383, 0.0, 0.2931179238652562, 0.7229092743511512, 0.11046040694140309, 0.4697532668380113, 0.6929101732770879, 0.27069593549388804, 0.300629743155562, 0.006160242374180447, 0.5871878560469121, 0.6243271875738043, 0.6385895941240279, 0.7512465788731628, 0.6566074838351985, 0.5372337548887524], [0.2847227079766532, 1.9293200715516576, 0.0, 0.2955740316858675, 0.7457424426366153, 0.10880107228078044, 0.3778060053525465, 0.6929625306084113, 0.26003015898686543, 0.32194538290317865, 0.005822803276368971, 0.5753580615238727, 0.6319110988685829, 0.6377737598824492, 0.733834956701515, 0.6553976362882084, 0.5165521570653905], [0.2854238395679225, 1.9581323908253114, 0.0, 0.3255285603034118, 0.7480845850629706, 0.10977333123932259, 0.3815393300544251, 0.6928434529973211, 0.2779967476779872, 0.3307912773956918, 0.006384896235913207, 0.5754951136778663, 0.6422054464006325, 0.6542988694253632, 0.7383232877756031, 0.6467690822483253, 0.533392636077019]], "features_2": [[0.2318205668740636, 1.0214850772060875, 0.0, 0.20455260368648534, 0.5796022524079676, 0.12580489170024295, 0.3159737087380144, 0.6860077612493387, 0.37555612489040424, 0.21966969701148686, 0.007225183508792421, 0.594260427090223, 0.6426254056059201, 0.668707745197929, 0.7770691384655324, 0.7025984941854804, 0.6022092593776768], [-0.035499370502846794, 1.025360919003552, 0.0, 0.2571679172441507, 0.5807679350516863, 0.12939327433130593, 0.35788206394053435, 0.6844902914345827, 0.4041934649674097, 0.2283761089946874, 0.007336964783822175, 0.6004115523185729, 0.6742861774166061, 0.700530259939318, 0.7892537339661527, 0.712056289201092, 0.6044141882714626], [0.14560933436541168, 1.1102950022020504, 0.0, 0.20205531732971072, 0.5987335279290731, 0.12596504902900638, 0.2720961015866166, 0.6854536799637887, 0.374892921429792, 0.2373793900340393, 0.007281081678807366, 0.5948554033807056, 0.6381111050033276, 0.669941372852561, 0.7733179375206236, 0.7035988359385408, 0.600687560742579], [0.9088293788834743, 1.1290411764104378, 0.0, 0.251791836272543, 0.6073008360508617, 0.12241316942873454, 0.2917491031412183, 0.6878874575058277, 0.34502526428313796, 0.22786908880201562, 0.006721420376576193, 0.5647627964347413, 0.6352761600617665, 0.6371744725866154, 0.7671645991931382, 0.6963352749375781, 0.5889041892592958], [0.4459985441102523, 1.3102975521527203, 0.0, 0.3025865894705965, 0.6548097724800631, 0.1167637213398627, 0.5101642782568646, 0.6918962288969972, 0.3361954786210186, 0.2555485077013262, 0.006889477554966383, 0.5939041143369721, 0.6429494484401896, 0.6562092025676767, 0.7717647539897384, 0.6865601279151387, 0.5417672576835867], [0.27357637569888515, 1.1639199227022985, 0.0, 0.25579311762268503, 0.6241087004984907, 0.11896052292961264, 0.43027020857523796, 0.6907506697263146, 0.3318108225649177, 0.23108770471696416, 0.006721420376576193, 0.5783825575988863, 0.6391194934268554, 0.6562242584582055, 0.7701664467318108, 0.6854557237162288, 0.5873858475553392], [0.8519340250487941, 1.3817998199415724, 0.0, 0.2881794388314941, 0.6672944309422578, 0.11493783611434784, 0.5261955926187418, 0.6921818077601201, 0.3007255887082916, 0.2533581372765985, 0.006216428718621936, 0.5606789927187363, 0.6352390732198927, 0.6441712375120332, 0.7581355767897597, 0.6857822486509721, 0.5533737855237377], [-0.11565294349075783, 1.5019911489351803, 0.0, 0.26388719016479273, 0.6979021467265469, 0.10531861940576857, 0.5123457080619218, 0.6931079672483118, 0.27193887570713016, 0.26441154009343526, 0.006104040759826512, 0.5986366117929203, 0.6384470348639152, 0.6479102729857892, 0.7319328764170989, 0.6670796178859704, 0.5185258150683781], [-0.13026363776262118, 1.5589014345037118, 0.0, 0.2647046149050208, 0.7047298502877086, 0.10735348221171927, 0.5420743785656441, 0.6931427275411329, 0.28075597501258276, 0.27661696970139316, 0.006104040759826512, 0.5940309341933754, 0.6369025959847431, 0.6441307464495095, 0.7387086389051586, 0.6667664078458082, 0.5368578226628965]]}