{"labels_1": ["1", "2", "3", "4", "5", "6", "7", "8", "9"], "labels_2": ["1", "2", "3", "4", "5", "6", "7", "8", "9"], "adj_matrix_1": [[0.0, 0.12177, 0.08934, 0.08596, 0.01762, 0.18153, 0.08737, 0.25195, 0.19568], [0.12177, 0.0, 0.03435, 0.19533, 0.13774, 0.26047, 0.19638, 0.26613, 0.26702], [0.08934, 0.03435, 0.0, 0.16748, 0.10597, 0.24185, 0.1687, 0.26497, 0.25089], [0.08596, 0.19533, 0.16748, 0.0, 0.06896, 0.10844, 0.0015, 0.22319, 0.12671], [0.01762, 0.13774, 0.10597, 0.06896, 0.0, 0.1679, 0.07036, 0.24714, 0.18245], [0.18153, 0.26047, 0.24185, 0.10844, 0.1679, 0.0, 0.107, 0.15822, 0.02099], [0.08737, 0.19638, 0.1687, 0.0015, 0.07036, 0.107, 0.0, 0.22268, 0.12559], [0.25195, 0.26613, 0.26497, 0.22319, 0.24714, 0.15822, 0.22268, 0.0, 0.14245], [0.19568, 0.26702, 0.25089, 0.12671, 0.18245, 0.02099, 0.12559, 0.14245, 0.0]], "adj_matrix_2": [[0.0, 0.21634, 0.19937, 0.09665, 0.07907, 0.23702, 0.24859, 0.02798, 0.12361], [0.21634, 0.0, 0.02628, 0.14624, 0.16161, 0.03598, 0.05841, 0.00779, 0.06087], [0.19937, 0.02628, 0.0, 0.12319, 0.13941, 0.06194, 0.08399, 0.00888, 0.06597], [0.09665, 0.14624, 0.12319, 0.0, 0.01879, 0.176, 0.19356, 0.01698, 0.09596], [0.07907, 0.16161, 0.13941, 0.01879, 0.0, 0.18978, 0.20629, 0.01869, 0.10095], [0.23702, 0.03598, 0.06194, 0.176, 0.18978, 0.0, 0.02271, 0.0065, 0.05439], [0.24859, 0.05841, 0.08399, 0.19356, 0.20629, 0.02271, 0.0, 0.00581, 0.05066], [0.02798, 0.00779, 0.00888, 0.01698, 0.01869, 0.0065, 0.00581, 0.0, 0.12817], [0.12361, 0.06087, 0.06597, 0.09596, 0.10095, 0.05439, 0.05066, 0.12817, 0.0]], "features_1": [[0.27312326649151597, 1.2333242577330894, 0.0, 0.31039287445972424, 0.619038022103535, 0.12670949076376326, 0.4320439175498102, 0.6865761254428144, 0.37507029755113597, 0.2582490233118777, 0.007616154688146137, 0.5971561693862364, 0.6527872038532414, 0.6847450582106663, 0.7869705021921207, 0.702821495003796, 0.6197602286037591], [0.12621846429780703, 1.0759397932897243, 0.0, 0.3047395266524646, 0.5805710305078338, 0.129875757707636, 0.3356650762202378, 0.6825886914567465, 0.3934696250122889, 0.23687647293644032, 0.007616154688146137, 0.6075820794999927, 0.6519029860365209, 0.6714119878218656, 0.7882466626429117, 0.7093726099526597, 0.6111198812951604], [0.2280538530374039, 1.2179967991447307, 0.0, 0.301534200480323, 0.6162097177585144, 0.1262353693142855, 0.2977391666692661, 0.6853244239909909, 0.3791480302984842, 0.2532705150699215, 0.007504523810135222, 0.6002313505699854, 0.6379080262650433, 0.6442366957779083, 0.7772888433453519, 0.6918109972900555, 0.604941768408514], [0.4448572235245045, 1.2618046701746841, 0.0, 0.3049541729388703, 0.6268370073371533, 0.12420286349696646, 0.41058333203656333, 0.6877476532765452, 0.36586113692510325, 0.2551465305856664, 0.007616154688146137, 0.5938481773949582, 0.6287243338967532, 0.6209163954530982, 0.7766718546346659, 0.71525576762419, 0.606854795826126], [0.06340426848640002, 1.0399841084990833, 0.0, 0.3029388755341579, 0.5772417135102186, 0.1302700591528787, 0.4197221898805097, 0.6836582310666849, 0.3918096946747396, 0.22890360161596512, 0.007281081678807366, 0.6086727092007918, 0.678775117326784, 0.6929524575528068, 0.7946690167311901, 0.7098246581640251, 0.6141941892959084], [0.23567252006041128, 1.223514006216023, 0.0, 0.2878566485750428, 0.6259546908357164, 0.1215224416470699, 0.3696137312557582, 0.6887679873715875, 0.347453280989686, 0.24768023401877137, 0.007057398507269275, 0.5933381987071189, 0.6509438872636139, 0.6582864231453853, 0.7702284070358234, 0.698805059437493, 0.5913683239032907], [0.785191215946349, 1.4123066659786176, 0.0, 0.29480117059360655, 0.658223752459366, 0.11939323134513875, 0.4755811138686177, 0.6901960686074669, 0.3344463276608809, 0.27094837977959485, 0.007392832833969631, 0.5777846497672185, 0.6366225545549954, 0.6438615376240284, 0.760677133446738, 0.6919547345908154, 0.5622417424776643], [0.8132437151267453, 1.712767691760986, 0.0, 0.27445958587997515, 0.7215114886659463, 0.11018359405618948, 0.6316178892067406, 0.6929951236464109, 0.27647262147955876, 0.29341625394534265, 0.006160242374180447, 0.5555904769498978, 0.6407949634459243, 0.641915670503908, 0.7408994349969407, 0.6793215774554778, 0.5408126640850557], [0.9006383985000728, 1.8811178607062709, 0.0, 0.2741435252666733, 0.7483409943295541, 0.10555404765097645, 0.6877013479478308, 0.6930799677518121, 0.24762728582663707, 0.3028795811802003, 0.005597537371453631, 0.5707670291448612, 0.6199796955601713, 0.6237681341309481, 0.723949808950569, 0.6342057733728292, 0.518501577185781]], "features_2": [[0.7957627965033192, 1.1090400619224652, 0.0, 0.2930978884134866, 0.5771097222571637, 0.13676660280103137, 0.2240600819104607, 0.6742774410772319, 0.43268341767157614, 0.2521243505294457, 0.008340296057933516, 0.6057174060220754, 0.6420873023783275, 0.6675787774108307, 0.7957930404286739, 0.7072260822882709, 0.6130176653886465], [0.13504097756403866, 0.96697808771101, 0.0, 0.2692939166254901, 0.5406245355763292, 0.14051807606044578, 0.20010089801448103, 0.6692651645199799, 0.4457881400807022, 0.22991918767050357, 0.008284682400665488, 0.6197482567796779, 0.6586731718654987, 0.6701482761157811, 0.8010906877591416, 0.714199142228203, 0.6138918088490968], [0.15170725464611223, 1.1134270431099194, 0.0, 0.29453910433219244, 0.5878262096301831, 0.1311174457543451, 0.25327657177967355, 0.6805793113542855, 0.3965206546432207, 0.2453917303978439, 0.007727725548673403, 0.6148246155407588, 0.6513566333103258, 0.6663290748214632, 0.785350331087848, 0.6782989871230122, 0.6147805235270681], [0.4596577176772709, 1.1349230126207224, 0.0, 0.2991910424381388, 0.5908612620669325, 0.1317209862824256, 0.2597607198130568, 0.6800614257333243, 0.3937554599134103, 0.24798821082428346, 0.007616154688146137, 0.6002583226652429, 0.6520765804384322, 0.6464946048585783, 0.7873862144823458, 0.6910634701366177, 0.6076657245784165], [0.1650335491093302, 0.9056714756917831, 0.0, 0.2684869535104011, 0.5206884356830908, 0.14268441563747902, 0.18483328883222896, 0.6650264614389376, 0.45672487147583496, 0.22255485055047775, 0.008062078829516484, 0.6153340989463261, 0.6642583530502381, 0.6935792393266579, 0.8020512916651958, 0.7212538058746257, 0.6134472772463161], [0.26356482528539793, 1.099628792300225, 0.0, 0.2553727655042182, 0.5887421658314257, 0.12815429540263662, 0.28704565709420465, 0.683569103435874, 0.3710430117095611, 0.23614827623033285, 0.00716927026363523, 0.5965110351758618, 0.6626241437728916, 0.6757938309680338, 0.782077603844738, 0.6843738717870985, 0.6100448639461069], [0.8991679163014963, 1.127704085238835, 0.0, 0.2832210949665568, 0.6045498913724054, 0.12196619971811354, 0.3658406872252712, 0.688669114608233, 0.3394740743759068, 0.22698957493965555, 0.007504523810135222, 0.5877893970734442, 0.6369298943801935, 0.6374536653336704, 0.7737083312026813, 0.6973347535300005, 0.5766922383094747], [9.749680030274009, 1.3740312204707268, 0.0, 0.4272953122769364, 0.6617833486179656, 0.11230513331062959, 0.4253580206134899, 0.6924669060718796, 0.3196703188424499, 0.22583238104491454, 0.007616154688146137, 0.4973446793741432, 0.5884918419688895, 0.5751262207431445, 0.7524267085816724, 0.7009580811080045, 0.5629386012693434], [6.572873675684006, 1.416535792594603, 0.0, 0.40317657397389545, 0.6715989000318578, 0.10785601662915953, 0.41421127340523184, 0.6930753529504066, 0.2775784799741654, 0.2246956539898095, 0.0066653709969386465, 0.5076182333020753, 0.5815015769376273, 0.543812878596106, 0.7370853611107302, 0.6705236234977568, 0.5045637853444719]]}