{"labels_1": ["1", "2", "3", "4", "5", "6", "7", "8", "9"], "labels_2": ["1", "2", "3", "4", "5", "6", "7", "8", "9"], "adj_matrix_1": [[0.0, 0.27351, 0.07171, 0.09758, 0.27504, 0.04427, 0.26738, 0.21805, 0.23105], [0.27351, 0.0, 0.24627, 0.29442, 0.01914, 0.25803, 0.03648, 0.16979, 0.11572], [0.07171, 0.24627, 0.0, 0.16384, 0.25198, 0.02789, 0.2321, 0.22829, 0.17923], [0.09758, 0.29442, 0.16384, 0.0, 0.29084, 0.13908, 0.29895, 0.1987, 0.28576], [0.27504, 0.01914, 0.25198, 0.29084, 0.0, 0.2621, 0.05517, 0.15789, 0.13191], [0.04427, 0.25803, 0.02789, 0.13908, 0.2621, 0.0, 0.24702, 0.22484, 0.20041], [0.26738, 0.03648, 0.2321, 0.29895, 0.05517, 0.24702, 0.0, 0.18929, 0.08294], [0.21805, 0.16979, 0.22829, 0.1987, 0.15789, 0.22484, 0.18929, 0.0, 0.21975], [0.23105, 0.11572, 0.17923, 0.28576, 0.13191, 0.20041, 0.08294, 0.21975, 0.0]], "adj_matrix_2": [[0.0, 0.21634, 0.19937, 0.09665, 0.07907, 0.23702, 0.24859, 0.02798, 0.12361], [0.21634, 0.0, 0.02628, 0.14624, 0.16161, 0.03598, 0.05841, 0.00779, 0.06087], [0.19937, 0.02628, 0.0, 0.12319, 0.13941, 0.06194, 0.08399, 0.00888, 0.06597], [0.09665, 0.14624, 0.12319, 0.0, 0.01879, 0.176, 0.19356, 0.01698, 0.09596], [0.07907, 0.16161, 0.13941, 0.01879, 0.0, 0.18978, 0.20629, 0.01869, 0.10095], [0.23702, 0.03598, 0.06194, 0.176, 0.18978, 0.0, 0.02271, 0.0065, 0.05439], [0.24859, 0.05841, 0.08399, 0.19356, 0.20629, 0.02271, 0.0, 0.00581, 0.05066], [0.02798, 0.00779, 0.00888, 0.01698, 0.01869, 0.0065, 0.00581, 0.0, 0.12817], [0.12361, 0.06087, 0.06597, 0.09596, 0.10095, 0.05439, 0.05066, 0.12817, 0.0]], "features_1": [[0.2483491708326957, 1.4755307463121479, 0.0, 0.22525878160619264, 0.6478799005365572, 0.13669171559864612, 0.226792502297981, 0.6743854884891334, 0.43681043460705493, 0.3150374856076952, 0.007894969482732161, 0.6148783023315776, 0.6446218695168108, 0.661798278643043, 0.7904963633055813, 0.7031463389795823, 0.6099191874521069], [0.9189762606411951, 1.1839035916574125, 0.0, 0.22506022265748174, 0.5980934427930716, 0.13725575504032983, 0.24118117037859008, 0.6741084617725561, 0.4409815252510909, 0.2616279580612444, 0.007783488497544067, 0.5936215723088409, 0.6291718450860834, 0.625038992856263, 0.7942105062476347, 0.7218955706008555, 0.6211620164776678], [0.36971936113605697, 1.5097976404898241, 0.0, 0.2427960864213434, 0.6584748684557707, 0.1343382985130132, 0.23125152142437672, 0.6771467258627275, 0.42356321025921484, 0.31381303443892916, 0.007894969482732161, 0.6060977675803016, 0.6340532537279279, 0.6471417738062951, 0.7844503714581538, 0.6999315379061375, 0.6054793551212577], [0.1728954734707009, 1.5415021333488859, 0.0, 0.2223493241969972, 0.6616729514426032, 0.13400860511115698, 0.2182254112138871, 0.6771402031815112, 0.42191405106805746, 0.3208096664825384, 0.007727725548673403, 0.6140390366169299, 0.6391324762958968, 0.6552015711815966, 0.7840321413894157, 0.696394570299407, 0.608300905349972], [1.2040893441928535, 1.2461945385184383, 0.0, 0.24231336815333063, 0.6230437459257954, 0.12980402214715467, 0.35294668680149927, 0.6834605922966797, 0.3961912694917571, 0.25927242443109977, 0.007560346756364078, 0.5734418168231328, 0.643502512671374, 0.6505311499983062, 0.7934417572603664, 0.7227766502939942, 0.6217904991720877], [0.39313887469591613, 1.5080464170799788, 0.0, 0.2560225814084938, 0.6722855312585249, 0.12825830252687453, 0.3568948863821575, 0.6847975997700395, 0.3887485458482296, 0.30128851635713905, 0.007560346756364078, 0.6029250816899374, 0.6550322312321055, 0.6612121287981091, 0.7845443297609855, 0.7088945884948323, 0.6036187068002833], [0.7140466688517817, 1.767870789449448, 0.0, 0.2587767105648207, 0.7116831700913944, 0.12056124807130765, 0.37479460563609307, 0.6894963595463359, 0.3487251476505948, 0.32726301519621104, 0.00716927026363523, 0.5779774099462822, 0.6495537111929875, 0.6485299084478497, 0.7693117871521906, 0.6881318100106175, 0.565289598246673], [1.281243615950305, 1.5505150457862058, 0.0, 0.2733714795826482, 0.6962108719886616, 0.11425472387307677, 0.46831153557046007, 0.6923161926199567, 0.3137142454173312, 0.2768645194073762, 0.0064410216040902135, 0.5619729403167864, 0.6416687478337311, 0.6365943597852434, 0.7627217214277655, 0.6836576114953192, 0.5857245740976998], [0.44103338871711406, 1.7116373128411027, 0.0, 0.2854749320501673, 0.7193860875322028, 0.1101071621024132, 0.4198847528365114, 0.6928852237097141, 0.28594775041903064, 0.29554501569410774, 0.006497131753992358, 0.576829545529794, 0.6288195005088747, 0.6372121464884609, 0.7449915347053416, 0.6822216260408414, 0.5240639285165658]], "features_2": [[0.7957627965033192, 1.1090400619224652, 0.0, 0.2930978884134866, 0.5771097222571637, 0.13676660280103137, 0.2240600819104607, 0.6742774410772319, 0.43268341767157614, 0.2521243505294457, 0.008340296057933516, 0.6057174060220754, 0.6420873023783275, 0.6675787774108307, 0.7957930404286739, 0.7072260822882709, 0.6130176653886465], [0.13504097756403866, 0.96697808771101, 0.0, 0.2692939166254901, 0.5406245355763292, 0.14051807606044578, 0.20010089801448103, 0.6692651645199799, 0.4457881400807022, 0.22991918767050357, 0.008284682400665488, 0.6197482567796779, 0.6586731718654987, 0.6701482761157811, 0.8010906877591416, 0.714199142228203, 0.6138918088490968], [0.15170725464611223, 1.1134270431099194, 0.0, 0.29453910433219244, 0.5878262096301831, 0.1311174457543451, 0.25327657177967355, 0.6805793113542855, 0.3965206546432207, 0.2453917303978439, 0.007727725548673403, 0.6148246155407588, 0.6513566333103258, 0.6663290748214632, 0.785350331087848, 0.6782989871230122, 0.6147805235270681], [0.4596577176772709, 1.1349230126207224, 0.0, 0.2991910424381388, 0.5908612620669325, 0.1317209862824256, 0.2597607198130568, 0.6800614257333243, 0.3937554599134103, 0.24798821082428346, 0.007616154688146137, 0.6002583226652429, 0.6520765804384322, 0.6464946048585783, 0.7873862144823458, 0.6910634701366177, 0.6076657245784165], [0.1650335491093302, 0.9056714756917831, 0.0, 0.2684869535104011, 0.5206884356830908, 0.14268441563747902, 0.18483328883222896, 0.6650264614389376, 0.45672487147583496, 0.22255485055047775, 0.008062078829516484, 0.6153340989463261, 0.6642583530502381, 0.6935792393266579, 0.8020512916651958, 0.7212538058746257, 0.6134472772463161], [0.26356482528539793, 1.099628792300225, 0.0, 0.2553727655042182, 0.5887421658314257, 0.12815429540263662, 0.28704565709420465, 0.683569103435874, 0.3710430117095611, 0.23614827623033285, 0.00716927026363523, 0.5965110351758618, 0.6626241437728916, 0.6757938309680338, 0.782077603844738, 0.6843738717870985, 0.6100448639461069], [0.8991679163014963, 1.127704085238835, 0.0, 0.2832210949665568, 0.6045498913724054, 0.12196619971811354, 0.3658406872252712, 0.688669114608233, 0.3394740743759068, 0.22698957493965555, 0.007504523810135222, 0.5877893970734442, 0.6369298943801935, 0.6374536653336704, 0.7737083312026813, 0.6973347535300005, 0.5766922383094747], [9.749680030274009, 1.3740312204707268, 0.0, 0.4272953122769364, 0.6617833486179656, 0.11230513331062959, 0.4253580206134899, 0.6924669060718796, 0.3196703188424499, 0.22583238104491454, 0.007616154688146137, 0.4973446793741432, 0.5884918419688895, 0.5751262207431445, 0.7524267085816724, 0.7009580811080045, 0.5629386012693434], [6.572873675684006, 1.416535792594603, 0.0, 0.40317657397389545, 0.6715989000318578, 0.10785601662915953, 0.41421127340523184, 0.6930753529504066, 0.2775784799741654, 0.2246956539898095, 0.0066653709969386465, 0.5076182333020753, 0.5815015769376273, 0.543812878596106, 0.7370853611107302, 0.6705236234977568, 0.5045637853444719]]}