{"labels_1": ["1", "2", "3", "4", "5", "6", "7", "8", "9"], "labels_2": ["1", "2", "3", "4", "5", "6", "7", "8", "9"], "adj_matrix_1": [[0.0, 0.27351, 0.07171, 0.09758, 0.27504, 0.04427, 0.26738, 0.21805, 0.23105], [0.27351, 0.0, 0.24627, 0.29442, 0.01914, 0.25803, 0.03648, 0.16979, 0.11572], [0.07171, 0.24627, 0.0, 0.16384, 0.25198, 0.02789, 0.2321, 0.22829, 0.17923], [0.09758, 0.29442, 0.16384, 0.0, 0.29084, 0.13908, 0.29895, 0.1987, 0.28576], [0.27504, 0.01914, 0.25198, 0.29084, 0.0, 0.2621, 0.05517, 0.15789, 0.13191], [0.04427, 0.25803, 0.02789, 0.13908, 0.2621, 0.0, 0.24702, 0.22484, 0.20041], [0.26738, 0.03648, 0.2321, 0.29895, 0.05517, 0.24702, 0.0, 0.18929, 0.08294], [0.21805, 0.16979, 0.22829, 0.1987, 0.15789, 0.22484, 0.18929, 0.0, 0.21975], [0.23105, 0.11572, 0.17923, 0.28576, 0.13191, 0.20041, 0.08294, 0.21975, 0.0]], "adj_matrix_2": [[0.0, 0.03603, 0.11452, 0.00687, 0.13971, 0.07537, 0.19991, 0.29614, 0.11347], [0.03603, 0.0, 0.14627, 0.02922, 0.17001, 0.10931, 0.22436, 0.30745, 0.07996], [0.11452, 0.14627, 0.0, 0.12076, 0.02794, 0.04137, 0.09888, 0.22884, 0.2072], [0.00687, 0.02922, 0.12076, 0.0, 0.14566, 0.08196, 0.2049, 0.29872, 0.10725], [0.13971, 0.17001, 0.02794, 0.14566, 0.0, 0.06886, 0.07184, 0.20727, 0.2255], [0.07537, 0.10931, 0.04137, 0.08196, 0.06886, 0.0, 0.13719, 0.25707, 0.17722], [0.19991, 0.22436, 0.09888, 0.2049, 0.07184, 0.13719, 0.0, 0.14527, 0.26523], [0.29614, 0.30745, 0.22884, 0.29872, 0.20727, 0.25707, 0.14527, 0.0, 0.31625], [0.11347, 0.07996, 0.2072, 0.10725, 0.2255, 0.17722, 0.26523, 0.31625, 0.0]], "features_1": [[0.2483491708326957, 1.4755307463121479, 0.0, 0.22525878160619264, 0.6478799005365572, 0.13669171559864612, 0.226792502297981, 0.6743854884891334, 0.43681043460705493, 0.3150374856076952, 0.007894969482732161, 0.6148783023315776, 0.6446218695168108, 0.661798278643043, 0.7904963633055813, 0.7031463389795823, 0.6099191874521069], [0.9189762606411951, 1.1839035916574125, 0.0, 0.22506022265748174, 0.5980934427930716, 0.13725575504032983, 0.24118117037859008, 0.6741084617725561, 0.4409815252510909, 0.2616279580612444, 0.007783488497544067, 0.5936215723088409, 0.6291718450860834, 0.625038992856263, 0.7942105062476347, 0.7218955706008555, 0.6211620164776678], [0.36971936113605697, 1.5097976404898241, 0.0, 0.2427960864213434, 0.6584748684557707, 0.1343382985130132, 0.23125152142437672, 0.6771467258627275, 0.42356321025921484, 0.31381303443892916, 0.007894969482732161, 0.6060977675803016, 0.6340532537279279, 0.6471417738062951, 0.7844503714581538, 0.6999315379061375, 0.6054793551212577], [0.1728954734707009, 1.5415021333488859, 0.0, 0.2223493241969972, 0.6616729514426032, 0.13400860511115698, 0.2182254112138871, 0.6771402031815112, 0.42191405106805746, 0.3208096664825384, 0.007727725548673403, 0.6140390366169299, 0.6391324762958968, 0.6552015711815966, 0.7840321413894157, 0.696394570299407, 0.608300905349972], [1.2040893441928535, 1.2461945385184383, 0.0, 0.24231336815333063, 0.6230437459257954, 0.12980402214715467, 0.35294668680149927, 0.6834605922966797, 0.3961912694917571, 0.25927242443109977, 0.007560346756364078, 0.5734418168231328, 0.643502512671374, 0.6505311499983062, 0.7934417572603664, 0.7227766502939942, 0.6217904991720877], [0.39313887469591613, 1.5080464170799788, 0.0, 0.2560225814084938, 0.6722855312585249, 0.12825830252687453, 0.3568948863821575, 0.6847975997700395, 0.3887485458482296, 0.30128851635713905, 0.007560346756364078, 0.6029250816899374, 0.6550322312321055, 0.6612121287981091, 0.7845443297609855, 0.7088945884948323, 0.6036187068002833], [0.7140466688517817, 1.767870789449448, 0.0, 0.2587767105648207, 0.7116831700913944, 0.12056124807130765, 0.37479460563609307, 0.6894963595463359, 0.3487251476505948, 0.32726301519621104, 0.00716927026363523, 0.5779774099462822, 0.6495537111929875, 0.6485299084478497, 0.7693117871521906, 0.6881318100106175, 0.565289598246673], [1.281243615950305, 1.5505150457862058, 0.0, 0.2733714795826482, 0.6962108719886616, 0.11425472387307677, 0.46831153557046007, 0.6923161926199567, 0.3137142454173312, 0.2768645194073762, 0.0064410216040902135, 0.5619729403167864, 0.6416687478337311, 0.6365943597852434, 0.7627217214277655, 0.6836576114953192, 0.5857245740976998], [0.44103338871711406, 1.7116373128411027, 0.0, 0.2854749320501673, 0.7193860875322028, 0.1101071621024132, 0.4198847528365114, 0.6928852237097141, 0.28594775041903064, 0.29554501569410774, 0.006497131753992358, 0.576829545529794, 0.6288195005088747, 0.6372121464884609, 0.7449915347053416, 0.6822216260408414, 0.5240639285165658]], "features_2": [[0.5826968984422893, 1.549746637434921, 0.0, 0.2659840284372338, 0.6818155064628644, 0.1187919279226919, 0.4319309314081636, 0.6905767882405678, 0.3264963251439965, 0.2899660256346581, 0.007001439975721224, 0.5866632471112649, 0.6356183693823498, 0.6467559599050883, 0.7702661380444534, 0.694975284741291, 0.5673542957095199], [0.8431726511934126, 1.2607388593117212, 0.0, 0.2584722904687591, 0.6294019166407455, 0.12507705058706442, 0.45443535103484367, 0.6875467511334314, 0.3717720247833527, 0.25586626871591167, 0.00711334193318236, 0.580811354480036, 0.6368499518087812, 0.6468913866614696, 0.784157846080431, 0.694290165267217, 0.5864240842757764], [0.67902044427924, 1.5159904390380656, 0.0, 0.2729233901997508, 0.6784704977897312, 0.1174485181369208, 0.46146060580680837, 0.6911232166265924, 0.3237105225823178, 0.28384575644406795, 0.007001439975721224, 0.5892209346071948, 0.6271350002460291, 0.6288323922073987, 0.7660722347008319, 0.6815619535354432, 0.5665167647874659], [0.5189075212500827, 1.5473362407515867, 0.0, 0.26157572204581, 0.6785530808467741, 0.11988459740452628, 0.403117728420915, 0.6899369641099201, 0.32378580695504033, 0.29127807766506697, 0.006889477554966383, 0.5904962965880838, 0.6501162793781127, 0.6536141859743906, 0.7708643616058755, 0.6738287058641692, 0.5832830536833427], [0.4838795164504832, 1.199081548140727, 0.0, 0.2259258719688925, 0.6076959472736259, 0.13041969283720245, 0.4350007886274433, 0.6839766425968431, 0.389700066147457, 0.25160080108504856, 0.007894969482732161, 0.5989653996884017, 0.6487543379220586, 0.6402893486955007, 0.794951192711783, 0.7305021705775012, 0.6066284346373352], [0.658850243491619, 1.463076139446182, 0.0, 0.2614574723798716, 0.6723590732555272, 0.11751616246137808, 0.5283742100051647, 0.69132981751793, 0.33224838814043123, 0.2781072811616221, 0.007225183508792421, 0.5882192337564014, 0.6291057099615145, 0.6432667389677316, 0.7681124504987689, 0.693142094575992, 0.579210616477747], [0.14726050485027864, 1.5324681168202847, 0.0, 0.22879444569085386, 0.669024736176338, 0.12258729600061866, 0.3962551612844315, 0.6884613442355896, 0.32541830348085643, 0.29377420766704176, 0.00677745458930179, 0.5983393791895093, 0.6371943776046657, 0.6325518521380149, 0.7781817254268113, 0.6722819096928612, 0.5894700657335622], [0.06792183628902304, 1.3903983414161425, 0.0, 0.2710867230510742, 0.6557890567442234, 0.1204479398858011, 0.48716940691379307, 0.6894182045764892, 0.34392660449789125, 0.2732917620410633, 0.007336964783822175, 0.606114116359741, 0.6338337832241846, 0.6472697229815867, 0.7598318988763167, 0.6766096441589826, 0.5993688373052454], [1.0986199151234226, 1.5194251279965665, 0.0, 0.32551823252677503, 0.6819019622299766, 0.11416370083201474, 0.42135009674212043, 0.6918588508682992, 0.3094451281196984, 0.27380604099791617, 0.00711334193318236, 0.5655594877398569, 0.6144408411872858, 0.6111034268965126, 0.7480254325948396, 0.6534660572915312, 0.570226166895895]]}