{"labels_1": ["1", "2", "3", "4", "5", "6", "7", "8", "9"], "labels_2": ["1", "2", "3", "4", "5", "6", "7", "8", "9"], "adj_matrix_1": [[0.0, 0.27351, 0.07171, 0.09758, 0.27504, 0.04427, 0.26738, 0.21805, 0.23105], [0.27351, 0.0, 0.24627, 0.29442, 0.01914, 0.25803, 0.03648, 0.16979, 0.11572], [0.07171, 0.24627, 0.0, 0.16384, 0.25198, 0.02789, 0.2321, 0.22829, 0.17923], [0.09758, 0.29442, 0.16384, 0.0, 0.29084, 0.13908, 0.29895, 0.1987, 0.28576], [0.27504, 0.01914, 0.25198, 0.29084, 0.0, 0.2621, 0.05517, 0.15789, 0.13191], [0.04427, 0.25803, 0.02789, 0.13908, 0.2621, 0.0, 0.24702, 0.22484, 0.20041], [0.26738, 0.03648, 0.2321, 0.29895, 0.05517, 0.24702, 0.0, 0.18929, 0.08294], [0.21805, 0.16979, 0.22829, 0.1987, 0.15789, 0.22484, 0.18929, 0.0, 0.21975], [0.23105, 0.11572, 0.17923, 0.28576, 0.13191, 0.20041, 0.08294, 0.21975, 0.0]], "adj_matrix_2": [[0.0, 0.06616, 0.05199, 0.04833, 0.14317, 0.07692, 0.14061, 0.04153, 0.34813], [0.06616, 0.0, 0.11578, 0.11235, 0.08099, 0.01103, 0.0782, 0.02481, 0.32159], [0.05199, 0.11578, 0.0, 0.00371, 0.18705, 0.12595, 0.18463, 0.09221, 0.35811], [0.04833, 0.11235, 0.00371, 0.0, 0.1841, 0.12259, 0.18173, 0.08871, 0.35785], [0.14317, 0.08099, 0.18705, 0.1841, 0.0, 0.07023, 0.00257, 0.10451, 0.2733], [0.07692, 0.01103, 0.12595, 0.12259, 0.07023, 0.0, 0.06766, 0.03586, 0.3172], [0.14061, 0.0782, 0.18463, 0.18173, 0.00257, 0.06766, 0.0, 0.10241, 0.27648], [0.04153, 0.02481, 0.09221, 0.08871, 0.10451, 0.03586, 0.10241, 0.0, 0.33509], [0.34813, 0.32159, 0.35811, 0.35785, 0.2733, 0.3172, 0.27648, 0.33509, 0.0]], "features_1": [[0.2483491708326957, 1.4755307463121479, 0.0, 0.22525878160619264, 0.6478799005365572, 0.13669171559864612, 0.226792502297981, 0.6743854884891334, 0.43681043460705493, 0.3150374856076952, 0.007894969482732161, 0.6148783023315776, 0.6446218695168108, 0.661798278643043, 0.7904963633055813, 0.7031463389795823, 0.6099191874521069], [0.9189762606411951, 1.1839035916574125, 0.0, 0.22506022265748174, 0.5980934427930716, 0.13725575504032983, 0.24118117037859008, 0.6741084617725561, 0.4409815252510909, 0.2616279580612444, 0.007783488497544067, 0.5936215723088409, 0.6291718450860834, 0.625038992856263, 0.7942105062476347, 0.7218955706008555, 0.6211620164776678], [0.36971936113605697, 1.5097976404898241, 0.0, 0.2427960864213434, 0.6584748684557707, 0.1343382985130132, 0.23125152142437672, 0.6771467258627275, 0.42356321025921484, 0.31381303443892916, 0.007894969482732161, 0.6060977675803016, 0.6340532537279279, 0.6471417738062951, 0.7844503714581538, 0.6999315379061375, 0.6054793551212577], [0.1728954734707009, 1.5415021333488859, 0.0, 0.2223493241969972, 0.6616729514426032, 0.13400860511115698, 0.2182254112138871, 0.6771402031815112, 0.42191405106805746, 0.3208096664825384, 0.007727725548673403, 0.6140390366169299, 0.6391324762958968, 0.6552015711815966, 0.7840321413894157, 0.696394570299407, 0.608300905349972], [1.2040893441928535, 1.2461945385184383, 0.0, 0.24231336815333063, 0.6230437459257954, 0.12980402214715467, 0.35294668680149927, 0.6834605922966797, 0.3961912694917571, 0.25927242443109977, 0.007560346756364078, 0.5734418168231328, 0.643502512671374, 0.6505311499983062, 0.7934417572603664, 0.7227766502939942, 0.6217904991720877], [0.39313887469591613, 1.5080464170799788, 0.0, 0.2560225814084938, 0.6722855312585249, 0.12825830252687453, 0.3568948863821575, 0.6847975997700395, 0.3887485458482296, 0.30128851635713905, 0.007560346756364078, 0.6029250816899374, 0.6550322312321055, 0.6612121287981091, 0.7845443297609855, 0.7088945884948323, 0.6036187068002833], [0.7140466688517817, 1.767870789449448, 0.0, 0.2587767105648207, 0.7116831700913944, 0.12056124807130765, 0.37479460563609307, 0.6894963595463359, 0.3487251476505948, 0.32726301519621104, 0.00716927026363523, 0.5779774099462822, 0.6495537111929875, 0.6485299084478497, 0.7693117871521906, 0.6881318100106175, 0.565289598246673], [1.281243615950305, 1.5505150457862058, 0.0, 0.2733714795826482, 0.6962108719886616, 0.11425472387307677, 0.46831153557046007, 0.6923161926199567, 0.3137142454173312, 0.2768645194073762, 0.0064410216040902135, 0.5619729403167864, 0.6416687478337311, 0.6365943597852434, 0.7627217214277655, 0.6836576114953192, 0.5857245740976998], [0.44103338871711406, 1.7116373128411027, 0.0, 0.2854749320501673, 0.7193860875322028, 0.1101071621024132, 0.4198847528365114, 0.6928852237097141, 0.28594775041903064, 0.29554501569410774, 0.006497131753992358, 0.576829545529794, 0.6288195005088747, 0.6372121464884609, 0.7449915347053416, 0.6822216260408414, 0.5240639285165658]], "features_2": [[0.07946040329171788, 1.2720136024833968, 0.0, 0.24120948805576334, 0.6262680697947188, 0.124841372183837, 0.4253425188550537, 0.6871187743631647, 0.35508509528257926, 0.26455344470415554, 0.007281081678807366, 0.6003320491149076, 0.6651999613640021, 0.6910695520857122, 0.7875164687056816, 0.7050334164430354, 0.5998137599108628], [-0.007562184768011182, 1.028598851561863, 0.0, 0.24205453744569427, 0.5586038047160552, 0.13580179593970498, 0.22194907892044782, 0.6746330792065081, 0.41175497302438546, 0.23852505152430958, 0.007950687539111767, 0.6122260570967519, 0.6379595160788067, 0.6745882831751966, 0.7925560819862051, 0.7158371198368202, 0.6103600450938198], [0.1099130024546926, 1.3145886262460833, 0.0, 0.26724970466397807, 0.6307600551360318, 0.1251134627803346, 0.34402243456687176, 0.685780817717234, 0.35992876154864284, 0.2730312809704969, 0.00711334193318236, 0.603735455355858, 0.6366648004912925, 0.6686836033550048, 0.7794736520396133, 0.7012130461128383, 0.5874114196927546], [0.13353381658950125, 1.3415419527478798, 0.0, 0.2666665875407725, 0.6386918861247232, 0.12367921701463212, 0.4072402016181094, 0.6875111976850257, 0.35416339490826365, 0.27342493048258865, 0.007281081678807366, 0.5994636048985318, 0.6482814935589227, 0.6590914043492699, 0.78200190854668, 0.6979512248335732, 0.5817822602698758], [0.007436461132527494, 1.0581297488575572, 0.0, 0.26369198889715756, 0.580871875219548, 0.12946105466004307, 0.3692468343915287, 0.6839068775298025, 0.38585788791506226, 0.23430606816991206, 0.007448685839370306, 0.6112686119487307, 0.6580459513809014, 0.6861192010217178, 0.7950258321694281, 0.7075604137742407, 0.5931882192029228], [-0.04129805625236305, 1.316157322345623, 0.0, 0.2611100928733101, 0.6409401123062874, 0.12058243919355274, 0.4254980293559882, 0.6893429998211427, 0.34139679164529446, 0.26366542032825846, 0.007225183508792421, 0.6036210511403144, 0.6558116976504607, 0.667271673161177, 0.7762701681490306, 0.69124403546843, 0.5759827356871714], [0.38468252152692894, 1.6149915880493246, 0.0, 0.26979257905144016, 0.6891685710733368, 0.11967464731316954, 0.46172224629815445, 0.6903860776246917, 0.3175047909597586, 0.2971736594271228, 0.005991591679928909, 0.5961180033381215, 0.6294931144565624, 0.6264923654262078, 0.7762159060963962, 0.6752862291447291, 0.5095493522262192], [-0.16310406812349276, 1.7485348030395707, 0.0, 0.2729143799696163, 0.7330417447226136, 0.10471468631982331, 0.6482105515549115, 0.6929816279290612, 0.2421931588259938, 0.29342963668593414, 0.005766509824583821, 0.5843625894523137, 0.6346635894803324, 0.6339456782022719, 0.7362819858817402, 0.633241389306014, 0.5164416718741467], [-0.38042110409507623, 1.7735252334759068, 0.0, 0.26027712982241874, 0.7393123286325145, 0.1028438989592029, 0.733256148340552, 0.6926022124804865, 0.24708146634872064, 0.29421091510465414, 0.005879081395912644, 0.6012755360922075, 0.6373607698873569, 0.6431192509900372, 0.7326059283421459, 0.6563565621355361, 0.5057890274121531]]}