{"labels_1": ["1", "2", "3", "4", "5", "6", "7", "8", "9"], "labels_2": ["1", "2", "3", "4", "5", "6", "7", "8", "9"], "adj_matrix_1": [[0.0, 0.12425, 0.14788, 0.06784, 0.01791, 0.07681, 0.08282, 0.14378, 0.17878], [0.12425, 0.0, 0.24102, 0.18136, 0.14005, 0.18846, 0.19282, 0.0226, 0.06677], [0.14788, 0.24102, 0.0, 0.0847, 0.13193, 0.07577, 0.06959, 0.25248, 0.26923], [0.06784, 0.18136, 0.0847, 0.0, 0.05027, 0.00923, 0.01554, 0.19772, 0.22517], [0.01791, 0.14005, 0.13193, 0.05027, 0.0, 0.05935, 0.06544, 0.15871, 0.19172], [0.07681, 0.18846, 0.07577, 0.00923, 0.05935, 0.0, 0.00631, 0.20433, 0.23066], [0.08282, 0.19282, 0.06959, 0.01554, 0.06544, 0.00631, 0.0, 0.20854, 0.23428], [0.14378, 0.0226, 0.25248, 0.19772, 0.15871, 0.20433, 0.20854, 0.0, 0.04488], [0.17878, 0.06677, 0.26923, 0.22517, 0.19172, 0.23066, 0.23428, 0.04488, 0.0]], "adj_matrix_2": [[0.0, 0.00104, 0.22666, 0.21877, 0.08994, 0.04105, 0.28168, 0.32165, 0.05875], [0.00104, 0.0, 0.22727, 0.21929, 0.08896, 0.04206, 0.28046, 0.3207, 0.0576], [0.22666, 0.22727, 0.0, 0.01864, 0.26195, 0.20445, 0.28175, 0.27636, 0.25075], [0.21877, 0.21929, 0.01864, 0.0, 0.25937, 0.19412, 0.29094, 0.28765, 0.24665], [0.08994, 0.08896, 0.26195, 0.25937, 0.0, 0.12803, 0.22302, 0.27672, 0.03204], [0.04105, 0.04206, 0.20445, 0.19412, 0.12803, 0.0, 0.2999, 0.33288, 0.09823], [0.28168, 0.28046, 0.28175, 0.29094, 0.22302, 0.2999, 0.0, 0.07171, 0.24687], [0.32165, 0.3207, 0.27636, 0.28765, 0.27672, 0.33288, 0.07171, 0.0, 0.29592], [0.05875, 0.0576, 0.25075, 0.24665, 0.03204, 0.09823, 0.24687, 0.29592, 0.0]], "features_1": [[0.11217689989127555, 1.0474268084534877, 0.0, 0.24786169483154885, 0.5825238897157494, 0.1304455164912937, 0.3898155320120026, 0.6843522860040672, 0.4103107252173326, 0.23396209765431975, 0.007894969482732161, 0.6072638314546166, 0.6815396845524683, 0.6912586058720771, 0.8028535739749312, 0.7131201140903868, 0.6301065912733848], [0.5509410801481991, 0.8768641660230869, 0.0, 0.2447058173851106, 0.5405615830952788, 0.1314966071044244, 0.4253922016974251, 0.6826325090850545, 0.41615136594996116, 0.20025124302002317, 0.007504523810135222, 0.5972993154970108, 0.6411434324689961, 0.6601195149892015, 0.796884821994373, 0.716848453369792, 0.6256624739252877], [0.05932460424775554, 1.0482283215161696, 0.0, 0.234540340597376, 0.5890241999324503, 0.12591736556293232, 0.369658903484703, 0.6870889492962402, 0.388012068243601, 0.22851972280521937, 0.007448685839370306, 0.6044660096491881, 0.6449212296572235, 0.6747413581727149, 0.789450424108181, 0.7214155880571289, 0.6199011340989892], [-0.14524966305827958, 1.1192875967572462, 0.0, 0.21210504566340277, 0.5979509081176545, 0.1283780658406627, 0.33399006050814606, 0.6847072610726332, 0.401091635403352, 0.24721390571157742, 0.007336964783822175, 0.6152411726233493, 0.6628909982483694, 0.6825333919846389, 0.7915254504037155, 0.7045665196704668, 0.6202436006411761], [0.283537038232506, 0.9168160415154099, 0.0, 0.25566946889322795, 0.5420871298168011, 0.13643088519637214, 0.4487996655580325, 0.6780035969406052, 0.42795687604843247, 0.21536521810955667, 0.007950687539111767, 0.6159082151580302, 0.6577679654800853, 0.6895034652430185, 0.8035652209405172, 0.7146499454200047, 0.6306745284028907], [-0.03449476745465763, 1.1037758511671871, 0.0, 0.22217794081036332, 0.599767274068015, 0.12600679583702018, 0.3065997927593152, 0.6858575352145669, 0.3902001943476303, 0.24056179744328388, 0.007448685839370306, 0.6117551006839843, 0.6540193666729922, 0.6806923923680195, 0.7825450451179269, 0.6926569894378318, 0.614376052456719], [0.07569219867143762, 1.3140835416514123, 0.0, 0.24356782221127876, 0.6433719362934909, 0.12143202410948045, 0.3982494851208024, 0.6896436970483413, 0.36191649202701615, 0.2643476659007655, 0.0066653709969386465, 0.5992013731561652, 0.6544534942857195, 0.6784284063154549, 0.7777554125515959, 0.7007600589170582, 0.5733957090137314], [0.7349162368891786, 1.13473460693947, 0.0, 0.23127211545752444, 0.6146490396515522, 0.12181385364096275, 0.5413143662020993, 0.6894602583217182, 0.3535292115662414, 0.23107259832837324, 0.00716927026363523, 0.5841552708573112, 0.6299617801111753, 0.6581647398385536, 0.7776800512156141, 0.7164440554442693, 0.6003237776798402], [0.2722195798485414, 1.368405848937941, 0.0, 0.2684047730644191, 0.6676382111649063, 0.11072762619215737, 0.5421751251645681, 0.6929455877657411, 0.2816097434277667, 0.24896908785004723, 0.005935344193631176, 0.5819667450771346, 0.6293175410963096, 0.6249292826335183, 0.7485745425241717, 0.6710398864779307, 0.5681447852836805]], "features_2": [[0.25488576825772347, 1.2177310969652977, 0.0, 0.2265962962177033, 0.5958816307122408, 0.13208659344538937, 0.24301562374860666, 0.6770090869429328, 0.40451253226758555, 0.26667940471372176, 0.007671947615560004, 0.6084456497912392, 0.6245345113051397, 0.6523739207956606, 0.7775037356124946, 0.6942708453256511, 0.5972801399212316], [0.33030420924680026, 0.9778828288629743, 0.0, 0.2529753095982177, 0.5452762709441821, 0.1341115429269328, 0.27521113181935275, 0.6750741005863882, 0.43528093583127037, 0.22746658855678814, 0.00822905385914674, 0.6057446902301105, 0.641604569885563, 0.6628827794287349, 0.7864497992512346, 0.6960042384179596, 0.6132960019656573], [0.9401680573861921, 1.1904205347467007, 0.0, 0.2872186665512558, 0.5948938588817897, 0.1300535397863215, 0.2548508928332126, 0.6793408396385561, 0.4056429642190025, 0.25548927218589523, 0.008006390651371653, 0.5838317542581002, 0.6190470346138175, 0.6445055479600506, 0.7734951990104004, 0.6853258833114442, 0.5973825495322608], [0.774880095575877, 1.2970059505450489, 0.0, 0.2554384305484122, 0.6163116508268818, 0.12901088533573907, 0.26833406575052265, 0.6805751589051904, 0.3938013370729305, 0.2707056927806142, 0.007783488497544067, 0.5912262657574052, 0.6362046859235434, 0.6579071250527508, 0.7709460050469092, 0.6865479471817325, 0.5884880823356722], [0.6656386671734817, 1.014122100093484, 0.0, 0.2389936422516927, 0.564856696161067, 0.1312392867102076, 0.36641659133850907, 0.6813873309412516, 0.4253579278854609, 0.22539917811863752, 0.007894969482732161, 0.6038379134358101, 0.6430117830162619, 0.6616197264000722, 0.7952326251288874, 0.7071886255156487, 0.6104809183088354], [0.8201336260559566, 1.222016275367763, 0.0, 0.2775953646700469, 0.6142518092077567, 0.12562316138637983, 0.39228047830287666, 0.6856622812854427, 0.39069841386369686, 0.2529150918361258, 0.007448685839370306, 0.5893085173780803, 0.6319917986751049, 0.650905968885849, 0.7777702193692129, 0.6981344506550601, 0.5854284113897116], [0.6176386499972173, 1.5288286446979826, 0.0, 0.2427659051641788, 0.679598870640644, 0.11876425932160589, 0.7690573933062069, 0.6910565316275834, 0.31906219905831534, 0.2784368133557902, 0.006889477554966383, 0.5974796440153396, 0.6356723093881492, 0.6330440637103393, 0.7595849811911872, 0.6856267066461044, 0.5243507154007803], [0.03839282800811761, 1.3532396781054017, 0.0, 0.2599424700994378, 0.659508346876729, 0.11311357767754361, 0.5900608577873327, 0.6924487406363885, 0.3189587033790331, 0.2559927700307498, 0.006328755639155359, 0.6084088621715851, 0.6542501314387954, 0.6606586057140746, 0.7593278237609971, 0.7059924353450886, 0.4988507404314809], [0.2695010577312331, 1.5240196793829108, 0.0, 0.2677741068875573, 0.6917532792947165, 0.11181469218295112, 0.8840012780741773, 0.6929924251768416, 0.30527240140061473, 0.27534607893921503, 0.00655322669591385, 0.5861108618076045, 0.6348069220009698, 0.6349153660292919, 0.7483588532574257, 0.6903622627988697, 0.46954250916089063]]}