{"labels_1": ["1", "2", "3", "4", "5", "6", "7", "8", "9"], "labels_2": ["1", "2", "3", "4", "5", "6", "7", "8", "9"], "adj_matrix_1": [[0.0, 0.12177, 0.08934, 0.08596, 0.01762, 0.18153, 0.08737, 0.25195, 0.19568], [0.12177, 0.0, 0.03435, 0.19533, 0.13774, 0.26047, 0.19638, 0.26613, 0.26702], [0.08934, 0.03435, 0.0, 0.16748, 0.10597, 0.24185, 0.1687, 0.26497, 0.25089], [0.08596, 0.19533, 0.16748, 0.0, 0.06896, 0.10844, 0.0015, 0.22319, 0.12671], [0.01762, 0.13774, 0.10597, 0.06896, 0.0, 0.1679, 0.07036, 0.24714, 0.18245], [0.18153, 0.26047, 0.24185, 0.10844, 0.1679, 0.0, 0.107, 0.15822, 0.02099], [0.08737, 0.19638, 0.1687, 0.0015, 0.07036, 0.107, 0.0, 0.22268, 0.12559], [0.25195, 0.26613, 0.26497, 0.22319, 0.24714, 0.15822, 0.22268, 0.0, 0.14245], [0.19568, 0.26702, 0.25089, 0.12671, 0.18245, 0.02099, 0.12559, 0.14245, 0.0]], "adj_matrix_2": [[0.0, 0.23238, 0.06282, 0.08202, 0.08004, 0.19597, 0.08543, 0.04294, 0.16743], [0.23238, 0.0, 0.18382, 0.28628, 0.16927, 0.34588, 0.28809, 0.26089, 0.08317], [0.06282, 0.18382, 0.0, 0.14203, 0.01763, 0.24739, 0.14524, 0.10456, 0.10998], [0.08202, 0.28628, 0.14203, 0.0, 0.15798, 0.12026, 0.0035, 0.03949, 0.23519], [0.08004, 0.16927, 0.01763, 0.15798, 0.0, 0.26025, 0.16107, 0.12107, 0.09312], [0.19597, 0.34588, 0.24739, 0.12026, 0.26025, 0.0, 0.11692, 0.15741, 0.31771], [0.08543, 0.28809, 0.14524, 0.0035, 0.16107, 0.11692, 0.0, 0.04298, 0.2379], [0.04294, 0.26089, 0.10456, 0.03949, 0.12107, 0.15741, 0.04298, 0.0, 0.20387], [0.16743, 0.08317, 0.10998, 0.23519, 0.09312, 0.31771, 0.2379, 0.20387, 0.0]], "features_1": [[0.27312326649151597, 1.2333242577330894, 0.0, 0.31039287445972424, 0.619038022103535, 0.12670949076376326, 0.4320439175498102, 0.6865761254428144, 0.37507029755113597, 0.2582490233118777, 0.007616154688146137, 0.5971561693862364, 0.6527872038532414, 0.6847450582106663, 0.7869705021921207, 0.702821495003796, 0.6197602286037591], [0.12621846429780703, 1.0759397932897243, 0.0, 0.3047395266524646, 0.5805710305078338, 0.129875757707636, 0.3356650762202378, 0.6825886914567465, 0.3934696250122889, 0.23687647293644032, 0.007616154688146137, 0.6075820794999927, 0.6519029860365209, 0.6714119878218656, 0.7882466626429117, 0.7093726099526597, 0.6111198812951604], [0.2280538530374039, 1.2179967991447307, 0.0, 0.301534200480323, 0.6162097177585144, 0.1262353693142855, 0.2977391666692661, 0.6853244239909909, 0.3791480302984842, 0.2532705150699215, 0.007504523810135222, 0.6002313505699854, 0.6379080262650433, 0.6442366957779083, 0.7772888433453519, 0.6918109972900555, 0.604941768408514], [0.4448572235245045, 1.2618046701746841, 0.0, 0.3049541729388703, 0.6268370073371533, 0.12420286349696646, 0.41058333203656333, 0.6877476532765452, 0.36586113692510325, 0.2551465305856664, 0.007616154688146137, 0.5938481773949582, 0.6287243338967532, 0.6209163954530982, 0.7766718546346659, 0.71525576762419, 0.606854795826126], [0.06340426848640002, 1.0399841084990833, 0.0, 0.3029388755341579, 0.5772417135102186, 0.1302700591528787, 0.4197221898805097, 0.6836582310666849, 0.3918096946747396, 0.22890360161596512, 0.007281081678807366, 0.6086727092007918, 0.678775117326784, 0.6929524575528068, 0.7946690167311901, 0.7098246581640251, 0.6141941892959084], [0.23567252006041128, 1.223514006216023, 0.0, 0.2878566485750428, 0.6259546908357164, 0.1215224416470699, 0.3696137312557582, 0.6887679873715875, 0.347453280989686, 0.24768023401877137, 0.007057398507269275, 0.5933381987071189, 0.6509438872636139, 0.6582864231453853, 0.7702284070358234, 0.698805059437493, 0.5913683239032907], [0.785191215946349, 1.4123066659786176, 0.0, 0.29480117059360655, 0.658223752459366, 0.11939323134513875, 0.4755811138686177, 0.6901960686074669, 0.3344463276608809, 0.27094837977959485, 0.007392832833969631, 0.5777846497672185, 0.6366225545549954, 0.6438615376240284, 0.760677133446738, 0.6919547345908154, 0.5622417424776643], [0.8132437151267453, 1.712767691760986, 0.0, 0.27445958587997515, 0.7215114886659463, 0.11018359405618948, 0.6316178892067406, 0.6929951236464109, 0.27647262147955876, 0.29341625394534265, 0.006160242374180447, 0.5555904769498978, 0.6407949634459243, 0.641915670503908, 0.7408994349969407, 0.6793215774554778, 0.5408126640850557], [0.9006383985000728, 1.8811178607062709, 0.0, 0.2741435252666733, 0.7483409943295541, 0.10555404765097645, 0.6877013479478308, 0.6930799677518121, 0.24762728582663707, 0.3028795811802003, 0.005597537371453631, 0.5707670291448612, 0.6199796955601713, 0.6237681341309481, 0.723949808950569, 0.6342057733728292, 0.518501577185781]], "features_2": [[-0.1656855152525405, 1.2647106370644567, 0.0, 0.26664743145847536, 0.6243277895588418, 0.1305505001895078, 0.2911319700663668, 0.6822328418129501, 0.3920677464939202, 0.2723849691278555, 0.007616154688146137, 0.6160776728623185, 0.6634633111695534, 0.6825854562891286, 0.7895365384659394, 0.7154696280760396, 0.6061091932126722], [0.191470511067668, 1.0555782841498738, 0.0, 0.25697372531608065, 0.5834349673042136, 0.13128758720737227, 0.2894345583318689, 0.6819648328919932, 0.40578298570108084, 0.2355916028797045, 0.00783923647221818, 0.6010696436755496, 0.6616410966045964, 0.6838608309918514, 0.7930266877087673, 0.6928809115134151, 0.6133240263885659], [-0.15484353974358456, 1.250371146029884, 0.0, 0.25434112446595913, 0.6238027542387182, 0.1289019039893043, 0.26739205915155184, 0.6835253611306252, 0.3820684995066923, 0.26637298494396844, 0.00716927026363523, 0.6151335536796672, 0.6714211309038324, 0.6784963542582259, 0.7826692235670085, 0.6935699421746978, 0.5988328384025721], [-0.06375431597658565, 1.2262016695478803, 0.0, 0.2756213677404386, 0.6203613228669341, 0.12896610453975266, 0.2873871755925258, 0.6838912555824739, 0.3908438031063648, 0.2627185788208559, 0.007727725548673403, 0.6161008236065033, 0.6528552453259229, 0.6704386688135554, 0.7858532858257562, 0.6994146104156879, 0.6077655512808819], [0.15620369808734758, 1.090180288327122, 0.0, 0.2641015848987157, 0.6045951739774643, 0.12281092911277555, 0.47609310550572415, 0.6897651841317229, 0.3597367250517831, 0.2276690030021724, 0.007504523810135222, 0.611410494837394, 0.6609977185856698, 0.6641940026346254, 0.7897396209402222, 0.7091115587710999, 0.5989573469430934], [-0.20549043126885724, 1.2701796586247718, 0.0, 0.2849870367380942, 0.6364780738082645, 0.12483913990871928, 0.344761049514468, 0.6874218340039495, 0.36567737847676507, 0.26521391496019353, 0.007281081678807366, 0.6218978111053262, 0.6413973050671034, 0.6636249818098, 0.7810954672041249, 0.6828573492565011, 0.5930941608182819], [0.04117506953093164, 1.3229947740811066, 0.0, 0.2903682605413953, 0.6490195147163481, 0.11927082654324768, 0.38839293969369565, 0.6905032434971328, 0.3444400861956871, 0.26310254593110605, 0.00683347364535547, 0.6129604946800917, 0.6453227218449658, 0.6632836453005467, 0.77063517996576, 0.6888265978766455, 0.594324637393549], [0.2174354446584088, 1.5958295046316553, 0.0, 0.26659132526277796, 0.7109842534923845, 0.10841134151405984, 0.5006411279116854, 0.6931278237674445, 0.27959881911534823, 0.27656337269693054, 0.006047823865199753, 0.5932874532353916, 0.6299641856711284, 0.6148627784485861, 0.7467773924888909, 0.6483510464784505, 0.5285816886473034], [0.11752800055910395, 1.572483335029609, 0.0, 0.24416065903422687, 0.7017009247582886, 0.11001886170477823, 0.42012562715173163, 0.6929267503103167, 0.28652894786368166, 0.2809319417610423, 0.006272599803500922, 0.5909249678293418, 0.6450379160724001, 0.6493026492577333, 0.7457113195207458, 0.6799785843349265, 0.5470074896423903]]}