{"labels_1": ["1", "2", "3", "4", "5", "6", "7", "8", "9"], "labels_2": ["1", "2", "3", "4", "5", "6", "7", "8", "9"], "adj_matrix_1": [[0.0, 0.12425, 0.14788, 0.06784, 0.01791, 0.07681, 0.08282, 0.14378, 0.17878], [0.12425, 0.0, 0.24102, 0.18136, 0.14005, 0.18846, 0.19282, 0.0226, 0.06677], [0.14788, 0.24102, 0.0, 0.0847, 0.13193, 0.07577, 0.06959, 0.25248, 0.26923], [0.06784, 0.18136, 0.0847, 0.0, 0.05027, 0.00923, 0.01554, 0.19772, 0.22517], [0.01791, 0.14005, 0.13193, 0.05027, 0.0, 0.05935, 0.06544, 0.15871, 0.19172], [0.07681, 0.18846, 0.07577, 0.00923, 0.05935, 0.0, 0.00631, 0.20433, 0.23066], [0.08282, 0.19282, 0.06959, 0.01554, 0.06544, 0.00631, 0.0, 0.20854, 0.23428], [0.14378, 0.0226, 0.25248, 0.19772, 0.15871, 0.20433, 0.20854, 0.0, 0.04488], [0.17878, 0.06677, 0.26923, 0.22517, 0.19172, 0.23066, 0.23428, 0.04488, 0.0]], "adj_matrix_2": [[0.0, 0.12474, 0.10869, 0.03185, 0.10961, 0.10414, 0.0168, 0.0745, 0.1994], [0.12474, 0.0, 0.01828, 0.09594, 0.01715, 0.02328, 0.1094, 0.05442, 0.26812], [0.10869, 0.01828, 0.0, 0.07896, 0.00114, 0.00502, 0.09306, 0.03654, 0.26293], [0.03185, 0.09594, 0.07896, 0.0, 0.07994, 0.07418, 0.01508, 0.04342, 0.22159], [0.10961, 0.01715, 0.00114, 0.07994, 0.0, 0.00616, 0.09386, 0.03761, 0.26248], [0.10414, 0.02328, 0.00502, 0.07418, 0.00616, 0.0, 0.08837, 0.03157, 0.26096], [0.0168, 0.1094, 0.09306, 0.01508, 0.09386, 0.08837, 0.0, 0.05819, 0.21181], [0.0745, 0.05442, 0.03654, 0.04342, 0.03761, 0.03157, 0.05819, 0.0, 0.24698], [0.1994, 0.26812, 0.26293, 0.22159, 0.26248, 0.26096, 0.21181, 0.24698, 0.0]], "features_1": [[0.11217689989127555, 1.0474268084534877, 0.0, 0.24786169483154885, 0.5825238897157494, 0.1304455164912937, 0.3898155320120026, 0.6843522860040672, 0.4103107252173326, 0.23396209765431975, 0.007894969482732161, 0.6072638314546166, 0.6815396845524683, 0.6912586058720771, 0.8028535739749312, 0.7131201140903868, 0.6301065912733848], [0.5509410801481991, 0.8768641660230869, 0.0, 0.2447058173851106, 0.5405615830952788, 0.1314966071044244, 0.4253922016974251, 0.6826325090850545, 0.41615136594996116, 0.20025124302002317, 0.007504523810135222, 0.5972993154970108, 0.6411434324689961, 0.6601195149892015, 0.796884821994373, 0.716848453369792, 0.6256624739252877], [0.05932460424775554, 1.0482283215161696, 0.0, 0.234540340597376, 0.5890241999324503, 0.12591736556293232, 0.369658903484703, 0.6870889492962402, 0.388012068243601, 0.22851972280521937, 0.007448685839370306, 0.6044660096491881, 0.6449212296572235, 0.6747413581727149, 0.789450424108181, 0.7214155880571289, 0.6199011340989892], [-0.14524966305827958, 1.1192875967572462, 0.0, 0.21210504566340277, 0.5979509081176545, 0.1283780658406627, 0.33399006050814606, 0.6847072610726332, 0.401091635403352, 0.24721390571157742, 0.007336964783822175, 0.6152411726233493, 0.6628909982483694, 0.6825333919846389, 0.7915254504037155, 0.7045665196704668, 0.6202436006411761], [0.283537038232506, 0.9168160415154099, 0.0, 0.25566946889322795, 0.5420871298168011, 0.13643088519637214, 0.4487996655580325, 0.6780035969406052, 0.42795687604843247, 0.21536521810955667, 0.007950687539111767, 0.6159082151580302, 0.6577679654800853, 0.6895034652430185, 0.8035652209405172, 0.7146499454200047, 0.6306745284028907], [-0.03449476745465763, 1.1037758511671871, 0.0, 0.22217794081036332, 0.599767274068015, 0.12600679583702018, 0.3065997927593152, 0.6858575352145669, 0.3902001943476303, 0.24056179744328388, 0.007448685839370306, 0.6117551006839843, 0.6540193666729922, 0.6806923923680195, 0.7825450451179269, 0.6926569894378318, 0.614376052456719], [0.07569219867143762, 1.3140835416514123, 0.0, 0.24356782221127876, 0.6433719362934909, 0.12143202410948045, 0.3982494851208024, 0.6896436970483413, 0.36191649202701615, 0.2643476659007655, 0.0066653709969386465, 0.5992013731561652, 0.6544534942857195, 0.6784284063154549, 0.7777554125515959, 0.7007600589170582, 0.5733957090137314], [0.7349162368891786, 1.13473460693947, 0.0, 0.23127211545752444, 0.6146490396515522, 0.12181385364096275, 0.5413143662020993, 0.6894602583217182, 0.3535292115662414, 0.23107259832837324, 0.00716927026363523, 0.5841552708573112, 0.6299617801111753, 0.6581647398385536, 0.7776800512156141, 0.7164440554442693, 0.6003237776798402], [0.2722195798485414, 1.368405848937941, 0.0, 0.2684047730644191, 0.6676382111649063, 0.11072762619215737, 0.5421751251645681, 0.6929455877657411, 0.2816097434277667, 0.24896908785004723, 0.005935344193631176, 0.5819667450771346, 0.6293175410963096, 0.6249292826335183, 0.7485745425241717, 0.6710398864779307, 0.5681447852836805]], "features_2": [[0.38141388184430935, 1.3494813295234223, 0.0, 0.2814910798047084, 0.6573253101134505, 0.1217377004795305, 0.533982978740012, 0.6904832713501023, 0.3587469163368229, 0.27048178001870693, 0.007281081678807366, 0.590975132032757, 0.6778558309964079, 0.7048904347776359, 0.7899623628052671, 0.6978103067999918, 0.5757188766370266], [0.5680918613196053, 1.0853671505402473, 0.0, 0.2482614718120886, 0.5919990500626526, 0.13341999942901667, 0.34395837520004663, 0.6813036575806871, 0.4235118142891716, 0.24416812135004684, 0.007894969482732161, 0.6010568235275864, 0.6650040358668695, 0.6965050553410201, 0.8020766263486376, 0.7259985508378263, 0.6137819077750976], [0.7782056734016343, 1.3673298953596469, 0.0, 0.2895094042682507, 0.6652886153323069, 0.11906889610477185, 0.5037072625885777, 0.6910826509424888, 0.3457030682913713, 0.26512529009350283, 0.007001439975721224, 0.5792678305490218, 0.6406408782406292, 0.6692008625295498, 0.7763046616778889, 0.6986554392972141, 0.5774512642142617], [0.547367919526776, 1.396139013439641, 0.0, 0.31706121285847877, 0.6744205248933884, 0.11536088379610618, 0.5715982216647291, 0.6923923987195766, 0.323997811925016, 0.2656459609196009, 0.00716927026363523, 0.5799044132981983, 0.6432929769408503, 0.6691174376357363, 0.7732561258399053, 0.6857278022699216, 0.5605390234827199], [0.6051970284861423, 1.1044620855597027, 0.0, 0.21412762372811422, 0.5919657805968707, 0.13233241969074794, 0.35754356277640087, 0.6823017842545622, 0.42528301062548857, 0.24474928083865555, 0.007950687539111767, 0.5970372608135923, 0.6604969609816422, 0.6838716064115029, 0.8028813394313354, 0.71547662320902, 0.6117129256963353], [0.9013922059242425, 1.345531361477624, 0.0, 0.28967637448444217, 0.6687938680202696, 0.11378218889511217, 0.5820296129542057, 0.6927681891000304, 0.31820865872629267, 0.2523846651270274, 0.006497131753992358, 0.570349412606505, 0.6477826555311588, 0.6676572703465068, 0.7697097392166605, 0.6889763873654605, 0.5567270390548287], [0.42968081576573036, 1.646221541187877, 0.0, 0.30866726442140746, 0.7103948980813606, 0.11386765269151464, 0.5469424582002717, 0.6926181316204106, 0.3145295535013426, 0.2966283971072097, 0.00683347364535547, 0.5830479485507287, 0.6484574700958198, 0.6492661862493073, 0.7666186871211451, 0.6638166239059873, 0.4890130656826429], [0.317633846275422, 1.4634731966890318, 0.0, 0.23693234415823305, 0.676978287733365, 0.11356812606012154, 0.398779515608112, 0.6927594087249758, 0.310552883312895, 0.2655009050455166, 0.006721420376576193, 0.5833826442054737, 0.6387371833055004, 0.6186265145053896, 0.75883624629634, 0.6857855349942931, 0.5198955457031701], [0.6068643714490278, 1.6734372521213456, 0.0, 0.26156459034972457, 0.7224081748700594, 0.10449913171659429, 0.4813655658267443, 0.6928809719647135, 0.27292455845763475, 0.2751791308804348, 0.006160242374180447, 0.58093120020885, 0.6147665670468034, 0.6063463165913232, 0.733774556081811, 0.6870831833298839, 0.47504716839422734]]}