{"labels_1": ["1", "2", "3", "4", "5", "6", "7", "8", "9"], "labels_2": ["1", "2", "3", "4", "5", "6", "7", "8", "9"], "adj_matrix_1": [[0.0, 0.12177, 0.08934, 0.08596, 0.01762, 0.18153, 0.08737, 0.25195, 0.19568], [0.12177, 0.0, 0.03435, 0.19533, 0.13774, 0.26047, 0.19638, 0.26613, 0.26702], [0.08934, 0.03435, 0.0, 0.16748, 0.10597, 0.24185, 0.1687, 0.26497, 0.25089], [0.08596, 0.19533, 0.16748, 0.0, 0.06896, 0.10844, 0.0015, 0.22319, 0.12671], [0.01762, 0.13774, 0.10597, 0.06896, 0.0, 0.1679, 0.07036, 0.24714, 0.18245], [0.18153, 0.26047, 0.24185, 0.10844, 0.1679, 0.0, 0.107, 0.15822, 0.02099], [0.08737, 0.19638, 0.1687, 0.0015, 0.07036, 0.107, 0.0, 0.22268, 0.12559], [0.25195, 0.26613, 0.26497, 0.22319, 0.24714, 0.15822, 0.22268, 0.0, 0.14245], [0.19568, 0.26702, 0.25089, 0.12671, 0.18245, 0.02099, 0.12559, 0.14245, 0.0]], "adj_matrix_2": [[0.0, 0.24177, 0.10118, 0.01202, 0.08282, 0.15498, 0.3061, 0.24391, 0.29779], [0.24177, 0.0, 0.26439, 0.23629, 0.19259, 0.1255, 0.17805, 0.00489, 0.14395], [0.10118, 0.26439, 0.0, 0.11176, 0.16922, 0.21891, 0.27525, 0.2646, 0.27642], [0.01202, 0.23629, 0.11176, 0.0, 0.07143, 0.14537, 0.30709, 0.23872, 0.29757], [0.08282, 0.19259, 0.16922, 0.07143, 0.0, 0.08084, 0.29984, 0.19573, 0.28289], [0.15498, 0.1255, 0.21891, 0.14537, 0.08084, 0.0, 0.26872, 0.12972, 0.24389], [0.3061, 0.17805, 0.27525, 0.30709, 0.29984, 0.26872, 0.0, 0.17424, 0.03841], [0.24391, 0.00489, 0.2646, 0.23872, 0.19573, 0.12972, 0.17424, 0.0, 0.13985], [0.29779, 0.14395, 0.27642, 0.29757, 0.28289, 0.24389, 0.03841, 0.13985, 0.0]], "features_1": [[0.27312326649151597, 1.2333242577330894, 0.0, 0.31039287445972424, 0.619038022103535, 0.12670949076376326, 0.4320439175498102, 0.6865761254428144, 0.37507029755113597, 0.2582490233118777, 0.007616154688146137, 0.5971561693862364, 0.6527872038532414, 0.6847450582106663, 0.7869705021921207, 0.702821495003796, 0.6197602286037591], [0.12621846429780703, 1.0759397932897243, 0.0, 0.3047395266524646, 0.5805710305078338, 0.129875757707636, 0.3356650762202378, 0.6825886914567465, 0.3934696250122889, 0.23687647293644032, 0.007616154688146137, 0.6075820794999927, 0.6519029860365209, 0.6714119878218656, 0.7882466626429117, 0.7093726099526597, 0.6111198812951604], [0.2280538530374039, 1.2179967991447307, 0.0, 0.301534200480323, 0.6162097177585144, 0.1262353693142855, 0.2977391666692661, 0.6853244239909909, 0.3791480302984842, 0.2532705150699215, 0.007504523810135222, 0.6002313505699854, 0.6379080262650433, 0.6442366957779083, 0.7772888433453519, 0.6918109972900555, 0.604941768408514], [0.4448572235245045, 1.2618046701746841, 0.0, 0.3049541729388703, 0.6268370073371533, 0.12420286349696646, 0.41058333203656333, 0.6877476532765452, 0.36586113692510325, 0.2551465305856664, 0.007616154688146137, 0.5938481773949582, 0.6287243338967532, 0.6209163954530982, 0.7766718546346659, 0.71525576762419, 0.606854795826126], [0.06340426848640002, 1.0399841084990833, 0.0, 0.3029388755341579, 0.5772417135102186, 0.1302700591528787, 0.4197221898805097, 0.6836582310666849, 0.3918096946747396, 0.22890360161596512, 0.007281081678807366, 0.6086727092007918, 0.678775117326784, 0.6929524575528068, 0.7946690167311901, 0.7098246581640251, 0.6141941892959084], [0.23567252006041128, 1.223514006216023, 0.0, 0.2878566485750428, 0.6259546908357164, 0.1215224416470699, 0.3696137312557582, 0.6887679873715875, 0.347453280989686, 0.24768023401877137, 0.007057398507269275, 0.5933381987071189, 0.6509438872636139, 0.6582864231453853, 0.7702284070358234, 0.698805059437493, 0.5913683239032907], [0.785191215946349, 1.4123066659786176, 0.0, 0.29480117059360655, 0.658223752459366, 0.11939323134513875, 0.4755811138686177, 0.6901960686074669, 0.3344463276608809, 0.27094837977959485, 0.007392832833969631, 0.5777846497672185, 0.6366225545549954, 0.6438615376240284, 0.760677133446738, 0.6919547345908154, 0.5622417424776643], [0.8132437151267453, 1.712767691760986, 0.0, 0.27445958587997515, 0.7215114886659463, 0.11018359405618948, 0.6316178892067406, 0.6929951236464109, 0.27647262147955876, 0.29341625394534265, 0.006160242374180447, 0.5555904769498978, 0.6407949634459243, 0.641915670503908, 0.7408994349969407, 0.6793215774554778, 0.5408126640850557], [0.9006383985000728, 1.8811178607062709, 0.0, 0.2741435252666733, 0.7483409943295541, 0.10555404765097645, 0.6877013479478308, 0.6930799677518121, 0.24762728582663707, 0.3028795811802003, 0.005597537371453631, 0.5707670291448612, 0.6199796955601713, 0.6237681341309481, 0.723949808950569, 0.6342057733728292, 0.518501577185781]], "features_2": [[0.46519506384557996, 1.2912175861701274, 0.0, 0.21060288832403484, 0.6171688435569305, 0.13113421011773355, 0.2608239065271512, 0.6798126646840352, 0.37956096256222405, 0.2750182110954926, 0.007560346756364078, 0.5894303023651553, 0.6531714144497991, 0.6716570981734838, 0.7859663630307888, 0.6877378567619594, 0.5964900234423702], [0.27343068939963944, 1.068528514039855, 0.0, 0.23677331849331013, 0.5679143013597555, 0.13590670058286455, 0.23393102688106565, 0.6744606334839063, 0.4165808027167779, 0.24513117930035455, 0.007950687539111767, 0.6147157227857112, 0.6489197746058515, 0.6765199460904797, 0.7930762558704457, 0.6920179878716001, 0.6219741628375547], [0.4994122294906975, 1.2437419244238126, 0.0, 0.2510715327543432, 0.6099150567594017, 0.13137131615020275, 0.24704481716547236, 0.6795729143216763, 0.3853452582467385, 0.26765158166674086, 0.00783923647221818, 0.5930962881354116, 0.654377302857831, 0.6728341804920105, 0.7847113797006411, 0.6832758386259266, 0.6057585123078699], [0.15621657148563983, 1.3288238772853498, 0.0, 0.23517499905170072, 0.6228365771196317, 0.13068943106827313, 0.21947615082845856, 0.6792555351420511, 0.38200745250401336, 0.28476849064270926, 0.007616154688146137, 0.6050417999353597, 0.6424683177278903, 0.6697749411215433, 0.7790323229237307, 0.7074027344922489, 0.5959960595210577], [0.04818217051269791, 1.110589216619292, 0.0, 0.2041821513842875, 0.5731743095912869, 0.13825295793554446, 0.22202023367300328, 0.6720612796179868, 0.42125521058283844, 0.2573486559838647, 0.007783488497544067, 0.6166213053181391, 0.6675746374627555, 0.6995172976520501, 0.7992243654418201, 0.7142519599177782, 0.6204735111776365], [0.010642706239382793, 1.1679873384257922, 0.0, 0.22108073617757548, 0.6027817713183576, 0.13073058892518757, 0.320495532552269, 0.6820487577503582, 0.3900663773789048, 0.2574555705825101, 0.007616154688146137, 0.6158068446812786, 0.6563551729784945, 0.6958436902159526, 0.7915858358540055, 0.6981892567569041, 0.6208633450154132], [-0.2634529995544357, 1.4447829779485046, 0.0, 0.21617613036722566, 0.6577144163272087, 0.12264848502259648, 0.3833592635083427, 0.6880967422416027, 0.35553264644122007, 0.2916132175391719, 0.007504523810135222, 0.6151802549070431, 0.6715019168337897, 0.6784234514116017, 0.7765750842270988, 0.6921098601678174, 0.5666956138744274], [-0.14049460136678338, 1.4826377448225618, 0.0, 0.23480336214605355, 0.6855997039758074, 0.11502687844711867, 0.6162754930990069, 0.6925114129728306, 0.3217803077742054, 0.28225613615177414, 0.0066653709969386465, 0.5976046949163454, 0.6674167108378883, 0.6816710443542232, 0.7713900903847372, 0.678592632539627, 0.5658241179383263], [-0.20239677854006688, 1.4928469508575504, 0.0, 0.21201058642705695, 0.6938114625762402, 0.11012956922421724, 0.616001779116442, 0.6931214448712499, 0.284192529875507, 0.27304615327928494, 0.006272599803500922, 0.5930828697000428, 0.6659329928677616, 0.6856981363609393, 0.7611092983553549, 0.6838958284045474, 0.5344136649689909]]}