{"labels_1": ["1", "2", "3", "4", "5", "6", "7", "8", "9"], "labels_2": ["1", "2", "3", "4", "5", "6", "7", "8", "9"], "adj_matrix_1": [[0.0, 0.01993, 0.22437, 0.21709, 0.16867, 0.27884, 0.01438, 0.27602, 0.2412], [0.01993, 0.0, 0.23782, 0.23103, 0.15073, 0.28464, 0.03423, 0.27784, 0.25321], [0.22437, 0.23782, 0.0, 0.0112, 0.31773, 0.13386, 0.21394, 0.18535, 0.02847], [0.21709, 0.23103, 0.0112, 0.0, 0.31539, 0.14318, 0.20634, 0.19251, 0.03957], [0.16867, 0.15073, 0.31773, 0.31539, 0.0, 0.30695, 0.1812, 0.27487, 0.32173], [0.27884, 0.28464, 0.13386, 0.14318, 0.30695, 0.0, 0.27374, 0.06996, 0.10905], [0.01438, 0.03423, 0.21394, 0.20634, 0.1812, 0.27374, 0.0, 0.27388, 0.23178], [0.27602, 0.27784, 0.18535, 0.19251, 0.27487, 0.06996, 0.27388, 0.0, 0.16571], [0.2412, 0.25321, 0.02847, 0.03957, 0.32173, 0.10905, 0.23178, 0.16571, 0.0]], "adj_matrix_2": [[0.0, 0.23238, 0.06282, 0.08202, 0.08004, 0.19597, 0.08543, 0.04294, 0.16743], [0.23238, 0.0, 0.18382, 0.28628, 0.16927, 0.34588, 0.28809, 0.26089, 0.08317], [0.06282, 0.18382, 0.0, 0.14203, 0.01763, 0.24739, 0.14524, 0.10456, 0.10998], [0.08202, 0.28628, 0.14203, 0.0, 0.15798, 0.12026, 0.0035, 0.03949, 0.23519], [0.08004, 0.16927, 0.01763, 0.15798, 0.0, 0.26025, 0.16107, 0.12107, 0.09312], [0.19597, 0.34588, 0.24739, 0.12026, 0.26025, 0.0, 0.11692, 0.15741, 0.31771], [0.08543, 0.28809, 0.14524, 0.0035, 0.16107, 0.11692, 0.0, 0.04298, 0.2379], [0.04294, 0.26089, 0.10456, 0.03949, 0.12107, 0.15741, 0.04298, 0.0, 0.20387], [0.16743, 0.08317, 0.10998, 0.23519, 0.09312, 0.31771, 0.2379, 0.20387, 0.0]], "features_1": [[0.05787955887324925, 1.1859083187051016, 0.0, 0.24601662853621595, 0.6179137917400006, 0.1257028209791034, 0.4383901513242833, 0.6873583869526181, 0.3661044450823616, 0.2506825557258965, 0.007225183508792421, 0.6072592267855947, 0.6605863225415801, 0.6890919221828521, 0.7919630448175417, 0.6990406004694962, 0.5959679167085338], [-0.3369104975133146, 1.0031126588420385, 0.0, 0.23330174093739942, 0.5711447880652375, 0.13076242526006465, 0.3234641646620503, 0.6820463627589037, 0.3918828466902766, 0.2280992463593936, 0.007504523810135222, 0.6280956008452077, 0.6622782106531141, 0.6573380755025635, 0.7937158515684719, 0.7044536869241829, 0.6160346061339569], [0.3396590628368039, 1.195735832512027, 0.0, 0.2702904193871701, 0.6222841581757825, 0.12497211279176035, 0.4101387800679575, 0.6874548784697565, 0.3732101399408483, 0.2510167250555986, 0.007225183508792421, 0.5921910240028392, 0.6553193982462489, 0.6923422020341712, 0.7855657658695003, 0.7130144731504685, 0.5875355094451091], [0.4530184511775559, 1.2285143725830567, 0.0, 0.2765880011899743, 0.6282553627990966, 0.12400092253439787, 0.44464957720007303, 0.6882712431748659, 0.3613054311145054, 0.25280501270600153, 0.00711334193318236, 0.5843695149694033, 0.6509480042854715, 0.670127021794745, 0.7852249205860954, 0.6974719364758643, 0.5832426587618117], [-0.06515372875354997, 1.1926085348590632, 0.0, 0.18594799230380338, 0.6122934678411078, 0.1275579345324879, 0.40201657442609007, 0.6858744971420145, 0.37441511371451597, 0.25465236800882174, 0.007504523810135222, 0.6290726416313119, 0.6529654205447543, 0.6735212161031968, 0.7920835652890031, 0.6924515385785288, 0.5839693167958904], [0.7837950354161944, 1.2091375625676997, 0.0, 0.2804678916193049, 0.6259955075672075, 0.125590553420018, 0.42683187590258953, 0.6876764175987276, 0.379131162314829, 0.2517363243373414, 0.007504523810135222, 0.5806998190715911, 0.6646878369829502, 0.6865886176549185, 0.7894347960383808, 0.712299383001764, 0.5790154423261182], [0.37053287358209364, 1.4391217505785379, 0.0, 0.25801290916376146, 0.6761773525860993, 0.11529460773432164, 0.5186763923413104, 0.6921933738960371, 0.31468676738409984, 0.2675117208024984, 0.006104040759826512, 0.585636468304545, 0.642784343294103, 0.6548169855192143, 0.768328437175276, 0.7064273549453114, 0.5311195212908626], [0.814504481802881, 1.3196136950091246, 0.0, 0.2998187122616782, 0.6511138419612704, 0.11931918199171922, 0.4723875978691652, 0.690817999461308, 0.3323654042711526, 0.25592626662917617, 0.00711334193318236, 0.5724073514801189, 0.648438867520735, 0.6521874680269403, 0.775453861886336, 0.697289258328733, 0.5761593296931375], [0.6841003164288764, 1.2349394262813624, 0.0, 0.318698222445382, 0.6483803961864284, 0.11088516570501113, 0.564711711009015, 0.6930259854918794, 0.3058092799693062, 0.2315533985222631, 0.006497131753992358, 0.5726413347601484, 0.6465475664696116, 0.6519620164680487, 0.7602206496591013, 0.7030509777054896, 0.5436832734668124]], "features_2": [[-0.1656855152525405, 1.2647106370644567, 0.0, 0.26664743145847536, 0.6243277895588418, 0.1305505001895078, 0.2911319700663668, 0.6822328418129501, 0.3920677464939202, 0.2723849691278555, 0.007616154688146137, 0.6160776728623185, 0.6634633111695534, 0.6825854562891286, 0.7895365384659394, 0.7154696280760396, 0.6061091932126722], [0.191470511067668, 1.0555782841498738, 0.0, 0.25697372531608065, 0.5834349673042136, 0.13128758720737227, 0.2894345583318689, 0.6819648328919932, 0.40578298570108084, 0.2355916028797045, 0.00783923647221818, 0.6010696436755496, 0.6616410966045964, 0.6838608309918514, 0.7930266877087673, 0.6928809115134151, 0.6133240263885659], [-0.15484353974358456, 1.250371146029884, 0.0, 0.25434112446595913, 0.6238027542387182, 0.1289019039893043, 0.26739205915155184, 0.6835253611306252, 0.3820684995066923, 0.26637298494396844, 0.00716927026363523, 0.6151335536796672, 0.6714211309038324, 0.6784963542582259, 0.7826692235670085, 0.6935699421746978, 0.5988328384025721], [-0.06375431597658565, 1.2262016695478803, 0.0, 0.2756213677404386, 0.6203613228669341, 0.12896610453975266, 0.2873871755925258, 0.6838912555824739, 0.3908438031063648, 0.2627185788208559, 0.007727725548673403, 0.6161008236065033, 0.6528552453259229, 0.6704386688135554, 0.7858532858257562, 0.6994146104156879, 0.6077655512808819], [0.15620369808734758, 1.090180288327122, 0.0, 0.2641015848987157, 0.6045951739774643, 0.12281092911277555, 0.47609310550572415, 0.6897651841317229, 0.3597367250517831, 0.2276690030021724, 0.007504523810135222, 0.611410494837394, 0.6609977185856698, 0.6641940026346254, 0.7897396209402222, 0.7091115587710999, 0.5989573469430934], [-0.20549043126885724, 1.2701796586247718, 0.0, 0.2849870367380942, 0.6364780738082645, 0.12483913990871928, 0.344761049514468, 0.6874218340039495, 0.36567737847676507, 0.26521391496019353, 0.007281081678807366, 0.6218978111053262, 0.6413973050671034, 0.6636249818098, 0.7810954672041249, 0.6828573492565011, 0.5930941608182819], [0.04117506953093164, 1.3229947740811066, 0.0, 0.2903682605413953, 0.6490195147163481, 0.11927082654324768, 0.38839293969369565, 0.6905032434971328, 0.3444400861956871, 0.26310254593110605, 0.00683347364535547, 0.6129604946800917, 0.6453227218449658, 0.6632836453005467, 0.77063517996576, 0.6888265978766455, 0.594324637393549], [0.2174354446584088, 1.5958295046316553, 0.0, 0.26659132526277796, 0.7109842534923845, 0.10841134151405984, 0.5006411279116854, 0.6931278237674445, 0.27959881911534823, 0.27656337269693054, 0.006047823865199753, 0.5932874532353916, 0.6299641856711284, 0.6148627784485861, 0.7467773924888909, 0.6483510464784505, 0.5285816886473034], [0.11752800055910395, 1.572483335029609, 0.0, 0.24416065903422687, 0.7017009247582886, 0.11001886170477823, 0.42012562715173163, 0.6929267503103167, 0.28652894786368166, 0.2809319417610423, 0.006272599803500922, 0.5909249678293418, 0.6450379160724001, 0.6493026492577333, 0.7457113195207458, 0.6799785843349265, 0.5470074896423903]]}