{"labels_1": ["1", "2", "3", "4", "5", "6", "7", "8", "9"], "labels_2": ["1", "2", "3", "4", "5", "6", "7", "8", "9"], "adj_matrix_1": [[0.0, 0.01993, 0.22437, 0.21709, 0.16867, 0.27884, 0.01438, 0.27602, 0.2412], [0.01993, 0.0, 0.23782, 0.23103, 0.15073, 0.28464, 0.03423, 0.27784, 0.25321], [0.22437, 0.23782, 0.0, 0.0112, 0.31773, 0.13386, 0.21394, 0.18535, 0.02847], [0.21709, 0.23103, 0.0112, 0.0, 0.31539, 0.14318, 0.20634, 0.19251, 0.03957], [0.16867, 0.15073, 0.31773, 0.31539, 0.0, 0.30695, 0.1812, 0.27487, 0.32173], [0.27884, 0.28464, 0.13386, 0.14318, 0.30695, 0.0, 0.27374, 0.06996, 0.10905], [0.01438, 0.03423, 0.21394, 0.20634, 0.1812, 0.27374, 0.0, 0.27388, 0.23178], [0.27602, 0.27784, 0.18535, 0.19251, 0.27487, 0.06996, 0.27388, 0.0, 0.16571], [0.2412, 0.25321, 0.02847, 0.03957, 0.32173, 0.10905, 0.23178, 0.16571, 0.0]], "adj_matrix_2": [[0.0, 0.03603, 0.11452, 0.00687, 0.13971, 0.07537, 0.19991, 0.29614, 0.11347], [0.03603, 0.0, 0.14627, 0.02922, 0.17001, 0.10931, 0.22436, 0.30745, 0.07996], [0.11452, 0.14627, 0.0, 0.12076, 0.02794, 0.04137, 0.09888, 0.22884, 0.2072], [0.00687, 0.02922, 0.12076, 0.0, 0.14566, 0.08196, 0.2049, 0.29872, 0.10725], [0.13971, 0.17001, 0.02794, 0.14566, 0.0, 0.06886, 0.07184, 0.20727, 0.2255], [0.07537, 0.10931, 0.04137, 0.08196, 0.06886, 0.0, 0.13719, 0.25707, 0.17722], [0.19991, 0.22436, 0.09888, 0.2049, 0.07184, 0.13719, 0.0, 0.14527, 0.26523], [0.29614, 0.30745, 0.22884, 0.29872, 0.20727, 0.25707, 0.14527, 0.0, 0.31625], [0.11347, 0.07996, 0.2072, 0.10725, 0.2255, 0.17722, 0.26523, 0.31625, 0.0]], "features_1": [[0.05787955887324925, 1.1859083187051016, 0.0, 0.24601662853621595, 0.6179137917400006, 0.1257028209791034, 0.4383901513242833, 0.6873583869526181, 0.3661044450823616, 0.2506825557258965, 0.007225183508792421, 0.6072592267855947, 0.6605863225415801, 0.6890919221828521, 0.7919630448175417, 0.6990406004694962, 0.5959679167085338], [-0.3369104975133146, 1.0031126588420385, 0.0, 0.23330174093739942, 0.5711447880652375, 0.13076242526006465, 0.3234641646620503, 0.6820463627589037, 0.3918828466902766, 0.2280992463593936, 0.007504523810135222, 0.6280956008452077, 0.6622782106531141, 0.6573380755025635, 0.7937158515684719, 0.7044536869241829, 0.6160346061339569], [0.3396590628368039, 1.195735832512027, 0.0, 0.2702904193871701, 0.6222841581757825, 0.12497211279176035, 0.4101387800679575, 0.6874548784697565, 0.3732101399408483, 0.2510167250555986, 0.007225183508792421, 0.5921910240028392, 0.6553193982462489, 0.6923422020341712, 0.7855657658695003, 0.7130144731504685, 0.5875355094451091], [0.4530184511775559, 1.2285143725830567, 0.0, 0.2765880011899743, 0.6282553627990966, 0.12400092253439787, 0.44464957720007303, 0.6882712431748659, 0.3613054311145054, 0.25280501270600153, 0.00711334193318236, 0.5843695149694033, 0.6509480042854715, 0.670127021794745, 0.7852249205860954, 0.6974719364758643, 0.5832426587618117], [-0.06515372875354997, 1.1926085348590632, 0.0, 0.18594799230380338, 0.6122934678411078, 0.1275579345324879, 0.40201657442609007, 0.6858744971420145, 0.37441511371451597, 0.25465236800882174, 0.007504523810135222, 0.6290726416313119, 0.6529654205447543, 0.6735212161031968, 0.7920835652890031, 0.6924515385785288, 0.5839693167958904], [0.7837950354161944, 1.2091375625676997, 0.0, 0.2804678916193049, 0.6259955075672075, 0.125590553420018, 0.42683187590258953, 0.6876764175987276, 0.379131162314829, 0.2517363243373414, 0.007504523810135222, 0.5806998190715911, 0.6646878369829502, 0.6865886176549185, 0.7894347960383808, 0.712299383001764, 0.5790154423261182], [0.37053287358209364, 1.4391217505785379, 0.0, 0.25801290916376146, 0.6761773525860993, 0.11529460773432164, 0.5186763923413104, 0.6921933738960371, 0.31468676738409984, 0.2675117208024984, 0.006104040759826512, 0.585636468304545, 0.642784343294103, 0.6548169855192143, 0.768328437175276, 0.7064273549453114, 0.5311195212908626], [0.814504481802881, 1.3196136950091246, 0.0, 0.2998187122616782, 0.6511138419612704, 0.11931918199171922, 0.4723875978691652, 0.690817999461308, 0.3323654042711526, 0.25592626662917617, 0.00711334193318236, 0.5724073514801189, 0.648438867520735, 0.6521874680269403, 0.775453861886336, 0.697289258328733, 0.5761593296931375], [0.6841003164288764, 1.2349394262813624, 0.0, 0.318698222445382, 0.6483803961864284, 0.11088516570501113, 0.564711711009015, 0.6930259854918794, 0.3058092799693062, 0.2315533985222631, 0.006497131753992358, 0.5726413347601484, 0.6465475664696116, 0.6519620164680487, 0.7602206496591013, 0.7030509777054896, 0.5436832734668124]], "features_2": [[0.5826968984422893, 1.549746637434921, 0.0, 0.2659840284372338, 0.6818155064628644, 0.1187919279226919, 0.4319309314081636, 0.6905767882405678, 0.3264963251439965, 0.2899660256346581, 0.007001439975721224, 0.5866632471112649, 0.6356183693823498, 0.6467559599050883, 0.7702661380444534, 0.694975284741291, 0.5673542957095199], [0.8431726511934126, 1.2607388593117212, 0.0, 0.2584722904687591, 0.6294019166407455, 0.12507705058706442, 0.45443535103484367, 0.6875467511334314, 0.3717720247833527, 0.25586626871591167, 0.00711334193318236, 0.580811354480036, 0.6368499518087812, 0.6468913866614696, 0.784157846080431, 0.694290165267217, 0.5864240842757764], [0.67902044427924, 1.5159904390380656, 0.0, 0.2729233901997508, 0.6784704977897312, 0.1174485181369208, 0.46146060580680837, 0.6911232166265924, 0.3237105225823178, 0.28384575644406795, 0.007001439975721224, 0.5892209346071948, 0.6271350002460291, 0.6288323922073987, 0.7660722347008319, 0.6815619535354432, 0.5665167647874659], [0.5189075212500827, 1.5473362407515867, 0.0, 0.26157572204581, 0.6785530808467741, 0.11988459740452628, 0.403117728420915, 0.6899369641099201, 0.32378580695504033, 0.29127807766506697, 0.006889477554966383, 0.5904962965880838, 0.6501162793781127, 0.6536141859743906, 0.7708643616058755, 0.6738287058641692, 0.5832830536833427], [0.4838795164504832, 1.199081548140727, 0.0, 0.2259258719688925, 0.6076959472736259, 0.13041969283720245, 0.4350007886274433, 0.6839766425968431, 0.389700066147457, 0.25160080108504856, 0.007894969482732161, 0.5989653996884017, 0.6487543379220586, 0.6402893486955007, 0.794951192711783, 0.7305021705775012, 0.6066284346373352], [0.658850243491619, 1.463076139446182, 0.0, 0.2614574723798716, 0.6723590732555272, 0.11751616246137808, 0.5283742100051647, 0.69132981751793, 0.33224838814043123, 0.2781072811616221, 0.007225183508792421, 0.5882192337564014, 0.6291057099615145, 0.6432667389677316, 0.7681124504987689, 0.693142094575992, 0.579210616477747], [0.14726050485027864, 1.5324681168202847, 0.0, 0.22879444569085386, 0.669024736176338, 0.12258729600061866, 0.3962551612844315, 0.6884613442355896, 0.32541830348085643, 0.29377420766704176, 0.00677745458930179, 0.5983393791895093, 0.6371943776046657, 0.6325518521380149, 0.7781817254268113, 0.6722819096928612, 0.5894700657335622], [0.06792183628902304, 1.3903983414161425, 0.0, 0.2710867230510742, 0.6557890567442234, 0.1204479398858011, 0.48716940691379307, 0.6894182045764892, 0.34392660449789125, 0.2732917620410633, 0.007336964783822175, 0.606114116359741, 0.6338337832241846, 0.6472697229815867, 0.7598318988763167, 0.6766096441589826, 0.5993688373052454], [1.0986199151234226, 1.5194251279965665, 0.0, 0.32551823252677503, 0.6819019622299766, 0.11416370083201474, 0.42135009674212043, 0.6918588508682992, 0.3094451281196984, 0.27380604099791617, 0.00711334193318236, 0.5655594877398569, 0.6144408411872858, 0.6111034268965126, 0.7480254325948396, 0.6534660572915312, 0.570226166895895]]}