{"labels_1": ["1", "2", "3", "4", "5", "6", "7", "8", "9"], "labels_2": ["1", "2", "3", "4", "5", "6", "7", "8", "9"], "adj_matrix_1": [[0.0, 0.13862, 0.18867, 0.08684, 0.22045, 0.25702, 0.19694, 0.30931, 0.20021], [0.13862, 0.0, 0.05686, 0.05457, 0.09628, 0.14587, 0.30372, 0.25405, 0.07069], [0.18867, 0.05686, 0.0, 0.10985, 0.04056, 0.09331, 0.33377, 0.22086, 0.01416], [0.08684, 0.05457, 0.10985, 0.0, 0.14692, 0.1923, 0.26767, 0.27969, 0.12307], [0.22045, 0.09628, 0.04056, 0.14692, 0.0, 0.05391, 0.34871, 0.19307, 0.02646], [0.25702, 0.14587, 0.09331, 0.1923, 0.05391, 0.0, 0.36104, 0.15102, 0.07973], [0.19694, 0.30372, 0.33377, 0.26767, 0.34871, 0.36104, 0.0, 0.33573, 0.33988], [0.30931, 0.25405, 0.22086, 0.27969, 0.19307, 0.15102, 0.33573, 0.0, 0.21151], [0.20021, 0.07069, 0.01416, 0.12307, 0.02646, 0.07973, 0.33988, 0.21151, 0.0]], "adj_matrix_2": [[0.0, 0.15115, 0.17234, 0.18638, 0.12774, 0.20501, 0.07183, 0.11556, 0.1987], [0.15115, 0.0, 0.24498, 0.24519, 0.02733, 0.23851, 0.08635, 0.22658, 0.24134], [0.17234, 0.24498, 0.0, 0.02468, 0.23722, 0.06882, 0.21305, 0.0741, 0.052], [0.18638, 0.24519, 0.02468, 0.0, 0.23966, 0.04518, 0.2209, 0.09658, 0.02794], [0.12774, 0.02733, 0.23722, 0.23966, 0.0, 0.23689, 0.06002, 0.21195, 0.23823], [0.20501, 0.23851, 0.06882, 0.04518, 0.23689, 0.0, 0.22727, 0.13351, 0.01738], [0.07183, 0.08635, 0.21305, 0.2209, 0.06002, 0.22727, 0.0, 0.17351, 0.22647], [0.11556, 0.22658, 0.0741, 0.09658, 0.21195, 0.13351, 0.17351, 0.0, 0.12032], [0.1987, 0.24134, 0.052, 0.02794, 0.23823, 0.01738, 0.22647, 0.12032, 0.0]], "features_1": [[-0.19763337390664937, 1.181913688983943, 0.0, 0.22782279856249926, 0.6024971999398114, 0.13213297748765646, 0.2705400382912096, 0.680042641849359, 0.39834685963591876, 0.26286328187248986, 0.007671947615560004, 0.6254670203523927, 0.6626848574423561, 0.6926472698193074, 0.7904230289861162, 0.7137343058532127, 0.61603683292467], [0.1605369459117041, 0.9744506612056384, 0.0, 0.22770059747394586, 0.5533819409544067, 0.13490729736705845, 0.2613997783646461, 0.6773146862777333, 0.41039907478952253, 0.22304807909591817, 0.007894969482732161, 0.6073631607885934, 0.6634404451476994, 0.6717725135154148, 0.7960890410694269, 0.7022555968989528, 0.6255298449280442], [-0.017649947482028416, 1.1573474582437566, 0.0, 0.2482014859315083, 0.6052529901274243, 0.1268139514293038, 0.2817278091207818, 0.6843492105352709, 0.36510853754588757, 0.24752879230309333, 0.007392832833969631, 0.6074333214107903, 0.6422642688638185, 0.655790546756363, 0.7772789758217591, 0.6897786347605395, 0.6146677239555511], [-0.17192333523573788, 1.2426063661360482, 0.0, 0.23584426792951235, 0.6169202448080408, 0.12742376834505983, 0.2515000258338226, 0.6832501668869331, 0.3676684248494053, 0.26474897015184906, 0.007225183508792421, 0.6176344026755975, 0.6430014919796074, 0.6565097094317204, 0.7750396481660808, 0.7011289794390655, 0.606134099729482], [0.1095386915505947, 0.9938689653018332, 0.0, 0.2496669731984654, 0.5639005779908401, 0.13358243160572958, 0.3780418015880528, 0.6809782253520091, 0.4076779910872579, 0.22585510321447022, 0.007671947615560004, 0.608345936173472, 0.6558730919423187, 0.6917185161179695, 0.8009437674017894, 0.7134381030296201, 0.6132788151509068], [0.34029322784837923, 1.2010226624752955, 0.0, 0.2712495839993798, 0.6219496990300382, 0.12168694553902847, 0.3516150618722428, 0.6885134883162982, 0.3401804092390681, 0.24295617510108825, 0.007057398507269275, 0.5962720784814739, 0.640203197432909, 0.6533021653297074, 0.7714046113491098, 0.7076631023845549, 0.604372018781034], [-0.40920684335864177, 1.2465448267606143, 0.0, 0.24653535709124452, 0.6288851677809606, 0.11934619128767406, 0.3272531764339341, 0.6894318821241819, 0.32439959577594246, 0.25300930646183484, 0.00677745458930179, 0.6228713507423205, 0.6413932707515005, 0.6489566168935611, 0.7627130665655857, 0.7021162043828131, 0.5798572593448635], [0.1337224871212772, 1.2758775539203533, 0.0, 0.26027120554172306, 0.6448610559696066, 0.11617233606075493, 0.5205571624017061, 0.6919013484128274, 0.3132962371674699, 0.24887748651188102, 0.006609306440138685, 0.5828386446396845, 0.6370765765509276, 0.654014182857797, 0.7679288481650135, 0.6829723076218378, 0.5298241802195307], [-0.05977467918351698, 1.3100874312339088, 0.0, 0.31455759796267824, 0.6502950986926944, 0.1149260019989434, 0.42601948570290843, 0.691857809631242, 0.31497886006411835, 0.25509336893266066, 0.00683347364535547, 0.6008142556667169, 0.6600322750511157, 0.6683594838200299, 0.7611407851851553, 0.6906770805940172, 0.5647685960223623]], "features_2": [[0.31710715736134665, 1.1348303618302364, 0.0, 0.275538923818463, 0.5816981570162316, 0.1369199696025846, 0.27139547250118595, 0.6730353045248918, 0.4428875231992708, 0.26006422629837145, 0.008507047823598457, 0.6107775286594874, 0.6442952186409219, 0.6813214205624818, 0.7960165465133484, 0.717924228015831, 0.6270676998298851], [0.7174045275221403, 0.8907692989717528, 0.0, 0.2707503374751409, 0.5206560952289847, 0.13760229305490018, 0.3137618857474628, 0.6727510943479362, 0.4599328448859563, 0.2119098645745252, 0.008173410423425675, 0.6084162994855382, 0.6466752887284348, 0.6835491012676442, 0.8053968425313996, 0.7230950769397587, 0.6300221089323358], [1.250206686029073, 1.092591411994646, 0.0, 0.28510526470004227, 0.5784572308926921, 0.13209573759205961, 0.27773302840959246, 0.6774950140948167, 0.4271765274754784, 0.23985600049839562, 0.008062078829516484, 0.5832618737793096, 0.6217552723698959, 0.6413504363865971, 0.7873689414817782, 0.728045609464192, 0.6184038843528201], [0.9739159274227909, 1.1985904767620228, 0.0, 0.33931917964822317, 0.6016096208794689, 0.13175438840890913, 0.2810047614574934, 0.6786537720869157, 0.4226465370590897, 0.26043707090552615, 0.00783923647221818, 0.59156466450045, 0.6353804744483947, 0.6475580245929615, 0.7865465549365592, 0.7126834103284041, 0.6098980046187604], [0.7868725631328579, 0.8941621502451831, 0.0, 0.3044103567459954, 0.524599207495337, 0.1369518815171844, 0.35373493558359714, 0.6753601667810847, 0.45145912075963035, 0.21094036844344988, 0.008618141428105908, 0.5998644830213848, 0.6554908862131771, 0.6687302875311993, 0.809844739187933, 0.7182998165498825, 0.6285870515338144], [1.90887631149974, 1.141747840672332, 0.0, 0.35002881837889166, 0.5975544115994533, 0.12819453403959627, 0.3317683716579388, 0.6831587274731423, 0.41304941428415587, 0.24194709694459138, 0.007616154688146137, 0.5661082299615172, 0.6206299753758943, 0.6583564092519519, 0.7846487700130877, 0.7155102962354957, 0.6018537084807319], [0.6013989978346026, 1.3609158605867666, 0.0, 0.3132178008317391, 0.6507800946082181, 0.12050739088763837, 0.3957269747942824, 0.6893361429972976, 0.3512017226098434, 0.26899750132797595, 0.007057398507269275, 0.5942286982394969, 0.6460086674542044, 0.6628527017523504, 0.7710735630861959, 0.6860262709863924, 0.5530765761241951], [1.7785062128472164, 1.4380929599943661, 0.0, 0.33224629974150544, 0.6758405412604357, 0.11433249462205519, 0.5260908736135527, 0.69238556645472, 0.3360638071428712, 0.2614334321241032, 0.007392832833969631, 0.5597552339864484, 0.6389775315831635, 0.6129444916753503, 0.7641678501926883, 0.7031954271878816, 0.5086744598116147], [2.01951069370591, 1.6719560675065566, 0.0, 0.347758564183049, 0.7203236354061472, 0.10606090390567667, 0.5440198125348644, 0.6931120616693355, 0.2955502636259586, 0.27864423760392043, 0.006328755639155359, 0.5512452540994739, 0.6119109727149769, 0.603727409724765, 0.7417329766633287, 0.6778701421204387, 0.4565683660605996]]}