{"labels_1": ["1", "2", "3", "4", "5", "6", "7", "8", "9"], "labels_2": ["1", "2", "3", "4", "5", "6", "7", "8", "9"], "adj_matrix_1": [[0.0, 0.13862, 0.18867, 0.08684, 0.22045, 0.25702, 0.19694, 0.30931, 0.20021], [0.13862, 0.0, 0.05686, 0.05457, 0.09628, 0.14587, 0.30372, 0.25405, 0.07069], [0.18867, 0.05686, 0.0, 0.10985, 0.04056, 0.09331, 0.33377, 0.22086, 0.01416], [0.08684, 0.05457, 0.10985, 0.0, 0.14692, 0.1923, 0.26767, 0.27969, 0.12307], [0.22045, 0.09628, 0.04056, 0.14692, 0.0, 0.05391, 0.34871, 0.19307, 0.02646], [0.25702, 0.14587, 0.09331, 0.1923, 0.05391, 0.0, 0.36104, 0.15102, 0.07973], [0.19694, 0.30372, 0.33377, 0.26767, 0.34871, 0.36104, 0.0, 0.33573, 0.33988], [0.30931, 0.25405, 0.22086, 0.27969, 0.19307, 0.15102, 0.33573, 0.0, 0.21151], [0.20021, 0.07069, 0.01416, 0.12307, 0.02646, 0.07973, 0.33988, 0.21151, 0.0]], "adj_matrix_2": [[0.0, 0.23983, 0.00228, 0.13483, 0.03535, 0.17534, 0.16053, 0.23157, 0.28613], [0.23983, 0.0, 0.2388, 0.2737, 0.22461, 0.27761, 0.27395, 0.27764, 0.27126], [0.00228, 0.2388, 0.0, 0.13689, 0.03309, 0.17724, 0.16254, 0.23319, 0.2874], [0.13483, 0.2737, 0.13689, 0.0, 0.16538, 0.04611, 0.02958, 0.1151, 0.18886], [0.03535, 0.22461, 0.03309, 0.16538, 0.0, 0.20309, 0.18898, 0.25417, 0.30214], [0.17534, 0.27761, 0.17724, 0.04611, 0.20309, 0.0, 0.01655, 0.07055, 0.148], [0.16053, 0.27395, 0.16254, 0.02958, 0.18898, 0.01655, 0.0, 0.08664, 0.16308], [0.23157, 0.27764, 0.23319, 0.1151, 0.25417, 0.07055, 0.08664, 0.0, 0.0806], [0.28613, 0.27126, 0.2874, 0.18886, 0.30214, 0.148, 0.16308, 0.0806, 0.0]], "features_1": [[-0.19763337390664937, 1.181913688983943, 0.0, 0.22782279856249926, 0.6024971999398114, 0.13213297748765646, 0.2705400382912096, 0.680042641849359, 0.39834685963591876, 0.26286328187248986, 0.007671947615560004, 0.6254670203523927, 0.6626848574423561, 0.6926472698193074, 0.7904230289861162, 0.7137343058532127, 0.61603683292467], [0.1605369459117041, 0.9744506612056384, 0.0, 0.22770059747394586, 0.5533819409544067, 0.13490729736705845, 0.2613997783646461, 0.6773146862777333, 0.41039907478952253, 0.22304807909591817, 0.007894969482732161, 0.6073631607885934, 0.6634404451476994, 0.6717725135154148, 0.7960890410694269, 0.7022555968989528, 0.6255298449280442], [-0.017649947482028416, 1.1573474582437566, 0.0, 0.2482014859315083, 0.6052529901274243, 0.1268139514293038, 0.2817278091207818, 0.6843492105352709, 0.36510853754588757, 0.24752879230309333, 0.007392832833969631, 0.6074333214107903, 0.6422642688638185, 0.655790546756363, 0.7772789758217591, 0.6897786347605395, 0.6146677239555511], [-0.17192333523573788, 1.2426063661360482, 0.0, 0.23584426792951235, 0.6169202448080408, 0.12742376834505983, 0.2515000258338226, 0.6832501668869331, 0.3676684248494053, 0.26474897015184906, 0.007225183508792421, 0.6176344026755975, 0.6430014919796074, 0.6565097094317204, 0.7750396481660808, 0.7011289794390655, 0.606134099729482], [0.1095386915505947, 0.9938689653018332, 0.0, 0.2496669731984654, 0.5639005779908401, 0.13358243160572958, 0.3780418015880528, 0.6809782253520091, 0.4076779910872579, 0.22585510321447022, 0.007671947615560004, 0.608345936173472, 0.6558730919423187, 0.6917185161179695, 0.8009437674017894, 0.7134381030296201, 0.6132788151509068], [0.34029322784837923, 1.2010226624752955, 0.0, 0.2712495839993798, 0.6219496990300382, 0.12168694553902847, 0.3516150618722428, 0.6885134883162982, 0.3401804092390681, 0.24295617510108825, 0.007057398507269275, 0.5962720784814739, 0.640203197432909, 0.6533021653297074, 0.7714046113491098, 0.7076631023845549, 0.604372018781034], [-0.40920684335864177, 1.2465448267606143, 0.0, 0.24653535709124452, 0.6288851677809606, 0.11934619128767406, 0.3272531764339341, 0.6894318821241819, 0.32439959577594246, 0.25300930646183484, 0.00677745458930179, 0.6228713507423205, 0.6413932707515005, 0.6489566168935611, 0.7627130665655857, 0.7021162043828131, 0.5798572593448635], [0.1337224871212772, 1.2758775539203533, 0.0, 0.26027120554172306, 0.6448610559696066, 0.11617233606075493, 0.5205571624017061, 0.6919013484128274, 0.3132962371674699, 0.24887748651188102, 0.006609306440138685, 0.5828386446396845, 0.6370765765509276, 0.654014182857797, 0.7679288481650135, 0.6829723076218378, 0.5298241802195307], [-0.05977467918351698, 1.3100874312339088, 0.0, 0.31455759796267824, 0.6502950986926944, 0.1149260019989434, 0.42601948570290843, 0.691857809631242, 0.31497886006411835, 0.25509336893266066, 0.00683347364535547, 0.6008142556667169, 0.6600322750511157, 0.6683594838200299, 0.7611407851851553, 0.6906770805940172, 0.5647685960223623]], "features_2": [[0.05728419150825692, 1.2782855521410583, 0.0, 0.17411680584317396, 0.616682055943297, 0.1331295748015814, 0.3052322414573325, 0.6791536533284506, 0.3870793836717865, 0.2779870527914696, 0.007560346756364078, 0.6186956875971057, 0.6626516960729937, 0.6743142322268532, 0.7931241675069914, 0.7200074100540581, 0.6195311008681967], [0.38173956581389, 1.0487911193570012, 0.0, 0.19489113127951288, 0.571501251982522, 0.1343690609143627, 0.3906545759314504, 0.6781615523564118, 0.3970496866502977, 0.23605228365724829, 0.007671947615560004, 0.5990122379240446, 0.658115621192236, 0.6891741398695058, 0.793947064175079, 0.7083861385269046, 0.619998139827434], [0.30557899414872347, 1.324216459275904, 0.0, 0.21556013792923676, 0.6278186203367869, 0.13087495948700095, 0.2965860380348886, 0.6804985467201967, 0.3910397580593026, 0.2829853339061026, 0.007671947615560004, 0.6155749483093125, 0.6418134783662145, 0.6690616898521019, 0.7827346557819224, 0.6828065292073972, 0.6086375958205322], [0.254371177604515, 1.4055027499854167, 0.0, 0.22110172576600345, 0.6406415470807414, 0.1318312052825583, 0.3189474131805973, 0.6796709825774588, 0.39590920851512457, 0.2967760035443765, 0.007894969482732161, 0.6182764690788876, 0.643896953916761, 0.6702339657293174, 0.7837082982014569, 0.7010132826704066, 0.6083986860197572], [-0.06790750858151284, 1.1624908266663716, 0.0, 0.22303440850088152, 0.6069163784875924, 0.1275406664967988, 0.5378476697463199, 0.6857616365790447, 0.3786178628339747, 0.25050600894016073, 0.007448685839370306, 0.6104349498550699, 0.671811698612447, 0.701929617783581, 0.7887625282701253, 0.7050145310173564, 0.6034935307175805], [0.1996142264142482, 1.360858143351922, 0.0, 0.2429118318996155, 0.6423161096550316, 0.1282358504329127, 0.4619309640457686, 0.6843716489085081, 0.38935530049775013, 0.28291125214558677, 0.007783488497544067, 0.6128234907068557, 0.6426469736174617, 0.6493361063521721, 0.7820663508778993, 0.7007669647707955, 0.606899989463591], [0.2615748421732298, 1.8213548415095686, 0.0, 0.24205730680287812, 0.7184396763270494, 0.11910126731162629, 0.5442106824997005, 0.6906496159313438, 0.3283861845629139, 0.3294539214177523, 0.006889477554966383, 0.6007894459144023, 0.6543401043467842, 0.6494406061364301, 0.7706421721803752, 0.7093180176468284, 0.5238416041168261], [0.024706986747221382, 1.4133954871991652, 0.0, 0.23287207396452136, 0.675628422788776, 0.11381122642672237, 0.8060680154137337, 0.6927045279951022, 0.30186322088724893, 0.2637544036146513, 0.0064410216040902135, 0.5968489689739713, 0.6575431080964327, 0.6592967185539438, 0.7624228798346131, 0.7018213449720888, 0.5276513268088152], [-0.017081882246575475, 1.5372482320557501, 0.0, 0.24041973486034607, 0.6965650929499204, 0.11033563143359813, 0.8857120861428605, 0.693074841367409, 0.2852687048844933, 0.2777170930348458, 0.006328755639155359, 0.5977633142132293, 0.6470334143094457, 0.6575778709827766, 0.7468888967758328, 0.6772803414580212, 0.5149665050014623]]}