{"labels_1": ["1", "2", "3", "4", "5", "6", "7", "8", "9"], "labels_2": ["1", "2", "3", "4", "5", "6", "7", "8", "9"], "adj_matrix_1": [[0.0, 0.13862, 0.18867, 0.08684, 0.22045, 0.25702, 0.19694, 0.30931, 0.20021], [0.13862, 0.0, 0.05686, 0.05457, 0.09628, 0.14587, 0.30372, 0.25405, 0.07069], [0.18867, 0.05686, 0.0, 0.10985, 0.04056, 0.09331, 0.33377, 0.22086, 0.01416], [0.08684, 0.05457, 0.10985, 0.0, 0.14692, 0.1923, 0.26767, 0.27969, 0.12307], [0.22045, 0.09628, 0.04056, 0.14692, 0.0, 0.05391, 0.34871, 0.19307, 0.02646], [0.25702, 0.14587, 0.09331, 0.1923, 0.05391, 0.0, 0.36104, 0.15102, 0.07973], [0.19694, 0.30372, 0.33377, 0.26767, 0.34871, 0.36104, 0.0, 0.33573, 0.33988], [0.30931, 0.25405, 0.22086, 0.27969, 0.19307, 0.15102, 0.33573, 0.0, 0.21151], [0.20021, 0.07069, 0.01416, 0.12307, 0.02646, 0.07973, 0.33988, 0.21151, 0.0]], "adj_matrix_2": [[0.0, 0.20743, 0.22174, 0.25515, 0.12961, 0.26105, 0.20031, 0.2535, 0.26596], [0.20743, 0.0, 0.36246, 0.37502, 0.08374, 0.06179, 0.35167, 0.21673, 0.37764], [0.22174, 0.36246, 0.0, 0.04687, 0.31502, 0.39125, 0.02693, 0.26207, 0.06371], [0.25515, 0.37502, 0.04687, 0.0, 0.33597, 0.39786, 0.07326, 0.25453, 0.01716], [0.12961, 0.08374, 0.31502, 0.33597, 0.0, 0.14397, 0.30007, 0.23205, 0.34192], [0.26105, 0.06179, 0.39125, 0.39786, 0.14397, 0.0, 0.38464, 0.20529, 0.39864], [0.20031, 0.35167, 0.02693, 0.07326, 0.30007, 0.38464, 0.0, 0.26422, 0.08988], [0.2535, 0.21673, 0.26207, 0.25453, 0.23205, 0.20529, 0.26422, 0.0, 0.2506], [0.26596, 0.37764, 0.06371, 0.01716, 0.34192, 0.39864, 0.08988, 0.2506, 0.0]], "features_1": [[-0.19763337390664937, 1.181913688983943, 0.0, 0.22782279856249926, 0.6024971999398114, 0.13213297748765646, 0.2705400382912096, 0.680042641849359, 0.39834685963591876, 0.26286328187248986, 0.007671947615560004, 0.6254670203523927, 0.6626848574423561, 0.6926472698193074, 0.7904230289861162, 0.7137343058532127, 0.61603683292467], [0.1605369459117041, 0.9744506612056384, 0.0, 0.22770059747394586, 0.5533819409544067, 0.13490729736705845, 0.2613997783646461, 0.6773146862777333, 0.41039907478952253, 0.22304807909591817, 0.007894969482732161, 0.6073631607885934, 0.6634404451476994, 0.6717725135154148, 0.7960890410694269, 0.7022555968989528, 0.6255298449280442], [-0.017649947482028416, 1.1573474582437566, 0.0, 0.2482014859315083, 0.6052529901274243, 0.1268139514293038, 0.2817278091207818, 0.6843492105352709, 0.36510853754588757, 0.24752879230309333, 0.007392832833969631, 0.6074333214107903, 0.6422642688638185, 0.655790546756363, 0.7772789758217591, 0.6897786347605395, 0.6146677239555511], [-0.17192333523573788, 1.2426063661360482, 0.0, 0.23584426792951235, 0.6169202448080408, 0.12742376834505983, 0.2515000258338226, 0.6832501668869331, 0.3676684248494053, 0.26474897015184906, 0.007225183508792421, 0.6176344026755975, 0.6430014919796074, 0.6565097094317204, 0.7750396481660808, 0.7011289794390655, 0.606134099729482], [0.1095386915505947, 0.9938689653018332, 0.0, 0.2496669731984654, 0.5639005779908401, 0.13358243160572958, 0.3780418015880528, 0.6809782253520091, 0.4076779910872579, 0.22585510321447022, 0.007671947615560004, 0.608345936173472, 0.6558730919423187, 0.6917185161179695, 0.8009437674017894, 0.7134381030296201, 0.6132788151509068], [0.34029322784837923, 1.2010226624752955, 0.0, 0.2712495839993798, 0.6219496990300382, 0.12168694553902847, 0.3516150618722428, 0.6885134883162982, 0.3401804092390681, 0.24295617510108825, 0.007057398507269275, 0.5962720784814739, 0.640203197432909, 0.6533021653297074, 0.7714046113491098, 0.7076631023845549, 0.604372018781034], [-0.40920684335864177, 1.2465448267606143, 0.0, 0.24653535709124452, 0.6288851677809606, 0.11934619128767406, 0.3272531764339341, 0.6894318821241819, 0.32439959577594246, 0.25300930646183484, 0.00677745458930179, 0.6228713507423205, 0.6413932707515005, 0.6489566168935611, 0.7627130665655857, 0.7021162043828131, 0.5798572593448635], [0.1337224871212772, 1.2758775539203533, 0.0, 0.26027120554172306, 0.6448610559696066, 0.11617233606075493, 0.5205571624017061, 0.6919013484128274, 0.3132962371674699, 0.24887748651188102, 0.006609306440138685, 0.5828386446396845, 0.6370765765509276, 0.654014182857797, 0.7679288481650135, 0.6829723076218378, 0.5298241802195307], [-0.05977467918351698, 1.3100874312339088, 0.0, 0.31455759796267824, 0.6502950986926944, 0.1149260019989434, 0.42601948570290843, 0.691857809631242, 0.31497886006411835, 0.25509336893266066, 0.00683347364535547, 0.6008142556667169, 0.6600322750511157, 0.6683594838200299, 0.7611407851851553, 0.6906770805940172, 0.5647685960223623]], "features_2": [[-0.3257122973901412, 1.1997403291795128, 0.0, 0.2027088810363688, 0.608374574141801, 0.12969231758249897, 0.371127529018014, 0.6832680418965981, 0.39308516998201815, 0.2614327349305037, 0.00711334193318236, 0.6256808455878886, 0.6713722710950175, 0.6907708342605613, 0.7889373168297706, 0.6973290231635665, 0.5859170698850296], [-0.5402044920992717, 0.9269158989090622, 0.0, 0.1742265748291526, 0.5396278712089948, 0.13985140476575003, 0.26964991825033235, 0.6725467254457395, 0.4495939253124368, 0.22649687507426863, 0.008173410423425675, 0.6521496752209874, 0.6686788644588315, 0.6910136838652726, 0.8003820241249578, 0.703891866098833, 0.6127071974208024], [-0.16147484236851328, 1.1588888670951327, 0.0, 0.17949129438107056, 0.6002661838076705, 0.13154366772024362, 0.33171553528227593, 0.6811319303167844, 0.40544007335125487, 0.2555004441619697, 0.007225183508792421, 0.6113831161077949, 0.6622413534450087, 0.6784750250846113, 0.7853042343227192, 0.6978049734447407, 0.5956692786913241], [0.011314748934023733, 1.2439028164741182, 0.0, 0.21882008883671908, 0.6177606946487032, 0.12829098616322654, 0.3328781386957999, 0.6838410895587033, 0.390956622764995, 0.26651817108633624, 0.007448685839370306, 0.6112090063625875, 0.6384301836389986, 0.6802471555525448, 0.7838293985051634, 0.7005169859295824, 0.5894731723783253], [-0.2852952493950349, 1.1330653538739706, 0.0, 0.15763113774004778, 0.6039084337930758, 0.12822735204666202, 0.46726774933762555, 0.6863092049795729, 0.36507218725978197, 0.24310327293371303, 0.00711334193318236, 0.6236563765496852, 0.6708078422625877, 0.6841160264151639, 0.7936059476968181, 0.7329726329266849, 0.5861252579228944], [-0.26746631128133735, 1.223170010493931, 0.0, 0.18729659227425255, 0.6211876961063599, 0.1266538186838738, 0.35691420868432006, 0.6855687232025671, 0.37717527221923675, 0.2604660145593034, 0.007225183508792421, 0.6338661075450538, 0.6556492200655408, 0.6706154440295643, 0.7806989682875712, 0.7029197573044585, 0.5979484337431034], [0.059488043916849254, 1.598577380267158, 0.0, 0.26708536767580265, 0.6864230397625305, 0.12172821367216402, 0.42443700161897835, 0.6893350426868786, 0.35888336408032706, 0.30982992827774347, 0.007281081678807366, 0.5991541726975085, 0.6589990418293895, 0.6901568967468888, 0.7789557472011089, 0.6882889485319945, 0.5497449123248996], [0.6620073199112881, 1.574406763685289, 0.0, 0.2643104905698346, 0.7039624917221126, 0.11022732156776759, 0.5023598758855478, 0.6930133535819156, 0.2884066856524423, 0.28117244595334423, 0.0064410216040902135, 0.5689595046836604, 0.6462975915322555, 0.6398178731674873, 0.7502456377457901, 0.6664591706308297, 0.5403670692589293], [0.5442336286159719, 1.4566201500293257, 0.0, 0.32263830844684027, 0.6907708119412458, 0.10910544142549916, 0.5425022859463695, 0.6931285709786665, 0.28993305408923886, 0.2591253256790258, 0.005879081395912644, 0.5856051907850977, 0.6415562361423567, 0.6510471685720612, 0.7522362029980254, 0.6934102948899235, 0.5348349004552145]]}