{"labels_1": ["1", "2", "3", "4", "5", "6", "7", "8", "9"], "labels_2": ["1", "2", "3", "4", "5", "6", "7", "8", "9"], "adj_matrix_1": [[0.0, 0.13862, 0.18867, 0.08684, 0.22045, 0.25702, 0.19694, 0.30931, 0.20021], [0.13862, 0.0, 0.05686, 0.05457, 0.09628, 0.14587, 0.30372, 0.25405, 0.07069], [0.18867, 0.05686, 0.0, 0.10985, 0.04056, 0.09331, 0.33377, 0.22086, 0.01416], [0.08684, 0.05457, 0.10985, 0.0, 0.14692, 0.1923, 0.26767, 0.27969, 0.12307], [0.22045, 0.09628, 0.04056, 0.14692, 0.0, 0.05391, 0.34871, 0.19307, 0.02646], [0.25702, 0.14587, 0.09331, 0.1923, 0.05391, 0.0, 0.36104, 0.15102, 0.07973], [0.19694, 0.30372, 0.33377, 0.26767, 0.34871, 0.36104, 0.0, 0.33573, 0.33988], [0.30931, 0.25405, 0.22086, 0.27969, 0.19307, 0.15102, 0.33573, 0.0, 0.21151], [0.20021, 0.07069, 0.01416, 0.12307, 0.02646, 0.07973, 0.33988, 0.21151, 0.0]], "adj_matrix_2": [[0.0, 0.06616, 0.05199, 0.04833, 0.14317, 0.07692, 0.14061, 0.04153, 0.34813], [0.06616, 0.0, 0.11578, 0.11235, 0.08099, 0.01103, 0.0782, 0.02481, 0.32159], [0.05199, 0.11578, 0.0, 0.00371, 0.18705, 0.12595, 0.18463, 0.09221, 0.35811], [0.04833, 0.11235, 0.00371, 0.0, 0.1841, 0.12259, 0.18173, 0.08871, 0.35785], [0.14317, 0.08099, 0.18705, 0.1841, 0.0, 0.07023, 0.00257, 0.10451, 0.2733], [0.07692, 0.01103, 0.12595, 0.12259, 0.07023, 0.0, 0.06766, 0.03586, 0.3172], [0.14061, 0.0782, 0.18463, 0.18173, 0.00257, 0.06766, 0.0, 0.10241, 0.27648], [0.04153, 0.02481, 0.09221, 0.08871, 0.10451, 0.03586, 0.10241, 0.0, 0.33509], [0.34813, 0.32159, 0.35811, 0.35785, 0.2733, 0.3172, 0.27648, 0.33509, 0.0]], "features_1": [[-0.19763337390664937, 1.181913688983943, 0.0, 0.22782279856249926, 0.6024971999398114, 0.13213297748765646, 0.2705400382912096, 0.680042641849359, 0.39834685963591876, 0.26286328187248986, 0.007671947615560004, 0.6254670203523927, 0.6626848574423561, 0.6926472698193074, 0.7904230289861162, 0.7137343058532127, 0.61603683292467], [0.1605369459117041, 0.9744506612056384, 0.0, 0.22770059747394586, 0.5533819409544067, 0.13490729736705845, 0.2613997783646461, 0.6773146862777333, 0.41039907478952253, 0.22304807909591817, 0.007894969482732161, 0.6073631607885934, 0.6634404451476994, 0.6717725135154148, 0.7960890410694269, 0.7022555968989528, 0.6255298449280442], [-0.017649947482028416, 1.1573474582437566, 0.0, 0.2482014859315083, 0.6052529901274243, 0.1268139514293038, 0.2817278091207818, 0.6843492105352709, 0.36510853754588757, 0.24752879230309333, 0.007392832833969631, 0.6074333214107903, 0.6422642688638185, 0.655790546756363, 0.7772789758217591, 0.6897786347605395, 0.6146677239555511], [-0.17192333523573788, 1.2426063661360482, 0.0, 0.23584426792951235, 0.6169202448080408, 0.12742376834505983, 0.2515000258338226, 0.6832501668869331, 0.3676684248494053, 0.26474897015184906, 0.007225183508792421, 0.6176344026755975, 0.6430014919796074, 0.6565097094317204, 0.7750396481660808, 0.7011289794390655, 0.606134099729482], [0.1095386915505947, 0.9938689653018332, 0.0, 0.2496669731984654, 0.5639005779908401, 0.13358243160572958, 0.3780418015880528, 0.6809782253520091, 0.4076779910872579, 0.22585510321447022, 0.007671947615560004, 0.608345936173472, 0.6558730919423187, 0.6917185161179695, 0.8009437674017894, 0.7134381030296201, 0.6132788151509068], [0.34029322784837923, 1.2010226624752955, 0.0, 0.2712495839993798, 0.6219496990300382, 0.12168694553902847, 0.3516150618722428, 0.6885134883162982, 0.3401804092390681, 0.24295617510108825, 0.007057398507269275, 0.5962720784814739, 0.640203197432909, 0.6533021653297074, 0.7714046113491098, 0.7076631023845549, 0.604372018781034], [-0.40920684335864177, 1.2465448267606143, 0.0, 0.24653535709124452, 0.6288851677809606, 0.11934619128767406, 0.3272531764339341, 0.6894318821241819, 0.32439959577594246, 0.25300930646183484, 0.00677745458930179, 0.6228713507423205, 0.6413932707515005, 0.6489566168935611, 0.7627130665655857, 0.7021162043828131, 0.5798572593448635], [0.1337224871212772, 1.2758775539203533, 0.0, 0.26027120554172306, 0.6448610559696066, 0.11617233606075493, 0.5205571624017061, 0.6919013484128274, 0.3132962371674699, 0.24887748651188102, 0.006609306440138685, 0.5828386446396845, 0.6370765765509276, 0.654014182857797, 0.7679288481650135, 0.6829723076218378, 0.5298241802195307], [-0.05977467918351698, 1.3100874312339088, 0.0, 0.31455759796267824, 0.6502950986926944, 0.1149260019989434, 0.42601948570290843, 0.691857809631242, 0.31497886006411835, 0.25509336893266066, 0.00683347364535547, 0.6008142556667169, 0.6600322750511157, 0.6683594838200299, 0.7611407851851553, 0.6906770805940172, 0.5647685960223623]], "features_2": [[0.07946040329171788, 1.2720136024833968, 0.0, 0.24120948805576334, 0.6262680697947188, 0.124841372183837, 0.4253425188550537, 0.6871187743631647, 0.35508509528257926, 0.26455344470415554, 0.007281081678807366, 0.6003320491149076, 0.6651999613640021, 0.6910695520857122, 0.7875164687056816, 0.7050334164430354, 0.5998137599108628], [-0.007562184768011182, 1.028598851561863, 0.0, 0.24205453744569427, 0.5586038047160552, 0.13580179593970498, 0.22194907892044782, 0.6746330792065081, 0.41175497302438546, 0.23852505152430958, 0.007950687539111767, 0.6122260570967519, 0.6379595160788067, 0.6745882831751966, 0.7925560819862051, 0.7158371198368202, 0.6103600450938198], [0.1099130024546926, 1.3145886262460833, 0.0, 0.26724970466397807, 0.6307600551360318, 0.1251134627803346, 0.34402243456687176, 0.685780817717234, 0.35992876154864284, 0.2730312809704969, 0.00711334193318236, 0.603735455355858, 0.6366648004912925, 0.6686836033550048, 0.7794736520396133, 0.7012130461128383, 0.5874114196927546], [0.13353381658950125, 1.3415419527478798, 0.0, 0.2666665875407725, 0.6386918861247232, 0.12367921701463212, 0.4072402016181094, 0.6875111976850257, 0.35416339490826365, 0.27342493048258865, 0.007281081678807366, 0.5994636048985318, 0.6482814935589227, 0.6590914043492699, 0.78200190854668, 0.6979512248335732, 0.5817822602698758], [0.007436461132527494, 1.0581297488575572, 0.0, 0.26369198889715756, 0.580871875219548, 0.12946105466004307, 0.3692468343915287, 0.6839068775298025, 0.38585788791506226, 0.23430606816991206, 0.007448685839370306, 0.6112686119487307, 0.6580459513809014, 0.6861192010217178, 0.7950258321694281, 0.7075604137742407, 0.5931882192029228], [-0.04129805625236305, 1.316157322345623, 0.0, 0.2611100928733101, 0.6409401123062874, 0.12058243919355274, 0.4254980293559882, 0.6893429998211427, 0.34139679164529446, 0.26366542032825846, 0.007225183508792421, 0.6036210511403144, 0.6558116976504607, 0.667271673161177, 0.7762701681490306, 0.69124403546843, 0.5759827356871714], [0.38468252152692894, 1.6149915880493246, 0.0, 0.26979257905144016, 0.6891685710733368, 0.11967464731316954, 0.46172224629815445, 0.6903860776246917, 0.3175047909597586, 0.2971736594271228, 0.005991591679928909, 0.5961180033381215, 0.6294931144565624, 0.6264923654262078, 0.7762159060963962, 0.6752862291447291, 0.5095493522262192], [-0.16310406812349276, 1.7485348030395707, 0.0, 0.2729143799696163, 0.7330417447226136, 0.10471468631982331, 0.6482105515549115, 0.6929816279290612, 0.2421931588259938, 0.29342963668593414, 0.005766509824583821, 0.5843625894523137, 0.6346635894803324, 0.6339456782022719, 0.7362819858817402, 0.633241389306014, 0.5164416718741467], [-0.38042110409507623, 1.7735252334759068, 0.0, 0.26027712982241874, 0.7393123286325145, 0.1028438989592029, 0.733256148340552, 0.6926022124804865, 0.24708146634872064, 0.29421091510465414, 0.005879081395912644, 0.6012755360922075, 0.6373607698873569, 0.6431192509900372, 0.7326059283421459, 0.6563565621355361, 0.5057890274121531]]}