{"labels_1": ["1", "2", "3", "4", "5", "6", "7", "8", "9"], "labels_2": ["1", "2", "3", "4", "5", "6", "7", "8", "9"], "adj_matrix_1": [[0.0, 0.2579, 0.04139, 0.08421, 0.21571, 0.05044, 0.25528, 0.24236, 0.17408], [0.2579, 0.0, 0.24398, 0.27547, 0.14991, 0.26994, 0.06642, 0.10837, 0.16178], [0.04139, 0.24398, 0.0, 0.1233, 0.2211, 0.0908, 0.25007, 0.2426, 0.13952], [0.08421, 0.27547, 0.1233, 0.0, 0.20027, 0.0345, 0.257, 0.23498, 0.23535], [0.21571, 0.14991, 0.2211, 0.20027, 0.0, 0.207, 0.0979, 0.05497, 0.21926], [0.05044, 0.26994, 0.0908, 0.0345, 0.207, 0.0, 0.25753, 0.2389, 0.21216], [0.25528, 0.06642, 0.25007, 0.257, 0.0979, 0.25753, 0.0, 0.0465, 0.20063], [0.24236, 0.10837, 0.2426, 0.23498, 0.05497, 0.2389, 0.0465, 0.0, 0.21653], [0.17408, 0.16178, 0.13952, 0.23535, 0.21926, 0.21216, 0.20063, 0.21653, 0.0]], "adj_matrix_2": [[0.0, 0.23238, 0.06282, 0.08202, 0.08004, 0.19597, 0.08543, 0.04294, 0.16743], [0.23238, 0.0, 0.18382, 0.28628, 0.16927, 0.34588, 0.28809, 0.26089, 0.08317], [0.06282, 0.18382, 0.0, 0.14203, 0.01763, 0.24739, 0.14524, 0.10456, 0.10998], [0.08202, 0.28628, 0.14203, 0.0, 0.15798, 0.12026, 0.0035, 0.03949, 0.23519], [0.08004, 0.16927, 0.01763, 0.15798, 0.0, 0.26025, 0.16107, 0.12107, 0.09312], [0.19597, 0.34588, 0.24739, 0.12026, 0.26025, 0.0, 0.11692, 0.15741, 0.31771], [0.08543, 0.28809, 0.14524, 0.0035, 0.16107, 0.11692, 0.0, 0.04298, 0.2379], [0.04294, 0.26089, 0.10456, 0.03949, 0.12107, 0.15741, 0.04298, 0.0, 0.20387], [0.16743, 0.08317, 0.10998, 0.23519, 0.09312, 0.31771, 0.2379, 0.20387, 0.0]], "features_1": [[0.47552513745391023, 1.4351660249658444, 0.0, 0.23069030847898467, 0.6489447859630579, 0.12429227993608255, 0.2963166129756445, 0.6859317442498586, 0.3446878132197113, 0.28110048766073126, 0.00711334193318236, 0.5927564262570106, 0.6306216735070603, 0.6438953145493553, 0.7731101925352821, 0.7193647788699934, 0.5648513934246314], [2.123376098531663, 1.3425419011636286, 0.0, 0.2765490431627762, 0.6184274958268698, 0.12729345592336785, 0.15929757404465406, 0.6803826888216653, 0.3834194195422116, 0.26641794642266037, 0.007336964783822175, 0.5703843209976274, 0.6003055594155056, 0.6235306176909017, 0.7618697237642801, 0.6958631768038911, 0.5573630646682696], [0.8045520473644321, 1.473668819287694, 0.0, 0.24580197960416983, 0.6602635594994932, 0.12080773189155161, 0.26042398336314393, 0.6876289932655832, 0.33391993653337204, 0.2792048438511707, 0.0066653709969386465, 0.5848714044550691, 0.6235774182346341, 0.6429133766566277, 0.7586172101694579, 0.6899554985300711, 0.5624574490772957], [0.4284237596010554, 1.426016048983782, 0.0, 0.2539662170100269, 0.6588066300115017, 0.119171863396094, 0.3758485704708363, 0.68973803247088, 0.3224712787368347, 0.2709246363558375, 0.00655322669591385, 0.5894858839778483, 0.6427826130871838, 0.6467113114687828, 0.7674179390288045, 0.679363336042301, 0.5598641485160454], [1.5330590586059323, 1.281236204501078, 0.0, 0.23489754334010865, 0.6183612410755464, 0.12529230893506985, 0.31481036994160905, 0.6846865645550736, 0.3871111733167729, 0.258330533895782, 0.007281081678807366, 0.5657001218374433, 0.6167004063732503, 0.6479657901119824, 0.7747358338341462, 0.7064287108680258, 0.5725201420201371], [0.5447104447844855, 1.4436272836273603, 0.0, 0.25403459488613767, 0.6626834507788018, 0.1174702862560911, 0.3550156877471885, 0.6900420164149601, 0.32507622600192865, 0.27082510017541095, 0.0064410216040902135, 0.5885038875735296, 0.6183836753771881, 0.6391690937936951, 0.7604939152440123, 0.6879665024283946, 0.5730690341048632], [1.190638074029831, 1.449869290944788, 0.0, 0.29483825212263365, 0.665879272404059, 0.11822826042070958, 0.4143711386732093, 0.6904638109830868, 0.32048428941982343, 0.26926218503823884, 0.006328755639155359, 0.5631453032971243, 0.6328385977740404, 0.6336114152653143, 0.76863022129032, 0.6543737795801415, 0.5588138587195908], [1.8345266834672511, 1.7228690022872415, 0.0, 0.3000216327048874, 0.7240398899417134, 0.10782097104411315, 0.6283137854686714, 0.6929239105433995, 0.3362055315054935, 0.2914188515178302, 0.007057398507269275, 0.5617429185219251, 0.6260111303170279, 0.6254775795679334, 0.7551370349216889, 0.690004998288519, 0.5318601881682441], [1.0328946590480221, 1.8518558280913193, 0.0, 0.31682453917887304, 0.74502514936882, 0.10375190845871454, 0.5323566207953796, 0.6930019237309859, 0.2789788768033663, 0.2985536583481705, 0.006216428718621936, 0.5546450114185362, 0.617895734776185, 0.6237605596116014, 0.7363441366201053, 0.6592183175724557, 0.5133326944327036]], "features_2": [[-0.1656855152525405, 1.2647106370644567, 0.0, 0.26664743145847536, 0.6243277895588418, 0.1305505001895078, 0.2911319700663668, 0.6822328418129501, 0.3920677464939202, 0.2723849691278555, 0.007616154688146137, 0.6160776728623185, 0.6634633111695534, 0.6825854562891286, 0.7895365384659394, 0.7154696280760396, 0.6061091932126722], [0.191470511067668, 1.0555782841498738, 0.0, 0.25697372531608065, 0.5834349673042136, 0.13128758720737227, 0.2894345583318689, 0.6819648328919932, 0.40578298570108084, 0.2355916028797045, 0.00783923647221818, 0.6010696436755496, 0.6616410966045964, 0.6838608309918514, 0.7930266877087673, 0.6928809115134151, 0.6133240263885659], [-0.15484353974358456, 1.250371146029884, 0.0, 0.25434112446595913, 0.6238027542387182, 0.1289019039893043, 0.26739205915155184, 0.6835253611306252, 0.3820684995066923, 0.26637298494396844, 0.00716927026363523, 0.6151335536796672, 0.6714211309038324, 0.6784963542582259, 0.7826692235670085, 0.6935699421746978, 0.5988328384025721], [-0.06375431597658565, 1.2262016695478803, 0.0, 0.2756213677404386, 0.6203613228669341, 0.12896610453975266, 0.2873871755925258, 0.6838912555824739, 0.3908438031063648, 0.2627185788208559, 0.007727725548673403, 0.6161008236065033, 0.6528552453259229, 0.6704386688135554, 0.7858532858257562, 0.6994146104156879, 0.6077655512808819], [0.15620369808734758, 1.090180288327122, 0.0, 0.2641015848987157, 0.6045951739774643, 0.12281092911277555, 0.47609310550572415, 0.6897651841317229, 0.3597367250517831, 0.2276690030021724, 0.007504523810135222, 0.611410494837394, 0.6609977185856698, 0.6641940026346254, 0.7897396209402222, 0.7091115587710999, 0.5989573469430934], [-0.20549043126885724, 1.2701796586247718, 0.0, 0.2849870367380942, 0.6364780738082645, 0.12483913990871928, 0.344761049514468, 0.6874218340039495, 0.36567737847676507, 0.26521391496019353, 0.007281081678807366, 0.6218978111053262, 0.6413973050671034, 0.6636249818098, 0.7810954672041249, 0.6828573492565011, 0.5930941608182819], [0.04117506953093164, 1.3229947740811066, 0.0, 0.2903682605413953, 0.6490195147163481, 0.11927082654324768, 0.38839293969369565, 0.6905032434971328, 0.3444400861956871, 0.26310254593110605, 0.00683347364535547, 0.6129604946800917, 0.6453227218449658, 0.6632836453005467, 0.77063517996576, 0.6888265978766455, 0.594324637393549], [0.2174354446584088, 1.5958295046316553, 0.0, 0.26659132526277796, 0.7109842534923845, 0.10841134151405984, 0.5006411279116854, 0.6931278237674445, 0.27959881911534823, 0.27656337269693054, 0.006047823865199753, 0.5932874532353916, 0.6299641856711284, 0.6148627784485861, 0.7467773924888909, 0.6483510464784505, 0.5285816886473034], [0.11752800055910395, 1.572483335029609, 0.0, 0.24416065903422687, 0.7017009247582886, 0.11001886170477823, 0.42012562715173163, 0.6929267503103167, 0.28652894786368166, 0.2809319417610423, 0.006272599803500922, 0.5909249678293418, 0.6450379160724001, 0.6493026492577333, 0.7457113195207458, 0.6799785843349265, 0.5470074896423903]]}