{"labels_1": ["1", "2", "3", "4", "5", "6", "7", "8", "9"], "labels_2": ["1", "2", "3", "4", "5", "6", "7", "8", "9"], "adj_matrix_1": [[0.0, 0.2579, 0.04139, 0.08421, 0.21571, 0.05044, 0.25528, 0.24236, 0.17408], [0.2579, 0.0, 0.24398, 0.27547, 0.14991, 0.26994, 0.06642, 0.10837, 0.16178], [0.04139, 0.24398, 0.0, 0.1233, 0.2211, 0.0908, 0.25007, 0.2426, 0.13952], [0.08421, 0.27547, 0.1233, 0.0, 0.20027, 0.0345, 0.257, 0.23498, 0.23535], [0.21571, 0.14991, 0.2211, 0.20027, 0.0, 0.207, 0.0979, 0.05497, 0.21926], [0.05044, 0.26994, 0.0908, 0.0345, 0.207, 0.0, 0.25753, 0.2389, 0.21216], [0.25528, 0.06642, 0.25007, 0.257, 0.0979, 0.25753, 0.0, 0.0465, 0.20063], [0.24236, 0.10837, 0.2426, 0.23498, 0.05497, 0.2389, 0.0465, 0.0, 0.21653], [0.17408, 0.16178, 0.13952, 0.23535, 0.21926, 0.21216, 0.20063, 0.21653, 0.0]], "adj_matrix_2": [[0.0, 0.03603, 0.11452, 0.00687, 0.13971, 0.07537, 0.19991, 0.29614, 0.11347], [0.03603, 0.0, 0.14627, 0.02922, 0.17001, 0.10931, 0.22436, 0.30745, 0.07996], [0.11452, 0.14627, 0.0, 0.12076, 0.02794, 0.04137, 0.09888, 0.22884, 0.2072], [0.00687, 0.02922, 0.12076, 0.0, 0.14566, 0.08196, 0.2049, 0.29872, 0.10725], [0.13971, 0.17001, 0.02794, 0.14566, 0.0, 0.06886, 0.07184, 0.20727, 0.2255], [0.07537, 0.10931, 0.04137, 0.08196, 0.06886, 0.0, 0.13719, 0.25707, 0.17722], [0.19991, 0.22436, 0.09888, 0.2049, 0.07184, 0.13719, 0.0, 0.14527, 0.26523], [0.29614, 0.30745, 0.22884, 0.29872, 0.20727, 0.25707, 0.14527, 0.0, 0.31625], [0.11347, 0.07996, 0.2072, 0.10725, 0.2255, 0.17722, 0.26523, 0.31625, 0.0]], "features_1": [[0.47552513745391023, 1.4351660249658444, 0.0, 0.23069030847898467, 0.6489447859630579, 0.12429227993608255, 0.2963166129756445, 0.6859317442498586, 0.3446878132197113, 0.28110048766073126, 0.00711334193318236, 0.5927564262570106, 0.6306216735070603, 0.6438953145493553, 0.7731101925352821, 0.7193647788699934, 0.5648513934246314], [2.123376098531663, 1.3425419011636286, 0.0, 0.2765490431627762, 0.6184274958268698, 0.12729345592336785, 0.15929757404465406, 0.6803826888216653, 0.3834194195422116, 0.26641794642266037, 0.007336964783822175, 0.5703843209976274, 0.6003055594155056, 0.6235306176909017, 0.7618697237642801, 0.6958631768038911, 0.5573630646682696], [0.8045520473644321, 1.473668819287694, 0.0, 0.24580197960416983, 0.6602635594994932, 0.12080773189155161, 0.26042398336314393, 0.6876289932655832, 0.33391993653337204, 0.2792048438511707, 0.0066653709969386465, 0.5848714044550691, 0.6235774182346341, 0.6429133766566277, 0.7586172101694579, 0.6899554985300711, 0.5624574490772957], [0.4284237596010554, 1.426016048983782, 0.0, 0.2539662170100269, 0.6588066300115017, 0.119171863396094, 0.3758485704708363, 0.68973803247088, 0.3224712787368347, 0.2709246363558375, 0.00655322669591385, 0.5894858839778483, 0.6427826130871838, 0.6467113114687828, 0.7674179390288045, 0.679363336042301, 0.5598641485160454], [1.5330590586059323, 1.281236204501078, 0.0, 0.23489754334010865, 0.6183612410755464, 0.12529230893506985, 0.31481036994160905, 0.6846865645550736, 0.3871111733167729, 0.258330533895782, 0.007281081678807366, 0.5657001218374433, 0.6167004063732503, 0.6479657901119824, 0.7747358338341462, 0.7064287108680258, 0.5725201420201371], [0.5447104447844855, 1.4436272836273603, 0.0, 0.25403459488613767, 0.6626834507788018, 0.1174702862560911, 0.3550156877471885, 0.6900420164149601, 0.32507622600192865, 0.27082510017541095, 0.0064410216040902135, 0.5885038875735296, 0.6183836753771881, 0.6391690937936951, 0.7604939152440123, 0.6879665024283946, 0.5730690341048632], [1.190638074029831, 1.449869290944788, 0.0, 0.29483825212263365, 0.665879272404059, 0.11822826042070958, 0.4143711386732093, 0.6904638109830868, 0.32048428941982343, 0.26926218503823884, 0.006328755639155359, 0.5631453032971243, 0.6328385977740404, 0.6336114152653143, 0.76863022129032, 0.6543737795801415, 0.5588138587195908], [1.8345266834672511, 1.7228690022872415, 0.0, 0.3000216327048874, 0.7240398899417134, 0.10782097104411315, 0.6283137854686714, 0.6929239105433995, 0.3362055315054935, 0.2914188515178302, 0.007057398507269275, 0.5617429185219251, 0.6260111303170279, 0.6254775795679334, 0.7551370349216889, 0.690004998288519, 0.5318601881682441], [1.0328946590480221, 1.8518558280913193, 0.0, 0.31682453917887304, 0.74502514936882, 0.10375190845871454, 0.5323566207953796, 0.6930019237309859, 0.2789788768033663, 0.2985536583481705, 0.006216428718621936, 0.5546450114185362, 0.617895734776185, 0.6237605596116014, 0.7363441366201053, 0.6592183175724557, 0.5133326944327036]], "features_2": [[0.5826968984422893, 1.549746637434921, 0.0, 0.2659840284372338, 0.6818155064628644, 0.1187919279226919, 0.4319309314081636, 0.6905767882405678, 0.3264963251439965, 0.2899660256346581, 0.007001439975721224, 0.5866632471112649, 0.6356183693823498, 0.6467559599050883, 0.7702661380444534, 0.694975284741291, 0.5673542957095199], [0.8431726511934126, 1.2607388593117212, 0.0, 0.2584722904687591, 0.6294019166407455, 0.12507705058706442, 0.45443535103484367, 0.6875467511334314, 0.3717720247833527, 0.25586626871591167, 0.00711334193318236, 0.580811354480036, 0.6368499518087812, 0.6468913866614696, 0.784157846080431, 0.694290165267217, 0.5864240842757764], [0.67902044427924, 1.5159904390380656, 0.0, 0.2729233901997508, 0.6784704977897312, 0.1174485181369208, 0.46146060580680837, 0.6911232166265924, 0.3237105225823178, 0.28384575644406795, 0.007001439975721224, 0.5892209346071948, 0.6271350002460291, 0.6288323922073987, 0.7660722347008319, 0.6815619535354432, 0.5665167647874659], [0.5189075212500827, 1.5473362407515867, 0.0, 0.26157572204581, 0.6785530808467741, 0.11988459740452628, 0.403117728420915, 0.6899369641099201, 0.32378580695504033, 0.29127807766506697, 0.006889477554966383, 0.5904962965880838, 0.6501162793781127, 0.6536141859743906, 0.7708643616058755, 0.6738287058641692, 0.5832830536833427], [0.4838795164504832, 1.199081548140727, 0.0, 0.2259258719688925, 0.6076959472736259, 0.13041969283720245, 0.4350007886274433, 0.6839766425968431, 0.389700066147457, 0.25160080108504856, 0.007894969482732161, 0.5989653996884017, 0.6487543379220586, 0.6402893486955007, 0.794951192711783, 0.7305021705775012, 0.6066284346373352], [0.658850243491619, 1.463076139446182, 0.0, 0.2614574723798716, 0.6723590732555272, 0.11751616246137808, 0.5283742100051647, 0.69132981751793, 0.33224838814043123, 0.2781072811616221, 0.007225183508792421, 0.5882192337564014, 0.6291057099615145, 0.6432667389677316, 0.7681124504987689, 0.693142094575992, 0.579210616477747], [0.14726050485027864, 1.5324681168202847, 0.0, 0.22879444569085386, 0.669024736176338, 0.12258729600061866, 0.3962551612844315, 0.6884613442355896, 0.32541830348085643, 0.29377420766704176, 0.00677745458930179, 0.5983393791895093, 0.6371943776046657, 0.6325518521380149, 0.7781817254268113, 0.6722819096928612, 0.5894700657335622], [0.06792183628902304, 1.3903983414161425, 0.0, 0.2710867230510742, 0.6557890567442234, 0.1204479398858011, 0.48716940691379307, 0.6894182045764892, 0.34392660449789125, 0.2732917620410633, 0.007336964783822175, 0.606114116359741, 0.6338337832241846, 0.6472697229815867, 0.7598318988763167, 0.6766096441589826, 0.5993688373052454], [1.0986199151234226, 1.5194251279965665, 0.0, 0.32551823252677503, 0.6819019622299766, 0.11416370083201474, 0.42135009674212043, 0.6918588508682992, 0.3094451281196984, 0.27380604099791617, 0.00711334193318236, 0.5655594877398569, 0.6144408411872858, 0.6111034268965126, 0.7480254325948396, 0.6534660572915312, 0.570226166895895]]}