{"labels_1": ["1", "2", "3", "4", "5", "6", "7", "8", "9"], "labels_2": ["1", "2", "3", "4", "5", "6", "7", "8", "9"], "adj_matrix_1": [[0.0, 0.05997, 0.01258, 0.01014, 0.10301, 0.1238, 0.30828, 0.14731, 0.16391], [0.05997, 0.0, 0.07235, 0.06994, 0.15957, 0.06578, 0.29452, 0.09063, 0.17785], [0.01258, 0.07235, 0.0, 0.00244, 0.09082, 0.13556, 0.3104, 0.15873, 0.16114], [0.01014, 0.06994, 0.00244, 0.0, 0.09318, 0.13327, 0.31002, 0.15651, 0.16153], [0.10301, 0.15957, 0.09082, 0.09318, 0.0, 0.21649, 0.31973, 0.23644, 0.14147], [0.1238, 0.06578, 0.13556, 0.13327, 0.21649, 0.0, 0.27264, 0.02552, 0.19242], [0.30828, 0.29452, 0.3104, 0.31002, 0.31973, 0.27264, 0.0, 0.26197, 0.20134], [0.14731, 0.09063, 0.15873, 0.15651, 0.23644, 0.02552, 0.26197, 0.0, 0.1977], [0.16391, 0.17785, 0.16114, 0.16153, 0.14147, 0.19242, 0.20134, 0.1977, 0.0]], "adj_matrix_2": [[0.0, 0.15115, 0.17234, 0.18638, 0.12774, 0.20501, 0.07183, 0.11556, 0.1987], [0.15115, 0.0, 0.24498, 0.24519, 0.02733, 0.23851, 0.08635, 0.22658, 0.24134], [0.17234, 0.24498, 0.0, 0.02468, 0.23722, 0.06882, 0.21305, 0.0741, 0.052], [0.18638, 0.24519, 0.02468, 0.0, 0.23966, 0.04518, 0.2209, 0.09658, 0.02794], [0.12774, 0.02733, 0.23722, 0.23966, 0.0, 0.23689, 0.06002, 0.21195, 0.23823], [0.20501, 0.23851, 0.06882, 0.04518, 0.23689, 0.0, 0.22727, 0.13351, 0.01738], [0.07183, 0.08635, 0.21305, 0.2209, 0.06002, 0.22727, 0.0, 0.17351, 0.22647], [0.11556, 0.22658, 0.0741, 0.09658, 0.21195, 0.13351, 0.17351, 0.0, 0.12032], [0.1987, 0.24134, 0.052, 0.02794, 0.23823, 0.01738, 0.22647, 0.12032, 0.0]], "features_1": [[0.008564665778798108, 1.4525576465656602, 0.0, 0.2291948415233269, 0.6352309097699963, 0.1473668398709829, 0.47515307374385, 0.6728129163260617, 0.4876425460073255, 0.3281312234885594, 0.008895616178821175, 0.6346997910888381, 0.6840648263052703, 0.6952857761113308, 0.8361903054621455, 0.7648682821126382, 0.6396834888374271], [0.18784153824951266, 1.2764110312487706, 0.0, 0.20395381149766814, 0.5894107371291064, 0.15650609027302703, 0.38283903316098244, 0.6600471047836509, 0.5201480182228633, 0.30668328276381973, 0.009006502581913711, 0.6345973244437246, 0.6912894402716856, 0.7092589436147276, 0.8413603324316024, 0.7744753397123749, 0.6461302293081478], [-0.016266208859475828, 1.4268334721483742, 0.0, 0.21096295237089094, 0.6223132600007487, 0.14993181735057465, 0.38551853683700654, 0.6682378925312709, 0.5068979538860388, 0.3280147422420534, 0.009117329961713772, 0.635650674456552, 0.6834509295320428, 0.7005500964612925, 0.8348358647416463, 0.7434446250898182, 0.6355288268176391], [-0.06497282741859634, 1.4998148735231918, 0.0, 0.20471054994735852, 0.631925748733237, 0.1518905037725808, 0.3551813989797374, 0.6656896382479253, 0.5091311960064153, 0.3441839145654886, 0.00922809839663663, 0.6436928600565706, 0.6710689533975002, 0.7112727472929408, 0.8378022382213438, 0.7448750692340498, 0.6408024087355311], [-0.28641281517901795, 1.287823726386577, 0.0, 0.23573520656579872, 0.5892975597902015, 0.15642956888031373, 0.35158024971258184, 0.6569985843101512, 0.5179160658920459, 0.31617879487106015, 0.009006502581913711, 0.6493673839549017, 0.6958489275142139, 0.7279142655199546, 0.8373645358167159, 0.7232087713438644, 0.6371080286154495], [0.12339401680712214, 1.3909173520797895, 0.0, 0.22938573832901515, 0.6171812763536313, 0.15052853408405642, 0.40188582220425245, 0.6675487871010866, 0.5038011927549637, 0.32030887916684114, 0.008784670673857464, 0.6308867186313447, 0.6957942115001308, 0.7106552784821217, 0.8350301946289728, 0.7477152183245287, 0.6395846553841514], [0.27104011633845637, 1.9044703058015442, 0.0, 0.25987408419897734, 0.7001327977267564, 0.1449768767088191, 0.43570082756176376, 0.6769154646119457, 0.46324171766297106, 0.38587548635553537, 0.007671947615560004, 0.6010364448356909, 0.6892994012711924, 0.7185102591492846, 0.8334668474881758, 0.7316257300760032, 0.5862371905332188], [0.2305953572069388, 1.4605219023358573, 0.0, 0.3150866217928763, 0.6568091108885455, 0.1407003290539399, 0.6159491480163602, 0.6826715598712993, 0.45796197828296714, 0.3147257092851796, 0.007894969482732161, 0.6152690071013607, 0.6936497242445256, 0.7229780293563045, 0.8343057717998661, 0.7501023693066705, 0.6379923725609545], [0.9490980303915753, 1.568188233798764, 0.0, 0.2853741720556725, 0.6677408475698863, 0.13907766455465043, 0.5753861805016136, 0.6828615447069587, 0.4504207211199247, 0.32601716157300564, 0.007894969482732161, 0.5960807464308946, 0.6896818017404145, 0.7073037548777071, 0.8279453393021979, 0.7363457573400748, 0.6349491687120391]], "features_2": [[0.31710715736134665, 1.1348303618302364, 0.0, 0.275538923818463, 0.5816981570162316, 0.1369199696025846, 0.27139547250118595, 0.6730353045248918, 0.4428875231992708, 0.26006422629837145, 0.008507047823598457, 0.6107775286594874, 0.6442952186409219, 0.6813214205624818, 0.7960165465133484, 0.717924228015831, 0.6270676998298851], [0.7174045275221403, 0.8907692989717528, 0.0, 0.2707503374751409, 0.5206560952289847, 0.13760229305490018, 0.3137618857474628, 0.6727510943479362, 0.4599328448859563, 0.2119098645745252, 0.008173410423425675, 0.6084162994855382, 0.6466752887284348, 0.6835491012676442, 0.8053968425313996, 0.7230950769397587, 0.6300221089323358], [1.250206686029073, 1.092591411994646, 0.0, 0.28510526470004227, 0.5784572308926921, 0.13209573759205961, 0.27773302840959246, 0.6774950140948167, 0.4271765274754784, 0.23985600049839562, 0.008062078829516484, 0.5832618737793096, 0.6217552723698959, 0.6413504363865971, 0.7873689414817782, 0.728045609464192, 0.6184038843528201], [0.9739159274227909, 1.1985904767620228, 0.0, 0.33931917964822317, 0.6016096208794689, 0.13175438840890913, 0.2810047614574934, 0.6786537720869157, 0.4226465370590897, 0.26043707090552615, 0.00783923647221818, 0.59156466450045, 0.6353804744483947, 0.6475580245929615, 0.7865465549365592, 0.7126834103284041, 0.6098980046187604], [0.7868725631328579, 0.8941621502451831, 0.0, 0.3044103567459954, 0.524599207495337, 0.1369518815171844, 0.35373493558359714, 0.6753601667810847, 0.45145912075963035, 0.21094036844344988, 0.008618141428105908, 0.5998644830213848, 0.6554908862131771, 0.6687302875311993, 0.809844739187933, 0.7182998165498825, 0.6285870515338144], [1.90887631149974, 1.141747840672332, 0.0, 0.35002881837889166, 0.5975544115994533, 0.12819453403959627, 0.3317683716579388, 0.6831587274731423, 0.41304941428415587, 0.24194709694459138, 0.007616154688146137, 0.5661082299615172, 0.6206299753758943, 0.6583564092519519, 0.7846487700130877, 0.7155102962354957, 0.6018537084807319], [0.6013989978346026, 1.3609158605867666, 0.0, 0.3132178008317391, 0.6507800946082181, 0.12050739088763837, 0.3957269747942824, 0.6893361429972976, 0.3512017226098434, 0.26899750132797595, 0.007057398507269275, 0.5942286982394969, 0.6460086674542044, 0.6628527017523504, 0.7710735630861959, 0.6860262709863924, 0.5530765761241951], [1.7785062128472164, 1.4380929599943661, 0.0, 0.33224629974150544, 0.6758405412604357, 0.11433249462205519, 0.5260908736135527, 0.69238556645472, 0.3360638071428712, 0.2614334321241032, 0.007392832833969631, 0.5597552339864484, 0.6389775315831635, 0.6129444916753503, 0.7641678501926883, 0.7031954271878816, 0.5086744598116147], [2.01951069370591, 1.6719560675065566, 0.0, 0.347758564183049, 0.7203236354061472, 0.10606090390567667, 0.5440198125348644, 0.6931120616693355, 0.2955502636259586, 0.27864423760392043, 0.006328755639155359, 0.5512452540994739, 0.6119109727149769, 0.603727409724765, 0.7417329766633287, 0.6778701421204387, 0.4565683660605996]]}