{"labels_1": ["1", "2", "3", "4", "5", "6", "7", "8", "9"], "labels_2": ["1", "2", "3", "4", "5", "6", "7", "8", "9"], "adj_matrix_1": [[0.0, 0.23529, 0.17098, 0.00052, 0.3179, 0.31409, 0.02299, 0.31896, 0.22788], [0.23529, 0.0, 0.09574, 0.23552, 0.26645, 0.23368, 0.22354, 0.29357, 0.0126], [0.17098, 0.09574, 0.0, 0.17137, 0.31582, 0.29231, 0.15339, 0.33446, 0.08371], [0.00052, 0.23552, 0.17137, 0.0, 0.31775, 0.31401, 0.02351, 0.3188, 0.22817], [0.3179, 0.26645, 0.31582, 0.31775, 0.0, 0.04398, 0.32465, 0.04027, 0.27438], [0.31409, 0.23368, 0.29231, 0.31401, 0.04398, 0.0, 0.31872, 0.08384, 0.24291], [0.02299, 0.22354, 0.15339, 0.02351, 0.32465, 0.31872, 0.0, 0.32783, 0.21557], [0.31896, 0.29357, 0.33446, 0.3188, 0.04027, 0.08384, 0.32783, 0.0, 0.30084], [0.22788, 0.0126, 0.08371, 0.22817, 0.27438, 0.24291, 0.21557, 0.30084, 0.0]], "adj_matrix_2": [[0.0, 0.15115, 0.17234, 0.18638, 0.12774, 0.20501, 0.07183, 0.11556, 0.1987], [0.15115, 0.0, 0.24498, 0.24519, 0.02733, 0.23851, 0.08635, 0.22658, 0.24134], [0.17234, 0.24498, 0.0, 0.02468, 0.23722, 0.06882, 0.21305, 0.0741, 0.052], [0.18638, 0.24519, 0.02468, 0.0, 0.23966, 0.04518, 0.2209, 0.09658, 0.02794], [0.12774, 0.02733, 0.23722, 0.23966, 0.0, 0.23689, 0.06002, 0.21195, 0.23823], [0.20501, 0.23851, 0.06882, 0.04518, 0.23689, 0.0, 0.22727, 0.13351, 0.01738], [0.07183, 0.08635, 0.21305, 0.2209, 0.06002, 0.22727, 0.0, 0.17351, 0.22647], [0.11556, 0.22658, 0.0741, 0.09658, 0.21195, 0.13351, 0.17351, 0.0, 0.12032], [0.1987, 0.24134, 0.052, 0.02794, 0.23823, 0.01738, 0.22647, 0.12032, 0.0]], "features_1": [[0.7318478710804084, 1.3377148263315022, 0.0, 0.27135456247294226, 0.6335783751098857, 0.12943206710118332, 0.283166384381871, 0.681578103226032, 0.39231673793065314, 0.2787247305796545, 0.00783923647221818, 0.5812958936279233, 0.6459107737881885, 0.6593107463926612, 0.7787556742782104, 0.7134180233847223, 0.6033703800764404], [0.29569810775013394, 1.1156663731553274, 0.0, 0.24648095746583168, 0.5856056063985937, 0.13234666581383062, 0.2249959966618711, 0.6782132522653999, 0.406980110855202, 0.24829588720030338, 0.008006390651371653, 0.6103235584243225, 0.6346900183781621, 0.669403135136472, 0.7846043737394061, 0.7051925555377917, 0.6103759181700864], [0.5382881777116446, 1.344557451512843, 0.0, 0.2600740361859371, 0.63918056024488, 0.12569363525932786, 0.26893729554747237, 0.6845099170065927, 0.36663908350978724, 0.2734875615194807, 0.007504523810135222, 0.5897777642116042, 0.6297658553151069, 0.657665274264576, 0.768420635565171, 0.686964270741793, 0.5985353438794024], [0.4938446824086289, 1.3636529960248802, 0.0, 0.27678777123312764, 0.6436333390717488, 0.12559648192471284, 0.32287774763976246, 0.6853134358540552, 0.36633786002310176, 0.2766747025428691, 0.007281081678807366, 0.5801051957688801, 0.6518431334139966, 0.6592881467949403, 0.7727039382222282, 0.6919402061942713, 0.595468158597375], [-0.16938570168810863, 1.1049598870160733, 0.0, 0.2422818452356426, 0.5841803404524267, 0.13293172618551458, 0.27310477707583586, 0.6791634607237667, 0.405566766047768, 0.2488895800278581, 0.007783488497544067, 0.6254848310686394, 0.6521812124102819, 0.6607119048067913, 0.7918275664994062, 0.7101336565390716, 0.6054851871905509], [0.07765166709486726, 1.3015306312743091, 0.0, 0.2112560302595149, 0.6350664345972177, 0.12361582957312357, 0.30566819365285697, 0.6867578954713622, 0.35483265677138065, 0.2645830593989884, 0.007225183508792421, 0.6151510936452103, 0.6460339752322907, 0.6598234073816504, 0.769714649922907, 0.6842231082418185, 0.5980862100611126], [0.32234401112701727, 1.4756539869243996, 0.0, 0.29355836479334557, 0.6678440940827702, 0.1211887651087961, 0.3541799567115298, 0.6886539583886067, 0.34811317749671167, 0.2883723448774018, 0.007057398507269275, 0.5876460665451333, 0.6402845691962344, 0.6618257753125136, 0.7652092926649608, 0.6711608507718898, 0.5691999310942063], [-0.16998851021127948, 1.3077175584560525, 0.0, 0.23666044127243163, 0.6456983156918158, 0.12031060229610459, 0.4271900871113786, 0.6900165403151963, 0.3637032317334188, 0.2647063599518149, 0.007057398507269275, 0.6210858530635177, 0.6706828754097305, 0.683160371054018, 0.7740157399515853, 0.7000342407528375, 0.5839406175405865], [0.25252215011836654, 1.4716264765563019, 0.0, 0.25597857479454794, 0.6721319987345421, 0.1185887324538268, 0.3891591082615669, 0.690204557231245, 0.3572993016197539, 0.2842501217804656, 0.007392832833969631, 0.5930312793317918, 0.6366894556115089, 0.651298156398974, 0.7628708778805637, 0.6954725743958686, 0.5759160629075627]], "features_2": [[0.31710715736134665, 1.1348303618302364, 0.0, 0.275538923818463, 0.5816981570162316, 0.1369199696025846, 0.27139547250118595, 0.6730353045248918, 0.4428875231992708, 0.26006422629837145, 0.008507047823598457, 0.6107775286594874, 0.6442952186409219, 0.6813214205624818, 0.7960165465133484, 0.717924228015831, 0.6270676998298851], [0.7174045275221403, 0.8907692989717528, 0.0, 0.2707503374751409, 0.5206560952289847, 0.13760229305490018, 0.3137618857474628, 0.6727510943479362, 0.4599328448859563, 0.2119098645745252, 0.008173410423425675, 0.6084162994855382, 0.6466752887284348, 0.6835491012676442, 0.8053968425313996, 0.7230950769397587, 0.6300221089323358], [1.250206686029073, 1.092591411994646, 0.0, 0.28510526470004227, 0.5784572308926921, 0.13209573759205961, 0.27773302840959246, 0.6774950140948167, 0.4271765274754784, 0.23985600049839562, 0.008062078829516484, 0.5832618737793096, 0.6217552723698959, 0.6413504363865971, 0.7873689414817782, 0.728045609464192, 0.6184038843528201], [0.9739159274227909, 1.1985904767620228, 0.0, 0.33931917964822317, 0.6016096208794689, 0.13175438840890913, 0.2810047614574934, 0.6786537720869157, 0.4226465370590897, 0.26043707090552615, 0.00783923647221818, 0.59156466450045, 0.6353804744483947, 0.6475580245929615, 0.7865465549365592, 0.7126834103284041, 0.6098980046187604], [0.7868725631328579, 0.8941621502451831, 0.0, 0.3044103567459954, 0.524599207495337, 0.1369518815171844, 0.35373493558359714, 0.6753601667810847, 0.45145912075963035, 0.21094036844344988, 0.008618141428105908, 0.5998644830213848, 0.6554908862131771, 0.6687302875311993, 0.809844739187933, 0.7182998165498825, 0.6285870515338144], [1.90887631149974, 1.141747840672332, 0.0, 0.35002881837889166, 0.5975544115994533, 0.12819453403959627, 0.3317683716579388, 0.6831587274731423, 0.41304941428415587, 0.24194709694459138, 0.007616154688146137, 0.5661082299615172, 0.6206299753758943, 0.6583564092519519, 0.7846487700130877, 0.7155102962354957, 0.6018537084807319], [0.6013989978346026, 1.3609158605867666, 0.0, 0.3132178008317391, 0.6507800946082181, 0.12050739088763837, 0.3957269747942824, 0.6893361429972976, 0.3512017226098434, 0.26899750132797595, 0.007057398507269275, 0.5942286982394969, 0.6460086674542044, 0.6628527017523504, 0.7710735630861959, 0.6860262709863924, 0.5530765761241951], [1.7785062128472164, 1.4380929599943661, 0.0, 0.33224629974150544, 0.6758405412604357, 0.11433249462205519, 0.5260908736135527, 0.69238556645472, 0.3360638071428712, 0.2614334321241032, 0.007392832833969631, 0.5597552339864484, 0.6389775315831635, 0.6129444916753503, 0.7641678501926883, 0.7031954271878816, 0.5086744598116147], [2.01951069370591, 1.6719560675065566, 0.0, 0.347758564183049, 0.7203236354061472, 0.10606090390567667, 0.5440198125348644, 0.6931120616693355, 0.2955502636259586, 0.27864423760392043, 0.006328755639155359, 0.5512452540994739, 0.6119109727149769, 0.603727409724765, 0.7417329766633287, 0.6778701421204387, 0.4565683660605996]]}