{"labels_1": ["1", "2", "3", "4", "5", "6", "7", "8", "9"], "labels_2": ["1", "2", "3", "4", "5", "6", "7", "8", "9"], "adj_matrix_1": [[0.0, 0.05997, 0.01258, 0.01014, 0.10301, 0.1238, 0.30828, 0.14731, 0.16391], [0.05997, 0.0, 0.07235, 0.06994, 0.15957, 0.06578, 0.29452, 0.09063, 0.17785], [0.01258, 0.07235, 0.0, 0.00244, 0.09082, 0.13556, 0.3104, 0.15873, 0.16114], [0.01014, 0.06994, 0.00244, 0.0, 0.09318, 0.13327, 0.31002, 0.15651, 0.16153], [0.10301, 0.15957, 0.09082, 0.09318, 0.0, 0.21649, 0.31973, 0.23644, 0.14147], [0.1238, 0.06578, 0.13556, 0.13327, 0.21649, 0.0, 0.27264, 0.02552, 0.19242], [0.30828, 0.29452, 0.3104, 0.31002, 0.31973, 0.27264, 0.0, 0.26197, 0.20134], [0.14731, 0.09063, 0.15873, 0.15651, 0.23644, 0.02552, 0.26197, 0.0, 0.1977], [0.16391, 0.17785, 0.16114, 0.16153, 0.14147, 0.19242, 0.20134, 0.1977, 0.0]], "adj_matrix_2": [[0.0, 0.23238, 0.06282, 0.08202, 0.08004, 0.19597, 0.08543, 0.04294, 0.16743], [0.23238, 0.0, 0.18382, 0.28628, 0.16927, 0.34588, 0.28809, 0.26089, 0.08317], [0.06282, 0.18382, 0.0, 0.14203, 0.01763, 0.24739, 0.14524, 0.10456, 0.10998], [0.08202, 0.28628, 0.14203, 0.0, 0.15798, 0.12026, 0.0035, 0.03949, 0.23519], [0.08004, 0.16927, 0.01763, 0.15798, 0.0, 0.26025, 0.16107, 0.12107, 0.09312], [0.19597, 0.34588, 0.24739, 0.12026, 0.26025, 0.0, 0.11692, 0.15741, 0.31771], [0.08543, 0.28809, 0.14524, 0.0035, 0.16107, 0.11692, 0.0, 0.04298, 0.2379], [0.04294, 0.26089, 0.10456, 0.03949, 0.12107, 0.15741, 0.04298, 0.0, 0.20387], [0.16743, 0.08317, 0.10998, 0.23519, 0.09312, 0.31771, 0.2379, 0.20387, 0.0]], "features_1": [[0.008564665778798108, 1.4525576465656602, 0.0, 0.2291948415233269, 0.6352309097699963, 0.1473668398709829, 0.47515307374385, 0.6728129163260617, 0.4876425460073255, 0.3281312234885594, 0.008895616178821175, 0.6346997910888381, 0.6840648263052703, 0.6952857761113308, 0.8361903054621455, 0.7648682821126382, 0.6396834888374271], [0.18784153824951266, 1.2764110312487706, 0.0, 0.20395381149766814, 0.5894107371291064, 0.15650609027302703, 0.38283903316098244, 0.6600471047836509, 0.5201480182228633, 0.30668328276381973, 0.009006502581913711, 0.6345973244437246, 0.6912894402716856, 0.7092589436147276, 0.8413603324316024, 0.7744753397123749, 0.6461302293081478], [-0.016266208859475828, 1.4268334721483742, 0.0, 0.21096295237089094, 0.6223132600007487, 0.14993181735057465, 0.38551853683700654, 0.6682378925312709, 0.5068979538860388, 0.3280147422420534, 0.009117329961713772, 0.635650674456552, 0.6834509295320428, 0.7005500964612925, 0.8348358647416463, 0.7434446250898182, 0.6355288268176391], [-0.06497282741859634, 1.4998148735231918, 0.0, 0.20471054994735852, 0.631925748733237, 0.1518905037725808, 0.3551813989797374, 0.6656896382479253, 0.5091311960064153, 0.3441839145654886, 0.00922809839663663, 0.6436928600565706, 0.6710689533975002, 0.7112727472929408, 0.8378022382213438, 0.7448750692340498, 0.6408024087355311], [-0.28641281517901795, 1.287823726386577, 0.0, 0.23573520656579872, 0.5892975597902015, 0.15642956888031373, 0.35158024971258184, 0.6569985843101512, 0.5179160658920459, 0.31617879487106015, 0.009006502581913711, 0.6493673839549017, 0.6958489275142139, 0.7279142655199546, 0.8373645358167159, 0.7232087713438644, 0.6371080286154495], [0.12339401680712214, 1.3909173520797895, 0.0, 0.22938573832901515, 0.6171812763536313, 0.15052853408405642, 0.40188582220425245, 0.6675487871010866, 0.5038011927549637, 0.32030887916684114, 0.008784670673857464, 0.6308867186313447, 0.6957942115001308, 0.7106552784821217, 0.8350301946289728, 0.7477152183245287, 0.6395846553841514], [0.27104011633845637, 1.9044703058015442, 0.0, 0.25987408419897734, 0.7001327977267564, 0.1449768767088191, 0.43570082756176376, 0.6769154646119457, 0.46324171766297106, 0.38587548635553537, 0.007671947615560004, 0.6010364448356909, 0.6892994012711924, 0.7185102591492846, 0.8334668474881758, 0.7316257300760032, 0.5862371905332188], [0.2305953572069388, 1.4605219023358573, 0.0, 0.3150866217928763, 0.6568091108885455, 0.1407003290539399, 0.6159491480163602, 0.6826715598712993, 0.45796197828296714, 0.3147257092851796, 0.007894969482732161, 0.6152690071013607, 0.6936497242445256, 0.7229780293563045, 0.8343057717998661, 0.7501023693066705, 0.6379923725609545], [0.9490980303915753, 1.568188233798764, 0.0, 0.2853741720556725, 0.6677408475698863, 0.13907766455465043, 0.5753861805016136, 0.6828615447069587, 0.4504207211199247, 0.32601716157300564, 0.007894969482732161, 0.5960807464308946, 0.6896818017404145, 0.7073037548777071, 0.8279453393021979, 0.7363457573400748, 0.6349491687120391]], "features_2": [[-0.1656855152525405, 1.2647106370644567, 0.0, 0.26664743145847536, 0.6243277895588418, 0.1305505001895078, 0.2911319700663668, 0.6822328418129501, 0.3920677464939202, 0.2723849691278555, 0.007616154688146137, 0.6160776728623185, 0.6634633111695534, 0.6825854562891286, 0.7895365384659394, 0.7154696280760396, 0.6061091932126722], [0.191470511067668, 1.0555782841498738, 0.0, 0.25697372531608065, 0.5834349673042136, 0.13128758720737227, 0.2894345583318689, 0.6819648328919932, 0.40578298570108084, 0.2355916028797045, 0.00783923647221818, 0.6010696436755496, 0.6616410966045964, 0.6838608309918514, 0.7930266877087673, 0.6928809115134151, 0.6133240263885659], [-0.15484353974358456, 1.250371146029884, 0.0, 0.25434112446595913, 0.6238027542387182, 0.1289019039893043, 0.26739205915155184, 0.6835253611306252, 0.3820684995066923, 0.26637298494396844, 0.00716927026363523, 0.6151335536796672, 0.6714211309038324, 0.6784963542582259, 0.7826692235670085, 0.6935699421746978, 0.5988328384025721], [-0.06375431597658565, 1.2262016695478803, 0.0, 0.2756213677404386, 0.6203613228669341, 0.12896610453975266, 0.2873871755925258, 0.6838912555824739, 0.3908438031063648, 0.2627185788208559, 0.007727725548673403, 0.6161008236065033, 0.6528552453259229, 0.6704386688135554, 0.7858532858257562, 0.6994146104156879, 0.6077655512808819], [0.15620369808734758, 1.090180288327122, 0.0, 0.2641015848987157, 0.6045951739774643, 0.12281092911277555, 0.47609310550572415, 0.6897651841317229, 0.3597367250517831, 0.2276690030021724, 0.007504523810135222, 0.611410494837394, 0.6609977185856698, 0.6641940026346254, 0.7897396209402222, 0.7091115587710999, 0.5989573469430934], [-0.20549043126885724, 1.2701796586247718, 0.0, 0.2849870367380942, 0.6364780738082645, 0.12483913990871928, 0.344761049514468, 0.6874218340039495, 0.36567737847676507, 0.26521391496019353, 0.007281081678807366, 0.6218978111053262, 0.6413973050671034, 0.6636249818098, 0.7810954672041249, 0.6828573492565011, 0.5930941608182819], [0.04117506953093164, 1.3229947740811066, 0.0, 0.2903682605413953, 0.6490195147163481, 0.11927082654324768, 0.38839293969369565, 0.6905032434971328, 0.3444400861956871, 0.26310254593110605, 0.00683347364535547, 0.6129604946800917, 0.6453227218449658, 0.6632836453005467, 0.77063517996576, 0.6888265978766455, 0.594324637393549], [0.2174354446584088, 1.5958295046316553, 0.0, 0.26659132526277796, 0.7109842534923845, 0.10841134151405984, 0.5006411279116854, 0.6931278237674445, 0.27959881911534823, 0.27656337269693054, 0.006047823865199753, 0.5932874532353916, 0.6299641856711284, 0.6148627784485861, 0.7467773924888909, 0.6483510464784505, 0.5285816886473034], [0.11752800055910395, 1.572483335029609, 0.0, 0.24416065903422687, 0.7017009247582886, 0.11001886170477823, 0.42012562715173163, 0.6929267503103167, 0.28652894786368166, 0.2809319417610423, 0.006272599803500922, 0.5909249678293418, 0.6450379160724001, 0.6493026492577333, 0.7457113195207458, 0.6799785843349265, 0.5470074896423903]]}