{"labels_1": ["1", "2", "3", "4", "5", "6", "7", "8", "9"], "labels_2": ["1", "2", "3", "4", "5", "6", "7", "8", "9"], "adj_matrix_1": [[0.0, 0.05997, 0.01258, 0.01014, 0.10301, 0.1238, 0.30828, 0.14731, 0.16391], [0.05997, 0.0, 0.07235, 0.06994, 0.15957, 0.06578, 0.29452, 0.09063, 0.17785], [0.01258, 0.07235, 0.0, 0.00244, 0.09082, 0.13556, 0.3104, 0.15873, 0.16114], [0.01014, 0.06994, 0.00244, 0.0, 0.09318, 0.13327, 0.31002, 0.15651, 0.16153], [0.10301, 0.15957, 0.09082, 0.09318, 0.0, 0.21649, 0.31973, 0.23644, 0.14147], [0.1238, 0.06578, 0.13556, 0.13327, 0.21649, 0.0, 0.27264, 0.02552, 0.19242], [0.30828, 0.29452, 0.3104, 0.31002, 0.31973, 0.27264, 0.0, 0.26197, 0.20134], [0.14731, 0.09063, 0.15873, 0.15651, 0.23644, 0.02552, 0.26197, 0.0, 0.1977], [0.16391, 0.17785, 0.16114, 0.16153, 0.14147, 0.19242, 0.20134, 0.1977, 0.0]], "adj_matrix_2": [[0.0, 0.24177, 0.10118, 0.01202, 0.08282, 0.15498, 0.3061, 0.24391, 0.29779], [0.24177, 0.0, 0.26439, 0.23629, 0.19259, 0.1255, 0.17805, 0.00489, 0.14395], [0.10118, 0.26439, 0.0, 0.11176, 0.16922, 0.21891, 0.27525, 0.2646, 0.27642], [0.01202, 0.23629, 0.11176, 0.0, 0.07143, 0.14537, 0.30709, 0.23872, 0.29757], [0.08282, 0.19259, 0.16922, 0.07143, 0.0, 0.08084, 0.29984, 0.19573, 0.28289], [0.15498, 0.1255, 0.21891, 0.14537, 0.08084, 0.0, 0.26872, 0.12972, 0.24389], [0.3061, 0.17805, 0.27525, 0.30709, 0.29984, 0.26872, 0.0, 0.17424, 0.03841], [0.24391, 0.00489, 0.2646, 0.23872, 0.19573, 0.12972, 0.17424, 0.0, 0.13985], [0.29779, 0.14395, 0.27642, 0.29757, 0.28289, 0.24389, 0.03841, 0.13985, 0.0]], "features_1": [[0.008564665778798108, 1.4525576465656602, 0.0, 0.2291948415233269, 0.6352309097699963, 0.1473668398709829, 0.47515307374385, 0.6728129163260617, 0.4876425460073255, 0.3281312234885594, 0.008895616178821175, 0.6346997910888381, 0.6840648263052703, 0.6952857761113308, 0.8361903054621455, 0.7648682821126382, 0.6396834888374271], [0.18784153824951266, 1.2764110312487706, 0.0, 0.20395381149766814, 0.5894107371291064, 0.15650609027302703, 0.38283903316098244, 0.6600471047836509, 0.5201480182228633, 0.30668328276381973, 0.009006502581913711, 0.6345973244437246, 0.6912894402716856, 0.7092589436147276, 0.8413603324316024, 0.7744753397123749, 0.6461302293081478], [-0.016266208859475828, 1.4268334721483742, 0.0, 0.21096295237089094, 0.6223132600007487, 0.14993181735057465, 0.38551853683700654, 0.6682378925312709, 0.5068979538860388, 0.3280147422420534, 0.009117329961713772, 0.635650674456552, 0.6834509295320428, 0.7005500964612925, 0.8348358647416463, 0.7434446250898182, 0.6355288268176391], [-0.06497282741859634, 1.4998148735231918, 0.0, 0.20471054994735852, 0.631925748733237, 0.1518905037725808, 0.3551813989797374, 0.6656896382479253, 0.5091311960064153, 0.3441839145654886, 0.00922809839663663, 0.6436928600565706, 0.6710689533975002, 0.7112727472929408, 0.8378022382213438, 0.7448750692340498, 0.6408024087355311], [-0.28641281517901795, 1.287823726386577, 0.0, 0.23573520656579872, 0.5892975597902015, 0.15642956888031373, 0.35158024971258184, 0.6569985843101512, 0.5179160658920459, 0.31617879487106015, 0.009006502581913711, 0.6493673839549017, 0.6958489275142139, 0.7279142655199546, 0.8373645358167159, 0.7232087713438644, 0.6371080286154495], [0.12339401680712214, 1.3909173520797895, 0.0, 0.22938573832901515, 0.6171812763536313, 0.15052853408405642, 0.40188582220425245, 0.6675487871010866, 0.5038011927549637, 0.32030887916684114, 0.008784670673857464, 0.6308867186313447, 0.6957942115001308, 0.7106552784821217, 0.8350301946289728, 0.7477152183245287, 0.6395846553841514], [0.27104011633845637, 1.9044703058015442, 0.0, 0.25987408419897734, 0.7001327977267564, 0.1449768767088191, 0.43570082756176376, 0.6769154646119457, 0.46324171766297106, 0.38587548635553537, 0.007671947615560004, 0.6010364448356909, 0.6892994012711924, 0.7185102591492846, 0.8334668474881758, 0.7316257300760032, 0.5862371905332188], [0.2305953572069388, 1.4605219023358573, 0.0, 0.3150866217928763, 0.6568091108885455, 0.1407003290539399, 0.6159491480163602, 0.6826715598712993, 0.45796197828296714, 0.3147257092851796, 0.007894969482732161, 0.6152690071013607, 0.6936497242445256, 0.7229780293563045, 0.8343057717998661, 0.7501023693066705, 0.6379923725609545], [0.9490980303915753, 1.568188233798764, 0.0, 0.2853741720556725, 0.6677408475698863, 0.13907766455465043, 0.5753861805016136, 0.6828615447069587, 0.4504207211199247, 0.32601716157300564, 0.007894969482732161, 0.5960807464308946, 0.6896818017404145, 0.7073037548777071, 0.8279453393021979, 0.7363457573400748, 0.6349491687120391]], "features_2": [[0.46519506384557996, 1.2912175861701274, 0.0, 0.21060288832403484, 0.6171688435569305, 0.13113421011773355, 0.2608239065271512, 0.6798126646840352, 0.37956096256222405, 0.2750182110954926, 0.007560346756364078, 0.5894303023651553, 0.6531714144497991, 0.6716570981734838, 0.7859663630307888, 0.6877378567619594, 0.5964900234423702], [0.27343068939963944, 1.068528514039855, 0.0, 0.23677331849331013, 0.5679143013597555, 0.13590670058286455, 0.23393102688106565, 0.6744606334839063, 0.4165808027167779, 0.24513117930035455, 0.007950687539111767, 0.6147157227857112, 0.6489197746058515, 0.6765199460904797, 0.7930762558704457, 0.6920179878716001, 0.6219741628375547], [0.4994122294906975, 1.2437419244238126, 0.0, 0.2510715327543432, 0.6099150567594017, 0.13137131615020275, 0.24704481716547236, 0.6795729143216763, 0.3853452582467385, 0.26765158166674086, 0.00783923647221818, 0.5930962881354116, 0.654377302857831, 0.6728341804920105, 0.7847113797006411, 0.6832758386259266, 0.6057585123078699], [0.15621657148563983, 1.3288238772853498, 0.0, 0.23517499905170072, 0.6228365771196317, 0.13068943106827313, 0.21947615082845856, 0.6792555351420511, 0.38200745250401336, 0.28476849064270926, 0.007616154688146137, 0.6050417999353597, 0.6424683177278903, 0.6697749411215433, 0.7790323229237307, 0.7074027344922489, 0.5959960595210577], [0.04818217051269791, 1.110589216619292, 0.0, 0.2041821513842875, 0.5731743095912869, 0.13825295793554446, 0.22202023367300328, 0.6720612796179868, 0.42125521058283844, 0.2573486559838647, 0.007783488497544067, 0.6166213053181391, 0.6675746374627555, 0.6995172976520501, 0.7992243654418201, 0.7142519599177782, 0.6204735111776365], [0.010642706239382793, 1.1679873384257922, 0.0, 0.22108073617757548, 0.6027817713183576, 0.13073058892518757, 0.320495532552269, 0.6820487577503582, 0.3900663773789048, 0.2574555705825101, 0.007616154688146137, 0.6158068446812786, 0.6563551729784945, 0.6958436902159526, 0.7915858358540055, 0.6981892567569041, 0.6208633450154132], [-0.2634529995544357, 1.4447829779485046, 0.0, 0.21617613036722566, 0.6577144163272087, 0.12264848502259648, 0.3833592635083427, 0.6880967422416027, 0.35553264644122007, 0.2916132175391719, 0.007504523810135222, 0.6151802549070431, 0.6715019168337897, 0.6784234514116017, 0.7765750842270988, 0.6921098601678174, 0.5666956138744274], [-0.14049460136678338, 1.4826377448225618, 0.0, 0.23480336214605355, 0.6855997039758074, 0.11502687844711867, 0.6162754930990069, 0.6925114129728306, 0.3217803077742054, 0.28225613615177414, 0.0066653709969386465, 0.5976046949163454, 0.6674167108378883, 0.6816710443542232, 0.7713900903847372, 0.678592632539627, 0.5658241179383263], [-0.20239677854006688, 1.4928469508575504, 0.0, 0.21201058642705695, 0.6938114625762402, 0.11012956922421724, 0.616001779116442, 0.6931214448712499, 0.284192529875507, 0.27304615327928494, 0.006272599803500922, 0.5930828697000428, 0.6659329928677616, 0.6856981363609393, 0.7611092983553549, 0.6838958284045474, 0.5344136649689909]]}