{"labels_1": ["1", "2", "3", "4", "5", "6", "7", "8", "9"], "labels_2": ["1", "2", "3", "4", "5", "6", "7", "8", "9"], "adj_matrix_1": [[0.0, 0.23529, 0.17098, 0.00052, 0.3179, 0.31409, 0.02299, 0.31896, 0.22788], [0.23529, 0.0, 0.09574, 0.23552, 0.26645, 0.23368, 0.22354, 0.29357, 0.0126], [0.17098, 0.09574, 0.0, 0.17137, 0.31582, 0.29231, 0.15339, 0.33446, 0.08371], [0.00052, 0.23552, 0.17137, 0.0, 0.31775, 0.31401, 0.02351, 0.3188, 0.22817], [0.3179, 0.26645, 0.31582, 0.31775, 0.0, 0.04398, 0.32465, 0.04027, 0.27438], [0.31409, 0.23368, 0.29231, 0.31401, 0.04398, 0.0, 0.31872, 0.08384, 0.24291], [0.02299, 0.22354, 0.15339, 0.02351, 0.32465, 0.31872, 0.0, 0.32783, 0.21557], [0.31896, 0.29357, 0.33446, 0.3188, 0.04027, 0.08384, 0.32783, 0.0, 0.30084], [0.22788, 0.0126, 0.08371, 0.22817, 0.27438, 0.24291, 0.21557, 0.30084, 0.0]], "adj_matrix_2": [[0.0, 0.00104, 0.22666, 0.21877, 0.08994, 0.04105, 0.28168, 0.32165, 0.05875], [0.00104, 0.0, 0.22727, 0.21929, 0.08896, 0.04206, 0.28046, 0.3207, 0.0576], [0.22666, 0.22727, 0.0, 0.01864, 0.26195, 0.20445, 0.28175, 0.27636, 0.25075], [0.21877, 0.21929, 0.01864, 0.0, 0.25937, 0.19412, 0.29094, 0.28765, 0.24665], [0.08994, 0.08896, 0.26195, 0.25937, 0.0, 0.12803, 0.22302, 0.27672, 0.03204], [0.04105, 0.04206, 0.20445, 0.19412, 0.12803, 0.0, 0.2999, 0.33288, 0.09823], [0.28168, 0.28046, 0.28175, 0.29094, 0.22302, 0.2999, 0.0, 0.07171, 0.24687], [0.32165, 0.3207, 0.27636, 0.28765, 0.27672, 0.33288, 0.07171, 0.0, 0.29592], [0.05875, 0.0576, 0.25075, 0.24665, 0.03204, 0.09823, 0.24687, 0.29592, 0.0]], "features_1": [[0.7318478710804084, 1.3377148263315022, 0.0, 0.27135456247294226, 0.6335783751098857, 0.12943206710118332, 0.283166384381871, 0.681578103226032, 0.39231673793065314, 0.2787247305796545, 0.00783923647221818, 0.5812958936279233, 0.6459107737881885, 0.6593107463926612, 0.7787556742782104, 0.7134180233847223, 0.6033703800764404], [0.29569810775013394, 1.1156663731553274, 0.0, 0.24648095746583168, 0.5856056063985937, 0.13234666581383062, 0.2249959966618711, 0.6782132522653999, 0.406980110855202, 0.24829588720030338, 0.008006390651371653, 0.6103235584243225, 0.6346900183781621, 0.669403135136472, 0.7846043737394061, 0.7051925555377917, 0.6103759181700864], [0.5382881777116446, 1.344557451512843, 0.0, 0.2600740361859371, 0.63918056024488, 0.12569363525932786, 0.26893729554747237, 0.6845099170065927, 0.36663908350978724, 0.2734875615194807, 0.007504523810135222, 0.5897777642116042, 0.6297658553151069, 0.657665274264576, 0.768420635565171, 0.686964270741793, 0.5985353438794024], [0.4938446824086289, 1.3636529960248802, 0.0, 0.27678777123312764, 0.6436333390717488, 0.12559648192471284, 0.32287774763976246, 0.6853134358540552, 0.36633786002310176, 0.2766747025428691, 0.007281081678807366, 0.5801051957688801, 0.6518431334139966, 0.6592881467949403, 0.7727039382222282, 0.6919402061942713, 0.595468158597375], [-0.16938570168810863, 1.1049598870160733, 0.0, 0.2422818452356426, 0.5841803404524267, 0.13293172618551458, 0.27310477707583586, 0.6791634607237667, 0.405566766047768, 0.2488895800278581, 0.007783488497544067, 0.6254848310686394, 0.6521812124102819, 0.6607119048067913, 0.7918275664994062, 0.7101336565390716, 0.6054851871905509], [0.07765166709486726, 1.3015306312743091, 0.0, 0.2112560302595149, 0.6350664345972177, 0.12361582957312357, 0.30566819365285697, 0.6867578954713622, 0.35483265677138065, 0.2645830593989884, 0.007225183508792421, 0.6151510936452103, 0.6460339752322907, 0.6598234073816504, 0.769714649922907, 0.6842231082418185, 0.5980862100611126], [0.32234401112701727, 1.4756539869243996, 0.0, 0.29355836479334557, 0.6678440940827702, 0.1211887651087961, 0.3541799567115298, 0.6886539583886067, 0.34811317749671167, 0.2883723448774018, 0.007057398507269275, 0.5876460665451333, 0.6402845691962344, 0.6618257753125136, 0.7652092926649608, 0.6711608507718898, 0.5691999310942063], [-0.16998851021127948, 1.3077175584560525, 0.0, 0.23666044127243163, 0.6456983156918158, 0.12031060229610459, 0.4271900871113786, 0.6900165403151963, 0.3637032317334188, 0.2647063599518149, 0.007057398507269275, 0.6210858530635177, 0.6706828754097305, 0.683160371054018, 0.7740157399515853, 0.7000342407528375, 0.5839406175405865], [0.25252215011836654, 1.4716264765563019, 0.0, 0.25597857479454794, 0.6721319987345421, 0.1185887324538268, 0.3891591082615669, 0.690204557231245, 0.3572993016197539, 0.2842501217804656, 0.007392832833969631, 0.5930312793317918, 0.6366894556115089, 0.651298156398974, 0.7628708778805637, 0.6954725743958686, 0.5759160629075627]], "features_2": [[0.25488576825772347, 1.2177310969652977, 0.0, 0.2265962962177033, 0.5958816307122408, 0.13208659344538937, 0.24301562374860666, 0.6770090869429328, 0.40451253226758555, 0.26667940471372176, 0.007671947615560004, 0.6084456497912392, 0.6245345113051397, 0.6523739207956606, 0.7775037356124946, 0.6942708453256511, 0.5972801399212316], [0.33030420924680026, 0.9778828288629743, 0.0, 0.2529753095982177, 0.5452762709441821, 0.1341115429269328, 0.27521113181935275, 0.6750741005863882, 0.43528093583127037, 0.22746658855678814, 0.00822905385914674, 0.6057446902301105, 0.641604569885563, 0.6628827794287349, 0.7864497992512346, 0.6960042384179596, 0.6132960019656573], [0.9401680573861921, 1.1904205347467007, 0.0, 0.2872186665512558, 0.5948938588817897, 0.1300535397863215, 0.2548508928332126, 0.6793408396385561, 0.4056429642190025, 0.25548927218589523, 0.008006390651371653, 0.5838317542581002, 0.6190470346138175, 0.6445055479600506, 0.7734951990104004, 0.6853258833114442, 0.5973825495322608], [0.774880095575877, 1.2970059505450489, 0.0, 0.2554384305484122, 0.6163116508268818, 0.12901088533573907, 0.26833406575052265, 0.6805751589051904, 0.3938013370729305, 0.2707056927806142, 0.007783488497544067, 0.5912262657574052, 0.6362046859235434, 0.6579071250527508, 0.7709460050469092, 0.6865479471817325, 0.5884880823356722], [0.6656386671734817, 1.014122100093484, 0.0, 0.2389936422516927, 0.564856696161067, 0.1312392867102076, 0.36641659133850907, 0.6813873309412516, 0.4253579278854609, 0.22539917811863752, 0.007894969482732161, 0.6038379134358101, 0.6430117830162619, 0.6616197264000722, 0.7952326251288874, 0.7071886255156487, 0.6104809183088354], [0.8201336260559566, 1.222016275367763, 0.0, 0.2775953646700469, 0.6142518092077567, 0.12562316138637983, 0.39228047830287666, 0.6856622812854427, 0.39069841386369686, 0.2529150918361258, 0.007448685839370306, 0.5893085173780803, 0.6319917986751049, 0.650905968885849, 0.7777702193692129, 0.6981344506550601, 0.5854284113897116], [0.6176386499972173, 1.5288286446979826, 0.0, 0.2427659051641788, 0.679598870640644, 0.11876425932160589, 0.7690573933062069, 0.6910565316275834, 0.31906219905831534, 0.2784368133557902, 0.006889477554966383, 0.5974796440153396, 0.6356723093881492, 0.6330440637103393, 0.7595849811911872, 0.6856267066461044, 0.5243507154007803], [0.03839282800811761, 1.3532396781054017, 0.0, 0.2599424700994378, 0.659508346876729, 0.11311357767754361, 0.5900608577873327, 0.6924487406363885, 0.3189587033790331, 0.2559927700307498, 0.006328755639155359, 0.6084088621715851, 0.6542501314387954, 0.6606586057140746, 0.7593278237609971, 0.7059924353450886, 0.4988507404314809], [0.2695010577312331, 1.5240196793829108, 0.0, 0.2677741068875573, 0.6917532792947165, 0.11181469218295112, 0.8840012780741773, 0.6929924251768416, 0.30527240140061473, 0.27534607893921503, 0.00655322669591385, 0.5861108618076045, 0.6348069220009698, 0.6349153660292919, 0.7483588532574257, 0.6903622627988697, 0.46954250916089063]]}