{"labels_1": ["1", "2", "3", "4", "5", "6", "7", "8", "9"], "labels_2": ["1", "2", "3", "4", "5", "6", "7", "8", "9"], "adj_matrix_1": [[0.0, 0.16912, 0.08457, 0.05736, 0.10795, 0.12205, 0.04961, 0.19615, 0.34697], [0.16912, 0.0, 0.18765, 0.15504, 0.1921, 0.13816, 0.15645, 0.11707, 0.07122], [0.08457, 0.18765, 0.0, 0.13756, 0.02506, 0.19358, 0.13051, 0.25265, 0.35291], [0.05736, 0.15504, 0.13756, 0.0, 0.15862, 0.06734, 0.00786, 0.14814, 0.32845], [0.10795, 0.1921, 0.02506, 0.15862, 0.0, 0.21107, 0.15186, 0.26465, 0.34929], [0.12205, 0.13816, 0.19358, 0.06734, 0.21107, 0.0, 0.07497, 0.08507, 0.29366], [0.04961, 0.15645, 0.13051, 0.00786, 0.15186, 0.07497, 0.0, 0.15518, 0.33209], [0.19615, 0.11707, 0.25265, 0.14814, 0.26465, 0.08507, 0.15518, 0.0, 0.23323], [0.34697, 0.07122, 0.35291, 0.32845, 0.34929, 0.29366, 0.33209, 0.23323, 0.0]], "adj_matrix_2": [[0.0, 0.24177, 0.10118, 0.01202, 0.08282, 0.15498, 0.3061, 0.24391, 0.29779], [0.24177, 0.0, 0.26439, 0.23629, 0.19259, 0.1255, 0.17805, 0.00489, 0.14395], [0.10118, 0.26439, 0.0, 0.11176, 0.16922, 0.21891, 0.27525, 0.2646, 0.27642], [0.01202, 0.23629, 0.11176, 0.0, 0.07143, 0.14537, 0.30709, 0.23872, 0.29757], [0.08282, 0.19259, 0.16922, 0.07143, 0.0, 0.08084, 0.29984, 0.19573, 0.28289], [0.15498, 0.1255, 0.21891, 0.14537, 0.08084, 0.0, 0.26872, 0.12972, 0.24389], [0.3061, 0.17805, 0.27525, 0.30709, 0.29984, 0.26872, 0.0, 0.17424, 0.03841], [0.24391, 0.00489, 0.2646, 0.23872, 0.19573, 0.12972, 0.17424, 0.0, 0.13985], [0.29779, 0.14395, 0.27642, 0.29757, 0.28289, 0.24389, 0.03841, 0.13985, 0.0]], "features_1": [[0.4693762496378411, 1.268980600108259, 0.0, 0.23864984923705798, 0.627126303422693, 0.12698564817999147, 0.4160939259116354, 0.6862547879231858, 0.374899461158944, 0.2636802182057054, 0.007560346756364078, 0.5943404563228665, 0.6613645757953284, 0.6705793109877002, 0.7936560428663284, 0.708248031159307, 0.6000199420029306], [1.7763373833988814, 1.119831556476677, 0.0, 0.2970627314240036, 0.5903481487722252, 0.12912912191772868, 0.33543387701653204, 0.6831915220919784, 0.39628612188796297, 0.23953986327604015, 0.007783488497544067, 0.5610079723957684, 0.6548584018805139, 0.6730792328593549, 0.7902281470040534, 0.6939417586021254, 0.6051468800020121], [0.4662855620215658, 1.243934093341959, 0.0, 0.2716497379597288, 0.620150660757782, 0.12542634925484522, 0.352660593661399, 0.6861428240190137, 0.36369969275354275, 0.2570120753645033, 0.007448685839370306, 0.5970543305019227, 0.6534914953364545, 0.6685615357651418, 0.7817617310221411, 0.6836544549157911, 0.5941221402499461], [0.2821821367391144, 1.2407622161421286, 0.0, 0.27660551810712414, 0.6239917977455919, 0.1252667619735485, 0.4318630459910011, 0.6873066225540729, 0.36724126245996636, 0.25749662182703226, 0.007448685839370306, 0.5988318595406406, 0.6706523846294836, 0.6795930681711997, 0.7877227960536736, 0.7016578376023705, 0.596856844264639], [1.0027986729016414, 1.1596637358325972, 0.0, 0.2093732327396007, 0.5925174473638889, 0.13312942839562905, 0.29016082068865856, 0.679107198181814, 0.4233474703669491, 0.2525951979694019, 0.008117752083540042, 0.589318476613252, 0.6417124491207084, 0.6403063495861588, 0.7950142930482103, 0.7238312999131098, 0.6073646698969812], [0.3004172245120684, 1.2352971416809722, 0.0, 0.206655461506708, 0.6288344045429398, 0.1225132644358415, 0.440435101843233, 0.6889354879840432, 0.3521226114601568, 0.25109363324257283, 0.006889477554966383, 0.6066962076540332, 0.648296220140831, 0.6541360295535219, 0.7823702442501486, 0.7170719237049493, 0.5934448435590362], [0.3643673356669699, 1.4294004465169317, 0.0, 0.20504389624396305, 0.6699677392835373, 0.1169505753812424, 0.5100747689631013, 0.6915587951438562, 0.3239250546616046, 0.271152784425603, 0.007001439975721224, 0.601406439513072, 0.6440768311874298, 0.6364441947103227, 0.7700890634392017, 0.6997552802438567, 0.5393991454967654], [-0.053215558469674296, 1.5064843419537903, 0.0, 0.22337313770217912, 0.6848484949263344, 0.11554984016253397, 0.4951251584997678, 0.6918788364892721, 0.30799123870111944, 0.2831988229274607, 0.00677745458930179, 0.5953569138461752, 0.6466164994990509, 0.6625851232483063, 0.7638767382915214, 0.6642801732489749, 0.5731456992226636], [-0.11721334877446887, 1.5833353855042878, 0.0, 0.2224668732992034, 0.7008466866975, 0.11226948781835377, 0.47559288552131845, 0.6925336856446551, 0.2802347278715267, 0.2852936650466469, 0.00655322669591385, 0.6094243923385378, 0.628442431961387, 0.6362739460749444, 0.7499016743108738, 0.6440042175395398, 0.5664285981169579]], "features_2": [[0.46519506384557996, 1.2912175861701274, 0.0, 0.21060288832403484, 0.6171688435569305, 0.13113421011773355, 0.2608239065271512, 0.6798126646840352, 0.37956096256222405, 0.2750182110954926, 0.007560346756364078, 0.5894303023651553, 0.6531714144497991, 0.6716570981734838, 0.7859663630307888, 0.6877378567619594, 0.5964900234423702], [0.27343068939963944, 1.068528514039855, 0.0, 0.23677331849331013, 0.5679143013597555, 0.13590670058286455, 0.23393102688106565, 0.6744606334839063, 0.4165808027167779, 0.24513117930035455, 0.007950687539111767, 0.6147157227857112, 0.6489197746058515, 0.6765199460904797, 0.7930762558704457, 0.6920179878716001, 0.6219741628375547], [0.4994122294906975, 1.2437419244238126, 0.0, 0.2510715327543432, 0.6099150567594017, 0.13137131615020275, 0.24704481716547236, 0.6795729143216763, 0.3853452582467385, 0.26765158166674086, 0.00783923647221818, 0.5930962881354116, 0.654377302857831, 0.6728341804920105, 0.7847113797006411, 0.6832758386259266, 0.6057585123078699], [0.15621657148563983, 1.3288238772853498, 0.0, 0.23517499905170072, 0.6228365771196317, 0.13068943106827313, 0.21947615082845856, 0.6792555351420511, 0.38200745250401336, 0.28476849064270926, 0.007616154688146137, 0.6050417999353597, 0.6424683177278903, 0.6697749411215433, 0.7790323229237307, 0.7074027344922489, 0.5959960595210577], [0.04818217051269791, 1.110589216619292, 0.0, 0.2041821513842875, 0.5731743095912869, 0.13825295793554446, 0.22202023367300328, 0.6720612796179868, 0.42125521058283844, 0.2573486559838647, 0.007783488497544067, 0.6166213053181391, 0.6675746374627555, 0.6995172976520501, 0.7992243654418201, 0.7142519599177782, 0.6204735111776365], [0.010642706239382793, 1.1679873384257922, 0.0, 0.22108073617757548, 0.6027817713183576, 0.13073058892518757, 0.320495532552269, 0.6820487577503582, 0.3900663773789048, 0.2574555705825101, 0.007616154688146137, 0.6158068446812786, 0.6563551729784945, 0.6958436902159526, 0.7915858358540055, 0.6981892567569041, 0.6208633450154132], [-0.2634529995544357, 1.4447829779485046, 0.0, 0.21617613036722566, 0.6577144163272087, 0.12264848502259648, 0.3833592635083427, 0.6880967422416027, 0.35553264644122007, 0.2916132175391719, 0.007504523810135222, 0.6151802549070431, 0.6715019168337897, 0.6784234514116017, 0.7765750842270988, 0.6921098601678174, 0.5666956138744274], [-0.14049460136678338, 1.4826377448225618, 0.0, 0.23480336214605355, 0.6855997039758074, 0.11502687844711867, 0.6162754930990069, 0.6925114129728306, 0.3217803077742054, 0.28225613615177414, 0.0066653709969386465, 0.5976046949163454, 0.6674167108378883, 0.6816710443542232, 0.7713900903847372, 0.678592632539627, 0.5658241179383263], [-0.20239677854006688, 1.4928469508575504, 0.0, 0.21201058642705695, 0.6938114625762402, 0.11012956922421724, 0.616001779116442, 0.6931214448712499, 0.284192529875507, 0.27304615327928494, 0.006272599803500922, 0.5930828697000428, 0.6659329928677616, 0.6856981363609393, 0.7611092983553549, 0.6838958284045474, 0.5344136649689909]]}