{"labels_1": ["1", "2", "3", "4", "5", "6", "7", "8", "9"], "labels_2": ["1", "2", "3", "4", "5", "6", "7", "8", "9"], "adj_matrix_1": [[0.0, 0.16912, 0.08457, 0.05736, 0.10795, 0.12205, 0.04961, 0.19615, 0.34697], [0.16912, 0.0, 0.18765, 0.15504, 0.1921, 0.13816, 0.15645, 0.11707, 0.07122], [0.08457, 0.18765, 0.0, 0.13756, 0.02506, 0.19358, 0.13051, 0.25265, 0.35291], [0.05736, 0.15504, 0.13756, 0.0, 0.15862, 0.06734, 0.00786, 0.14814, 0.32845], [0.10795, 0.1921, 0.02506, 0.15862, 0.0, 0.21107, 0.15186, 0.26465, 0.34929], [0.12205, 0.13816, 0.19358, 0.06734, 0.21107, 0.0, 0.07497, 0.08507, 0.29366], [0.04961, 0.15645, 0.13051, 0.00786, 0.15186, 0.07497, 0.0, 0.15518, 0.33209], [0.19615, 0.11707, 0.25265, 0.14814, 0.26465, 0.08507, 0.15518, 0.0, 0.23323], [0.34697, 0.07122, 0.35291, 0.32845, 0.34929, 0.29366, 0.33209, 0.23323, 0.0]], "adj_matrix_2": [[0.0, 0.03603, 0.11452, 0.00687, 0.13971, 0.07537, 0.19991, 0.29614, 0.11347], [0.03603, 0.0, 0.14627, 0.02922, 0.17001, 0.10931, 0.22436, 0.30745, 0.07996], [0.11452, 0.14627, 0.0, 0.12076, 0.02794, 0.04137, 0.09888, 0.22884, 0.2072], [0.00687, 0.02922, 0.12076, 0.0, 0.14566, 0.08196, 0.2049, 0.29872, 0.10725], [0.13971, 0.17001, 0.02794, 0.14566, 0.0, 0.06886, 0.07184, 0.20727, 0.2255], [0.07537, 0.10931, 0.04137, 0.08196, 0.06886, 0.0, 0.13719, 0.25707, 0.17722], [0.19991, 0.22436, 0.09888, 0.2049, 0.07184, 0.13719, 0.0, 0.14527, 0.26523], [0.29614, 0.30745, 0.22884, 0.29872, 0.20727, 0.25707, 0.14527, 0.0, 0.31625], [0.11347, 0.07996, 0.2072, 0.10725, 0.2255, 0.17722, 0.26523, 0.31625, 0.0]], "features_1": [[0.4693762496378411, 1.268980600108259, 0.0, 0.23864984923705798, 0.627126303422693, 0.12698564817999147, 0.4160939259116354, 0.6862547879231858, 0.374899461158944, 0.2636802182057054, 0.007560346756364078, 0.5943404563228665, 0.6613645757953284, 0.6705793109877002, 0.7936560428663284, 0.708248031159307, 0.6000199420029306], [1.7763373833988814, 1.119831556476677, 0.0, 0.2970627314240036, 0.5903481487722252, 0.12912912191772868, 0.33543387701653204, 0.6831915220919784, 0.39628612188796297, 0.23953986327604015, 0.007783488497544067, 0.5610079723957684, 0.6548584018805139, 0.6730792328593549, 0.7902281470040534, 0.6939417586021254, 0.6051468800020121], [0.4662855620215658, 1.243934093341959, 0.0, 0.2716497379597288, 0.620150660757782, 0.12542634925484522, 0.352660593661399, 0.6861428240190137, 0.36369969275354275, 0.2570120753645033, 0.007448685839370306, 0.5970543305019227, 0.6534914953364545, 0.6685615357651418, 0.7817617310221411, 0.6836544549157911, 0.5941221402499461], [0.2821821367391144, 1.2407622161421286, 0.0, 0.27660551810712414, 0.6239917977455919, 0.1252667619735485, 0.4318630459910011, 0.6873066225540729, 0.36724126245996636, 0.25749662182703226, 0.007448685839370306, 0.5988318595406406, 0.6706523846294836, 0.6795930681711997, 0.7877227960536736, 0.7016578376023705, 0.596856844264639], [1.0027986729016414, 1.1596637358325972, 0.0, 0.2093732327396007, 0.5925174473638889, 0.13312942839562905, 0.29016082068865856, 0.679107198181814, 0.4233474703669491, 0.2525951979694019, 0.008117752083540042, 0.589318476613252, 0.6417124491207084, 0.6403063495861588, 0.7950142930482103, 0.7238312999131098, 0.6073646698969812], [0.3004172245120684, 1.2352971416809722, 0.0, 0.206655461506708, 0.6288344045429398, 0.1225132644358415, 0.440435101843233, 0.6889354879840432, 0.3521226114601568, 0.25109363324257283, 0.006889477554966383, 0.6066962076540332, 0.648296220140831, 0.6541360295535219, 0.7823702442501486, 0.7170719237049493, 0.5934448435590362], [0.3643673356669699, 1.4294004465169317, 0.0, 0.20504389624396305, 0.6699677392835373, 0.1169505753812424, 0.5100747689631013, 0.6915587951438562, 0.3239250546616046, 0.271152784425603, 0.007001439975721224, 0.601406439513072, 0.6440768311874298, 0.6364441947103227, 0.7700890634392017, 0.6997552802438567, 0.5393991454967654], [-0.053215558469674296, 1.5064843419537903, 0.0, 0.22337313770217912, 0.6848484949263344, 0.11554984016253397, 0.4951251584997678, 0.6918788364892721, 0.30799123870111944, 0.2831988229274607, 0.00677745458930179, 0.5953569138461752, 0.6466164994990509, 0.6625851232483063, 0.7638767382915214, 0.6642801732489749, 0.5731456992226636], [-0.11721334877446887, 1.5833353855042878, 0.0, 0.2224668732992034, 0.7008466866975, 0.11226948781835377, 0.47559288552131845, 0.6925336856446551, 0.2802347278715267, 0.2852936650466469, 0.00655322669591385, 0.6094243923385378, 0.628442431961387, 0.6362739460749444, 0.7499016743108738, 0.6440042175395398, 0.5664285981169579]], "features_2": [[0.5826968984422893, 1.549746637434921, 0.0, 0.2659840284372338, 0.6818155064628644, 0.1187919279226919, 0.4319309314081636, 0.6905767882405678, 0.3264963251439965, 0.2899660256346581, 0.007001439975721224, 0.5866632471112649, 0.6356183693823498, 0.6467559599050883, 0.7702661380444534, 0.694975284741291, 0.5673542957095199], [0.8431726511934126, 1.2607388593117212, 0.0, 0.2584722904687591, 0.6294019166407455, 0.12507705058706442, 0.45443535103484367, 0.6875467511334314, 0.3717720247833527, 0.25586626871591167, 0.00711334193318236, 0.580811354480036, 0.6368499518087812, 0.6468913866614696, 0.784157846080431, 0.694290165267217, 0.5864240842757764], [0.67902044427924, 1.5159904390380656, 0.0, 0.2729233901997508, 0.6784704977897312, 0.1174485181369208, 0.46146060580680837, 0.6911232166265924, 0.3237105225823178, 0.28384575644406795, 0.007001439975721224, 0.5892209346071948, 0.6271350002460291, 0.6288323922073987, 0.7660722347008319, 0.6815619535354432, 0.5665167647874659], [0.5189075212500827, 1.5473362407515867, 0.0, 0.26157572204581, 0.6785530808467741, 0.11988459740452628, 0.403117728420915, 0.6899369641099201, 0.32378580695504033, 0.29127807766506697, 0.006889477554966383, 0.5904962965880838, 0.6501162793781127, 0.6536141859743906, 0.7708643616058755, 0.6738287058641692, 0.5832830536833427], [0.4838795164504832, 1.199081548140727, 0.0, 0.2259258719688925, 0.6076959472736259, 0.13041969283720245, 0.4350007886274433, 0.6839766425968431, 0.389700066147457, 0.25160080108504856, 0.007894969482732161, 0.5989653996884017, 0.6487543379220586, 0.6402893486955007, 0.794951192711783, 0.7305021705775012, 0.6066284346373352], [0.658850243491619, 1.463076139446182, 0.0, 0.2614574723798716, 0.6723590732555272, 0.11751616246137808, 0.5283742100051647, 0.69132981751793, 0.33224838814043123, 0.2781072811616221, 0.007225183508792421, 0.5882192337564014, 0.6291057099615145, 0.6432667389677316, 0.7681124504987689, 0.693142094575992, 0.579210616477747], [0.14726050485027864, 1.5324681168202847, 0.0, 0.22879444569085386, 0.669024736176338, 0.12258729600061866, 0.3962551612844315, 0.6884613442355896, 0.32541830348085643, 0.29377420766704176, 0.00677745458930179, 0.5983393791895093, 0.6371943776046657, 0.6325518521380149, 0.7781817254268113, 0.6722819096928612, 0.5894700657335622], [0.06792183628902304, 1.3903983414161425, 0.0, 0.2710867230510742, 0.6557890567442234, 0.1204479398858011, 0.48716940691379307, 0.6894182045764892, 0.34392660449789125, 0.2732917620410633, 0.007336964783822175, 0.606114116359741, 0.6338337832241846, 0.6472697229815867, 0.7598318988763167, 0.6766096441589826, 0.5993688373052454], [1.0986199151234226, 1.5194251279965665, 0.0, 0.32551823252677503, 0.6819019622299766, 0.11416370083201474, 0.42135009674212043, 0.6918588508682992, 0.3094451281196984, 0.27380604099791617, 0.00711334193318236, 0.5655594877398569, 0.6144408411872858, 0.6111034268965126, 0.7480254325948396, 0.6534660572915312, 0.570226166895895]]}