{"labels_1": ["1", "2", "3", "4", "5", "6", "7", "8", "9"], "labels_2": ["1", "2", "3", "4", "5", "6", "7", "8", "9"], "adj_matrix_1": [[0.0, 0.17625, 0.02341, 0.04166, 0.10941, 0.02159, 0.2398, 0.0788, 0.29859], [0.17625, 0.0, 0.19636, 0.21156, 0.0729, 0.157, 0.0805, 0.10322, 0.17965], [0.02341, 0.19636, 0.0, 0.01831, 0.13157, 0.04492, 0.25671, 0.10156, 0.30946], [0.04166, 0.21156, 0.01831, 0.0, 0.14856, 0.06306, 0.2694, 0.11913, 0.31735], [0.10941, 0.0729, 0.13157, 0.14856, 0.0, 0.08858, 0.14899, 0.03158, 0.23428], [0.02159, 0.157, 0.04492, 0.06306, 0.08858, 0.0, 0.22364, 0.05761, 0.28787], [0.2398, 0.0805, 0.25671, 0.2694, 0.14899, 0.22364, 0.0, 0.17679, 0.10916], [0.0788, 0.10322, 0.10156, 0.11913, 0.03158, 0.05761, 0.17679, 0.0, 0.25493], [0.29859, 0.17965, 0.30946, 0.31735, 0.23428, 0.28787, 0.10916, 0.25493, 0.0]], "adj_matrix_2": [[0.0, 0.15115, 0.17234, 0.18638, 0.12774, 0.20501, 0.07183, 0.11556, 0.1987], [0.15115, 0.0, 0.24498, 0.24519, 0.02733, 0.23851, 0.08635, 0.22658, 0.24134], [0.17234, 0.24498, 0.0, 0.02468, 0.23722, 0.06882, 0.21305, 0.0741, 0.052], [0.18638, 0.24519, 0.02468, 0.0, 0.23966, 0.04518, 0.2209, 0.09658, 0.02794], [0.12774, 0.02733, 0.23722, 0.23966, 0.0, 0.23689, 0.06002, 0.21195, 0.23823], [0.20501, 0.23851, 0.06882, 0.04518, 0.23689, 0.0, 0.22727, 0.13351, 0.01738], [0.07183, 0.08635, 0.21305, 0.2209, 0.06002, 0.22727, 0.0, 0.17351, 0.22647], [0.11556, 0.22658, 0.0741, 0.09658, 0.21195, 0.13351, 0.17351, 0.0, 0.12032], [0.1987, 0.24134, 0.052, 0.02794, 0.23823, 0.01738, 0.22647, 0.12032, 0.0]], "features_1": [[-0.11290265586266068, 1.021897154701449, 0.0, 0.23084636780752216, 0.580334626925074, 0.1288224424632551, 0.3916004169316537, 0.685229406697326, 0.3800071855790399, 0.22569669926550007, 0.007281081678807366, 0.6169769739377875, 0.6626050723573148, 0.6921165182682452, 0.7948293958643836, 0.7381673789154113, 0.5928636367490332], [0.08274100688905417, 0.8714606432757012, 0.0, 0.2674540021093553, 0.547495965374262, 0.12730279567960762, 0.4736469914667296, 0.6870011800020084, 0.3743161082480244, 0.19340236043717174, 0.00716927026363523, 0.6078690885582332, 0.6730968014236138, 0.6964483516635189, 0.7961822465910212, 0.7171713115610938, 0.592229302940406], [-0.31445671721209, 1.0644273105922766, 0.0, 0.23248455494862239, 0.5929338898233246, 0.12697375137536399, 0.36577853049032, 0.685984840708102, 0.3820863773084413, 0.23350260014381563, 0.007392832833969631, 0.6207900628010308, 0.6604707973111406, 0.6904557511328175, 0.7850498658561369, 0.6973870159887607, 0.585115402282142], [-0.4218749655629943, 1.1457096678154755, 0.0, 0.22279041878771652, 0.611561203213959, 0.12532876271873872, 0.41091741550854194, 0.6875381656469113, 0.36571491347484186, 0.24616722644502054, 0.007281081678807366, 0.6243291406134084, 0.6728440801012531, 0.6942192792957084, 0.7852858739587516, 0.6946724390977176, 0.5808558356404727], [0.1945507265859896, 0.9804353126410633, 0.0, 0.2872449215998169, 0.5793656976144874, 0.12388839178302, 0.5686260142404947, 0.6893361387395947, 0.3699320449554704, 0.2105642760884625, 0.007392832833969631, 0.6031134480678433, 0.6663960250925274, 0.6767707079750451, 0.7915116340143049, 0.7042630136272553, 0.5630879555810421], [-0.32565870330810887, 1.144650658004424, 0.0, 0.2556549399406585, 0.6214772212078229, 0.11977438480128746, 0.5220985477681154, 0.6908982632353731, 0.35523734863024936, 0.2387660991841034, 0.00683347364535547, 0.6127497473257324, 0.6726523801563711, 0.6942588367149681, 0.7783200499048446, 0.6970471361448939, 0.5622388504278181], [-0.11961378003909173, 1.4749530825674526, 0.0, 0.24883529728278195, 0.6745685766340205, 0.12019473503378378, 0.465290858655419, 0.6903278398161059, 0.3344256113371633, 0.2877152821469289, 0.0069454663283523566, 0.6059098026912979, 0.656279067171292, 0.6749960813022385, 0.774691158599403, 0.6680258870512022, 0.5427595435500268], [0.052510826425442136, 1.364773411726196, 0.0, 0.2729947980324754, 0.6735230591782417, 0.10874264735126092, 0.7123944376857032, 0.6931413717299402, 0.2850224368811005, 0.2517199841608755, 0.006272599803500922, 0.5900697206319394, 0.6402324670330783, 0.6592533543520411, 0.7490476266966193, 0.6806425076602318, 0.4942556756765322], [0.040051067797171935, 1.4282403918522015, 0.0, 0.27597230024107977, 0.6847798108595111, 0.10802125869182963, 0.7035657292754649, 0.6931471220203185, 0.2757048705449823, 0.2579085230426328, 0.006384896235913207, 0.5853103792131251, 0.6429703857541554, 0.634505273300113, 0.7453432254800434, 0.6614806442987271, 0.4973836602624085]], "features_2": [[0.31710715736134665, 1.1348303618302364, 0.0, 0.275538923818463, 0.5816981570162316, 0.1369199696025846, 0.27139547250118595, 0.6730353045248918, 0.4428875231992708, 0.26006422629837145, 0.008507047823598457, 0.6107775286594874, 0.6442952186409219, 0.6813214205624818, 0.7960165465133484, 0.717924228015831, 0.6270676998298851], [0.7174045275221403, 0.8907692989717528, 0.0, 0.2707503374751409, 0.5206560952289847, 0.13760229305490018, 0.3137618857474628, 0.6727510943479362, 0.4599328448859563, 0.2119098645745252, 0.008173410423425675, 0.6084162994855382, 0.6466752887284348, 0.6835491012676442, 0.8053968425313996, 0.7230950769397587, 0.6300221089323358], [1.250206686029073, 1.092591411994646, 0.0, 0.28510526470004227, 0.5784572308926921, 0.13209573759205961, 0.27773302840959246, 0.6774950140948167, 0.4271765274754784, 0.23985600049839562, 0.008062078829516484, 0.5832618737793096, 0.6217552723698959, 0.6413504363865971, 0.7873689414817782, 0.728045609464192, 0.6184038843528201], [0.9739159274227909, 1.1985904767620228, 0.0, 0.33931917964822317, 0.6016096208794689, 0.13175438840890913, 0.2810047614574934, 0.6786537720869157, 0.4226465370590897, 0.26043707090552615, 0.00783923647221818, 0.59156466450045, 0.6353804744483947, 0.6475580245929615, 0.7865465549365592, 0.7126834103284041, 0.6098980046187604], [0.7868725631328579, 0.8941621502451831, 0.0, 0.3044103567459954, 0.524599207495337, 0.1369518815171844, 0.35373493558359714, 0.6753601667810847, 0.45145912075963035, 0.21094036844344988, 0.008618141428105908, 0.5998644830213848, 0.6554908862131771, 0.6687302875311993, 0.809844739187933, 0.7182998165498825, 0.6285870515338144], [1.90887631149974, 1.141747840672332, 0.0, 0.35002881837889166, 0.5975544115994533, 0.12819453403959627, 0.3317683716579388, 0.6831587274731423, 0.41304941428415587, 0.24194709694459138, 0.007616154688146137, 0.5661082299615172, 0.6206299753758943, 0.6583564092519519, 0.7846487700130877, 0.7155102962354957, 0.6018537084807319], [0.6013989978346026, 1.3609158605867666, 0.0, 0.3132178008317391, 0.6507800946082181, 0.12050739088763837, 0.3957269747942824, 0.6893361429972976, 0.3512017226098434, 0.26899750132797595, 0.007057398507269275, 0.5942286982394969, 0.6460086674542044, 0.6628527017523504, 0.7710735630861959, 0.6860262709863924, 0.5530765761241951], [1.7785062128472164, 1.4380929599943661, 0.0, 0.33224629974150544, 0.6758405412604357, 0.11433249462205519, 0.5260908736135527, 0.69238556645472, 0.3360638071428712, 0.2614334321241032, 0.007392832833969631, 0.5597552339864484, 0.6389775315831635, 0.6129444916753503, 0.7641678501926883, 0.7031954271878816, 0.5086744598116147], [2.01951069370591, 1.6719560675065566, 0.0, 0.347758564183049, 0.7203236354061472, 0.10606090390567667, 0.5440198125348644, 0.6931120616693355, 0.2955502636259586, 0.27864423760392043, 0.006328755639155359, 0.5512452540994739, 0.6119109727149769, 0.603727409724765, 0.7417329766633287, 0.6778701421204387, 0.4565683660605996]]}