{"labels_1": ["1", "2", "3", "4", "5", "6", "7", "8", "9"], "labels_2": ["1", "2", "3", "4", "5", "6", "7", "8", "9"], "adj_matrix_1": [[0.0, 0.23529, 0.17098, 0.00052, 0.3179, 0.31409, 0.02299, 0.31896, 0.22788], [0.23529, 0.0, 0.09574, 0.23552, 0.26645, 0.23368, 0.22354, 0.29357, 0.0126], [0.17098, 0.09574, 0.0, 0.17137, 0.31582, 0.29231, 0.15339, 0.33446, 0.08371], [0.00052, 0.23552, 0.17137, 0.0, 0.31775, 0.31401, 0.02351, 0.3188, 0.22817], [0.3179, 0.26645, 0.31582, 0.31775, 0.0, 0.04398, 0.32465, 0.04027, 0.27438], [0.31409, 0.23368, 0.29231, 0.31401, 0.04398, 0.0, 0.31872, 0.08384, 0.24291], [0.02299, 0.22354, 0.15339, 0.02351, 0.32465, 0.31872, 0.0, 0.32783, 0.21557], [0.31896, 0.29357, 0.33446, 0.3188, 0.04027, 0.08384, 0.32783, 0.0, 0.30084], [0.22788, 0.0126, 0.08371, 0.22817, 0.27438, 0.24291, 0.21557, 0.30084, 0.0]], "adj_matrix_2": [[0.0, 0.23983, 0.00228, 0.13483, 0.03535, 0.17534, 0.16053, 0.23157, 0.28613], [0.23983, 0.0, 0.2388, 0.2737, 0.22461, 0.27761, 0.27395, 0.27764, 0.27126], [0.00228, 0.2388, 0.0, 0.13689, 0.03309, 0.17724, 0.16254, 0.23319, 0.2874], [0.13483, 0.2737, 0.13689, 0.0, 0.16538, 0.04611, 0.02958, 0.1151, 0.18886], [0.03535, 0.22461, 0.03309, 0.16538, 0.0, 0.20309, 0.18898, 0.25417, 0.30214], [0.17534, 0.27761, 0.17724, 0.04611, 0.20309, 0.0, 0.01655, 0.07055, 0.148], [0.16053, 0.27395, 0.16254, 0.02958, 0.18898, 0.01655, 0.0, 0.08664, 0.16308], [0.23157, 0.27764, 0.23319, 0.1151, 0.25417, 0.07055, 0.08664, 0.0, 0.0806], [0.28613, 0.27126, 0.2874, 0.18886, 0.30214, 0.148, 0.16308, 0.0806, 0.0]], "features_1": [[0.7318478710804084, 1.3377148263315022, 0.0, 0.27135456247294226, 0.6335783751098857, 0.12943206710118332, 0.283166384381871, 0.681578103226032, 0.39231673793065314, 0.2787247305796545, 0.00783923647221818, 0.5812958936279233, 0.6459107737881885, 0.6593107463926612, 0.7787556742782104, 0.7134180233847223, 0.6033703800764404], [0.29569810775013394, 1.1156663731553274, 0.0, 0.24648095746583168, 0.5856056063985937, 0.13234666581383062, 0.2249959966618711, 0.6782132522653999, 0.406980110855202, 0.24829588720030338, 0.008006390651371653, 0.6103235584243225, 0.6346900183781621, 0.669403135136472, 0.7846043737394061, 0.7051925555377917, 0.6103759181700864], [0.5382881777116446, 1.344557451512843, 0.0, 0.2600740361859371, 0.63918056024488, 0.12569363525932786, 0.26893729554747237, 0.6845099170065927, 0.36663908350978724, 0.2734875615194807, 0.007504523810135222, 0.5897777642116042, 0.6297658553151069, 0.657665274264576, 0.768420635565171, 0.686964270741793, 0.5985353438794024], [0.4938446824086289, 1.3636529960248802, 0.0, 0.27678777123312764, 0.6436333390717488, 0.12559648192471284, 0.32287774763976246, 0.6853134358540552, 0.36633786002310176, 0.2766747025428691, 0.007281081678807366, 0.5801051957688801, 0.6518431334139966, 0.6592881467949403, 0.7727039382222282, 0.6919402061942713, 0.595468158597375], [-0.16938570168810863, 1.1049598870160733, 0.0, 0.2422818452356426, 0.5841803404524267, 0.13293172618551458, 0.27310477707583586, 0.6791634607237667, 0.405566766047768, 0.2488895800278581, 0.007783488497544067, 0.6254848310686394, 0.6521812124102819, 0.6607119048067913, 0.7918275664994062, 0.7101336565390716, 0.6054851871905509], [0.07765166709486726, 1.3015306312743091, 0.0, 0.2112560302595149, 0.6350664345972177, 0.12361582957312357, 0.30566819365285697, 0.6867578954713622, 0.35483265677138065, 0.2645830593989884, 0.007225183508792421, 0.6151510936452103, 0.6460339752322907, 0.6598234073816504, 0.769714649922907, 0.6842231082418185, 0.5980862100611126], [0.32234401112701727, 1.4756539869243996, 0.0, 0.29355836479334557, 0.6678440940827702, 0.1211887651087961, 0.3541799567115298, 0.6886539583886067, 0.34811317749671167, 0.2883723448774018, 0.007057398507269275, 0.5876460665451333, 0.6402845691962344, 0.6618257753125136, 0.7652092926649608, 0.6711608507718898, 0.5691999310942063], [-0.16998851021127948, 1.3077175584560525, 0.0, 0.23666044127243163, 0.6456983156918158, 0.12031060229610459, 0.4271900871113786, 0.6900165403151963, 0.3637032317334188, 0.2647063599518149, 0.007057398507269275, 0.6210858530635177, 0.6706828754097305, 0.683160371054018, 0.7740157399515853, 0.7000342407528375, 0.5839406175405865], [0.25252215011836654, 1.4716264765563019, 0.0, 0.25597857479454794, 0.6721319987345421, 0.1185887324538268, 0.3891591082615669, 0.690204557231245, 0.3572993016197539, 0.2842501217804656, 0.007392832833969631, 0.5930312793317918, 0.6366894556115089, 0.651298156398974, 0.7628708778805637, 0.6954725743958686, 0.5759160629075627]], "features_2": [[0.05728419150825692, 1.2782855521410583, 0.0, 0.17411680584317396, 0.616682055943297, 0.1331295748015814, 0.3052322414573325, 0.6791536533284506, 0.3870793836717865, 0.2779870527914696, 0.007560346756364078, 0.6186956875971057, 0.6626516960729937, 0.6743142322268532, 0.7931241675069914, 0.7200074100540581, 0.6195311008681967], [0.38173956581389, 1.0487911193570012, 0.0, 0.19489113127951288, 0.571501251982522, 0.1343690609143627, 0.3906545759314504, 0.6781615523564118, 0.3970496866502977, 0.23605228365724829, 0.007671947615560004, 0.5990122379240446, 0.658115621192236, 0.6891741398695058, 0.793947064175079, 0.7083861385269046, 0.619998139827434], [0.30557899414872347, 1.324216459275904, 0.0, 0.21556013792923676, 0.6278186203367869, 0.13087495948700095, 0.2965860380348886, 0.6804985467201967, 0.3910397580593026, 0.2829853339061026, 0.007671947615560004, 0.6155749483093125, 0.6418134783662145, 0.6690616898521019, 0.7827346557819224, 0.6828065292073972, 0.6086375958205322], [0.254371177604515, 1.4055027499854167, 0.0, 0.22110172576600345, 0.6406415470807414, 0.1318312052825583, 0.3189474131805973, 0.6796709825774588, 0.39590920851512457, 0.2967760035443765, 0.007894969482732161, 0.6182764690788876, 0.643896953916761, 0.6702339657293174, 0.7837082982014569, 0.7010132826704066, 0.6083986860197572], [-0.06790750858151284, 1.1624908266663716, 0.0, 0.22303440850088152, 0.6069163784875924, 0.1275406664967988, 0.5378476697463199, 0.6857616365790447, 0.3786178628339747, 0.25050600894016073, 0.007448685839370306, 0.6104349498550699, 0.671811698612447, 0.701929617783581, 0.7887625282701253, 0.7050145310173564, 0.6034935307175805], [0.1996142264142482, 1.360858143351922, 0.0, 0.2429118318996155, 0.6423161096550316, 0.1282358504329127, 0.4619309640457686, 0.6843716489085081, 0.38935530049775013, 0.28291125214558677, 0.007783488497544067, 0.6128234907068557, 0.6426469736174617, 0.6493361063521721, 0.7820663508778993, 0.7007669647707955, 0.606899989463591], [0.2615748421732298, 1.8213548415095686, 0.0, 0.24205730680287812, 0.7184396763270494, 0.11910126731162629, 0.5442106824997005, 0.6906496159313438, 0.3283861845629139, 0.3294539214177523, 0.006889477554966383, 0.6007894459144023, 0.6543401043467842, 0.6494406061364301, 0.7706421721803752, 0.7093180176468284, 0.5238416041168261], [0.024706986747221382, 1.4133954871991652, 0.0, 0.23287207396452136, 0.675628422788776, 0.11381122642672237, 0.8060680154137337, 0.6927045279951022, 0.30186322088724893, 0.2637544036146513, 0.0064410216040902135, 0.5968489689739713, 0.6575431080964327, 0.6592967185539438, 0.7624228798346131, 0.7018213449720888, 0.5276513268088152], [-0.017081882246575475, 1.5372482320557501, 0.0, 0.24041973486034607, 0.6965650929499204, 0.11033563143359813, 0.8857120861428605, 0.693074841367409, 0.2852687048844933, 0.2777170930348458, 0.006328755639155359, 0.5977633142132293, 0.6470334143094457, 0.6575778709827766, 0.7468888967758328, 0.6772803414580212, 0.5149665050014623]]}