{"labels_1": ["1", "2", "3", "4", "5", "6", "7", "8", "9"], "labels_2": ["1", "2", "3", "4", "5", "6", "7", "8", "9"], "adj_matrix_1": [[0.0, 0.17625, 0.02341, 0.04166, 0.10941, 0.02159, 0.2398, 0.0788, 0.29859], [0.17625, 0.0, 0.19636, 0.21156, 0.0729, 0.157, 0.0805, 0.10322, 0.17965], [0.02341, 0.19636, 0.0, 0.01831, 0.13157, 0.04492, 0.25671, 0.10156, 0.30946], [0.04166, 0.21156, 0.01831, 0.0, 0.14856, 0.06306, 0.2694, 0.11913, 0.31735], [0.10941, 0.0729, 0.13157, 0.14856, 0.0, 0.08858, 0.14899, 0.03158, 0.23428], [0.02159, 0.157, 0.04492, 0.06306, 0.08858, 0.0, 0.22364, 0.05761, 0.28787], [0.2398, 0.0805, 0.25671, 0.2694, 0.14899, 0.22364, 0.0, 0.17679, 0.10916], [0.0788, 0.10322, 0.10156, 0.11913, 0.03158, 0.05761, 0.17679, 0.0, 0.25493], [0.29859, 0.17965, 0.30946, 0.31735, 0.23428, 0.28787, 0.10916, 0.25493, 0.0]], "adj_matrix_2": [[0.0, 0.08624, 0.12014, 0.04092, 0.00602, 0.14759, 0.23906, 0.07779, 0.22349], [0.08624, 0.0, 0.18199, 0.04703, 0.08071, 0.1978, 0.19438, 0.00879, 0.17084], [0.12014, 0.18199, 0.0, 0.15159, 0.12504, 0.03707, 0.24436, 0.17583, 0.24101], [0.04092, 0.04703, 0.15159, 0.0, 0.03497, 0.17388, 0.22213, 0.03822, 0.20271], [0.00602, 0.08071, 0.12504, 0.03497, 0.0, 0.15178, 0.23674, 0.07194, 0.2203], [0.14759, 0.1978, 0.03707, 0.17388, 0.15178, 0.0, 0.23274, 0.19275, 0.23254], [0.23906, 0.19438, 0.24436, 0.22213, 0.23674, 0.23274, 0.0, 0.20034, 0.03078], [0.07779, 0.00879, 0.17583, 0.03822, 0.07194, 0.19275, 0.20034, 0.0, 0.17839], [0.22349, 0.17084, 0.24101, 0.20271, 0.2203, 0.23254, 0.03078, 0.17839, 0.0]], "features_1": [[-0.11290265586266068, 1.021897154701449, 0.0, 0.23084636780752216, 0.580334626925074, 0.1288224424632551, 0.3916004169316537, 0.685229406697326, 0.3800071855790399, 0.22569669926550007, 0.007281081678807366, 0.6169769739377875, 0.6626050723573148, 0.6921165182682452, 0.7948293958643836, 0.7381673789154113, 0.5928636367490332], [0.08274100688905417, 0.8714606432757012, 0.0, 0.2674540021093553, 0.547495965374262, 0.12730279567960762, 0.4736469914667296, 0.6870011800020084, 0.3743161082480244, 0.19340236043717174, 0.00716927026363523, 0.6078690885582332, 0.6730968014236138, 0.6964483516635189, 0.7961822465910212, 0.7171713115610938, 0.592229302940406], [-0.31445671721209, 1.0644273105922766, 0.0, 0.23248455494862239, 0.5929338898233246, 0.12697375137536399, 0.36577853049032, 0.685984840708102, 0.3820863773084413, 0.23350260014381563, 0.007392832833969631, 0.6207900628010308, 0.6604707973111406, 0.6904557511328175, 0.7850498658561369, 0.6973870159887607, 0.585115402282142], [-0.4218749655629943, 1.1457096678154755, 0.0, 0.22279041878771652, 0.611561203213959, 0.12532876271873872, 0.41091741550854194, 0.6875381656469113, 0.36571491347484186, 0.24616722644502054, 0.007281081678807366, 0.6243291406134084, 0.6728440801012531, 0.6942192792957084, 0.7852858739587516, 0.6946724390977176, 0.5808558356404727], [0.1945507265859896, 0.9804353126410633, 0.0, 0.2872449215998169, 0.5793656976144874, 0.12388839178302, 0.5686260142404947, 0.6893361387395947, 0.3699320449554704, 0.2105642760884625, 0.007392832833969631, 0.6031134480678433, 0.6663960250925274, 0.6767707079750451, 0.7915116340143049, 0.7042630136272553, 0.5630879555810421], [-0.32565870330810887, 1.144650658004424, 0.0, 0.2556549399406585, 0.6214772212078229, 0.11977438480128746, 0.5220985477681154, 0.6908982632353731, 0.35523734863024936, 0.2387660991841034, 0.00683347364535547, 0.6127497473257324, 0.6726523801563711, 0.6942588367149681, 0.7783200499048446, 0.6970471361448939, 0.5622388504278181], [-0.11961378003909173, 1.4749530825674526, 0.0, 0.24883529728278195, 0.6745685766340205, 0.12019473503378378, 0.465290858655419, 0.6903278398161059, 0.3344256113371633, 0.2877152821469289, 0.0069454663283523566, 0.6059098026912979, 0.656279067171292, 0.6749960813022385, 0.774691158599403, 0.6680258870512022, 0.5427595435500268], [0.052510826425442136, 1.364773411726196, 0.0, 0.2729947980324754, 0.6735230591782417, 0.10874264735126092, 0.7123944376857032, 0.6931413717299402, 0.2850224368811005, 0.2517199841608755, 0.006272599803500922, 0.5900697206319394, 0.6402324670330783, 0.6592533543520411, 0.7490476266966193, 0.6806425076602318, 0.4942556756765322], [0.040051067797171935, 1.4282403918522015, 0.0, 0.27597230024107977, 0.6847798108595111, 0.10802125869182963, 0.7035657292754649, 0.6931471220203185, 0.2757048705449823, 0.2579085230426328, 0.006384896235913207, 0.5853103792131251, 0.6429703857541554, 0.634505273300113, 0.7453432254800434, 0.6614806442987271, 0.4973836602624085]], "features_2": [[0.5855902387920944, 1.2785256083990335, 0.0, 0.2791622377835233, 0.6327876422957228, 0.12185800270293781, 0.5049320911436098, 0.6894380414247578, 0.3417394311531994, 0.25567023762166374, 0.007001439975721224, 0.5729521067923176, 0.6490739070537878, 0.6743922571421461, 0.7813484519823222, 0.7243472435782895, 0.5914378723257264], [0.2031022800706963, 0.9891859375536729, 0.0, 0.251971948602583, 0.5662349519809885, 0.1280468973409554, 0.36261877715404867, 0.6848183773026553, 0.3654324724522633, 0.21768885437916485, 0.007783488497544067, 0.5902353423790618, 0.6461887365968256, 0.6737266298546599, 0.7905658310020921, 0.7155468156097853, 0.613525509012943], [0.9440701784042114, 1.232236806811518, 0.0, 0.2878644240725097, 0.6309852383679458, 0.11846862672311617, 0.5088213752337041, 0.6908393866023251, 0.3172715369477812, 0.23920495079522186, 0.00677745458930179, 0.5644022877541941, 0.6384908551254117, 0.6456002837377101, 0.7698300762875275, 0.7041916326944823, 0.5843532922149159], [0.6415925659251518, 1.232198457552508, 0.0, 0.27598900046640673, 0.6243205922708333, 0.1220788414978213, 0.5243953086958598, 0.6891013108615935, 0.33451019756680345, 0.24540097229220703, 0.00711334193318236, 0.5739738899493969, 0.6315694183519457, 0.6623524880383599, 0.777350156136018, 0.7214939850264797, 0.5994834210312486], [0.9584842353278442, 1.0904371797818884, 0.0, 0.2537806616387201, 0.5945018559744075, 0.12745398554340992, 0.4574513345660492, 0.6870569397873172, 0.39170907455572546, 0.23415024599992496, 0.007504523810135222, 0.5928896270473685, 0.6564040295887978, 0.6746019192879901, 0.7971248449869918, 0.7171769889605598, 0.6153318761726606], [0.9075819593032661, 1.2577385556982927, 0.0, 0.2934863490982449, 0.6488131249016325, 0.11265007228786086, 0.7015287315093304, 0.6929157665594099, 0.28237439994465996, 0.2318517323888074, 0.005991591679928909, 0.562809047755255, 0.6332320693267706, 0.6518166736350399, 0.761721652976133, 0.6772213418160433, 0.5625958074335944], [0.23682245337047547, 1.2897578648344956, 0.0, 0.2653939348302245, 0.6411877126454092, 0.11757554942286455, 0.5929813814936715, 0.6911826807828902, 0.3081713223583713, 0.2490619736985964, 0.00655322669591385, 0.5867692496810335, 0.6388944019741012, 0.6524898086427454, 0.7723141321490866, 0.6828498691189544, 0.5781127284049409], [0.7394550048286428, 1.7216231199148528, 0.0, 0.28072377799599213, 0.7318665581051682, 0.1059487169368177, 0.5913276980967084, 0.6930684924704755, 0.2825028249673649, 0.29106283825974666, 0.006609306440138685, 0.5568273504106389, 0.6447167534286579, 0.6277867902986293, 0.7418157146112101, 0.6604192395740816, 0.5119517772295203], [0.04094349158361199, 1.6349971384755149, 0.0, 0.2624920888490423, 0.7201739758917032, 0.10351560114706268, 0.5258544830142036, 0.6929492003871812, 0.24592812746266057, 0.27872868703878884, 0.005766509824583821, 0.5766743190704826, 0.6207636279283864, 0.6330513778009652, 0.7275486670988313, 0.6503545888817786, 0.5113010874137918]]}