{"labels_1": ["1", "2", "3", "4", "5", "6", "7", "8", "9"], "labels_2": ["1", "2", "3", "4", "5", "6", "7", "8", "9"], "adj_matrix_1": [[0.0, 0.17625, 0.02341, 0.04166, 0.10941, 0.02159, 0.2398, 0.0788, 0.29859], [0.17625, 0.0, 0.19636, 0.21156, 0.0729, 0.157, 0.0805, 0.10322, 0.17965], [0.02341, 0.19636, 0.0, 0.01831, 0.13157, 0.04492, 0.25671, 0.10156, 0.30946], [0.04166, 0.21156, 0.01831, 0.0, 0.14856, 0.06306, 0.2694, 0.11913, 0.31735], [0.10941, 0.0729, 0.13157, 0.14856, 0.0, 0.08858, 0.14899, 0.03158, 0.23428], [0.02159, 0.157, 0.04492, 0.06306, 0.08858, 0.0, 0.22364, 0.05761, 0.28787], [0.2398, 0.0805, 0.25671, 0.2694, 0.14899, 0.22364, 0.0, 0.17679, 0.10916], [0.0788, 0.10322, 0.10156, 0.11913, 0.03158, 0.05761, 0.17679, 0.0, 0.25493], [0.29859, 0.17965, 0.30946, 0.31735, 0.23428, 0.28787, 0.10916, 0.25493, 0.0]], "adj_matrix_2": [[0.0, 0.20743, 0.22174, 0.25515, 0.12961, 0.26105, 0.20031, 0.2535, 0.26596], [0.20743, 0.0, 0.36246, 0.37502, 0.08374, 0.06179, 0.35167, 0.21673, 0.37764], [0.22174, 0.36246, 0.0, 0.04687, 0.31502, 0.39125, 0.02693, 0.26207, 0.06371], [0.25515, 0.37502, 0.04687, 0.0, 0.33597, 0.39786, 0.07326, 0.25453, 0.01716], [0.12961, 0.08374, 0.31502, 0.33597, 0.0, 0.14397, 0.30007, 0.23205, 0.34192], [0.26105, 0.06179, 0.39125, 0.39786, 0.14397, 0.0, 0.38464, 0.20529, 0.39864], [0.20031, 0.35167, 0.02693, 0.07326, 0.30007, 0.38464, 0.0, 0.26422, 0.08988], [0.2535, 0.21673, 0.26207, 0.25453, 0.23205, 0.20529, 0.26422, 0.0, 0.2506], [0.26596, 0.37764, 0.06371, 0.01716, 0.34192, 0.39864, 0.08988, 0.2506, 0.0]], "features_1": [[-0.11290265586266068, 1.021897154701449, 0.0, 0.23084636780752216, 0.580334626925074, 0.1288224424632551, 0.3916004169316537, 0.685229406697326, 0.3800071855790399, 0.22569669926550007, 0.007281081678807366, 0.6169769739377875, 0.6626050723573148, 0.6921165182682452, 0.7948293958643836, 0.7381673789154113, 0.5928636367490332], [0.08274100688905417, 0.8714606432757012, 0.0, 0.2674540021093553, 0.547495965374262, 0.12730279567960762, 0.4736469914667296, 0.6870011800020084, 0.3743161082480244, 0.19340236043717174, 0.00716927026363523, 0.6078690885582332, 0.6730968014236138, 0.6964483516635189, 0.7961822465910212, 0.7171713115610938, 0.592229302940406], [-0.31445671721209, 1.0644273105922766, 0.0, 0.23248455494862239, 0.5929338898233246, 0.12697375137536399, 0.36577853049032, 0.685984840708102, 0.3820863773084413, 0.23350260014381563, 0.007392832833969631, 0.6207900628010308, 0.6604707973111406, 0.6904557511328175, 0.7850498658561369, 0.6973870159887607, 0.585115402282142], [-0.4218749655629943, 1.1457096678154755, 0.0, 0.22279041878771652, 0.611561203213959, 0.12532876271873872, 0.41091741550854194, 0.6875381656469113, 0.36571491347484186, 0.24616722644502054, 0.007281081678807366, 0.6243291406134084, 0.6728440801012531, 0.6942192792957084, 0.7852858739587516, 0.6946724390977176, 0.5808558356404727], [0.1945507265859896, 0.9804353126410633, 0.0, 0.2872449215998169, 0.5793656976144874, 0.12388839178302, 0.5686260142404947, 0.6893361387395947, 0.3699320449554704, 0.2105642760884625, 0.007392832833969631, 0.6031134480678433, 0.6663960250925274, 0.6767707079750451, 0.7915116340143049, 0.7042630136272553, 0.5630879555810421], [-0.32565870330810887, 1.144650658004424, 0.0, 0.2556549399406585, 0.6214772212078229, 0.11977438480128746, 0.5220985477681154, 0.6908982632353731, 0.35523734863024936, 0.2387660991841034, 0.00683347364535547, 0.6127497473257324, 0.6726523801563711, 0.6942588367149681, 0.7783200499048446, 0.6970471361448939, 0.5622388504278181], [-0.11961378003909173, 1.4749530825674526, 0.0, 0.24883529728278195, 0.6745685766340205, 0.12019473503378378, 0.465290858655419, 0.6903278398161059, 0.3344256113371633, 0.2877152821469289, 0.0069454663283523566, 0.6059098026912979, 0.656279067171292, 0.6749960813022385, 0.774691158599403, 0.6680258870512022, 0.5427595435500268], [0.052510826425442136, 1.364773411726196, 0.0, 0.2729947980324754, 0.6735230591782417, 0.10874264735126092, 0.7123944376857032, 0.6931413717299402, 0.2850224368811005, 0.2517199841608755, 0.006272599803500922, 0.5900697206319394, 0.6402324670330783, 0.6592533543520411, 0.7490476266966193, 0.6806425076602318, 0.4942556756765322], [0.040051067797171935, 1.4282403918522015, 0.0, 0.27597230024107977, 0.6847798108595111, 0.10802125869182963, 0.7035657292754649, 0.6931471220203185, 0.2757048705449823, 0.2579085230426328, 0.006384896235913207, 0.5853103792131251, 0.6429703857541554, 0.634505273300113, 0.7453432254800434, 0.6614806442987271, 0.4973836602624085]], "features_2": [[-0.3257122973901412, 1.1997403291795128, 0.0, 0.2027088810363688, 0.608374574141801, 0.12969231758249897, 0.371127529018014, 0.6832680418965981, 0.39308516998201815, 0.2614327349305037, 0.00711334193318236, 0.6256808455878886, 0.6713722710950175, 0.6907708342605613, 0.7889373168297706, 0.6973290231635665, 0.5859170698850296], [-0.5402044920992717, 0.9269158989090622, 0.0, 0.1742265748291526, 0.5396278712089948, 0.13985140476575003, 0.26964991825033235, 0.6725467254457395, 0.4495939253124368, 0.22649687507426863, 0.008173410423425675, 0.6521496752209874, 0.6686788644588315, 0.6910136838652726, 0.8003820241249578, 0.703891866098833, 0.6127071974208024], [-0.16147484236851328, 1.1588888670951327, 0.0, 0.17949129438107056, 0.6002661838076705, 0.13154366772024362, 0.33171553528227593, 0.6811319303167844, 0.40544007335125487, 0.2555004441619697, 0.007225183508792421, 0.6113831161077949, 0.6622413534450087, 0.6784750250846113, 0.7853042343227192, 0.6978049734447407, 0.5956692786913241], [0.011314748934023733, 1.2439028164741182, 0.0, 0.21882008883671908, 0.6177606946487032, 0.12829098616322654, 0.3328781386957999, 0.6838410895587033, 0.390956622764995, 0.26651817108633624, 0.007448685839370306, 0.6112090063625875, 0.6384301836389986, 0.6802471555525448, 0.7838293985051634, 0.7005169859295824, 0.5894731723783253], [-0.2852952493950349, 1.1330653538739706, 0.0, 0.15763113774004778, 0.6039084337930758, 0.12822735204666202, 0.46726774933762555, 0.6863092049795729, 0.36507218725978197, 0.24310327293371303, 0.00711334193318236, 0.6236563765496852, 0.6708078422625877, 0.6841160264151639, 0.7936059476968181, 0.7329726329266849, 0.5861252579228944], [-0.26746631128133735, 1.223170010493931, 0.0, 0.18729659227425255, 0.6211876961063599, 0.1266538186838738, 0.35691420868432006, 0.6855687232025671, 0.37717527221923675, 0.2604660145593034, 0.007225183508792421, 0.6338661075450538, 0.6556492200655408, 0.6706154440295643, 0.7806989682875712, 0.7029197573044585, 0.5979484337431034], [0.059488043916849254, 1.598577380267158, 0.0, 0.26708536767580265, 0.6864230397625305, 0.12172821367216402, 0.42443700161897835, 0.6893350426868786, 0.35888336408032706, 0.30982992827774347, 0.007281081678807366, 0.5991541726975085, 0.6589990418293895, 0.6901568967468888, 0.7789557472011089, 0.6882889485319945, 0.5497449123248996], [0.6620073199112881, 1.574406763685289, 0.0, 0.2643104905698346, 0.7039624917221126, 0.11022732156776759, 0.5023598758855478, 0.6930133535819156, 0.2884066856524423, 0.28117244595334423, 0.0064410216040902135, 0.5689595046836604, 0.6462975915322555, 0.6398178731674873, 0.7502456377457901, 0.6664591706308297, 0.5403670692589293], [0.5442336286159719, 1.4566201500293257, 0.0, 0.32263830844684027, 0.6907708119412458, 0.10910544142549916, 0.5425022859463695, 0.6931285709786665, 0.28993305408923886, 0.2591253256790258, 0.005879081395912644, 0.5856051907850977, 0.6415562361423567, 0.6510471685720612, 0.7522362029980254, 0.6934102948899235, 0.5348349004552145]]}