{"labels_1": ["1", "2", "3", "4", "5", "6", "7", "8", "9"], "labels_2": ["1", "2", "3", "4", "5", "6", "7", "8", "9"], "adj_matrix_1": [[0.0, 0.23529, 0.17098, 0.00052, 0.3179, 0.31409, 0.02299, 0.31896, 0.22788], [0.23529, 0.0, 0.09574, 0.23552, 0.26645, 0.23368, 0.22354, 0.29357, 0.0126], [0.17098, 0.09574, 0.0, 0.17137, 0.31582, 0.29231, 0.15339, 0.33446, 0.08371], [0.00052, 0.23552, 0.17137, 0.0, 0.31775, 0.31401, 0.02351, 0.3188, 0.22817], [0.3179, 0.26645, 0.31582, 0.31775, 0.0, 0.04398, 0.32465, 0.04027, 0.27438], [0.31409, 0.23368, 0.29231, 0.31401, 0.04398, 0.0, 0.31872, 0.08384, 0.24291], [0.02299, 0.22354, 0.15339, 0.02351, 0.32465, 0.31872, 0.0, 0.32783, 0.21557], [0.31896, 0.29357, 0.33446, 0.3188, 0.04027, 0.08384, 0.32783, 0.0, 0.30084], [0.22788, 0.0126, 0.08371, 0.22817, 0.27438, 0.24291, 0.21557, 0.30084, 0.0]], "adj_matrix_2": [[0.0, 0.21168, 0.18785, 0.176, 0.20656, 0.35085, 0.21961, 0.35315, 0.268], [0.21168, 0.0, 0.02775, 0.04101, 0.00605, 0.27803, 0.25531, 0.23792, 0.07177], [0.18785, 0.02775, 0.0, 0.01333, 0.02171, 0.29131, 0.25192, 0.25687, 0.09883], [0.176, 0.04101, 0.01333, 0.0, 0.03499, 0.29716, 0.25009, 0.26542, 0.11161], [0.20656, 0.00605, 0.02171, 0.03499, 0.0, 0.28107, 0.25467, 0.2421, 0.07767], [0.35085, 0.27803, 0.29131, 0.29716, 0.28107, 0.0, 0.2024, 0.07576, 0.23509], [0.21961, 0.25531, 0.25192, 0.25009, 0.25467, 0.2024, 0.0, 0.23413, 0.25812], [0.35315, 0.23792, 0.25687, 0.26542, 0.2421, 0.07576, 0.23413, 0.0, 0.18327], [0.268, 0.07177, 0.09883, 0.11161, 0.07767, 0.23509, 0.25812, 0.18327, 0.0]], "features_1": [[0.7318478710804084, 1.3377148263315022, 0.0, 0.27135456247294226, 0.6335783751098857, 0.12943206710118332, 0.283166384381871, 0.681578103226032, 0.39231673793065314, 0.2787247305796545, 0.00783923647221818, 0.5812958936279233, 0.6459107737881885, 0.6593107463926612, 0.7787556742782104, 0.7134180233847223, 0.6033703800764404], [0.29569810775013394, 1.1156663731553274, 0.0, 0.24648095746583168, 0.5856056063985937, 0.13234666581383062, 0.2249959966618711, 0.6782132522653999, 0.406980110855202, 0.24829588720030338, 0.008006390651371653, 0.6103235584243225, 0.6346900183781621, 0.669403135136472, 0.7846043737394061, 0.7051925555377917, 0.6103759181700864], [0.5382881777116446, 1.344557451512843, 0.0, 0.2600740361859371, 0.63918056024488, 0.12569363525932786, 0.26893729554747237, 0.6845099170065927, 0.36663908350978724, 0.2734875615194807, 0.007504523810135222, 0.5897777642116042, 0.6297658553151069, 0.657665274264576, 0.768420635565171, 0.686964270741793, 0.5985353438794024], [0.4938446824086289, 1.3636529960248802, 0.0, 0.27678777123312764, 0.6436333390717488, 0.12559648192471284, 0.32287774763976246, 0.6853134358540552, 0.36633786002310176, 0.2766747025428691, 0.007281081678807366, 0.5801051957688801, 0.6518431334139966, 0.6592881467949403, 0.7727039382222282, 0.6919402061942713, 0.595468158597375], [-0.16938570168810863, 1.1049598870160733, 0.0, 0.2422818452356426, 0.5841803404524267, 0.13293172618551458, 0.27310477707583586, 0.6791634607237667, 0.405566766047768, 0.2488895800278581, 0.007783488497544067, 0.6254848310686394, 0.6521812124102819, 0.6607119048067913, 0.7918275664994062, 0.7101336565390716, 0.6054851871905509], [0.07765166709486726, 1.3015306312743091, 0.0, 0.2112560302595149, 0.6350664345972177, 0.12361582957312357, 0.30566819365285697, 0.6867578954713622, 0.35483265677138065, 0.2645830593989884, 0.007225183508792421, 0.6151510936452103, 0.6460339752322907, 0.6598234073816504, 0.769714649922907, 0.6842231082418185, 0.5980862100611126], [0.32234401112701727, 1.4756539869243996, 0.0, 0.29355836479334557, 0.6678440940827702, 0.1211887651087961, 0.3541799567115298, 0.6886539583886067, 0.34811317749671167, 0.2883723448774018, 0.007057398507269275, 0.5876460665451333, 0.6402845691962344, 0.6618257753125136, 0.7652092926649608, 0.6711608507718898, 0.5691999310942063], [-0.16998851021127948, 1.3077175584560525, 0.0, 0.23666044127243163, 0.6456983156918158, 0.12031060229610459, 0.4271900871113786, 0.6900165403151963, 0.3637032317334188, 0.2647063599518149, 0.007057398507269275, 0.6210858530635177, 0.6706828754097305, 0.683160371054018, 0.7740157399515853, 0.7000342407528375, 0.5839406175405865], [0.25252215011836654, 1.4716264765563019, 0.0, 0.25597857479454794, 0.6721319987345421, 0.1185887324538268, 0.3891591082615669, 0.690204557231245, 0.3572993016197539, 0.2842501217804656, 0.007392832833969631, 0.5930312793317918, 0.6366894556115089, 0.651298156398974, 0.7628708778805637, 0.6954725743958686, 0.5759160629075627]], "features_2": [[-0.1089706985222052, 1.201531752998439, 0.0, 0.24206241042444765, 0.6017128638833796, 0.13195494320933554, 0.28211785761714836, 0.6801061472413603, 0.3870272570755824, 0.2614290878153529, 0.007560346756364078, 0.6317960770944668, 0.6606596673035754, 0.6686131647059854, 0.7870966690121376, 0.7225997775675722, 0.5904052253344175], [-0.011349746065589361, 1.0089542998255254, 0.0, 0.2584727293285875, 0.5580109621598484, 0.1349405208736247, 0.24272908035680701, 0.6765746568378372, 0.4047977783168406, 0.23258006087798933, 0.007783488497544067, 0.6246375996808955, 0.6569520936639193, 0.6767156574005926, 0.7932248586229568, 0.7167274490009911, 0.608317028442928], [-0.06545196536684106, 1.1915443604426017, 0.0, 0.24156788303747273, 0.6012187079120249, 0.13185795592127714, 0.23583948296760654, 0.6794764874866639, 0.38698448109172046, 0.2587574636237955, 0.007504523810135222, 0.6146889750203075, 0.6461149404716445, 0.6571458099262397, 0.7829903063064179, 0.7201854464465859, 0.590870113590612], [-0.019439221347071545, 1.2485580151005309, 0.0, 0.24978433004776054, 0.616793751976671, 0.12924889137251022, 0.2936519304714551, 0.6828202983396454, 0.3827939782789471, 0.26683987385679875, 0.007616154688146137, 0.6129372102851147, 0.6477581578820528, 0.6763049520414134, 0.7835041532605089, 0.7055443098175881, 0.5807377850165497], [0.41258598231847854, 1.0077194260273776, 0.0, 0.28179593564978694, 0.5602464405592511, 0.13489253196368242, 0.2755317013217464, 0.6777648131171302, 0.4112356498639227, 0.22991699180150182, 0.007448685839370306, 0.6142604423989879, 0.6687184942992815, 0.686266419467723, 0.7974385528389099, 0.741784893594006, 0.6148345583425044], [0.19536661882564088, 1.1879133253836227, 0.0, 0.2596870763272605, 0.6112956065042643, 0.1269222271402099, 0.36766861917158095, 0.6855846581444219, 0.35770623491204545, 0.2499159624404339, 0.007448685839370306, 0.5935777109262101, 0.6567391245088068, 0.6746362950252417, 0.7839313931375189, 0.7012622375367236, 0.5786422609802353], [0.36034450656567385, 1.2461530330767787, 0.0, 0.30064475076537156, 0.6258564633438144, 0.1254359699751934, 0.37505619434928833, 0.6864264823566619, 0.36581452700706807, 0.2593950328804344, 0.00711334193318236, 0.5933809906371299, 0.6497748872509761, 0.6602714232580357, 0.7767986470159564, 0.7107709390200885, 0.5779319701733792], [0.3531478116312581, 1.5762648845983709, 0.0, 0.24849395574744162, 0.7112824662978309, 0.10541625224117487, 0.6255084173827932, 0.6930411613841019, 0.2480745159547515, 0.26610415166813994, 0.005710201030130202, 0.5704117863082692, 0.6236798530665215, 0.6133287635680714, 0.7412177424475236, 0.6753319495530399, 0.5037206931157387], [0.11322148798838727, 1.716235981114755, 0.0, 0.2431118512005087, 0.7307519547945573, 0.10568887777613817, 0.6688671080676081, 0.6930548911151112, 0.2533272280207659, 0.28699690905176145, 0.006047823865199753, 0.57630449869708, 0.6332638103012154, 0.642236759668852, 0.7388748952954817, 0.6702518766060069, 0.49155341280476106]]}