{"labels_1": ["1", "2", "3", "4", "5", "6", "7", "8", "9"], "labels_2": ["1", "2", "3", "4", "5", "6", "7", "8", "9"], "adj_matrix_1": [[0.0, 0.30144, 0.10126, 0.18021, 0.00438, 0.1715, 0.20166, 0.04845, 0.2788], [0.30144, 0.0, 0.25793, 0.20479, 0.30027, 0.21178, 0.18541, 0.31522, 0.07919], [0.10126, 0.25793, 0.0, 0.08628, 0.09703, 0.07633, 0.11134, 0.14687, 0.21351], [0.18021, 0.20479, 0.08628, 0.0, 0.17643, 0.01029, 0.0264, 0.22022, 0.1435], [0.00438, 0.30027, 0.09703, 0.17643, 0.0, 0.16764, 0.198, 0.05277, 0.27623], [0.1715, 0.21178, 0.07633, 0.01029, 0.16764, 0.0, 0.03664, 0.21234, 0.15241], [0.20166, 0.18541, 0.11134, 0.0264, 0.198, 0.03664, 0.0, 0.23949, 0.12], [0.04845, 0.31522, 0.14687, 0.22022, 0.05277, 0.21234, 0.23949, 0.0, 0.30325], [0.2788, 0.07919, 0.21351, 0.1435, 0.27623, 0.15241, 0.12, 0.30325, 0.0]], "adj_matrix_2": [[0.0, 0.23983, 0.00228, 0.13483, 0.03535, 0.17534, 0.16053, 0.23157, 0.28613], [0.23983, 0.0, 0.2388, 0.2737, 0.22461, 0.27761, 0.27395, 0.27764, 0.27126], [0.00228, 0.2388, 0.0, 0.13689, 0.03309, 0.17724, 0.16254, 0.23319, 0.2874], [0.13483, 0.2737, 0.13689, 0.0, 0.16538, 0.04611, 0.02958, 0.1151, 0.18886], [0.03535, 0.22461, 0.03309, 0.16538, 0.0, 0.20309, 0.18898, 0.25417, 0.30214], [0.17534, 0.27761, 0.17724, 0.04611, 0.20309, 0.0, 0.01655, 0.07055, 0.148], [0.16053, 0.27395, 0.16254, 0.02958, 0.18898, 0.01655, 0.0, 0.08664, 0.16308], [0.23157, 0.27764, 0.23319, 0.1151, 0.25417, 0.07055, 0.08664, 0.0, 0.0806], [0.28613, 0.27126, 0.2874, 0.18886, 0.30214, 0.148, 0.16308, 0.0806, 0.0]], "features_1": [[0.016506492933055394, 1.1432234663707466, 0.0, 0.185927841399786, 0.5839085090768645, 0.13955730979722347, 0.2026584565097295, 0.6729864323584966, 0.4503268114601999, 0.2648753383580078, 0.007894969482732161, 0.624017116119689, 0.6554449849431817, 0.6988520240068054, 0.8030265066146861, 0.7095581917291969, 0.6250556349083416], [0.3029019542493301, 0.9655988266042087, 0.0, 0.23843893276182399, 0.5377961480075264, 0.14449995294399662, 0.17188927643565108, 0.6654855218041276, 0.48220062063313485, 0.23557216717667173, 0.008562602043175715, 0.6089223959310313, 0.6582369301880094, 0.7013690040435527, 0.8072783377467545, 0.7290397267300341, 0.6295865717951137], [0.3123304834880938, 1.1751863179578863, 0.0, 0.20725564778786035, 0.5931764671905383, 0.13646950598944832, 0.17261695216415518, 0.6750078102495444, 0.4388250301216232, 0.26351625407376034, 0.007671947615560004, 0.6114167054643107, 0.6339299976392875, 0.6760603482332997, 0.7901065159881681, 0.7049581568047344, 0.6096830706693592], [0.12542775697459962, 1.2047338526481726, 0.0, 0.21022804458017744, 0.5995509118717477, 0.1344764575092815, 0.19380332282146498, 0.6776198393065008, 0.42379208080601605, 0.2684961948276605, 0.007671947615560004, 0.6125428535685837, 0.6588962114325672, 0.6982369501281469, 0.7897628804299768, 0.7009193642893001, 0.6097541479391715], [0.001376979640501208, 0.9983042977198107, 0.0, 0.18094979325246696, 0.5530888683407699, 0.14251684464857284, 0.23659541970085768, 0.6706025185020925, 0.4596985525472461, 0.23750316392590154, 0.007950687539111767, 0.6234345664755963, 0.6684455898923077, 0.7093976667283765, 0.8119113891342432, 0.7380859157504024, 0.6312901802126719], [0.39411021210036123, 1.2385906260949862, 0.0, 0.2608026071114739, 0.6109185592383893, 0.1328954848826796, 0.19609451450888216, 0.6789656259741825, 0.41626805244907517, 0.26765358308877096, 0.007560346756364078, 0.6049328288818325, 0.6368703662489846, 0.6611463746628492, 0.784225246925166, 0.7081216328358588, 0.6093027338083026], [0.08674229555850266, 1.3664000872611715, 0.0, 0.23600938364619775, 0.6495694159114541, 0.12024483244855141, 0.322225198987698, 0.6899010710107121, 0.3316818180484593, 0.2670733389936477, 0.00677745458930179, 0.5941003025044367, 0.6333149593395503, 0.6453711705406658, 0.7681331408199291, 0.6792741913366133, 0.5316019883263906], [-0.2660686844080642, 1.2590208278226003, 0.0, 0.2618923261142134, 0.6414672543979708, 0.12131705478447462, 0.43097136810567704, 0.6897135600312068, 0.34099668761394697, 0.25400343954494176, 0.006721420376576193, 0.6092146164737722, 0.6543625046209224, 0.6716779145555052, 0.7774531092566781, 0.686629935747141, 0.5769166613920071], [0.8167838372095111, 1.48550803332766, 0.0, 0.2997762950915085, 0.6843165058430156, 0.11240657000306088, 0.401615208593487, 0.692712156738065, 0.3072451507024767, 0.2661000228835102, 0.006497131753992358, 0.5822443300814941, 0.6220063225751365, 0.6280642680478571, 0.7519493967261224, 0.6692916041431787, 0.5615756428353315]], "features_2": [[0.05728419150825692, 1.2782855521410583, 0.0, 0.17411680584317396, 0.616682055943297, 0.1331295748015814, 0.3052322414573325, 0.6791536533284506, 0.3870793836717865, 0.2779870527914696, 0.007560346756364078, 0.6186956875971057, 0.6626516960729937, 0.6743142322268532, 0.7931241675069914, 0.7200074100540581, 0.6195311008681967], [0.38173956581389, 1.0487911193570012, 0.0, 0.19489113127951288, 0.571501251982522, 0.1343690609143627, 0.3906545759314504, 0.6781615523564118, 0.3970496866502977, 0.23605228365724829, 0.007671947615560004, 0.5990122379240446, 0.658115621192236, 0.6891741398695058, 0.793947064175079, 0.7083861385269046, 0.619998139827434], [0.30557899414872347, 1.324216459275904, 0.0, 0.21556013792923676, 0.6278186203367869, 0.13087495948700095, 0.2965860380348886, 0.6804985467201967, 0.3910397580593026, 0.2829853339061026, 0.007671947615560004, 0.6155749483093125, 0.6418134783662145, 0.6690616898521019, 0.7827346557819224, 0.6828065292073972, 0.6086375958205322], [0.254371177604515, 1.4055027499854167, 0.0, 0.22110172576600345, 0.6406415470807414, 0.1318312052825583, 0.3189474131805973, 0.6796709825774588, 0.39590920851512457, 0.2967760035443765, 0.007894969482732161, 0.6182764690788876, 0.643896953916761, 0.6702339657293174, 0.7837082982014569, 0.7010132826704066, 0.6083986860197572], [-0.06790750858151284, 1.1624908266663716, 0.0, 0.22303440850088152, 0.6069163784875924, 0.1275406664967988, 0.5378476697463199, 0.6857616365790447, 0.3786178628339747, 0.25050600894016073, 0.007448685839370306, 0.6104349498550699, 0.671811698612447, 0.701929617783581, 0.7887625282701253, 0.7050145310173564, 0.6034935307175805], [0.1996142264142482, 1.360858143351922, 0.0, 0.2429118318996155, 0.6423161096550316, 0.1282358504329127, 0.4619309640457686, 0.6843716489085081, 0.38935530049775013, 0.28291125214558677, 0.007783488497544067, 0.6128234907068557, 0.6426469736174617, 0.6493361063521721, 0.7820663508778993, 0.7007669647707955, 0.606899989463591], [0.2615748421732298, 1.8213548415095686, 0.0, 0.24205730680287812, 0.7184396763270494, 0.11910126731162629, 0.5442106824997005, 0.6906496159313438, 0.3283861845629139, 0.3294539214177523, 0.006889477554966383, 0.6007894459144023, 0.6543401043467842, 0.6494406061364301, 0.7706421721803752, 0.7093180176468284, 0.5238416041168261], [0.024706986747221382, 1.4133954871991652, 0.0, 0.23287207396452136, 0.675628422788776, 0.11381122642672237, 0.8060680154137337, 0.6927045279951022, 0.30186322088724893, 0.2637544036146513, 0.0064410216040902135, 0.5968489689739713, 0.6575431080964327, 0.6592967185539438, 0.7624228798346131, 0.7018213449720888, 0.5276513268088152], [-0.017081882246575475, 1.5372482320557501, 0.0, 0.24041973486034607, 0.6965650929499204, 0.11033563143359813, 0.8857120861428605, 0.693074841367409, 0.2852687048844933, 0.2777170930348458, 0.006328755639155359, 0.5977633142132293, 0.6470334143094457, 0.6575778709827766, 0.7468888967758328, 0.6772803414580212, 0.5149665050014623]]}