{"labels_1": ["1", "2", "3", "4", "5", "6", "7", "8", "9"], "labels_2": ["1", "2", "3", "4", "5", "6", "7", "8", "9"], "adj_matrix_1": [[0.0, 0.23529, 0.17098, 0.00052, 0.3179, 0.31409, 0.02299, 0.31896, 0.22788], [0.23529, 0.0, 0.09574, 0.23552, 0.26645, 0.23368, 0.22354, 0.29357, 0.0126], [0.17098, 0.09574, 0.0, 0.17137, 0.31582, 0.29231, 0.15339, 0.33446, 0.08371], [0.00052, 0.23552, 0.17137, 0.0, 0.31775, 0.31401, 0.02351, 0.3188, 0.22817], [0.3179, 0.26645, 0.31582, 0.31775, 0.0, 0.04398, 0.32465, 0.04027, 0.27438], [0.31409, 0.23368, 0.29231, 0.31401, 0.04398, 0.0, 0.31872, 0.08384, 0.24291], [0.02299, 0.22354, 0.15339, 0.02351, 0.32465, 0.31872, 0.0, 0.32783, 0.21557], [0.31896, 0.29357, 0.33446, 0.3188, 0.04027, 0.08384, 0.32783, 0.0, 0.30084], [0.22788, 0.0126, 0.08371, 0.22817, 0.27438, 0.24291, 0.21557, 0.30084, 0.0]], "adj_matrix_2": [[0.0, 0.12474, 0.10869, 0.03185, 0.10961, 0.10414, 0.0168, 0.0745, 0.1994], [0.12474, 0.0, 0.01828, 0.09594, 0.01715, 0.02328, 0.1094, 0.05442, 0.26812], [0.10869, 0.01828, 0.0, 0.07896, 0.00114, 0.00502, 0.09306, 0.03654, 0.26293], [0.03185, 0.09594, 0.07896, 0.0, 0.07994, 0.07418, 0.01508, 0.04342, 0.22159], [0.10961, 0.01715, 0.00114, 0.07994, 0.0, 0.00616, 0.09386, 0.03761, 0.26248], [0.10414, 0.02328, 0.00502, 0.07418, 0.00616, 0.0, 0.08837, 0.03157, 0.26096], [0.0168, 0.1094, 0.09306, 0.01508, 0.09386, 0.08837, 0.0, 0.05819, 0.21181], [0.0745, 0.05442, 0.03654, 0.04342, 0.03761, 0.03157, 0.05819, 0.0, 0.24698], [0.1994, 0.26812, 0.26293, 0.22159, 0.26248, 0.26096, 0.21181, 0.24698, 0.0]], "features_1": [[0.7318478710804084, 1.3377148263315022, 0.0, 0.27135456247294226, 0.6335783751098857, 0.12943206710118332, 0.283166384381871, 0.681578103226032, 0.39231673793065314, 0.2787247305796545, 0.00783923647221818, 0.5812958936279233, 0.6459107737881885, 0.6593107463926612, 0.7787556742782104, 0.7134180233847223, 0.6033703800764404], [0.29569810775013394, 1.1156663731553274, 0.0, 0.24648095746583168, 0.5856056063985937, 0.13234666581383062, 0.2249959966618711, 0.6782132522653999, 0.406980110855202, 0.24829588720030338, 0.008006390651371653, 0.6103235584243225, 0.6346900183781621, 0.669403135136472, 0.7846043737394061, 0.7051925555377917, 0.6103759181700864], [0.5382881777116446, 1.344557451512843, 0.0, 0.2600740361859371, 0.63918056024488, 0.12569363525932786, 0.26893729554747237, 0.6845099170065927, 0.36663908350978724, 0.2734875615194807, 0.007504523810135222, 0.5897777642116042, 0.6297658553151069, 0.657665274264576, 0.768420635565171, 0.686964270741793, 0.5985353438794024], [0.4938446824086289, 1.3636529960248802, 0.0, 0.27678777123312764, 0.6436333390717488, 0.12559648192471284, 0.32287774763976246, 0.6853134358540552, 0.36633786002310176, 0.2766747025428691, 0.007281081678807366, 0.5801051957688801, 0.6518431334139966, 0.6592881467949403, 0.7727039382222282, 0.6919402061942713, 0.595468158597375], [-0.16938570168810863, 1.1049598870160733, 0.0, 0.2422818452356426, 0.5841803404524267, 0.13293172618551458, 0.27310477707583586, 0.6791634607237667, 0.405566766047768, 0.2488895800278581, 0.007783488497544067, 0.6254848310686394, 0.6521812124102819, 0.6607119048067913, 0.7918275664994062, 0.7101336565390716, 0.6054851871905509], [0.07765166709486726, 1.3015306312743091, 0.0, 0.2112560302595149, 0.6350664345972177, 0.12361582957312357, 0.30566819365285697, 0.6867578954713622, 0.35483265677138065, 0.2645830593989884, 0.007225183508792421, 0.6151510936452103, 0.6460339752322907, 0.6598234073816504, 0.769714649922907, 0.6842231082418185, 0.5980862100611126], [0.32234401112701727, 1.4756539869243996, 0.0, 0.29355836479334557, 0.6678440940827702, 0.1211887651087961, 0.3541799567115298, 0.6886539583886067, 0.34811317749671167, 0.2883723448774018, 0.007057398507269275, 0.5876460665451333, 0.6402845691962344, 0.6618257753125136, 0.7652092926649608, 0.6711608507718898, 0.5691999310942063], [-0.16998851021127948, 1.3077175584560525, 0.0, 0.23666044127243163, 0.6456983156918158, 0.12031060229610459, 0.4271900871113786, 0.6900165403151963, 0.3637032317334188, 0.2647063599518149, 0.007057398507269275, 0.6210858530635177, 0.6706828754097305, 0.683160371054018, 0.7740157399515853, 0.7000342407528375, 0.5839406175405865], [0.25252215011836654, 1.4716264765563019, 0.0, 0.25597857479454794, 0.6721319987345421, 0.1185887324538268, 0.3891591082615669, 0.690204557231245, 0.3572993016197539, 0.2842501217804656, 0.007392832833969631, 0.5930312793317918, 0.6366894556115089, 0.651298156398974, 0.7628708778805637, 0.6954725743958686, 0.5759160629075627]], "features_2": [[0.38141388184430935, 1.3494813295234223, 0.0, 0.2814910798047084, 0.6573253101134505, 0.1217377004795305, 0.533982978740012, 0.6904832713501023, 0.3587469163368229, 0.27048178001870693, 0.007281081678807366, 0.590975132032757, 0.6778558309964079, 0.7048904347776359, 0.7899623628052671, 0.6978103067999918, 0.5757188766370266], [0.5680918613196053, 1.0853671505402473, 0.0, 0.2482614718120886, 0.5919990500626526, 0.13341999942901667, 0.34395837520004663, 0.6813036575806871, 0.4235118142891716, 0.24416812135004684, 0.007894969482732161, 0.6010568235275864, 0.6650040358668695, 0.6965050553410201, 0.8020766263486376, 0.7259985508378263, 0.6137819077750976], [0.7782056734016343, 1.3673298953596469, 0.0, 0.2895094042682507, 0.6652886153323069, 0.11906889610477185, 0.5037072625885777, 0.6910826509424888, 0.3457030682913713, 0.26512529009350283, 0.007001439975721224, 0.5792678305490218, 0.6406408782406292, 0.6692008625295498, 0.7763046616778889, 0.6986554392972141, 0.5774512642142617], [0.547367919526776, 1.396139013439641, 0.0, 0.31706121285847877, 0.6744205248933884, 0.11536088379610618, 0.5715982216647291, 0.6923923987195766, 0.323997811925016, 0.2656459609196009, 0.00716927026363523, 0.5799044132981983, 0.6432929769408503, 0.6691174376357363, 0.7732561258399053, 0.6857278022699216, 0.5605390234827199], [0.6051970284861423, 1.1044620855597027, 0.0, 0.21412762372811422, 0.5919657805968707, 0.13233241969074794, 0.35754356277640087, 0.6823017842545622, 0.42528301062548857, 0.24474928083865555, 0.007950687539111767, 0.5970372608135923, 0.6604969609816422, 0.6838716064115029, 0.8028813394313354, 0.71547662320902, 0.6117129256963353], [0.9013922059242425, 1.345531361477624, 0.0, 0.28967637448444217, 0.6687938680202696, 0.11378218889511217, 0.5820296129542057, 0.6927681891000304, 0.31820865872629267, 0.2523846651270274, 0.006497131753992358, 0.570349412606505, 0.6477826555311588, 0.6676572703465068, 0.7697097392166605, 0.6889763873654605, 0.5567270390548287], [0.42968081576573036, 1.646221541187877, 0.0, 0.30866726442140746, 0.7103948980813606, 0.11386765269151464, 0.5469424582002717, 0.6926181316204106, 0.3145295535013426, 0.2966283971072097, 0.00683347364535547, 0.5830479485507287, 0.6484574700958198, 0.6492661862493073, 0.7666186871211451, 0.6638166239059873, 0.4890130656826429], [0.317633846275422, 1.4634731966890318, 0.0, 0.23693234415823305, 0.676978287733365, 0.11356812606012154, 0.398779515608112, 0.6927594087249758, 0.310552883312895, 0.2655009050455166, 0.006721420376576193, 0.5833826442054737, 0.6387371833055004, 0.6186265145053896, 0.75883624629634, 0.6857855349942931, 0.5198955457031701], [0.6068643714490278, 1.6734372521213456, 0.0, 0.26156459034972457, 0.7224081748700594, 0.10449913171659429, 0.4813655658267443, 0.6928809719647135, 0.27292455845763475, 0.2751791308804348, 0.006160242374180447, 0.58093120020885, 0.6147665670468034, 0.6063463165913232, 0.733774556081811, 0.6870831833298839, 0.47504716839422734]]}