{"labels_1": ["1", "2", "3", "4", "5", "6", "7", "8", "9"], "labels_2": ["1", "2", "3", "4", "5", "6", "7", "8", "9"], "adj_matrix_1": [[0.0, 0.30144, 0.10126, 0.18021, 0.00438, 0.1715, 0.20166, 0.04845, 0.2788], [0.30144, 0.0, 0.25793, 0.20479, 0.30027, 0.21178, 0.18541, 0.31522, 0.07919], [0.10126, 0.25793, 0.0, 0.08628, 0.09703, 0.07633, 0.11134, 0.14687, 0.21351], [0.18021, 0.20479, 0.08628, 0.0, 0.17643, 0.01029, 0.0264, 0.22022, 0.1435], [0.00438, 0.30027, 0.09703, 0.17643, 0.0, 0.16764, 0.198, 0.05277, 0.27623], [0.1715, 0.21178, 0.07633, 0.01029, 0.16764, 0.0, 0.03664, 0.21234, 0.15241], [0.20166, 0.18541, 0.11134, 0.0264, 0.198, 0.03664, 0.0, 0.23949, 0.12], [0.04845, 0.31522, 0.14687, 0.22022, 0.05277, 0.21234, 0.23949, 0.0, 0.30325], [0.2788, 0.07919, 0.21351, 0.1435, 0.27623, 0.15241, 0.12, 0.30325, 0.0]], "adj_matrix_2": [[0.0, 0.21634, 0.19937, 0.09665, 0.07907, 0.23702, 0.24859, 0.02798, 0.12361], [0.21634, 0.0, 0.02628, 0.14624, 0.16161, 0.03598, 0.05841, 0.00779, 0.06087], [0.19937, 0.02628, 0.0, 0.12319, 0.13941, 0.06194, 0.08399, 0.00888, 0.06597], [0.09665, 0.14624, 0.12319, 0.0, 0.01879, 0.176, 0.19356, 0.01698, 0.09596], [0.07907, 0.16161, 0.13941, 0.01879, 0.0, 0.18978, 0.20629, 0.01869, 0.10095], [0.23702, 0.03598, 0.06194, 0.176, 0.18978, 0.0, 0.02271, 0.0065, 0.05439], [0.24859, 0.05841, 0.08399, 0.19356, 0.20629, 0.02271, 0.0, 0.00581, 0.05066], [0.02798, 0.00779, 0.00888, 0.01698, 0.01869, 0.0065, 0.00581, 0.0, 0.12817], [0.12361, 0.06087, 0.06597, 0.09596, 0.10095, 0.05439, 0.05066, 0.12817, 0.0]], "features_1": [[0.016506492933055394, 1.1432234663707466, 0.0, 0.185927841399786, 0.5839085090768645, 0.13955730979722347, 0.2026584565097295, 0.6729864323584966, 0.4503268114601999, 0.2648753383580078, 0.007894969482732161, 0.624017116119689, 0.6554449849431817, 0.6988520240068054, 0.8030265066146861, 0.7095581917291969, 0.6250556349083416], [0.3029019542493301, 0.9655988266042087, 0.0, 0.23843893276182399, 0.5377961480075264, 0.14449995294399662, 0.17188927643565108, 0.6654855218041276, 0.48220062063313485, 0.23557216717667173, 0.008562602043175715, 0.6089223959310313, 0.6582369301880094, 0.7013690040435527, 0.8072783377467545, 0.7290397267300341, 0.6295865717951137], [0.3123304834880938, 1.1751863179578863, 0.0, 0.20725564778786035, 0.5931764671905383, 0.13646950598944832, 0.17261695216415518, 0.6750078102495444, 0.4388250301216232, 0.26351625407376034, 0.007671947615560004, 0.6114167054643107, 0.6339299976392875, 0.6760603482332997, 0.7901065159881681, 0.7049581568047344, 0.6096830706693592], [0.12542775697459962, 1.2047338526481726, 0.0, 0.21022804458017744, 0.5995509118717477, 0.1344764575092815, 0.19380332282146498, 0.6776198393065008, 0.42379208080601605, 0.2684961948276605, 0.007671947615560004, 0.6125428535685837, 0.6588962114325672, 0.6982369501281469, 0.7897628804299768, 0.7009193642893001, 0.6097541479391715], [0.001376979640501208, 0.9983042977198107, 0.0, 0.18094979325246696, 0.5530888683407699, 0.14251684464857284, 0.23659541970085768, 0.6706025185020925, 0.4596985525472461, 0.23750316392590154, 0.007950687539111767, 0.6234345664755963, 0.6684455898923077, 0.7093976667283765, 0.8119113891342432, 0.7380859157504024, 0.6312901802126719], [0.39411021210036123, 1.2385906260949862, 0.0, 0.2608026071114739, 0.6109185592383893, 0.1328954848826796, 0.19609451450888216, 0.6789656259741825, 0.41626805244907517, 0.26765358308877096, 0.007560346756364078, 0.6049328288818325, 0.6368703662489846, 0.6611463746628492, 0.784225246925166, 0.7081216328358588, 0.6093027338083026], [0.08674229555850266, 1.3664000872611715, 0.0, 0.23600938364619775, 0.6495694159114541, 0.12024483244855141, 0.322225198987698, 0.6899010710107121, 0.3316818180484593, 0.2670733389936477, 0.00677745458930179, 0.5941003025044367, 0.6333149593395503, 0.6453711705406658, 0.7681331408199291, 0.6792741913366133, 0.5316019883263906], [-0.2660686844080642, 1.2590208278226003, 0.0, 0.2618923261142134, 0.6414672543979708, 0.12131705478447462, 0.43097136810567704, 0.6897135600312068, 0.34099668761394697, 0.25400343954494176, 0.006721420376576193, 0.6092146164737722, 0.6543625046209224, 0.6716779145555052, 0.7774531092566781, 0.686629935747141, 0.5769166613920071], [0.8167838372095111, 1.48550803332766, 0.0, 0.2997762950915085, 0.6843165058430156, 0.11240657000306088, 0.401615208593487, 0.692712156738065, 0.3072451507024767, 0.2661000228835102, 0.006497131753992358, 0.5822443300814941, 0.6220063225751365, 0.6280642680478571, 0.7519493967261224, 0.6692916041431787, 0.5615756428353315]], "features_2": [[0.7957627965033192, 1.1090400619224652, 0.0, 0.2930978884134866, 0.5771097222571637, 0.13676660280103137, 0.2240600819104607, 0.6742774410772319, 0.43268341767157614, 0.2521243505294457, 0.008340296057933516, 0.6057174060220754, 0.6420873023783275, 0.6675787774108307, 0.7957930404286739, 0.7072260822882709, 0.6130176653886465], [0.13504097756403866, 0.96697808771101, 0.0, 0.2692939166254901, 0.5406245355763292, 0.14051807606044578, 0.20010089801448103, 0.6692651645199799, 0.4457881400807022, 0.22991918767050357, 0.008284682400665488, 0.6197482567796779, 0.6586731718654987, 0.6701482761157811, 0.8010906877591416, 0.714199142228203, 0.6138918088490968], [0.15170725464611223, 1.1134270431099194, 0.0, 0.29453910433219244, 0.5878262096301831, 0.1311174457543451, 0.25327657177967355, 0.6805793113542855, 0.3965206546432207, 0.2453917303978439, 0.007727725548673403, 0.6148246155407588, 0.6513566333103258, 0.6663290748214632, 0.785350331087848, 0.6782989871230122, 0.6147805235270681], [0.4596577176772709, 1.1349230126207224, 0.0, 0.2991910424381388, 0.5908612620669325, 0.1317209862824256, 0.2597607198130568, 0.6800614257333243, 0.3937554599134103, 0.24798821082428346, 0.007616154688146137, 0.6002583226652429, 0.6520765804384322, 0.6464946048585783, 0.7873862144823458, 0.6910634701366177, 0.6076657245784165], [0.1650335491093302, 0.9056714756917831, 0.0, 0.2684869535104011, 0.5206884356830908, 0.14268441563747902, 0.18483328883222896, 0.6650264614389376, 0.45672487147583496, 0.22255485055047775, 0.008062078829516484, 0.6153340989463261, 0.6642583530502381, 0.6935792393266579, 0.8020512916651958, 0.7212538058746257, 0.6134472772463161], [0.26356482528539793, 1.099628792300225, 0.0, 0.2553727655042182, 0.5887421658314257, 0.12815429540263662, 0.28704565709420465, 0.683569103435874, 0.3710430117095611, 0.23614827623033285, 0.00716927026363523, 0.5965110351758618, 0.6626241437728916, 0.6757938309680338, 0.782077603844738, 0.6843738717870985, 0.6100448639461069], [0.8991679163014963, 1.127704085238835, 0.0, 0.2832210949665568, 0.6045498913724054, 0.12196619971811354, 0.3658406872252712, 0.688669114608233, 0.3394740743759068, 0.22698957493965555, 0.007504523810135222, 0.5877893970734442, 0.6369298943801935, 0.6374536653336704, 0.7737083312026813, 0.6973347535300005, 0.5766922383094747], [9.749680030274009, 1.3740312204707268, 0.0, 0.4272953122769364, 0.6617833486179656, 0.11230513331062959, 0.4253580206134899, 0.6924669060718796, 0.3196703188424499, 0.22583238104491454, 0.007616154688146137, 0.4973446793741432, 0.5884918419688895, 0.5751262207431445, 0.7524267085816724, 0.7009580811080045, 0.5629386012693434], [6.572873675684006, 1.416535792594603, 0.0, 0.40317657397389545, 0.6715989000318578, 0.10785601662915953, 0.41421127340523184, 0.6930753529504066, 0.2775784799741654, 0.2246956539898095, 0.0066653709969386465, 0.5076182333020753, 0.5815015769376273, 0.543812878596106, 0.7370853611107302, 0.6705236234977568, 0.5045637853444719]]}