{"labels_1": ["1", "2", "3", "4", "5", "6", "7", "8", "9"], "labels_2": ["1", "2", "3", "4", "5", "6", "7", "8", "9"], "adj_matrix_1": [[0.0, 0.30144, 0.10126, 0.18021, 0.00438, 0.1715, 0.20166, 0.04845, 0.2788], [0.30144, 0.0, 0.25793, 0.20479, 0.30027, 0.21178, 0.18541, 0.31522, 0.07919], [0.10126, 0.25793, 0.0, 0.08628, 0.09703, 0.07633, 0.11134, 0.14687, 0.21351], [0.18021, 0.20479, 0.08628, 0.0, 0.17643, 0.01029, 0.0264, 0.22022, 0.1435], [0.00438, 0.30027, 0.09703, 0.17643, 0.0, 0.16764, 0.198, 0.05277, 0.27623], [0.1715, 0.21178, 0.07633, 0.01029, 0.16764, 0.0, 0.03664, 0.21234, 0.15241], [0.20166, 0.18541, 0.11134, 0.0264, 0.198, 0.03664, 0.0, 0.23949, 0.12], [0.04845, 0.31522, 0.14687, 0.22022, 0.05277, 0.21234, 0.23949, 0.0, 0.30325], [0.2788, 0.07919, 0.21351, 0.1435, 0.27623, 0.15241, 0.12, 0.30325, 0.0]], "adj_matrix_2": [[0.0, 0.03603, 0.11452, 0.00687, 0.13971, 0.07537, 0.19991, 0.29614, 0.11347], [0.03603, 0.0, 0.14627, 0.02922, 0.17001, 0.10931, 0.22436, 0.30745, 0.07996], [0.11452, 0.14627, 0.0, 0.12076, 0.02794, 0.04137, 0.09888, 0.22884, 0.2072], [0.00687, 0.02922, 0.12076, 0.0, 0.14566, 0.08196, 0.2049, 0.29872, 0.10725], [0.13971, 0.17001, 0.02794, 0.14566, 0.0, 0.06886, 0.07184, 0.20727, 0.2255], [0.07537, 0.10931, 0.04137, 0.08196, 0.06886, 0.0, 0.13719, 0.25707, 0.17722], [0.19991, 0.22436, 0.09888, 0.2049, 0.07184, 0.13719, 0.0, 0.14527, 0.26523], [0.29614, 0.30745, 0.22884, 0.29872, 0.20727, 0.25707, 0.14527, 0.0, 0.31625], [0.11347, 0.07996, 0.2072, 0.10725, 0.2255, 0.17722, 0.26523, 0.31625, 0.0]], "features_1": [[0.016506492933055394, 1.1432234663707466, 0.0, 0.185927841399786, 0.5839085090768645, 0.13955730979722347, 0.2026584565097295, 0.6729864323584966, 0.4503268114601999, 0.2648753383580078, 0.007894969482732161, 0.624017116119689, 0.6554449849431817, 0.6988520240068054, 0.8030265066146861, 0.7095581917291969, 0.6250556349083416], [0.3029019542493301, 0.9655988266042087, 0.0, 0.23843893276182399, 0.5377961480075264, 0.14449995294399662, 0.17188927643565108, 0.6654855218041276, 0.48220062063313485, 0.23557216717667173, 0.008562602043175715, 0.6089223959310313, 0.6582369301880094, 0.7013690040435527, 0.8072783377467545, 0.7290397267300341, 0.6295865717951137], [0.3123304834880938, 1.1751863179578863, 0.0, 0.20725564778786035, 0.5931764671905383, 0.13646950598944832, 0.17261695216415518, 0.6750078102495444, 0.4388250301216232, 0.26351625407376034, 0.007671947615560004, 0.6114167054643107, 0.6339299976392875, 0.6760603482332997, 0.7901065159881681, 0.7049581568047344, 0.6096830706693592], [0.12542775697459962, 1.2047338526481726, 0.0, 0.21022804458017744, 0.5995509118717477, 0.1344764575092815, 0.19380332282146498, 0.6776198393065008, 0.42379208080601605, 0.2684961948276605, 0.007671947615560004, 0.6125428535685837, 0.6588962114325672, 0.6982369501281469, 0.7897628804299768, 0.7009193642893001, 0.6097541479391715], [0.001376979640501208, 0.9983042977198107, 0.0, 0.18094979325246696, 0.5530888683407699, 0.14251684464857284, 0.23659541970085768, 0.6706025185020925, 0.4596985525472461, 0.23750316392590154, 0.007950687539111767, 0.6234345664755963, 0.6684455898923077, 0.7093976667283765, 0.8119113891342432, 0.7380859157504024, 0.6312901802126719], [0.39411021210036123, 1.2385906260949862, 0.0, 0.2608026071114739, 0.6109185592383893, 0.1328954848826796, 0.19609451450888216, 0.6789656259741825, 0.41626805244907517, 0.26765358308877096, 0.007560346756364078, 0.6049328288818325, 0.6368703662489846, 0.6611463746628492, 0.784225246925166, 0.7081216328358588, 0.6093027338083026], [0.08674229555850266, 1.3664000872611715, 0.0, 0.23600938364619775, 0.6495694159114541, 0.12024483244855141, 0.322225198987698, 0.6899010710107121, 0.3316818180484593, 0.2670733389936477, 0.00677745458930179, 0.5941003025044367, 0.6333149593395503, 0.6453711705406658, 0.7681331408199291, 0.6792741913366133, 0.5316019883263906], [-0.2660686844080642, 1.2590208278226003, 0.0, 0.2618923261142134, 0.6414672543979708, 0.12131705478447462, 0.43097136810567704, 0.6897135600312068, 0.34099668761394697, 0.25400343954494176, 0.006721420376576193, 0.6092146164737722, 0.6543625046209224, 0.6716779145555052, 0.7774531092566781, 0.686629935747141, 0.5769166613920071], [0.8167838372095111, 1.48550803332766, 0.0, 0.2997762950915085, 0.6843165058430156, 0.11240657000306088, 0.401615208593487, 0.692712156738065, 0.3072451507024767, 0.2661000228835102, 0.006497131753992358, 0.5822443300814941, 0.6220063225751365, 0.6280642680478571, 0.7519493967261224, 0.6692916041431787, 0.5615756428353315]], "features_2": [[0.5826968984422893, 1.549746637434921, 0.0, 0.2659840284372338, 0.6818155064628644, 0.1187919279226919, 0.4319309314081636, 0.6905767882405678, 0.3264963251439965, 0.2899660256346581, 0.007001439975721224, 0.5866632471112649, 0.6356183693823498, 0.6467559599050883, 0.7702661380444534, 0.694975284741291, 0.5673542957095199], [0.8431726511934126, 1.2607388593117212, 0.0, 0.2584722904687591, 0.6294019166407455, 0.12507705058706442, 0.45443535103484367, 0.6875467511334314, 0.3717720247833527, 0.25586626871591167, 0.00711334193318236, 0.580811354480036, 0.6368499518087812, 0.6468913866614696, 0.784157846080431, 0.694290165267217, 0.5864240842757764], [0.67902044427924, 1.5159904390380656, 0.0, 0.2729233901997508, 0.6784704977897312, 0.1174485181369208, 0.46146060580680837, 0.6911232166265924, 0.3237105225823178, 0.28384575644406795, 0.007001439975721224, 0.5892209346071948, 0.6271350002460291, 0.6288323922073987, 0.7660722347008319, 0.6815619535354432, 0.5665167647874659], [0.5189075212500827, 1.5473362407515867, 0.0, 0.26157572204581, 0.6785530808467741, 0.11988459740452628, 0.403117728420915, 0.6899369641099201, 0.32378580695504033, 0.29127807766506697, 0.006889477554966383, 0.5904962965880838, 0.6501162793781127, 0.6536141859743906, 0.7708643616058755, 0.6738287058641692, 0.5832830536833427], [0.4838795164504832, 1.199081548140727, 0.0, 0.2259258719688925, 0.6076959472736259, 0.13041969283720245, 0.4350007886274433, 0.6839766425968431, 0.389700066147457, 0.25160080108504856, 0.007894969482732161, 0.5989653996884017, 0.6487543379220586, 0.6402893486955007, 0.794951192711783, 0.7305021705775012, 0.6066284346373352], [0.658850243491619, 1.463076139446182, 0.0, 0.2614574723798716, 0.6723590732555272, 0.11751616246137808, 0.5283742100051647, 0.69132981751793, 0.33224838814043123, 0.2781072811616221, 0.007225183508792421, 0.5882192337564014, 0.6291057099615145, 0.6432667389677316, 0.7681124504987689, 0.693142094575992, 0.579210616477747], [0.14726050485027864, 1.5324681168202847, 0.0, 0.22879444569085386, 0.669024736176338, 0.12258729600061866, 0.3962551612844315, 0.6884613442355896, 0.32541830348085643, 0.29377420766704176, 0.00677745458930179, 0.5983393791895093, 0.6371943776046657, 0.6325518521380149, 0.7781817254268113, 0.6722819096928612, 0.5894700657335622], [0.06792183628902304, 1.3903983414161425, 0.0, 0.2710867230510742, 0.6557890567442234, 0.1204479398858011, 0.48716940691379307, 0.6894182045764892, 0.34392660449789125, 0.2732917620410633, 0.007336964783822175, 0.606114116359741, 0.6338337832241846, 0.6472697229815867, 0.7598318988763167, 0.6766096441589826, 0.5993688373052454], [1.0986199151234226, 1.5194251279965665, 0.0, 0.32551823252677503, 0.6819019622299766, 0.11416370083201474, 0.42135009674212043, 0.6918588508682992, 0.3094451281196984, 0.27380604099791617, 0.00711334193318236, 0.5655594877398569, 0.6144408411872858, 0.6111034268965126, 0.7480254325948396, 0.6534660572915312, 0.570226166895895]]}