{"labels_1": ["1", "2", "3", "4", "5", "6", "7", "8", "9"], "labels_2": ["1", "2", "3", "4", "5", "6", "7", "8", "9"], "adj_matrix_1": [[0.0, 0.23529, 0.17098, 0.00052, 0.3179, 0.31409, 0.02299, 0.31896, 0.22788], [0.23529, 0.0, 0.09574, 0.23552, 0.26645, 0.23368, 0.22354, 0.29357, 0.0126], [0.17098, 0.09574, 0.0, 0.17137, 0.31582, 0.29231, 0.15339, 0.33446, 0.08371], [0.00052, 0.23552, 0.17137, 0.0, 0.31775, 0.31401, 0.02351, 0.3188, 0.22817], [0.3179, 0.26645, 0.31582, 0.31775, 0.0, 0.04398, 0.32465, 0.04027, 0.27438], [0.31409, 0.23368, 0.29231, 0.31401, 0.04398, 0.0, 0.31872, 0.08384, 0.24291], [0.02299, 0.22354, 0.15339, 0.02351, 0.32465, 0.31872, 0.0, 0.32783, 0.21557], [0.31896, 0.29357, 0.33446, 0.3188, 0.04027, 0.08384, 0.32783, 0.0, 0.30084], [0.22788, 0.0126, 0.08371, 0.22817, 0.27438, 0.24291, 0.21557, 0.30084, 0.0]], "adj_matrix_2": [[0.0, 0.06616, 0.05199, 0.04833, 0.14317, 0.07692, 0.14061, 0.04153, 0.34813], [0.06616, 0.0, 0.11578, 0.11235, 0.08099, 0.01103, 0.0782, 0.02481, 0.32159], [0.05199, 0.11578, 0.0, 0.00371, 0.18705, 0.12595, 0.18463, 0.09221, 0.35811], [0.04833, 0.11235, 0.00371, 0.0, 0.1841, 0.12259, 0.18173, 0.08871, 0.35785], [0.14317, 0.08099, 0.18705, 0.1841, 0.0, 0.07023, 0.00257, 0.10451, 0.2733], [0.07692, 0.01103, 0.12595, 0.12259, 0.07023, 0.0, 0.06766, 0.03586, 0.3172], [0.14061, 0.0782, 0.18463, 0.18173, 0.00257, 0.06766, 0.0, 0.10241, 0.27648], [0.04153, 0.02481, 0.09221, 0.08871, 0.10451, 0.03586, 0.10241, 0.0, 0.33509], [0.34813, 0.32159, 0.35811, 0.35785, 0.2733, 0.3172, 0.27648, 0.33509, 0.0]], "features_1": [[0.7318478710804084, 1.3377148263315022, 0.0, 0.27135456247294226, 0.6335783751098857, 0.12943206710118332, 0.283166384381871, 0.681578103226032, 0.39231673793065314, 0.2787247305796545, 0.00783923647221818, 0.5812958936279233, 0.6459107737881885, 0.6593107463926612, 0.7787556742782104, 0.7134180233847223, 0.6033703800764404], [0.29569810775013394, 1.1156663731553274, 0.0, 0.24648095746583168, 0.5856056063985937, 0.13234666581383062, 0.2249959966618711, 0.6782132522653999, 0.406980110855202, 0.24829588720030338, 0.008006390651371653, 0.6103235584243225, 0.6346900183781621, 0.669403135136472, 0.7846043737394061, 0.7051925555377917, 0.6103759181700864], [0.5382881777116446, 1.344557451512843, 0.0, 0.2600740361859371, 0.63918056024488, 0.12569363525932786, 0.26893729554747237, 0.6845099170065927, 0.36663908350978724, 0.2734875615194807, 0.007504523810135222, 0.5897777642116042, 0.6297658553151069, 0.657665274264576, 0.768420635565171, 0.686964270741793, 0.5985353438794024], [0.4938446824086289, 1.3636529960248802, 0.0, 0.27678777123312764, 0.6436333390717488, 0.12559648192471284, 0.32287774763976246, 0.6853134358540552, 0.36633786002310176, 0.2766747025428691, 0.007281081678807366, 0.5801051957688801, 0.6518431334139966, 0.6592881467949403, 0.7727039382222282, 0.6919402061942713, 0.595468158597375], [-0.16938570168810863, 1.1049598870160733, 0.0, 0.2422818452356426, 0.5841803404524267, 0.13293172618551458, 0.27310477707583586, 0.6791634607237667, 0.405566766047768, 0.2488895800278581, 0.007783488497544067, 0.6254848310686394, 0.6521812124102819, 0.6607119048067913, 0.7918275664994062, 0.7101336565390716, 0.6054851871905509], [0.07765166709486726, 1.3015306312743091, 0.0, 0.2112560302595149, 0.6350664345972177, 0.12361582957312357, 0.30566819365285697, 0.6867578954713622, 0.35483265677138065, 0.2645830593989884, 0.007225183508792421, 0.6151510936452103, 0.6460339752322907, 0.6598234073816504, 0.769714649922907, 0.6842231082418185, 0.5980862100611126], [0.32234401112701727, 1.4756539869243996, 0.0, 0.29355836479334557, 0.6678440940827702, 0.1211887651087961, 0.3541799567115298, 0.6886539583886067, 0.34811317749671167, 0.2883723448774018, 0.007057398507269275, 0.5876460665451333, 0.6402845691962344, 0.6618257753125136, 0.7652092926649608, 0.6711608507718898, 0.5691999310942063], [-0.16998851021127948, 1.3077175584560525, 0.0, 0.23666044127243163, 0.6456983156918158, 0.12031060229610459, 0.4271900871113786, 0.6900165403151963, 0.3637032317334188, 0.2647063599518149, 0.007057398507269275, 0.6210858530635177, 0.6706828754097305, 0.683160371054018, 0.7740157399515853, 0.7000342407528375, 0.5839406175405865], [0.25252215011836654, 1.4716264765563019, 0.0, 0.25597857479454794, 0.6721319987345421, 0.1185887324538268, 0.3891591082615669, 0.690204557231245, 0.3572993016197539, 0.2842501217804656, 0.007392832833969631, 0.5930312793317918, 0.6366894556115089, 0.651298156398974, 0.7628708778805637, 0.6954725743958686, 0.5759160629075627]], "features_2": [[0.07946040329171788, 1.2720136024833968, 0.0, 0.24120948805576334, 0.6262680697947188, 0.124841372183837, 0.4253425188550537, 0.6871187743631647, 0.35508509528257926, 0.26455344470415554, 0.007281081678807366, 0.6003320491149076, 0.6651999613640021, 0.6910695520857122, 0.7875164687056816, 0.7050334164430354, 0.5998137599108628], [-0.007562184768011182, 1.028598851561863, 0.0, 0.24205453744569427, 0.5586038047160552, 0.13580179593970498, 0.22194907892044782, 0.6746330792065081, 0.41175497302438546, 0.23852505152430958, 0.007950687539111767, 0.6122260570967519, 0.6379595160788067, 0.6745882831751966, 0.7925560819862051, 0.7158371198368202, 0.6103600450938198], [0.1099130024546926, 1.3145886262460833, 0.0, 0.26724970466397807, 0.6307600551360318, 0.1251134627803346, 0.34402243456687176, 0.685780817717234, 0.35992876154864284, 0.2730312809704969, 0.00711334193318236, 0.603735455355858, 0.6366648004912925, 0.6686836033550048, 0.7794736520396133, 0.7012130461128383, 0.5874114196927546], [0.13353381658950125, 1.3415419527478798, 0.0, 0.2666665875407725, 0.6386918861247232, 0.12367921701463212, 0.4072402016181094, 0.6875111976850257, 0.35416339490826365, 0.27342493048258865, 0.007281081678807366, 0.5994636048985318, 0.6482814935589227, 0.6590914043492699, 0.78200190854668, 0.6979512248335732, 0.5817822602698758], [0.007436461132527494, 1.0581297488575572, 0.0, 0.26369198889715756, 0.580871875219548, 0.12946105466004307, 0.3692468343915287, 0.6839068775298025, 0.38585788791506226, 0.23430606816991206, 0.007448685839370306, 0.6112686119487307, 0.6580459513809014, 0.6861192010217178, 0.7950258321694281, 0.7075604137742407, 0.5931882192029228], [-0.04129805625236305, 1.316157322345623, 0.0, 0.2611100928733101, 0.6409401123062874, 0.12058243919355274, 0.4254980293559882, 0.6893429998211427, 0.34139679164529446, 0.26366542032825846, 0.007225183508792421, 0.6036210511403144, 0.6558116976504607, 0.667271673161177, 0.7762701681490306, 0.69124403546843, 0.5759827356871714], [0.38468252152692894, 1.6149915880493246, 0.0, 0.26979257905144016, 0.6891685710733368, 0.11967464731316954, 0.46172224629815445, 0.6903860776246917, 0.3175047909597586, 0.2971736594271228, 0.005991591679928909, 0.5961180033381215, 0.6294931144565624, 0.6264923654262078, 0.7762159060963962, 0.6752862291447291, 0.5095493522262192], [-0.16310406812349276, 1.7485348030395707, 0.0, 0.2729143799696163, 0.7330417447226136, 0.10471468631982331, 0.6482105515549115, 0.6929816279290612, 0.2421931588259938, 0.29342963668593414, 0.005766509824583821, 0.5843625894523137, 0.6346635894803324, 0.6339456782022719, 0.7362819858817402, 0.633241389306014, 0.5164416718741467], [-0.38042110409507623, 1.7735252334759068, 0.0, 0.26027712982241874, 0.7393123286325145, 0.1028438989592029, 0.733256148340552, 0.6926022124804865, 0.24708146634872064, 0.29421091510465414, 0.005879081395912644, 0.6012755360922075, 0.6373607698873569, 0.6431192509900372, 0.7326059283421459, 0.6563565621355361, 0.5057890274121531]]}