{"labels_1": ["1", "2", "3", "4", "5", "6", "7", "8", "9"], "labels_2": ["1", "2", "3", "4", "5", "6", "7", "8", "9"], "adj_matrix_1": [[0.0, 0.20793, 0.18554, 0.11014, 0.01078, 0.24869, 0.04953, 0.27362, 0.07632], [0.20793, 0.0, 0.02629, 0.10757, 0.21664, 0.05033, 0.16519, 0.30033, 0.26389], [0.18554, 0.02629, 0.0, 0.08209, 0.1945, 0.07636, 0.14132, 0.30046, 0.24526], [0.11014, 0.10757, 0.08209, 0.0, 0.12022, 0.15528, 0.06198, 0.29573, 0.1792], [0.01078, 0.21664, 0.1945, 0.12022, 0.0, 0.25628, 0.06007, 0.27018, 0.06571], [0.24869, 0.05033, 0.07636, 0.15528, 0.25628, 0.0, 0.20977, 0.29856, 0.29787], [0.04953, 0.16519, 0.14132, 0.06198, 0.06007, 0.20977, 0.0, 0.28561, 0.12365], [0.27362, 0.30033, 0.30046, 0.29573, 0.27018, 0.29856, 0.28561, 0.0, 0.24449], [0.07632, 0.26389, 0.24526, 0.1792, 0.06571, 0.29787, 0.12365, 0.24449, 0.0]], "adj_matrix_2": [[0.0, 0.15115, 0.17234, 0.18638, 0.12774, 0.20501, 0.07183, 0.11556, 0.1987], [0.15115, 0.0, 0.24498, 0.24519, 0.02733, 0.23851, 0.08635, 0.22658, 0.24134], [0.17234, 0.24498, 0.0, 0.02468, 0.23722, 0.06882, 0.21305, 0.0741, 0.052], [0.18638, 0.24519, 0.02468, 0.0, 0.23966, 0.04518, 0.2209, 0.09658, 0.02794], [0.12774, 0.02733, 0.23722, 0.23966, 0.0, 0.23689, 0.06002, 0.21195, 0.23823], [0.20501, 0.23851, 0.06882, 0.04518, 0.23689, 0.0, 0.22727, 0.13351, 0.01738], [0.07183, 0.08635, 0.21305, 0.2209, 0.06002, 0.22727, 0.0, 0.17351, 0.22647], [0.11556, 0.22658, 0.0741, 0.09658, 0.21195, 0.13351, 0.17351, 0.0, 0.12032], [0.1987, 0.24134, 0.052, 0.02794, 0.23823, 0.01738, 0.22647, 0.12032, 0.0]], "features_1": [[0.2771270052150956, 1.177996062991907, 0.0, 0.16816447672271942, 0.6183824815336593, 0.1271468332000297, 0.542976089683257, 0.6882946347430141, 0.3709255117024435, 0.24794549055425352, 0.007225183508792421, 0.6004895919019975, 0.6779938713707894, 0.6994269177123563, 0.8000844538883136, 0.7319580186780292, 0.5924459759010638], [-0.2618412455688164, 0.8664041577505274, 0.0, 0.20344024411095077, 0.5315390240446203, 0.1377947395386245, 0.4478234530780824, 0.6794464406841809, 0.41597615826403156, 0.20509057660247687, 0.007448685839370306, 0.6321643215167518, 0.6754834169367283, 0.7037204565794775, 0.8139653570547415, 0.7313381674962048, 0.6258736410920969], [-0.1201871470726994, 1.1275820243324022, 0.0, 0.20497923544979935, 0.6120848855634583, 0.12379418626390422, 0.5536814135433545, 0.6894687844941653, 0.3503655150266509, 0.2361888244594197, 0.007001439975721224, 0.6131466522234232, 0.6644460614561276, 0.6868356221173469, 0.7868113932262665, 0.6975692951135427, 0.5862146183322537], [-0.08554298404079264, 1.1552640379387085, 0.0, 0.19092356361734966, 0.616616800591589, 0.12397042815282369, 0.5632667315111888, 0.6894864806853702, 0.3547151079535429, 0.24101441183557681, 0.00711334193318236, 0.618850756117131, 0.685219178554785, 0.7050100152845441, 0.7879647222458545, 0.7199370126128967, 0.5893085834657802], [-0.26123971259874423, 0.9626258522804599, 0.0, 0.1734261093676492, 0.5526532291352879, 0.13652399393126688, 0.529728293918744, 0.6805764165210633, 0.4056786519189972, 0.22516496191008084, 0.007225183508792421, 0.6174347844507833, 0.6669479043020404, 0.6986766389393088, 0.8095402491522538, 0.7205640385546646, 0.6133921808494686], [-0.26114898101064554, 1.1269561513895574, 0.0, 0.20700490044838402, 0.6115642667274113, 0.12205829081142366, 0.5895784164238925, 0.6901471831325179, 0.3508671619726589, 0.2359405021852221, 0.006889477554966383, 0.6162718511075165, 0.6658159670766799, 0.6788463648164269, 0.7825388974465135, 0.6926691100323645, 0.5792092653314537], [0.2068584439083132, 1.4546514416741325, 0.0, 0.2260829776151728, 0.6758923471616511, 0.11434341204641255, 0.585078345586519, 0.6924354120322977, 0.30042207170606305, 0.26812463740610637, 0.0064410216040902135, 0.5968782485683559, 0.636563741327883, 0.6374098236031869, 0.759500516367404, 0.6970960681360946, 0.5209528170311722], [0.9339886559154849, 1.388587694777846, 0.0, 0.29285798012459974, 0.665877250066621, 0.11465510805480136, 0.6434930299169388, 0.6924136533218632, 0.31426521802043816, 0.25934388825435706, 0.006889477554966383, 0.5641186111800469, 0.6451168482700507, 0.6677498496037578, 0.763451332921044, 0.6863872989452122, 0.5851644166331607], [0.6937483817985504, 1.4792459703131609, 0.0, 0.289493201791053, 0.6878609092483908, 0.10656462512668607, 0.5353007366303203, 0.6931430604728206, 0.27963523022205217, 0.2626654778354329, 0.00655322669591385, 0.5749967415332096, 0.6248574589971388, 0.6442824979657983, 0.7383282638748699, 0.6684439925589897, 0.5194304464702245]], "features_2": [[0.31710715736134665, 1.1348303618302364, 0.0, 0.275538923818463, 0.5816981570162316, 0.1369199696025846, 0.27139547250118595, 0.6730353045248918, 0.4428875231992708, 0.26006422629837145, 0.008507047823598457, 0.6107775286594874, 0.6442952186409219, 0.6813214205624818, 0.7960165465133484, 0.717924228015831, 0.6270676998298851], [0.7174045275221403, 0.8907692989717528, 0.0, 0.2707503374751409, 0.5206560952289847, 0.13760229305490018, 0.3137618857474628, 0.6727510943479362, 0.4599328448859563, 0.2119098645745252, 0.008173410423425675, 0.6084162994855382, 0.6466752887284348, 0.6835491012676442, 0.8053968425313996, 0.7230950769397587, 0.6300221089323358], [1.250206686029073, 1.092591411994646, 0.0, 0.28510526470004227, 0.5784572308926921, 0.13209573759205961, 0.27773302840959246, 0.6774950140948167, 0.4271765274754784, 0.23985600049839562, 0.008062078829516484, 0.5832618737793096, 0.6217552723698959, 0.6413504363865971, 0.7873689414817782, 0.728045609464192, 0.6184038843528201], [0.9739159274227909, 1.1985904767620228, 0.0, 0.33931917964822317, 0.6016096208794689, 0.13175438840890913, 0.2810047614574934, 0.6786537720869157, 0.4226465370590897, 0.26043707090552615, 0.00783923647221818, 0.59156466450045, 0.6353804744483947, 0.6475580245929615, 0.7865465549365592, 0.7126834103284041, 0.6098980046187604], [0.7868725631328579, 0.8941621502451831, 0.0, 0.3044103567459954, 0.524599207495337, 0.1369518815171844, 0.35373493558359714, 0.6753601667810847, 0.45145912075963035, 0.21094036844344988, 0.008618141428105908, 0.5998644830213848, 0.6554908862131771, 0.6687302875311993, 0.809844739187933, 0.7182998165498825, 0.6285870515338144], [1.90887631149974, 1.141747840672332, 0.0, 0.35002881837889166, 0.5975544115994533, 0.12819453403959627, 0.3317683716579388, 0.6831587274731423, 0.41304941428415587, 0.24194709694459138, 0.007616154688146137, 0.5661082299615172, 0.6206299753758943, 0.6583564092519519, 0.7846487700130877, 0.7155102962354957, 0.6018537084807319], [0.6013989978346026, 1.3609158605867666, 0.0, 0.3132178008317391, 0.6507800946082181, 0.12050739088763837, 0.3957269747942824, 0.6893361429972976, 0.3512017226098434, 0.26899750132797595, 0.007057398507269275, 0.5942286982394969, 0.6460086674542044, 0.6628527017523504, 0.7710735630861959, 0.6860262709863924, 0.5530765761241951], [1.7785062128472164, 1.4380929599943661, 0.0, 0.33224629974150544, 0.6758405412604357, 0.11433249462205519, 0.5260908736135527, 0.69238556645472, 0.3360638071428712, 0.2614334321241032, 0.007392832833969631, 0.5597552339864484, 0.6389775315831635, 0.6129444916753503, 0.7641678501926883, 0.7031954271878816, 0.5086744598116147], [2.01951069370591, 1.6719560675065566, 0.0, 0.347758564183049, 0.7203236354061472, 0.10606090390567667, 0.5440198125348644, 0.6931120616693355, 0.2955502636259586, 0.27864423760392043, 0.006328755639155359, 0.5512452540994739, 0.6119109727149769, 0.603727409724765, 0.7417329766633287, 0.6778701421204387, 0.4565683660605996]]}