{"labels_1": ["1", "2", "3", "4", "5", "6", "7", "8", "9"], "labels_2": ["1", "2", "3", "4", "5", "6", "7", "8", "9"], "adj_matrix_1": [[0.0, 0.16648, 0.05642, 0.00424, 0.25905, 0.14254, 0.1515, 0.10603, 0.06461], [0.16648, 0.0, 0.11462, 0.16276, 0.31157, 0.02647, 0.01667, 0.25014, 0.21981], [0.05642, 0.11462, 0.0, 0.05223, 0.28195, 0.08918, 0.09867, 0.1576, 0.1189], [0.00424, 0.16276, 0.05223, 0.0, 0.26108, 0.13867, 0.14767, 0.11002, 0.06876], [0.25905, 0.31157, 0.28195, 0.26108, 0.0, 0.30658, 0.30833, 0.19686, 0.22468], [0.14254, 0.02647, 0.08918, 0.13867, 0.30658, 0.0, 0.00981, 0.23089, 0.19841], [0.1515, 0.01667, 0.09867, 0.14767, 0.30833, 0.00981, 0.0, 0.23814, 0.20644], [0.10603, 0.25014, 0.1576, 0.11002, 0.19686, 0.23089, 0.23814, 0.0, 0.04303], [0.06461, 0.21981, 0.1189, 0.06876, 0.22468, 0.19841, 0.20644, 0.04303, 0.0]], "adj_matrix_2": [[0.0, 0.15115, 0.17234, 0.18638, 0.12774, 0.20501, 0.07183, 0.11556, 0.1987], [0.15115, 0.0, 0.24498, 0.24519, 0.02733, 0.23851, 0.08635, 0.22658, 0.24134], [0.17234, 0.24498, 0.0, 0.02468, 0.23722, 0.06882, 0.21305, 0.0741, 0.052], [0.18638, 0.24519, 0.02468, 0.0, 0.23966, 0.04518, 0.2209, 0.09658, 0.02794], [0.12774, 0.02733, 0.23722, 0.23966, 0.0, 0.23689, 0.06002, 0.21195, 0.23823], [0.20501, 0.23851, 0.06882, 0.04518, 0.23689, 0.0, 0.22727, 0.13351, 0.01738], [0.07183, 0.08635, 0.21305, 0.2209, 0.06002, 0.22727, 0.0, 0.17351, 0.22647], [0.11556, 0.22658, 0.0741, 0.09658, 0.21195, 0.13351, 0.17351, 0.0, 0.12032], [0.1987, 0.24134, 0.052, 0.02794, 0.23823, 0.01738, 0.22647, 0.12032, 0.0]], "features_1": [[0.2876699494462085, 1.3501302721866382, 0.0, 0.20171490415284465, 0.6440013241301098, 0.12216053834232528, 0.3887880943493414, 0.6888630015476662, 0.3553719662500594, 0.2725913789124099, 0.00716927026363523, 0.5993992528035146, 0.6409568816114266, 0.6685120138802142, 0.7790283826037504, 0.7052658745075626, 0.5928804619947945], [0.1285095100267153, 1.1172750306823198, 0.0, 0.2187485812362325, 0.5946420473167461, 0.12515143342859514, 0.39055528113374793, 0.6864376396760146, 0.3748776109703873, 0.24025580984828254, 0.007671947615560004, 0.6146909436369135, 0.652678559139602, 0.6688246451136473, 0.7812173952909955, 0.7132631272014265, 0.5931341237276874], [0.31965150240923323, 1.3410919789225801, 0.0, 0.21751979052017625, 0.646878537087446, 0.11891175610464949, 0.3656486892700535, 0.6901025686636697, 0.3320410113294321, 0.26354665339307193, 0.007281081678807366, 0.5955601621832267, 0.6401187656070388, 0.6466625387378225, 0.7667577447744186, 0.7066588915919103, 0.582864673204432], [0.24771298619247517, 1.3085446839168444, 0.0, 0.21594994431445846, 0.6379203551043854, 0.12096555163110374, 0.37838284091083735, 0.68926740774178, 0.3373757762307419, 0.26189756448734314, 0.0066653709969386465, 0.5970368146693517, 0.6323930079929523, 0.6660787612383141, 0.771778676574743, 0.6968312868736224, 0.58677526777765], [0.3982632784479323, 1.1626274272142731, 0.0, 0.26621011734359706, 0.6079402453825787, 0.1263619502969731, 0.7372123512009587, 0.6882714524329037, 0.34913487299800283, 0.2413195734308764, 0.006889477554966383, 0.587552243950054, 0.6458300667925537, 0.6780580648749858, 0.7854230901183742, 0.7200629331820079, 0.5827278538795766], [0.04330422582031668, 1.2445192392032722, 0.0, 0.20608978046398038, 0.6337704165810046, 0.11769490119127153, 0.4434854924995456, 0.6910808762720546, 0.3183247353088954, 0.24673828583066926, 0.00711334193318236, 0.6094121026451571, 0.6651999572011978, 0.6694009405017521, 0.7697275077945868, 0.6808341283880304, 0.5782159130135145], [-0.06332447891482218, 1.2862749633667223, 0.0, 0.226499700023422, 0.6268126053594526, 0.12556967803212826, 0.33779733544213925, 0.685937481613639, 0.3498488091332781, 0.2642174729383926, 0.00677745458930179, 0.6106655058552812, 0.6403938194038485, 0.6506445071166672, 0.7746465314770234, 0.7058684986040049, 0.569113185820225], [-0.04250568365510965, 1.3700921631617518, 0.0, 0.22689341390380965, 0.6504288138050511, 0.12028622969283051, 0.4581254000498859, 0.6896499272014687, 0.30988561419408023, 0.26741212973275474, 0.00655322669591385, 0.5950341172238718, 0.643328094454323, 0.6525321655316163, 0.7639778470721875, 0.6942406832142366, 0.5718296415481637], [0.43320588057551523, 1.353481107915234, 0.0, 0.24620626526299016, 0.6538695324499674, 0.11749846928363189, 0.5177486100045179, 0.6908720404182048, 0.3082600744758528, 0.25845726870707453, 0.006889477554966383, 0.5891498171685345, 0.6453777849234824, 0.649442746325216, 0.7527047797698062, 0.6841260090235467, 0.5764225986128231]], "features_2": [[0.31710715736134665, 1.1348303618302364, 0.0, 0.275538923818463, 0.5816981570162316, 0.1369199696025846, 0.27139547250118595, 0.6730353045248918, 0.4428875231992708, 0.26006422629837145, 0.008507047823598457, 0.6107775286594874, 0.6442952186409219, 0.6813214205624818, 0.7960165465133484, 0.717924228015831, 0.6270676998298851], [0.7174045275221403, 0.8907692989717528, 0.0, 0.2707503374751409, 0.5206560952289847, 0.13760229305490018, 0.3137618857474628, 0.6727510943479362, 0.4599328448859563, 0.2119098645745252, 0.008173410423425675, 0.6084162994855382, 0.6466752887284348, 0.6835491012676442, 0.8053968425313996, 0.7230950769397587, 0.6300221089323358], [1.250206686029073, 1.092591411994646, 0.0, 0.28510526470004227, 0.5784572308926921, 0.13209573759205961, 0.27773302840959246, 0.6774950140948167, 0.4271765274754784, 0.23985600049839562, 0.008062078829516484, 0.5832618737793096, 0.6217552723698959, 0.6413504363865971, 0.7873689414817782, 0.728045609464192, 0.6184038843528201], [0.9739159274227909, 1.1985904767620228, 0.0, 0.33931917964822317, 0.6016096208794689, 0.13175438840890913, 0.2810047614574934, 0.6786537720869157, 0.4226465370590897, 0.26043707090552615, 0.00783923647221818, 0.59156466450045, 0.6353804744483947, 0.6475580245929615, 0.7865465549365592, 0.7126834103284041, 0.6098980046187604], [0.7868725631328579, 0.8941621502451831, 0.0, 0.3044103567459954, 0.524599207495337, 0.1369518815171844, 0.35373493558359714, 0.6753601667810847, 0.45145912075963035, 0.21094036844344988, 0.008618141428105908, 0.5998644830213848, 0.6554908862131771, 0.6687302875311993, 0.809844739187933, 0.7182998165498825, 0.6285870515338144], [1.90887631149974, 1.141747840672332, 0.0, 0.35002881837889166, 0.5975544115994533, 0.12819453403959627, 0.3317683716579388, 0.6831587274731423, 0.41304941428415587, 0.24194709694459138, 0.007616154688146137, 0.5661082299615172, 0.6206299753758943, 0.6583564092519519, 0.7846487700130877, 0.7155102962354957, 0.6018537084807319], [0.6013989978346026, 1.3609158605867666, 0.0, 0.3132178008317391, 0.6507800946082181, 0.12050739088763837, 0.3957269747942824, 0.6893361429972976, 0.3512017226098434, 0.26899750132797595, 0.007057398507269275, 0.5942286982394969, 0.6460086674542044, 0.6628527017523504, 0.7710735630861959, 0.6860262709863924, 0.5530765761241951], [1.7785062128472164, 1.4380929599943661, 0.0, 0.33224629974150544, 0.6758405412604357, 0.11433249462205519, 0.5260908736135527, 0.69238556645472, 0.3360638071428712, 0.2614334321241032, 0.007392832833969631, 0.5597552339864484, 0.6389775315831635, 0.6129444916753503, 0.7641678501926883, 0.7031954271878816, 0.5086744598116147], [2.01951069370591, 1.6719560675065566, 0.0, 0.347758564183049, 0.7203236354061472, 0.10606090390567667, 0.5440198125348644, 0.6931120616693355, 0.2955502636259586, 0.27864423760392043, 0.006328755639155359, 0.5512452540994739, 0.6119109727149769, 0.603727409724765, 0.7417329766633287, 0.6778701421204387, 0.4565683660605996]]}