{"labels_1": ["1", "2", "3", "4", "5", "6", "7", "8", "9"], "labels_2": ["1", "2", "3", "4", "5", "6", "7", "8", "9"], "adj_matrix_1": [[0.0, 0.16648, 0.05642, 0.00424, 0.25905, 0.14254, 0.1515, 0.10603, 0.06461], [0.16648, 0.0, 0.11462, 0.16276, 0.31157, 0.02647, 0.01667, 0.25014, 0.21981], [0.05642, 0.11462, 0.0, 0.05223, 0.28195, 0.08918, 0.09867, 0.1576, 0.1189], [0.00424, 0.16276, 0.05223, 0.0, 0.26108, 0.13867, 0.14767, 0.11002, 0.06876], [0.25905, 0.31157, 0.28195, 0.26108, 0.0, 0.30658, 0.30833, 0.19686, 0.22468], [0.14254, 0.02647, 0.08918, 0.13867, 0.30658, 0.0, 0.00981, 0.23089, 0.19841], [0.1515, 0.01667, 0.09867, 0.14767, 0.30833, 0.00981, 0.0, 0.23814, 0.20644], [0.10603, 0.25014, 0.1576, 0.11002, 0.19686, 0.23089, 0.23814, 0.0, 0.04303], [0.06461, 0.21981, 0.1189, 0.06876, 0.22468, 0.19841, 0.20644, 0.04303, 0.0]], "adj_matrix_2": [[0.0, 0.00104, 0.22666, 0.21877, 0.08994, 0.04105, 0.28168, 0.32165, 0.05875], [0.00104, 0.0, 0.22727, 0.21929, 0.08896, 0.04206, 0.28046, 0.3207, 0.0576], [0.22666, 0.22727, 0.0, 0.01864, 0.26195, 0.20445, 0.28175, 0.27636, 0.25075], [0.21877, 0.21929, 0.01864, 0.0, 0.25937, 0.19412, 0.29094, 0.28765, 0.24665], [0.08994, 0.08896, 0.26195, 0.25937, 0.0, 0.12803, 0.22302, 0.27672, 0.03204], [0.04105, 0.04206, 0.20445, 0.19412, 0.12803, 0.0, 0.2999, 0.33288, 0.09823], [0.28168, 0.28046, 0.28175, 0.29094, 0.22302, 0.2999, 0.0, 0.07171, 0.24687], [0.32165, 0.3207, 0.27636, 0.28765, 0.27672, 0.33288, 0.07171, 0.0, 0.29592], [0.05875, 0.0576, 0.25075, 0.24665, 0.03204, 0.09823, 0.24687, 0.29592, 0.0]], "features_1": [[0.2876699494462085, 1.3501302721866382, 0.0, 0.20171490415284465, 0.6440013241301098, 0.12216053834232528, 0.3887880943493414, 0.6888630015476662, 0.3553719662500594, 0.2725913789124099, 0.00716927026363523, 0.5993992528035146, 0.6409568816114266, 0.6685120138802142, 0.7790283826037504, 0.7052658745075626, 0.5928804619947945], [0.1285095100267153, 1.1172750306823198, 0.0, 0.2187485812362325, 0.5946420473167461, 0.12515143342859514, 0.39055528113374793, 0.6864376396760146, 0.3748776109703873, 0.24025580984828254, 0.007671947615560004, 0.6146909436369135, 0.652678559139602, 0.6688246451136473, 0.7812173952909955, 0.7132631272014265, 0.5931341237276874], [0.31965150240923323, 1.3410919789225801, 0.0, 0.21751979052017625, 0.646878537087446, 0.11891175610464949, 0.3656486892700535, 0.6901025686636697, 0.3320410113294321, 0.26354665339307193, 0.007281081678807366, 0.5955601621832267, 0.6401187656070388, 0.6466625387378225, 0.7667577447744186, 0.7066588915919103, 0.582864673204432], [0.24771298619247517, 1.3085446839168444, 0.0, 0.21594994431445846, 0.6379203551043854, 0.12096555163110374, 0.37838284091083735, 0.68926740774178, 0.3373757762307419, 0.26189756448734314, 0.0066653709969386465, 0.5970368146693517, 0.6323930079929523, 0.6660787612383141, 0.771778676574743, 0.6968312868736224, 0.58677526777765], [0.3982632784479323, 1.1626274272142731, 0.0, 0.26621011734359706, 0.6079402453825787, 0.1263619502969731, 0.7372123512009587, 0.6882714524329037, 0.34913487299800283, 0.2413195734308764, 0.006889477554966383, 0.587552243950054, 0.6458300667925537, 0.6780580648749858, 0.7854230901183742, 0.7200629331820079, 0.5827278538795766], [0.04330422582031668, 1.2445192392032722, 0.0, 0.20608978046398038, 0.6337704165810046, 0.11769490119127153, 0.4434854924995456, 0.6910808762720546, 0.3183247353088954, 0.24673828583066926, 0.00711334193318236, 0.6094121026451571, 0.6651999572011978, 0.6694009405017521, 0.7697275077945868, 0.6808341283880304, 0.5782159130135145], [-0.06332447891482218, 1.2862749633667223, 0.0, 0.226499700023422, 0.6268126053594526, 0.12556967803212826, 0.33779733544213925, 0.685937481613639, 0.3498488091332781, 0.2642174729383926, 0.00677745458930179, 0.6106655058552812, 0.6403938194038485, 0.6506445071166672, 0.7746465314770234, 0.7058684986040049, 0.569113185820225], [-0.04250568365510965, 1.3700921631617518, 0.0, 0.22689341390380965, 0.6504288138050511, 0.12028622969283051, 0.4581254000498859, 0.6896499272014687, 0.30988561419408023, 0.26741212973275474, 0.00655322669591385, 0.5950341172238718, 0.643328094454323, 0.6525321655316163, 0.7639778470721875, 0.6942406832142366, 0.5718296415481637], [0.43320588057551523, 1.353481107915234, 0.0, 0.24620626526299016, 0.6538695324499674, 0.11749846928363189, 0.5177486100045179, 0.6908720404182048, 0.3082600744758528, 0.25845726870707453, 0.006889477554966383, 0.5891498171685345, 0.6453777849234824, 0.649442746325216, 0.7527047797698062, 0.6841260090235467, 0.5764225986128231]], "features_2": [[0.25488576825772347, 1.2177310969652977, 0.0, 0.2265962962177033, 0.5958816307122408, 0.13208659344538937, 0.24301562374860666, 0.6770090869429328, 0.40451253226758555, 0.26667940471372176, 0.007671947615560004, 0.6084456497912392, 0.6245345113051397, 0.6523739207956606, 0.7775037356124946, 0.6942708453256511, 0.5972801399212316], [0.33030420924680026, 0.9778828288629743, 0.0, 0.2529753095982177, 0.5452762709441821, 0.1341115429269328, 0.27521113181935275, 0.6750741005863882, 0.43528093583127037, 0.22746658855678814, 0.00822905385914674, 0.6057446902301105, 0.641604569885563, 0.6628827794287349, 0.7864497992512346, 0.6960042384179596, 0.6132960019656573], [0.9401680573861921, 1.1904205347467007, 0.0, 0.2872186665512558, 0.5948938588817897, 0.1300535397863215, 0.2548508928332126, 0.6793408396385561, 0.4056429642190025, 0.25548927218589523, 0.008006390651371653, 0.5838317542581002, 0.6190470346138175, 0.6445055479600506, 0.7734951990104004, 0.6853258833114442, 0.5973825495322608], [0.774880095575877, 1.2970059505450489, 0.0, 0.2554384305484122, 0.6163116508268818, 0.12901088533573907, 0.26833406575052265, 0.6805751589051904, 0.3938013370729305, 0.2707056927806142, 0.007783488497544067, 0.5912262657574052, 0.6362046859235434, 0.6579071250527508, 0.7709460050469092, 0.6865479471817325, 0.5884880823356722], [0.6656386671734817, 1.014122100093484, 0.0, 0.2389936422516927, 0.564856696161067, 0.1312392867102076, 0.36641659133850907, 0.6813873309412516, 0.4253579278854609, 0.22539917811863752, 0.007894969482732161, 0.6038379134358101, 0.6430117830162619, 0.6616197264000722, 0.7952326251288874, 0.7071886255156487, 0.6104809183088354], [0.8201336260559566, 1.222016275367763, 0.0, 0.2775953646700469, 0.6142518092077567, 0.12562316138637983, 0.39228047830287666, 0.6856622812854427, 0.39069841386369686, 0.2529150918361258, 0.007448685839370306, 0.5893085173780803, 0.6319917986751049, 0.650905968885849, 0.7777702193692129, 0.6981344506550601, 0.5854284113897116], [0.6176386499972173, 1.5288286446979826, 0.0, 0.2427659051641788, 0.679598870640644, 0.11876425932160589, 0.7690573933062069, 0.6910565316275834, 0.31906219905831534, 0.2784368133557902, 0.006889477554966383, 0.5974796440153396, 0.6356723093881492, 0.6330440637103393, 0.7595849811911872, 0.6856267066461044, 0.5243507154007803], [0.03839282800811761, 1.3532396781054017, 0.0, 0.2599424700994378, 0.659508346876729, 0.11311357767754361, 0.5900608577873327, 0.6924487406363885, 0.3189587033790331, 0.2559927700307498, 0.006328755639155359, 0.6084088621715851, 0.6542501314387954, 0.6606586057140746, 0.7593278237609971, 0.7059924353450886, 0.4988507404314809], [0.2695010577312331, 1.5240196793829108, 0.0, 0.2677741068875573, 0.6917532792947165, 0.11181469218295112, 0.8840012780741773, 0.6929924251768416, 0.30527240140061473, 0.27534607893921503, 0.00655322669591385, 0.5861108618076045, 0.6348069220009698, 0.6349153660292919, 0.7483588532574257, 0.6903622627988697, 0.46954250916089063]]}