{"labels_1": ["1", "2", "3", "4", "5", "6", "7", "8", "9"], "labels_2": ["1", "2", "3", "4", "5", "6", "7", "8", "9"], "adj_matrix_1": [[0.0, 0.12177, 0.08934, 0.08596, 0.01762, 0.18153, 0.08737, 0.25195, 0.19568], [0.12177, 0.0, 0.03435, 0.19533, 0.13774, 0.26047, 0.19638, 0.26613, 0.26702], [0.08934, 0.03435, 0.0, 0.16748, 0.10597, 0.24185, 0.1687, 0.26497, 0.25089], [0.08596, 0.19533, 0.16748, 0.0, 0.06896, 0.10844, 0.0015, 0.22319, 0.12671], [0.01762, 0.13774, 0.10597, 0.06896, 0.0, 0.1679, 0.07036, 0.24714, 0.18245], [0.18153, 0.26047, 0.24185, 0.10844, 0.1679, 0.0, 0.107, 0.15822, 0.02099], [0.08737, 0.19638, 0.1687, 0.0015, 0.07036, 0.107, 0.0, 0.22268, 0.12559], [0.25195, 0.26613, 0.26497, 0.22319, 0.24714, 0.15822, 0.22268, 0.0, 0.14245], [0.19568, 0.26702, 0.25089, 0.12671, 0.18245, 0.02099, 0.12559, 0.14245, 0.0]], "adj_matrix_2": [[0.0, 0.23983, 0.00228, 0.13483, 0.03535, 0.17534, 0.16053, 0.23157, 0.28613], [0.23983, 0.0, 0.2388, 0.2737, 0.22461, 0.27761, 0.27395, 0.27764, 0.27126], [0.00228, 0.2388, 0.0, 0.13689, 0.03309, 0.17724, 0.16254, 0.23319, 0.2874], [0.13483, 0.2737, 0.13689, 0.0, 0.16538, 0.04611, 0.02958, 0.1151, 0.18886], [0.03535, 0.22461, 0.03309, 0.16538, 0.0, 0.20309, 0.18898, 0.25417, 0.30214], [0.17534, 0.27761, 0.17724, 0.04611, 0.20309, 0.0, 0.01655, 0.07055, 0.148], [0.16053, 0.27395, 0.16254, 0.02958, 0.18898, 0.01655, 0.0, 0.08664, 0.16308], [0.23157, 0.27764, 0.23319, 0.1151, 0.25417, 0.07055, 0.08664, 0.0, 0.0806], [0.28613, 0.27126, 0.2874, 0.18886, 0.30214, 0.148, 0.16308, 0.0806, 0.0]], "features_1": [[0.27312326649151597, 1.2333242577330894, 0.0, 0.31039287445972424, 0.619038022103535, 0.12670949076376326, 0.4320439175498102, 0.6865761254428144, 0.37507029755113597, 0.2582490233118777, 0.007616154688146137, 0.5971561693862364, 0.6527872038532414, 0.6847450582106663, 0.7869705021921207, 0.702821495003796, 0.6197602286037591], [0.12621846429780703, 1.0759397932897243, 0.0, 0.3047395266524646, 0.5805710305078338, 0.129875757707636, 0.3356650762202378, 0.6825886914567465, 0.3934696250122889, 0.23687647293644032, 0.007616154688146137, 0.6075820794999927, 0.6519029860365209, 0.6714119878218656, 0.7882466626429117, 0.7093726099526597, 0.6111198812951604], [0.2280538530374039, 1.2179967991447307, 0.0, 0.301534200480323, 0.6162097177585144, 0.1262353693142855, 0.2977391666692661, 0.6853244239909909, 0.3791480302984842, 0.2532705150699215, 0.007504523810135222, 0.6002313505699854, 0.6379080262650433, 0.6442366957779083, 0.7772888433453519, 0.6918109972900555, 0.604941768408514], [0.4448572235245045, 1.2618046701746841, 0.0, 0.3049541729388703, 0.6268370073371533, 0.12420286349696646, 0.41058333203656333, 0.6877476532765452, 0.36586113692510325, 0.2551465305856664, 0.007616154688146137, 0.5938481773949582, 0.6287243338967532, 0.6209163954530982, 0.7766718546346659, 0.71525576762419, 0.606854795826126], [0.06340426848640002, 1.0399841084990833, 0.0, 0.3029388755341579, 0.5772417135102186, 0.1302700591528787, 0.4197221898805097, 0.6836582310666849, 0.3918096946747396, 0.22890360161596512, 0.007281081678807366, 0.6086727092007918, 0.678775117326784, 0.6929524575528068, 0.7946690167311901, 0.7098246581640251, 0.6141941892959084], [0.23567252006041128, 1.223514006216023, 0.0, 0.2878566485750428, 0.6259546908357164, 0.1215224416470699, 0.3696137312557582, 0.6887679873715875, 0.347453280989686, 0.24768023401877137, 0.007057398507269275, 0.5933381987071189, 0.6509438872636139, 0.6582864231453853, 0.7702284070358234, 0.698805059437493, 0.5913683239032907], [0.785191215946349, 1.4123066659786176, 0.0, 0.29480117059360655, 0.658223752459366, 0.11939323134513875, 0.4755811138686177, 0.6901960686074669, 0.3344463276608809, 0.27094837977959485, 0.007392832833969631, 0.5777846497672185, 0.6366225545549954, 0.6438615376240284, 0.760677133446738, 0.6919547345908154, 0.5622417424776643], [0.8132437151267453, 1.712767691760986, 0.0, 0.27445958587997515, 0.7215114886659463, 0.11018359405618948, 0.6316178892067406, 0.6929951236464109, 0.27647262147955876, 0.29341625394534265, 0.006160242374180447, 0.5555904769498978, 0.6407949634459243, 0.641915670503908, 0.7408994349969407, 0.6793215774554778, 0.5408126640850557], [0.9006383985000728, 1.8811178607062709, 0.0, 0.2741435252666733, 0.7483409943295541, 0.10555404765097645, 0.6877013479478308, 0.6930799677518121, 0.24762728582663707, 0.3028795811802003, 0.005597537371453631, 0.5707670291448612, 0.6199796955601713, 0.6237681341309481, 0.723949808950569, 0.6342057733728292, 0.518501577185781]], "features_2": [[0.05728419150825692, 1.2782855521410583, 0.0, 0.17411680584317396, 0.616682055943297, 0.1331295748015814, 0.3052322414573325, 0.6791536533284506, 0.3870793836717865, 0.2779870527914696, 0.007560346756364078, 0.6186956875971057, 0.6626516960729937, 0.6743142322268532, 0.7931241675069914, 0.7200074100540581, 0.6195311008681967], [0.38173956581389, 1.0487911193570012, 0.0, 0.19489113127951288, 0.571501251982522, 0.1343690609143627, 0.3906545759314504, 0.6781615523564118, 0.3970496866502977, 0.23605228365724829, 0.007671947615560004, 0.5990122379240446, 0.658115621192236, 0.6891741398695058, 0.793947064175079, 0.7083861385269046, 0.619998139827434], [0.30557899414872347, 1.324216459275904, 0.0, 0.21556013792923676, 0.6278186203367869, 0.13087495948700095, 0.2965860380348886, 0.6804985467201967, 0.3910397580593026, 0.2829853339061026, 0.007671947615560004, 0.6155749483093125, 0.6418134783662145, 0.6690616898521019, 0.7827346557819224, 0.6828065292073972, 0.6086375958205322], [0.254371177604515, 1.4055027499854167, 0.0, 0.22110172576600345, 0.6406415470807414, 0.1318312052825583, 0.3189474131805973, 0.6796709825774588, 0.39590920851512457, 0.2967760035443765, 0.007894969482732161, 0.6182764690788876, 0.643896953916761, 0.6702339657293174, 0.7837082982014569, 0.7010132826704066, 0.6083986860197572], [-0.06790750858151284, 1.1624908266663716, 0.0, 0.22303440850088152, 0.6069163784875924, 0.1275406664967988, 0.5378476697463199, 0.6857616365790447, 0.3786178628339747, 0.25050600894016073, 0.007448685839370306, 0.6104349498550699, 0.671811698612447, 0.701929617783581, 0.7887625282701253, 0.7050145310173564, 0.6034935307175805], [0.1996142264142482, 1.360858143351922, 0.0, 0.2429118318996155, 0.6423161096550316, 0.1282358504329127, 0.4619309640457686, 0.6843716489085081, 0.38935530049775013, 0.28291125214558677, 0.007783488497544067, 0.6128234907068557, 0.6426469736174617, 0.6493361063521721, 0.7820663508778993, 0.7007669647707955, 0.606899989463591], [0.2615748421732298, 1.8213548415095686, 0.0, 0.24205730680287812, 0.7184396763270494, 0.11910126731162629, 0.5442106824997005, 0.6906496159313438, 0.3283861845629139, 0.3294539214177523, 0.006889477554966383, 0.6007894459144023, 0.6543401043467842, 0.6494406061364301, 0.7706421721803752, 0.7093180176468284, 0.5238416041168261], [0.024706986747221382, 1.4133954871991652, 0.0, 0.23287207396452136, 0.675628422788776, 0.11381122642672237, 0.8060680154137337, 0.6927045279951022, 0.30186322088724893, 0.2637544036146513, 0.0064410216040902135, 0.5968489689739713, 0.6575431080964327, 0.6592967185539438, 0.7624228798346131, 0.7018213449720888, 0.5276513268088152], [-0.017081882246575475, 1.5372482320557501, 0.0, 0.24041973486034607, 0.6965650929499204, 0.11033563143359813, 0.8857120861428605, 0.693074841367409, 0.2852687048844933, 0.2777170930348458, 0.006328755639155359, 0.5977633142132293, 0.6470334143094457, 0.6575778709827766, 0.7468888967758328, 0.6772803414580212, 0.5149665050014623]]}