{"labels_1": ["1", "2", "3", "4", "5", "6", "7", "8", "9"], "labels_2": ["1", "2", "3", "4", "5", "6", "7", "8", "9"], "adj_matrix_1": [[0.0, 0.16648, 0.05642, 0.00424, 0.25905, 0.14254, 0.1515, 0.10603, 0.06461], [0.16648, 0.0, 0.11462, 0.16276, 0.31157, 0.02647, 0.01667, 0.25014, 0.21981], [0.05642, 0.11462, 0.0, 0.05223, 0.28195, 0.08918, 0.09867, 0.1576, 0.1189], [0.00424, 0.16276, 0.05223, 0.0, 0.26108, 0.13867, 0.14767, 0.11002, 0.06876], [0.25905, 0.31157, 0.28195, 0.26108, 0.0, 0.30658, 0.30833, 0.19686, 0.22468], [0.14254, 0.02647, 0.08918, 0.13867, 0.30658, 0.0, 0.00981, 0.23089, 0.19841], [0.1515, 0.01667, 0.09867, 0.14767, 0.30833, 0.00981, 0.0, 0.23814, 0.20644], [0.10603, 0.25014, 0.1576, 0.11002, 0.19686, 0.23089, 0.23814, 0.0, 0.04303], [0.06461, 0.21981, 0.1189, 0.06876, 0.22468, 0.19841, 0.20644, 0.04303, 0.0]], "adj_matrix_2": [[0.0, 0.21168, 0.18785, 0.176, 0.20656, 0.35085, 0.21961, 0.35315, 0.268], [0.21168, 0.0, 0.02775, 0.04101, 0.00605, 0.27803, 0.25531, 0.23792, 0.07177], [0.18785, 0.02775, 0.0, 0.01333, 0.02171, 0.29131, 0.25192, 0.25687, 0.09883], [0.176, 0.04101, 0.01333, 0.0, 0.03499, 0.29716, 0.25009, 0.26542, 0.11161], [0.20656, 0.00605, 0.02171, 0.03499, 0.0, 0.28107, 0.25467, 0.2421, 0.07767], [0.35085, 0.27803, 0.29131, 0.29716, 0.28107, 0.0, 0.2024, 0.07576, 0.23509], [0.21961, 0.25531, 0.25192, 0.25009, 0.25467, 0.2024, 0.0, 0.23413, 0.25812], [0.35315, 0.23792, 0.25687, 0.26542, 0.2421, 0.07576, 0.23413, 0.0, 0.18327], [0.268, 0.07177, 0.09883, 0.11161, 0.07767, 0.23509, 0.25812, 0.18327, 0.0]], "features_1": [[0.2876699494462085, 1.3501302721866382, 0.0, 0.20171490415284465, 0.6440013241301098, 0.12216053834232528, 0.3887880943493414, 0.6888630015476662, 0.3553719662500594, 0.2725913789124099, 0.00716927026363523, 0.5993992528035146, 0.6409568816114266, 0.6685120138802142, 0.7790283826037504, 0.7052658745075626, 0.5928804619947945], [0.1285095100267153, 1.1172750306823198, 0.0, 0.2187485812362325, 0.5946420473167461, 0.12515143342859514, 0.39055528113374793, 0.6864376396760146, 0.3748776109703873, 0.24025580984828254, 0.007671947615560004, 0.6146909436369135, 0.652678559139602, 0.6688246451136473, 0.7812173952909955, 0.7132631272014265, 0.5931341237276874], [0.31965150240923323, 1.3410919789225801, 0.0, 0.21751979052017625, 0.646878537087446, 0.11891175610464949, 0.3656486892700535, 0.6901025686636697, 0.3320410113294321, 0.26354665339307193, 0.007281081678807366, 0.5955601621832267, 0.6401187656070388, 0.6466625387378225, 0.7667577447744186, 0.7066588915919103, 0.582864673204432], [0.24771298619247517, 1.3085446839168444, 0.0, 0.21594994431445846, 0.6379203551043854, 0.12096555163110374, 0.37838284091083735, 0.68926740774178, 0.3373757762307419, 0.26189756448734314, 0.0066653709969386465, 0.5970368146693517, 0.6323930079929523, 0.6660787612383141, 0.771778676574743, 0.6968312868736224, 0.58677526777765], [0.3982632784479323, 1.1626274272142731, 0.0, 0.26621011734359706, 0.6079402453825787, 0.1263619502969731, 0.7372123512009587, 0.6882714524329037, 0.34913487299800283, 0.2413195734308764, 0.006889477554966383, 0.587552243950054, 0.6458300667925537, 0.6780580648749858, 0.7854230901183742, 0.7200629331820079, 0.5827278538795766], [0.04330422582031668, 1.2445192392032722, 0.0, 0.20608978046398038, 0.6337704165810046, 0.11769490119127153, 0.4434854924995456, 0.6910808762720546, 0.3183247353088954, 0.24673828583066926, 0.00711334193318236, 0.6094121026451571, 0.6651999572011978, 0.6694009405017521, 0.7697275077945868, 0.6808341283880304, 0.5782159130135145], [-0.06332447891482218, 1.2862749633667223, 0.0, 0.226499700023422, 0.6268126053594526, 0.12556967803212826, 0.33779733544213925, 0.685937481613639, 0.3498488091332781, 0.2642174729383926, 0.00677745458930179, 0.6106655058552812, 0.6403938194038485, 0.6506445071166672, 0.7746465314770234, 0.7058684986040049, 0.569113185820225], [-0.04250568365510965, 1.3700921631617518, 0.0, 0.22689341390380965, 0.6504288138050511, 0.12028622969283051, 0.4581254000498859, 0.6896499272014687, 0.30988561419408023, 0.26741212973275474, 0.00655322669591385, 0.5950341172238718, 0.643328094454323, 0.6525321655316163, 0.7639778470721875, 0.6942406832142366, 0.5718296415481637], [0.43320588057551523, 1.353481107915234, 0.0, 0.24620626526299016, 0.6538695324499674, 0.11749846928363189, 0.5177486100045179, 0.6908720404182048, 0.3082600744758528, 0.25845726870707453, 0.006889477554966383, 0.5891498171685345, 0.6453777849234824, 0.649442746325216, 0.7527047797698062, 0.6841260090235467, 0.5764225986128231]], "features_2": [[-0.1089706985222052, 1.201531752998439, 0.0, 0.24206241042444765, 0.6017128638833796, 0.13195494320933554, 0.28211785761714836, 0.6801061472413603, 0.3870272570755824, 0.2614290878153529, 0.007560346756364078, 0.6317960770944668, 0.6606596673035754, 0.6686131647059854, 0.7870966690121376, 0.7225997775675722, 0.5904052253344175], [-0.011349746065589361, 1.0089542998255254, 0.0, 0.2584727293285875, 0.5580109621598484, 0.1349405208736247, 0.24272908035680701, 0.6765746568378372, 0.4047977783168406, 0.23258006087798933, 0.007783488497544067, 0.6246375996808955, 0.6569520936639193, 0.6767156574005926, 0.7932248586229568, 0.7167274490009911, 0.608317028442928], [-0.06545196536684106, 1.1915443604426017, 0.0, 0.24156788303747273, 0.6012187079120249, 0.13185795592127714, 0.23583948296760654, 0.6794764874866639, 0.38698448109172046, 0.2587574636237955, 0.007504523810135222, 0.6146889750203075, 0.6461149404716445, 0.6571458099262397, 0.7829903063064179, 0.7201854464465859, 0.590870113590612], [-0.019439221347071545, 1.2485580151005309, 0.0, 0.24978433004776054, 0.616793751976671, 0.12924889137251022, 0.2936519304714551, 0.6828202983396454, 0.3827939782789471, 0.26683987385679875, 0.007616154688146137, 0.6129372102851147, 0.6477581578820528, 0.6763049520414134, 0.7835041532605089, 0.7055443098175881, 0.5807377850165497], [0.41258598231847854, 1.0077194260273776, 0.0, 0.28179593564978694, 0.5602464405592511, 0.13489253196368242, 0.2755317013217464, 0.6777648131171302, 0.4112356498639227, 0.22991699180150182, 0.007448685839370306, 0.6142604423989879, 0.6687184942992815, 0.686266419467723, 0.7974385528389099, 0.741784893594006, 0.6148345583425044], [0.19536661882564088, 1.1879133253836227, 0.0, 0.2596870763272605, 0.6112956065042643, 0.1269222271402099, 0.36766861917158095, 0.6855846581444219, 0.35770623491204545, 0.2499159624404339, 0.007448685839370306, 0.5935777109262101, 0.6567391245088068, 0.6746362950252417, 0.7839313931375189, 0.7012622375367236, 0.5786422609802353], [0.36034450656567385, 1.2461530330767787, 0.0, 0.30064475076537156, 0.6258564633438144, 0.1254359699751934, 0.37505619434928833, 0.6864264823566619, 0.36581452700706807, 0.2593950328804344, 0.00711334193318236, 0.5933809906371299, 0.6497748872509761, 0.6602714232580357, 0.7767986470159564, 0.7107709390200885, 0.5779319701733792], [0.3531478116312581, 1.5762648845983709, 0.0, 0.24849395574744162, 0.7112824662978309, 0.10541625224117487, 0.6255084173827932, 0.6930411613841019, 0.2480745159547515, 0.26610415166813994, 0.005710201030130202, 0.5704117863082692, 0.6236798530665215, 0.6133287635680714, 0.7412177424475236, 0.6753319495530399, 0.5037206931157387], [0.11322148798838727, 1.716235981114755, 0.0, 0.2431118512005087, 0.7307519547945573, 0.10568887777613817, 0.6688671080676081, 0.6930548911151112, 0.2533272280207659, 0.28699690905176145, 0.006047823865199753, 0.57630449869708, 0.6332638103012154, 0.642236759668852, 0.7388748952954817, 0.6702518766060069, 0.49155341280476106]]}