{"labels_1": ["1", "2", "3", "4", "5", "6", "7", "8", "9"], "labels_2": ["1", "2", "3", "4", "5", "6", "7", "8", "9"], "adj_matrix_1": [[0.0, 0.16648, 0.05642, 0.00424, 0.25905, 0.14254, 0.1515, 0.10603, 0.06461], [0.16648, 0.0, 0.11462, 0.16276, 0.31157, 0.02647, 0.01667, 0.25014, 0.21981], [0.05642, 0.11462, 0.0, 0.05223, 0.28195, 0.08918, 0.09867, 0.1576, 0.1189], [0.00424, 0.16276, 0.05223, 0.0, 0.26108, 0.13867, 0.14767, 0.11002, 0.06876], [0.25905, 0.31157, 0.28195, 0.26108, 0.0, 0.30658, 0.30833, 0.19686, 0.22468], [0.14254, 0.02647, 0.08918, 0.13867, 0.30658, 0.0, 0.00981, 0.23089, 0.19841], [0.1515, 0.01667, 0.09867, 0.14767, 0.30833, 0.00981, 0.0, 0.23814, 0.20644], [0.10603, 0.25014, 0.1576, 0.11002, 0.19686, 0.23089, 0.23814, 0.0, 0.04303], [0.06461, 0.21981, 0.1189, 0.06876, 0.22468, 0.19841, 0.20644, 0.04303, 0.0]], "adj_matrix_2": [[0.0, 0.09094, 0.11387, 0.02027, 0.32025, 0.18732, 0.04954, 0.20678, 0.26944], [0.09094, 0.0, 0.02406, 0.11018, 0.26484, 0.10448, 0.04234, 0.12666, 0.2009], [0.11387, 0.02406, 0.0, 0.13257, 0.24704, 0.08133, 0.06614, 0.10407, 0.18074], [0.02027, 0.11018, 0.13257, 0.0, 0.32929, 0.20362, 0.06944, 0.22221, 0.28159], [0.32025, 0.26484, 0.24704, 0.32929, 0.0, 0.17857, 0.29307, 0.15709, 0.07764], [0.18732, 0.10448, 0.08133, 0.20362, 0.17857, 0.0, 0.14416, 0.02353, 0.10521], [0.04954, 0.04234, 0.06614, 0.06944, 0.29307, 0.14416, 0.0, 0.16536, 0.23505], [0.20678, 0.12666, 0.10407, 0.22221, 0.15709, 0.02353, 0.16536, 0.0, 0.08242], [0.26944, 0.2009, 0.18074, 0.28159, 0.07764, 0.10521, 0.23505, 0.08242, 0.0]], "features_1": [[0.2876699494462085, 1.3501302721866382, 0.0, 0.20171490415284465, 0.6440013241301098, 0.12216053834232528, 0.3887880943493414, 0.6888630015476662, 0.3553719662500594, 0.2725913789124099, 0.00716927026363523, 0.5993992528035146, 0.6409568816114266, 0.6685120138802142, 0.7790283826037504, 0.7052658745075626, 0.5928804619947945], [0.1285095100267153, 1.1172750306823198, 0.0, 0.2187485812362325, 0.5946420473167461, 0.12515143342859514, 0.39055528113374793, 0.6864376396760146, 0.3748776109703873, 0.24025580984828254, 0.007671947615560004, 0.6146909436369135, 0.652678559139602, 0.6688246451136473, 0.7812173952909955, 0.7132631272014265, 0.5931341237276874], [0.31965150240923323, 1.3410919789225801, 0.0, 0.21751979052017625, 0.646878537087446, 0.11891175610464949, 0.3656486892700535, 0.6901025686636697, 0.3320410113294321, 0.26354665339307193, 0.007281081678807366, 0.5955601621832267, 0.6401187656070388, 0.6466625387378225, 0.7667577447744186, 0.7066588915919103, 0.582864673204432], [0.24771298619247517, 1.3085446839168444, 0.0, 0.21594994431445846, 0.6379203551043854, 0.12096555163110374, 0.37838284091083735, 0.68926740774178, 0.3373757762307419, 0.26189756448734314, 0.0066653709969386465, 0.5970368146693517, 0.6323930079929523, 0.6660787612383141, 0.771778676574743, 0.6968312868736224, 0.58677526777765], [0.3982632784479323, 1.1626274272142731, 0.0, 0.26621011734359706, 0.6079402453825787, 0.1263619502969731, 0.7372123512009587, 0.6882714524329037, 0.34913487299800283, 0.2413195734308764, 0.006889477554966383, 0.587552243950054, 0.6458300667925537, 0.6780580648749858, 0.7854230901183742, 0.7200629331820079, 0.5827278538795766], [0.04330422582031668, 1.2445192392032722, 0.0, 0.20608978046398038, 0.6337704165810046, 0.11769490119127153, 0.4434854924995456, 0.6910808762720546, 0.3183247353088954, 0.24673828583066926, 0.00711334193318236, 0.6094121026451571, 0.6651999572011978, 0.6694009405017521, 0.7697275077945868, 0.6808341283880304, 0.5782159130135145], [-0.06332447891482218, 1.2862749633667223, 0.0, 0.226499700023422, 0.6268126053594526, 0.12556967803212826, 0.33779733544213925, 0.685937481613639, 0.3498488091332781, 0.2642174729383926, 0.00677745458930179, 0.6106655058552812, 0.6403938194038485, 0.6506445071166672, 0.7746465314770234, 0.7058684986040049, 0.569113185820225], [-0.04250568365510965, 1.3700921631617518, 0.0, 0.22689341390380965, 0.6504288138050511, 0.12028622969283051, 0.4581254000498859, 0.6896499272014687, 0.30988561419408023, 0.26741212973275474, 0.00655322669591385, 0.5950341172238718, 0.643328094454323, 0.6525321655316163, 0.7639778470721875, 0.6942406832142366, 0.5718296415481637], [0.43320588057551523, 1.353481107915234, 0.0, 0.24620626526299016, 0.6538695324499674, 0.11749846928363189, 0.5177486100045179, 0.6908720404182048, 0.3082600744758528, 0.25845726870707453, 0.006889477554966383, 0.5891498171685345, 0.6453777849234824, 0.649442746325216, 0.7527047797698062, 0.6841260090235467, 0.5764225986128231]], "features_2": [[0.35140474217375184, 1.2321847579925156, 0.0, 0.168403155619373, 0.6209545629566529, 0.1275513076717519, 0.4187805534134192, 0.6858857930255742, 0.3708582940430467, 0.2571270059964881, 0.007001439975721224, 0.6026153326788783, 0.6609338304920038, 0.6670914414059028, 0.7915379741537594, 0.7004140822863846, 0.5734892254678658], [-0.1566497985878672, 0.9603822686519514, 0.0, 0.18660443258289927, 0.5573800295152778, 0.1305602499511402, 0.3698410689241868, 0.6833083181767743, 0.3812329826948664, 0.21738273276046782, 0.00711334193318236, 0.6141117715677948, 0.6771932917148678, 0.705362844114441, 0.7982135987265919, 0.7158045188882154, 0.6048747175142062], [0.132421713154796, 1.184339431048446, 0.0, 0.16617901672055993, 0.6146063643096504, 0.12331218843572903, 0.38767126799068163, 0.6878766942581345, 0.33576513457147894, 0.24163549382982064, 0.0064410216040902135, 0.6027315278247201, 0.6372075978946175, 0.6556565716444466, 0.7770066780894799, 0.6866327965693774, 0.5691990127587562], [0.2531936719981078, 1.1788020166716622, 0.0, 0.14999613319786906, 0.610337285629413, 0.1265397127457744, 0.39244236532212184, 0.6858819560397533, 0.36387741759153114, 0.2460047506967462, 0.007336964783822175, 0.6000999648500036, 0.6547028639725619, 0.6547575802030888, 0.7845116360658404, 0.7012585782120345, 0.5740040070448251], [-0.5162765862598491, 0.948110948181534, 0.0, 0.17942459578218156, 0.5556519428398415, 0.1286585748454331, 0.4519183481284877, 0.6855974591426608, 0.3676253604802475, 0.21448635047433684, 0.007001439975721224, 0.6275775415280718, 0.6909521390539987, 0.7114858848447616, 0.8011023057631417, 0.7180521915037309, 0.604242618531159], [-0.26930449373560705, 1.2129103480261236, 0.0, 0.1945080809662424, 0.6258007361430593, 0.11913774728985695, 0.45001253454299145, 0.6905770209516079, 0.3105757756032408, 0.2439084338271733, 0.006216428718621936, 0.6149261209309129, 0.6554606945262517, 0.6775270060030928, 0.7738156385802881, 0.6816158391247956, 0.5512237040474743], [0.01633336970776833, 1.2791087060616446, 0.0, 0.2093739229610441, 0.6292337338885247, 0.12541231851386367, 0.35139757604434435, 0.686168495405163, 0.3538973542114692, 0.2638475569630321, 0.00677745458930179, 0.6128771013943555, 0.6489660068232133, 0.6619108767692963, 0.7772992815686961, 0.7103465872178666, 0.5587523570753177], [-0.15154421652077943, 1.35864450761101, 0.0, 0.28872802455967506, 0.6549156610074391, 0.11793963623653522, 0.4453777424017282, 0.6910443185049637, 0.3320741676081074, 0.26811559126435713, 0.0066653709969386465, 0.6144790538018035, 0.649831792393843, 0.6778532382969182, 0.7695819574793751, 0.6935286853287908, 0.5292158030698514], [-0.4252459902830803, 1.4667847475758535, 0.0, 0.19631019231583444, 0.6828165281578769, 0.11077891286773152, 0.49487093666162635, 0.6929213000726271, 0.277143881957985, 0.27081633431178687, 0.006272599803500922, 0.6058788992798314, 0.6569743659611168, 0.6669458413886825, 0.7535041733375963, 0.6585391025125316, 0.5038354825081439]]}