{"labels_1": ["1", "2", "3", "4", "5", "6", "7", "8", "9"], "labels_2": ["1", "2", "3", "4", "5", "6", "7", "8", "9"], "adj_matrix_1": [[0.0, 0.12177, 0.08934, 0.08596, 0.01762, 0.18153, 0.08737, 0.25195, 0.19568], [0.12177, 0.0, 0.03435, 0.19533, 0.13774, 0.26047, 0.19638, 0.26613, 0.26702], [0.08934, 0.03435, 0.0, 0.16748, 0.10597, 0.24185, 0.1687, 0.26497, 0.25089], [0.08596, 0.19533, 0.16748, 0.0, 0.06896, 0.10844, 0.0015, 0.22319, 0.12671], [0.01762, 0.13774, 0.10597, 0.06896, 0.0, 0.1679, 0.07036, 0.24714, 0.18245], [0.18153, 0.26047, 0.24185, 0.10844, 0.1679, 0.0, 0.107, 0.15822, 0.02099], [0.08737, 0.19638, 0.1687, 0.0015, 0.07036, 0.107, 0.0, 0.22268, 0.12559], [0.25195, 0.26613, 0.26497, 0.22319, 0.24714, 0.15822, 0.22268, 0.0, 0.14245], [0.19568, 0.26702, 0.25089, 0.12671, 0.18245, 0.02099, 0.12559, 0.14245, 0.0]], "adj_matrix_2": [[0.0, 0.21168, 0.18785, 0.176, 0.20656, 0.35085, 0.21961, 0.35315, 0.268], [0.21168, 0.0, 0.02775, 0.04101, 0.00605, 0.27803, 0.25531, 0.23792, 0.07177], [0.18785, 0.02775, 0.0, 0.01333, 0.02171, 0.29131, 0.25192, 0.25687, 0.09883], [0.176, 0.04101, 0.01333, 0.0, 0.03499, 0.29716, 0.25009, 0.26542, 0.11161], [0.20656, 0.00605, 0.02171, 0.03499, 0.0, 0.28107, 0.25467, 0.2421, 0.07767], [0.35085, 0.27803, 0.29131, 0.29716, 0.28107, 0.0, 0.2024, 0.07576, 0.23509], [0.21961, 0.25531, 0.25192, 0.25009, 0.25467, 0.2024, 0.0, 0.23413, 0.25812], [0.35315, 0.23792, 0.25687, 0.26542, 0.2421, 0.07576, 0.23413, 0.0, 0.18327], [0.268, 0.07177, 0.09883, 0.11161, 0.07767, 0.23509, 0.25812, 0.18327, 0.0]], "features_1": [[0.27312326649151597, 1.2333242577330894, 0.0, 0.31039287445972424, 0.619038022103535, 0.12670949076376326, 0.4320439175498102, 0.6865761254428144, 0.37507029755113597, 0.2582490233118777, 0.007616154688146137, 0.5971561693862364, 0.6527872038532414, 0.6847450582106663, 0.7869705021921207, 0.702821495003796, 0.6197602286037591], [0.12621846429780703, 1.0759397932897243, 0.0, 0.3047395266524646, 0.5805710305078338, 0.129875757707636, 0.3356650762202378, 0.6825886914567465, 0.3934696250122889, 0.23687647293644032, 0.007616154688146137, 0.6075820794999927, 0.6519029860365209, 0.6714119878218656, 0.7882466626429117, 0.7093726099526597, 0.6111198812951604], [0.2280538530374039, 1.2179967991447307, 0.0, 0.301534200480323, 0.6162097177585144, 0.1262353693142855, 0.2977391666692661, 0.6853244239909909, 0.3791480302984842, 0.2532705150699215, 0.007504523810135222, 0.6002313505699854, 0.6379080262650433, 0.6442366957779083, 0.7772888433453519, 0.6918109972900555, 0.604941768408514], [0.4448572235245045, 1.2618046701746841, 0.0, 0.3049541729388703, 0.6268370073371533, 0.12420286349696646, 0.41058333203656333, 0.6877476532765452, 0.36586113692510325, 0.2551465305856664, 0.007616154688146137, 0.5938481773949582, 0.6287243338967532, 0.6209163954530982, 0.7766718546346659, 0.71525576762419, 0.606854795826126], [0.06340426848640002, 1.0399841084990833, 0.0, 0.3029388755341579, 0.5772417135102186, 0.1302700591528787, 0.4197221898805097, 0.6836582310666849, 0.3918096946747396, 0.22890360161596512, 0.007281081678807366, 0.6086727092007918, 0.678775117326784, 0.6929524575528068, 0.7946690167311901, 0.7098246581640251, 0.6141941892959084], [0.23567252006041128, 1.223514006216023, 0.0, 0.2878566485750428, 0.6259546908357164, 0.1215224416470699, 0.3696137312557582, 0.6887679873715875, 0.347453280989686, 0.24768023401877137, 0.007057398507269275, 0.5933381987071189, 0.6509438872636139, 0.6582864231453853, 0.7702284070358234, 0.698805059437493, 0.5913683239032907], [0.785191215946349, 1.4123066659786176, 0.0, 0.29480117059360655, 0.658223752459366, 0.11939323134513875, 0.4755811138686177, 0.6901960686074669, 0.3344463276608809, 0.27094837977959485, 0.007392832833969631, 0.5777846497672185, 0.6366225545549954, 0.6438615376240284, 0.760677133446738, 0.6919547345908154, 0.5622417424776643], [0.8132437151267453, 1.712767691760986, 0.0, 0.27445958587997515, 0.7215114886659463, 0.11018359405618948, 0.6316178892067406, 0.6929951236464109, 0.27647262147955876, 0.29341625394534265, 0.006160242374180447, 0.5555904769498978, 0.6407949634459243, 0.641915670503908, 0.7408994349969407, 0.6793215774554778, 0.5408126640850557], [0.9006383985000728, 1.8811178607062709, 0.0, 0.2741435252666733, 0.7483409943295541, 0.10555404765097645, 0.6877013479478308, 0.6930799677518121, 0.24762728582663707, 0.3028795811802003, 0.005597537371453631, 0.5707670291448612, 0.6199796955601713, 0.6237681341309481, 0.723949808950569, 0.6342057733728292, 0.518501577185781]], "features_2": [[-0.1089706985222052, 1.201531752998439, 0.0, 0.24206241042444765, 0.6017128638833796, 0.13195494320933554, 0.28211785761714836, 0.6801061472413603, 0.3870272570755824, 0.2614290878153529, 0.007560346756364078, 0.6317960770944668, 0.6606596673035754, 0.6686131647059854, 0.7870966690121376, 0.7225997775675722, 0.5904052253344175], [-0.011349746065589361, 1.0089542998255254, 0.0, 0.2584727293285875, 0.5580109621598484, 0.1349405208736247, 0.24272908035680701, 0.6765746568378372, 0.4047977783168406, 0.23258006087798933, 0.007783488497544067, 0.6246375996808955, 0.6569520936639193, 0.6767156574005926, 0.7932248586229568, 0.7167274490009911, 0.608317028442928], [-0.06545196536684106, 1.1915443604426017, 0.0, 0.24156788303747273, 0.6012187079120249, 0.13185795592127714, 0.23583948296760654, 0.6794764874866639, 0.38698448109172046, 0.2587574636237955, 0.007504523810135222, 0.6146889750203075, 0.6461149404716445, 0.6571458099262397, 0.7829903063064179, 0.7201854464465859, 0.590870113590612], [-0.019439221347071545, 1.2485580151005309, 0.0, 0.24978433004776054, 0.616793751976671, 0.12924889137251022, 0.2936519304714551, 0.6828202983396454, 0.3827939782789471, 0.26683987385679875, 0.007616154688146137, 0.6129372102851147, 0.6477581578820528, 0.6763049520414134, 0.7835041532605089, 0.7055443098175881, 0.5807377850165497], [0.41258598231847854, 1.0077194260273776, 0.0, 0.28179593564978694, 0.5602464405592511, 0.13489253196368242, 0.2755317013217464, 0.6777648131171302, 0.4112356498639227, 0.22991699180150182, 0.007448685839370306, 0.6142604423989879, 0.6687184942992815, 0.686266419467723, 0.7974385528389099, 0.741784893594006, 0.6148345583425044], [0.19536661882564088, 1.1879133253836227, 0.0, 0.2596870763272605, 0.6112956065042643, 0.1269222271402099, 0.36766861917158095, 0.6855846581444219, 0.35770623491204545, 0.2499159624404339, 0.007448685839370306, 0.5935777109262101, 0.6567391245088068, 0.6746362950252417, 0.7839313931375189, 0.7012622375367236, 0.5786422609802353], [0.36034450656567385, 1.2461530330767787, 0.0, 0.30064475076537156, 0.6258564633438144, 0.1254359699751934, 0.37505619434928833, 0.6864264823566619, 0.36581452700706807, 0.2593950328804344, 0.00711334193318236, 0.5933809906371299, 0.6497748872509761, 0.6602714232580357, 0.7767986470159564, 0.7107709390200885, 0.5779319701733792], [0.3531478116312581, 1.5762648845983709, 0.0, 0.24849395574744162, 0.7112824662978309, 0.10541625224117487, 0.6255084173827932, 0.6930411613841019, 0.2480745159547515, 0.26610415166813994, 0.005710201030130202, 0.5704117863082692, 0.6236798530665215, 0.6133287635680714, 0.7412177424475236, 0.6753319495530399, 0.5037206931157387], [0.11322148798838727, 1.716235981114755, 0.0, 0.2431118512005087, 0.7307519547945573, 0.10568887777613817, 0.6688671080676081, 0.6930548911151112, 0.2533272280207659, 0.28699690905176145, 0.006047823865199753, 0.57630449869708, 0.6332638103012154, 0.642236759668852, 0.7388748952954817, 0.6702518766060069, 0.49155341280476106]]}