{"labels_1": ["1", "2", "3", "4", "5", "6", "7", "8", "9"], "labels_2": ["1", "2", "3", "4", "5", "6", "7", "8", "9"], "adj_matrix_1": [[0.0, 0.04557, 0.12269, 0.062, 0.2373, 0.12543, 0.09449, 0.23881, 0.26894], [0.04557, 0.0, 0.08368, 0.01699, 0.24356, 0.08688, 0.13266, 0.24402, 0.25507], [0.12269, 0.08368, 0.0, 0.06814, 0.23013, 0.0036, 0.1854, 0.22969, 0.21244], [0.062, 0.01699, 0.06814, 0.0, 0.2437, 0.07147, 0.14567, 0.24423, 0.24922], [0.2373, 0.24356, 0.23013, 0.2437, 0.0, 0.22888, 0.19307, 0.0046, 0.13734], [0.12543, 0.08688, 0.0036, 0.07147, 0.22888, 0.0, 0.18689, 0.22843, 0.21026], [0.09449, 0.13266, 0.1854, 0.14567, 0.19307, 0.18689, 0.0, 0.19634, 0.26855], [0.23881, 0.24402, 0.22969, 0.24423, 0.0046, 0.22843, 0.19634, 0.0, 0.13349], [0.26894, 0.25507, 0.21244, 0.24922, 0.13734, 0.21026, 0.26855, 0.13349, 0.0]], "adj_matrix_2": [[0.0, 0.20743, 0.22174, 0.25515, 0.12961, 0.26105, 0.20031, 0.2535, 0.26596], [0.20743, 0.0, 0.36246, 0.37502, 0.08374, 0.06179, 0.35167, 0.21673, 0.37764], [0.22174, 0.36246, 0.0, 0.04687, 0.31502, 0.39125, 0.02693, 0.26207, 0.06371], [0.25515, 0.37502, 0.04687, 0.0, 0.33597, 0.39786, 0.07326, 0.25453, 0.01716], [0.12961, 0.08374, 0.31502, 0.33597, 0.0, 0.14397, 0.30007, 0.23205, 0.34192], [0.26105, 0.06179, 0.39125, 0.39786, 0.14397, 0.0, 0.38464, 0.20529, 0.39864], [0.20031, 0.35167, 0.02693, 0.07326, 0.30007, 0.38464, 0.0, 0.26422, 0.08988], [0.2535, 0.21673, 0.26207, 0.25453, 0.23205, 0.20529, 0.26422, 0.0, 0.2506], [0.26596, 0.37764, 0.06371, 0.01716, 0.34192, 0.39864, 0.08988, 0.2506, 0.0]], "features_1": [[0.6289270181903994, 1.3566016655656365, 0.0, 0.33979950305769197, 0.6442910093261248, 0.1256811085615032, 0.39006150941196155, 0.6866010234969129, 0.370381835821634, 0.2742488918232955, 0.00716927026363523, 0.5876200850902693, 0.6570009327668729, 0.6750165418083475, 0.7864263073085653, 0.7067654569349174, 0.5740063798758712], [0.7932000990017207, 1.1385020419003071, 0.0, 0.39526137334195494, 0.5960029982602254, 0.13126274507947808, 0.313326094300745, 0.6815564250833941, 0.4054360974138367, 0.24889019968701032, 0.007392832833969631, 0.5888006397200187, 0.6424728037486329, 0.6636358549361756, 0.7924798407667871, 0.695997918279289, 0.5877348601037908], [0.8671932221957235, 1.4218001102471098, 0.0, 0.3593775623001344, 0.6613220036267434, 0.12172551654562941, 0.3783026234187844, 0.6886673002873467, 0.35414514342336445, 0.27698666483768797, 0.007281081678807366, 0.5786237188777932, 0.6555441349822424, 0.6615095008410937, 0.7732776529572143, 0.6979126059553142, 0.5553257276688358], [0.9615829495725636, 1.3924726992240846, 0.0, 0.3314505431347069, 0.6565985986839197, 0.12147223518172405, 0.3967234719665441, 0.6889798634664639, 0.35393251274498616, 0.27212185757534924, 0.007057398507269275, 0.5759996434012296, 0.637550183697415, 0.6498126079245843, 0.7745538223038743, 0.7068547513749043, 0.5599113523895495], [0.2745154999390831, 1.1897857673006396, 0.0, 0.30455818271263, 0.610892461401559, 0.13044576666422958, 0.3339009922943326, 0.6827225965495411, 0.40565996504377355, 0.2570748932863378, 0.007504523810135222, 0.606501083137903, 0.6678370749841269, 0.6914177966221244, 0.7926320716516383, 0.7064788085577246, 0.5923304099523174], [1.1198176997684737, 1.4380772606273853, 0.0, 0.3582425325455116, 0.6692962453286828, 0.11768472933689242, 0.4148650939837907, 0.6906996629217428, 0.330107587418347, 0.2694272441537966, 0.006721420376576193, 0.5659127827843116, 0.6143549037484419, 0.6337973182254532, 0.7663097656577651, 0.6671790856060756, 0.5469084937228501], [0.9800024708304722, 1.5906596243839894, 0.0, 0.3040452803132686, 0.6994140223402108, 0.11180903095091518, 0.4721198849467356, 0.6927115375893342, 0.2851152647233084, 0.28207103494169283, 0.006609306440138685, 0.5650527199581457, 0.6311135916610257, 0.6437587165614816, 0.7553591538461695, 0.6674970553094189, 0.49577568696794677], [0.763985136354798, 1.4127346426810867, 0.0, 0.27347358586912174, 0.6794349741815482, 0.10996745287311109, 0.49232663643851426, 0.6930120563308008, 0.2837664204470598, 0.252502492489443, 0.006272599803500922, 0.5748376584906185, 0.6372630366441683, 0.6454913333947124, 0.751558714093911, 0.6773379862712458, 0.5314805731297035], [0.06769745330535137, 1.621005673817643, 0.0, 0.23109575320327347, 0.716558644773791, 0.10338701093229123, 0.4631855079334251, 0.6929503953049718, 0.2367839203850124, 0.27258307693863326, 0.005428426552106513, 0.5724400227232451, 0.6208013403692446, 0.6391277587568551, 0.7286055622858099, 0.6570150139683171, 0.4753098031258792]], "features_2": [[-0.3257122973901412, 1.1997403291795128, 0.0, 0.2027088810363688, 0.608374574141801, 0.12969231758249897, 0.371127529018014, 0.6832680418965981, 0.39308516998201815, 0.2614327349305037, 0.00711334193318236, 0.6256808455878886, 0.6713722710950175, 0.6907708342605613, 0.7889373168297706, 0.6973290231635665, 0.5859170698850296], [-0.5402044920992717, 0.9269158989090622, 0.0, 0.1742265748291526, 0.5396278712089948, 0.13985140476575003, 0.26964991825033235, 0.6725467254457395, 0.4495939253124368, 0.22649687507426863, 0.008173410423425675, 0.6521496752209874, 0.6686788644588315, 0.6910136838652726, 0.8003820241249578, 0.703891866098833, 0.6127071974208024], [-0.16147484236851328, 1.1588888670951327, 0.0, 0.17949129438107056, 0.6002661838076705, 0.13154366772024362, 0.33171553528227593, 0.6811319303167844, 0.40544007335125487, 0.2555004441619697, 0.007225183508792421, 0.6113831161077949, 0.6622413534450087, 0.6784750250846113, 0.7853042343227192, 0.6978049734447407, 0.5956692786913241], [0.011314748934023733, 1.2439028164741182, 0.0, 0.21882008883671908, 0.6177606946487032, 0.12829098616322654, 0.3328781386957999, 0.6838410895587033, 0.390956622764995, 0.26651817108633624, 0.007448685839370306, 0.6112090063625875, 0.6384301836389986, 0.6802471555525448, 0.7838293985051634, 0.7005169859295824, 0.5894731723783253], [-0.2852952493950349, 1.1330653538739706, 0.0, 0.15763113774004778, 0.6039084337930758, 0.12822735204666202, 0.46726774933762555, 0.6863092049795729, 0.36507218725978197, 0.24310327293371303, 0.00711334193318236, 0.6236563765496852, 0.6708078422625877, 0.6841160264151639, 0.7936059476968181, 0.7329726329266849, 0.5861252579228944], [-0.26746631128133735, 1.223170010493931, 0.0, 0.18729659227425255, 0.6211876961063599, 0.1266538186838738, 0.35691420868432006, 0.6855687232025671, 0.37717527221923675, 0.2604660145593034, 0.007225183508792421, 0.6338661075450538, 0.6556492200655408, 0.6706154440295643, 0.7806989682875712, 0.7029197573044585, 0.5979484337431034], [0.059488043916849254, 1.598577380267158, 0.0, 0.26708536767580265, 0.6864230397625305, 0.12172821367216402, 0.42443700161897835, 0.6893350426868786, 0.35888336408032706, 0.30982992827774347, 0.007281081678807366, 0.5991541726975085, 0.6589990418293895, 0.6901568967468888, 0.7789557472011089, 0.6882889485319945, 0.5497449123248996], [0.6620073199112881, 1.574406763685289, 0.0, 0.2643104905698346, 0.7039624917221126, 0.11022732156776759, 0.5023598758855478, 0.6930133535819156, 0.2884066856524423, 0.28117244595334423, 0.0064410216040902135, 0.5689595046836604, 0.6462975915322555, 0.6398178731674873, 0.7502456377457901, 0.6664591706308297, 0.5403670692589293], [0.5442336286159719, 1.4566201500293257, 0.0, 0.32263830844684027, 0.6907708119412458, 0.10910544142549916, 0.5425022859463695, 0.6931285709786665, 0.28993305408923886, 0.2591253256790258, 0.005879081395912644, 0.5856051907850977, 0.6415562361423567, 0.6510471685720612, 0.7522362029980254, 0.6934102948899235, 0.5348349004552145]]}