{"labels_1": ["1", "2", "3", "4", "5", "6", "7", "8", "9"], "labels_2": ["1", "2", "3", "4", "5", "6", "7", "8", "9"], "adj_matrix_1": [[0.0, 0.08402, 0.01173, 0.00731, 0.06107, 0.10433, 0.05797, 0.29154, 0.22049], [0.08402, 0.0, 0.07275, 0.09092, 0.0238, 0.0216, 0.02696, 0.32101, 0.27094], [0.01173, 0.07275, 0.0, 0.01903, 0.04956, 0.09337, 0.04645, 0.29714, 0.22877], [0.00731, 0.09092, 0.01903, 0.0, 0.06815, 0.11106, 0.06511, 0.28793, 0.21526], [0.06107, 0.0238, 0.04956, 0.06815, 0.0, 0.04523, 0.00319, 0.31528, 0.25903], [0.10433, 0.0216, 0.09337, 0.11106, 0.04523, 0.0, 0.04839, 0.32482, 0.28057], [0.05797, 0.02696, 0.04645, 0.06511, 0.00319, 0.04839, 0.0, 0.31472, 0.25773], [0.29154, 0.32101, 0.29714, 0.28793, 0.31528, 0.32482, 0.31472, 0.0, 0.10365], [0.22049, 0.27094, 0.22877, 0.21526, 0.25903, 0.28057, 0.25773, 0.10365, 0.0]], "adj_matrix_2": [[0.0, 0.09094, 0.11387, 0.02027, 0.32025, 0.18732, 0.04954, 0.20678, 0.26944], [0.09094, 0.0, 0.02406, 0.11018, 0.26484, 0.10448, 0.04234, 0.12666, 0.2009], [0.11387, 0.02406, 0.0, 0.13257, 0.24704, 0.08133, 0.06614, 0.10407, 0.18074], [0.02027, 0.11018, 0.13257, 0.0, 0.32929, 0.20362, 0.06944, 0.22221, 0.28159], [0.32025, 0.26484, 0.24704, 0.32929, 0.0, 0.17857, 0.29307, 0.15709, 0.07764], [0.18732, 0.10448, 0.08133, 0.20362, 0.17857, 0.0, 0.14416, 0.02353, 0.10521], [0.04954, 0.04234, 0.06614, 0.06944, 0.29307, 0.14416, 0.0, 0.16536, 0.23505], [0.20678, 0.12666, 0.10407, 0.22221, 0.15709, 0.02353, 0.16536, 0.0, 0.08242], [0.26944, 0.2009, 0.18074, 0.28159, 0.07764, 0.10521, 0.23505, 0.08242, 0.0]], "features_1": [[0.9145331421083038, 1.143991484806812, 0.0, 0.22774053718180898, 0.5951791944720644, 0.12948299628733675, 0.3584986860462692, 0.6826150630341417, 0.4000861385778949, 0.24152923605409526, 0.007783488497544067, 0.5924680382949972, 0.6417048662525761, 0.6589272758280388, 0.7904819730401739, 0.7208344219807975, 0.6325533044946251], [0.43316932114870266, 0.9796773206760745, 0.0, 0.23151457424389388, 0.5516745167950248, 0.13234822895274448, 0.26384660911400604, 0.6776572867713846, 0.40573597308276943, 0.2203437079226176, 0.007783488497544067, 0.6016374335695502, 0.6492038780820996, 0.6682355089322876, 0.7860469656370429, 0.6982658368058599, 0.6315976104555399], [1.0915178873709115, 1.1972419127261609, 0.0, 0.2772235248101959, 0.6101948529930812, 0.12678048415198281, 0.35051438075424246, 0.6846919099586373, 0.38562140994074645, 0.24597954072015793, 0.007560346756364078, 0.590751539240544, 0.6409824401157858, 0.6442856260638722, 0.7809774725978361, 0.7075627092257838, 0.6289519557718747], [1.1893529005888412, 1.2181737960067962, 0.0, 0.2839934332052911, 0.6180109661753869, 0.12421123906290246, 0.411358681412856, 0.6869922000378723, 0.37897436067607493, 0.24431267626958886, 0.00711334193318236, 0.5867305164833252, 0.6226422455382943, 0.6201918342290539, 0.7802302235559521, 0.7132422772332249, 0.6249050814242861], [0.5624558569101215, 0.9788852059333061, 0.0, 0.27302214637517624, 0.5555399544375114, 0.13032002795728753, 0.31323723885215954, 0.6809193372992242, 0.385442965075077, 0.21463648103557165, 0.007894969482732161, 0.5949958556203847, 0.6459524370194775, 0.6768002461504912, 0.7879697924824332, 0.716331017287804, 0.6213860804543779], [0.9347919598974173, 1.2089605004818724, 0.0, 0.3266684996004533, 0.619760968996709, 0.12205807651434072, 0.41419058233839723, 0.6884288244857573, 0.3688057398291422, 0.2436215816492937, 0.007671947615560004, 0.58784818924032, 0.6276435173175826, 0.6459316495321212, 0.7742309875248746, 0.7006119704145011, 0.6172727068693811], [1.5192296883814693, 1.221796388886295, 0.0, 0.27530790244096953, 0.6235844133152791, 0.11764965570488319, 0.39665067056196934, 0.6901153381949574, 0.34392550136923683, 0.23464685563729404, 0.00677745458930179, 0.5723823779974961, 0.6079349792318893, 0.6094714564199549, 0.7614991062576756, 0.7015938156255995, 0.6089948754424027], [0.03509618257403346, 1.1886504632404766, 0.0, 0.23149629203830355, 0.6167034360025376, 0.1187282200957123, 0.3587744988174997, 0.6895205332696066, 0.31654200189520054, 0.2353415215259591, 0.00655322669591385, 0.6083189764789776, 0.6390364217259641, 0.6494668895427839, 0.7576850184063564, 0.6787491092800573, 0.5916835862581515], [0.5742768283398876, 1.3248347775849183, 0.0, 0.2654382165650337, 0.6394459286170845, 0.1173401886507993, 0.3255208972551905, 0.6897381205437202, 0.33451395778700843, 0.2564248207684623, 0.007001439975721224, 0.5979193647419081, 0.6216721261080074, 0.6315142807267355, 0.750886990761975, 0.6604090925661387, 0.5925705222035612]], "features_2": [[0.35140474217375184, 1.2321847579925156, 0.0, 0.168403155619373, 0.6209545629566529, 0.1275513076717519, 0.4187805534134192, 0.6858857930255742, 0.3708582940430467, 0.2571270059964881, 0.007001439975721224, 0.6026153326788783, 0.6609338304920038, 0.6670914414059028, 0.7915379741537594, 0.7004140822863846, 0.5734892254678658], [-0.1566497985878672, 0.9603822686519514, 0.0, 0.18660443258289927, 0.5573800295152778, 0.1305602499511402, 0.3698410689241868, 0.6833083181767743, 0.3812329826948664, 0.21738273276046782, 0.00711334193318236, 0.6141117715677948, 0.6771932917148678, 0.705362844114441, 0.7982135987265919, 0.7158045188882154, 0.6048747175142062], [0.132421713154796, 1.184339431048446, 0.0, 0.16617901672055993, 0.6146063643096504, 0.12331218843572903, 0.38767126799068163, 0.6878766942581345, 0.33576513457147894, 0.24163549382982064, 0.0064410216040902135, 0.6027315278247201, 0.6372075978946175, 0.6556565716444466, 0.7770066780894799, 0.6866327965693774, 0.5691990127587562], [0.2531936719981078, 1.1788020166716622, 0.0, 0.14999613319786906, 0.610337285629413, 0.1265397127457744, 0.39244236532212184, 0.6858819560397533, 0.36387741759153114, 0.2460047506967462, 0.007336964783822175, 0.6000999648500036, 0.6547028639725619, 0.6547575802030888, 0.7845116360658404, 0.7012585782120345, 0.5740040070448251], [-0.5162765862598491, 0.948110948181534, 0.0, 0.17942459578218156, 0.5556519428398415, 0.1286585748454331, 0.4519183481284877, 0.6855974591426608, 0.3676253604802475, 0.21448635047433684, 0.007001439975721224, 0.6275775415280718, 0.6909521390539987, 0.7114858848447616, 0.8011023057631417, 0.7180521915037309, 0.604242618531159], [-0.26930449373560705, 1.2129103480261236, 0.0, 0.1945080809662424, 0.6258007361430593, 0.11913774728985695, 0.45001253454299145, 0.6905770209516079, 0.3105757756032408, 0.2439084338271733, 0.006216428718621936, 0.6149261209309129, 0.6554606945262517, 0.6775270060030928, 0.7738156385802881, 0.6816158391247956, 0.5512237040474743], [0.01633336970776833, 1.2791087060616446, 0.0, 0.2093739229610441, 0.6292337338885247, 0.12541231851386367, 0.35139757604434435, 0.686168495405163, 0.3538973542114692, 0.2638475569630321, 0.00677745458930179, 0.6128771013943555, 0.6489660068232133, 0.6619108767692963, 0.7772992815686961, 0.7103465872178666, 0.5587523570753177], [-0.15154421652077943, 1.35864450761101, 0.0, 0.28872802455967506, 0.6549156610074391, 0.11793963623653522, 0.4453777424017282, 0.6910443185049637, 0.3320741676081074, 0.26811559126435713, 0.0066653709969386465, 0.6144790538018035, 0.649831792393843, 0.6778532382969182, 0.7695819574793751, 0.6935286853287908, 0.5292158030698514], [-0.4252459902830803, 1.4667847475758535, 0.0, 0.19631019231583444, 0.6828165281578769, 0.11077891286773152, 0.49487093666162635, 0.6929213000726271, 0.277143881957985, 0.27081633431178687, 0.006272599803500922, 0.6058788992798314, 0.6569743659611168, 0.6669458413886825, 0.7535041733375963, 0.6585391025125316, 0.5038354825081439]]}