{"labels_1": ["1", "2", "3", "4", "5", "6", "7", "8", "9"], "labels_2": ["1", "2", "3", "4", "5", "6", "7", "8", "9"], "adj_matrix_1": [[0.0, 0.08402, 0.01173, 0.00731, 0.06107, 0.10433, 0.05797, 0.29154, 0.22049], [0.08402, 0.0, 0.07275, 0.09092, 0.0238, 0.0216, 0.02696, 0.32101, 0.27094], [0.01173, 0.07275, 0.0, 0.01903, 0.04956, 0.09337, 0.04645, 0.29714, 0.22877], [0.00731, 0.09092, 0.01903, 0.0, 0.06815, 0.11106, 0.06511, 0.28793, 0.21526], [0.06107, 0.0238, 0.04956, 0.06815, 0.0, 0.04523, 0.00319, 0.31528, 0.25903], [0.10433, 0.0216, 0.09337, 0.11106, 0.04523, 0.0, 0.04839, 0.32482, 0.28057], [0.05797, 0.02696, 0.04645, 0.06511, 0.00319, 0.04839, 0.0, 0.31472, 0.25773], [0.29154, 0.32101, 0.29714, 0.28793, 0.31528, 0.32482, 0.31472, 0.0, 0.10365], [0.22049, 0.27094, 0.22877, 0.21526, 0.25903, 0.28057, 0.25773, 0.10365, 0.0]], "adj_matrix_2": [[0.0, 0.23238, 0.06282, 0.08202, 0.08004, 0.19597, 0.08543, 0.04294, 0.16743], [0.23238, 0.0, 0.18382, 0.28628, 0.16927, 0.34588, 0.28809, 0.26089, 0.08317], [0.06282, 0.18382, 0.0, 0.14203, 0.01763, 0.24739, 0.14524, 0.10456, 0.10998], [0.08202, 0.28628, 0.14203, 0.0, 0.15798, 0.12026, 0.0035, 0.03949, 0.23519], [0.08004, 0.16927, 0.01763, 0.15798, 0.0, 0.26025, 0.16107, 0.12107, 0.09312], [0.19597, 0.34588, 0.24739, 0.12026, 0.26025, 0.0, 0.11692, 0.15741, 0.31771], [0.08543, 0.28809, 0.14524, 0.0035, 0.16107, 0.11692, 0.0, 0.04298, 0.2379], [0.04294, 0.26089, 0.10456, 0.03949, 0.12107, 0.15741, 0.04298, 0.0, 0.20387], [0.16743, 0.08317, 0.10998, 0.23519, 0.09312, 0.31771, 0.2379, 0.20387, 0.0]], "features_1": [[0.9145331421083038, 1.143991484806812, 0.0, 0.22774053718180898, 0.5951791944720644, 0.12948299628733675, 0.3584986860462692, 0.6826150630341417, 0.4000861385778949, 0.24152923605409526, 0.007783488497544067, 0.5924680382949972, 0.6417048662525761, 0.6589272758280388, 0.7904819730401739, 0.7208344219807975, 0.6325533044946251], [0.43316932114870266, 0.9796773206760745, 0.0, 0.23151457424389388, 0.5516745167950248, 0.13234822895274448, 0.26384660911400604, 0.6776572867713846, 0.40573597308276943, 0.2203437079226176, 0.007783488497544067, 0.6016374335695502, 0.6492038780820996, 0.6682355089322876, 0.7860469656370429, 0.6982658368058599, 0.6315976104555399], [1.0915178873709115, 1.1972419127261609, 0.0, 0.2772235248101959, 0.6101948529930812, 0.12678048415198281, 0.35051438075424246, 0.6846919099586373, 0.38562140994074645, 0.24597954072015793, 0.007560346756364078, 0.590751539240544, 0.6409824401157858, 0.6442856260638722, 0.7809774725978361, 0.7075627092257838, 0.6289519557718747], [1.1893529005888412, 1.2181737960067962, 0.0, 0.2839934332052911, 0.6180109661753869, 0.12421123906290246, 0.411358681412856, 0.6869922000378723, 0.37897436067607493, 0.24431267626958886, 0.00711334193318236, 0.5867305164833252, 0.6226422455382943, 0.6201918342290539, 0.7802302235559521, 0.7132422772332249, 0.6249050814242861], [0.5624558569101215, 0.9788852059333061, 0.0, 0.27302214637517624, 0.5555399544375114, 0.13032002795728753, 0.31323723885215954, 0.6809193372992242, 0.385442965075077, 0.21463648103557165, 0.007894969482732161, 0.5949958556203847, 0.6459524370194775, 0.6768002461504912, 0.7879697924824332, 0.716331017287804, 0.6213860804543779], [0.9347919598974173, 1.2089605004818724, 0.0, 0.3266684996004533, 0.619760968996709, 0.12205807651434072, 0.41419058233839723, 0.6884288244857573, 0.3688057398291422, 0.2436215816492937, 0.007671947615560004, 0.58784818924032, 0.6276435173175826, 0.6459316495321212, 0.7742309875248746, 0.7006119704145011, 0.6172727068693811], [1.5192296883814693, 1.221796388886295, 0.0, 0.27530790244096953, 0.6235844133152791, 0.11764965570488319, 0.39665067056196934, 0.6901153381949574, 0.34392550136923683, 0.23464685563729404, 0.00677745458930179, 0.5723823779974961, 0.6079349792318893, 0.6094714564199549, 0.7614991062576756, 0.7015938156255995, 0.6089948754424027], [0.03509618257403346, 1.1886504632404766, 0.0, 0.23149629203830355, 0.6167034360025376, 0.1187282200957123, 0.3587744988174997, 0.6895205332696066, 0.31654200189520054, 0.2353415215259591, 0.00655322669591385, 0.6083189764789776, 0.6390364217259641, 0.6494668895427839, 0.7576850184063564, 0.6787491092800573, 0.5916835862581515], [0.5742768283398876, 1.3248347775849183, 0.0, 0.2654382165650337, 0.6394459286170845, 0.1173401886507993, 0.3255208972551905, 0.6897381205437202, 0.33451395778700843, 0.2564248207684623, 0.007001439975721224, 0.5979193647419081, 0.6216721261080074, 0.6315142807267355, 0.750886990761975, 0.6604090925661387, 0.5925705222035612]], "features_2": [[-0.1656855152525405, 1.2647106370644567, 0.0, 0.26664743145847536, 0.6243277895588418, 0.1305505001895078, 0.2911319700663668, 0.6822328418129501, 0.3920677464939202, 0.2723849691278555, 0.007616154688146137, 0.6160776728623185, 0.6634633111695534, 0.6825854562891286, 0.7895365384659394, 0.7154696280760396, 0.6061091932126722], [0.191470511067668, 1.0555782841498738, 0.0, 0.25697372531608065, 0.5834349673042136, 0.13128758720737227, 0.2894345583318689, 0.6819648328919932, 0.40578298570108084, 0.2355916028797045, 0.00783923647221818, 0.6010696436755496, 0.6616410966045964, 0.6838608309918514, 0.7930266877087673, 0.6928809115134151, 0.6133240263885659], [-0.15484353974358456, 1.250371146029884, 0.0, 0.25434112446595913, 0.6238027542387182, 0.1289019039893043, 0.26739205915155184, 0.6835253611306252, 0.3820684995066923, 0.26637298494396844, 0.00716927026363523, 0.6151335536796672, 0.6714211309038324, 0.6784963542582259, 0.7826692235670085, 0.6935699421746978, 0.5988328384025721], [-0.06375431597658565, 1.2262016695478803, 0.0, 0.2756213677404386, 0.6203613228669341, 0.12896610453975266, 0.2873871755925258, 0.6838912555824739, 0.3908438031063648, 0.2627185788208559, 0.007727725548673403, 0.6161008236065033, 0.6528552453259229, 0.6704386688135554, 0.7858532858257562, 0.6994146104156879, 0.6077655512808819], [0.15620369808734758, 1.090180288327122, 0.0, 0.2641015848987157, 0.6045951739774643, 0.12281092911277555, 0.47609310550572415, 0.6897651841317229, 0.3597367250517831, 0.2276690030021724, 0.007504523810135222, 0.611410494837394, 0.6609977185856698, 0.6641940026346254, 0.7897396209402222, 0.7091115587710999, 0.5989573469430934], [-0.20549043126885724, 1.2701796586247718, 0.0, 0.2849870367380942, 0.6364780738082645, 0.12483913990871928, 0.344761049514468, 0.6874218340039495, 0.36567737847676507, 0.26521391496019353, 0.007281081678807366, 0.6218978111053262, 0.6413973050671034, 0.6636249818098, 0.7810954672041249, 0.6828573492565011, 0.5930941608182819], [0.04117506953093164, 1.3229947740811066, 0.0, 0.2903682605413953, 0.6490195147163481, 0.11927082654324768, 0.38839293969369565, 0.6905032434971328, 0.3444400861956871, 0.26310254593110605, 0.00683347364535547, 0.6129604946800917, 0.6453227218449658, 0.6632836453005467, 0.77063517996576, 0.6888265978766455, 0.594324637393549], [0.2174354446584088, 1.5958295046316553, 0.0, 0.26659132526277796, 0.7109842534923845, 0.10841134151405984, 0.5006411279116854, 0.6931278237674445, 0.27959881911534823, 0.27656337269693054, 0.006047823865199753, 0.5932874532353916, 0.6299641856711284, 0.6148627784485861, 0.7467773924888909, 0.6483510464784505, 0.5285816886473034], [0.11752800055910395, 1.572483335029609, 0.0, 0.24416065903422687, 0.7017009247582886, 0.11001886170477823, 0.42012562715173163, 0.6929267503103167, 0.28652894786368166, 0.2809319417610423, 0.006272599803500922, 0.5909249678293418, 0.6450379160724001, 0.6493026492577333, 0.7457113195207458, 0.6799785843349265, 0.5470074896423903]]}