{"labels_1": ["1", "2", "3", "4", "5", "6", "7", "8", "9"], "labels_2": ["1", "2", "3", "4", "5", "6", "7", "8", "9"], "adj_matrix_1": [[0.0, 0.08402, 0.01173, 0.00731, 0.06107, 0.10433, 0.05797, 0.29154, 0.22049], [0.08402, 0.0, 0.07275, 0.09092, 0.0238, 0.0216, 0.02696, 0.32101, 0.27094], [0.01173, 0.07275, 0.0, 0.01903, 0.04956, 0.09337, 0.04645, 0.29714, 0.22877], [0.00731, 0.09092, 0.01903, 0.0, 0.06815, 0.11106, 0.06511, 0.28793, 0.21526], [0.06107, 0.0238, 0.04956, 0.06815, 0.0, 0.04523, 0.00319, 0.31528, 0.25903], [0.10433, 0.0216, 0.09337, 0.11106, 0.04523, 0.0, 0.04839, 0.32482, 0.28057], [0.05797, 0.02696, 0.04645, 0.06511, 0.00319, 0.04839, 0.0, 0.31472, 0.25773], [0.29154, 0.32101, 0.29714, 0.28793, 0.31528, 0.32482, 0.31472, 0.0, 0.10365], [0.22049, 0.27094, 0.22877, 0.21526, 0.25903, 0.28057, 0.25773, 0.10365, 0.0]], "adj_matrix_2": [[0.0, 0.03603, 0.11452, 0.00687, 0.13971, 0.07537, 0.19991, 0.29614, 0.11347], [0.03603, 0.0, 0.14627, 0.02922, 0.17001, 0.10931, 0.22436, 0.30745, 0.07996], [0.11452, 0.14627, 0.0, 0.12076, 0.02794, 0.04137, 0.09888, 0.22884, 0.2072], [0.00687, 0.02922, 0.12076, 0.0, 0.14566, 0.08196, 0.2049, 0.29872, 0.10725], [0.13971, 0.17001, 0.02794, 0.14566, 0.0, 0.06886, 0.07184, 0.20727, 0.2255], [0.07537, 0.10931, 0.04137, 0.08196, 0.06886, 0.0, 0.13719, 0.25707, 0.17722], [0.19991, 0.22436, 0.09888, 0.2049, 0.07184, 0.13719, 0.0, 0.14527, 0.26523], [0.29614, 0.30745, 0.22884, 0.29872, 0.20727, 0.25707, 0.14527, 0.0, 0.31625], [0.11347, 0.07996, 0.2072, 0.10725, 0.2255, 0.17722, 0.26523, 0.31625, 0.0]], "features_1": [[0.9145331421083038, 1.143991484806812, 0.0, 0.22774053718180898, 0.5951791944720644, 0.12948299628733675, 0.3584986860462692, 0.6826150630341417, 0.4000861385778949, 0.24152923605409526, 0.007783488497544067, 0.5924680382949972, 0.6417048662525761, 0.6589272758280388, 0.7904819730401739, 0.7208344219807975, 0.6325533044946251], [0.43316932114870266, 0.9796773206760745, 0.0, 0.23151457424389388, 0.5516745167950248, 0.13234822895274448, 0.26384660911400604, 0.6776572867713846, 0.40573597308276943, 0.2203437079226176, 0.007783488497544067, 0.6016374335695502, 0.6492038780820996, 0.6682355089322876, 0.7860469656370429, 0.6982658368058599, 0.6315976104555399], [1.0915178873709115, 1.1972419127261609, 0.0, 0.2772235248101959, 0.6101948529930812, 0.12678048415198281, 0.35051438075424246, 0.6846919099586373, 0.38562140994074645, 0.24597954072015793, 0.007560346756364078, 0.590751539240544, 0.6409824401157858, 0.6442856260638722, 0.7809774725978361, 0.7075627092257838, 0.6289519557718747], [1.1893529005888412, 1.2181737960067962, 0.0, 0.2839934332052911, 0.6180109661753869, 0.12421123906290246, 0.411358681412856, 0.6869922000378723, 0.37897436067607493, 0.24431267626958886, 0.00711334193318236, 0.5867305164833252, 0.6226422455382943, 0.6201918342290539, 0.7802302235559521, 0.7132422772332249, 0.6249050814242861], [0.5624558569101215, 0.9788852059333061, 0.0, 0.27302214637517624, 0.5555399544375114, 0.13032002795728753, 0.31323723885215954, 0.6809193372992242, 0.385442965075077, 0.21463648103557165, 0.007894969482732161, 0.5949958556203847, 0.6459524370194775, 0.6768002461504912, 0.7879697924824332, 0.716331017287804, 0.6213860804543779], [0.9347919598974173, 1.2089605004818724, 0.0, 0.3266684996004533, 0.619760968996709, 0.12205807651434072, 0.41419058233839723, 0.6884288244857573, 0.3688057398291422, 0.2436215816492937, 0.007671947615560004, 0.58784818924032, 0.6276435173175826, 0.6459316495321212, 0.7742309875248746, 0.7006119704145011, 0.6172727068693811], [1.5192296883814693, 1.221796388886295, 0.0, 0.27530790244096953, 0.6235844133152791, 0.11764965570488319, 0.39665067056196934, 0.6901153381949574, 0.34392550136923683, 0.23464685563729404, 0.00677745458930179, 0.5723823779974961, 0.6079349792318893, 0.6094714564199549, 0.7614991062576756, 0.7015938156255995, 0.6089948754424027], [0.03509618257403346, 1.1886504632404766, 0.0, 0.23149629203830355, 0.6167034360025376, 0.1187282200957123, 0.3587744988174997, 0.6895205332696066, 0.31654200189520054, 0.2353415215259591, 0.00655322669591385, 0.6083189764789776, 0.6390364217259641, 0.6494668895427839, 0.7576850184063564, 0.6787491092800573, 0.5916835862581515], [0.5742768283398876, 1.3248347775849183, 0.0, 0.2654382165650337, 0.6394459286170845, 0.1173401886507993, 0.3255208972551905, 0.6897381205437202, 0.33451395778700843, 0.2564248207684623, 0.007001439975721224, 0.5979193647419081, 0.6216721261080074, 0.6315142807267355, 0.750886990761975, 0.6604090925661387, 0.5925705222035612]], "features_2": [[0.5826968984422893, 1.549746637434921, 0.0, 0.2659840284372338, 0.6818155064628644, 0.1187919279226919, 0.4319309314081636, 0.6905767882405678, 0.3264963251439965, 0.2899660256346581, 0.007001439975721224, 0.5866632471112649, 0.6356183693823498, 0.6467559599050883, 0.7702661380444534, 0.694975284741291, 0.5673542957095199], [0.8431726511934126, 1.2607388593117212, 0.0, 0.2584722904687591, 0.6294019166407455, 0.12507705058706442, 0.45443535103484367, 0.6875467511334314, 0.3717720247833527, 0.25586626871591167, 0.00711334193318236, 0.580811354480036, 0.6368499518087812, 0.6468913866614696, 0.784157846080431, 0.694290165267217, 0.5864240842757764], [0.67902044427924, 1.5159904390380656, 0.0, 0.2729233901997508, 0.6784704977897312, 0.1174485181369208, 0.46146060580680837, 0.6911232166265924, 0.3237105225823178, 0.28384575644406795, 0.007001439975721224, 0.5892209346071948, 0.6271350002460291, 0.6288323922073987, 0.7660722347008319, 0.6815619535354432, 0.5665167647874659], [0.5189075212500827, 1.5473362407515867, 0.0, 0.26157572204581, 0.6785530808467741, 0.11988459740452628, 0.403117728420915, 0.6899369641099201, 0.32378580695504033, 0.29127807766506697, 0.006889477554966383, 0.5904962965880838, 0.6501162793781127, 0.6536141859743906, 0.7708643616058755, 0.6738287058641692, 0.5832830536833427], [0.4838795164504832, 1.199081548140727, 0.0, 0.2259258719688925, 0.6076959472736259, 0.13041969283720245, 0.4350007886274433, 0.6839766425968431, 0.389700066147457, 0.25160080108504856, 0.007894969482732161, 0.5989653996884017, 0.6487543379220586, 0.6402893486955007, 0.794951192711783, 0.7305021705775012, 0.6066284346373352], [0.658850243491619, 1.463076139446182, 0.0, 0.2614574723798716, 0.6723590732555272, 0.11751616246137808, 0.5283742100051647, 0.69132981751793, 0.33224838814043123, 0.2781072811616221, 0.007225183508792421, 0.5882192337564014, 0.6291057099615145, 0.6432667389677316, 0.7681124504987689, 0.693142094575992, 0.579210616477747], [0.14726050485027864, 1.5324681168202847, 0.0, 0.22879444569085386, 0.669024736176338, 0.12258729600061866, 0.3962551612844315, 0.6884613442355896, 0.32541830348085643, 0.29377420766704176, 0.00677745458930179, 0.5983393791895093, 0.6371943776046657, 0.6325518521380149, 0.7781817254268113, 0.6722819096928612, 0.5894700657335622], [0.06792183628902304, 1.3903983414161425, 0.0, 0.2710867230510742, 0.6557890567442234, 0.1204479398858011, 0.48716940691379307, 0.6894182045764892, 0.34392660449789125, 0.2732917620410633, 0.007336964783822175, 0.606114116359741, 0.6338337832241846, 0.6472697229815867, 0.7598318988763167, 0.6766096441589826, 0.5993688373052454], [1.0986199151234226, 1.5194251279965665, 0.0, 0.32551823252677503, 0.6819019622299766, 0.11416370083201474, 0.42135009674212043, 0.6918588508682992, 0.3094451281196984, 0.27380604099791617, 0.00711334193318236, 0.5655594877398569, 0.6144408411872858, 0.6111034268965126, 0.7480254325948396, 0.6534660572915312, 0.570226166895895]]}