{"labels_1": ["1", "2", "3", "4", "5", "6", "7", "8", "9"], "labels_2": ["1", "2", "3", "4", "5", "6", "7", "8", "9"], "adj_matrix_1": [[0.0, 0.12177, 0.08934, 0.08596, 0.01762, 0.18153, 0.08737, 0.25195, 0.19568], [0.12177, 0.0, 0.03435, 0.19533, 0.13774, 0.26047, 0.19638, 0.26613, 0.26702], [0.08934, 0.03435, 0.0, 0.16748, 0.10597, 0.24185, 0.1687, 0.26497, 0.25089], [0.08596, 0.19533, 0.16748, 0.0, 0.06896, 0.10844, 0.0015, 0.22319, 0.12671], [0.01762, 0.13774, 0.10597, 0.06896, 0.0, 0.1679, 0.07036, 0.24714, 0.18245], [0.18153, 0.26047, 0.24185, 0.10844, 0.1679, 0.0, 0.107, 0.15822, 0.02099], [0.08737, 0.19638, 0.1687, 0.0015, 0.07036, 0.107, 0.0, 0.22268, 0.12559], [0.25195, 0.26613, 0.26497, 0.22319, 0.24714, 0.15822, 0.22268, 0.0, 0.14245], [0.19568, 0.26702, 0.25089, 0.12671, 0.18245, 0.02099, 0.12559, 0.14245, 0.0]], "adj_matrix_2": [[0.0, 0.09094, 0.11387, 0.02027, 0.32025, 0.18732, 0.04954, 0.20678, 0.26944], [0.09094, 0.0, 0.02406, 0.11018, 0.26484, 0.10448, 0.04234, 0.12666, 0.2009], [0.11387, 0.02406, 0.0, 0.13257, 0.24704, 0.08133, 0.06614, 0.10407, 0.18074], [0.02027, 0.11018, 0.13257, 0.0, 0.32929, 0.20362, 0.06944, 0.22221, 0.28159], [0.32025, 0.26484, 0.24704, 0.32929, 0.0, 0.17857, 0.29307, 0.15709, 0.07764], [0.18732, 0.10448, 0.08133, 0.20362, 0.17857, 0.0, 0.14416, 0.02353, 0.10521], [0.04954, 0.04234, 0.06614, 0.06944, 0.29307, 0.14416, 0.0, 0.16536, 0.23505], [0.20678, 0.12666, 0.10407, 0.22221, 0.15709, 0.02353, 0.16536, 0.0, 0.08242], [0.26944, 0.2009, 0.18074, 0.28159, 0.07764, 0.10521, 0.23505, 0.08242, 0.0]], "features_1": [[0.27312326649151597, 1.2333242577330894, 0.0, 0.31039287445972424, 0.619038022103535, 0.12670949076376326, 0.4320439175498102, 0.6865761254428144, 0.37507029755113597, 0.2582490233118777, 0.007616154688146137, 0.5971561693862364, 0.6527872038532414, 0.6847450582106663, 0.7869705021921207, 0.702821495003796, 0.6197602286037591], [0.12621846429780703, 1.0759397932897243, 0.0, 0.3047395266524646, 0.5805710305078338, 0.129875757707636, 0.3356650762202378, 0.6825886914567465, 0.3934696250122889, 0.23687647293644032, 0.007616154688146137, 0.6075820794999927, 0.6519029860365209, 0.6714119878218656, 0.7882466626429117, 0.7093726099526597, 0.6111198812951604], [0.2280538530374039, 1.2179967991447307, 0.0, 0.301534200480323, 0.6162097177585144, 0.1262353693142855, 0.2977391666692661, 0.6853244239909909, 0.3791480302984842, 0.2532705150699215, 0.007504523810135222, 0.6002313505699854, 0.6379080262650433, 0.6442366957779083, 0.7772888433453519, 0.6918109972900555, 0.604941768408514], [0.4448572235245045, 1.2618046701746841, 0.0, 0.3049541729388703, 0.6268370073371533, 0.12420286349696646, 0.41058333203656333, 0.6877476532765452, 0.36586113692510325, 0.2551465305856664, 0.007616154688146137, 0.5938481773949582, 0.6287243338967532, 0.6209163954530982, 0.7766718546346659, 0.71525576762419, 0.606854795826126], [0.06340426848640002, 1.0399841084990833, 0.0, 0.3029388755341579, 0.5772417135102186, 0.1302700591528787, 0.4197221898805097, 0.6836582310666849, 0.3918096946747396, 0.22890360161596512, 0.007281081678807366, 0.6086727092007918, 0.678775117326784, 0.6929524575528068, 0.7946690167311901, 0.7098246581640251, 0.6141941892959084], [0.23567252006041128, 1.223514006216023, 0.0, 0.2878566485750428, 0.6259546908357164, 0.1215224416470699, 0.3696137312557582, 0.6887679873715875, 0.347453280989686, 0.24768023401877137, 0.007057398507269275, 0.5933381987071189, 0.6509438872636139, 0.6582864231453853, 0.7702284070358234, 0.698805059437493, 0.5913683239032907], [0.785191215946349, 1.4123066659786176, 0.0, 0.29480117059360655, 0.658223752459366, 0.11939323134513875, 0.4755811138686177, 0.6901960686074669, 0.3344463276608809, 0.27094837977959485, 0.007392832833969631, 0.5777846497672185, 0.6366225545549954, 0.6438615376240284, 0.760677133446738, 0.6919547345908154, 0.5622417424776643], [0.8132437151267453, 1.712767691760986, 0.0, 0.27445958587997515, 0.7215114886659463, 0.11018359405618948, 0.6316178892067406, 0.6929951236464109, 0.27647262147955876, 0.29341625394534265, 0.006160242374180447, 0.5555904769498978, 0.6407949634459243, 0.641915670503908, 0.7408994349969407, 0.6793215774554778, 0.5408126640850557], [0.9006383985000728, 1.8811178607062709, 0.0, 0.2741435252666733, 0.7483409943295541, 0.10555404765097645, 0.6877013479478308, 0.6930799677518121, 0.24762728582663707, 0.3028795811802003, 0.005597537371453631, 0.5707670291448612, 0.6199796955601713, 0.6237681341309481, 0.723949808950569, 0.6342057733728292, 0.518501577185781]], "features_2": [[0.35140474217375184, 1.2321847579925156, 0.0, 0.168403155619373, 0.6209545629566529, 0.1275513076717519, 0.4187805534134192, 0.6858857930255742, 0.3708582940430467, 0.2571270059964881, 0.007001439975721224, 0.6026153326788783, 0.6609338304920038, 0.6670914414059028, 0.7915379741537594, 0.7004140822863846, 0.5734892254678658], [-0.1566497985878672, 0.9603822686519514, 0.0, 0.18660443258289927, 0.5573800295152778, 0.1305602499511402, 0.3698410689241868, 0.6833083181767743, 0.3812329826948664, 0.21738273276046782, 0.00711334193318236, 0.6141117715677948, 0.6771932917148678, 0.705362844114441, 0.7982135987265919, 0.7158045188882154, 0.6048747175142062], [0.132421713154796, 1.184339431048446, 0.0, 0.16617901672055993, 0.6146063643096504, 0.12331218843572903, 0.38767126799068163, 0.6878766942581345, 0.33576513457147894, 0.24163549382982064, 0.0064410216040902135, 0.6027315278247201, 0.6372075978946175, 0.6556565716444466, 0.7770066780894799, 0.6866327965693774, 0.5691990127587562], [0.2531936719981078, 1.1788020166716622, 0.0, 0.14999613319786906, 0.610337285629413, 0.1265397127457744, 0.39244236532212184, 0.6858819560397533, 0.36387741759153114, 0.2460047506967462, 0.007336964783822175, 0.6000999648500036, 0.6547028639725619, 0.6547575802030888, 0.7845116360658404, 0.7012585782120345, 0.5740040070448251], [-0.5162765862598491, 0.948110948181534, 0.0, 0.17942459578218156, 0.5556519428398415, 0.1286585748454331, 0.4519183481284877, 0.6855974591426608, 0.3676253604802475, 0.21448635047433684, 0.007001439975721224, 0.6275775415280718, 0.6909521390539987, 0.7114858848447616, 0.8011023057631417, 0.7180521915037309, 0.604242618531159], [-0.26930449373560705, 1.2129103480261236, 0.0, 0.1945080809662424, 0.6258007361430593, 0.11913774728985695, 0.45001253454299145, 0.6905770209516079, 0.3105757756032408, 0.2439084338271733, 0.006216428718621936, 0.6149261209309129, 0.6554606945262517, 0.6775270060030928, 0.7738156385802881, 0.6816158391247956, 0.5512237040474743], [0.01633336970776833, 1.2791087060616446, 0.0, 0.2093739229610441, 0.6292337338885247, 0.12541231851386367, 0.35139757604434435, 0.686168495405163, 0.3538973542114692, 0.2638475569630321, 0.00677745458930179, 0.6128771013943555, 0.6489660068232133, 0.6619108767692963, 0.7772992815686961, 0.7103465872178666, 0.5587523570753177], [-0.15154421652077943, 1.35864450761101, 0.0, 0.28872802455967506, 0.6549156610074391, 0.11793963623653522, 0.4453777424017282, 0.6910443185049637, 0.3320741676081074, 0.26811559126435713, 0.0066653709969386465, 0.6144790538018035, 0.649831792393843, 0.6778532382969182, 0.7695819574793751, 0.6935286853287908, 0.5292158030698514], [-0.4252459902830803, 1.4667847475758535, 0.0, 0.19631019231583444, 0.6828165281578769, 0.11077891286773152, 0.49487093666162635, 0.6929213000726271, 0.277143881957985, 0.27081633431178687, 0.006272599803500922, 0.6058788992798314, 0.6569743659611168, 0.6669458413886825, 0.7535041733375963, 0.6585391025125316, 0.5038354825081439]]}