{"labels_1": ["1", "2", "3", "4", "5", "6", "7", "8", "9"], "labels_2": ["1", "2", "3", "4", "5", "6", "7", "8", "9"], "adj_matrix_1": [[0.0, 0.08402, 0.01173, 0.00731, 0.06107, 0.10433, 0.05797, 0.29154, 0.22049], [0.08402, 0.0, 0.07275, 0.09092, 0.0238, 0.0216, 0.02696, 0.32101, 0.27094], [0.01173, 0.07275, 0.0, 0.01903, 0.04956, 0.09337, 0.04645, 0.29714, 0.22877], [0.00731, 0.09092, 0.01903, 0.0, 0.06815, 0.11106, 0.06511, 0.28793, 0.21526], [0.06107, 0.0238, 0.04956, 0.06815, 0.0, 0.04523, 0.00319, 0.31528, 0.25903], [0.10433, 0.0216, 0.09337, 0.11106, 0.04523, 0.0, 0.04839, 0.32482, 0.28057], [0.05797, 0.02696, 0.04645, 0.06511, 0.00319, 0.04839, 0.0, 0.31472, 0.25773], [0.29154, 0.32101, 0.29714, 0.28793, 0.31528, 0.32482, 0.31472, 0.0, 0.10365], [0.22049, 0.27094, 0.22877, 0.21526, 0.25903, 0.28057, 0.25773, 0.10365, 0.0]], "adj_matrix_2": [[0.0, 0.06616, 0.05199, 0.04833, 0.14317, 0.07692, 0.14061, 0.04153, 0.34813], [0.06616, 0.0, 0.11578, 0.11235, 0.08099, 0.01103, 0.0782, 0.02481, 0.32159], [0.05199, 0.11578, 0.0, 0.00371, 0.18705, 0.12595, 0.18463, 0.09221, 0.35811], [0.04833, 0.11235, 0.00371, 0.0, 0.1841, 0.12259, 0.18173, 0.08871, 0.35785], [0.14317, 0.08099, 0.18705, 0.1841, 0.0, 0.07023, 0.00257, 0.10451, 0.2733], [0.07692, 0.01103, 0.12595, 0.12259, 0.07023, 0.0, 0.06766, 0.03586, 0.3172], [0.14061, 0.0782, 0.18463, 0.18173, 0.00257, 0.06766, 0.0, 0.10241, 0.27648], [0.04153, 0.02481, 0.09221, 0.08871, 0.10451, 0.03586, 0.10241, 0.0, 0.33509], [0.34813, 0.32159, 0.35811, 0.35785, 0.2733, 0.3172, 0.27648, 0.33509, 0.0]], "features_1": [[0.9145331421083038, 1.143991484806812, 0.0, 0.22774053718180898, 0.5951791944720644, 0.12948299628733675, 0.3584986860462692, 0.6826150630341417, 0.4000861385778949, 0.24152923605409526, 0.007783488497544067, 0.5924680382949972, 0.6417048662525761, 0.6589272758280388, 0.7904819730401739, 0.7208344219807975, 0.6325533044946251], [0.43316932114870266, 0.9796773206760745, 0.0, 0.23151457424389388, 0.5516745167950248, 0.13234822895274448, 0.26384660911400604, 0.6776572867713846, 0.40573597308276943, 0.2203437079226176, 0.007783488497544067, 0.6016374335695502, 0.6492038780820996, 0.6682355089322876, 0.7860469656370429, 0.6982658368058599, 0.6315976104555399], [1.0915178873709115, 1.1972419127261609, 0.0, 0.2772235248101959, 0.6101948529930812, 0.12678048415198281, 0.35051438075424246, 0.6846919099586373, 0.38562140994074645, 0.24597954072015793, 0.007560346756364078, 0.590751539240544, 0.6409824401157858, 0.6442856260638722, 0.7809774725978361, 0.7075627092257838, 0.6289519557718747], [1.1893529005888412, 1.2181737960067962, 0.0, 0.2839934332052911, 0.6180109661753869, 0.12421123906290246, 0.411358681412856, 0.6869922000378723, 0.37897436067607493, 0.24431267626958886, 0.00711334193318236, 0.5867305164833252, 0.6226422455382943, 0.6201918342290539, 0.7802302235559521, 0.7132422772332249, 0.6249050814242861], [0.5624558569101215, 0.9788852059333061, 0.0, 0.27302214637517624, 0.5555399544375114, 0.13032002795728753, 0.31323723885215954, 0.6809193372992242, 0.385442965075077, 0.21463648103557165, 0.007894969482732161, 0.5949958556203847, 0.6459524370194775, 0.6768002461504912, 0.7879697924824332, 0.716331017287804, 0.6213860804543779], [0.9347919598974173, 1.2089605004818724, 0.0, 0.3266684996004533, 0.619760968996709, 0.12205807651434072, 0.41419058233839723, 0.6884288244857573, 0.3688057398291422, 0.2436215816492937, 0.007671947615560004, 0.58784818924032, 0.6276435173175826, 0.6459316495321212, 0.7742309875248746, 0.7006119704145011, 0.6172727068693811], [1.5192296883814693, 1.221796388886295, 0.0, 0.27530790244096953, 0.6235844133152791, 0.11764965570488319, 0.39665067056196934, 0.6901153381949574, 0.34392550136923683, 0.23464685563729404, 0.00677745458930179, 0.5723823779974961, 0.6079349792318893, 0.6094714564199549, 0.7614991062576756, 0.7015938156255995, 0.6089948754424027], [0.03509618257403346, 1.1886504632404766, 0.0, 0.23149629203830355, 0.6167034360025376, 0.1187282200957123, 0.3587744988174997, 0.6895205332696066, 0.31654200189520054, 0.2353415215259591, 0.00655322669591385, 0.6083189764789776, 0.6390364217259641, 0.6494668895427839, 0.7576850184063564, 0.6787491092800573, 0.5916835862581515], [0.5742768283398876, 1.3248347775849183, 0.0, 0.2654382165650337, 0.6394459286170845, 0.1173401886507993, 0.3255208972551905, 0.6897381205437202, 0.33451395778700843, 0.2564248207684623, 0.007001439975721224, 0.5979193647419081, 0.6216721261080074, 0.6315142807267355, 0.750886990761975, 0.6604090925661387, 0.5925705222035612]], "features_2": [[0.07946040329171788, 1.2720136024833968, 0.0, 0.24120948805576334, 0.6262680697947188, 0.124841372183837, 0.4253425188550537, 0.6871187743631647, 0.35508509528257926, 0.26455344470415554, 0.007281081678807366, 0.6003320491149076, 0.6651999613640021, 0.6910695520857122, 0.7875164687056816, 0.7050334164430354, 0.5998137599108628], [-0.007562184768011182, 1.028598851561863, 0.0, 0.24205453744569427, 0.5586038047160552, 0.13580179593970498, 0.22194907892044782, 0.6746330792065081, 0.41175497302438546, 0.23852505152430958, 0.007950687539111767, 0.6122260570967519, 0.6379595160788067, 0.6745882831751966, 0.7925560819862051, 0.7158371198368202, 0.6103600450938198], [0.1099130024546926, 1.3145886262460833, 0.0, 0.26724970466397807, 0.6307600551360318, 0.1251134627803346, 0.34402243456687176, 0.685780817717234, 0.35992876154864284, 0.2730312809704969, 0.00711334193318236, 0.603735455355858, 0.6366648004912925, 0.6686836033550048, 0.7794736520396133, 0.7012130461128383, 0.5874114196927546], [0.13353381658950125, 1.3415419527478798, 0.0, 0.2666665875407725, 0.6386918861247232, 0.12367921701463212, 0.4072402016181094, 0.6875111976850257, 0.35416339490826365, 0.27342493048258865, 0.007281081678807366, 0.5994636048985318, 0.6482814935589227, 0.6590914043492699, 0.78200190854668, 0.6979512248335732, 0.5817822602698758], [0.007436461132527494, 1.0581297488575572, 0.0, 0.26369198889715756, 0.580871875219548, 0.12946105466004307, 0.3692468343915287, 0.6839068775298025, 0.38585788791506226, 0.23430606816991206, 0.007448685839370306, 0.6112686119487307, 0.6580459513809014, 0.6861192010217178, 0.7950258321694281, 0.7075604137742407, 0.5931882192029228], [-0.04129805625236305, 1.316157322345623, 0.0, 0.2611100928733101, 0.6409401123062874, 0.12058243919355274, 0.4254980293559882, 0.6893429998211427, 0.34139679164529446, 0.26366542032825846, 0.007225183508792421, 0.6036210511403144, 0.6558116976504607, 0.667271673161177, 0.7762701681490306, 0.69124403546843, 0.5759827356871714], [0.38468252152692894, 1.6149915880493246, 0.0, 0.26979257905144016, 0.6891685710733368, 0.11967464731316954, 0.46172224629815445, 0.6903860776246917, 0.3175047909597586, 0.2971736594271228, 0.005991591679928909, 0.5961180033381215, 0.6294931144565624, 0.6264923654262078, 0.7762159060963962, 0.6752862291447291, 0.5095493522262192], [-0.16310406812349276, 1.7485348030395707, 0.0, 0.2729143799696163, 0.7330417447226136, 0.10471468631982331, 0.6482105515549115, 0.6929816279290612, 0.2421931588259938, 0.29342963668593414, 0.005766509824583821, 0.5843625894523137, 0.6346635894803324, 0.6339456782022719, 0.7362819858817402, 0.633241389306014, 0.5164416718741467], [-0.38042110409507623, 1.7735252334759068, 0.0, 0.26027712982241874, 0.7393123286325145, 0.1028438989592029, 0.733256148340552, 0.6926022124804865, 0.24708146634872064, 0.29421091510465414, 0.005879081395912644, 0.6012755360922075, 0.6373607698873569, 0.6431192509900372, 0.7326059283421459, 0.6563565621355361, 0.5057890274121531]]}