{"labels_1": ["1", "2", "3", "4", "5", "6", "7", "8", "9"], "labels_2": ["1", "2", "3", "4", "5", "6", "7", "8", "9"], "adj_matrix_1": [[0.0, 0.27351, 0.07171, 0.09758, 0.27504, 0.04427, 0.26738, 0.21805, 0.23105], [0.27351, 0.0, 0.24627, 0.29442, 0.01914, 0.25803, 0.03648, 0.16979, 0.11572], [0.07171, 0.24627, 0.0, 0.16384, 0.25198, 0.02789, 0.2321, 0.22829, 0.17923], [0.09758, 0.29442, 0.16384, 0.0, 0.29084, 0.13908, 0.29895, 0.1987, 0.28576], [0.27504, 0.01914, 0.25198, 0.29084, 0.0, 0.2621, 0.05517, 0.15789, 0.13191], [0.04427, 0.25803, 0.02789, 0.13908, 0.2621, 0.0, 0.24702, 0.22484, 0.20041], [0.26738, 0.03648, 0.2321, 0.29895, 0.05517, 0.24702, 0.0, 0.18929, 0.08294], [0.21805, 0.16979, 0.22829, 0.1987, 0.15789, 0.22484, 0.18929, 0.0, 0.21975], [0.23105, 0.11572, 0.17923, 0.28576, 0.13191, 0.20041, 0.08294, 0.21975, 0.0]], "adj_matrix_2": [[0.0, 0.15115, 0.17234, 0.18638, 0.12774, 0.20501, 0.07183, 0.11556, 0.1987], [0.15115, 0.0, 0.24498, 0.24519, 0.02733, 0.23851, 0.08635, 0.22658, 0.24134], [0.17234, 0.24498, 0.0, 0.02468, 0.23722, 0.06882, 0.21305, 0.0741, 0.052], [0.18638, 0.24519, 0.02468, 0.0, 0.23966, 0.04518, 0.2209, 0.09658, 0.02794], [0.12774, 0.02733, 0.23722, 0.23966, 0.0, 0.23689, 0.06002, 0.21195, 0.23823], [0.20501, 0.23851, 0.06882, 0.04518, 0.23689, 0.0, 0.22727, 0.13351, 0.01738], [0.07183, 0.08635, 0.21305, 0.2209, 0.06002, 0.22727, 0.0, 0.17351, 0.22647], [0.11556, 0.22658, 0.0741, 0.09658, 0.21195, 0.13351, 0.17351, 0.0, 0.12032], [0.1987, 0.24134, 0.052, 0.02794, 0.23823, 0.01738, 0.22647, 0.12032, 0.0]], "features_1": [[0.2483491708326957, 1.4755307463121479, 0.0, 0.22525878160619264, 0.6478799005365572, 0.13669171559864612, 0.226792502297981, 0.6743854884891334, 0.43681043460705493, 0.3150374856076952, 0.007894969482732161, 0.6148783023315776, 0.6446218695168108, 0.661798278643043, 0.7904963633055813, 0.7031463389795823, 0.6099191874521069], [0.9189762606411951, 1.1839035916574125, 0.0, 0.22506022265748174, 0.5980934427930716, 0.13725575504032983, 0.24118117037859008, 0.6741084617725561, 0.4409815252510909, 0.2616279580612444, 0.007783488497544067, 0.5936215723088409, 0.6291718450860834, 0.625038992856263, 0.7942105062476347, 0.7218955706008555, 0.6211620164776678], [0.36971936113605697, 1.5097976404898241, 0.0, 0.2427960864213434, 0.6584748684557707, 0.1343382985130132, 0.23125152142437672, 0.6771467258627275, 0.42356321025921484, 0.31381303443892916, 0.007894969482732161, 0.6060977675803016, 0.6340532537279279, 0.6471417738062951, 0.7844503714581538, 0.6999315379061375, 0.6054793551212577], [0.1728954734707009, 1.5415021333488859, 0.0, 0.2223493241969972, 0.6616729514426032, 0.13400860511115698, 0.2182254112138871, 0.6771402031815112, 0.42191405106805746, 0.3208096664825384, 0.007727725548673403, 0.6140390366169299, 0.6391324762958968, 0.6552015711815966, 0.7840321413894157, 0.696394570299407, 0.608300905349972], [1.2040893441928535, 1.2461945385184383, 0.0, 0.24231336815333063, 0.6230437459257954, 0.12980402214715467, 0.35294668680149927, 0.6834605922966797, 0.3961912694917571, 0.25927242443109977, 0.007560346756364078, 0.5734418168231328, 0.643502512671374, 0.6505311499983062, 0.7934417572603664, 0.7227766502939942, 0.6217904991720877], [0.39313887469591613, 1.5080464170799788, 0.0, 0.2560225814084938, 0.6722855312585249, 0.12825830252687453, 0.3568948863821575, 0.6847975997700395, 0.3887485458482296, 0.30128851635713905, 0.007560346756364078, 0.6029250816899374, 0.6550322312321055, 0.6612121287981091, 0.7845443297609855, 0.7088945884948323, 0.6036187068002833], [0.7140466688517817, 1.767870789449448, 0.0, 0.2587767105648207, 0.7116831700913944, 0.12056124807130765, 0.37479460563609307, 0.6894963595463359, 0.3487251476505948, 0.32726301519621104, 0.00716927026363523, 0.5779774099462822, 0.6495537111929875, 0.6485299084478497, 0.7693117871521906, 0.6881318100106175, 0.565289598246673], [1.281243615950305, 1.5505150457862058, 0.0, 0.2733714795826482, 0.6962108719886616, 0.11425472387307677, 0.46831153557046007, 0.6923161926199567, 0.3137142454173312, 0.2768645194073762, 0.0064410216040902135, 0.5619729403167864, 0.6416687478337311, 0.6365943597852434, 0.7627217214277655, 0.6836576114953192, 0.5857245740976998], [0.44103338871711406, 1.7116373128411027, 0.0, 0.2854749320501673, 0.7193860875322028, 0.1101071621024132, 0.4198847528365114, 0.6928852237097141, 0.28594775041903064, 0.29554501569410774, 0.006497131753992358, 0.576829545529794, 0.6288195005088747, 0.6372121464884609, 0.7449915347053416, 0.6822216260408414, 0.5240639285165658]], "features_2": [[0.31710715736134665, 1.1348303618302364, 0.0, 0.275538923818463, 0.5816981570162316, 0.1369199696025846, 0.27139547250118595, 0.6730353045248918, 0.4428875231992708, 0.26006422629837145, 0.008507047823598457, 0.6107775286594874, 0.6442952186409219, 0.6813214205624818, 0.7960165465133484, 0.717924228015831, 0.6270676998298851], [0.7174045275221403, 0.8907692989717528, 0.0, 0.2707503374751409, 0.5206560952289847, 0.13760229305490018, 0.3137618857474628, 0.6727510943479362, 0.4599328448859563, 0.2119098645745252, 0.008173410423425675, 0.6084162994855382, 0.6466752887284348, 0.6835491012676442, 0.8053968425313996, 0.7230950769397587, 0.6300221089323358], [1.250206686029073, 1.092591411994646, 0.0, 0.28510526470004227, 0.5784572308926921, 0.13209573759205961, 0.27773302840959246, 0.6774950140948167, 0.4271765274754784, 0.23985600049839562, 0.008062078829516484, 0.5832618737793096, 0.6217552723698959, 0.6413504363865971, 0.7873689414817782, 0.728045609464192, 0.6184038843528201], [0.9739159274227909, 1.1985904767620228, 0.0, 0.33931917964822317, 0.6016096208794689, 0.13175438840890913, 0.2810047614574934, 0.6786537720869157, 0.4226465370590897, 0.26043707090552615, 0.00783923647221818, 0.59156466450045, 0.6353804744483947, 0.6475580245929615, 0.7865465549365592, 0.7126834103284041, 0.6098980046187604], [0.7868725631328579, 0.8941621502451831, 0.0, 0.3044103567459954, 0.524599207495337, 0.1369518815171844, 0.35373493558359714, 0.6753601667810847, 0.45145912075963035, 0.21094036844344988, 0.008618141428105908, 0.5998644830213848, 0.6554908862131771, 0.6687302875311993, 0.809844739187933, 0.7182998165498825, 0.6285870515338144], [1.90887631149974, 1.141747840672332, 0.0, 0.35002881837889166, 0.5975544115994533, 0.12819453403959627, 0.3317683716579388, 0.6831587274731423, 0.41304941428415587, 0.24194709694459138, 0.007616154688146137, 0.5661082299615172, 0.6206299753758943, 0.6583564092519519, 0.7846487700130877, 0.7155102962354957, 0.6018537084807319], [0.6013989978346026, 1.3609158605867666, 0.0, 0.3132178008317391, 0.6507800946082181, 0.12050739088763837, 0.3957269747942824, 0.6893361429972976, 0.3512017226098434, 0.26899750132797595, 0.007057398507269275, 0.5942286982394969, 0.6460086674542044, 0.6628527017523504, 0.7710735630861959, 0.6860262709863924, 0.5530765761241951], [1.7785062128472164, 1.4380929599943661, 0.0, 0.33224629974150544, 0.6758405412604357, 0.11433249462205519, 0.5260908736135527, 0.69238556645472, 0.3360638071428712, 0.2614334321241032, 0.007392832833969631, 0.5597552339864484, 0.6389775315831635, 0.6129444916753503, 0.7641678501926883, 0.7031954271878816, 0.5086744598116147], [2.01951069370591, 1.6719560675065566, 0.0, 0.347758564183049, 0.7203236354061472, 0.10606090390567667, 0.5440198125348644, 0.6931120616693355, 0.2955502636259586, 0.27864423760392043, 0.006328755639155359, 0.5512452540994739, 0.6119109727149769, 0.603727409724765, 0.7417329766633287, 0.6778701421204387, 0.4565683660605996]]}