{"labels_1": ["1", "2", "3", "4", "5", "6", "7", "8", "9"], "labels_2": ["1", "2", "3", "4", "5", "6", "7", "8", "9"], "adj_matrix_1": [[0.0, 0.27351, 0.07171, 0.09758, 0.27504, 0.04427, 0.26738, 0.21805, 0.23105], [0.27351, 0.0, 0.24627, 0.29442, 0.01914, 0.25803, 0.03648, 0.16979, 0.11572], [0.07171, 0.24627, 0.0, 0.16384, 0.25198, 0.02789, 0.2321, 0.22829, 0.17923], [0.09758, 0.29442, 0.16384, 0.0, 0.29084, 0.13908, 0.29895, 0.1987, 0.28576], [0.27504, 0.01914, 0.25198, 0.29084, 0.0, 0.2621, 0.05517, 0.15789, 0.13191], [0.04427, 0.25803, 0.02789, 0.13908, 0.2621, 0.0, 0.24702, 0.22484, 0.20041], [0.26738, 0.03648, 0.2321, 0.29895, 0.05517, 0.24702, 0.0, 0.18929, 0.08294], [0.21805, 0.16979, 0.22829, 0.1987, 0.15789, 0.22484, 0.18929, 0.0, 0.21975], [0.23105, 0.11572, 0.17923, 0.28576, 0.13191, 0.20041, 0.08294, 0.21975, 0.0]], "adj_matrix_2": [[0.0, 0.23983, 0.00228, 0.13483, 0.03535, 0.17534, 0.16053, 0.23157, 0.28613], [0.23983, 0.0, 0.2388, 0.2737, 0.22461, 0.27761, 0.27395, 0.27764, 0.27126], [0.00228, 0.2388, 0.0, 0.13689, 0.03309, 0.17724, 0.16254, 0.23319, 0.2874], [0.13483, 0.2737, 0.13689, 0.0, 0.16538, 0.04611, 0.02958, 0.1151, 0.18886], [0.03535, 0.22461, 0.03309, 0.16538, 0.0, 0.20309, 0.18898, 0.25417, 0.30214], [0.17534, 0.27761, 0.17724, 0.04611, 0.20309, 0.0, 0.01655, 0.07055, 0.148], [0.16053, 0.27395, 0.16254, 0.02958, 0.18898, 0.01655, 0.0, 0.08664, 0.16308], [0.23157, 0.27764, 0.23319, 0.1151, 0.25417, 0.07055, 0.08664, 0.0, 0.0806], [0.28613, 0.27126, 0.2874, 0.18886, 0.30214, 0.148, 0.16308, 0.0806, 0.0]], "features_1": [[0.2483491708326957, 1.4755307463121479, 0.0, 0.22525878160619264, 0.6478799005365572, 0.13669171559864612, 0.226792502297981, 0.6743854884891334, 0.43681043460705493, 0.3150374856076952, 0.007894969482732161, 0.6148783023315776, 0.6446218695168108, 0.661798278643043, 0.7904963633055813, 0.7031463389795823, 0.6099191874521069], [0.9189762606411951, 1.1839035916574125, 0.0, 0.22506022265748174, 0.5980934427930716, 0.13725575504032983, 0.24118117037859008, 0.6741084617725561, 0.4409815252510909, 0.2616279580612444, 0.007783488497544067, 0.5936215723088409, 0.6291718450860834, 0.625038992856263, 0.7942105062476347, 0.7218955706008555, 0.6211620164776678], [0.36971936113605697, 1.5097976404898241, 0.0, 0.2427960864213434, 0.6584748684557707, 0.1343382985130132, 0.23125152142437672, 0.6771467258627275, 0.42356321025921484, 0.31381303443892916, 0.007894969482732161, 0.6060977675803016, 0.6340532537279279, 0.6471417738062951, 0.7844503714581538, 0.6999315379061375, 0.6054793551212577], [0.1728954734707009, 1.5415021333488859, 0.0, 0.2223493241969972, 0.6616729514426032, 0.13400860511115698, 0.2182254112138871, 0.6771402031815112, 0.42191405106805746, 0.3208096664825384, 0.007727725548673403, 0.6140390366169299, 0.6391324762958968, 0.6552015711815966, 0.7840321413894157, 0.696394570299407, 0.608300905349972], [1.2040893441928535, 1.2461945385184383, 0.0, 0.24231336815333063, 0.6230437459257954, 0.12980402214715467, 0.35294668680149927, 0.6834605922966797, 0.3961912694917571, 0.25927242443109977, 0.007560346756364078, 0.5734418168231328, 0.643502512671374, 0.6505311499983062, 0.7934417572603664, 0.7227766502939942, 0.6217904991720877], [0.39313887469591613, 1.5080464170799788, 0.0, 0.2560225814084938, 0.6722855312585249, 0.12825830252687453, 0.3568948863821575, 0.6847975997700395, 0.3887485458482296, 0.30128851635713905, 0.007560346756364078, 0.6029250816899374, 0.6550322312321055, 0.6612121287981091, 0.7845443297609855, 0.7088945884948323, 0.6036187068002833], [0.7140466688517817, 1.767870789449448, 0.0, 0.2587767105648207, 0.7116831700913944, 0.12056124807130765, 0.37479460563609307, 0.6894963595463359, 0.3487251476505948, 0.32726301519621104, 0.00716927026363523, 0.5779774099462822, 0.6495537111929875, 0.6485299084478497, 0.7693117871521906, 0.6881318100106175, 0.565289598246673], [1.281243615950305, 1.5505150457862058, 0.0, 0.2733714795826482, 0.6962108719886616, 0.11425472387307677, 0.46831153557046007, 0.6923161926199567, 0.3137142454173312, 0.2768645194073762, 0.0064410216040902135, 0.5619729403167864, 0.6416687478337311, 0.6365943597852434, 0.7627217214277655, 0.6836576114953192, 0.5857245740976998], [0.44103338871711406, 1.7116373128411027, 0.0, 0.2854749320501673, 0.7193860875322028, 0.1101071621024132, 0.4198847528365114, 0.6928852237097141, 0.28594775041903064, 0.29554501569410774, 0.006497131753992358, 0.576829545529794, 0.6288195005088747, 0.6372121464884609, 0.7449915347053416, 0.6822216260408414, 0.5240639285165658]], "features_2": [[0.05728419150825692, 1.2782855521410583, 0.0, 0.17411680584317396, 0.616682055943297, 0.1331295748015814, 0.3052322414573325, 0.6791536533284506, 0.3870793836717865, 0.2779870527914696, 0.007560346756364078, 0.6186956875971057, 0.6626516960729937, 0.6743142322268532, 0.7931241675069914, 0.7200074100540581, 0.6195311008681967], [0.38173956581389, 1.0487911193570012, 0.0, 0.19489113127951288, 0.571501251982522, 0.1343690609143627, 0.3906545759314504, 0.6781615523564118, 0.3970496866502977, 0.23605228365724829, 0.007671947615560004, 0.5990122379240446, 0.658115621192236, 0.6891741398695058, 0.793947064175079, 0.7083861385269046, 0.619998139827434], [0.30557899414872347, 1.324216459275904, 0.0, 0.21556013792923676, 0.6278186203367869, 0.13087495948700095, 0.2965860380348886, 0.6804985467201967, 0.3910397580593026, 0.2829853339061026, 0.007671947615560004, 0.6155749483093125, 0.6418134783662145, 0.6690616898521019, 0.7827346557819224, 0.6828065292073972, 0.6086375958205322], [0.254371177604515, 1.4055027499854167, 0.0, 0.22110172576600345, 0.6406415470807414, 0.1318312052825583, 0.3189474131805973, 0.6796709825774588, 0.39590920851512457, 0.2967760035443765, 0.007894969482732161, 0.6182764690788876, 0.643896953916761, 0.6702339657293174, 0.7837082982014569, 0.7010132826704066, 0.6083986860197572], [-0.06790750858151284, 1.1624908266663716, 0.0, 0.22303440850088152, 0.6069163784875924, 0.1275406664967988, 0.5378476697463199, 0.6857616365790447, 0.3786178628339747, 0.25050600894016073, 0.007448685839370306, 0.6104349498550699, 0.671811698612447, 0.701929617783581, 0.7887625282701253, 0.7050145310173564, 0.6034935307175805], [0.1996142264142482, 1.360858143351922, 0.0, 0.2429118318996155, 0.6423161096550316, 0.1282358504329127, 0.4619309640457686, 0.6843716489085081, 0.38935530049775013, 0.28291125214558677, 0.007783488497544067, 0.6128234907068557, 0.6426469736174617, 0.6493361063521721, 0.7820663508778993, 0.7007669647707955, 0.606899989463591], [0.2615748421732298, 1.8213548415095686, 0.0, 0.24205730680287812, 0.7184396763270494, 0.11910126731162629, 0.5442106824997005, 0.6906496159313438, 0.3283861845629139, 0.3294539214177523, 0.006889477554966383, 0.6007894459144023, 0.6543401043467842, 0.6494406061364301, 0.7706421721803752, 0.7093180176468284, 0.5238416041168261], [0.024706986747221382, 1.4133954871991652, 0.0, 0.23287207396452136, 0.675628422788776, 0.11381122642672237, 0.8060680154137337, 0.6927045279951022, 0.30186322088724893, 0.2637544036146513, 0.0064410216040902135, 0.5968489689739713, 0.6575431080964327, 0.6592967185539438, 0.7624228798346131, 0.7018213449720888, 0.5276513268088152], [-0.017081882246575475, 1.5372482320557501, 0.0, 0.24041973486034607, 0.6965650929499204, 0.11033563143359813, 0.8857120861428605, 0.693074841367409, 0.2852687048844933, 0.2777170930348458, 0.006328755639155359, 0.5977633142132293, 0.6470334143094457, 0.6575778709827766, 0.7468888967758328, 0.6772803414580212, 0.5149665050014623]]}