{"labels_1": ["1", "2", "3", "4", "5", "6", "7", "8", "9"], "labels_2": ["1", "2", "3", "4", "5", "6", "7", "8", "9"], "adj_matrix_1": [[0.0, 0.23298, 0.07571, 0.2047, 0.14845, 0.05678, 0.10797, 0.33887, 0.21975], [0.23298, 0.0, 0.18978, 0.28716, 0.28013, 0.2561, 0.27151, 0.27726, 0.03101], [0.07571, 0.18978, 0.0, 0.2554, 0.20947, 0.12901, 0.17477, 0.35188, 0.16936], [0.2047, 0.28716, 0.2554, 0.0, 0.06643, 0.15778, 0.1092, 0.20311, 0.29404], [0.14845, 0.28013, 0.20947, 0.06643, 0.0, 0.09605, 0.04419, 0.25634, 0.28153], [0.05678, 0.2561, 0.12901, 0.15778, 0.09605, 0.0, 0.05296, 0.31635, 0.24847], [0.10797, 0.27151, 0.17477, 0.1092, 0.04419, 0.05296, 0.0, 0.28658, 0.26891], [0.33887, 0.27726, 0.35188, 0.20311, 0.25634, 0.31635, 0.28658, 0.0, 0.29665], [0.21975, 0.03101, 0.16936, 0.29404, 0.28153, 0.24847, 0.26891, 0.29665, 0.0]], "adj_matrix_2": [[0.0, 0.04842, 0.12012, 0.21315, 0.26546, 0.185, 0.06978, 0.19464, 0.33142], [0.04842, 0.0, 0.16577, 0.17139, 0.22946, 0.14113, 0.0216, 0.15143, 0.31532], [0.12012, 0.16577, 0.0, 0.30517, 0.34101, 0.28366, 0.1853, 0.29113, 0.35769], [0.21315, 0.17139, 0.30517, 0.0, 0.07114, 0.03366, 0.15197, 0.02241, 0.2217], [0.26546, 0.22946, 0.34101, 0.07114, 0.0, 0.10359, 0.21239, 0.09283, 0.16764], [0.185, 0.14113, 0.28366, 0.03366, 0.10359, 0.0, 0.12089, 0.0113, 0.24379], [0.06978, 0.0216, 0.1853, 0.15197, 0.21239, 0.12089, 0.0, 0.13145, 0.30699], [0.19464, 0.15143, 0.29113, 0.02241, 0.09283, 0.0113, 0.13145, 0.0, 0.23665], [0.33142, 0.31532, 0.35769, 0.2217, 0.16764, 0.24379, 0.30699, 0.23665, 0.0]], "features_1": [[0.6313490421482792, 0.908837095992855, 0.0, 0.27064176598922063, 0.5244316297599045, 0.14549397330530991, 0.20402524398326918, 0.6634062790858479, 0.4773893572759007, 0.22255227177879133, 0.008173410423425675, 0.6133629969037975, 0.6590998126736416, 0.6779494187826663, 0.8056391273275915, 0.7295164994711799, 0.6183429762132698], [0.599265595528208, 0.8674397383736709, 0.0, 0.28685182383217545, 0.5060232654091237, 0.1481360667777385, 0.17684672258710207, 0.6589459952732329, 0.48598057954776763, 0.21638434841779675, 0.008840150818991033, 0.6117376276448949, 0.6596036346047093, 0.6794670766558651, 0.8099954034631107, 0.7248028255496544, 0.6283312656688759], [0.5478429031118437, 0.9877034375419541, 0.0, 0.282113887825557, 0.5390268422984755, 0.1468580972388424, 0.22572541040604577, 0.6624384601496682, 0.4766874806840391, 0.23910322768374348, 0.008618141428105908, 0.621816901638921, 0.6586520912401762, 0.6689475337073432, 0.8075025427298196, 0.6980768610033352, 0.6221682526470421], [0.2987960370002276, 0.8802464328099513, 0.0, 0.2563477685400302, 0.5126762829766424, 0.1480030005488486, 0.16673760000830598, 0.6594088595530421, 0.49000570583555403, 0.22175680907524464, 0.008618141428105908, 0.6335095944316373, 0.6481398763364892, 0.684819582122183, 0.8078360708716248, 0.7136085254810511, 0.6242579860358676], [0.09455408389093822, 0.8787857339404034, 0.0, 0.23908632340638358, 0.5156135460970518, 0.14358972107212428, 0.19449305095859798, 0.6657647482723881, 0.45434971994682694, 0.21686781882302864, 0.00783923647221818, 0.6215817086739923, 0.6851188736638245, 0.6911534361299643, 0.8054875979400598, 0.7151627116259327, 0.6208743321628161], [0.4269914885346111, 0.9485311824909526, 0.0, 0.304495000031289, 0.52446928950681, 0.15049412318249164, 0.13045843821211064, 0.6535903277330968, 0.5062575875764055, 0.23850584805917951, 0.008840150818991033, 0.6174585831258952, 0.6516272566004545, 0.6834866126737091, 0.8078641115000739, 0.706626207714709, 0.6315948568400294], [0.0024316593528062036, 0.8653983000763907, 0.0, 0.2876909988018464, 0.5071154237267165, 0.146487664111833, 0.1616828144118557, 0.6609667072442763, 0.4666513347979937, 0.21811688990473077, 0.007950687539111767, 0.6306915518946554, 0.6592617930751095, 0.6974254197327763, 0.805925070753764, 0.7263201269961976, 0.6183078383733884], [-0.3576459757170656, 0.8886166460159797, 0.0, 0.2458502474864428, 0.526342335118566, 0.13744498534166258, 0.22025557026508907, 0.6733175289460351, 0.40918179015656375, 0.21289979091815114, 0.007225183508792421, 0.6333692649167673, 0.6687871160501038, 0.6981879188513529, 0.7962453538668501, 0.7051247816957298, 0.6116858834094127], [0.2369643142816913, 0.9020587407654646, 0.0, 0.331393001381436, 0.5261097085188654, 0.13853144035451845, 0.19323651219738594, 0.6713877192448254, 0.42630517727972617, 0.2148117772931768, 0.00783923647221818, 0.6104390979130667, 0.6618805566692658, 0.6892316680871058, 0.795139442156688, 0.7057711463781006, 0.613995035349243]], "features_2": [[0.012879255405214618, 0.8401433304127628, 0.0, 0.2056958903320928, 0.5130082873741726, 0.1378077934619964, 0.26228333026885975, 0.6741725983849016, 0.4535387807463973, 0.20579124002938354, 0.008507047823598457, 0.6337087522245042, 0.6751318128208331, 0.7050982154978239, 0.8022281005618704, 0.7248040440273096, 0.6430309671847894], [-0.23816048182767702, 0.8133647555124304, 0.0, 0.23093044170025304, 0.5053422752754916, 0.1421015044792161, 0.29615384765729474, 0.6713205433291031, 0.47199545985202507, 0.20744578064292174, 0.008507047823598457, 0.6368761259169, 0.6786563231000363, 0.710205000359671, 0.8140362122893389, 0.7287915900725284, 0.6415433762064544], [-0.3332601831384352, 0.912880456422282, 0.0, 0.21236595147945542, 0.5327196633253259, 0.1401062540617593, 0.2828623577084663, 0.6728338756740275, 0.4665985409112632, 0.22677931211316515, 0.008507047823598457, 0.6465843366065889, 0.6687282704994448, 0.7077638555581445, 0.807964847417584, 0.7224021062690679, 0.6455299774849323], [-0.0008537152545669002, 0.7971077255873058, 0.0, 0.21780043501230634, 0.5074750462518423, 0.1360508758772387, 0.3086395786213011, 0.6775520386311933, 0.441040241439139, 0.19442237505467141, 0.008062078829516484, 0.6185533145925464, 0.6746128737366176, 0.7048239492150933, 0.8027571422132302, 0.7213906290218437, 0.6391958514859954], [-0.00955302769184696, 0.7689679732391835, 0.0, 0.24847051747588922, 0.4954588765536855, 0.13817735219376087, 0.31032453114547776, 0.675331103796103, 0.4500153642583993, 0.19278914389296142, 0.008729175733573014, 0.6132531399720289, 0.6579291374949067, 0.6892275994367686, 0.8071287727619282, 0.7072417964385986, 0.6306477742399513], [-0.25373328997011857, 0.8752758247839798, 0.0, 0.21952205040300193, 0.5270996563658914, 0.1387417388327924, 0.3194160210366867, 0.675483829664422, 0.45416252113549493, 0.2168243399612415, 0.008062078829516484, 0.6329476852668554, 0.6776040379155605, 0.7134645809679354, 0.8088419448704901, 0.706325863281901, 0.6399691805615522], [-0.20030020314566777, 0.7327944325029019, 0.0, 0.2026344749482803, 0.47634665245574914, 0.13954497692741216, 0.20636278822489657, 0.6701513378373759, 0.4514933278929085, 0.1839320018942865, 0.00839589484089287, 0.6282279233768273, 0.6680795551977113, 0.6911900854678255, 0.798404523105163, 0.6963488190375905, 0.6251388181309838], [-0.28667384675781626, 0.7989840801263947, 0.0, 0.24761395112040796, 0.5011903791234152, 0.13445901835326504, 0.24375362506208517, 0.6762319053776377, 0.4043923260104094, 0.1938942976422997, 0.008062078829516484, 0.6348400908907141, 0.6633101614031894, 0.6949767394148987, 0.7918491277970614, 0.7005071631664916, 0.6113646200708838], [0.19314774533724455, 0.8783908099531571, 0.0, 0.2553316931182404, 0.5224798923771456, 0.1317599177000752, 0.18499746127866387, 0.6769647041194122, 0.38991241096668094, 0.20588702964630046, 0.00783923647221818, 0.6087117603767682, 0.6464558088045786, 0.6668657703811698, 0.7766580918353838, 0.6816509006620393, 0.6024497756164624]]}