{"labels_1": ["1", "2", "3", "4", "5", "6", "7", "8", "9"], "labels_2": ["1", "2", "3", "4", "5", "6", "7", "8", "9"], "adj_matrix_1": [[0.0, 0.23298, 0.07571, 0.2047, 0.14845, 0.05678, 0.10797, 0.33887, 0.21975], [0.23298, 0.0, 0.18978, 0.28716, 0.28013, 0.2561, 0.27151, 0.27726, 0.03101], [0.07571, 0.18978, 0.0, 0.2554, 0.20947, 0.12901, 0.17477, 0.35188, 0.16936], [0.2047, 0.28716, 0.2554, 0.0, 0.06643, 0.15778, 0.1092, 0.20311, 0.29404], [0.14845, 0.28013, 0.20947, 0.06643, 0.0, 0.09605, 0.04419, 0.25634, 0.28153], [0.05678, 0.2561, 0.12901, 0.15778, 0.09605, 0.0, 0.05296, 0.31635, 0.24847], [0.10797, 0.27151, 0.17477, 0.1092, 0.04419, 0.05296, 0.0, 0.28658, 0.26891], [0.33887, 0.27726, 0.35188, 0.20311, 0.25634, 0.31635, 0.28658, 0.0, 0.29665], [0.21975, 0.03101, 0.16936, 0.29404, 0.28153, 0.24847, 0.26891, 0.29665, 0.0]], "adj_matrix_2": [[0.0, 0.27256, 0.15705, 0.12054, 0.30444, 0.21358, 0.25155, 0.27334, 0.29111], [0.27256, 0.0, 0.15751, 0.19256, 0.06299, 0.09091, 0.03558, 0.0014, 0.03525], [0.15705, 0.15751, 0.0, 0.04153, 0.21144, 0.07132, 0.12505, 0.15875, 0.18821], [0.12054, 0.19256, 0.04153, 0.0, 0.24204, 0.11112, 0.16225, 0.19372, 0.22084], [0.30444, 0.06299, 0.21144, 0.24204, 0.0, 0.1505, 0.09775, 0.06161, 0.02796], [0.21358, 0.09091, 0.07132, 0.11112, 0.1505, 0.0, 0.05607, 0.09226, 0.12456], [0.25155, 0.03558, 0.12505, 0.16225, 0.09775, 0.05607, 0.0, 0.03697, 0.07049], [0.27334, 0.0014, 0.15875, 0.19372, 0.06161, 0.09226, 0.03697, 0.0, 0.03385], [0.29111, 0.03525, 0.18821, 0.22084, 0.02796, 0.12456, 0.07049, 0.03385, 0.0]], "features_1": [[0.6313490421482792, 0.908837095992855, 0.0, 0.27064176598922063, 0.5244316297599045, 0.14549397330530991, 0.20402524398326918, 0.6634062790858479, 0.4773893572759007, 0.22255227177879133, 0.008173410423425675, 0.6133629969037975, 0.6590998126736416, 0.6779494187826663, 0.8056391273275915, 0.7295164994711799, 0.6183429762132698], [0.599265595528208, 0.8674397383736709, 0.0, 0.28685182383217545, 0.5060232654091237, 0.1481360667777385, 0.17684672258710207, 0.6589459952732329, 0.48598057954776763, 0.21638434841779675, 0.008840150818991033, 0.6117376276448949, 0.6596036346047093, 0.6794670766558651, 0.8099954034631107, 0.7248028255496544, 0.6283312656688759], [0.5478429031118437, 0.9877034375419541, 0.0, 0.282113887825557, 0.5390268422984755, 0.1468580972388424, 0.22572541040604577, 0.6624384601496682, 0.4766874806840391, 0.23910322768374348, 0.008618141428105908, 0.621816901638921, 0.6586520912401762, 0.6689475337073432, 0.8075025427298196, 0.6980768610033352, 0.6221682526470421], [0.2987960370002276, 0.8802464328099513, 0.0, 0.2563477685400302, 0.5126762829766424, 0.1480030005488486, 0.16673760000830598, 0.6594088595530421, 0.49000570583555403, 0.22175680907524464, 0.008618141428105908, 0.6335095944316373, 0.6481398763364892, 0.684819582122183, 0.8078360708716248, 0.7136085254810511, 0.6242579860358676], [0.09455408389093822, 0.8787857339404034, 0.0, 0.23908632340638358, 0.5156135460970518, 0.14358972107212428, 0.19449305095859798, 0.6657647482723881, 0.45434971994682694, 0.21686781882302864, 0.00783923647221818, 0.6215817086739923, 0.6851188736638245, 0.6911534361299643, 0.8054875979400598, 0.7151627116259327, 0.6208743321628161], [0.4269914885346111, 0.9485311824909526, 0.0, 0.304495000031289, 0.52446928950681, 0.15049412318249164, 0.13045843821211064, 0.6535903277330968, 0.5062575875764055, 0.23850584805917951, 0.008840150818991033, 0.6174585831258952, 0.6516272566004545, 0.6834866126737091, 0.8078641115000739, 0.706626207714709, 0.6315948568400294], [0.0024316593528062036, 0.8653983000763907, 0.0, 0.2876909988018464, 0.5071154237267165, 0.146487664111833, 0.1616828144118557, 0.6609667072442763, 0.4666513347979937, 0.21811688990473077, 0.007950687539111767, 0.6306915518946554, 0.6592617930751095, 0.6974254197327763, 0.805925070753764, 0.7263201269961976, 0.6183078383733884], [-0.3576459757170656, 0.8886166460159797, 0.0, 0.2458502474864428, 0.526342335118566, 0.13744498534166258, 0.22025557026508907, 0.6733175289460351, 0.40918179015656375, 0.21289979091815114, 0.007225183508792421, 0.6333692649167673, 0.6687871160501038, 0.6981879188513529, 0.7962453538668501, 0.7051247816957298, 0.6116858834094127], [0.2369643142816913, 0.9020587407654646, 0.0, 0.331393001381436, 0.5261097085188654, 0.13853144035451845, 0.19323651219738594, 0.6713877192448254, 0.42630517727972617, 0.2148117772931768, 0.00783923647221818, 0.6104390979130667, 0.6618805566692658, 0.6892316680871058, 0.795139442156688, 0.7057711463781006, 0.613995035349243]], "features_2": [[0.011419166626580601, 0.7548203946707067, 0.0, 0.22566594781595226, 0.47246236618950016, 0.14611569845549957, 0.21300410491482466, 0.6629565680526803, 0.46626307509789, 0.19500400924773587, 0.008173410423425675, 0.6190135824483098, 0.6687395784025605, 0.7108681133164606, 0.8133907985135275, 0.7102441531788213, 0.6347905029027093], [-0.0935621536226856, 0.7758738061636092, 0.0, 0.21182704503223096, 0.4724984242741539, 0.14997520219915766, 0.18720836285680775, 0.6557097683659775, 0.4896612335751316, 0.2040597785733067, 0.008507047823598457, 0.6337752397050247, 0.66899018957855, 0.7032276783715633, 0.8155350186203071, 0.717160043441615, 0.6326809280824471], [0.05547966111056413, 0.8500775247043113, 0.0, 0.22592056144222014, 0.49664669640387094, 0.14771262382603678, 0.202382833884284, 0.6599299789446995, 0.4826609273550486, 0.21722228023680845, 0.008451478759474051, 0.6214046847398598, 0.6733812357545782, 0.7060389795534721, 0.8134322099013817, 0.7138955050287996, 0.6378334728400425], [-0.050888308750218325, 0.749336650618801, 0.0, 0.2313108232378184, 0.4754146995022677, 0.14347494465565605, 0.23552840236337644, 0.6671775182056872, 0.44803528197823494, 0.18926259641615895, 0.008284682400665488, 0.6169997980005368, 0.6719720221663043, 0.7067247208997629, 0.8102667118770014, 0.7312365786140705, 0.636788830709635], [-0.14076316891874185, 0.7453236709956187, 0.0, 0.2060629728189756, 0.464306698239302, 0.14825332275109815, 0.18708082936683965, 0.6579920359608817, 0.4787781846781545, 0.19523414260872918, 0.008618141428105908, 0.6409183404727188, 0.6864661276900831, 0.7136021780310515, 0.8115748356484858, 0.7175623486059408, 0.6294713179538911], [-0.07673683021554778, 0.8349981302030554, 0.0, 0.19912968114401267, 0.48952708336317274, 0.14880874938272298, 0.18637551998774313, 0.6566737722951621, 0.4848617772582344, 0.2150184371773316, 0.008340296057933516, 0.6277874601558842, 0.664318991048693, 0.701542163186572, 0.8099154539900529, 0.7240093593055018, 0.6309788109808239], [-0.1386635209391689, 0.7364412906145319, 0.0, 0.19955457451314557, 0.4660390819639602, 0.14402253911428192, 0.23864174269295332, 0.6650948683418936, 0.44544862893713333, 0.18720494390063447, 0.008284682400665488, 0.6332433719637285, 0.6689911661052477, 0.6958612845550264, 0.8050818612801637, 0.7056686288050986, 0.6212096110026255], [0.17354267688866898, 0.7719047512051398, 0.0, 0.22590672188339378, 0.46959115382739713, 0.14648607266810101, 0.2714450195472565, 0.6595590720607112, 0.4547795745120038, 0.19514711142995433, 0.008451478759474051, 0.6251313725529322, 0.6484450855925401, 0.6669388776044928, 0.8022683997836021, 0.735981557531917, 0.6106988330806066], [-0.12059755364255853, 0.8295951026220749, 0.0, 0.19889452379971317, 0.4889498457220314, 0.14310375179615784, 0.296981451084001, 0.6632459700451652, 0.4219059935472176, 0.20371932734503795, 0.008006390651371653, 0.6265781930894416, 0.6542930917854959, 0.6797487712552501, 0.7910518879728672, 0.7168289680518577, 0.5968914037292209]]}