{"labels_1": ["1", "2", "3", "4", "5", "6", "7", "8", "9"], "labels_2": ["1", "2", "3", "4", "5", "6", "7", "8", "9"], "adj_matrix_1": [[0.0, 0.23298, 0.07571, 0.2047, 0.14845, 0.05678, 0.10797, 0.33887, 0.21975], [0.23298, 0.0, 0.18978, 0.28716, 0.28013, 0.2561, 0.27151, 0.27726, 0.03101], [0.07571, 0.18978, 0.0, 0.2554, 0.20947, 0.12901, 0.17477, 0.35188, 0.16936], [0.2047, 0.28716, 0.2554, 0.0, 0.06643, 0.15778, 0.1092, 0.20311, 0.29404], [0.14845, 0.28013, 0.20947, 0.06643, 0.0, 0.09605, 0.04419, 0.25634, 0.28153], [0.05678, 0.2561, 0.12901, 0.15778, 0.09605, 0.0, 0.05296, 0.31635, 0.24847], [0.10797, 0.27151, 0.17477, 0.1092, 0.04419, 0.05296, 0.0, 0.28658, 0.26891], [0.33887, 0.27726, 0.35188, 0.20311, 0.25634, 0.31635, 0.28658, 0.0, 0.29665], [0.21975, 0.03101, 0.16936, 0.29404, 0.28153, 0.24847, 0.26891, 0.29665, 0.0]], "adj_matrix_2": [[0.0, 0.08158, 0.11015, 0.12458, 0.15785, 0.014, 0.16795, 0.23575, 0.17328], [0.08158, 0.0, 0.16898, 0.17767, 0.08964, 0.06853, 0.19484, 0.2051, 0.10992], [0.11015, 0.16898, 0.0, 0.01856, 0.20873, 0.12142, 0.08945, 0.2256, 0.21457], [0.12458, 0.17767, 0.01856, 0.0, 0.21062, 0.13497, 0.07308, 0.21853, 0.21484], [0.15785, 0.08964, 0.20873, 0.21062, 0.0, 0.14791, 0.20098, 0.14084, 0.02241], [0.014, 0.06853, 0.12142, 0.13497, 0.14791, 0.0, 0.17407, 0.2328, 0.16433], [0.16795, 0.19484, 0.08945, 0.07308, 0.20098, 0.17407, 0.0, 0.1791, 0.1995], [0.23575, 0.2051, 0.2256, 0.21853, 0.14084, 0.2328, 0.1791, 0.0, 0.12162], [0.17328, 0.10992, 0.21457, 0.21484, 0.02241, 0.16433, 0.1995, 0.12162, 0.0]], "features_1": [[0.6313490421482792, 0.908837095992855, 0.0, 0.27064176598922063, 0.5244316297599045, 0.14549397330530991, 0.20402524398326918, 0.6634062790858479, 0.4773893572759007, 0.22255227177879133, 0.008173410423425675, 0.6133629969037975, 0.6590998126736416, 0.6779494187826663, 0.8056391273275915, 0.7295164994711799, 0.6183429762132698], [0.599265595528208, 0.8674397383736709, 0.0, 0.28685182383217545, 0.5060232654091237, 0.1481360667777385, 0.17684672258710207, 0.6589459952732329, 0.48598057954776763, 0.21638434841779675, 0.008840150818991033, 0.6117376276448949, 0.6596036346047093, 0.6794670766558651, 0.8099954034631107, 0.7248028255496544, 0.6283312656688759], [0.5478429031118437, 0.9877034375419541, 0.0, 0.282113887825557, 0.5390268422984755, 0.1468580972388424, 0.22572541040604577, 0.6624384601496682, 0.4766874806840391, 0.23910322768374348, 0.008618141428105908, 0.621816901638921, 0.6586520912401762, 0.6689475337073432, 0.8075025427298196, 0.6980768610033352, 0.6221682526470421], [0.2987960370002276, 0.8802464328099513, 0.0, 0.2563477685400302, 0.5126762829766424, 0.1480030005488486, 0.16673760000830598, 0.6594088595530421, 0.49000570583555403, 0.22175680907524464, 0.008618141428105908, 0.6335095944316373, 0.6481398763364892, 0.684819582122183, 0.8078360708716248, 0.7136085254810511, 0.6242579860358676], [0.09455408389093822, 0.8787857339404034, 0.0, 0.23908632340638358, 0.5156135460970518, 0.14358972107212428, 0.19449305095859798, 0.6657647482723881, 0.45434971994682694, 0.21686781882302864, 0.00783923647221818, 0.6215817086739923, 0.6851188736638245, 0.6911534361299643, 0.8054875979400598, 0.7151627116259327, 0.6208743321628161], [0.4269914885346111, 0.9485311824909526, 0.0, 0.304495000031289, 0.52446928950681, 0.15049412318249164, 0.13045843821211064, 0.6535903277330968, 0.5062575875764055, 0.23850584805917951, 0.008840150818991033, 0.6174585831258952, 0.6516272566004545, 0.6834866126737091, 0.8078641115000739, 0.706626207714709, 0.6315948568400294], [0.0024316593528062036, 0.8653983000763907, 0.0, 0.2876909988018464, 0.5071154237267165, 0.146487664111833, 0.1616828144118557, 0.6609667072442763, 0.4666513347979937, 0.21811688990473077, 0.007950687539111767, 0.6306915518946554, 0.6592617930751095, 0.6974254197327763, 0.805925070753764, 0.7263201269961976, 0.6183078383733884], [-0.3576459757170656, 0.8886166460159797, 0.0, 0.2458502474864428, 0.526342335118566, 0.13744498534166258, 0.22025557026508907, 0.6733175289460351, 0.40918179015656375, 0.21289979091815114, 0.007225183508792421, 0.6333692649167673, 0.6687871160501038, 0.6981879188513529, 0.7962453538668501, 0.7051247816957298, 0.6116858834094127], [0.2369643142816913, 0.9020587407654646, 0.0, 0.331393001381436, 0.5261097085188654, 0.13853144035451845, 0.19323651219738594, 0.6713877192448254, 0.42630517727972617, 0.2148117772931768, 0.00783923647221818, 0.6104390979130667, 0.6618805566692658, 0.6892316680871058, 0.795139442156688, 0.7057711463781006, 0.613995035349243]], "features_2": [[0.659668381084348, 0.8323557690399468, 0.0, 0.27638661270529247, 0.5036743016586324, 0.1402857920071809, 0.21868646727462676, 0.6704411251542985, 0.42284122275816416, 0.200390711335644, 0.007504523810135222, 0.5822685880861007, 0.6561653133596013, 0.6725601342612474, 0.8030015696765079, 0.7210816610630935, 0.6354240651039115], [0.5282943113056846, 0.8748199627005309, 0.0, 0.2574285622909129, 0.5021107693020714, 0.14535226362283, 0.1671642470715355, 0.6615885359184525, 0.4537577834118758, 0.2173331559123226, 0.008173410423425675, 0.5949523089630793, 0.6549782386911756, 0.6885142787291676, 0.8062235089506232, 0.7229903696339365, 0.6328654553739205], [0.9165873526770754, 0.9073089859604758, 0.0, 0.27676851571125133, 0.5213320235475714, 0.14165069270955533, 0.2380741088249998, 0.6701611457004244, 0.43952255952680686, 0.21869217915439543, 0.008062078829516484, 0.5792982778926938, 0.6902043997546629, 0.7176711907093111, 0.8090368926789496, 0.7148684643661652, 0.6397386854758931], [0.9628704775551253, 0.8167726745510248, 0.0, 0.28741772252342934, 0.49966779706116227, 0.1393921542594222, 0.22341022213766165, 0.6717242282545133, 0.42226719034893945, 0.1946371259845452, 0.007727725548673403, 0.577168171265773, 0.6477333784184592, 0.6801863393137297, 0.801574896734276, 0.7154990951378469, 0.6350632724806277], [0.3252540919650917, 0.8437777216456717, 0.0, 0.2585487388950815, 0.4944645097211112, 0.14441154610420764, 0.18204086156522264, 0.6635694611993919, 0.45632622771950637, 0.21049389596826495, 0.008340296057933516, 0.6071800961673479, 0.6549039334920863, 0.684632837276693, 0.8056745534880189, 0.715697763032886, 0.6367126332430446], [0.4232201473645887, 0.8700901817612122, 0.0, 0.26072703573508804, 0.5048680972334605, 0.1442218619914272, 0.1903871974032306, 0.6653130859302046, 0.4600048085434538, 0.21640709936318214, 0.008451478759474051, 0.5941031173990576, 0.6695937053970186, 0.7039190179525967, 0.8083945107279551, 0.7176859560250934, 0.6386906020830736], [1.0078267240608714, 0.8448657482649506, 0.0, 0.3050508581907215, 0.5067505796737897, 0.13775166748185416, 0.25765256082681204, 0.6743385062989612, 0.4229035626380082, 0.19909618719068534, 0.007894969482732161, 0.589750559649233, 0.6524403098856384, 0.6838400438283114, 0.7997200552502858, 0.7172497734526108, 0.6247170751888163], [0.44296368349687576, 0.8760223699832411, 0.0, 0.2322024938572755, 0.5215466527309908, 0.13195755288836009, 0.3551217883650729, 0.6812350296025922, 0.3793786389020093, 0.1987190312116207, 0.007560346756364078, 0.608722926480675, 0.6564347931695719, 0.6656586180302004, 0.792672344985418, 0.7051223003093176, 0.5913689450269846], [0.3630891483440637, 0.9301285657202116, 0.0, 0.25139860114875623, 0.5407313779313379, 0.12697735989034376, 0.3636017439959254, 0.6849010295422351, 0.3454978787328862, 0.20240824220950948, 0.006889477554966383, 0.6007646198166625, 0.6442642582411684, 0.6645772097656895, 0.7788439636708662, 0.7109672467706799, 0.5686101196770456]]}