{"labels_1": ["1", "2", "3", "4", "5", "6", "7", "8", "9"], "labels_2": ["1", "2", "3", "4", "5", "6", "7", "8", "9"], "adj_matrix_1": [[0.0, 0.23298, 0.07571, 0.2047, 0.14845, 0.05678, 0.10797, 0.33887, 0.21975], [0.23298, 0.0, 0.18978, 0.28716, 0.28013, 0.2561, 0.27151, 0.27726, 0.03101], [0.07571, 0.18978, 0.0, 0.2554, 0.20947, 0.12901, 0.17477, 0.35188, 0.16936], [0.2047, 0.28716, 0.2554, 0.0, 0.06643, 0.15778, 0.1092, 0.20311, 0.29404], [0.14845, 0.28013, 0.20947, 0.06643, 0.0, 0.09605, 0.04419, 0.25634, 0.28153], [0.05678, 0.2561, 0.12901, 0.15778, 0.09605, 0.0, 0.05296, 0.31635, 0.24847], [0.10797, 0.27151, 0.17477, 0.1092, 0.04419, 0.05296, 0.0, 0.28658, 0.26891], [0.33887, 0.27726, 0.35188, 0.20311, 0.25634, 0.31635, 0.28658, 0.0, 0.29665], [0.21975, 0.03101, 0.16936, 0.29404, 0.28153, 0.24847, 0.26891, 0.29665, 0.0]], "adj_matrix_2": [[0.0, 0.11498, 0.04574, 0.00026, 0.14982, 0.18733, 0.25521, 0.21787, 0.29907], [0.11498, 0.0, 0.07385, 0.1152, 0.21788, 0.23574, 0.25594, 0.24733, 0.24237], [0.04574, 0.07385, 0.0, 0.046, 0.18227, 0.21305, 0.26303, 0.23666, 0.28306], [0.00026, 0.1152, 0.046, 0.0, 0.14962, 0.18716, 0.25515, 0.21774, 0.29914], [0.14982, 0.21788, 0.18227, 0.14962, 0.0, 0.05015, 0.16397, 0.09652, 0.29227], [0.18733, 0.23574, 0.21305, 0.18716, 0.05015, 0.0, 0.12044, 0.04793, 0.27023], [0.25521, 0.25594, 0.26303, 0.25515, 0.16397, 0.12044, 0.0, 0.07515, 0.18421], [0.21787, 0.24733, 0.23666, 0.21774, 0.09652, 0.04793, 0.07515, 0.0, 0.24154], [0.29907, 0.24237, 0.28306, 0.29914, 0.29227, 0.27023, 0.18421, 0.24154, 0.0]], "features_1": [[0.6313490421482792, 0.908837095992855, 0.0, 0.27064176598922063, 0.5244316297599045, 0.14549397330530991, 0.20402524398326918, 0.6634062790858479, 0.4773893572759007, 0.22255227177879133, 0.008173410423425675, 0.6133629969037975, 0.6590998126736416, 0.6779494187826663, 0.8056391273275915, 0.7295164994711799, 0.6183429762132698], [0.599265595528208, 0.8674397383736709, 0.0, 0.28685182383217545, 0.5060232654091237, 0.1481360667777385, 0.17684672258710207, 0.6589459952732329, 0.48598057954776763, 0.21638434841779675, 0.008840150818991033, 0.6117376276448949, 0.6596036346047093, 0.6794670766558651, 0.8099954034631107, 0.7248028255496544, 0.6283312656688759], [0.5478429031118437, 0.9877034375419541, 0.0, 0.282113887825557, 0.5390268422984755, 0.1468580972388424, 0.22572541040604577, 0.6624384601496682, 0.4766874806840391, 0.23910322768374348, 0.008618141428105908, 0.621816901638921, 0.6586520912401762, 0.6689475337073432, 0.8075025427298196, 0.6980768610033352, 0.6221682526470421], [0.2987960370002276, 0.8802464328099513, 0.0, 0.2563477685400302, 0.5126762829766424, 0.1480030005488486, 0.16673760000830598, 0.6594088595530421, 0.49000570583555403, 0.22175680907524464, 0.008618141428105908, 0.6335095944316373, 0.6481398763364892, 0.684819582122183, 0.8078360708716248, 0.7136085254810511, 0.6242579860358676], [0.09455408389093822, 0.8787857339404034, 0.0, 0.23908632340638358, 0.5156135460970518, 0.14358972107212428, 0.19449305095859798, 0.6657647482723881, 0.45434971994682694, 0.21686781882302864, 0.00783923647221818, 0.6215817086739923, 0.6851188736638245, 0.6911534361299643, 0.8054875979400598, 0.7151627116259327, 0.6208743321628161], [0.4269914885346111, 0.9485311824909526, 0.0, 0.304495000031289, 0.52446928950681, 0.15049412318249164, 0.13045843821211064, 0.6535903277330968, 0.5062575875764055, 0.23850584805917951, 0.008840150818991033, 0.6174585831258952, 0.6516272566004545, 0.6834866126737091, 0.8078641115000739, 0.706626207714709, 0.6315948568400294], [0.0024316593528062036, 0.8653983000763907, 0.0, 0.2876909988018464, 0.5071154237267165, 0.146487664111833, 0.1616828144118557, 0.6609667072442763, 0.4666513347979937, 0.21811688990473077, 0.007950687539111767, 0.6306915518946554, 0.6592617930751095, 0.6974254197327763, 0.805925070753764, 0.7263201269961976, 0.6183078383733884], [-0.3576459757170656, 0.8886166460159797, 0.0, 0.2458502474864428, 0.526342335118566, 0.13744498534166258, 0.22025557026508907, 0.6733175289460351, 0.40918179015656375, 0.21289979091815114, 0.007225183508792421, 0.6333692649167673, 0.6687871160501038, 0.6981879188513529, 0.7962453538668501, 0.7051247816957298, 0.6116858834094127], [0.2369643142816913, 0.9020587407654646, 0.0, 0.331393001381436, 0.5261097085188654, 0.13853144035451845, 0.19323651219738594, 0.6713877192448254, 0.42630517727972617, 0.2148117772931768, 0.00783923647221818, 0.6104390979130667, 0.6618805566692658, 0.6892316680871058, 0.795139442156688, 0.7057711463781006, 0.613995035349243]], "features_2": [[1.8089822352937297, 0.9622823602666627, 0.0, 0.25981352380724426, 0.5386238779092785, 0.14176291453498743, 0.2580500640353186, 0.67173450485658, 0.45730310994628276, 0.22338534533270948, 0.00822905385914674, 0.5863451870255891, 0.6552353316445421, 0.6699105216148091, 0.8087894255674791, 0.7443045806030913, 0.6123251868397078], [1.849786053401946, 0.9671067553126687, 0.0, 0.25623448045051067, 0.5319793118544268, 0.14688558037235902, 0.18025685172298864, 0.6625696715155909, 0.49460079640002785, 0.23140782086531342, 0.008895616178821175, 0.5895525967407433, 0.6404956515371351, 0.6625457976534587, 0.8098161842624192, 0.7528162215655757, 0.6222637339509736], [1.5343021548614706, 1.0768129718264263, 0.0, 0.2575954883317848, 0.5634783532921829, 0.14148492655722658, 0.24514387017338635, 0.6715020958469736, 0.46497910230063266, 0.2479278392966433, 0.008562602043175715, 0.5923928609843467, 0.6417942036349225, 0.6733433963912778, 0.8067533052996644, 0.7442499595991154, 0.614776230438269], [1.280496080449347, 0.9525455162550215, 0.0, 0.2281270072533835, 0.5333490563152542, 0.1440799965826214, 0.2243765813925606, 0.6681010231603375, 0.4784686360699786, 0.22785433298458502, 0.00822905385914674, 0.5968911361006297, 0.6380934043500361, 0.6778416673284603, 0.8096145115859629, 0.7283240485407604, 0.6207271673362055], [1.0157442092573943, 0.9505942068068068, 0.0, 0.20164249486784114, 0.5275018371877863, 0.14626452587045374, 0.1759206680235806, 0.6620372517128105, 0.49063356834158967, 0.2324937578997197, 0.00822905385914674, 0.6076528942822372, 0.6351363313586313, 0.6699206584147945, 0.8076869843001915, 0.7323270390267193, 0.6261912821117039], [0.702956775432261, 1.0268522953079597, 0.0, 0.20997498087506028, 0.5452126518137184, 0.14681042068142008, 0.17158354408082702, 0.6618207907334077, 0.4960561622712103, 0.24995614872445704, 0.008673665988278678, 0.6152868127341771, 0.6567300937086923, 0.694894610267314, 0.8091222054331731, 0.7255468456266916, 0.6352411611441644], [0.15333539885953273, 0.8914173980968377, 0.0, 0.20059514193584546, 0.5092927859127815, 0.14772194699247987, 0.1839925017984676, 0.6594590890966376, 0.5001056204946821, 0.22602644293019836, 0.008784670673857464, 0.6198338561844017, 0.6645505405127653, 0.7086993642983686, 0.8078412953514135, 0.745086744116798, 0.6325647611274707], [0.4231591980414464, 0.9333853006410382, 0.0, 0.15131736614267818, 0.5303129206203858, 0.13948938989037307, 0.25444795078040416, 0.6713984212477513, 0.4387374814941998, 0.2219008567602745, 0.008507047823598457, 0.6050508949850284, 0.6593719608463289, 0.6930811369050653, 0.7992712407422389, 0.7294082767196347, 0.6160178648098611], [0.27079757103510627, 0.9703317569724019, 0.0, 0.22089842076098523, 0.5389423008699211, 0.13788241001148652, 0.22316785896599284, 0.6719144007964983, 0.42787622620318055, 0.22552096441592107, 0.007894969482732161, 0.6212376239070911, 0.6504093690650689, 0.6695787736481512, 0.7923118772871963, 0.7295865879916863, 0.6214434717209838]]}