{"labels_1": ["1", "2", "3", "4", "5", "6", "7", "8", "9"], "labels_2": ["1", "2", "3", "4", "5", "6", "7", "8", "9"], "adj_matrix_1": [[0.0, 0.23298, 0.07571, 0.2047, 0.14845, 0.05678, 0.10797, 0.33887, 0.21975], [0.23298, 0.0, 0.18978, 0.28716, 0.28013, 0.2561, 0.27151, 0.27726, 0.03101], [0.07571, 0.18978, 0.0, 0.2554, 0.20947, 0.12901, 0.17477, 0.35188, 0.16936], [0.2047, 0.28716, 0.2554, 0.0, 0.06643, 0.15778, 0.1092, 0.20311, 0.29404], [0.14845, 0.28013, 0.20947, 0.06643, 0.0, 0.09605, 0.04419, 0.25634, 0.28153], [0.05678, 0.2561, 0.12901, 0.15778, 0.09605, 0.0, 0.05296, 0.31635, 0.24847], [0.10797, 0.27151, 0.17477, 0.1092, 0.04419, 0.05296, 0.0, 0.28658, 0.26891], [0.33887, 0.27726, 0.35188, 0.20311, 0.25634, 0.31635, 0.28658, 0.0, 0.29665], [0.21975, 0.03101, 0.16936, 0.29404, 0.28153, 0.24847, 0.26891, 0.29665, 0.0]], "adj_matrix_2": [[0.0, 0.2057, 0.10698, 0.09979, 0.08613, 0.17697, 0.18089, 0.16828, 0.24491], [0.2057, 0.0, 0.10726, 0.11438, 0.12766, 0.0334, 0.02895, 0.33572, 0.04965], [0.10698, 0.10726, 0.0, 0.00744, 0.02147, 0.07493, 0.07929, 0.26191, 0.15345], [0.09979, 0.11438, 0.00744, 0.0, 0.01404, 0.08221, 0.08656, 0.25599, 0.16018], [0.08613, 0.12766, 0.02147, 0.01404, 0.0, 0.09586, 0.10016, 0.2446, 0.17268], [0.17697, 0.0334, 0.07493, 0.08221, 0.09586, 0.0, 0.00447, 0.31585, 0.08245], [0.18089, 0.02895, 0.07929, 0.08656, 0.10016, 0.00447, 0.0, 0.31861, 0.0781], [0.16828, 0.33572, 0.26191, 0.25599, 0.2446, 0.31585, 0.31861, 0.0, 0.36], [0.24491, 0.04965, 0.15345, 0.16018, 0.17268, 0.08245, 0.0781, 0.36, 0.0]], "features_1": [[0.6313490421482792, 0.908837095992855, 0.0, 0.27064176598922063, 0.5244316297599045, 0.14549397330530991, 0.20402524398326918, 0.6634062790858479, 0.4773893572759007, 0.22255227177879133, 0.008173410423425675, 0.6133629969037975, 0.6590998126736416, 0.6779494187826663, 0.8056391273275915, 0.7295164994711799, 0.6183429762132698], [0.599265595528208, 0.8674397383736709, 0.0, 0.28685182383217545, 0.5060232654091237, 0.1481360667777385, 0.17684672258710207, 0.6589459952732329, 0.48598057954776763, 0.21638434841779675, 0.008840150818991033, 0.6117376276448949, 0.6596036346047093, 0.6794670766558651, 0.8099954034631107, 0.7248028255496544, 0.6283312656688759], [0.5478429031118437, 0.9877034375419541, 0.0, 0.282113887825557, 0.5390268422984755, 0.1468580972388424, 0.22572541040604577, 0.6624384601496682, 0.4766874806840391, 0.23910322768374348, 0.008618141428105908, 0.621816901638921, 0.6586520912401762, 0.6689475337073432, 0.8075025427298196, 0.6980768610033352, 0.6221682526470421], [0.2987960370002276, 0.8802464328099513, 0.0, 0.2563477685400302, 0.5126762829766424, 0.1480030005488486, 0.16673760000830598, 0.6594088595530421, 0.49000570583555403, 0.22175680907524464, 0.008618141428105908, 0.6335095944316373, 0.6481398763364892, 0.684819582122183, 0.8078360708716248, 0.7136085254810511, 0.6242579860358676], [0.09455408389093822, 0.8787857339404034, 0.0, 0.23908632340638358, 0.5156135460970518, 0.14358972107212428, 0.19449305095859798, 0.6657647482723881, 0.45434971994682694, 0.21686781882302864, 0.00783923647221818, 0.6215817086739923, 0.6851188736638245, 0.6911534361299643, 0.8054875979400598, 0.7151627116259327, 0.6208743321628161], [0.4269914885346111, 0.9485311824909526, 0.0, 0.304495000031289, 0.52446928950681, 0.15049412318249164, 0.13045843821211064, 0.6535903277330968, 0.5062575875764055, 0.23850584805917951, 0.008840150818991033, 0.6174585831258952, 0.6516272566004545, 0.6834866126737091, 0.8078641115000739, 0.706626207714709, 0.6315948568400294], [0.0024316593528062036, 0.8653983000763907, 0.0, 0.2876909988018464, 0.5071154237267165, 0.146487664111833, 0.1616828144118557, 0.6609667072442763, 0.4666513347979937, 0.21811688990473077, 0.007950687539111767, 0.6306915518946554, 0.6592617930751095, 0.6974254197327763, 0.805925070753764, 0.7263201269961976, 0.6183078383733884], [-0.3576459757170656, 0.8886166460159797, 0.0, 0.2458502474864428, 0.526342335118566, 0.13744498534166258, 0.22025557026508907, 0.6733175289460351, 0.40918179015656375, 0.21289979091815114, 0.007225183508792421, 0.6333692649167673, 0.6687871160501038, 0.6981879188513529, 0.7962453538668501, 0.7051247816957298, 0.6116858834094127], [0.2369643142816913, 0.9020587407654646, 0.0, 0.331393001381436, 0.5261097085188654, 0.13853144035451845, 0.19323651219738594, 0.6713877192448254, 0.42630517727972617, 0.2148117772931768, 0.00783923647221818, 0.6104390979130667, 0.6618805566692658, 0.6892316680871058, 0.795139442156688, 0.7057711463781006, 0.613995035349243]], "features_2": [[-0.20852526405612348, 0.8168528251340772, 0.0, 0.2480406276074617, 0.5105228640864585, 0.13381170388410996, 0.37229856175724263, 0.6798330805629467, 0.40485511337097413, 0.19459508401998948, 0.007560346756364078, 0.6296001190821638, 0.669278360118843, 0.7039505125698269, 0.7996732006716082, 0.7173651475173097, 0.6053876228604791], [-0.09986426478994392, 0.8010508828771278, 0.0, 0.2666115071438432, 0.5015310950653037, 0.1367190399751509, 0.40529491418955743, 0.6768186593532841, 0.4146117689600104, 0.194281938498033, 0.007894969482732161, 0.6157263421969417, 0.664629592424542, 0.6987089703313268, 0.8037720527468598, 0.7177212514976355, 0.6194287612116022], [-0.1293655466162278, 0.9050965279509925, 0.0, 0.2432582739240442, 0.5345432039737533, 0.1318482861582149, 0.3743074393873222, 0.6809635925454683, 0.388295433264795, 0.21051487432198313, 0.007894969482732161, 0.6202699250772734, 0.6635371955039691, 0.6941246294962464, 0.7934273334196335, 0.7084712287895965, 0.5951486147203539], [-0.21482976684236776, 0.8092807954364892, 0.0, 0.21645124832055584, 0.5053297133782466, 0.13482040682298316, 0.3311113793670593, 0.6779248691707194, 0.41104127044849426, 0.1954490422701951, 0.007894969482732161, 0.6282542142682412, 0.6736404973252637, 0.7048254041680405, 0.7969737119809647, 0.7151131485489131, 0.5961476922917999], [-0.2880838148504177, 0.7713953519450601, 0.0, 0.24217067334264505, 0.4883857457429239, 0.13815915915357926, 0.33116618416466537, 0.6743800732553302, 0.426261607608196, 0.19097178915922508, 0.00822905385914674, 0.6371645425484074, 0.6649573263246216, 0.7030232621495665, 0.8045549261971473, 0.7498162829412318, 0.6229518328898834], [-0.3658597272389521, 0.8588074506882506, 0.0, 0.23180577603943242, 0.517211680801589, 0.13671538734135616, 0.3450974045105724, 0.6762111236046159, 0.40525291818074494, 0.20787848362569705, 0.007671947615560004, 0.6318692251950526, 0.6723609967252951, 0.7127245058553973, 0.8014093782844078, 0.7247200934728493, 0.613427125770012], [-0.346741113364029, 0.7589255692713841, 0.0, 0.23552238292336472, 0.4809417703761031, 0.1392565062355996, 0.25519407486750795, 0.670701084545826, 0.41691859508447715, 0.18875890258107564, 0.007783488497544067, 0.6286597079647633, 0.659454469660438, 0.6946406097502992, 0.7967861728554801, 0.7205585925330705, 0.6024581007942321], [-0.45335580815792076, 0.7924438547550879, 0.0, 0.16615407239144678, 0.49625028146013006, 0.134278054345274, 0.26558569150744943, 0.6769635659459716, 0.3860075107063603, 0.1897487468672192, 0.007448685839370306, 0.6454388366175456, 0.6656608909478207, 0.6981448369982329, 0.7927940118204425, 0.7091856260380857, 0.6144740138102974], [-0.04542940811496754, 0.8896354514239628, 0.0, 0.21190662968064766, 0.5230318674666903, 0.1324549791199331, 0.22498885678082486, 0.6768490545398136, 0.3752485655266806, 0.2055146553737961, 0.007560346756364078, 0.6136982378494933, 0.638202098695514, 0.662732749214303, 0.7779741502052532, 0.6995241778746245, 0.5941524199447604]]}