{"labels_1": ["1", "2", "3", "4", "5", "6", "7", "8", "9"], "labels_2": ["1", "2", "3", "4", "5", "6", "7", "8", "9"], "adj_matrix_1": [[0.0, 0.28032, 0.15682, 0.08447, 0.26271, 0.06462, 0.01521, 0.32034, 0.26188], [0.28032, 0.0, 0.198, 0.25057, 0.04447, 0.26041, 0.28251, 0.23659, 0.04592], [0.15682, 0.198, 0.0, 0.08147, 0.16144, 0.10098, 0.16829, 0.34445, 0.16019], [0.08447, 0.25057, 0.08147, 0.0, 0.22232, 0.0208, 0.09852, 0.3454, 0.22122], [0.26271, 0.04447, 0.16144, 0.22232, 0.0, 0.23455, 0.26688, 0.26918, 0.00147], [0.06462, 0.26041, 0.10098, 0.0208, 0.23455, 0.0, 0.0791, 0.34194, 0.23358], [0.01521, 0.28251, 0.16829, 0.09852, 0.26688, 0.0791, 0.0, 0.31336, 0.2661], [0.32034, 0.23659, 0.34445, 0.3454, 0.26918, 0.34194, 0.31336, 0.0, 0.27024], [0.26188, 0.04592, 0.16019, 0.22122, 0.00147, 0.23358, 0.2661, 0.27024, 0.0]], "adj_matrix_2": [[0.0, 0.04842, 0.12012, 0.21315, 0.26546, 0.185, 0.06978, 0.19464, 0.33142], [0.04842, 0.0, 0.16577, 0.17139, 0.22946, 0.14113, 0.0216, 0.15143, 0.31532], [0.12012, 0.16577, 0.0, 0.30517, 0.34101, 0.28366, 0.1853, 0.29113, 0.35769], [0.21315, 0.17139, 0.30517, 0.0, 0.07114, 0.03366, 0.15197, 0.02241, 0.2217], [0.26546, 0.22946, 0.34101, 0.07114, 0.0, 0.10359, 0.21239, 0.09283, 0.16764], [0.185, 0.14113, 0.28366, 0.03366, 0.10359, 0.0, 0.12089, 0.0113, 0.24379], [0.06978, 0.0216, 0.1853, 0.15197, 0.21239, 0.12089, 0.0, 0.13145, 0.30699], [0.19464, 0.15143, 0.29113, 0.02241, 0.09283, 0.0113, 0.13145, 0.0, 0.23665], [0.33142, 0.31532, 0.35769, 0.2217, 0.16764, 0.24379, 0.30699, 0.23665, 0.0]], "features_1": [[0.44767381848006105, 1.043758428490606, 0.0, 0.2601634504199729, 0.5533065110208287, 0.1372122260537265, 0.16745466704158646, 0.6714309487674888, 0.424112332452415, 0.24200324708661247, 0.008062078829516484, 0.6051322248207409, 0.6292411959739571, 0.6697152556961448, 0.7859965323625203, 0.7061084785491962, 0.6065795580032549], [0.024301887145171452, 1.0990895646806307, 0.0, 0.2123550772078499, 0.5587460537009122, 0.13790410368901426, 0.13644578733484067, 0.6690081248248798, 0.4283885255926303, 0.2572968892266565, 0.008340296057933516, 0.6254009809179637, 0.6394814887742383, 0.6676423488460337, 0.7821468746736964, 0.7091323086398902, 0.595431106393444], [0.477701239027545, 1.210499552961489, 0.0, 0.24588824790374003, 0.5814926107167252, 0.13752647694475545, 0.129464519967933, 0.6691029965618807, 0.4339056599785618, 0.27589136126960767, 0.008451478759474051, 0.6179743927692178, 0.6254614540644166, 0.662623348415895, 0.7796350830126598, 0.695243688648636, 0.5985377129253648], [0.7770979870895838, 1.0693991541430898, 0.0, 0.233066730552287, 0.5464043445813683, 0.14275747475215939, 0.06719016124485222, 0.6592213067336248, 0.46052576394190314, 0.25332321185643614, 0.008284682400665488, 0.6029998349637538, 0.624813197348735, 0.6645002477071997, 0.7802783769231585, 0.7008099812099691, 0.6091832240881945], [0.18057645999881045, 1.0686840333732543, 0.0, 0.19676041397655722, 0.5486909497168795, 0.1401864710784115, 0.09134457026141334, 0.6641293764596073, 0.4382442909366244, 0.25237111599331996, 0.00839589484089287, 0.6193232658145473, 0.6254471945048284, 0.6388348938932752, 0.7790715521504262, 0.7071144764370476, 0.5956587107676395], [0.7425903577491297, 1.2064149549757195, 0.0, 0.23893690285144187, 0.5746139223099577, 0.14099255488673335, 0.0781727244605797, 0.6624651025120434, 0.45794211393123785, 0.27731675494034413, 0.008729175733573014, 0.613275166822095, 0.6216448113817931, 0.6381303817802768, 0.7785794312210721, 0.6949170476435335, 0.6019557688780636], [0.8586367867868159, 1.0376086150495536, 0.0, 0.2262602479974955, 0.5411669006566929, 0.1423112532836795, 0.054307655585830616, 0.6589598371809064, 0.4373326518138059, 0.24367480634227, 0.008284682400665488, 0.5984745543085208, 0.6187654005994164, 0.6570883918136169, 0.7781098318228747, 0.7057158840792328, 0.5987405406462706], [-0.35624595853772156, 1.0967132770751853, 0.0, 0.1966893663080074, 0.5701174923983563, 0.1311876202859798, 0.14368682798534352, 0.6767053653641681, 0.35599853497773215, 0.24497523428864554, 0.00716927026363523, 0.626993893435517, 0.6314753714524137, 0.6585087431142643, 0.7673844232171464, 0.661663482191809, 0.5711063579456382], [-0.10155516340248916, 1.1770804749648294, 0.0, 0.2297378666844666, 0.5955114598080826, 0.1264089629836317, 0.17337923244334802, 0.6820415120827765, 0.33465564115226387, 0.251162699478817, 0.007001439975721224, 0.6093302666510869, 0.6225601633609891, 0.6639404109248808, 0.7601871642061278, 0.6679505686699865, 0.5720884933760955]], "features_2": [[0.012879255405214618, 0.8401433304127628, 0.0, 0.2056958903320928, 0.5130082873741726, 0.1378077934619964, 0.26228333026885975, 0.6741725983849016, 0.4535387807463973, 0.20579124002938354, 0.008507047823598457, 0.6337087522245042, 0.6751318128208331, 0.7050982154978239, 0.8022281005618704, 0.7248040440273096, 0.6430309671847894], [-0.23816048182767702, 0.8133647555124304, 0.0, 0.23093044170025304, 0.5053422752754916, 0.1421015044792161, 0.29615384765729474, 0.6713205433291031, 0.47199545985202507, 0.20744578064292174, 0.008507047823598457, 0.6368761259169, 0.6786563231000363, 0.710205000359671, 0.8140362122893389, 0.7287915900725284, 0.6415433762064544], [-0.3332601831384352, 0.912880456422282, 0.0, 0.21236595147945542, 0.5327196633253259, 0.1401062540617593, 0.2828623577084663, 0.6728338756740275, 0.4665985409112632, 0.22677931211316515, 0.008507047823598457, 0.6465843366065889, 0.6687282704994448, 0.7077638555581445, 0.807964847417584, 0.7224021062690679, 0.6455299774849323], [-0.0008537152545669002, 0.7971077255873058, 0.0, 0.21780043501230634, 0.5074750462518423, 0.1360508758772387, 0.3086395786213011, 0.6775520386311933, 0.441040241439139, 0.19442237505467141, 0.008062078829516484, 0.6185533145925464, 0.6746128737366176, 0.7048239492150933, 0.8027571422132302, 0.7213906290218437, 0.6391958514859954], [-0.00955302769184696, 0.7689679732391835, 0.0, 0.24847051747588922, 0.4954588765536855, 0.13817735219376087, 0.31032453114547776, 0.675331103796103, 0.4500153642583993, 0.19278914389296142, 0.008729175733573014, 0.6132531399720289, 0.6579291374949067, 0.6892275994367686, 0.8071287727619282, 0.7072417964385986, 0.6306477742399513], [-0.25373328997011857, 0.8752758247839798, 0.0, 0.21952205040300193, 0.5270996563658914, 0.1387417388327924, 0.3194160210366867, 0.675483829664422, 0.45416252113549493, 0.2168243399612415, 0.008062078829516484, 0.6329476852668554, 0.6776040379155605, 0.7134645809679354, 0.8088419448704901, 0.706325863281901, 0.6399691805615522], [-0.20030020314566777, 0.7327944325029019, 0.0, 0.2026344749482803, 0.47634665245574914, 0.13954497692741216, 0.20636278822489657, 0.6701513378373759, 0.4514933278929085, 0.1839320018942865, 0.00839589484089287, 0.6282279233768273, 0.6680795551977113, 0.6911900854678255, 0.798404523105163, 0.6963488190375905, 0.6251388181309838], [-0.28667384675781626, 0.7989840801263947, 0.0, 0.24761395112040796, 0.5011903791234152, 0.13445901835326504, 0.24375362506208517, 0.6762319053776377, 0.4043923260104094, 0.1938942976422997, 0.008062078829516484, 0.6348400908907141, 0.6633101614031894, 0.6949767394148987, 0.7918491277970614, 0.7005071631664916, 0.6113646200708838], [0.19314774533724455, 0.8783908099531571, 0.0, 0.2553316931182404, 0.5224798923771456, 0.1317599177000752, 0.18499746127866387, 0.6769647041194122, 0.38991241096668094, 0.20588702964630046, 0.00783923647221818, 0.6087117603767682, 0.6464558088045786, 0.6668657703811698, 0.7766580918353838, 0.6816509006620393, 0.6024497756164624]]}