{"labels_1": ["1", "2", "3", "4", "5", "6", "7", "8", "9"], "labels_2": ["1", "2", "3", "4", "5", "6", "7", "8", "9"], "adj_matrix_1": [[0.0, 0.28032, 0.15682, 0.08447, 0.26271, 0.06462, 0.01521, 0.32034, 0.26188], [0.28032, 0.0, 0.198, 0.25057, 0.04447, 0.26041, 0.28251, 0.23659, 0.04592], [0.15682, 0.198, 0.0, 0.08147, 0.16144, 0.10098, 0.16829, 0.34445, 0.16019], [0.08447, 0.25057, 0.08147, 0.0, 0.22232, 0.0208, 0.09852, 0.3454, 0.22122], [0.26271, 0.04447, 0.16144, 0.22232, 0.0, 0.23455, 0.26688, 0.26918, 0.00147], [0.06462, 0.26041, 0.10098, 0.0208, 0.23455, 0.0, 0.0791, 0.34194, 0.23358], [0.01521, 0.28251, 0.16829, 0.09852, 0.26688, 0.0791, 0.0, 0.31336, 0.2661], [0.32034, 0.23659, 0.34445, 0.3454, 0.26918, 0.34194, 0.31336, 0.0, 0.27024], [0.26188, 0.04592, 0.16019, 0.22122, 0.00147, 0.23358, 0.2661, 0.27024, 0.0]], "adj_matrix_2": [[0.0, 0.30656, 0.16923, 0.09815, 0.29593, 0.29554, 0.29904, 0.25007, 0.19022], [0.30656, 0.0, 0.3449, 0.34253, 0.18847, 0.18918, 0.17136, 0.29738, 0.33964], [0.16923, 0.3449, 0.0, 0.08336, 0.24591, 0.24533, 0.25846, 0.12902, 0.02904], [0.09815, 0.34253, 0.08336, 0.0, 0.28487, 0.28433, 0.29324, 0.19709, 0.11046], [0.29593, 0.18847, 0.24591, 0.28487, 0.0, 0.00078, 0.01931, 0.14339, 0.22723], [0.29554, 0.18918, 0.24533, 0.28433, 0.00078, 0.0, 0.02009, 0.14263, 0.2266], [0.29904, 0.17136, 0.25846, 0.29324, 0.01931, 0.02009, 0.0, 0.16073, 0.24105], [0.25007, 0.29738, 0.12902, 0.19709, 0.14339, 0.14263, 0.16073, 0.0, 0.10239], [0.19022, 0.33964, 0.02904, 0.11046, 0.22723, 0.2266, 0.24105, 0.10239, 0.0]], "features_1": [[0.44767381848006105, 1.043758428490606, 0.0, 0.2601634504199729, 0.5533065110208287, 0.1372122260537265, 0.16745466704158646, 0.6714309487674888, 0.424112332452415, 0.24200324708661247, 0.008062078829516484, 0.6051322248207409, 0.6292411959739571, 0.6697152556961448, 0.7859965323625203, 0.7061084785491962, 0.6065795580032549], [0.024301887145171452, 1.0990895646806307, 0.0, 0.2123550772078499, 0.5587460537009122, 0.13790410368901426, 0.13644578733484067, 0.6690081248248798, 0.4283885255926303, 0.2572968892266565, 0.008340296057933516, 0.6254009809179637, 0.6394814887742383, 0.6676423488460337, 0.7821468746736964, 0.7091323086398902, 0.595431106393444], [0.477701239027545, 1.210499552961489, 0.0, 0.24588824790374003, 0.5814926107167252, 0.13752647694475545, 0.129464519967933, 0.6691029965618807, 0.4339056599785618, 0.27589136126960767, 0.008451478759474051, 0.6179743927692178, 0.6254614540644166, 0.662623348415895, 0.7796350830126598, 0.695243688648636, 0.5985377129253648], [0.7770979870895838, 1.0693991541430898, 0.0, 0.233066730552287, 0.5464043445813683, 0.14275747475215939, 0.06719016124485222, 0.6592213067336248, 0.46052576394190314, 0.25332321185643614, 0.008284682400665488, 0.6029998349637538, 0.624813197348735, 0.6645002477071997, 0.7802783769231585, 0.7008099812099691, 0.6091832240881945], [0.18057645999881045, 1.0686840333732543, 0.0, 0.19676041397655722, 0.5486909497168795, 0.1401864710784115, 0.09134457026141334, 0.6641293764596073, 0.4382442909366244, 0.25237111599331996, 0.00839589484089287, 0.6193232658145473, 0.6254471945048284, 0.6388348938932752, 0.7790715521504262, 0.7071144764370476, 0.5956587107676395], [0.7425903577491297, 1.2064149549757195, 0.0, 0.23893690285144187, 0.5746139223099577, 0.14099255488673335, 0.0781727244605797, 0.6624651025120434, 0.45794211393123785, 0.27731675494034413, 0.008729175733573014, 0.613275166822095, 0.6216448113817931, 0.6381303817802768, 0.7785794312210721, 0.6949170476435335, 0.6019557688780636], [0.8586367867868159, 1.0376086150495536, 0.0, 0.2262602479974955, 0.5411669006566929, 0.1423112532836795, 0.054307655585830616, 0.6589598371809064, 0.4373326518138059, 0.24367480634227, 0.008284682400665488, 0.5984745543085208, 0.6187654005994164, 0.6570883918136169, 0.7781098318228747, 0.7057158840792328, 0.5987405406462706], [-0.35624595853772156, 1.0967132770751853, 0.0, 0.1966893663080074, 0.5701174923983563, 0.1311876202859798, 0.14368682798534352, 0.6767053653641681, 0.35599853497773215, 0.24497523428864554, 0.00716927026363523, 0.626993893435517, 0.6314753714524137, 0.6585087431142643, 0.7673844232171464, 0.661663482191809, 0.5711063579456382], [-0.10155516340248916, 1.1770804749648294, 0.0, 0.2297378666844666, 0.5955114598080826, 0.1264089629836317, 0.17337923244334802, 0.6820415120827765, 0.33465564115226387, 0.251162699478817, 0.007001439975721224, 0.6093302666510869, 0.6225601633609891, 0.6639404109248808, 0.7601871642061278, 0.6679505686699865, 0.5720884933760955]], "features_2": [[0.5470032211987683, 0.8568921176667575, 0.0, 0.1786214344824215, 0.5038888628279626, 0.13976407174449806, 0.2335256868063702, 0.6693577076443048, 0.4311182724887739, 0.20588136375883392, 0.008062078829516484, 0.6006930913498167, 0.6516356368389742, 0.679552251444826, 0.7962695542069821, 0.7401634334837071, 0.635409632865046], [-0.17428789622857677, 0.8271002883877695, 0.0, 0.17551234514485187, 0.49672178445234505, 0.14334522828783608, 0.2719640244454574, 0.6674709006524022, 0.4494301120381161, 0.20759346001654566, 0.007950687539111767, 0.6377617151689117, 0.6819712581691852, 0.717288093512701, 0.8107545875792769, 0.7465956629535423, 0.6349410862282452], [0.16530360830599422, 0.9193464402026394, 0.0, 0.1838822937638296, 0.518756302266821, 0.1431871627125615, 0.2622471571359398, 0.6666141159359953, 0.457304050568206, 0.2269742348516166, 0.008173410423425675, 0.6165470697288458, 0.6608577833603859, 0.6982180766882907, 0.804905469794975, 0.7332277750572537, 0.6390496625768876], [0.41293182329608547, 0.8514540651625835, 0.0, 0.1831541537576404, 0.5023486328760438, 0.14086038599812462, 0.26024803135074065, 0.6678555739352142, 0.43373201281681917, 0.20515543851802565, 0.00839589484089287, 0.6072720155358151, 0.6513614582733511, 0.6750170668762716, 0.7942613608549297, 0.7207484570239769, 0.6312721617633386], [-0.21475035391205655, 0.7694210044816518, 0.0, 0.18268181922133717, 0.48063975771785705, 0.1446436155005277, 0.2946431868959813, 0.6669962818574318, 0.46126008102197824, 0.1969711997509671, 0.008173410423425675, 0.6363382833969555, 0.6661378201855485, 0.7061023979302945, 0.8139434537531939, 0.7228129716504056, 0.6350117308087776], [-0.12668034142385798, 0.9508596025056665, 0.0, 0.1878841123841137, 0.5232147916986074, 0.14485300954996494, 0.23573972648985944, 0.6628822748781463, 0.46262500101336346, 0.2370884323964273, 0.008062078829516484, 0.6336923258538061, 0.6608362013287438, 0.7059055553214573, 0.8026679391068956, 0.7154321901343268, 0.6321739454732542], [-0.04388674034725515, 0.8146065645036306, 0.0, 0.1868712862182013, 0.4917474347287719, 0.14059230141329176, 0.2973571898639896, 0.6683869560115636, 0.428209884225619, 0.19991645827645654, 0.008507047823598457, 0.6232461570117931, 0.6684816495125642, 0.6927926586290509, 0.7935265667137784, 0.721134059317714, 0.6187641979198995], [0.03300307805922342, 0.8210902860448974, 0.0, 0.21714008597427858, 0.4939361926896195, 0.1422551151120106, 0.2688608014807528, 0.6672581213769735, 0.44338951501388846, 0.20365815792111142, 0.00839589484089287, 0.6217566439301643, 0.6556561864774763, 0.6939196796327375, 0.801635780728573, 0.7204478785155392, 0.6233566462348189], [0.4237126876907982, 0.9017461628153136, 0.0, 0.23081896171714125, 0.5180468433994114, 0.13706131577315775, 0.28747448032223916, 0.6722215727245247, 0.4199655117407963, 0.21171054889210628, 0.008618141428105908, 0.6094938700885999, 0.6519618405564476, 0.6770223884283171, 0.784716133493515, 0.7168179335554687, 0.5984991668188692]]}