{"labels_1": ["1", "2", "3", "4", "5", "6", "7", "8", "9"], "labels_2": ["1", "2", "3", "4", "5", "6", "7", "8", "9"], "adj_matrix_1": [[0.0, 0.28032, 0.15682, 0.08447, 0.26271, 0.06462, 0.01521, 0.32034, 0.26188], [0.28032, 0.0, 0.198, 0.25057, 0.04447, 0.26041, 0.28251, 0.23659, 0.04592], [0.15682, 0.198, 0.0, 0.08147, 0.16144, 0.10098, 0.16829, 0.34445, 0.16019], [0.08447, 0.25057, 0.08147, 0.0, 0.22232, 0.0208, 0.09852, 0.3454, 0.22122], [0.26271, 0.04447, 0.16144, 0.22232, 0.0, 0.23455, 0.26688, 0.26918, 0.00147], [0.06462, 0.26041, 0.10098, 0.0208, 0.23455, 0.0, 0.0791, 0.34194, 0.23358], [0.01521, 0.28251, 0.16829, 0.09852, 0.26688, 0.0791, 0.0, 0.31336, 0.2661], [0.32034, 0.23659, 0.34445, 0.3454, 0.26918, 0.34194, 0.31336, 0.0, 0.27024], [0.26188, 0.04592, 0.16019, 0.22122, 0.00147, 0.23358, 0.2661, 0.27024, 0.0]], "adj_matrix_2": [[0.0, 0.10687, 0.07802, 0.0619, 0.15733, 0.08038, 0.01626, 0.24736, 0.1563], [0.10687, 0.0, 0.03139, 0.0481, 0.06015, 0.0289, 0.09224, 0.19251, 0.05884], [0.07802, 0.03139, 0.0, 0.01694, 0.09007, 0.00251, 0.06254, 0.21262, 0.08882], [0.0619, 0.0481, 0.01694, 0.0, 0.10559, 0.01944, 0.0461, 0.22208, 0.10437], [0.15733, 0.06015, 0.09007, 0.10559, 0.0, 0.08775, 0.14491, 0.14556, 0.00135], [0.08038, 0.0289, 0.00251, 0.01944, 0.08775, 0.0, 0.06497, 0.21115, 0.08649], [0.01626, 0.09224, 0.06254, 0.0461, 0.14491, 0.06497, 0.0, 0.24232, 0.14382], [0.24736, 0.19251, 0.21262, 0.22208, 0.14556, 0.21115, 0.24232, 0.0, 0.1467], [0.1563, 0.05884, 0.08882, 0.10437, 0.00135, 0.08649, 0.14382, 0.1467, 0.0]], "features_1": [[0.44767381848006105, 1.043758428490606, 0.0, 0.2601634504199729, 0.5533065110208287, 0.1372122260537265, 0.16745466704158646, 0.6714309487674888, 0.424112332452415, 0.24200324708661247, 0.008062078829516484, 0.6051322248207409, 0.6292411959739571, 0.6697152556961448, 0.7859965323625203, 0.7061084785491962, 0.6065795580032549], [0.024301887145171452, 1.0990895646806307, 0.0, 0.2123550772078499, 0.5587460537009122, 0.13790410368901426, 0.13644578733484067, 0.6690081248248798, 0.4283885255926303, 0.2572968892266565, 0.008340296057933516, 0.6254009809179637, 0.6394814887742383, 0.6676423488460337, 0.7821468746736964, 0.7091323086398902, 0.595431106393444], [0.477701239027545, 1.210499552961489, 0.0, 0.24588824790374003, 0.5814926107167252, 0.13752647694475545, 0.129464519967933, 0.6691029965618807, 0.4339056599785618, 0.27589136126960767, 0.008451478759474051, 0.6179743927692178, 0.6254614540644166, 0.662623348415895, 0.7796350830126598, 0.695243688648636, 0.5985377129253648], [0.7770979870895838, 1.0693991541430898, 0.0, 0.233066730552287, 0.5464043445813683, 0.14275747475215939, 0.06719016124485222, 0.6592213067336248, 0.46052576394190314, 0.25332321185643614, 0.008284682400665488, 0.6029998349637538, 0.624813197348735, 0.6645002477071997, 0.7802783769231585, 0.7008099812099691, 0.6091832240881945], [0.18057645999881045, 1.0686840333732543, 0.0, 0.19676041397655722, 0.5486909497168795, 0.1401864710784115, 0.09134457026141334, 0.6641293764596073, 0.4382442909366244, 0.25237111599331996, 0.00839589484089287, 0.6193232658145473, 0.6254471945048284, 0.6388348938932752, 0.7790715521504262, 0.7071144764370476, 0.5956587107676395], [0.7425903577491297, 1.2064149549757195, 0.0, 0.23893690285144187, 0.5746139223099577, 0.14099255488673335, 0.0781727244605797, 0.6624651025120434, 0.45794211393123785, 0.27731675494034413, 0.008729175733573014, 0.613275166822095, 0.6216448113817931, 0.6381303817802768, 0.7785794312210721, 0.6949170476435335, 0.6019557688780636], [0.8586367867868159, 1.0376086150495536, 0.0, 0.2262602479974955, 0.5411669006566929, 0.1423112532836795, 0.054307655585830616, 0.6589598371809064, 0.4373326518138059, 0.24367480634227, 0.008284682400665488, 0.5984745543085208, 0.6187654005994164, 0.6570883918136169, 0.7781098318228747, 0.7057158840792328, 0.5987405406462706], [-0.35624595853772156, 1.0967132770751853, 0.0, 0.1966893663080074, 0.5701174923983563, 0.1311876202859798, 0.14368682798534352, 0.6767053653641681, 0.35599853497773215, 0.24497523428864554, 0.00716927026363523, 0.626993893435517, 0.6314753714524137, 0.6585087431142643, 0.7673844232171464, 0.661663482191809, 0.5711063579456382], [-0.10155516340248916, 1.1770804749648294, 0.0, 0.2297378666844666, 0.5955114598080826, 0.1264089629836317, 0.17337923244334802, 0.6820415120827765, 0.33465564115226387, 0.251162699478817, 0.007001439975721224, 0.6093302666510869, 0.6225601633609891, 0.6639404109248808, 0.7601871642061278, 0.6679505686699865, 0.5720884933760955]], "features_2": [[0.8412604611581047, 0.8783820341814683, 0.0, 0.26428438714714825, 0.5125679160084925, 0.13943731583863758, 0.15445345860521442, 0.6681064427510266, 0.434365303683492, 0.21036775513607986, 0.008173410423425675, 0.5899651978357225, 0.6372354298803243, 0.664824316359884, 0.7906021304193415, 0.7226143303001583, 0.592723775988907], [0.2515798775651863, 0.7745687951728779, 0.0, 0.22175903545588607, 0.4798310616275035, 0.14559638608918368, 0.20338914264695376, 0.6624860083483959, 0.45625609003744816, 0.19605830475532304, 0.008062078829516484, 0.6073789453491392, 0.6705113957807284, 0.7079381616430244, 0.806997608933562, 0.7126773680544971, 0.6094620009366852], [0.5355199282102463, 0.9027384441394412, 0.0, 0.24420057496746064, 0.5175323472414303, 0.14177008169062222, 0.1602862378830075, 0.6652065018921763, 0.43689056872331355, 0.21718263308703656, 0.007783488497544067, 0.5922579941038899, 0.6479446007248355, 0.6742149939924245, 0.7964586573225013, 0.7078832164283909, 0.594328383112663], [0.6319322781493031, 0.8280697764603902, 0.0, 0.27191523668793977, 0.501989147671152, 0.13928033302407977, 0.17350529052980973, 0.669387553216491, 0.43332625095687205, 0.19961751127049987, 0.008006390651371653, 0.5893955783467786, 0.6549990998533496, 0.6814994066888923, 0.7939346430481806, 0.7104879553298429, 0.5997062690135873], [0.045323675765549076, 0.7257611043119205, 0.0, 0.20442013646164736, 0.4637148174565199, 0.14750512928221532, 0.21100063549993991, 0.6610785178051732, 0.4701814703726095, 0.1877777301018777, 0.008284682400665488, 0.6142138340406893, 0.6613937319920427, 0.7005955842539601, 0.8124329973822861, 0.7200997241851016, 0.620045750549262], [0.4175258398496551, 0.8596798550300166, 0.0, 0.23637994558079295, 0.5040358356822232, 0.14439219247289073, 0.18593440517345244, 0.6631975638284043, 0.45411017860787206, 0.2128370114728928, 0.007894969482732161, 0.5953669717445491, 0.6567933115336841, 0.6836593128924153, 0.8049561514612182, 0.7060629848259412, 0.6046376428001423], [0.45566603636258485, 0.7288355460791698, 0.0, 0.24717423382664797, 0.4665954567945593, 0.1439131991388443, 0.1821926333156199, 0.6640805474174103, 0.45829319869260665, 0.1844115945598348, 0.00839589484089287, 0.5967381278462076, 0.6623769264029831, 0.6912032754768349, 0.8020703552649078, 0.7356852375227922, 0.6078897319328123], [-0.006077309670197373, 0.712877974972598, 0.0, 0.2460278916455849, 0.4612848986069426, 0.14308509927715476, 0.24071316932094292, 0.6667670765231489, 0.4430404468714284, 0.1804236761168565, 0.008062078829516484, 0.6219461118716121, 0.6709263354827297, 0.6886382254782041, 0.8047387019412634, 0.7092046650844659, 0.6123372108834838], [0.26514386335530027, 0.7310364593345445, 0.0, 0.25914813428398564, 0.4681981654849017, 0.14220593021187097, 0.2340564730059583, 0.6676572042652439, 0.4471749933362139, 0.1835447882184651, 0.008618141428105908, 0.6064369489750789, 0.652094968930546, 0.6874974480178262, 0.8018844722685772, 0.7215092478476918, 0.6100639546281938]]}