{"labels_1": ["1", "2", "3", "4", "5", "6", "7", "8", "9"], "labels_2": ["1", "2", "3", "4", "5", "6", "7", "8", "9"], "adj_matrix_1": [[0.0, 0.1612, 0.2334, 0.21563, 0.3186, 0.30643, 0.04428, 0.36603, 0.05511], [0.1612, 0.0, 0.08538, 0.06348, 0.19868, 0.18158, 0.1208, 0.26942, 0.11047], [0.2334, 0.08538, 0.0, 0.02229, 0.11948, 0.10102, 0.19827, 0.19762, 0.18906], [0.21563, 0.06348, 0.02229, 0.0, 0.14069, 0.1225, 0.17898, 0.21723, 0.16942], [0.3186, 0.19868, 0.11948, 0.14069, 0.0, 0.01906, 0.2929, 0.08304, 0.28581], [0.30643, 0.18158, 0.10102, 0.1225, 0.01906, 0.0, 0.27916, 0.10173, 0.27171], [0.04428, 0.1208, 0.19827, 0.17898, 0.2929, 0.27916, 0.0, 0.3475, 0.01096], [0.36603, 0.26942, 0.19762, 0.21723, 0.08304, 0.10173, 0.3475, 0.0, 0.34208], [0.05511, 0.11047, 0.18906, 0.16942, 0.28581, 0.27171, 0.01096, 0.34208, 0.0]], "adj_matrix_2": [[0.0, 0.09639, 0.1117, 0.00892, 0.06473, 0.01262, 0.19961, 0.17048, 0.17036], [0.09639, 0.0, 0.01569, 0.10509, 0.03212, 0.08401, 0.2801, 0.25503, 0.25495], [0.1117, 0.01569, 0.0, 0.12032, 0.04775, 0.09941, 0.29203, 0.26773, 0.26768], [0.00892, 0.10509, 0.12032, 0.0, 0.07355, 0.02154, 0.19176, 0.16231, 0.16218], [0.06473, 0.03212, 0.04775, 0.07355, 0.0, 0.05221, 0.25461, 0.22807, 0.22796], [0.01262, 0.08401, 0.09941, 0.02154, 0.05221, 0.0, 0.2106, 0.18195, 0.18184], [0.19961, 0.2801, 0.29203, 0.19176, 0.25461, 0.2106, 0.0, 0.03295, 0.0331], [0.17048, 0.25503, 0.26773, 0.16231, 0.22807, 0.18195, 0.03295, 0.0, 0.00016], [0.17036, 0.25495, 0.26768, 0.16218, 0.22796, 0.18184, 0.0331, 0.00016, 0.0]], "features_1": [[0.17507746874408214, 0.8703684292076312, 0.0, 0.19918024933503775, 0.5086138976677802, 0.14426397129812135, 0.2655097045993813, 0.667356268986417, 0.46654563081502065, 0.21567263817918159, 0.008507047823598457, 0.6237404039010079, 0.6787171055345557, 0.7122851935962833, 0.8123732134150559, 0.7452559795883187, 0.627827734660069], [0.01356590835965088, 0.8943518568539497, 0.0, 0.18419473089852886, 0.5076571266654007, 0.14688045697425361, 0.22108336746024193, 0.6618053455686259, 0.4793308122680531, 0.22541293268597706, 0.008562602043175715, 0.6321654082692685, 0.6720436205513559, 0.709068060189364, 0.8122079426267862, 0.7391313487964986, 0.6240677618170947], [-0.050956438791920355, 0.9471319173608599, 0.0, 0.17430945058477396, 0.528429261750544, 0.14340314616054062, 0.27221329231928665, 0.6687529691882561, 0.4687333822959614, 0.23321412508756523, 0.008340296057933516, 0.6370567546878971, 0.6891752069421041, 0.7267582521593999, 0.8120875111401386, 0.7328367729384211, 0.622237342843879], [0.061057714574918265, 0.8451552254723277, 0.0, 0.1782890943312835, 0.507777204235377, 0.14067373894739374, 0.29221868531529227, 0.6723274019587261, 0.44932872824831604, 0.2060246402360355, 0.00822905385914674, 0.629349097566668, 0.674607014713055, 0.7000382759452732, 0.808610903843624, 0.7310637893305062, 0.6169036349164895], [-0.22472037606170447, 0.8623660212669888, 0.0, 0.1755001504649927, 0.4983050977335567, 0.14680340330648267, 0.22186887867218202, 0.6611719738894388, 0.47733683377014224, 0.22028104161102324, 0.008451478759474051, 0.6444773171155265, 0.6739897645280819, 0.7118135732150777, 0.8117736309934843, 0.7343030001679687, 0.6186154082865045], [-0.24554122749847762, 0.9280418790488938, 0.0, 0.17199240965562823, 0.5232569948614704, 0.14277821976046165, 0.26153307416402216, 0.6685714149756188, 0.4580978366218482, 0.22986377857000306, 0.00822905385914674, 0.6401076808606012, 0.6847571838082838, 0.7278864678977615, 0.8095261869301794, 0.7248065846119737, 0.6106228848303], [-0.10473289768995686, 0.8567699980544766, 0.0, 0.1812389358885721, 0.5090305577519934, 0.13860940999304774, 0.2640471081789727, 0.6723800487309586, 0.4184545903466197, 0.20593500125589048, 0.007783488497544067, 0.6204754934149093, 0.6688592041814345, 0.6963441359747247, 0.7979764607347926, 0.7072174999301507, 0.590625650791758], [-0.33715620848504146, 0.8302643439157354, 0.0, 0.19653475676674584, 0.4957814119880246, 0.1404063854524748, 0.21108661565673686, 0.6676883414817183, 0.4283297758511011, 0.20532591833243674, 0.00822905385914674, 0.6462191530052568, 0.6614899983432477, 0.6868962722958872, 0.7970748790756631, 0.7131231849330655, 0.5888535010364007], [0.00569075378416839, 0.8980551804328113, 0.0, 0.2532609288912454, 0.5181417452208199, 0.1367016010423802, 0.21009356215493186, 0.6717232226945842, 0.40579017260259254, 0.21242693705102966, 0.007560346756364078, 0.6209468816307875, 0.6602411848511418, 0.6925262125198445, 0.7854977014062023, 0.716297995490923, 0.569909561122161]], "features_2": [[-0.42490846752407263, 0.9861298640903106, 0.0, 0.18036278818791876, 0.547901896569116, 0.13379801012532902, 0.16964726138322064, 0.6746561491051257, 0.3888302852901506, 0.23042998849423801, 0.007392832833969631, 0.6348877642596475, 0.6493336231865333, 0.6740672009728644, 0.7793140623805012, 0.7095886143696076, 0.5987571306915173], [-0.4220960912310794, 0.9849710086128949, 0.0, 0.15044500135074537, 0.5426216060362286, 0.13375107853494092, 0.18957379680662853, 0.6744383963269336, 0.37734913590723074, 0.22896131710747292, 0.007504523810135222, 0.6371141900664341, 0.6620354319876586, 0.6780652321248845, 0.7785891285714777, 0.6806256489386451, 0.58950899400105], [-0.4186261225862986, 1.0855108729812835, 0.0, 0.18353091569676058, 0.5673541190736663, 0.13418939169983266, 0.18934855788291854, 0.6742473205703241, 0.3902980986265958, 0.2503160409261389, 0.007616154688146137, 0.6447018170465268, 0.6275881014759547, 0.6545091755592146, 0.7802243497213015, 0.6964920294259075, 0.5982812805841611], [-0.35441095826919655, 0.9315226494959854, 0.0, 0.1786356897657687, 0.5305424249563504, 0.13592007967849545, 0.17320608729361311, 0.6721457136563792, 0.3998006244614136, 0.220755974794125, 0.007727725548673403, 0.6381217796909928, 0.6563586972207939, 0.685391066678828, 0.7829781794446719, 0.6932623855441107, 0.5997059656371224], [-0.32873234093631476, 0.9085331345981642, 0.0, 0.15175602629428053, 0.519754621759702, 0.13507496652183157, 0.19061031780984267, 0.6725182141419279, 0.3873972478761005, 0.21408278201859665, 0.007392832833969631, 0.6368754323112551, 0.653284621134004, 0.683425804563656, 0.779891122822847, 0.7057533748774185, 0.58675191613803], [-0.429489556816526, 1.0030718478417489, 0.0, 0.15480620968897654, 0.5440225967609389, 0.13671073669308742, 0.1994588905975533, 0.6711201980575288, 0.40256003864197343, 0.23711522757422165, 0.00783923647221818, 0.6384120079781797, 0.6394458520655429, 0.6732167767872411, 0.7845383556719896, 0.7163625233430203, 0.5926668785702622], [-0.024225527679941905, 0.847221569790199, 0.0, 0.20537696091689897, 0.5010670367749696, 0.13757897067640548, 0.15858400348634943, 0.6692668021477357, 0.4096014962039387, 0.20218598016500255, 0.007504523810135222, 0.621001137681354, 0.6414215141259345, 0.6620103025513571, 0.7832071984806788, 0.7263550566163862, 0.5822308169040976], [-0.08971641123943508, 0.8603661343692776, 0.0, 0.18235961851388424, 0.5064681519305665, 0.13418533844797068, 0.17451174279052922, 0.6729085610364252, 0.39683085336599033, 0.2041833624371232, 0.008062078829516484, 0.6314897199816354, 0.6479676138277994, 0.6707712638544134, 0.775580268151577, 0.7209201610852434, 0.5788577196134485], [0.1559782029878587, 0.9259757828187738, 0.0, 0.21466855676454896, 0.5301446073149788, 0.13135597750990893, 0.17363403364996371, 0.6765456361079654, 0.3797385033781364, 0.21046510245133843, 0.007336964783822175, 0.6149577312515602, 0.6298451689463027, 0.6589103354250748, 0.7709884544043899, 0.7157005249356115, 0.5756454740813399]]}