{"labels_1": ["1", "2", "3", "4", "5", "6", "7", "8", "9"], "labels_2": ["1", "2", "3", "4", "5", "6", "7", "8", "9"], "adj_matrix_1": [[0.0, 0.1612, 0.2334, 0.21563, 0.3186, 0.30643, 0.04428, 0.36603, 0.05511], [0.1612, 0.0, 0.08538, 0.06348, 0.19868, 0.18158, 0.1208, 0.26942, 0.11047], [0.2334, 0.08538, 0.0, 0.02229, 0.11948, 0.10102, 0.19827, 0.19762, 0.18906], [0.21563, 0.06348, 0.02229, 0.0, 0.14069, 0.1225, 0.17898, 0.21723, 0.16942], [0.3186, 0.19868, 0.11948, 0.14069, 0.0, 0.01906, 0.2929, 0.08304, 0.28581], [0.30643, 0.18158, 0.10102, 0.1225, 0.01906, 0.0, 0.27916, 0.10173, 0.27171], [0.04428, 0.1208, 0.19827, 0.17898, 0.2929, 0.27916, 0.0, 0.3475, 0.01096], [0.36603, 0.26942, 0.19762, 0.21723, 0.08304, 0.10173, 0.3475, 0.0, 0.34208], [0.05511, 0.11047, 0.18906, 0.16942, 0.28581, 0.27171, 0.01096, 0.34208, 0.0]], "adj_matrix_2": [[0.0, 0.27256, 0.15705, 0.12054, 0.30444, 0.21358, 0.25155, 0.27334, 0.29111], [0.27256, 0.0, 0.15751, 0.19256, 0.06299, 0.09091, 0.03558, 0.0014, 0.03525], [0.15705, 0.15751, 0.0, 0.04153, 0.21144, 0.07132, 0.12505, 0.15875, 0.18821], [0.12054, 0.19256, 0.04153, 0.0, 0.24204, 0.11112, 0.16225, 0.19372, 0.22084], [0.30444, 0.06299, 0.21144, 0.24204, 0.0, 0.1505, 0.09775, 0.06161, 0.02796], [0.21358, 0.09091, 0.07132, 0.11112, 0.1505, 0.0, 0.05607, 0.09226, 0.12456], [0.25155, 0.03558, 0.12505, 0.16225, 0.09775, 0.05607, 0.0, 0.03697, 0.07049], [0.27334, 0.0014, 0.15875, 0.19372, 0.06161, 0.09226, 0.03697, 0.0, 0.03385], [0.29111, 0.03525, 0.18821, 0.22084, 0.02796, 0.12456, 0.07049, 0.03385, 0.0]], "features_1": [[0.17507746874408214, 0.8703684292076312, 0.0, 0.19918024933503775, 0.5086138976677802, 0.14426397129812135, 0.2655097045993813, 0.667356268986417, 0.46654563081502065, 0.21567263817918159, 0.008507047823598457, 0.6237404039010079, 0.6787171055345557, 0.7122851935962833, 0.8123732134150559, 0.7452559795883187, 0.627827734660069], [0.01356590835965088, 0.8943518568539497, 0.0, 0.18419473089852886, 0.5076571266654007, 0.14688045697425361, 0.22108336746024193, 0.6618053455686259, 0.4793308122680531, 0.22541293268597706, 0.008562602043175715, 0.6321654082692685, 0.6720436205513559, 0.709068060189364, 0.8122079426267862, 0.7391313487964986, 0.6240677618170947], [-0.050956438791920355, 0.9471319173608599, 0.0, 0.17430945058477396, 0.528429261750544, 0.14340314616054062, 0.27221329231928665, 0.6687529691882561, 0.4687333822959614, 0.23321412508756523, 0.008340296057933516, 0.6370567546878971, 0.6891752069421041, 0.7267582521593999, 0.8120875111401386, 0.7328367729384211, 0.622237342843879], [0.061057714574918265, 0.8451552254723277, 0.0, 0.1782890943312835, 0.507777204235377, 0.14067373894739374, 0.29221868531529227, 0.6723274019587261, 0.44932872824831604, 0.2060246402360355, 0.00822905385914674, 0.629349097566668, 0.674607014713055, 0.7000382759452732, 0.808610903843624, 0.7310637893305062, 0.6169036349164895], [-0.22472037606170447, 0.8623660212669888, 0.0, 0.1755001504649927, 0.4983050977335567, 0.14680340330648267, 0.22186887867218202, 0.6611719738894388, 0.47733683377014224, 0.22028104161102324, 0.008451478759474051, 0.6444773171155265, 0.6739897645280819, 0.7118135732150777, 0.8117736309934843, 0.7343030001679687, 0.6186154082865045], [-0.24554122749847762, 0.9280418790488938, 0.0, 0.17199240965562823, 0.5232569948614704, 0.14277821976046165, 0.26153307416402216, 0.6685714149756188, 0.4580978366218482, 0.22986377857000306, 0.00822905385914674, 0.6401076808606012, 0.6847571838082838, 0.7278864678977615, 0.8095261869301794, 0.7248065846119737, 0.6106228848303], [-0.10473289768995686, 0.8567699980544766, 0.0, 0.1812389358885721, 0.5090305577519934, 0.13860940999304774, 0.2640471081789727, 0.6723800487309586, 0.4184545903466197, 0.20593500125589048, 0.007783488497544067, 0.6204754934149093, 0.6688592041814345, 0.6963441359747247, 0.7979764607347926, 0.7072174999301507, 0.590625650791758], [-0.33715620848504146, 0.8302643439157354, 0.0, 0.19653475676674584, 0.4957814119880246, 0.1404063854524748, 0.21108661565673686, 0.6676883414817183, 0.4283297758511011, 0.20532591833243674, 0.00822905385914674, 0.6462191530052568, 0.6614899983432477, 0.6868962722958872, 0.7970748790756631, 0.7131231849330655, 0.5888535010364007], [0.00569075378416839, 0.8980551804328113, 0.0, 0.2532609288912454, 0.5181417452208199, 0.1367016010423802, 0.21009356215493186, 0.6717232226945842, 0.40579017260259254, 0.21242693705102966, 0.007560346756364078, 0.6209468816307875, 0.6602411848511418, 0.6925262125198445, 0.7854977014062023, 0.716297995490923, 0.569909561122161]], "features_2": [[0.011419166626580601, 0.7548203946707067, 0.0, 0.22566594781595226, 0.47246236618950016, 0.14611569845549957, 0.21300410491482466, 0.6629565680526803, 0.46626307509789, 0.19500400924773587, 0.008173410423425675, 0.6190135824483098, 0.6687395784025605, 0.7108681133164606, 0.8133907985135275, 0.7102441531788213, 0.6347905029027093], [-0.0935621536226856, 0.7758738061636092, 0.0, 0.21182704503223096, 0.4724984242741539, 0.14997520219915766, 0.18720836285680775, 0.6557097683659775, 0.4896612335751316, 0.2040597785733067, 0.008507047823598457, 0.6337752397050247, 0.66899018957855, 0.7032276783715633, 0.8155350186203071, 0.717160043441615, 0.6326809280824471], [0.05547966111056413, 0.8500775247043113, 0.0, 0.22592056144222014, 0.49664669640387094, 0.14771262382603678, 0.202382833884284, 0.6599299789446995, 0.4826609273550486, 0.21722228023680845, 0.008451478759474051, 0.6214046847398598, 0.6733812357545782, 0.7060389795534721, 0.8134322099013817, 0.7138955050287996, 0.6378334728400425], [-0.050888308750218325, 0.749336650618801, 0.0, 0.2313108232378184, 0.4754146995022677, 0.14347494465565605, 0.23552840236337644, 0.6671775182056872, 0.44803528197823494, 0.18926259641615895, 0.008284682400665488, 0.6169997980005368, 0.6719720221663043, 0.7067247208997629, 0.8102667118770014, 0.7312365786140705, 0.636788830709635], [-0.14076316891874185, 0.7453236709956187, 0.0, 0.2060629728189756, 0.464306698239302, 0.14825332275109815, 0.18708082936683965, 0.6579920359608817, 0.4787781846781545, 0.19523414260872918, 0.008618141428105908, 0.6409183404727188, 0.6864661276900831, 0.7136021780310515, 0.8115748356484858, 0.7175623486059408, 0.6294713179538911], [-0.07673683021554778, 0.8349981302030554, 0.0, 0.19912968114401267, 0.48952708336317274, 0.14880874938272298, 0.18637551998774313, 0.6566737722951621, 0.4848617772582344, 0.2150184371773316, 0.008340296057933516, 0.6277874601558842, 0.664318991048693, 0.701542163186572, 0.8099154539900529, 0.7240093593055018, 0.6309788109808239], [-0.1386635209391689, 0.7364412906145319, 0.0, 0.19955457451314557, 0.4660390819639602, 0.14402253911428192, 0.23864174269295332, 0.6650948683418936, 0.44544862893713333, 0.18720494390063447, 0.008284682400665488, 0.6332433719637285, 0.6689911661052477, 0.6958612845550264, 0.8050818612801637, 0.7056686288050986, 0.6212096110026255], [0.17354267688866898, 0.7719047512051398, 0.0, 0.22590672188339378, 0.46959115382739713, 0.14648607266810101, 0.2714450195472565, 0.6595590720607112, 0.4547795745120038, 0.19514711142995433, 0.008451478759474051, 0.6251313725529322, 0.6484450855925401, 0.6669388776044928, 0.8022683997836021, 0.735981557531917, 0.6106988330806066], [-0.12059755364255853, 0.8295951026220749, 0.0, 0.19889452379971317, 0.4889498457220314, 0.14310375179615784, 0.296981451084001, 0.6632459700451652, 0.4219059935472176, 0.20371932734503795, 0.008006390651371653, 0.6265781930894416, 0.6542930917854959, 0.6797487712552501, 0.7910518879728672, 0.7168289680518577, 0.5968914037292209]]}