{"labels_1": ["1", "2", "3", "4", "5", "6", "7", "8", "9"], "labels_2": ["1", "2", "3", "4", "5", "6", "7", "8", "9"], "adj_matrix_1": [[0.0, 0.1612, 0.2334, 0.21563, 0.3186, 0.30643, 0.04428, 0.36603, 0.05511], [0.1612, 0.0, 0.08538, 0.06348, 0.19868, 0.18158, 0.1208, 0.26942, 0.11047], [0.2334, 0.08538, 0.0, 0.02229, 0.11948, 0.10102, 0.19827, 0.19762, 0.18906], [0.21563, 0.06348, 0.02229, 0.0, 0.14069, 0.1225, 0.17898, 0.21723, 0.16942], [0.3186, 0.19868, 0.11948, 0.14069, 0.0, 0.01906, 0.2929, 0.08304, 0.28581], [0.30643, 0.18158, 0.10102, 0.1225, 0.01906, 0.0, 0.27916, 0.10173, 0.27171], [0.04428, 0.1208, 0.19827, 0.17898, 0.2929, 0.27916, 0.0, 0.3475, 0.01096], [0.36603, 0.26942, 0.19762, 0.21723, 0.08304, 0.10173, 0.3475, 0.0, 0.34208], [0.05511, 0.11047, 0.18906, 0.16942, 0.28581, 0.27171, 0.01096, 0.34208, 0.0]], "adj_matrix_2": [[0.0, 0.30656, 0.16923, 0.09815, 0.29593, 0.29554, 0.29904, 0.25007, 0.19022], [0.30656, 0.0, 0.3449, 0.34253, 0.18847, 0.18918, 0.17136, 0.29738, 0.33964], [0.16923, 0.3449, 0.0, 0.08336, 0.24591, 0.24533, 0.25846, 0.12902, 0.02904], [0.09815, 0.34253, 0.08336, 0.0, 0.28487, 0.28433, 0.29324, 0.19709, 0.11046], [0.29593, 0.18847, 0.24591, 0.28487, 0.0, 0.00078, 0.01931, 0.14339, 0.22723], [0.29554, 0.18918, 0.24533, 0.28433, 0.00078, 0.0, 0.02009, 0.14263, 0.2266], [0.29904, 0.17136, 0.25846, 0.29324, 0.01931, 0.02009, 0.0, 0.16073, 0.24105], [0.25007, 0.29738, 0.12902, 0.19709, 0.14339, 0.14263, 0.16073, 0.0, 0.10239], [0.19022, 0.33964, 0.02904, 0.11046, 0.22723, 0.2266, 0.24105, 0.10239, 0.0]], "features_1": [[0.17507746874408214, 0.8703684292076312, 0.0, 0.19918024933503775, 0.5086138976677802, 0.14426397129812135, 0.2655097045993813, 0.667356268986417, 0.46654563081502065, 0.21567263817918159, 0.008507047823598457, 0.6237404039010079, 0.6787171055345557, 0.7122851935962833, 0.8123732134150559, 0.7452559795883187, 0.627827734660069], [0.01356590835965088, 0.8943518568539497, 0.0, 0.18419473089852886, 0.5076571266654007, 0.14688045697425361, 0.22108336746024193, 0.6618053455686259, 0.4793308122680531, 0.22541293268597706, 0.008562602043175715, 0.6321654082692685, 0.6720436205513559, 0.709068060189364, 0.8122079426267862, 0.7391313487964986, 0.6240677618170947], [-0.050956438791920355, 0.9471319173608599, 0.0, 0.17430945058477396, 0.528429261750544, 0.14340314616054062, 0.27221329231928665, 0.6687529691882561, 0.4687333822959614, 0.23321412508756523, 0.008340296057933516, 0.6370567546878971, 0.6891752069421041, 0.7267582521593999, 0.8120875111401386, 0.7328367729384211, 0.622237342843879], [0.061057714574918265, 0.8451552254723277, 0.0, 0.1782890943312835, 0.507777204235377, 0.14067373894739374, 0.29221868531529227, 0.6723274019587261, 0.44932872824831604, 0.2060246402360355, 0.00822905385914674, 0.629349097566668, 0.674607014713055, 0.7000382759452732, 0.808610903843624, 0.7310637893305062, 0.6169036349164895], [-0.22472037606170447, 0.8623660212669888, 0.0, 0.1755001504649927, 0.4983050977335567, 0.14680340330648267, 0.22186887867218202, 0.6611719738894388, 0.47733683377014224, 0.22028104161102324, 0.008451478759474051, 0.6444773171155265, 0.6739897645280819, 0.7118135732150777, 0.8117736309934843, 0.7343030001679687, 0.6186154082865045], [-0.24554122749847762, 0.9280418790488938, 0.0, 0.17199240965562823, 0.5232569948614704, 0.14277821976046165, 0.26153307416402216, 0.6685714149756188, 0.4580978366218482, 0.22986377857000306, 0.00822905385914674, 0.6401076808606012, 0.6847571838082838, 0.7278864678977615, 0.8095261869301794, 0.7248065846119737, 0.6106228848303], [-0.10473289768995686, 0.8567699980544766, 0.0, 0.1812389358885721, 0.5090305577519934, 0.13860940999304774, 0.2640471081789727, 0.6723800487309586, 0.4184545903466197, 0.20593500125589048, 0.007783488497544067, 0.6204754934149093, 0.6688592041814345, 0.6963441359747247, 0.7979764607347926, 0.7072174999301507, 0.590625650791758], [-0.33715620848504146, 0.8302643439157354, 0.0, 0.19653475676674584, 0.4957814119880246, 0.1404063854524748, 0.21108661565673686, 0.6676883414817183, 0.4283297758511011, 0.20532591833243674, 0.00822905385914674, 0.6462191530052568, 0.6614899983432477, 0.6868962722958872, 0.7970748790756631, 0.7131231849330655, 0.5888535010364007], [0.00569075378416839, 0.8980551804328113, 0.0, 0.2532609288912454, 0.5181417452208199, 0.1367016010423802, 0.21009356215493186, 0.6717232226945842, 0.40579017260259254, 0.21242693705102966, 0.007560346756364078, 0.6209468816307875, 0.6602411848511418, 0.6925262125198445, 0.7854977014062023, 0.716297995490923, 0.569909561122161]], "features_2": [[0.5470032211987683, 0.8568921176667575, 0.0, 0.1786214344824215, 0.5038888628279626, 0.13976407174449806, 0.2335256868063702, 0.6693577076443048, 0.4311182724887739, 0.20588136375883392, 0.008062078829516484, 0.6006930913498167, 0.6516356368389742, 0.679552251444826, 0.7962695542069821, 0.7401634334837071, 0.635409632865046], [-0.17428789622857677, 0.8271002883877695, 0.0, 0.17551234514485187, 0.49672178445234505, 0.14334522828783608, 0.2719640244454574, 0.6674709006524022, 0.4494301120381161, 0.20759346001654566, 0.007950687539111767, 0.6377617151689117, 0.6819712581691852, 0.717288093512701, 0.8107545875792769, 0.7465956629535423, 0.6349410862282452], [0.16530360830599422, 0.9193464402026394, 0.0, 0.1838822937638296, 0.518756302266821, 0.1431871627125615, 0.2622471571359398, 0.6666141159359953, 0.457304050568206, 0.2269742348516166, 0.008173410423425675, 0.6165470697288458, 0.6608577833603859, 0.6982180766882907, 0.804905469794975, 0.7332277750572537, 0.6390496625768876], [0.41293182329608547, 0.8514540651625835, 0.0, 0.1831541537576404, 0.5023486328760438, 0.14086038599812462, 0.26024803135074065, 0.6678555739352142, 0.43373201281681917, 0.20515543851802565, 0.00839589484089287, 0.6072720155358151, 0.6513614582733511, 0.6750170668762716, 0.7942613608549297, 0.7207484570239769, 0.6312721617633386], [-0.21475035391205655, 0.7694210044816518, 0.0, 0.18268181922133717, 0.48063975771785705, 0.1446436155005277, 0.2946431868959813, 0.6669962818574318, 0.46126008102197824, 0.1969711997509671, 0.008173410423425675, 0.6363382833969555, 0.6661378201855485, 0.7061023979302945, 0.8139434537531939, 0.7228129716504056, 0.6350117308087776], [-0.12668034142385798, 0.9508596025056665, 0.0, 0.1878841123841137, 0.5232147916986074, 0.14485300954996494, 0.23573972648985944, 0.6628822748781463, 0.46262500101336346, 0.2370884323964273, 0.008062078829516484, 0.6336923258538061, 0.6608362013287438, 0.7059055553214573, 0.8026679391068956, 0.7154321901343268, 0.6321739454732542], [-0.04388674034725515, 0.8146065645036306, 0.0, 0.1868712862182013, 0.4917474347287719, 0.14059230141329176, 0.2973571898639896, 0.6683869560115636, 0.428209884225619, 0.19991645827645654, 0.008507047823598457, 0.6232461570117931, 0.6684816495125642, 0.6927926586290509, 0.7935265667137784, 0.721134059317714, 0.6187641979198995], [0.03300307805922342, 0.8210902860448974, 0.0, 0.21714008597427858, 0.4939361926896195, 0.1422551151120106, 0.2688608014807528, 0.6672581213769735, 0.44338951501388846, 0.20365815792111142, 0.00839589484089287, 0.6217566439301643, 0.6556561864774763, 0.6939196796327375, 0.801635780728573, 0.7204478785155392, 0.6233566462348189], [0.4237126876907982, 0.9017461628153136, 0.0, 0.23081896171714125, 0.5180468433994114, 0.13706131577315775, 0.28747448032223916, 0.6722215727245247, 0.4199655117407963, 0.21171054889210628, 0.008618141428105908, 0.6094938700885999, 0.6519618405564476, 0.6770223884283171, 0.784716133493515, 0.7168179335554687, 0.5984991668188692]]}