{"labels_1": ["1", "2", "3", "4", "5", "6", "7", "8", "9"], "labels_2": ["1", "2", "3", "4", "5", "6", "7", "8", "9"], "adj_matrix_1": [[0.0, 0.1612, 0.2334, 0.21563, 0.3186, 0.30643, 0.04428, 0.36603, 0.05511], [0.1612, 0.0, 0.08538, 0.06348, 0.19868, 0.18158, 0.1208, 0.26942, 0.11047], [0.2334, 0.08538, 0.0, 0.02229, 0.11948, 0.10102, 0.19827, 0.19762, 0.18906], [0.21563, 0.06348, 0.02229, 0.0, 0.14069, 0.1225, 0.17898, 0.21723, 0.16942], [0.3186, 0.19868, 0.11948, 0.14069, 0.0, 0.01906, 0.2929, 0.08304, 0.28581], [0.30643, 0.18158, 0.10102, 0.1225, 0.01906, 0.0, 0.27916, 0.10173, 0.27171], [0.04428, 0.1208, 0.19827, 0.17898, 0.2929, 0.27916, 0.0, 0.3475, 0.01096], [0.36603, 0.26942, 0.19762, 0.21723, 0.08304, 0.10173, 0.3475, 0.0, 0.34208], [0.05511, 0.11047, 0.18906, 0.16942, 0.28581, 0.27171, 0.01096, 0.34208, 0.0]], "adj_matrix_2": [[0.0, 0.32467, 0.25896, 0.31995, 0.30402, 0.27811, 0.04322, 0.16419, 0.04406], [0.32467, 0.0, 0.12295, 0.01371, 0.19941, 0.22342, 0.11922, 0.23295, 0.12065], [0.25896, 0.12295, 0.0, 0.11035, 0.26397, 0.2695, 0.08858, 0.22211, 0.0899], [0.31995, 0.01371, 0.11035, 0.0, 0.20814, 0.23016, 0.11563, 0.23279, 0.11707], [0.30402, 0.19941, 0.26397, 0.20814, 0.0, 0.04687, 0.17495, 0.17293, 0.17595], [0.27811, 0.22342, 0.2695, 0.23016, 0.04687, 0.0, 0.18055, 0.14224, 0.18131], [0.04322, 0.11922, 0.08858, 0.11563, 0.17495, 0.18055, 0.0, 0.15746, 0.00209], [0.16419, 0.23295, 0.22211, 0.23279, 0.17293, 0.14224, 0.15746, 0.0, 0.15678], [0.04406, 0.12065, 0.0899, 0.11707, 0.17595, 0.18131, 0.00209, 0.15678, 0.0]], "features_1": [[0.17507746874408214, 0.8703684292076312, 0.0, 0.19918024933503775, 0.5086138976677802, 0.14426397129812135, 0.2655097045993813, 0.667356268986417, 0.46654563081502065, 0.21567263817918159, 0.008507047823598457, 0.6237404039010079, 0.6787171055345557, 0.7122851935962833, 0.8123732134150559, 0.7452559795883187, 0.627827734660069], [0.01356590835965088, 0.8943518568539497, 0.0, 0.18419473089852886, 0.5076571266654007, 0.14688045697425361, 0.22108336746024193, 0.6618053455686259, 0.4793308122680531, 0.22541293268597706, 0.008562602043175715, 0.6321654082692685, 0.6720436205513559, 0.709068060189364, 0.8122079426267862, 0.7391313487964986, 0.6240677618170947], [-0.050956438791920355, 0.9471319173608599, 0.0, 0.17430945058477396, 0.528429261750544, 0.14340314616054062, 0.27221329231928665, 0.6687529691882561, 0.4687333822959614, 0.23321412508756523, 0.008340296057933516, 0.6370567546878971, 0.6891752069421041, 0.7267582521593999, 0.8120875111401386, 0.7328367729384211, 0.622237342843879], [0.061057714574918265, 0.8451552254723277, 0.0, 0.1782890943312835, 0.507777204235377, 0.14067373894739374, 0.29221868531529227, 0.6723274019587261, 0.44932872824831604, 0.2060246402360355, 0.00822905385914674, 0.629349097566668, 0.674607014713055, 0.7000382759452732, 0.808610903843624, 0.7310637893305062, 0.6169036349164895], [-0.22472037606170447, 0.8623660212669888, 0.0, 0.1755001504649927, 0.4983050977335567, 0.14680340330648267, 0.22186887867218202, 0.6611719738894388, 0.47733683377014224, 0.22028104161102324, 0.008451478759474051, 0.6444773171155265, 0.6739897645280819, 0.7118135732150777, 0.8117736309934843, 0.7343030001679687, 0.6186154082865045], [-0.24554122749847762, 0.9280418790488938, 0.0, 0.17199240965562823, 0.5232569948614704, 0.14277821976046165, 0.26153307416402216, 0.6685714149756188, 0.4580978366218482, 0.22986377857000306, 0.00822905385914674, 0.6401076808606012, 0.6847571838082838, 0.7278864678977615, 0.8095261869301794, 0.7248065846119737, 0.6106228848303], [-0.10473289768995686, 0.8567699980544766, 0.0, 0.1812389358885721, 0.5090305577519934, 0.13860940999304774, 0.2640471081789727, 0.6723800487309586, 0.4184545903466197, 0.20593500125589048, 0.007783488497544067, 0.6204754934149093, 0.6688592041814345, 0.6963441359747247, 0.7979764607347926, 0.7072174999301507, 0.590625650791758], [-0.33715620848504146, 0.8302643439157354, 0.0, 0.19653475676674584, 0.4957814119880246, 0.1404063854524748, 0.21108661565673686, 0.6676883414817183, 0.4283297758511011, 0.20532591833243674, 0.00822905385914674, 0.6462191530052568, 0.6614899983432477, 0.6868962722958872, 0.7970748790756631, 0.7131231849330655, 0.5888535010364007], [0.00569075378416839, 0.8980551804328113, 0.0, 0.2532609288912454, 0.5181417452208199, 0.1367016010423802, 0.21009356215493186, 0.6717232226945842, 0.40579017260259254, 0.21242693705102966, 0.007560346756364078, 0.6209468816307875, 0.6602411848511418, 0.6925262125198445, 0.7854977014062023, 0.716297995490923, 0.569909561122161]], "features_2": [[-0.09230837793071167, 0.7753103375858683, 0.0, 0.23013266508354954, 0.47570953073551797, 0.14974804211264836, 0.29701352509776485, 0.6601632166968353, 0.4983319144370246, 0.20147937540902383, 0.008673665988278678, 0.6437198957685082, 0.6822664476887342, 0.7048586304772299, 0.8226537392113209, 0.7314293717732635, 0.6506801030615512], [0.22936064749757268, 0.7230034033647496, 0.0, 0.23724955299905362, 0.46378111284101786, 0.15359735247366102, 0.43453707763025945, 0.6603938743295468, 0.528871365686209, 0.19304024402072706, 0.00922809839663663, 0.621514709467637, 0.6955857061312068, 0.7429949862875128, 0.8305308169808469, 0.7530714579676471, 0.6600015367317091], [-0.041343643663297236, 0.8237793193276679, 0.0, 0.23225013186060975, 0.4933975638663288, 0.15157346490289061, 0.4018785133426661, 0.6612765687067013, 0.5014885688926425, 0.21308245166584205, 0.008673665988278678, 0.6289176771957574, 0.6983180325871102, 0.7233226866857129, 0.8265025232333704, 0.7357254687850254, 0.6568430561355263], [0.23215455755026104, 0.7462813149304187, 0.0, 0.24127127775098323, 0.47034770062839737, 0.1494382897697488, 0.3441492807876493, 0.6621158846394961, 0.5037059813524434, 0.19365183919679962, 0.008784670673857464, 0.6171143354370177, 0.681382290153442, 0.715242771001316, 0.8247269514064064, 0.7292572286411003, 0.6591538330491974], [0.603541631521979, 0.6969572503391612, 0.0, 0.2422704039166247, 0.4607076550054321, 0.1517258600518818, 0.4263604213743932, 0.6642711059257695, 0.5373607579914947, 0.1845106224151296, 0.00922809839663663, 0.6082877059777507, 0.6901065254712662, 0.7169818216852938, 0.8325559314676849, 0.7537816477618503, 0.6579867598665525], [0.5707018836998201, 0.7831426110560337, 0.0, 0.2560755049573337, 0.4838622129164283, 0.1532531603063233, 0.4371611369786429, 0.660753568483754, 0.5221121708436509, 0.2048358137695958, 0.008784670673857464, 0.6069069382954522, 0.692084707971887, 0.7271579760862169, 0.8305818756543001, 0.7433290995424495, 0.6634212132253273], [1.1934293214733396, 0.692346757142702, 0.0, 0.3026850697888104, 0.4562703081117916, 0.1490569611861711, 0.38763064195056884, 0.6650616921169307, 0.5126034376073332, 0.18087055326788648, 0.008562602043175715, 0.5794770317804638, 0.6967043633004306, 0.7351704764360806, 0.8267503429773116, 0.7452801759263364, 0.657349606344837], [0.7735034037698658, 0.7573097863586259, 0.0, 0.28217943244144505, 0.48781796152193435, 0.1415479952356088, 0.4500735721086798, 0.6760869770699983, 0.4770447315932709, 0.18709143989383037, 0.008507047823598457, 0.5867831601083728, 0.6908651790490785, 0.7202704827959349, 0.8250038369496444, 0.7538920213804731, 0.6319756706600728], [1.4125349133811183, 0.7726683460818972, 0.0, 0.3226884156833392, 0.49140751646074066, 0.14017169156720816, 0.39716932178530795, 0.6760357639464214, 0.46200833356401505, 0.1875594875571429, 0.007950687539111767, 0.5713145911101796, 0.6969093893719842, 0.7154602792425612, 0.8188322690120099, 0.7505859308475773, 0.6284963043167673]]}