{"labels_1": ["1", "2", "3", "4", "5", "6", "7", "8", "9"], "labels_2": ["1", "2", "3", "4", "5", "6", "7", "8", "9"], "adj_matrix_1": [[0.0, 0.1612, 0.2334, 0.21563, 0.3186, 0.30643, 0.04428, 0.36603, 0.05511], [0.1612, 0.0, 0.08538, 0.06348, 0.19868, 0.18158, 0.1208, 0.26942, 0.11047], [0.2334, 0.08538, 0.0, 0.02229, 0.11948, 0.10102, 0.19827, 0.19762, 0.18906], [0.21563, 0.06348, 0.02229, 0.0, 0.14069, 0.1225, 0.17898, 0.21723, 0.16942], [0.3186, 0.19868, 0.11948, 0.14069, 0.0, 0.01906, 0.2929, 0.08304, 0.28581], [0.30643, 0.18158, 0.10102, 0.1225, 0.01906, 0.0, 0.27916, 0.10173, 0.27171], [0.04428, 0.1208, 0.19827, 0.17898, 0.2929, 0.27916, 0.0, 0.3475, 0.01096], [0.36603, 0.26942, 0.19762, 0.21723, 0.08304, 0.10173, 0.3475, 0.0, 0.34208], [0.05511, 0.11047, 0.18906, 0.16942, 0.28581, 0.27171, 0.01096, 0.34208, 0.0]], "adj_matrix_2": [[0.0, 0.10687, 0.07802, 0.0619, 0.15733, 0.08038, 0.01626, 0.24736, 0.1563], [0.10687, 0.0, 0.03139, 0.0481, 0.06015, 0.0289, 0.09224, 0.19251, 0.05884], [0.07802, 0.03139, 0.0, 0.01694, 0.09007, 0.00251, 0.06254, 0.21262, 0.08882], [0.0619, 0.0481, 0.01694, 0.0, 0.10559, 0.01944, 0.0461, 0.22208, 0.10437], [0.15733, 0.06015, 0.09007, 0.10559, 0.0, 0.08775, 0.14491, 0.14556, 0.00135], [0.08038, 0.0289, 0.00251, 0.01944, 0.08775, 0.0, 0.06497, 0.21115, 0.08649], [0.01626, 0.09224, 0.06254, 0.0461, 0.14491, 0.06497, 0.0, 0.24232, 0.14382], [0.24736, 0.19251, 0.21262, 0.22208, 0.14556, 0.21115, 0.24232, 0.0, 0.1467], [0.1563, 0.05884, 0.08882, 0.10437, 0.00135, 0.08649, 0.14382, 0.1467, 0.0]], "features_1": [[0.17507746874408214, 0.8703684292076312, 0.0, 0.19918024933503775, 0.5086138976677802, 0.14426397129812135, 0.2655097045993813, 0.667356268986417, 0.46654563081502065, 0.21567263817918159, 0.008507047823598457, 0.6237404039010079, 0.6787171055345557, 0.7122851935962833, 0.8123732134150559, 0.7452559795883187, 0.627827734660069], [0.01356590835965088, 0.8943518568539497, 0.0, 0.18419473089852886, 0.5076571266654007, 0.14688045697425361, 0.22108336746024193, 0.6618053455686259, 0.4793308122680531, 0.22541293268597706, 0.008562602043175715, 0.6321654082692685, 0.6720436205513559, 0.709068060189364, 0.8122079426267862, 0.7391313487964986, 0.6240677618170947], [-0.050956438791920355, 0.9471319173608599, 0.0, 0.17430945058477396, 0.528429261750544, 0.14340314616054062, 0.27221329231928665, 0.6687529691882561, 0.4687333822959614, 0.23321412508756523, 0.008340296057933516, 0.6370567546878971, 0.6891752069421041, 0.7267582521593999, 0.8120875111401386, 0.7328367729384211, 0.622237342843879], [0.061057714574918265, 0.8451552254723277, 0.0, 0.1782890943312835, 0.507777204235377, 0.14067373894739374, 0.29221868531529227, 0.6723274019587261, 0.44932872824831604, 0.2060246402360355, 0.00822905385914674, 0.629349097566668, 0.674607014713055, 0.7000382759452732, 0.808610903843624, 0.7310637893305062, 0.6169036349164895], [-0.22472037606170447, 0.8623660212669888, 0.0, 0.1755001504649927, 0.4983050977335567, 0.14680340330648267, 0.22186887867218202, 0.6611719738894388, 0.47733683377014224, 0.22028104161102324, 0.008451478759474051, 0.6444773171155265, 0.6739897645280819, 0.7118135732150777, 0.8117736309934843, 0.7343030001679687, 0.6186154082865045], [-0.24554122749847762, 0.9280418790488938, 0.0, 0.17199240965562823, 0.5232569948614704, 0.14277821976046165, 0.26153307416402216, 0.6685714149756188, 0.4580978366218482, 0.22986377857000306, 0.00822905385914674, 0.6401076808606012, 0.6847571838082838, 0.7278864678977615, 0.8095261869301794, 0.7248065846119737, 0.6106228848303], [-0.10473289768995686, 0.8567699980544766, 0.0, 0.1812389358885721, 0.5090305577519934, 0.13860940999304774, 0.2640471081789727, 0.6723800487309586, 0.4184545903466197, 0.20593500125589048, 0.007783488497544067, 0.6204754934149093, 0.6688592041814345, 0.6963441359747247, 0.7979764607347926, 0.7072174999301507, 0.590625650791758], [-0.33715620848504146, 0.8302643439157354, 0.0, 0.19653475676674584, 0.4957814119880246, 0.1404063854524748, 0.21108661565673686, 0.6676883414817183, 0.4283297758511011, 0.20532591833243674, 0.00822905385914674, 0.6462191530052568, 0.6614899983432477, 0.6868962722958872, 0.7970748790756631, 0.7131231849330655, 0.5888535010364007], [0.00569075378416839, 0.8980551804328113, 0.0, 0.2532609288912454, 0.5181417452208199, 0.1367016010423802, 0.21009356215493186, 0.6717232226945842, 0.40579017260259254, 0.21242693705102966, 0.007560346756364078, 0.6209468816307875, 0.6602411848511418, 0.6925262125198445, 0.7854977014062023, 0.716297995490923, 0.569909561122161]], "features_2": [[0.8412604611581047, 0.8783820341814683, 0.0, 0.26428438714714825, 0.5125679160084925, 0.13943731583863758, 0.15445345860521442, 0.6681064427510266, 0.434365303683492, 0.21036775513607986, 0.008173410423425675, 0.5899651978357225, 0.6372354298803243, 0.664824316359884, 0.7906021304193415, 0.7226143303001583, 0.592723775988907], [0.2515798775651863, 0.7745687951728779, 0.0, 0.22175903545588607, 0.4798310616275035, 0.14559638608918368, 0.20338914264695376, 0.6624860083483959, 0.45625609003744816, 0.19605830475532304, 0.008062078829516484, 0.6073789453491392, 0.6705113957807284, 0.7079381616430244, 0.806997608933562, 0.7126773680544971, 0.6094620009366852], [0.5355199282102463, 0.9027384441394412, 0.0, 0.24420057496746064, 0.5175323472414303, 0.14177008169062222, 0.1602862378830075, 0.6652065018921763, 0.43689056872331355, 0.21718263308703656, 0.007783488497544067, 0.5922579941038899, 0.6479446007248355, 0.6742149939924245, 0.7964586573225013, 0.7078832164283909, 0.594328383112663], [0.6319322781493031, 0.8280697764603902, 0.0, 0.27191523668793977, 0.501989147671152, 0.13928033302407977, 0.17350529052980973, 0.669387553216491, 0.43332625095687205, 0.19961751127049987, 0.008006390651371653, 0.5893955783467786, 0.6549990998533496, 0.6814994066888923, 0.7939346430481806, 0.7104879553298429, 0.5997062690135873], [0.045323675765549076, 0.7257611043119205, 0.0, 0.20442013646164736, 0.4637148174565199, 0.14750512928221532, 0.21100063549993991, 0.6610785178051732, 0.4701814703726095, 0.1877777301018777, 0.008284682400665488, 0.6142138340406893, 0.6613937319920427, 0.7005955842539601, 0.8124329973822861, 0.7200997241851016, 0.620045750549262], [0.4175258398496551, 0.8596798550300166, 0.0, 0.23637994558079295, 0.5040358356822232, 0.14439219247289073, 0.18593440517345244, 0.6631975638284043, 0.45411017860787206, 0.2128370114728928, 0.007894969482732161, 0.5953669717445491, 0.6567933115336841, 0.6836593128924153, 0.8049561514612182, 0.7060629848259412, 0.6046376428001423], [0.45566603636258485, 0.7288355460791698, 0.0, 0.24717423382664797, 0.4665954567945593, 0.1439131991388443, 0.1821926333156199, 0.6640805474174103, 0.45829319869260665, 0.1844115945598348, 0.00839589484089287, 0.5967381278462076, 0.6623769264029831, 0.6912032754768349, 0.8020703552649078, 0.7356852375227922, 0.6078897319328123], [-0.006077309670197373, 0.712877974972598, 0.0, 0.2460278916455849, 0.4612848986069426, 0.14308509927715476, 0.24071316932094292, 0.6667670765231489, 0.4430404468714284, 0.1804236761168565, 0.008062078829516484, 0.6219461118716121, 0.6709263354827297, 0.6886382254782041, 0.8047387019412634, 0.7092046650844659, 0.6123372108834838], [0.26514386335530027, 0.7310364593345445, 0.0, 0.25914813428398564, 0.4681981654849017, 0.14220593021187097, 0.2340564730059583, 0.6676572042652439, 0.4471749933362139, 0.1835447882184651, 0.008618141428105908, 0.6064369489750789, 0.652094968930546, 0.6874974480178262, 0.8018844722685772, 0.7215092478476918, 0.6100639546281938]]}