{"labels_1": ["1", "2", "3", "4", "5", "6", "7", "8", "9"], "labels_2": ["1", "2", "3", "4", "5", "6", "7", "8", "9"], "adj_matrix_1": [[0.0, 0.07505, 0.25908, 0.26594, 0.2412, 0.29501, 0.2687, 0.33367, 0.30551], [0.07505, 0.0, 0.19994, 0.2082, 0.1789, 0.29634, 0.21156, 0.31188, 0.30353], [0.25908, 0.19994, 0.0, 0.01037, 0.02525, 0.26002, 0.01468, 0.1977, 0.25461], [0.26594, 0.2082, 0.01037, 0.0, 0.03557, 0.25625, 0.00432, 0.18999, 0.25013], [0.2412, 0.1789, 0.02525, 0.03557, 0.0, 0.26849, 0.03986, 0.21576, 0.26476], [0.29501, 0.29634, 0.26002, 0.25625, 0.26849, 0.0, 0.2546, 0.12741, 0.02202], [0.2687, 0.21156, 0.01468, 0.00432, 0.03986, 0.2546, 0.0, 0.1867, 0.24819], [0.33367, 0.31188, 0.1977, 0.18999, 0.21576, 0.12741, 0.1867, 0.0, 0.10839], [0.30551, 0.30353, 0.25461, 0.25013, 0.26476, 0.02202, 0.24819, 0.10839, 0.0]], "adj_matrix_2": [[0.0, 0.09639, 0.1117, 0.00892, 0.06473, 0.01262, 0.19961, 0.17048, 0.17036], [0.09639, 0.0, 0.01569, 0.10509, 0.03212, 0.08401, 0.2801, 0.25503, 0.25495], [0.1117, 0.01569, 0.0, 0.12032, 0.04775, 0.09941, 0.29203, 0.26773, 0.26768], [0.00892, 0.10509, 0.12032, 0.0, 0.07355, 0.02154, 0.19176, 0.16231, 0.16218], [0.06473, 0.03212, 0.04775, 0.07355, 0.0, 0.05221, 0.25461, 0.22807, 0.22796], [0.01262, 0.08401, 0.09941, 0.02154, 0.05221, 0.0, 0.2106, 0.18195, 0.18184], [0.19961, 0.2801, 0.29203, 0.19176, 0.25461, 0.2106, 0.0, 0.03295, 0.0331], [0.17048, 0.25503, 0.26773, 0.16231, 0.22807, 0.18195, 0.03295, 0.0, 0.00016], [0.17036, 0.25495, 0.26768, 0.16218, 0.22796, 0.18184, 0.0331, 0.00016, 0.0]], "features_1": [[-0.2491377490029265, 0.6993335418996799, 0.0, 0.2682324325307824, 0.46100674893750565, 0.14370394780746026, 0.3393860028727708, 0.6691119800022877, 0.44782694797759626, 0.1794848908383362, 0.007950687539111767, 0.6401053874171536, 0.6951843590317465, 0.7206749851139708, 0.8198916731077021, 0.7433986652913726, 0.6408124858076827], [-0.2470565678631833, 0.7059652815619344, 0.0, 0.2666546686248895, 0.46131763824828675, 0.14276629511785993, 0.3447278352680456, 0.6685332519473459, 0.4425209768268408, 0.17978826942923276, 0.008507047823598457, 0.6354980576465672, 0.680681124280292, 0.718153148543976, 0.8133469793983803, 0.7393570458045069, 0.6435894695787484], [-0.015456574392497036, 0.7731779798873103, 0.0, 0.31107034533484856, 0.48473790431882663, 0.1413652443841729, 0.40783039246007463, 0.6712456736834544, 0.4390385515324775, 0.19243926719188753, 0.008062078829516484, 0.6183022776358, 0.6861794756689583, 0.7121462106507425, 0.8135822549795325, 0.7375743236896298, 0.636770023070074], [0.027109017275575464, 0.6938234934765585, 0.0, 0.3137674104376654, 0.46063429305734227, 0.14198798765020007, 0.3677033209973949, 0.6710584365861838, 0.4406863445621705, 0.17469252251174727, 0.00783923647221818, 0.6140013670167535, 0.6910991204328433, 0.7327011868246149, 0.8168112116113967, 0.7538638317292583, 0.6360540826443895], [-0.06084518159337904, 0.6875045131763141, 0.0, 0.28880404664446624, 0.4581251518768177, 0.1406015632996717, 0.3401363632462598, 0.6711504284770639, 0.42496638098460515, 0.17077959449495506, 0.007950687539111767, 0.6158440628519126, 0.663152050955905, 0.6934213409454871, 0.8101088158757607, 0.7301223680146416, 0.6415644001760697], [0.25398593780931744, 0.7428173275463029, 0.0, 0.33396777829791624, 0.47562707040724267, 0.1416963311452589, 0.35531393785996956, 0.6700289850041166, 0.43510791431892093, 0.18411300684992415, 0.008173410423425675, 0.5952589805897548, 0.67309415200905, 0.7072924725795352, 0.811449422814933, 0.741414561592494, 0.6379685806351271], [0.1248677021074247, 0.6411585154924621, 0.0, 0.27673720291997217, 0.43881270704514336, 0.14401319958678388, 0.28801860113887656, 0.6673741566995699, 0.44783716617195113, 0.16329725496051184, 0.008173410423425675, 0.6165751001445643, 0.6704928415836791, 0.7045734729042914, 0.8167699655899411, 0.7414361330837727, 0.6432085116629159], [0.4063703071950435, 0.7229227310886777, 0.0, 0.2545358545759735, 0.4725853592846486, 0.13414975389152806, 0.2802999011915695, 0.6761313677442226, 0.3843032801993609, 0.16905536618652994, 0.007616154688146137, 0.5954168767166514, 0.6441359524262502, 0.6776138605977414, 0.7904611167402664, 0.7161113317437243, 0.6118625782146555], [0.5464150424797194, 0.7351720334618598, 0.0, 0.25055760705885705, 0.4752659389061661, 0.13476115128507063, 0.24438112612565205, 0.6749967817202407, 0.39033934258515135, 0.17307137179882814, 0.007616154688146137, 0.5915443565390437, 0.653050396804449, 0.6905459038337863, 0.7905522368521575, 0.7186887338798734, 0.5990873475791326]], "features_2": [[-0.42490846752407263, 0.9861298640903106, 0.0, 0.18036278818791876, 0.547901896569116, 0.13379801012532902, 0.16964726138322064, 0.6746561491051257, 0.3888302852901506, 0.23042998849423801, 0.007392832833969631, 0.6348877642596475, 0.6493336231865333, 0.6740672009728644, 0.7793140623805012, 0.7095886143696076, 0.5987571306915173], [-0.4220960912310794, 0.9849710086128949, 0.0, 0.15044500135074537, 0.5426216060362286, 0.13375107853494092, 0.18957379680662853, 0.6744383963269336, 0.37734913590723074, 0.22896131710747292, 0.007504523810135222, 0.6371141900664341, 0.6620354319876586, 0.6780652321248845, 0.7785891285714777, 0.6806256489386451, 0.58950899400105], [-0.4186261225862986, 1.0855108729812835, 0.0, 0.18353091569676058, 0.5673541190736663, 0.13418939169983266, 0.18934855788291854, 0.6742473205703241, 0.3902980986265958, 0.2503160409261389, 0.007616154688146137, 0.6447018170465268, 0.6275881014759547, 0.6545091755592146, 0.7802243497213015, 0.6964920294259075, 0.5982812805841611], [-0.35441095826919655, 0.9315226494959854, 0.0, 0.1786356897657687, 0.5305424249563504, 0.13592007967849545, 0.17320608729361311, 0.6721457136563792, 0.3998006244614136, 0.220755974794125, 0.007727725548673403, 0.6381217796909928, 0.6563586972207939, 0.685391066678828, 0.7829781794446719, 0.6932623855441107, 0.5997059656371224], [-0.32873234093631476, 0.9085331345981642, 0.0, 0.15175602629428053, 0.519754621759702, 0.13507496652183157, 0.19061031780984267, 0.6725182141419279, 0.3873972478761005, 0.21408278201859665, 0.007392832833969631, 0.6368754323112551, 0.653284621134004, 0.683425804563656, 0.779891122822847, 0.7057533748774185, 0.58675191613803], [-0.429489556816526, 1.0030718478417489, 0.0, 0.15480620968897654, 0.5440225967609389, 0.13671073669308742, 0.1994588905975533, 0.6711201980575288, 0.40256003864197343, 0.23711522757422165, 0.00783923647221818, 0.6384120079781797, 0.6394458520655429, 0.6732167767872411, 0.7845383556719896, 0.7163625233430203, 0.5926668785702622], [-0.024225527679941905, 0.847221569790199, 0.0, 0.20537696091689897, 0.5010670367749696, 0.13757897067640548, 0.15858400348634943, 0.6692668021477357, 0.4096014962039387, 0.20218598016500255, 0.007504523810135222, 0.621001137681354, 0.6414215141259345, 0.6620103025513571, 0.7832071984806788, 0.7263550566163862, 0.5822308169040976], [-0.08971641123943508, 0.8603661343692776, 0.0, 0.18235961851388424, 0.5064681519305665, 0.13418533844797068, 0.17451174279052922, 0.6729085610364252, 0.39683085336599033, 0.2041833624371232, 0.008062078829516484, 0.6314897199816354, 0.6479676138277994, 0.6707712638544134, 0.775580268151577, 0.7209201610852434, 0.5788577196134485], [0.1559782029878587, 0.9259757828187738, 0.0, 0.21466855676454896, 0.5301446073149788, 0.13135597750990893, 0.17363403364996371, 0.6765456361079654, 0.3797385033781364, 0.21046510245133843, 0.007336964783822175, 0.6149577312515602, 0.6298451689463027, 0.6589103354250748, 0.7709884544043899, 0.7157005249356115, 0.5756454740813399]]}