{"labels_1": ["1", "2", "3", "4", "5", "6", "7", "8", "9"], "labels_2": ["1", "2", "3", "4", "5", "6", "7", "8", "9"], "adj_matrix_1": [[0.0, 0.07505, 0.25908, 0.26594, 0.2412, 0.29501, 0.2687, 0.33367, 0.30551], [0.07505, 0.0, 0.19994, 0.2082, 0.1789, 0.29634, 0.21156, 0.31188, 0.30353], [0.25908, 0.19994, 0.0, 0.01037, 0.02525, 0.26002, 0.01468, 0.1977, 0.25461], [0.26594, 0.2082, 0.01037, 0.0, 0.03557, 0.25625, 0.00432, 0.18999, 0.25013], [0.2412, 0.1789, 0.02525, 0.03557, 0.0, 0.26849, 0.03986, 0.21576, 0.26476], [0.29501, 0.29634, 0.26002, 0.25625, 0.26849, 0.0, 0.2546, 0.12741, 0.02202], [0.2687, 0.21156, 0.01468, 0.00432, 0.03986, 0.2546, 0.0, 0.1867, 0.24819], [0.33367, 0.31188, 0.1977, 0.18999, 0.21576, 0.12741, 0.1867, 0.0, 0.10839], [0.30551, 0.30353, 0.25461, 0.25013, 0.26476, 0.02202, 0.24819, 0.10839, 0.0]], "adj_matrix_2": [[0.0, 0.24031, 0.12569, 0.00973, 0.28452, 0.00127, 0.11928, 0.03074, 0.07987], [0.24031, 0.0, 0.33, 0.24792, 0.0657, 0.23932, 0.13629, 0.21555, 0.17314], [0.12569, 0.33, 0.0, 0.11632, 0.35762, 0.1269, 0.23456, 0.15479, 0.19989], [0.00973, 0.24792, 0.11632, 0.0, 0.29094, 0.011, 0.12856, 0.04044, 0.0894], [0.28452, 0.0657, 0.35762, 0.29094, 0.0, 0.28369, 0.19373, 0.2635, 0.22657], [0.00127, 0.23932, 0.1269, 0.011, 0.28369, 0.0, 0.11808, 0.02947, 0.07863], [0.11928, 0.13629, 0.23456, 0.12856, 0.19373, 0.11808, 0.0, 0.0896, 0.04069], [0.03074, 0.21555, 0.15479, 0.04044, 0.2635, 0.02947, 0.0896, 0.0, 0.0495], [0.07987, 0.17314, 0.19989, 0.0894, 0.22657, 0.07863, 0.04069, 0.0495, 0.0]], "features_1": [[-0.2491377490029265, 0.6993335418996799, 0.0, 0.2682324325307824, 0.46100674893750565, 0.14370394780746026, 0.3393860028727708, 0.6691119800022877, 0.44782694797759626, 0.1794848908383362, 0.007950687539111767, 0.6401053874171536, 0.6951843590317465, 0.7206749851139708, 0.8198916731077021, 0.7433986652913726, 0.6408124858076827], [-0.2470565678631833, 0.7059652815619344, 0.0, 0.2666546686248895, 0.46131763824828675, 0.14276629511785993, 0.3447278352680456, 0.6685332519473459, 0.4425209768268408, 0.17978826942923276, 0.008507047823598457, 0.6354980576465672, 0.680681124280292, 0.718153148543976, 0.8133469793983803, 0.7393570458045069, 0.6435894695787484], [-0.015456574392497036, 0.7731779798873103, 0.0, 0.31107034533484856, 0.48473790431882663, 0.1413652443841729, 0.40783039246007463, 0.6712456736834544, 0.4390385515324775, 0.19243926719188753, 0.008062078829516484, 0.6183022776358, 0.6861794756689583, 0.7121462106507425, 0.8135822549795325, 0.7375743236896298, 0.636770023070074], [0.027109017275575464, 0.6938234934765585, 0.0, 0.3137674104376654, 0.46063429305734227, 0.14198798765020007, 0.3677033209973949, 0.6710584365861838, 0.4406863445621705, 0.17469252251174727, 0.00783923647221818, 0.6140013670167535, 0.6910991204328433, 0.7327011868246149, 0.8168112116113967, 0.7538638317292583, 0.6360540826443895], [-0.06084518159337904, 0.6875045131763141, 0.0, 0.28880404664446624, 0.4581251518768177, 0.1406015632996717, 0.3401363632462598, 0.6711504284770639, 0.42496638098460515, 0.17077959449495506, 0.007950687539111767, 0.6158440628519126, 0.663152050955905, 0.6934213409454871, 0.8101088158757607, 0.7301223680146416, 0.6415644001760697], [0.25398593780931744, 0.7428173275463029, 0.0, 0.33396777829791624, 0.47562707040724267, 0.1416963311452589, 0.35531393785996956, 0.6700289850041166, 0.43510791431892093, 0.18411300684992415, 0.008173410423425675, 0.5952589805897548, 0.67309415200905, 0.7072924725795352, 0.811449422814933, 0.741414561592494, 0.6379685806351271], [0.1248677021074247, 0.6411585154924621, 0.0, 0.27673720291997217, 0.43881270704514336, 0.14401319958678388, 0.28801860113887656, 0.6673741566995699, 0.44783716617195113, 0.16329725496051184, 0.008173410423425675, 0.6165751001445643, 0.6704928415836791, 0.7045734729042914, 0.8167699655899411, 0.7414361330837727, 0.6432085116629159], [0.4063703071950435, 0.7229227310886777, 0.0, 0.2545358545759735, 0.4725853592846486, 0.13414975389152806, 0.2802999011915695, 0.6761313677442226, 0.3843032801993609, 0.16905536618652994, 0.007616154688146137, 0.5954168767166514, 0.6441359524262502, 0.6776138605977414, 0.7904611167402664, 0.7161113317437243, 0.6118625782146555], [0.5464150424797194, 0.7351720334618598, 0.0, 0.25055760705885705, 0.4752659389061661, 0.13476115128507063, 0.24438112612565205, 0.6749967817202407, 0.39033934258515135, 0.17307137179882814, 0.007616154688146137, 0.5915443565390437, 0.653050396804449, 0.6905459038337863, 0.7905522368521575, 0.7186887338798734, 0.5990873475791326]], "features_2": [[-0.027428581390950946, 0.8045418094154038, 0.0, 0.1902304372429924, 0.49273818621959353, 0.14330886266346116, 0.2734651342986389, 0.6670308298432633, 0.43867883158203647, 0.20018623884071096, 0.008173410423425675, 0.6332260211127503, 0.6670341787960711, 0.701151399385749, 0.8081940901432662, 0.7307614426293705, 0.6315933279886168], [0.18315658432682191, 0.7386153546714342, 0.0, 0.21157259779004037, 0.46847324059533707, 0.14778506233111238, 0.24947648787531804, 0.6629210143819456, 0.4640953505185246, 0.19142437063363027, 0.008507047823598457, 0.6315832597913547, 0.6850788434066534, 0.7268500040950681, 0.8191194791229296, 0.7548648756290289, 0.643743183599868], [-0.2319016270266614, 0.8359045940608347, 0.0, 0.19596677542080157, 0.49905624523332304, 0.1457849319421799, 0.28513697397570326, 0.6655375689668226, 0.4578541075704339, 0.21402225161019084, 0.008507047823598457, 0.6502846953991022, 0.6849275844728453, 0.732234042008547, 0.8149657247169423, 0.7361623178264005, 0.6304178065743712], [-0.18185333397772263, 0.7731662635766703, 0.0, 0.17636037928755466, 0.4832884204817024, 0.1436282527063457, 0.29668155472773067, 0.667699584203694, 0.43998291088930874, 0.19540405744525668, 0.00822905385914674, 0.6393337878558376, 0.6814311690438803, 0.7155033434892972, 0.8106838449937744, 0.7244548043938038, 0.6282703765926847], [0.202764037352952, 0.679506594162606, 0.0, 0.20925889910582762, 0.44574709047190636, 0.15096965498745815, 0.2421117729730476, 0.6589763549586156, 0.4772816576511614, 0.1802892693381679, 0.008451478759474051, 0.6300995011757111, 0.6767023889060201, 0.7152016330972953, 0.8233437876922861, 0.7382493795805262, 0.6457263420658346], [-0.26147725682245104, 0.7868096562610283, 0.0, 0.1951711939470575, 0.48063681337790504, 0.1491077433672009, 0.2895995806596659, 0.6607521616500274, 0.47953918007869456, 0.2074275663541616, 0.008673665988278678, 0.6442103483873192, 0.6779886918395381, 0.7182596286503006, 0.8172010295172754, 0.7460182968476973, 0.6335739502043778], [-0.17220895273021464, 0.689340848933752, 0.0, 0.20191572982128062, 0.4544742374395218, 0.14518263470953363, 0.3675746699293498, 0.6678177360324234, 0.4426992022230445, 0.17743255781271716, 0.008173410423425675, 0.6371086550470131, 0.688392466421836, 0.7177811610374918, 0.8164418105066996, 0.7378772207353309, 0.6324533670410352], [-0.44774210149884697, 0.702127154306726, 0.0, 0.23129231741756534, 0.46114731485172783, 0.14301636789623973, 0.3430142134970133, 0.6692129778039461, 0.4316868767563602, 0.17926339854454998, 0.008006390651371653, 0.637365737979654, 0.6814665747131089, 0.7170465775685334, 0.8096576430824729, 0.7275062969807318, 0.6276392303393256], [-0.15486890733368774, 0.7734573310351017, 0.0, 0.2254521730017212, 0.487802690714468, 0.13775900635468388, 0.427053106576443, 0.6749404160049193, 0.404149943909774, 0.18805742097941036, 0.007950687539111767, 0.626845726953094, 0.6653490731040841, 0.7016542501545475, 0.7978642915045152, 0.7241227725786618, 0.6078006677613206]]}