{"labels_1": ["1", "2", "3", "4", "5", "6", "7", "8", "9"], "labels_2": ["1", "2", "3", "4", "5", "6", "7", "8", "9"], "adj_matrix_1": [[0.0, 0.07505, 0.25908, 0.26594, 0.2412, 0.29501, 0.2687, 0.33367, 0.30551], [0.07505, 0.0, 0.19994, 0.2082, 0.1789, 0.29634, 0.21156, 0.31188, 0.30353], [0.25908, 0.19994, 0.0, 0.01037, 0.02525, 0.26002, 0.01468, 0.1977, 0.25461], [0.26594, 0.2082, 0.01037, 0.0, 0.03557, 0.25625, 0.00432, 0.18999, 0.25013], [0.2412, 0.1789, 0.02525, 0.03557, 0.0, 0.26849, 0.03986, 0.21576, 0.26476], [0.29501, 0.29634, 0.26002, 0.25625, 0.26849, 0.0, 0.2546, 0.12741, 0.02202], [0.2687, 0.21156, 0.01468, 0.00432, 0.03986, 0.2546, 0.0, 0.1867, 0.24819], [0.33367, 0.31188, 0.1977, 0.18999, 0.21576, 0.12741, 0.1867, 0.0, 0.10839], [0.30551, 0.30353, 0.25461, 0.25013, 0.26476, 0.02202, 0.24819, 0.10839, 0.0]], "adj_matrix_2": [[0.0, 0.04842, 0.12012, 0.21315, 0.26546, 0.185, 0.06978, 0.19464, 0.33142], [0.04842, 0.0, 0.16577, 0.17139, 0.22946, 0.14113, 0.0216, 0.15143, 0.31532], [0.12012, 0.16577, 0.0, 0.30517, 0.34101, 0.28366, 0.1853, 0.29113, 0.35769], [0.21315, 0.17139, 0.30517, 0.0, 0.07114, 0.03366, 0.15197, 0.02241, 0.2217], [0.26546, 0.22946, 0.34101, 0.07114, 0.0, 0.10359, 0.21239, 0.09283, 0.16764], [0.185, 0.14113, 0.28366, 0.03366, 0.10359, 0.0, 0.12089, 0.0113, 0.24379], [0.06978, 0.0216, 0.1853, 0.15197, 0.21239, 0.12089, 0.0, 0.13145, 0.30699], [0.19464, 0.15143, 0.29113, 0.02241, 0.09283, 0.0113, 0.13145, 0.0, 0.23665], [0.33142, 0.31532, 0.35769, 0.2217, 0.16764, 0.24379, 0.30699, 0.23665, 0.0]], "features_1": [[-0.2491377490029265, 0.6993335418996799, 0.0, 0.2682324325307824, 0.46100674893750565, 0.14370394780746026, 0.3393860028727708, 0.6691119800022877, 0.44782694797759626, 0.1794848908383362, 0.007950687539111767, 0.6401053874171536, 0.6951843590317465, 0.7206749851139708, 0.8198916731077021, 0.7433986652913726, 0.6408124858076827], [-0.2470565678631833, 0.7059652815619344, 0.0, 0.2666546686248895, 0.46131763824828675, 0.14276629511785993, 0.3447278352680456, 0.6685332519473459, 0.4425209768268408, 0.17978826942923276, 0.008507047823598457, 0.6354980576465672, 0.680681124280292, 0.718153148543976, 0.8133469793983803, 0.7393570458045069, 0.6435894695787484], [-0.015456574392497036, 0.7731779798873103, 0.0, 0.31107034533484856, 0.48473790431882663, 0.1413652443841729, 0.40783039246007463, 0.6712456736834544, 0.4390385515324775, 0.19243926719188753, 0.008062078829516484, 0.6183022776358, 0.6861794756689583, 0.7121462106507425, 0.8135822549795325, 0.7375743236896298, 0.636770023070074], [0.027109017275575464, 0.6938234934765585, 0.0, 0.3137674104376654, 0.46063429305734227, 0.14198798765020007, 0.3677033209973949, 0.6710584365861838, 0.4406863445621705, 0.17469252251174727, 0.00783923647221818, 0.6140013670167535, 0.6910991204328433, 0.7327011868246149, 0.8168112116113967, 0.7538638317292583, 0.6360540826443895], [-0.06084518159337904, 0.6875045131763141, 0.0, 0.28880404664446624, 0.4581251518768177, 0.1406015632996717, 0.3401363632462598, 0.6711504284770639, 0.42496638098460515, 0.17077959449495506, 0.007950687539111767, 0.6158440628519126, 0.663152050955905, 0.6934213409454871, 0.8101088158757607, 0.7301223680146416, 0.6415644001760697], [0.25398593780931744, 0.7428173275463029, 0.0, 0.33396777829791624, 0.47562707040724267, 0.1416963311452589, 0.35531393785996956, 0.6700289850041166, 0.43510791431892093, 0.18411300684992415, 0.008173410423425675, 0.5952589805897548, 0.67309415200905, 0.7072924725795352, 0.811449422814933, 0.741414561592494, 0.6379685806351271], [0.1248677021074247, 0.6411585154924621, 0.0, 0.27673720291997217, 0.43881270704514336, 0.14401319958678388, 0.28801860113887656, 0.6673741566995699, 0.44783716617195113, 0.16329725496051184, 0.008173410423425675, 0.6165751001445643, 0.6704928415836791, 0.7045734729042914, 0.8167699655899411, 0.7414361330837727, 0.6432085116629159], [0.4063703071950435, 0.7229227310886777, 0.0, 0.2545358545759735, 0.4725853592846486, 0.13414975389152806, 0.2802999011915695, 0.6761313677442226, 0.3843032801993609, 0.16905536618652994, 0.007616154688146137, 0.5954168767166514, 0.6441359524262502, 0.6776138605977414, 0.7904611167402664, 0.7161113317437243, 0.6118625782146555], [0.5464150424797194, 0.7351720334618598, 0.0, 0.25055760705885705, 0.4752659389061661, 0.13476115128507063, 0.24438112612565205, 0.6749967817202407, 0.39033934258515135, 0.17307137179882814, 0.007616154688146137, 0.5915443565390437, 0.653050396804449, 0.6905459038337863, 0.7905522368521575, 0.7186887338798734, 0.5990873475791326]], "features_2": [[0.012879255405214618, 0.8401433304127628, 0.0, 0.2056958903320928, 0.5130082873741726, 0.1378077934619964, 0.26228333026885975, 0.6741725983849016, 0.4535387807463973, 0.20579124002938354, 0.008507047823598457, 0.6337087522245042, 0.6751318128208331, 0.7050982154978239, 0.8022281005618704, 0.7248040440273096, 0.6430309671847894], [-0.23816048182767702, 0.8133647555124304, 0.0, 0.23093044170025304, 0.5053422752754916, 0.1421015044792161, 0.29615384765729474, 0.6713205433291031, 0.47199545985202507, 0.20744578064292174, 0.008507047823598457, 0.6368761259169, 0.6786563231000363, 0.710205000359671, 0.8140362122893389, 0.7287915900725284, 0.6415433762064544], [-0.3332601831384352, 0.912880456422282, 0.0, 0.21236595147945542, 0.5327196633253259, 0.1401062540617593, 0.2828623577084663, 0.6728338756740275, 0.4665985409112632, 0.22677931211316515, 0.008507047823598457, 0.6465843366065889, 0.6687282704994448, 0.7077638555581445, 0.807964847417584, 0.7224021062690679, 0.6455299774849323], [-0.0008537152545669002, 0.7971077255873058, 0.0, 0.21780043501230634, 0.5074750462518423, 0.1360508758772387, 0.3086395786213011, 0.6775520386311933, 0.441040241439139, 0.19442237505467141, 0.008062078829516484, 0.6185533145925464, 0.6746128737366176, 0.7048239492150933, 0.8027571422132302, 0.7213906290218437, 0.6391958514859954], [-0.00955302769184696, 0.7689679732391835, 0.0, 0.24847051747588922, 0.4954588765536855, 0.13817735219376087, 0.31032453114547776, 0.675331103796103, 0.4500153642583993, 0.19278914389296142, 0.008729175733573014, 0.6132531399720289, 0.6579291374949067, 0.6892275994367686, 0.8071287727619282, 0.7072417964385986, 0.6306477742399513], [-0.25373328997011857, 0.8752758247839798, 0.0, 0.21952205040300193, 0.5270996563658914, 0.1387417388327924, 0.3194160210366867, 0.675483829664422, 0.45416252113549493, 0.2168243399612415, 0.008062078829516484, 0.6329476852668554, 0.6776040379155605, 0.7134645809679354, 0.8088419448704901, 0.706325863281901, 0.6399691805615522], [-0.20030020314566777, 0.7327944325029019, 0.0, 0.2026344749482803, 0.47634665245574914, 0.13954497692741216, 0.20636278822489657, 0.6701513378373759, 0.4514933278929085, 0.1839320018942865, 0.00839589484089287, 0.6282279233768273, 0.6680795551977113, 0.6911900854678255, 0.798404523105163, 0.6963488190375905, 0.6251388181309838], [-0.28667384675781626, 0.7989840801263947, 0.0, 0.24761395112040796, 0.5011903791234152, 0.13445901835326504, 0.24375362506208517, 0.6762319053776377, 0.4043923260104094, 0.1938942976422997, 0.008062078829516484, 0.6348400908907141, 0.6633101614031894, 0.6949767394148987, 0.7918491277970614, 0.7005071631664916, 0.6113646200708838], [0.19314774533724455, 0.8783908099531571, 0.0, 0.2553316931182404, 0.5224798923771456, 0.1317599177000752, 0.18499746127866387, 0.6769647041194122, 0.38991241096668094, 0.20588702964630046, 0.00783923647221818, 0.6087117603767682, 0.6464558088045786, 0.6668657703811698, 0.7766580918353838, 0.6816509006620393, 0.6024497756164624]]}