{"labels_1": ["1", "2", "3", "4", "5", "6", "7", "8", "9"], "labels_2": ["1", "2", "3", "4", "5", "6", "7", "8", "9"], "adj_matrix_1": [[0.0, 0.07505, 0.25908, 0.26594, 0.2412, 0.29501, 0.2687, 0.33367, 0.30551], [0.07505, 0.0, 0.19994, 0.2082, 0.1789, 0.29634, 0.21156, 0.31188, 0.30353], [0.25908, 0.19994, 0.0, 0.01037, 0.02525, 0.26002, 0.01468, 0.1977, 0.25461], [0.26594, 0.2082, 0.01037, 0.0, 0.03557, 0.25625, 0.00432, 0.18999, 0.25013], [0.2412, 0.1789, 0.02525, 0.03557, 0.0, 0.26849, 0.03986, 0.21576, 0.26476], [0.29501, 0.29634, 0.26002, 0.25625, 0.26849, 0.0, 0.2546, 0.12741, 0.02202], [0.2687, 0.21156, 0.01468, 0.00432, 0.03986, 0.2546, 0.0, 0.1867, 0.24819], [0.33367, 0.31188, 0.1977, 0.18999, 0.21576, 0.12741, 0.1867, 0.0, 0.10839], [0.30551, 0.30353, 0.25461, 0.25013, 0.26476, 0.02202, 0.24819, 0.10839, 0.0]], "adj_matrix_2": [[0.0, 0.35169, 0.0535, 0.03111, 0.36575, 0.19203, 0.23443, 0.31995, 0.23533], [0.35169, 0.0, 0.36311, 0.34071, 0.03092, 0.23133, 0.18537, 0.0611, 0.1843], [0.0535, 0.36311, 0.0, 0.0838, 0.37352, 0.232, 0.26861, 0.33872, 0.26939], [0.03111, 0.34071, 0.0838, 0.0, 0.35682, 0.16602, 0.21126, 0.3049, 0.21223], [0.36575, 0.03092, 0.37352, 0.35682, 0.0, 0.25696, 0.213, 0.09162, 0.21197], [0.19203, 0.23133, 0.232, 0.16602, 0.25696, 0.0, 0.05339, 0.17773, 0.0546], [0.23443, 0.18537, 0.26861, 0.21126, 0.213, 0.05339, 0.0, 0.12834, 0.00123], [0.31995, 0.0611, 0.33872, 0.3049, 0.09162, 0.17773, 0.12834, 0.0, 0.1272], [0.23533, 0.1843, 0.26939, 0.21223, 0.21197, 0.0546, 0.00123, 0.1272, 0.0]], "features_1": [[-0.2491377490029265, 0.6993335418996799, 0.0, 0.2682324325307824, 0.46100674893750565, 0.14370394780746026, 0.3393860028727708, 0.6691119800022877, 0.44782694797759626, 0.1794848908383362, 0.007950687539111767, 0.6401053874171536, 0.6951843590317465, 0.7206749851139708, 0.8198916731077021, 0.7433986652913726, 0.6408124858076827], [-0.2470565678631833, 0.7059652815619344, 0.0, 0.2666546686248895, 0.46131763824828675, 0.14276629511785993, 0.3447278352680456, 0.6685332519473459, 0.4425209768268408, 0.17978826942923276, 0.008507047823598457, 0.6354980576465672, 0.680681124280292, 0.718153148543976, 0.8133469793983803, 0.7393570458045069, 0.6435894695787484], [-0.015456574392497036, 0.7731779798873103, 0.0, 0.31107034533484856, 0.48473790431882663, 0.1413652443841729, 0.40783039246007463, 0.6712456736834544, 0.4390385515324775, 0.19243926719188753, 0.008062078829516484, 0.6183022776358, 0.6861794756689583, 0.7121462106507425, 0.8135822549795325, 0.7375743236896298, 0.636770023070074], [0.027109017275575464, 0.6938234934765585, 0.0, 0.3137674104376654, 0.46063429305734227, 0.14198798765020007, 0.3677033209973949, 0.6710584365861838, 0.4406863445621705, 0.17469252251174727, 0.00783923647221818, 0.6140013670167535, 0.6910991204328433, 0.7327011868246149, 0.8168112116113967, 0.7538638317292583, 0.6360540826443895], [-0.06084518159337904, 0.6875045131763141, 0.0, 0.28880404664446624, 0.4581251518768177, 0.1406015632996717, 0.3401363632462598, 0.6711504284770639, 0.42496638098460515, 0.17077959449495506, 0.007950687539111767, 0.6158440628519126, 0.663152050955905, 0.6934213409454871, 0.8101088158757607, 0.7301223680146416, 0.6415644001760697], [0.25398593780931744, 0.7428173275463029, 0.0, 0.33396777829791624, 0.47562707040724267, 0.1416963311452589, 0.35531393785996956, 0.6700289850041166, 0.43510791431892093, 0.18411300684992415, 0.008173410423425675, 0.5952589805897548, 0.67309415200905, 0.7072924725795352, 0.811449422814933, 0.741414561592494, 0.6379685806351271], [0.1248677021074247, 0.6411585154924621, 0.0, 0.27673720291997217, 0.43881270704514336, 0.14401319958678388, 0.28801860113887656, 0.6673741566995699, 0.44783716617195113, 0.16329725496051184, 0.008173410423425675, 0.6165751001445643, 0.6704928415836791, 0.7045734729042914, 0.8167699655899411, 0.7414361330837727, 0.6432085116629159], [0.4063703071950435, 0.7229227310886777, 0.0, 0.2545358545759735, 0.4725853592846486, 0.13414975389152806, 0.2802999011915695, 0.6761313677442226, 0.3843032801993609, 0.16905536618652994, 0.007616154688146137, 0.5954168767166514, 0.6441359524262502, 0.6776138605977414, 0.7904611167402664, 0.7161113317437243, 0.6118625782146555], [0.5464150424797194, 0.7351720334618598, 0.0, 0.25055760705885705, 0.4752659389061661, 0.13476115128507063, 0.24438112612565205, 0.6749967817202407, 0.39033934258515135, 0.17307137179882814, 0.007616154688146137, 0.5915443565390437, 0.653050396804449, 0.6905459038337863, 0.7905522368521575, 0.7186887338798734, 0.5990873475791326]], "features_2": [[0.16193786521849907, 0.79774454785602, 0.0, 0.2337729004474758, 0.4910613010153262, 0.14612652466603265, 0.22574587920150863, 0.6644857175564557, 0.47599738939833247, 0.20242209707510073, 0.008117752083540042, 0.6124047731026221, 0.6752656865229608, 0.704847367214316, 0.8151770112697763, 0.7439989639700463, 0.6362687113571572], [-0.20704087419789508, 0.765530503817712, 0.0, 0.2193884959504696, 0.47231373134934196, 0.15299745813721513, 0.19665326847905717, 0.6556348188418657, 0.519189274471396, 0.20492997192504392, 0.008562602043175715, 0.6500258419013982, 0.6989858619759363, 0.7285666418420645, 0.8273358423412539, 0.7492464880575467, 0.6386460735137685], [0.20480555733087558, 0.8606601745401415, 0.0, 0.23539364947485555, 0.5079704348907241, 0.14628262103304157, 0.2508716615542184, 0.665206165102912, 0.4777724506471017, 0.2153567722224481, 0.008117752083540042, 0.611553416461692, 0.691551277115954, 0.7208553227559388, 0.8193232551480502, 0.7460656032371503, 0.6409538624537607], [0.17817230863338018, 0.7780765632361399, 0.0, 0.24390203989773798, 0.48659720444672416, 0.1449692861123978, 0.24193813515692994, 0.6659232104532333, 0.47138330058041134, 0.19570317198013654, 0.008117752083540042, 0.6142738943596786, 0.6632101420873651, 0.6961046434260639, 0.813832593994287, 0.7180875827299239, 0.638618121094779], [-0.33991096645131424, 0.7963381324455401, 0.0, 0.18751742077884803, 0.4908311402483736, 0.14680241197204205, 0.26012532533828503, 0.6661238061493078, 0.4703898879751929, 0.20367920319574417, 0.00822905385914674, 0.6457044253733581, 0.6912651424461324, 0.7239141286559427, 0.8206780703919251, 0.7367563612293079, 0.6222209558631799], [0.14846407942336004, 0.8438099453355399, 0.0, 0.23690241870647397, 0.5011122349525471, 0.14928065908991298, 0.239245446375854, 0.6617010953455915, 0.5133496847557908, 0.215404311099197, 0.009006502581913711, 0.6282728147901504, 0.679000627677926, 0.7037811131435875, 0.8229426733045743, 0.751700669464997, 0.6367835678870424], [-0.16511886458455471, 0.7014323468589327, 0.0, 0.2290615492482966, 0.4570189846631125, 0.14841554306521637, 0.23474688907149144, 0.6615937970990271, 0.49212627038976153, 0.18316984918670554, 0.008006390651371653, 0.637426195859248, 0.6859289289221877, 0.7161019788529694, 0.819378410041892, 0.727103467069783, 0.6414407329426818], [-0.11770581887280196, 0.8205707159367512, 0.0, 0.23329333025325447, 0.505460481552037, 0.13819825553427148, 0.3533089663140558, 0.6771653843253198, 0.42935928520499167, 0.1990081439410607, 0.007671947615560004, 0.636580083158738, 0.6922527498954404, 0.721709245862462, 0.8111439710749884, 0.736585370904361, 0.6032472398113518], [-0.12053051056780761, 0.792964697439494, 0.0, 0.23076468105502446, 0.4901762562560581, 0.14107157021809763, 0.26691091433071606, 0.6714411590534582, 0.44881083611407124, 0.1961202864139171, 0.007783488497544067, 0.633735469729692, 0.6688879377981948, 0.6999633504476159, 0.8086260689319617, 0.7293541634001297, 0.6324488099893608]]}