{"labels_1": ["1", "2", "3", "4", "5", "6", "7", "8", "9"], "labels_2": ["1", "2", "3", "4", "5", "6", "7", "8", "9"], "adj_matrix_1": [[0.0, 0.26384, 0.00357, 0.0087, 0.24566, 0.16445, 0.14161, 0.25634, 0.22969], [0.26384, 0.0, 0.26575, 0.25908, 0.02837, 0.13234, 0.15624, 0.01203, 0.05155], [0.00357, 0.26575, 0.0, 0.01227, 0.2478, 0.1674, 0.1447, 0.25833, 0.232], [0.0087, 0.25908, 0.01227, 0.0, 0.24034, 0.1572, 0.13398, 0.25135, 0.22391], [0.24566, 0.02837, 0.2478, 0.24034, 0.0, 0.10563, 0.13039, 0.01636, 0.02332], [0.16445, 0.13234, 0.1674, 0.1572, 0.10563, 0.0, 0.02648, 0.12111, 0.08319], [0.14161, 0.15624, 0.1447, 0.13398, 0.13039, 0.02648, 0.0, 0.14541, 0.10855], [0.25634, 0.01203, 0.25833, 0.25135, 0.01636, 0.12111, 0.14541, 0.0, 0.03962], [0.22969, 0.05155, 0.232, 0.22391, 0.02332, 0.08319, 0.10855, 0.03962, 0.0]], "adj_matrix_2": [[0.0, 0.27256, 0.15705, 0.12054, 0.30444, 0.21358, 0.25155, 0.27334, 0.29111], [0.27256, 0.0, 0.15751, 0.19256, 0.06299, 0.09091, 0.03558, 0.0014, 0.03525], [0.15705, 0.15751, 0.0, 0.04153, 0.21144, 0.07132, 0.12505, 0.15875, 0.18821], [0.12054, 0.19256, 0.04153, 0.0, 0.24204, 0.11112, 0.16225, 0.19372, 0.22084], [0.30444, 0.06299, 0.21144, 0.24204, 0.0, 0.1505, 0.09775, 0.06161, 0.02796], [0.21358, 0.09091, 0.07132, 0.11112, 0.1505, 0.0, 0.05607, 0.09226, 0.12456], [0.25155, 0.03558, 0.12505, 0.16225, 0.09775, 0.05607, 0.0, 0.03697, 0.07049], [0.27334, 0.0014, 0.15875, 0.19372, 0.06161, 0.09226, 0.03697, 0.0, 0.03385], [0.29111, 0.03525, 0.18821, 0.22084, 0.02796, 0.12456, 0.07049, 0.03385, 0.0]], "features_1": [[0.24504159178996376, 0.8624651083661531, 0.0, 0.2127799366223935, 0.5188865592360217, 0.14182811958979358, 0.22513735577282362, 0.6694377387534904, 0.4538858703587296, 0.21300031322113355, 0.008507047823598457, 0.6139086218888539, 0.649035050079771, 0.6790730259931989, 0.8064515337877921, 0.7281278096736741, 0.6296811221825964], [-0.11866709254919394, 0.8765402801160479, 0.0, 0.1884996734138686, 0.5126359578104198, 0.1471236732531623, 0.23447978413268872, 0.6646583271524551, 0.48065048157530654, 0.2231895463692133, 0.008729175733573014, 0.6338901260099321, 0.6925751051946868, 0.7234825605362146, 0.8188285134288098, 0.740801059050077, 0.635845855418539], [0.061160724705320746, 0.9164688976707204, 0.0, 0.20260094839467624, 0.5276013479568314, 0.14478502523137493, 0.2511237380481326, 0.6674708230018237, 0.4648037616256717, 0.22756680560395193, 0.008340296057933516, 0.6217434062155345, 0.6761129362931763, 0.7203668278754474, 0.8153102448547889, 0.7371925279269006, 0.625506417378002], [0.36189168969270513, 0.8416147477707611, 0.0, 0.20539943610138844, 0.5128791576218762, 0.14018107464854157, 0.26102092119646086, 0.6723836356310662, 0.440078319553727, 0.2041105567014685, 0.008006390651371653, 0.6120581424202796, 0.6611226219268899, 0.6924835664935185, 0.8063232320263651, 0.7363000769493793, 0.6162003056464562], [0.20933499126465982, 0.8572949412320042, 0.0, 0.191437104149035, 0.510129943747416, 0.14392727162756008, 0.27959323678703496, 0.6697852488572746, 0.4557935394938306, 0.2110396427787904, 0.008562602043175715, 0.6217230831425455, 0.6910141341221467, 0.7163883293364058, 0.8165064208545897, 0.736738733467039, 0.6294654131180136], [-0.12826168136058902, 0.9260439276199249, 0.0, 0.18882769137242766, 0.5313279385569091, 0.14230707544157062, 0.2912504460192508, 0.6714764370948971, 0.44847833713591867, 0.22649797203542477, 0.00822905385914674, 0.627321344378563, 0.6750475277064683, 0.6988088056126329, 0.8144366529781529, 0.7390151154042827, 0.6177012996349588], [0.059288740757569514, 0.7793761795457906, 0.0, 0.21726386970452885, 0.49351330829805484, 0.13893391992452642, 0.30165942460707384, 0.6748712527112469, 0.4336232546225576, 0.1911545979987277, 0.008006390651371653, 0.624922356863435, 0.6869065694181581, 0.7173968801931874, 0.8082408258753315, 0.7251083883611996, 0.6113501988112724], [-0.22086984983777613, 0.7927111297532076, 0.0, 0.22920959420543596, 0.49047384936961813, 0.14221110871328563, 0.29259614275988854, 0.6712575305237478, 0.4468956775346542, 0.20057628346880674, 0.008006390651371653, 0.6352091007776735, 0.6905403906834279, 0.7222354702319108, 0.8139908025219327, 0.7310416879118723, 0.6256416638843489], [-0.31144402076818656, 0.7865498100824918, 0.0, 0.26285174107561593, 0.4905076548375793, 0.13850530148991316, 0.2830722255419033, 0.6737065361468212, 0.4218694251586321, 0.19498296941136362, 0.007783488497544067, 0.6225341277203427, 0.6624977736209967, 0.6985592114144673, 0.8045186057404566, 0.725259823838513, 0.6125829829285879]], "features_2": [[0.011419166626580601, 0.7548203946707067, 0.0, 0.22566594781595226, 0.47246236618950016, 0.14611569845549957, 0.21300410491482466, 0.6629565680526803, 0.46626307509789, 0.19500400924773587, 0.008173410423425675, 0.6190135824483098, 0.6687395784025605, 0.7108681133164606, 0.8133907985135275, 0.7102441531788213, 0.6347905029027093], [-0.0935621536226856, 0.7758738061636092, 0.0, 0.21182704503223096, 0.4724984242741539, 0.14997520219915766, 0.18720836285680775, 0.6557097683659775, 0.4896612335751316, 0.2040597785733067, 0.008507047823598457, 0.6337752397050247, 0.66899018957855, 0.7032276783715633, 0.8155350186203071, 0.717160043441615, 0.6326809280824471], [0.05547966111056413, 0.8500775247043113, 0.0, 0.22592056144222014, 0.49664669640387094, 0.14771262382603678, 0.202382833884284, 0.6599299789446995, 0.4826609273550486, 0.21722228023680845, 0.008451478759474051, 0.6214046847398598, 0.6733812357545782, 0.7060389795534721, 0.8134322099013817, 0.7138955050287996, 0.6378334728400425], [-0.050888308750218325, 0.749336650618801, 0.0, 0.2313108232378184, 0.4754146995022677, 0.14347494465565605, 0.23552840236337644, 0.6671775182056872, 0.44803528197823494, 0.18926259641615895, 0.008284682400665488, 0.6169997980005368, 0.6719720221663043, 0.7067247208997629, 0.8102667118770014, 0.7312365786140705, 0.636788830709635], [-0.14076316891874185, 0.7453236709956187, 0.0, 0.2060629728189756, 0.464306698239302, 0.14825332275109815, 0.18708082936683965, 0.6579920359608817, 0.4787781846781545, 0.19523414260872918, 0.008618141428105908, 0.6409183404727188, 0.6864661276900831, 0.7136021780310515, 0.8115748356484858, 0.7175623486059408, 0.6294713179538911], [-0.07673683021554778, 0.8349981302030554, 0.0, 0.19912968114401267, 0.48952708336317274, 0.14880874938272298, 0.18637551998774313, 0.6566737722951621, 0.4848617772582344, 0.2150184371773316, 0.008340296057933516, 0.6277874601558842, 0.664318991048693, 0.701542163186572, 0.8099154539900529, 0.7240093593055018, 0.6309788109808239], [-0.1386635209391689, 0.7364412906145319, 0.0, 0.19955457451314557, 0.4660390819639602, 0.14402253911428192, 0.23864174269295332, 0.6650948683418936, 0.44544862893713333, 0.18720494390063447, 0.008284682400665488, 0.6332433719637285, 0.6689911661052477, 0.6958612845550264, 0.8050818612801637, 0.7056686288050986, 0.6212096110026255], [0.17354267688866898, 0.7719047512051398, 0.0, 0.22590672188339378, 0.46959115382739713, 0.14648607266810101, 0.2714450195472565, 0.6595590720607112, 0.4547795745120038, 0.19514711142995433, 0.008451478759474051, 0.6251313725529322, 0.6484450855925401, 0.6669388776044928, 0.8022683997836021, 0.735981557531917, 0.6106988330806066], [-0.12059755364255853, 0.8295951026220749, 0.0, 0.19889452379971317, 0.4889498457220314, 0.14310375179615784, 0.296981451084001, 0.6632459700451652, 0.4219059935472176, 0.20371932734503795, 0.008006390651371653, 0.6265781930894416, 0.6542930917854959, 0.6797487712552501, 0.7910518879728672, 0.7168289680518577, 0.5968914037292209]]}