{"labels_1": ["1", "2", "3", "4", "5", "6", "7", "8", "9"], "labels_2": ["1", "2", "3", "4", "5", "6", "7", "8", "9"], "adj_matrix_1": [[0.0, 0.26384, 0.00357, 0.0087, 0.24566, 0.16445, 0.14161, 0.25634, 0.22969], [0.26384, 0.0, 0.26575, 0.25908, 0.02837, 0.13234, 0.15624, 0.01203, 0.05155], [0.00357, 0.26575, 0.0, 0.01227, 0.2478, 0.1674, 0.1447, 0.25833, 0.232], [0.0087, 0.25908, 0.01227, 0.0, 0.24034, 0.1572, 0.13398, 0.25135, 0.22391], [0.24566, 0.02837, 0.2478, 0.24034, 0.0, 0.10563, 0.13039, 0.01636, 0.02332], [0.16445, 0.13234, 0.1674, 0.1572, 0.10563, 0.0, 0.02648, 0.12111, 0.08319], [0.14161, 0.15624, 0.1447, 0.13398, 0.13039, 0.02648, 0.0, 0.14541, 0.10855], [0.25634, 0.01203, 0.25833, 0.25135, 0.01636, 0.12111, 0.14541, 0.0, 0.03962], [0.22969, 0.05155, 0.232, 0.22391, 0.02332, 0.08319, 0.10855, 0.03962, 0.0]], "adj_matrix_2": [[0.0, 0.32467, 0.25896, 0.31995, 0.30402, 0.27811, 0.04322, 0.16419, 0.04406], [0.32467, 0.0, 0.12295, 0.01371, 0.19941, 0.22342, 0.11922, 0.23295, 0.12065], [0.25896, 0.12295, 0.0, 0.11035, 0.26397, 0.2695, 0.08858, 0.22211, 0.0899], [0.31995, 0.01371, 0.11035, 0.0, 0.20814, 0.23016, 0.11563, 0.23279, 0.11707], [0.30402, 0.19941, 0.26397, 0.20814, 0.0, 0.04687, 0.17495, 0.17293, 0.17595], [0.27811, 0.22342, 0.2695, 0.23016, 0.04687, 0.0, 0.18055, 0.14224, 0.18131], [0.04322, 0.11922, 0.08858, 0.11563, 0.17495, 0.18055, 0.0, 0.15746, 0.00209], [0.16419, 0.23295, 0.22211, 0.23279, 0.17293, 0.14224, 0.15746, 0.0, 0.15678], [0.04406, 0.12065, 0.0899, 0.11707, 0.17595, 0.18131, 0.00209, 0.15678, 0.0]], "features_1": [[0.24504159178996376, 0.8624651083661531, 0.0, 0.2127799366223935, 0.5188865592360217, 0.14182811958979358, 0.22513735577282362, 0.6694377387534904, 0.4538858703587296, 0.21300031322113355, 0.008507047823598457, 0.6139086218888539, 0.649035050079771, 0.6790730259931989, 0.8064515337877921, 0.7281278096736741, 0.6296811221825964], [-0.11866709254919394, 0.8765402801160479, 0.0, 0.1884996734138686, 0.5126359578104198, 0.1471236732531623, 0.23447978413268872, 0.6646583271524551, 0.48065048157530654, 0.2231895463692133, 0.008729175733573014, 0.6338901260099321, 0.6925751051946868, 0.7234825605362146, 0.8188285134288098, 0.740801059050077, 0.635845855418539], [0.061160724705320746, 0.9164688976707204, 0.0, 0.20260094839467624, 0.5276013479568314, 0.14478502523137493, 0.2511237380481326, 0.6674708230018237, 0.4648037616256717, 0.22756680560395193, 0.008340296057933516, 0.6217434062155345, 0.6761129362931763, 0.7203668278754474, 0.8153102448547889, 0.7371925279269006, 0.625506417378002], [0.36189168969270513, 0.8416147477707611, 0.0, 0.20539943610138844, 0.5128791576218762, 0.14018107464854157, 0.26102092119646086, 0.6723836356310662, 0.440078319553727, 0.2041105567014685, 0.008006390651371653, 0.6120581424202796, 0.6611226219268899, 0.6924835664935185, 0.8063232320263651, 0.7363000769493793, 0.6162003056464562], [0.20933499126465982, 0.8572949412320042, 0.0, 0.191437104149035, 0.510129943747416, 0.14392727162756008, 0.27959323678703496, 0.6697852488572746, 0.4557935394938306, 0.2110396427787904, 0.008562602043175715, 0.6217230831425455, 0.6910141341221467, 0.7163883293364058, 0.8165064208545897, 0.736738733467039, 0.6294654131180136], [-0.12826168136058902, 0.9260439276199249, 0.0, 0.18882769137242766, 0.5313279385569091, 0.14230707544157062, 0.2912504460192508, 0.6714764370948971, 0.44847833713591867, 0.22649797203542477, 0.00822905385914674, 0.627321344378563, 0.6750475277064683, 0.6988088056126329, 0.8144366529781529, 0.7390151154042827, 0.6177012996349588], [0.059288740757569514, 0.7793761795457906, 0.0, 0.21726386970452885, 0.49351330829805484, 0.13893391992452642, 0.30165942460707384, 0.6748712527112469, 0.4336232546225576, 0.1911545979987277, 0.008006390651371653, 0.624922356863435, 0.6869065694181581, 0.7173968801931874, 0.8082408258753315, 0.7251083883611996, 0.6113501988112724], [-0.22086984983777613, 0.7927111297532076, 0.0, 0.22920959420543596, 0.49047384936961813, 0.14221110871328563, 0.29259614275988854, 0.6712575305237478, 0.4468956775346542, 0.20057628346880674, 0.008006390651371653, 0.6352091007776735, 0.6905403906834279, 0.7222354702319108, 0.8139908025219327, 0.7310416879118723, 0.6256416638843489], [-0.31144402076818656, 0.7865498100824918, 0.0, 0.26285174107561593, 0.4905076548375793, 0.13850530148991316, 0.2830722255419033, 0.6737065361468212, 0.4218694251586321, 0.19498296941136362, 0.007783488497544067, 0.6225341277203427, 0.6624977736209967, 0.6985592114144673, 0.8045186057404566, 0.725259823838513, 0.6125829829285879]], "features_2": [[-0.09230837793071167, 0.7753103375858683, 0.0, 0.23013266508354954, 0.47570953073551797, 0.14974804211264836, 0.29701352509776485, 0.6601632166968353, 0.4983319144370246, 0.20147937540902383, 0.008673665988278678, 0.6437198957685082, 0.6822664476887342, 0.7048586304772299, 0.8226537392113209, 0.7314293717732635, 0.6506801030615512], [0.22936064749757268, 0.7230034033647496, 0.0, 0.23724955299905362, 0.46378111284101786, 0.15359735247366102, 0.43453707763025945, 0.6603938743295468, 0.528871365686209, 0.19304024402072706, 0.00922809839663663, 0.621514709467637, 0.6955857061312068, 0.7429949862875128, 0.8305308169808469, 0.7530714579676471, 0.6600015367317091], [-0.041343643663297236, 0.8237793193276679, 0.0, 0.23225013186060975, 0.4933975638663288, 0.15157346490289061, 0.4018785133426661, 0.6612765687067013, 0.5014885688926425, 0.21308245166584205, 0.008673665988278678, 0.6289176771957574, 0.6983180325871102, 0.7233226866857129, 0.8265025232333704, 0.7357254687850254, 0.6568430561355263], [0.23215455755026104, 0.7462813149304187, 0.0, 0.24127127775098323, 0.47034770062839737, 0.1494382897697488, 0.3441492807876493, 0.6621158846394961, 0.5037059813524434, 0.19365183919679962, 0.008784670673857464, 0.6171143354370177, 0.681382290153442, 0.715242771001316, 0.8247269514064064, 0.7292572286411003, 0.6591538330491974], [0.603541631521979, 0.6969572503391612, 0.0, 0.2422704039166247, 0.4607076550054321, 0.1517258600518818, 0.4263604213743932, 0.6642711059257695, 0.5373607579914947, 0.1845106224151296, 0.00922809839663663, 0.6082877059777507, 0.6901065254712662, 0.7169818216852938, 0.8325559314676849, 0.7537816477618503, 0.6579867598665525], [0.5707018836998201, 0.7831426110560337, 0.0, 0.2560755049573337, 0.4838622129164283, 0.1532531603063233, 0.4371611369786429, 0.660753568483754, 0.5221121708436509, 0.2048358137695958, 0.008784670673857464, 0.6069069382954522, 0.692084707971887, 0.7271579760862169, 0.8305818756543001, 0.7433290995424495, 0.6634212132253273], [1.1934293214733396, 0.692346757142702, 0.0, 0.3026850697888104, 0.4562703081117916, 0.1490569611861711, 0.38763064195056884, 0.6650616921169307, 0.5126034376073332, 0.18087055326788648, 0.008562602043175715, 0.5794770317804638, 0.6967043633004306, 0.7351704764360806, 0.8267503429773116, 0.7452801759263364, 0.657349606344837], [0.7735034037698658, 0.7573097863586259, 0.0, 0.28217943244144505, 0.48781796152193435, 0.1415479952356088, 0.4500735721086798, 0.6760869770699983, 0.4770447315932709, 0.18709143989383037, 0.008507047823598457, 0.5867831601083728, 0.6908651790490785, 0.7202704827959349, 0.8250038369496444, 0.7538920213804731, 0.6319756706600728], [1.4125349133811183, 0.7726683460818972, 0.0, 0.3226884156833392, 0.49140751646074066, 0.14017169156720816, 0.39716932178530795, 0.6760357639464214, 0.46200833356401505, 0.1875594875571429, 0.007950687539111767, 0.5713145911101796, 0.6969093893719842, 0.7154602792425612, 0.8188322690120099, 0.7505859308475773, 0.6284963043167673]]}