{"labels_1": ["1", "2", "3", "4", "5", "6", "7", "8", "9"], "labels_2": ["1", "2", "3", "4", "5", "6", "7", "8", "9"], "adj_matrix_1": [[0.0, 0.18612, 0.0855, 0.21524, 0.17703, 0.19651, 0.12024, 0.05986, 0.08752], [0.18612, 0.0, 0.10966, 0.0383, 0.21558, 0.2279, 0.16845, 0.10028, 0.13404], [0.0855, 0.10966, 0.0, 0.14431, 0.19585, 0.21337, 0.14056, 0.07518, 0.10604], [0.21524, 0.0383, 0.14431, 0.0, 0.21959, 0.22937, 0.17739, 0.11003, 0.14408], [0.17703, 0.21558, 0.19585, 0.21959, 0.0, 0.02737, 0.07742, 0.14705, 0.1184], [0.19651, 0.2279, 0.21337, 0.22937, 0.02737, 0.0, 0.10086, 0.15863, 0.13664], [0.12024, 0.16845, 0.14056, 0.17739, 0.07742, 0.10086, 0.0, 0.09535, 0.05055], [0.05986, 0.10028, 0.07518, 0.11003, 0.14705, 0.15863, 0.09535, 0.0, 0.05029], [0.08752, 0.13404, 0.10604, 0.14408, 0.1184, 0.13664, 0.05055, 0.05029, 0.0]], "adj_matrix_2": [[0.0, 0.09639, 0.1117, 0.00892, 0.06473, 0.01262, 0.19961, 0.17048, 0.17036], [0.09639, 0.0, 0.01569, 0.10509, 0.03212, 0.08401, 0.2801, 0.25503, 0.25495], [0.1117, 0.01569, 0.0, 0.12032, 0.04775, 0.09941, 0.29203, 0.26773, 0.26768], [0.00892, 0.10509, 0.12032, 0.0, 0.07355, 0.02154, 0.19176, 0.16231, 0.16218], [0.06473, 0.03212, 0.04775, 0.07355, 0.0, 0.05221, 0.25461, 0.22807, 0.22796], [0.01262, 0.08401, 0.09941, 0.02154, 0.05221, 0.0, 0.2106, 0.18195, 0.18184], [0.19961, 0.2801, 0.29203, 0.19176, 0.25461, 0.2106, 0.0, 0.03295, 0.0331], [0.17048, 0.25503, 0.26773, 0.16231, 0.22807, 0.18195, 0.03295, 0.0, 0.00016], [0.17036, 0.25495, 0.26768, 0.16218, 0.22796, 0.18184, 0.0331, 0.00016, 0.0]], "features_1": [[0.21048397047261735, 1.011240895082315, 0.0, 0.2205089343056583, 0.5528649545170168, 0.1387489678581609, 0.19768083830682812, 0.6726002549990202, 0.42259892217871187, 0.23387458438580722, 0.007560346756364078, 0.6161801451855933, 0.6580457279936196, 0.6823714203462579, 0.7983422731286499, 0.7031734752260791, 0.6311672081283995], [0.6769280412137912, 1.0426321117653472, 0.0, 0.19888079641113462, 0.5526120155294367, 0.1436860222533491, 0.16990495547047074, 0.6657082398453467, 0.4653144551858197, 0.24463907847287358, 0.007894969482732161, 0.6154295113780992, 0.6416982966618421, 0.6773339402005958, 0.8042516123856377, 0.7256298684646013, 0.6361969280177154], [0.5570153587757565, 1.1378378799365156, 0.0, 0.21293082550999182, 0.5742984979556064, 0.14180810526761578, 0.16947535707457675, 0.6678448333409261, 0.44662284976340505, 0.25962786560526774, 0.007950687539111767, 0.6130064767439363, 0.6446593851466818, 0.674765971806445, 0.8002226011789705, 0.7172395665365728, 0.6276288992358887], [0.5460332393163889, 1.0284223782049398, 0.0, 0.23597364899663692, 0.5508205355249054, 0.14127616366268872, 0.14754158804783585, 0.6675807174953372, 0.43654738775810786, 0.23824608595321384, 0.00783923647221818, 0.6059665416519884, 0.6319799778393207, 0.6563578877366167, 0.796220127604288, 0.6982846688226769, 0.6197870164155549], [1.4177687943017103, 1.0532666394990318, 0.0, 0.2607536472206517, 0.5569101532734111, 0.1413050942017159, 0.19260810416186516, 0.6687185484345592, 0.45063306816535253, 0.24059977359591356, 0.007894969482732161, 0.5908069354142358, 0.6311770755964562, 0.6582337246042442, 0.8004159984210448, 0.7269860648062443, 0.6226010959397966], [1.108944978338326, 1.1722813053552308, 0.0, 0.2441961703891215, 0.5794249832304517, 0.14186688896780164, 0.15882264051653222, 0.6667547587578244, 0.4537433234405146, 0.2665238816821358, 0.008117752083540042, 0.5938502200488232, 0.630691422222977, 0.6744276924443546, 0.7980804603729936, 0.7101610467593992, 0.6154627101636909], [1.3026026725513749, 0.9946450440780176, 0.0, 0.2825706764627694, 0.5475705386256124, 0.13834051258421745, 0.2009771184542423, 0.6724645870262367, 0.43618598722066015, 0.22759693691728367, 0.00822905385914674, 0.5885620467785659, 0.6562561664931909, 0.6662972633841178, 0.7952146989909178, 0.7071850751691724, 0.6087690139058621], [1.3491014787616953, 1.0631239419009817, 0.0, 0.24493080101191686, 0.5674036849319145, 0.13329738592246634, 0.2781638999813296, 0.6781362381678069, 0.400302030395256, 0.23425045060694716, 0.007560346756364078, 0.5803050538747594, 0.6427176541162511, 0.6681101073782002, 0.7906684444608059, 0.7140465679663555, 0.601988455527248], [1.3556291505879665, 1.0926895084811414, 0.0, 0.24623569736279902, 0.5750034142775886, 0.13137394921856016, 0.2563567625455107, 0.6793561106770254, 0.39174944367198905, 0.23757767194681167, 0.007783488497544067, 0.5740291425686586, 0.6522817757153204, 0.6749139399322176, 0.7829924459264481, 0.7208551477433904, 0.5888401082688259]], "features_2": [[-0.42490846752407263, 0.9861298640903106, 0.0, 0.18036278818791876, 0.547901896569116, 0.13379801012532902, 0.16964726138322064, 0.6746561491051257, 0.3888302852901506, 0.23042998849423801, 0.007392832833969631, 0.6348877642596475, 0.6493336231865333, 0.6740672009728644, 0.7793140623805012, 0.7095886143696076, 0.5987571306915173], [-0.4220960912310794, 0.9849710086128949, 0.0, 0.15044500135074537, 0.5426216060362286, 0.13375107853494092, 0.18957379680662853, 0.6744383963269336, 0.37734913590723074, 0.22896131710747292, 0.007504523810135222, 0.6371141900664341, 0.6620354319876586, 0.6780652321248845, 0.7785891285714777, 0.6806256489386451, 0.58950899400105], [-0.4186261225862986, 1.0855108729812835, 0.0, 0.18353091569676058, 0.5673541190736663, 0.13418939169983266, 0.18934855788291854, 0.6742473205703241, 0.3902980986265958, 0.2503160409261389, 0.007616154688146137, 0.6447018170465268, 0.6275881014759547, 0.6545091755592146, 0.7802243497213015, 0.6964920294259075, 0.5982812805841611], [-0.35441095826919655, 0.9315226494959854, 0.0, 0.1786356897657687, 0.5305424249563504, 0.13592007967849545, 0.17320608729361311, 0.6721457136563792, 0.3998006244614136, 0.220755974794125, 0.007727725548673403, 0.6381217796909928, 0.6563586972207939, 0.685391066678828, 0.7829781794446719, 0.6932623855441107, 0.5997059656371224], [-0.32873234093631476, 0.9085331345981642, 0.0, 0.15175602629428053, 0.519754621759702, 0.13507496652183157, 0.19061031780984267, 0.6725182141419279, 0.3873972478761005, 0.21408278201859665, 0.007392832833969631, 0.6368754323112551, 0.653284621134004, 0.683425804563656, 0.779891122822847, 0.7057533748774185, 0.58675191613803], [-0.429489556816526, 1.0030718478417489, 0.0, 0.15480620968897654, 0.5440225967609389, 0.13671073669308742, 0.1994588905975533, 0.6711201980575288, 0.40256003864197343, 0.23711522757422165, 0.00783923647221818, 0.6384120079781797, 0.6394458520655429, 0.6732167767872411, 0.7845383556719896, 0.7163625233430203, 0.5926668785702622], [-0.024225527679941905, 0.847221569790199, 0.0, 0.20537696091689897, 0.5010670367749696, 0.13757897067640548, 0.15858400348634943, 0.6692668021477357, 0.4096014962039387, 0.20218598016500255, 0.007504523810135222, 0.621001137681354, 0.6414215141259345, 0.6620103025513571, 0.7832071984806788, 0.7263550566163862, 0.5822308169040976], [-0.08971641123943508, 0.8603661343692776, 0.0, 0.18235961851388424, 0.5064681519305665, 0.13418533844797068, 0.17451174279052922, 0.6729085610364252, 0.39683085336599033, 0.2041833624371232, 0.008062078829516484, 0.6314897199816354, 0.6479676138277994, 0.6707712638544134, 0.775580268151577, 0.7209201610852434, 0.5788577196134485], [0.1559782029878587, 0.9259757828187738, 0.0, 0.21466855676454896, 0.5301446073149788, 0.13135597750990893, 0.17363403364996371, 0.6765456361079654, 0.3797385033781364, 0.21046510245133843, 0.007336964783822175, 0.6149577312515602, 0.6298451689463027, 0.6589103354250748, 0.7709884544043899, 0.7157005249356115, 0.5756454740813399]]}