{"labels_1": ["1", "2", "3", "4", "5", "6", "7", "8", "9"], "labels_2": ["1", "2", "3", "4", "5", "6", "7", "8", "9"], "adj_matrix_1": [[0.0, 0.18612, 0.0855, 0.21524, 0.17703, 0.19651, 0.12024, 0.05986, 0.08752], [0.18612, 0.0, 0.10966, 0.0383, 0.21558, 0.2279, 0.16845, 0.10028, 0.13404], [0.0855, 0.10966, 0.0, 0.14431, 0.19585, 0.21337, 0.14056, 0.07518, 0.10604], [0.21524, 0.0383, 0.14431, 0.0, 0.21959, 0.22937, 0.17739, 0.11003, 0.14408], [0.17703, 0.21558, 0.19585, 0.21959, 0.0, 0.02737, 0.07742, 0.14705, 0.1184], [0.19651, 0.2279, 0.21337, 0.22937, 0.02737, 0.0, 0.10086, 0.15863, 0.13664], [0.12024, 0.16845, 0.14056, 0.17739, 0.07742, 0.10086, 0.0, 0.09535, 0.05055], [0.05986, 0.10028, 0.07518, 0.11003, 0.14705, 0.15863, 0.09535, 0.0, 0.05029], [0.08752, 0.13404, 0.10604, 0.14408, 0.1184, 0.13664, 0.05055, 0.05029, 0.0]], "adj_matrix_2": [[0.0, 0.30656, 0.16923, 0.09815, 0.29593, 0.29554, 0.29904, 0.25007, 0.19022], [0.30656, 0.0, 0.3449, 0.34253, 0.18847, 0.18918, 0.17136, 0.29738, 0.33964], [0.16923, 0.3449, 0.0, 0.08336, 0.24591, 0.24533, 0.25846, 0.12902, 0.02904], [0.09815, 0.34253, 0.08336, 0.0, 0.28487, 0.28433, 0.29324, 0.19709, 0.11046], [0.29593, 0.18847, 0.24591, 0.28487, 0.0, 0.00078, 0.01931, 0.14339, 0.22723], [0.29554, 0.18918, 0.24533, 0.28433, 0.00078, 0.0, 0.02009, 0.14263, 0.2266], [0.29904, 0.17136, 0.25846, 0.29324, 0.01931, 0.02009, 0.0, 0.16073, 0.24105], [0.25007, 0.29738, 0.12902, 0.19709, 0.14339, 0.14263, 0.16073, 0.0, 0.10239], [0.19022, 0.33964, 0.02904, 0.11046, 0.22723, 0.2266, 0.24105, 0.10239, 0.0]], "features_1": [[0.21048397047261735, 1.011240895082315, 0.0, 0.2205089343056583, 0.5528649545170168, 0.1387489678581609, 0.19768083830682812, 0.6726002549990202, 0.42259892217871187, 0.23387458438580722, 0.007560346756364078, 0.6161801451855933, 0.6580457279936196, 0.6823714203462579, 0.7983422731286499, 0.7031734752260791, 0.6311672081283995], [0.6769280412137912, 1.0426321117653472, 0.0, 0.19888079641113462, 0.5526120155294367, 0.1436860222533491, 0.16990495547047074, 0.6657082398453467, 0.4653144551858197, 0.24463907847287358, 0.007894969482732161, 0.6154295113780992, 0.6416982966618421, 0.6773339402005958, 0.8042516123856377, 0.7256298684646013, 0.6361969280177154], [0.5570153587757565, 1.1378378799365156, 0.0, 0.21293082550999182, 0.5742984979556064, 0.14180810526761578, 0.16947535707457675, 0.6678448333409261, 0.44662284976340505, 0.25962786560526774, 0.007950687539111767, 0.6130064767439363, 0.6446593851466818, 0.674765971806445, 0.8002226011789705, 0.7172395665365728, 0.6276288992358887], [0.5460332393163889, 1.0284223782049398, 0.0, 0.23597364899663692, 0.5508205355249054, 0.14127616366268872, 0.14754158804783585, 0.6675807174953372, 0.43654738775810786, 0.23824608595321384, 0.00783923647221818, 0.6059665416519884, 0.6319799778393207, 0.6563578877366167, 0.796220127604288, 0.6982846688226769, 0.6197870164155549], [1.4177687943017103, 1.0532666394990318, 0.0, 0.2607536472206517, 0.5569101532734111, 0.1413050942017159, 0.19260810416186516, 0.6687185484345592, 0.45063306816535253, 0.24059977359591356, 0.007894969482732161, 0.5908069354142358, 0.6311770755964562, 0.6582337246042442, 0.8004159984210448, 0.7269860648062443, 0.6226010959397966], [1.108944978338326, 1.1722813053552308, 0.0, 0.2441961703891215, 0.5794249832304517, 0.14186688896780164, 0.15882264051653222, 0.6667547587578244, 0.4537433234405146, 0.2665238816821358, 0.008117752083540042, 0.5938502200488232, 0.630691422222977, 0.6744276924443546, 0.7980804603729936, 0.7101610467593992, 0.6154627101636909], [1.3026026725513749, 0.9946450440780176, 0.0, 0.2825706764627694, 0.5475705386256124, 0.13834051258421745, 0.2009771184542423, 0.6724645870262367, 0.43618598722066015, 0.22759693691728367, 0.00822905385914674, 0.5885620467785659, 0.6562561664931909, 0.6662972633841178, 0.7952146989909178, 0.7071850751691724, 0.6087690139058621], [1.3491014787616953, 1.0631239419009817, 0.0, 0.24493080101191686, 0.5674036849319145, 0.13329738592246634, 0.2781638999813296, 0.6781362381678069, 0.400302030395256, 0.23425045060694716, 0.007560346756364078, 0.5803050538747594, 0.6427176541162511, 0.6681101073782002, 0.7906684444608059, 0.7140465679663555, 0.601988455527248], [1.3556291505879665, 1.0926895084811414, 0.0, 0.24623569736279902, 0.5750034142775886, 0.13137394921856016, 0.2563567625455107, 0.6793561106770254, 0.39174944367198905, 0.23757767194681167, 0.007783488497544067, 0.5740291425686586, 0.6522817757153204, 0.6749139399322176, 0.7829924459264481, 0.7208551477433904, 0.5888401082688259]], "features_2": [[0.5470032211987683, 0.8568921176667575, 0.0, 0.1786214344824215, 0.5038888628279626, 0.13976407174449806, 0.2335256868063702, 0.6693577076443048, 0.4311182724887739, 0.20588136375883392, 0.008062078829516484, 0.6006930913498167, 0.6516356368389742, 0.679552251444826, 0.7962695542069821, 0.7401634334837071, 0.635409632865046], [-0.17428789622857677, 0.8271002883877695, 0.0, 0.17551234514485187, 0.49672178445234505, 0.14334522828783608, 0.2719640244454574, 0.6674709006524022, 0.4494301120381161, 0.20759346001654566, 0.007950687539111767, 0.6377617151689117, 0.6819712581691852, 0.717288093512701, 0.8107545875792769, 0.7465956629535423, 0.6349410862282452], [0.16530360830599422, 0.9193464402026394, 0.0, 0.1838822937638296, 0.518756302266821, 0.1431871627125615, 0.2622471571359398, 0.6666141159359953, 0.457304050568206, 0.2269742348516166, 0.008173410423425675, 0.6165470697288458, 0.6608577833603859, 0.6982180766882907, 0.804905469794975, 0.7332277750572537, 0.6390496625768876], [0.41293182329608547, 0.8514540651625835, 0.0, 0.1831541537576404, 0.5023486328760438, 0.14086038599812462, 0.26024803135074065, 0.6678555739352142, 0.43373201281681917, 0.20515543851802565, 0.00839589484089287, 0.6072720155358151, 0.6513614582733511, 0.6750170668762716, 0.7942613608549297, 0.7207484570239769, 0.6312721617633386], [-0.21475035391205655, 0.7694210044816518, 0.0, 0.18268181922133717, 0.48063975771785705, 0.1446436155005277, 0.2946431868959813, 0.6669962818574318, 0.46126008102197824, 0.1969711997509671, 0.008173410423425675, 0.6363382833969555, 0.6661378201855485, 0.7061023979302945, 0.8139434537531939, 0.7228129716504056, 0.6350117308087776], [-0.12668034142385798, 0.9508596025056665, 0.0, 0.1878841123841137, 0.5232147916986074, 0.14485300954996494, 0.23573972648985944, 0.6628822748781463, 0.46262500101336346, 0.2370884323964273, 0.008062078829516484, 0.6336923258538061, 0.6608362013287438, 0.7059055553214573, 0.8026679391068956, 0.7154321901343268, 0.6321739454732542], [-0.04388674034725515, 0.8146065645036306, 0.0, 0.1868712862182013, 0.4917474347287719, 0.14059230141329176, 0.2973571898639896, 0.6683869560115636, 0.428209884225619, 0.19991645827645654, 0.008507047823598457, 0.6232461570117931, 0.6684816495125642, 0.6927926586290509, 0.7935265667137784, 0.721134059317714, 0.6187641979198995], [0.03300307805922342, 0.8210902860448974, 0.0, 0.21714008597427858, 0.4939361926896195, 0.1422551151120106, 0.2688608014807528, 0.6672581213769735, 0.44338951501388846, 0.20365815792111142, 0.00839589484089287, 0.6217566439301643, 0.6556561864774763, 0.6939196796327375, 0.801635780728573, 0.7204478785155392, 0.6233566462348189], [0.4237126876907982, 0.9017461628153136, 0.0, 0.23081896171714125, 0.5180468433994114, 0.13706131577315775, 0.28747448032223916, 0.6722215727245247, 0.4199655117407963, 0.21171054889210628, 0.008618141428105908, 0.6094938700885999, 0.6519618405564476, 0.6770223884283171, 0.784716133493515, 0.7168179335554687, 0.5984991668188692]]}