{"labels_1": ["1", "2", "3", "4", "5", "6", "7", "8", "9"], "labels_2": ["1", "2", "3", "4", "5", "6", "7", "8", "9"], "adj_matrix_1": [[0.0, 0.18612, 0.0855, 0.21524, 0.17703, 0.19651, 0.12024, 0.05986, 0.08752], [0.18612, 0.0, 0.10966, 0.0383, 0.21558, 0.2279, 0.16845, 0.10028, 0.13404], [0.0855, 0.10966, 0.0, 0.14431, 0.19585, 0.21337, 0.14056, 0.07518, 0.10604], [0.21524, 0.0383, 0.14431, 0.0, 0.21959, 0.22937, 0.17739, 0.11003, 0.14408], [0.17703, 0.21558, 0.19585, 0.21959, 0.0, 0.02737, 0.07742, 0.14705, 0.1184], [0.19651, 0.2279, 0.21337, 0.22937, 0.02737, 0.0, 0.10086, 0.15863, 0.13664], [0.12024, 0.16845, 0.14056, 0.17739, 0.07742, 0.10086, 0.0, 0.09535, 0.05055], [0.05986, 0.10028, 0.07518, 0.11003, 0.14705, 0.15863, 0.09535, 0.0, 0.05029], [0.08752, 0.13404, 0.10604, 0.14408, 0.1184, 0.13664, 0.05055, 0.05029, 0.0]], "adj_matrix_2": [[0.0, 0.26862, 0.14276, 0.12023, 0.02689, 0.01201, 0.15404, 0.05758, 0.06833], [0.26862, 0.0, 0.15427, 0.33936, 0.25004, 0.26039, 0.35612, 0.30495, 0.31121], [0.14276, 0.15427, 0.0, 0.2484, 0.11749, 0.13156, 0.27615, 0.19474, 0.20416], [0.12023, 0.33936, 0.2484, 0.0, 0.14569, 0.13168, 0.03557, 0.06388, 0.05311], [0.02689, 0.25004, 0.11749, 0.14569, 0.0, 0.01489, 0.17874, 0.08407, 0.09469], [0.01201, 0.26039, 0.13156, 0.13168, 0.01489, 0.0, 0.16515, 0.06944, 0.08014], [0.15404, 0.35612, 0.27615, 0.03557, 0.17874, 0.16515, 0.0, 0.09888, 0.08827], [0.05758, 0.30495, 0.19474, 0.06388, 0.08407, 0.06944, 0.09888, 0.0, 0.01087], [0.06833, 0.31121, 0.20416, 0.05311, 0.09469, 0.08014, 0.08827, 0.01087, 0.0]], "features_1": [[0.21048397047261735, 1.011240895082315, 0.0, 0.2205089343056583, 0.5528649545170168, 0.1387489678581609, 0.19768083830682812, 0.6726002549990202, 0.42259892217871187, 0.23387458438580722, 0.007560346756364078, 0.6161801451855933, 0.6580457279936196, 0.6823714203462579, 0.7983422731286499, 0.7031734752260791, 0.6311672081283995], [0.6769280412137912, 1.0426321117653472, 0.0, 0.19888079641113462, 0.5526120155294367, 0.1436860222533491, 0.16990495547047074, 0.6657082398453467, 0.4653144551858197, 0.24463907847287358, 0.007894969482732161, 0.6154295113780992, 0.6416982966618421, 0.6773339402005958, 0.8042516123856377, 0.7256298684646013, 0.6361969280177154], [0.5570153587757565, 1.1378378799365156, 0.0, 0.21293082550999182, 0.5742984979556064, 0.14180810526761578, 0.16947535707457675, 0.6678448333409261, 0.44662284976340505, 0.25962786560526774, 0.007950687539111767, 0.6130064767439363, 0.6446593851466818, 0.674765971806445, 0.8002226011789705, 0.7172395665365728, 0.6276288992358887], [0.5460332393163889, 1.0284223782049398, 0.0, 0.23597364899663692, 0.5508205355249054, 0.14127616366268872, 0.14754158804783585, 0.6675807174953372, 0.43654738775810786, 0.23824608595321384, 0.00783923647221818, 0.6059665416519884, 0.6319799778393207, 0.6563578877366167, 0.796220127604288, 0.6982846688226769, 0.6197870164155549], [1.4177687943017103, 1.0532666394990318, 0.0, 0.2607536472206517, 0.5569101532734111, 0.1413050942017159, 0.19260810416186516, 0.6687185484345592, 0.45063306816535253, 0.24059977359591356, 0.007894969482732161, 0.5908069354142358, 0.6311770755964562, 0.6582337246042442, 0.8004159984210448, 0.7269860648062443, 0.6226010959397966], [1.108944978338326, 1.1722813053552308, 0.0, 0.2441961703891215, 0.5794249832304517, 0.14186688896780164, 0.15882264051653222, 0.6667547587578244, 0.4537433234405146, 0.2665238816821358, 0.008117752083540042, 0.5938502200488232, 0.630691422222977, 0.6744276924443546, 0.7980804603729936, 0.7101610467593992, 0.6154627101636909], [1.3026026725513749, 0.9946450440780176, 0.0, 0.2825706764627694, 0.5475705386256124, 0.13834051258421745, 0.2009771184542423, 0.6724645870262367, 0.43618598722066015, 0.22759693691728367, 0.00822905385914674, 0.5885620467785659, 0.6562561664931909, 0.6662972633841178, 0.7952146989909178, 0.7071850751691724, 0.6087690139058621], [1.3491014787616953, 1.0631239419009817, 0.0, 0.24493080101191686, 0.5674036849319145, 0.13329738592246634, 0.2781638999813296, 0.6781362381678069, 0.400302030395256, 0.23425045060694716, 0.007560346756364078, 0.5803050538747594, 0.6427176541162511, 0.6681101073782002, 0.7906684444608059, 0.7140465679663555, 0.601988455527248], [1.3556291505879665, 1.0926895084811414, 0.0, 0.24623569736279902, 0.5750034142775886, 0.13137394921856016, 0.2563567625455107, 0.6793561106770254, 0.39174944367198905, 0.23757767194681167, 0.007783488497544067, 0.5740291425686586, 0.6522817757153204, 0.6749139399322176, 0.7829924459264481, 0.7208551477433904, 0.5888401082688259]], "features_2": [[-0.06553725900201446, 0.9900797974132481, 0.0, 0.26318911685779023, 0.5550046717612432, 0.12839249527523183, 0.23548495028532698, 0.6819428028606447, 0.37578347282768854, 0.2200891242219727, 0.00783923647221818, 0.6226318946571785, 0.6449815331802756, 0.672954967165133, 0.775263937830675, 0.6967185998723358, 0.6023479301168974], [0.12161502692212345, 0.9797845233081542, 0.0, 0.273468879797501, 0.5473497454220094, 0.13136615350586098, 0.24034036038712187, 0.6795836963465891, 0.39249942345670075, 0.22152309497453704, 0.008117752083540042, 0.6102885985718003, 0.6350588348932169, 0.6429538808787122, 0.7849920033441512, 0.7215123950686696, 0.6089448872780703], [-0.1681956399230451, 1.1090286332690509, 0.0, 0.2854159043851139, 0.5785297819631984, 0.13047395482346522, 0.23370577081602803, 0.6803786766418588, 0.3811546376692345, 0.2454554468563237, 0.007560346756364078, 0.6164580579146661, 0.6514857788031473, 0.6671019440712125, 0.7815696885010002, 0.7107450425693922, 0.6057413222917212], [-0.28091074687871753, 0.9636405649058523, 0.0, 0.28043188542261066, 0.5456775966973018, 0.13190239222651046, 0.2122070476044371, 0.6786925663910074, 0.3973590447810662, 0.22220225889246592, 0.00783923647221818, 0.6359318038048563, 0.6696087256050961, 0.688679771203441, 0.7802133433961393, 0.6889519987216849, 0.6069872230446876], [-0.10118839752368203, 0.9190787106179824, 0.0, 0.26542142419981124, 0.530450978638834, 0.13493169325258775, 0.23000896589625414, 0.6764632924458394, 0.41064031004569057, 0.21622304707327644, 0.007950687539111767, 0.6243298627068921, 0.6552922402147542, 0.6821543304972546, 0.7926199446930274, 0.7177339648569497, 0.6140413622820492], [-0.2652463513544552, 1.0464677951448156, 0.0, 0.29063813564697044, 0.5600304443002745, 0.13558056609657285, 0.22642644567774184, 0.6755774942502355, 0.40547249526934537, 0.2418342225552479, 0.00783923647221818, 0.6228905737137824, 0.657046557050949, 0.6712865488010205, 0.7917386507011984, 0.7160189936807654, 0.6162669261842743], [-0.20475391770873852, 0.8691671776669806, 0.0, 0.2392562047092913, 0.5184059062483884, 0.13483156265508386, 0.26397156053076143, 0.6760512723863474, 0.39070942060260827, 0.20196112392905197, 0.007504523810135222, 0.6325118280330826, 0.6510748470937653, 0.6568562520560267, 0.7858320186446588, 0.7095934745335738, 0.5952865151009009], [-0.3833575465378005, 0.8577797352811142, 0.0, 0.259228535744034, 0.513439143845334, 0.13767679169197572, 0.3258754593118951, 0.6750280369986239, 0.41351770537305876, 0.2078946065653351, 0.007727725548673403, 0.6356240708887531, 0.6601192935103429, 0.6902855173373985, 0.798058835823325, 0.710573143248254, 0.6080969940414477], [-0.38159869728067886, 0.8881289166407847, 0.0, 0.23047835554337365, 0.524087661836849, 0.1339227584151863, 0.3534669938803667, 0.6777039816874737, 0.379698278055834, 0.20762258418069135, 0.007616154688146137, 0.6286937503959924, 0.6536804800141622, 0.685972640394731, 0.7855608496456493, 0.7008769951485717, 0.5901052871239155]]}