{"labels_1": ["1", "2", "3", "4", "5", "6", "7", "8", "9"], "labels_2": ["1", "2", "3", "4", "5", "6", "7", "8", "9"], "adj_matrix_1": [[0.0, 0.14227, 0.21348, 0.23346, 0.04812, 0.24807, 0.18983, 0.01857, 0.06614], [0.14227, 0.0, 0.09549, 0.1306, 0.09868, 0.16433, 0.06042, 0.1581, 0.19634], [0.21348, 0.09549, 0.0, 0.03973, 0.18013, 0.08165, 0.03692, 0.22496, 0.25123], [0.23346, 0.1306, 0.03973, 0.0, 0.20561, 0.04334, 0.07561, 0.24275, 0.26323], [0.04812, 0.09868, 0.18013, 0.20561, 0.0, 0.2268, 0.152, 0.06635, 0.11223], [0.24807, 0.16433, 0.08165, 0.04334, 0.2268, 0.0, 0.1151, 0.25484, 0.26894], [0.18983, 0.06042, 0.03692, 0.07561, 0.152, 0.1151, 0.0, 0.20315, 0.23433], [0.01857, 0.1581, 0.22496, 0.24275, 0.06635, 0.25484, 0.20315, 0.0, 0.04788], [0.06614, 0.19634, 0.25123, 0.26323, 0.11223, 0.26894, 0.23433, 0.04788, 0.0]], "adj_matrix_2": [[0.0, 0.35169, 0.0535, 0.03111, 0.36575, 0.19203, 0.23443, 0.31995, 0.23533], [0.35169, 0.0, 0.36311, 0.34071, 0.03092, 0.23133, 0.18537, 0.0611, 0.1843], [0.0535, 0.36311, 0.0, 0.0838, 0.37352, 0.232, 0.26861, 0.33872, 0.26939], [0.03111, 0.34071, 0.0838, 0.0, 0.35682, 0.16602, 0.21126, 0.3049, 0.21223], [0.36575, 0.03092, 0.37352, 0.35682, 0.0, 0.25696, 0.213, 0.09162, 0.21197], [0.19203, 0.23133, 0.232, 0.16602, 0.25696, 0.0, 0.05339, 0.17773, 0.0546], [0.23443, 0.18537, 0.26861, 0.21126, 0.213, 0.05339, 0.0, 0.12834, 0.00123], [0.31995, 0.0611, 0.33872, 0.3049, 0.09162, 0.17773, 0.12834, 0.0, 0.1272], [0.23533, 0.1843, 0.26939, 0.21223, 0.21197, 0.0546, 0.00123, 0.1272, 0.0]], "features_1": [[0.1506128828834723, 0.9138225968360213, 0.0, 0.22667259168668927, 0.5277631895693689, 0.1413447841072177, 0.3116009178865653, 0.672650040365504, 0.45458876806345017, 0.22193297562781056, 0.008117752083540042, 0.6128166410733058, 0.6600398589845575, 0.6903643764822129, 0.8136249820459012, 0.7399027165606161, 0.6263330248276429], [0.171722883193008, 0.9414791584912819, 0.0, 0.22488064990942389, 0.5240496694959991, 0.14536551846833579, 0.21109843759452218, 0.6640717294818788, 0.47643235807541906, 0.2324111972820535, 0.008451478759474051, 0.6135660089507393, 0.6732751401810667, 0.7038581933886128, 0.8118944732587856, 0.7332629050870592, 0.6305389646566596], [0.20751984178344163, 1.0513862544630033, 0.0, 0.2182670506539994, 0.5559057277880182, 0.14301821587773902, 0.24527056768816138, 0.6689091157633205, 0.4652921327137238, 0.2529755366772166, 0.008284682400665488, 0.6113148566577127, 0.6847350504508358, 0.7004240108789473, 0.8112902867706137, 0.7301988385022599, 0.6298093417823519], [0.4059600971181512, 0.9408600110437588, 0.0, 0.23801655779201636, 0.5287482367375536, 0.14373839141853206, 0.23427465622958366, 0.6674162272555071, 0.4638130945389436, 0.23004129404932838, 0.008284682400665488, 0.6072968912968784, 0.6655872350442422, 0.6960134897631833, 0.8105261912777008, 0.7240007115175057, 0.633592260402929], [0.3260155291026199, 0.9539284029787107, 0.0, 0.21606805685809743, 0.52344865045661, 0.14583328340422172, 0.154840131060822, 0.6604082439241412, 0.4634389775628578, 0.23277258831441583, 0.008006390651371653, 0.6101367332618526, 0.652627176161615, 0.6748526364602997, 0.8046564525671771, 0.7162267719258817, 0.6277576309307306], [0.5990010406002111, 1.0929801917545465, 0.0, 0.23524496876988593, 0.5573851588991768, 0.14507783752820694, 0.17629946572630145, 0.6628933701320303, 0.4661055660043798, 0.2597663941085264, 0.008507047823598457, 0.6057593586799381, 0.6395834778267945, 0.6757967436625638, 0.805433103612059, 0.7178075568368211, 0.6300042614142535], [0.4956830692853056, 0.9297401039914596, 0.0, 0.22514549820088633, 0.5201702244237647, 0.1424356577413582, 0.2148759923064439, 0.6671582394551865, 0.4459844168961331, 0.2242887417022239, 0.008284682400665488, 0.6086218630334868, 0.6566218396664211, 0.6817440975029322, 0.8029908044301413, 0.7007182212759318, 0.6207900687078748], [0.45008521309626204, 0.9222807960019854, 0.0, 0.22861997322653424, 0.5238277978427384, 0.13950574894075646, 0.21073859654032318, 0.6700706138656077, 0.4270200088707399, 0.21853147301418896, 0.008507047823598457, 0.6101789439844547, 0.6318659440849297, 0.6670800998930384, 0.7978841260772893, 0.7187517723415655, 0.6094143427179703], [0.33839287424540343, 0.979088005898365, 0.0, 0.22524386772836716, 0.5416023945340436, 0.1338484310508135, 0.25177297011114985, 0.6767264252585498, 0.3962352663432267, 0.22416736684197303, 0.00783923647221818, 0.6074227782387878, 0.6348414824658617, 0.6505348382644361, 0.7878351497739386, 0.6974032661770713, 0.588370418250438]], "features_2": [[0.16193786521849907, 0.79774454785602, 0.0, 0.2337729004474758, 0.4910613010153262, 0.14612652466603265, 0.22574587920150863, 0.6644857175564557, 0.47599738939833247, 0.20242209707510073, 0.008117752083540042, 0.6124047731026221, 0.6752656865229608, 0.704847367214316, 0.8151770112697763, 0.7439989639700463, 0.6362687113571572], [-0.20704087419789508, 0.765530503817712, 0.0, 0.2193884959504696, 0.47231373134934196, 0.15299745813721513, 0.19665326847905717, 0.6556348188418657, 0.519189274471396, 0.20492997192504392, 0.008562602043175715, 0.6500258419013982, 0.6989858619759363, 0.7285666418420645, 0.8273358423412539, 0.7492464880575467, 0.6386460735137685], [0.20480555733087558, 0.8606601745401415, 0.0, 0.23539364947485555, 0.5079704348907241, 0.14628262103304157, 0.2508716615542184, 0.665206165102912, 0.4777724506471017, 0.2153567722224481, 0.008117752083540042, 0.611553416461692, 0.691551277115954, 0.7208553227559388, 0.8193232551480502, 0.7460656032371503, 0.6409538624537607], [0.17817230863338018, 0.7780765632361399, 0.0, 0.24390203989773798, 0.48659720444672416, 0.1449692861123978, 0.24193813515692994, 0.6659232104532333, 0.47138330058041134, 0.19570317198013654, 0.008117752083540042, 0.6142738943596786, 0.6632101420873651, 0.6961046434260639, 0.813832593994287, 0.7180875827299239, 0.638618121094779], [-0.33991096645131424, 0.7963381324455401, 0.0, 0.18751742077884803, 0.4908311402483736, 0.14680241197204205, 0.26012532533828503, 0.6661238061493078, 0.4703898879751929, 0.20367920319574417, 0.00822905385914674, 0.6457044253733581, 0.6912651424461324, 0.7239141286559427, 0.8206780703919251, 0.7367563612293079, 0.6222209558631799], [0.14846407942336004, 0.8438099453355399, 0.0, 0.23690241870647397, 0.5011122349525471, 0.14928065908991298, 0.239245446375854, 0.6617010953455915, 0.5133496847557908, 0.215404311099197, 0.009006502581913711, 0.6282728147901504, 0.679000627677926, 0.7037811131435875, 0.8229426733045743, 0.751700669464997, 0.6367835678870424], [-0.16511886458455471, 0.7014323468589327, 0.0, 0.2290615492482966, 0.4570189846631125, 0.14841554306521637, 0.23474688907149144, 0.6615937970990271, 0.49212627038976153, 0.18316984918670554, 0.008006390651371653, 0.637426195859248, 0.6859289289221877, 0.7161019788529694, 0.819378410041892, 0.727103467069783, 0.6414407329426818], [-0.11770581887280196, 0.8205707159367512, 0.0, 0.23329333025325447, 0.505460481552037, 0.13819825553427148, 0.3533089663140558, 0.6771653843253198, 0.42935928520499167, 0.1990081439410607, 0.007671947615560004, 0.636580083158738, 0.6922527498954404, 0.721709245862462, 0.8111439710749884, 0.736585370904361, 0.6032472398113518], [-0.12053051056780761, 0.792964697439494, 0.0, 0.23076468105502446, 0.4901762562560581, 0.14107157021809763, 0.26691091433071606, 0.6714411590534582, 0.44881083611407124, 0.1961202864139171, 0.007783488497544067, 0.633735469729692, 0.6688879377981948, 0.6999633504476159, 0.8086260689319617, 0.7293541634001297, 0.6324488099893608]]}