{"labels_1": ["1", "2", "3", "4", "5", "6", "7", "8", "9"], "labels_2": ["1", "2", "3", "4", "5", "6", "7", "8", "9"], "adj_matrix_1": [[0.0, 0.03874, 0.05062, 0.02529, 0.24791, 0.07001, 0.21981, 0.07704, 0.00393], [0.03874, 0.0, 0.08857, 0.06374, 0.2237, 0.03168, 0.191, 0.03887, 0.04264], [0.05062, 0.08857, 0.0, 0.02548, 0.27505, 0.1187, 0.25331, 0.12534, 0.04673], [0.02529, 0.06374, 0.02548, 0.0, 0.26209, 0.09453, 0.23711, 0.10139, 0.02137], [0.24791, 0.2237, 0.27505, 0.26209, 0.0, 0.2016, 0.04819, 0.19644, 0.25023], [0.07001, 0.03168, 0.1187, 0.09453, 0.2016, 0.0, 0.16545, 0.00723, 0.07385], [0.21981, 0.191, 0.25331, 0.23711, 0.04819, 0.16545, 0.0, 0.15946, 0.22259], [0.07704, 0.03887, 0.12534, 0.10139, 0.19644, 0.00723, 0.15946, 0.0, 0.08086], [0.00393, 0.04264, 0.04673, 0.02137, 0.25023, 0.07385, 0.22259, 0.08086, 0.0]], "adj_matrix_2": [[0.0, 0.09639, 0.1117, 0.00892, 0.06473, 0.01262, 0.19961, 0.17048, 0.17036], [0.09639, 0.0, 0.01569, 0.10509, 0.03212, 0.08401, 0.2801, 0.25503, 0.25495], [0.1117, 0.01569, 0.0, 0.12032, 0.04775, 0.09941, 0.29203, 0.26773, 0.26768], [0.00892, 0.10509, 0.12032, 0.0, 0.07355, 0.02154, 0.19176, 0.16231, 0.16218], [0.06473, 0.03212, 0.04775, 0.07355, 0.0, 0.05221, 0.25461, 0.22807, 0.22796], [0.01262, 0.08401, 0.09941, 0.02154, 0.05221, 0.0, 0.2106, 0.18195, 0.18184], [0.19961, 0.2801, 0.29203, 0.19176, 0.25461, 0.2106, 0.0, 0.03295, 0.0331], [0.17048, 0.25503, 0.26773, 0.16231, 0.22807, 0.18195, 0.03295, 0.0, 0.00016], [0.17036, 0.25495, 0.26768, 0.16218, 0.22796, 0.18184, 0.0331, 0.00016, 0.0]], "features_1": [[0.5738337454769029, 0.9274306647052732, 0.0, 0.23795328060305587, 0.5120026084419431, 0.14479697368106725, 0.3131379705653082, 0.6600482596188989, 0.47392741322284704, 0.22156616109508787, 0.008618141428105908, 0.615341956932349, 0.6344297696352472, 0.6417286927931726, 0.7961656230462507, 0.7182584642063238, 0.627118839469393], [0.35071363463704586, 0.8902350563470404, 0.0, 0.22026222038692206, 0.49112038716152306, 0.15027708575842924, 0.1379874771171515, 0.645958150299188, 0.4986291461525878, 0.2241429042644505, 0.008618141428105908, 0.6186573941435745, 0.635099359417114, 0.6492097781855058, 0.7967369465384038, 0.718872267601268, 0.6203031022864117], [0.4648891796429915, 1.0434906557236003, 0.0, 0.25257456375671666, 0.5352544906525306, 0.14520271749632785, 0.2142917627847055, 0.6567396158733647, 0.476320365290128, 0.2476037798121382, 0.008284682400665488, 0.6206896853472226, 0.6248628362082783, 0.6372869749608816, 0.7906086517196166, 0.7227012716497836, 0.6258966362301565], [0.3778861143329362, 0.9700657917718544, 0.0, 0.22233732931202152, 0.5166939993048846, 0.1458475957744894, 0.19006430434353802, 0.6542063099577762, 0.47384894242218367, 0.2338261620739297, 0.008618141428105908, 0.6184284715889461, 0.6128975084054523, 0.6311796553459885, 0.7871215509778173, 0.7141131059643303, 0.6227984061118381], [0.22326267704011737, 0.8634081998767711, 0.0, 0.20758615738801675, 0.4860919976747413, 0.14928606072251338, 0.1253523757996895, 0.6478889923481232, 0.4786701831772866, 0.2196910076225982, 0.008729175733573014, 0.6186919976173226, 0.6354873948500375, 0.6618794349822779, 0.7939836811848846, 0.7115191377584543, 0.6158151065634356], [0.2090023374145149, 1.009284975785313, 0.0, 0.21306874071735407, 0.5238567512170836, 0.14611102510492716, 0.13532137902035543, 0.6531211747681203, 0.4616537243030203, 0.24323641833271603, 0.008284682400665488, 0.6177501240683583, 0.6172380702812985, 0.6377645291061618, 0.788875755735539, 0.7094384197086994, 0.6204577208111947], [0.5212995012327113, 0.9164306896954798, 0.0, 0.19651416838817787, 0.5002442202925018, 0.14597931924195046, 0.10076869352660936, 0.6514850166346133, 0.4628730874222533, 0.22212609387591886, 0.008840150818991033, 0.606087174220741, 0.6016567001708225, 0.6188189440881522, 0.7849856806859825, 0.7144733044668655, 0.6256197649518628], [0.3137280095296102, 0.8383859918058469, 0.0, 0.24884075254769164, 0.49435314228025284, 0.13973020759190274, 0.23429403462662252, 0.6668465239646999, 0.42475066023805064, 0.20231817695022158, 0.008062078829516484, 0.6118840101880436, 0.638664689939714, 0.6824416812964994, 0.7879993290089559, 0.7009604273666831, 0.6107703883530544], [0.003639065794045493, 0.8972525182618624, 0.0, 0.21872318969590837, 0.5141968689706323, 0.13524492407031785, 0.24407789053114826, 0.6723014984711218, 0.39270871857837375, 0.2092374728690063, 0.007950687539111767, 0.6187223964201665, 0.6442938610770669, 0.6647382105343683, 0.7801858327950709, 0.6824437135027347, 0.6142354652714213]], "features_2": [[-0.42490846752407263, 0.9861298640903106, 0.0, 0.18036278818791876, 0.547901896569116, 0.13379801012532902, 0.16964726138322064, 0.6746561491051257, 0.3888302852901506, 0.23042998849423801, 0.007392832833969631, 0.6348877642596475, 0.6493336231865333, 0.6740672009728644, 0.7793140623805012, 0.7095886143696076, 0.5987571306915173], [-0.4220960912310794, 0.9849710086128949, 0.0, 0.15044500135074537, 0.5426216060362286, 0.13375107853494092, 0.18957379680662853, 0.6744383963269336, 0.37734913590723074, 0.22896131710747292, 0.007504523810135222, 0.6371141900664341, 0.6620354319876586, 0.6780652321248845, 0.7785891285714777, 0.6806256489386451, 0.58950899400105], [-0.4186261225862986, 1.0855108729812835, 0.0, 0.18353091569676058, 0.5673541190736663, 0.13418939169983266, 0.18934855788291854, 0.6742473205703241, 0.3902980986265958, 0.2503160409261389, 0.007616154688146137, 0.6447018170465268, 0.6275881014759547, 0.6545091755592146, 0.7802243497213015, 0.6964920294259075, 0.5982812805841611], [-0.35441095826919655, 0.9315226494959854, 0.0, 0.1786356897657687, 0.5305424249563504, 0.13592007967849545, 0.17320608729361311, 0.6721457136563792, 0.3998006244614136, 0.220755974794125, 0.007727725548673403, 0.6381217796909928, 0.6563586972207939, 0.685391066678828, 0.7829781794446719, 0.6932623855441107, 0.5997059656371224], [-0.32873234093631476, 0.9085331345981642, 0.0, 0.15175602629428053, 0.519754621759702, 0.13507496652183157, 0.19061031780984267, 0.6725182141419279, 0.3873972478761005, 0.21408278201859665, 0.007392832833969631, 0.6368754323112551, 0.653284621134004, 0.683425804563656, 0.779891122822847, 0.7057533748774185, 0.58675191613803], [-0.429489556816526, 1.0030718478417489, 0.0, 0.15480620968897654, 0.5440225967609389, 0.13671073669308742, 0.1994588905975533, 0.6711201980575288, 0.40256003864197343, 0.23711522757422165, 0.00783923647221818, 0.6384120079781797, 0.6394458520655429, 0.6732167767872411, 0.7845383556719896, 0.7163625233430203, 0.5926668785702622], [-0.024225527679941905, 0.847221569790199, 0.0, 0.20537696091689897, 0.5010670367749696, 0.13757897067640548, 0.15858400348634943, 0.6692668021477357, 0.4096014962039387, 0.20218598016500255, 0.007504523810135222, 0.621001137681354, 0.6414215141259345, 0.6620103025513571, 0.7832071984806788, 0.7263550566163862, 0.5822308169040976], [-0.08971641123943508, 0.8603661343692776, 0.0, 0.18235961851388424, 0.5064681519305665, 0.13418533844797068, 0.17451174279052922, 0.6729085610364252, 0.39683085336599033, 0.2041833624371232, 0.008062078829516484, 0.6314897199816354, 0.6479676138277994, 0.6707712638544134, 0.775580268151577, 0.7209201610852434, 0.5788577196134485], [0.1559782029878587, 0.9259757828187738, 0.0, 0.21466855676454896, 0.5301446073149788, 0.13135597750990893, 0.17363403364996371, 0.6765456361079654, 0.3797385033781364, 0.21046510245133843, 0.007336964783822175, 0.6149577312515602, 0.6298451689463027, 0.6589103354250748, 0.7709884544043899, 0.7157005249356115, 0.5756454740813399]]}