{"labels_1": ["1", "2", "3", "4", "5", "6", "7", "8", "9"], "labels_2": ["1", "2", "3", "4", "5", "6", "7", "8", "9"], "adj_matrix_1": [[0.0, 0.03874, 0.05062, 0.02529, 0.24791, 0.07001, 0.21981, 0.07704, 0.00393], [0.03874, 0.0, 0.08857, 0.06374, 0.2237, 0.03168, 0.191, 0.03887, 0.04264], [0.05062, 0.08857, 0.0, 0.02548, 0.27505, 0.1187, 0.25331, 0.12534, 0.04673], [0.02529, 0.06374, 0.02548, 0.0, 0.26209, 0.09453, 0.23711, 0.10139, 0.02137], [0.24791, 0.2237, 0.27505, 0.26209, 0.0, 0.2016, 0.04819, 0.19644, 0.25023], [0.07001, 0.03168, 0.1187, 0.09453, 0.2016, 0.0, 0.16545, 0.00723, 0.07385], [0.21981, 0.191, 0.25331, 0.23711, 0.04819, 0.16545, 0.0, 0.15946, 0.22259], [0.07704, 0.03887, 0.12534, 0.10139, 0.19644, 0.00723, 0.15946, 0.0, 0.08086], [0.00393, 0.04264, 0.04673, 0.02137, 0.25023, 0.07385, 0.22259, 0.08086, 0.0]], "adj_matrix_2": [[0.0, 0.24031, 0.12569, 0.00973, 0.28452, 0.00127, 0.11928, 0.03074, 0.07987], [0.24031, 0.0, 0.33, 0.24792, 0.0657, 0.23932, 0.13629, 0.21555, 0.17314], [0.12569, 0.33, 0.0, 0.11632, 0.35762, 0.1269, 0.23456, 0.15479, 0.19989], [0.00973, 0.24792, 0.11632, 0.0, 0.29094, 0.011, 0.12856, 0.04044, 0.0894], [0.28452, 0.0657, 0.35762, 0.29094, 0.0, 0.28369, 0.19373, 0.2635, 0.22657], [0.00127, 0.23932, 0.1269, 0.011, 0.28369, 0.0, 0.11808, 0.02947, 0.07863], [0.11928, 0.13629, 0.23456, 0.12856, 0.19373, 0.11808, 0.0, 0.0896, 0.04069], [0.03074, 0.21555, 0.15479, 0.04044, 0.2635, 0.02947, 0.0896, 0.0, 0.0495], [0.07987, 0.17314, 0.19989, 0.0894, 0.22657, 0.07863, 0.04069, 0.0495, 0.0]], "features_1": [[0.5738337454769029, 0.9274306647052732, 0.0, 0.23795328060305587, 0.5120026084419431, 0.14479697368106725, 0.3131379705653082, 0.6600482596188989, 0.47392741322284704, 0.22156616109508787, 0.008618141428105908, 0.615341956932349, 0.6344297696352472, 0.6417286927931726, 0.7961656230462507, 0.7182584642063238, 0.627118839469393], [0.35071363463704586, 0.8902350563470404, 0.0, 0.22026222038692206, 0.49112038716152306, 0.15027708575842924, 0.1379874771171515, 0.645958150299188, 0.4986291461525878, 0.2241429042644505, 0.008618141428105908, 0.6186573941435745, 0.635099359417114, 0.6492097781855058, 0.7967369465384038, 0.718872267601268, 0.6203031022864117], [0.4648891796429915, 1.0434906557236003, 0.0, 0.25257456375671666, 0.5352544906525306, 0.14520271749632785, 0.2142917627847055, 0.6567396158733647, 0.476320365290128, 0.2476037798121382, 0.008284682400665488, 0.6206896853472226, 0.6248628362082783, 0.6372869749608816, 0.7906086517196166, 0.7227012716497836, 0.6258966362301565], [0.3778861143329362, 0.9700657917718544, 0.0, 0.22233732931202152, 0.5166939993048846, 0.1458475957744894, 0.19006430434353802, 0.6542063099577762, 0.47384894242218367, 0.2338261620739297, 0.008618141428105908, 0.6184284715889461, 0.6128975084054523, 0.6311796553459885, 0.7871215509778173, 0.7141131059643303, 0.6227984061118381], [0.22326267704011737, 0.8634081998767711, 0.0, 0.20758615738801675, 0.4860919976747413, 0.14928606072251338, 0.1253523757996895, 0.6478889923481232, 0.4786701831772866, 0.2196910076225982, 0.008729175733573014, 0.6186919976173226, 0.6354873948500375, 0.6618794349822779, 0.7939836811848846, 0.7115191377584543, 0.6158151065634356], [0.2090023374145149, 1.009284975785313, 0.0, 0.21306874071735407, 0.5238567512170836, 0.14611102510492716, 0.13532137902035543, 0.6531211747681203, 0.4616537243030203, 0.24323641833271603, 0.008284682400665488, 0.6177501240683583, 0.6172380702812985, 0.6377645291061618, 0.788875755735539, 0.7094384197086994, 0.6204577208111947], [0.5212995012327113, 0.9164306896954798, 0.0, 0.19651416838817787, 0.5002442202925018, 0.14597931924195046, 0.10076869352660936, 0.6514850166346133, 0.4628730874222533, 0.22212609387591886, 0.008840150818991033, 0.606087174220741, 0.6016567001708225, 0.6188189440881522, 0.7849856806859825, 0.7144733044668655, 0.6256197649518628], [0.3137280095296102, 0.8383859918058469, 0.0, 0.24884075254769164, 0.49435314228025284, 0.13973020759190274, 0.23429403462662252, 0.6668465239646999, 0.42475066023805064, 0.20231817695022158, 0.008062078829516484, 0.6118840101880436, 0.638664689939714, 0.6824416812964994, 0.7879993290089559, 0.7009604273666831, 0.6107703883530544], [0.003639065794045493, 0.8972525182618624, 0.0, 0.21872318969590837, 0.5141968689706323, 0.13524492407031785, 0.24407789053114826, 0.6723014984711218, 0.39270871857837375, 0.2092374728690063, 0.007950687539111767, 0.6187223964201665, 0.6442938610770669, 0.6647382105343683, 0.7801858327950709, 0.6824437135027347, 0.6142354652714213]], "features_2": [[-0.027428581390950946, 0.8045418094154038, 0.0, 0.1902304372429924, 0.49273818621959353, 0.14330886266346116, 0.2734651342986389, 0.6670308298432633, 0.43867883158203647, 0.20018623884071096, 0.008173410423425675, 0.6332260211127503, 0.6670341787960711, 0.701151399385749, 0.8081940901432662, 0.7307614426293705, 0.6315933279886168], [0.18315658432682191, 0.7386153546714342, 0.0, 0.21157259779004037, 0.46847324059533707, 0.14778506233111238, 0.24947648787531804, 0.6629210143819456, 0.4640953505185246, 0.19142437063363027, 0.008507047823598457, 0.6315832597913547, 0.6850788434066534, 0.7268500040950681, 0.8191194791229296, 0.7548648756290289, 0.643743183599868], [-0.2319016270266614, 0.8359045940608347, 0.0, 0.19596677542080157, 0.49905624523332304, 0.1457849319421799, 0.28513697397570326, 0.6655375689668226, 0.4578541075704339, 0.21402225161019084, 0.008507047823598457, 0.6502846953991022, 0.6849275844728453, 0.732234042008547, 0.8149657247169423, 0.7361623178264005, 0.6304178065743712], [-0.18185333397772263, 0.7731662635766703, 0.0, 0.17636037928755466, 0.4832884204817024, 0.1436282527063457, 0.29668155472773067, 0.667699584203694, 0.43998291088930874, 0.19540405744525668, 0.00822905385914674, 0.6393337878558376, 0.6814311690438803, 0.7155033434892972, 0.8106838449937744, 0.7244548043938038, 0.6282703765926847], [0.202764037352952, 0.679506594162606, 0.0, 0.20925889910582762, 0.44574709047190636, 0.15096965498745815, 0.2421117729730476, 0.6589763549586156, 0.4772816576511614, 0.1802892693381679, 0.008451478759474051, 0.6300995011757111, 0.6767023889060201, 0.7152016330972953, 0.8233437876922861, 0.7382493795805262, 0.6457263420658346], [-0.26147725682245104, 0.7868096562610283, 0.0, 0.1951711939470575, 0.48063681337790504, 0.1491077433672009, 0.2895995806596659, 0.6607521616500274, 0.47953918007869456, 0.2074275663541616, 0.008673665988278678, 0.6442103483873192, 0.6779886918395381, 0.7182596286503006, 0.8172010295172754, 0.7460182968476973, 0.6335739502043778], [-0.17220895273021464, 0.689340848933752, 0.0, 0.20191572982128062, 0.4544742374395218, 0.14518263470953363, 0.3675746699293498, 0.6678177360324234, 0.4426992022230445, 0.17743255781271716, 0.008173410423425675, 0.6371086550470131, 0.688392466421836, 0.7177811610374918, 0.8164418105066996, 0.7378772207353309, 0.6324533670410352], [-0.44774210149884697, 0.702127154306726, 0.0, 0.23129231741756534, 0.46114731485172783, 0.14301636789623973, 0.3430142134970133, 0.6692129778039461, 0.4316868767563602, 0.17926339854454998, 0.008006390651371653, 0.637365737979654, 0.6814665747131089, 0.7170465775685334, 0.8096576430824729, 0.7275062969807318, 0.6276392303393256], [-0.15486890733368774, 0.7734573310351017, 0.0, 0.2254521730017212, 0.487802690714468, 0.13775900635468388, 0.427053106576443, 0.6749404160049193, 0.404149943909774, 0.18805742097941036, 0.007950687539111767, 0.626845726953094, 0.6653490731040841, 0.7016542501545475, 0.7978642915045152, 0.7241227725786618, 0.6078006677613206]]}