{"labels_1": ["1", "2", "3", "4", "5", "6", "7", "8", "9"], "labels_2": ["1", "2", "3", "4", "5", "6", "7", "8", "9"], "adj_matrix_1": [[0.0, 0.03874, 0.05062, 0.02529, 0.24791, 0.07001, 0.21981, 0.07704, 0.00393], [0.03874, 0.0, 0.08857, 0.06374, 0.2237, 0.03168, 0.191, 0.03887, 0.04264], [0.05062, 0.08857, 0.0, 0.02548, 0.27505, 0.1187, 0.25331, 0.12534, 0.04673], [0.02529, 0.06374, 0.02548, 0.0, 0.26209, 0.09453, 0.23711, 0.10139, 0.02137], [0.24791, 0.2237, 0.27505, 0.26209, 0.0, 0.2016, 0.04819, 0.19644, 0.25023], [0.07001, 0.03168, 0.1187, 0.09453, 0.2016, 0.0, 0.16545, 0.00723, 0.07385], [0.21981, 0.191, 0.25331, 0.23711, 0.04819, 0.16545, 0.0, 0.15946, 0.22259], [0.07704, 0.03887, 0.12534, 0.10139, 0.19644, 0.00723, 0.15946, 0.0, 0.08086], [0.00393, 0.04264, 0.04673, 0.02137, 0.25023, 0.07385, 0.22259, 0.08086, 0.0]], "adj_matrix_2": [[0.0, 0.27256, 0.15705, 0.12054, 0.30444, 0.21358, 0.25155, 0.27334, 0.29111], [0.27256, 0.0, 0.15751, 0.19256, 0.06299, 0.09091, 0.03558, 0.0014, 0.03525], [0.15705, 0.15751, 0.0, 0.04153, 0.21144, 0.07132, 0.12505, 0.15875, 0.18821], [0.12054, 0.19256, 0.04153, 0.0, 0.24204, 0.11112, 0.16225, 0.19372, 0.22084], [0.30444, 0.06299, 0.21144, 0.24204, 0.0, 0.1505, 0.09775, 0.06161, 0.02796], [0.21358, 0.09091, 0.07132, 0.11112, 0.1505, 0.0, 0.05607, 0.09226, 0.12456], [0.25155, 0.03558, 0.12505, 0.16225, 0.09775, 0.05607, 0.0, 0.03697, 0.07049], [0.27334, 0.0014, 0.15875, 0.19372, 0.06161, 0.09226, 0.03697, 0.0, 0.03385], [0.29111, 0.03525, 0.18821, 0.22084, 0.02796, 0.12456, 0.07049, 0.03385, 0.0]], "features_1": [[0.5738337454769029, 0.9274306647052732, 0.0, 0.23795328060305587, 0.5120026084419431, 0.14479697368106725, 0.3131379705653082, 0.6600482596188989, 0.47392741322284704, 0.22156616109508787, 0.008618141428105908, 0.615341956932349, 0.6344297696352472, 0.6417286927931726, 0.7961656230462507, 0.7182584642063238, 0.627118839469393], [0.35071363463704586, 0.8902350563470404, 0.0, 0.22026222038692206, 0.49112038716152306, 0.15027708575842924, 0.1379874771171515, 0.645958150299188, 0.4986291461525878, 0.2241429042644505, 0.008618141428105908, 0.6186573941435745, 0.635099359417114, 0.6492097781855058, 0.7967369465384038, 0.718872267601268, 0.6203031022864117], [0.4648891796429915, 1.0434906557236003, 0.0, 0.25257456375671666, 0.5352544906525306, 0.14520271749632785, 0.2142917627847055, 0.6567396158733647, 0.476320365290128, 0.2476037798121382, 0.008284682400665488, 0.6206896853472226, 0.6248628362082783, 0.6372869749608816, 0.7906086517196166, 0.7227012716497836, 0.6258966362301565], [0.3778861143329362, 0.9700657917718544, 0.0, 0.22233732931202152, 0.5166939993048846, 0.1458475957744894, 0.19006430434353802, 0.6542063099577762, 0.47384894242218367, 0.2338261620739297, 0.008618141428105908, 0.6184284715889461, 0.6128975084054523, 0.6311796553459885, 0.7871215509778173, 0.7141131059643303, 0.6227984061118381], [0.22326267704011737, 0.8634081998767711, 0.0, 0.20758615738801675, 0.4860919976747413, 0.14928606072251338, 0.1253523757996895, 0.6478889923481232, 0.4786701831772866, 0.2196910076225982, 0.008729175733573014, 0.6186919976173226, 0.6354873948500375, 0.6618794349822779, 0.7939836811848846, 0.7115191377584543, 0.6158151065634356], [0.2090023374145149, 1.009284975785313, 0.0, 0.21306874071735407, 0.5238567512170836, 0.14611102510492716, 0.13532137902035543, 0.6531211747681203, 0.4616537243030203, 0.24323641833271603, 0.008284682400665488, 0.6177501240683583, 0.6172380702812985, 0.6377645291061618, 0.788875755735539, 0.7094384197086994, 0.6204577208111947], [0.5212995012327113, 0.9164306896954798, 0.0, 0.19651416838817787, 0.5002442202925018, 0.14597931924195046, 0.10076869352660936, 0.6514850166346133, 0.4628730874222533, 0.22212609387591886, 0.008840150818991033, 0.606087174220741, 0.6016567001708225, 0.6188189440881522, 0.7849856806859825, 0.7144733044668655, 0.6256197649518628], [0.3137280095296102, 0.8383859918058469, 0.0, 0.24884075254769164, 0.49435314228025284, 0.13973020759190274, 0.23429403462662252, 0.6668465239646999, 0.42475066023805064, 0.20231817695022158, 0.008062078829516484, 0.6118840101880436, 0.638664689939714, 0.6824416812964994, 0.7879993290089559, 0.7009604273666831, 0.6107703883530544], [0.003639065794045493, 0.8972525182618624, 0.0, 0.21872318969590837, 0.5141968689706323, 0.13524492407031785, 0.24407789053114826, 0.6723014984711218, 0.39270871857837375, 0.2092374728690063, 0.007950687539111767, 0.6187223964201665, 0.6442938610770669, 0.6647382105343683, 0.7801858327950709, 0.6824437135027347, 0.6142354652714213]], "features_2": [[0.011419166626580601, 0.7548203946707067, 0.0, 0.22566594781595226, 0.47246236618950016, 0.14611569845549957, 0.21300410491482466, 0.6629565680526803, 0.46626307509789, 0.19500400924773587, 0.008173410423425675, 0.6190135824483098, 0.6687395784025605, 0.7108681133164606, 0.8133907985135275, 0.7102441531788213, 0.6347905029027093], [-0.0935621536226856, 0.7758738061636092, 0.0, 0.21182704503223096, 0.4724984242741539, 0.14997520219915766, 0.18720836285680775, 0.6557097683659775, 0.4896612335751316, 0.2040597785733067, 0.008507047823598457, 0.6337752397050247, 0.66899018957855, 0.7032276783715633, 0.8155350186203071, 0.717160043441615, 0.6326809280824471], [0.05547966111056413, 0.8500775247043113, 0.0, 0.22592056144222014, 0.49664669640387094, 0.14771262382603678, 0.202382833884284, 0.6599299789446995, 0.4826609273550486, 0.21722228023680845, 0.008451478759474051, 0.6214046847398598, 0.6733812357545782, 0.7060389795534721, 0.8134322099013817, 0.7138955050287996, 0.6378334728400425], [-0.050888308750218325, 0.749336650618801, 0.0, 0.2313108232378184, 0.4754146995022677, 0.14347494465565605, 0.23552840236337644, 0.6671775182056872, 0.44803528197823494, 0.18926259641615895, 0.008284682400665488, 0.6169997980005368, 0.6719720221663043, 0.7067247208997629, 0.8102667118770014, 0.7312365786140705, 0.636788830709635], [-0.14076316891874185, 0.7453236709956187, 0.0, 0.2060629728189756, 0.464306698239302, 0.14825332275109815, 0.18708082936683965, 0.6579920359608817, 0.4787781846781545, 0.19523414260872918, 0.008618141428105908, 0.6409183404727188, 0.6864661276900831, 0.7136021780310515, 0.8115748356484858, 0.7175623486059408, 0.6294713179538911], [-0.07673683021554778, 0.8349981302030554, 0.0, 0.19912968114401267, 0.48952708336317274, 0.14880874938272298, 0.18637551998774313, 0.6566737722951621, 0.4848617772582344, 0.2150184371773316, 0.008340296057933516, 0.6277874601558842, 0.664318991048693, 0.701542163186572, 0.8099154539900529, 0.7240093593055018, 0.6309788109808239], [-0.1386635209391689, 0.7364412906145319, 0.0, 0.19955457451314557, 0.4660390819639602, 0.14402253911428192, 0.23864174269295332, 0.6650948683418936, 0.44544862893713333, 0.18720494390063447, 0.008284682400665488, 0.6332433719637285, 0.6689911661052477, 0.6958612845550264, 0.8050818612801637, 0.7056686288050986, 0.6212096110026255], [0.17354267688866898, 0.7719047512051398, 0.0, 0.22590672188339378, 0.46959115382739713, 0.14648607266810101, 0.2714450195472565, 0.6595590720607112, 0.4547795745120038, 0.19514711142995433, 0.008451478759474051, 0.6251313725529322, 0.6484450855925401, 0.6669388776044928, 0.8022683997836021, 0.735981557531917, 0.6106988330806066], [-0.12059755364255853, 0.8295951026220749, 0.0, 0.19889452379971317, 0.4889498457220314, 0.14310375179615784, 0.296981451084001, 0.6632459700451652, 0.4219059935472176, 0.20371932734503795, 0.008006390651371653, 0.6265781930894416, 0.6542930917854959, 0.6797487712552501, 0.7910518879728672, 0.7168289680518577, 0.5968914037292209]]}