{"labels_1": ["1", "2", "3", "4", "5", "6", "7", "8", "9"], "labels_2": ["1", "2", "3", "4", "5", "6", "7", "8", "9"], "adj_matrix_1": [[0.0, 0.03874, 0.05062, 0.02529, 0.24791, 0.07001, 0.21981, 0.07704, 0.00393], [0.03874, 0.0, 0.08857, 0.06374, 0.2237, 0.03168, 0.191, 0.03887, 0.04264], [0.05062, 0.08857, 0.0, 0.02548, 0.27505, 0.1187, 0.25331, 0.12534, 0.04673], [0.02529, 0.06374, 0.02548, 0.0, 0.26209, 0.09453, 0.23711, 0.10139, 0.02137], [0.24791, 0.2237, 0.27505, 0.26209, 0.0, 0.2016, 0.04819, 0.19644, 0.25023], [0.07001, 0.03168, 0.1187, 0.09453, 0.2016, 0.0, 0.16545, 0.00723, 0.07385], [0.21981, 0.191, 0.25331, 0.23711, 0.04819, 0.16545, 0.0, 0.15946, 0.22259], [0.07704, 0.03887, 0.12534, 0.10139, 0.19644, 0.00723, 0.15946, 0.0, 0.08086], [0.00393, 0.04264, 0.04673, 0.02137, 0.25023, 0.07385, 0.22259, 0.08086, 0.0]], "adj_matrix_2": [[0.0, 0.26862, 0.14276, 0.12023, 0.02689, 0.01201, 0.15404, 0.05758, 0.06833], [0.26862, 0.0, 0.15427, 0.33936, 0.25004, 0.26039, 0.35612, 0.30495, 0.31121], [0.14276, 0.15427, 0.0, 0.2484, 0.11749, 0.13156, 0.27615, 0.19474, 0.20416], [0.12023, 0.33936, 0.2484, 0.0, 0.14569, 0.13168, 0.03557, 0.06388, 0.05311], [0.02689, 0.25004, 0.11749, 0.14569, 0.0, 0.01489, 0.17874, 0.08407, 0.09469], [0.01201, 0.26039, 0.13156, 0.13168, 0.01489, 0.0, 0.16515, 0.06944, 0.08014], [0.15404, 0.35612, 0.27615, 0.03557, 0.17874, 0.16515, 0.0, 0.09888, 0.08827], [0.05758, 0.30495, 0.19474, 0.06388, 0.08407, 0.06944, 0.09888, 0.0, 0.01087], [0.06833, 0.31121, 0.20416, 0.05311, 0.09469, 0.08014, 0.08827, 0.01087, 0.0]], "features_1": [[0.5738337454769029, 0.9274306647052732, 0.0, 0.23795328060305587, 0.5120026084419431, 0.14479697368106725, 0.3131379705653082, 0.6600482596188989, 0.47392741322284704, 0.22156616109508787, 0.008618141428105908, 0.615341956932349, 0.6344297696352472, 0.6417286927931726, 0.7961656230462507, 0.7182584642063238, 0.627118839469393], [0.35071363463704586, 0.8902350563470404, 0.0, 0.22026222038692206, 0.49112038716152306, 0.15027708575842924, 0.1379874771171515, 0.645958150299188, 0.4986291461525878, 0.2241429042644505, 0.008618141428105908, 0.6186573941435745, 0.635099359417114, 0.6492097781855058, 0.7967369465384038, 0.718872267601268, 0.6203031022864117], [0.4648891796429915, 1.0434906557236003, 0.0, 0.25257456375671666, 0.5352544906525306, 0.14520271749632785, 0.2142917627847055, 0.6567396158733647, 0.476320365290128, 0.2476037798121382, 0.008284682400665488, 0.6206896853472226, 0.6248628362082783, 0.6372869749608816, 0.7906086517196166, 0.7227012716497836, 0.6258966362301565], [0.3778861143329362, 0.9700657917718544, 0.0, 0.22233732931202152, 0.5166939993048846, 0.1458475957744894, 0.19006430434353802, 0.6542063099577762, 0.47384894242218367, 0.2338261620739297, 0.008618141428105908, 0.6184284715889461, 0.6128975084054523, 0.6311796553459885, 0.7871215509778173, 0.7141131059643303, 0.6227984061118381], [0.22326267704011737, 0.8634081998767711, 0.0, 0.20758615738801675, 0.4860919976747413, 0.14928606072251338, 0.1253523757996895, 0.6478889923481232, 0.4786701831772866, 0.2196910076225982, 0.008729175733573014, 0.6186919976173226, 0.6354873948500375, 0.6618794349822779, 0.7939836811848846, 0.7115191377584543, 0.6158151065634356], [0.2090023374145149, 1.009284975785313, 0.0, 0.21306874071735407, 0.5238567512170836, 0.14611102510492716, 0.13532137902035543, 0.6531211747681203, 0.4616537243030203, 0.24323641833271603, 0.008284682400665488, 0.6177501240683583, 0.6172380702812985, 0.6377645291061618, 0.788875755735539, 0.7094384197086994, 0.6204577208111947], [0.5212995012327113, 0.9164306896954798, 0.0, 0.19651416838817787, 0.5002442202925018, 0.14597931924195046, 0.10076869352660936, 0.6514850166346133, 0.4628730874222533, 0.22212609387591886, 0.008840150818991033, 0.606087174220741, 0.6016567001708225, 0.6188189440881522, 0.7849856806859825, 0.7144733044668655, 0.6256197649518628], [0.3137280095296102, 0.8383859918058469, 0.0, 0.24884075254769164, 0.49435314228025284, 0.13973020759190274, 0.23429403462662252, 0.6668465239646999, 0.42475066023805064, 0.20231817695022158, 0.008062078829516484, 0.6118840101880436, 0.638664689939714, 0.6824416812964994, 0.7879993290089559, 0.7009604273666831, 0.6107703883530544], [0.003639065794045493, 0.8972525182618624, 0.0, 0.21872318969590837, 0.5141968689706323, 0.13524492407031785, 0.24407789053114826, 0.6723014984711218, 0.39270871857837375, 0.2092374728690063, 0.007950687539111767, 0.6187223964201665, 0.6442938610770669, 0.6647382105343683, 0.7801858327950709, 0.6824437135027347, 0.6142354652714213]], "features_2": [[-0.06553725900201446, 0.9900797974132481, 0.0, 0.26318911685779023, 0.5550046717612432, 0.12839249527523183, 0.23548495028532698, 0.6819428028606447, 0.37578347282768854, 0.2200891242219727, 0.00783923647221818, 0.6226318946571785, 0.6449815331802756, 0.672954967165133, 0.775263937830675, 0.6967185998723358, 0.6023479301168974], [0.12161502692212345, 0.9797845233081542, 0.0, 0.273468879797501, 0.5473497454220094, 0.13136615350586098, 0.24034036038712187, 0.6795836963465891, 0.39249942345670075, 0.22152309497453704, 0.008117752083540042, 0.6102885985718003, 0.6350588348932169, 0.6429538808787122, 0.7849920033441512, 0.7215123950686696, 0.6089448872780703], [-0.1681956399230451, 1.1090286332690509, 0.0, 0.2854159043851139, 0.5785297819631984, 0.13047395482346522, 0.23370577081602803, 0.6803786766418588, 0.3811546376692345, 0.2454554468563237, 0.007560346756364078, 0.6164580579146661, 0.6514857788031473, 0.6671019440712125, 0.7815696885010002, 0.7107450425693922, 0.6057413222917212], [-0.28091074687871753, 0.9636405649058523, 0.0, 0.28043188542261066, 0.5456775966973018, 0.13190239222651046, 0.2122070476044371, 0.6786925663910074, 0.3973590447810662, 0.22220225889246592, 0.00783923647221818, 0.6359318038048563, 0.6696087256050961, 0.688679771203441, 0.7802133433961393, 0.6889519987216849, 0.6069872230446876], [-0.10118839752368203, 0.9190787106179824, 0.0, 0.26542142419981124, 0.530450978638834, 0.13493169325258775, 0.23000896589625414, 0.6764632924458394, 0.41064031004569057, 0.21622304707327644, 0.007950687539111767, 0.6243298627068921, 0.6552922402147542, 0.6821543304972546, 0.7926199446930274, 0.7177339648569497, 0.6140413622820492], [-0.2652463513544552, 1.0464677951448156, 0.0, 0.29063813564697044, 0.5600304443002745, 0.13558056609657285, 0.22642644567774184, 0.6755774942502355, 0.40547249526934537, 0.2418342225552479, 0.00783923647221818, 0.6228905737137824, 0.657046557050949, 0.6712865488010205, 0.7917386507011984, 0.7160189936807654, 0.6162669261842743], [-0.20475391770873852, 0.8691671776669806, 0.0, 0.2392562047092913, 0.5184059062483884, 0.13483156265508386, 0.26397156053076143, 0.6760512723863474, 0.39070942060260827, 0.20196112392905197, 0.007504523810135222, 0.6325118280330826, 0.6510748470937653, 0.6568562520560267, 0.7858320186446588, 0.7095934745335738, 0.5952865151009009], [-0.3833575465378005, 0.8577797352811142, 0.0, 0.259228535744034, 0.513439143845334, 0.13767679169197572, 0.3258754593118951, 0.6750280369986239, 0.41351770537305876, 0.2078946065653351, 0.007727725548673403, 0.6356240708887531, 0.6601192935103429, 0.6902855173373985, 0.798058835823325, 0.710573143248254, 0.6080969940414477], [-0.38159869728067886, 0.8881289166407847, 0.0, 0.23047835554337365, 0.524087661836849, 0.1339227584151863, 0.3534669938803667, 0.6777039816874737, 0.379698278055834, 0.20762258418069135, 0.007616154688146137, 0.6286937503959924, 0.6536804800141622, 0.685972640394731, 0.7855608496456493, 0.7008769951485717, 0.5901052871239155]]}