{"labels_1": ["1", "2", "3", "4", "5", "6", "7", "8", "9"], "labels_2": ["1", "2", "3", "4", "5", "6", "7", "8", "9"], "adj_matrix_1": [[0.0, 0.03874, 0.05062, 0.02529, 0.24791, 0.07001, 0.21981, 0.07704, 0.00393], [0.03874, 0.0, 0.08857, 0.06374, 0.2237, 0.03168, 0.191, 0.03887, 0.04264], [0.05062, 0.08857, 0.0, 0.02548, 0.27505, 0.1187, 0.25331, 0.12534, 0.04673], [0.02529, 0.06374, 0.02548, 0.0, 0.26209, 0.09453, 0.23711, 0.10139, 0.02137], [0.24791, 0.2237, 0.27505, 0.26209, 0.0, 0.2016, 0.04819, 0.19644, 0.25023], [0.07001, 0.03168, 0.1187, 0.09453, 0.2016, 0.0, 0.16545, 0.00723, 0.07385], [0.21981, 0.191, 0.25331, 0.23711, 0.04819, 0.16545, 0.0, 0.15946, 0.22259], [0.07704, 0.03887, 0.12534, 0.10139, 0.19644, 0.00723, 0.15946, 0.0, 0.08086], [0.00393, 0.04264, 0.04673, 0.02137, 0.25023, 0.07385, 0.22259, 0.08086, 0.0]], "adj_matrix_2": [[0.0, 0.10687, 0.07802, 0.0619, 0.15733, 0.08038, 0.01626, 0.24736, 0.1563], [0.10687, 0.0, 0.03139, 0.0481, 0.06015, 0.0289, 0.09224, 0.19251, 0.05884], [0.07802, 0.03139, 0.0, 0.01694, 0.09007, 0.00251, 0.06254, 0.21262, 0.08882], [0.0619, 0.0481, 0.01694, 0.0, 0.10559, 0.01944, 0.0461, 0.22208, 0.10437], [0.15733, 0.06015, 0.09007, 0.10559, 0.0, 0.08775, 0.14491, 0.14556, 0.00135], [0.08038, 0.0289, 0.00251, 0.01944, 0.08775, 0.0, 0.06497, 0.21115, 0.08649], [0.01626, 0.09224, 0.06254, 0.0461, 0.14491, 0.06497, 0.0, 0.24232, 0.14382], [0.24736, 0.19251, 0.21262, 0.22208, 0.14556, 0.21115, 0.24232, 0.0, 0.1467], [0.1563, 0.05884, 0.08882, 0.10437, 0.00135, 0.08649, 0.14382, 0.1467, 0.0]], "features_1": [[0.5738337454769029, 0.9274306647052732, 0.0, 0.23795328060305587, 0.5120026084419431, 0.14479697368106725, 0.3131379705653082, 0.6600482596188989, 0.47392741322284704, 0.22156616109508787, 0.008618141428105908, 0.615341956932349, 0.6344297696352472, 0.6417286927931726, 0.7961656230462507, 0.7182584642063238, 0.627118839469393], [0.35071363463704586, 0.8902350563470404, 0.0, 0.22026222038692206, 0.49112038716152306, 0.15027708575842924, 0.1379874771171515, 0.645958150299188, 0.4986291461525878, 0.2241429042644505, 0.008618141428105908, 0.6186573941435745, 0.635099359417114, 0.6492097781855058, 0.7967369465384038, 0.718872267601268, 0.6203031022864117], [0.4648891796429915, 1.0434906557236003, 0.0, 0.25257456375671666, 0.5352544906525306, 0.14520271749632785, 0.2142917627847055, 0.6567396158733647, 0.476320365290128, 0.2476037798121382, 0.008284682400665488, 0.6206896853472226, 0.6248628362082783, 0.6372869749608816, 0.7906086517196166, 0.7227012716497836, 0.6258966362301565], [0.3778861143329362, 0.9700657917718544, 0.0, 0.22233732931202152, 0.5166939993048846, 0.1458475957744894, 0.19006430434353802, 0.6542063099577762, 0.47384894242218367, 0.2338261620739297, 0.008618141428105908, 0.6184284715889461, 0.6128975084054523, 0.6311796553459885, 0.7871215509778173, 0.7141131059643303, 0.6227984061118381], [0.22326267704011737, 0.8634081998767711, 0.0, 0.20758615738801675, 0.4860919976747413, 0.14928606072251338, 0.1253523757996895, 0.6478889923481232, 0.4786701831772866, 0.2196910076225982, 0.008729175733573014, 0.6186919976173226, 0.6354873948500375, 0.6618794349822779, 0.7939836811848846, 0.7115191377584543, 0.6158151065634356], [0.2090023374145149, 1.009284975785313, 0.0, 0.21306874071735407, 0.5238567512170836, 0.14611102510492716, 0.13532137902035543, 0.6531211747681203, 0.4616537243030203, 0.24323641833271603, 0.008284682400665488, 0.6177501240683583, 0.6172380702812985, 0.6377645291061618, 0.788875755735539, 0.7094384197086994, 0.6204577208111947], [0.5212995012327113, 0.9164306896954798, 0.0, 0.19651416838817787, 0.5002442202925018, 0.14597931924195046, 0.10076869352660936, 0.6514850166346133, 0.4628730874222533, 0.22212609387591886, 0.008840150818991033, 0.606087174220741, 0.6016567001708225, 0.6188189440881522, 0.7849856806859825, 0.7144733044668655, 0.6256197649518628], [0.3137280095296102, 0.8383859918058469, 0.0, 0.24884075254769164, 0.49435314228025284, 0.13973020759190274, 0.23429403462662252, 0.6668465239646999, 0.42475066023805064, 0.20231817695022158, 0.008062078829516484, 0.6118840101880436, 0.638664689939714, 0.6824416812964994, 0.7879993290089559, 0.7009604273666831, 0.6107703883530544], [0.003639065794045493, 0.8972525182618624, 0.0, 0.21872318969590837, 0.5141968689706323, 0.13524492407031785, 0.24407789053114826, 0.6723014984711218, 0.39270871857837375, 0.2092374728690063, 0.007950687539111767, 0.6187223964201665, 0.6442938610770669, 0.6647382105343683, 0.7801858327950709, 0.6824437135027347, 0.6142354652714213]], "features_2": [[0.8412604611581047, 0.8783820341814683, 0.0, 0.26428438714714825, 0.5125679160084925, 0.13943731583863758, 0.15445345860521442, 0.6681064427510266, 0.434365303683492, 0.21036775513607986, 0.008173410423425675, 0.5899651978357225, 0.6372354298803243, 0.664824316359884, 0.7906021304193415, 0.7226143303001583, 0.592723775988907], [0.2515798775651863, 0.7745687951728779, 0.0, 0.22175903545588607, 0.4798310616275035, 0.14559638608918368, 0.20338914264695376, 0.6624860083483959, 0.45625609003744816, 0.19605830475532304, 0.008062078829516484, 0.6073789453491392, 0.6705113957807284, 0.7079381616430244, 0.806997608933562, 0.7126773680544971, 0.6094620009366852], [0.5355199282102463, 0.9027384441394412, 0.0, 0.24420057496746064, 0.5175323472414303, 0.14177008169062222, 0.1602862378830075, 0.6652065018921763, 0.43689056872331355, 0.21718263308703656, 0.007783488497544067, 0.5922579941038899, 0.6479446007248355, 0.6742149939924245, 0.7964586573225013, 0.7078832164283909, 0.594328383112663], [0.6319322781493031, 0.8280697764603902, 0.0, 0.27191523668793977, 0.501989147671152, 0.13928033302407977, 0.17350529052980973, 0.669387553216491, 0.43332625095687205, 0.19961751127049987, 0.008006390651371653, 0.5893955783467786, 0.6549990998533496, 0.6814994066888923, 0.7939346430481806, 0.7104879553298429, 0.5997062690135873], [0.045323675765549076, 0.7257611043119205, 0.0, 0.20442013646164736, 0.4637148174565199, 0.14750512928221532, 0.21100063549993991, 0.6610785178051732, 0.4701814703726095, 0.1877777301018777, 0.008284682400665488, 0.6142138340406893, 0.6613937319920427, 0.7005955842539601, 0.8124329973822861, 0.7200997241851016, 0.620045750549262], [0.4175258398496551, 0.8596798550300166, 0.0, 0.23637994558079295, 0.5040358356822232, 0.14439219247289073, 0.18593440517345244, 0.6631975638284043, 0.45411017860787206, 0.2128370114728928, 0.007894969482732161, 0.5953669717445491, 0.6567933115336841, 0.6836593128924153, 0.8049561514612182, 0.7060629848259412, 0.6046376428001423], [0.45566603636258485, 0.7288355460791698, 0.0, 0.24717423382664797, 0.4665954567945593, 0.1439131991388443, 0.1821926333156199, 0.6640805474174103, 0.45829319869260665, 0.1844115945598348, 0.00839589484089287, 0.5967381278462076, 0.6623769264029831, 0.6912032754768349, 0.8020703552649078, 0.7356852375227922, 0.6078897319328123], [-0.006077309670197373, 0.712877974972598, 0.0, 0.2460278916455849, 0.4612848986069426, 0.14308509927715476, 0.24071316932094292, 0.6667670765231489, 0.4430404468714284, 0.1804236761168565, 0.008062078829516484, 0.6219461118716121, 0.6709263354827297, 0.6886382254782041, 0.8047387019412634, 0.7092046650844659, 0.6123372108834838], [0.26514386335530027, 0.7310364593345445, 0.0, 0.25914813428398564, 0.4681981654849017, 0.14220593021187097, 0.2340564730059583, 0.6676572042652439, 0.4471749933362139, 0.1835447882184651, 0.008618141428105908, 0.6064369489750789, 0.652094968930546, 0.6874974480178262, 0.8018844722685772, 0.7215092478476918, 0.6100639546281938]]}