{"labels_1": ["1", "2", "3", "4", "5", "6", "7", "8", "9"], "labels_2": ["1", "2", "3", "4", "5", "6", "7", "8", "9"], "adj_matrix_1": [[0.0, 0.03874, 0.05062, 0.02529, 0.24791, 0.07001, 0.21981, 0.07704, 0.00393], [0.03874, 0.0, 0.08857, 0.06374, 0.2237, 0.03168, 0.191, 0.03887, 0.04264], [0.05062, 0.08857, 0.0, 0.02548, 0.27505, 0.1187, 0.25331, 0.12534, 0.04673], [0.02529, 0.06374, 0.02548, 0.0, 0.26209, 0.09453, 0.23711, 0.10139, 0.02137], [0.24791, 0.2237, 0.27505, 0.26209, 0.0, 0.2016, 0.04819, 0.19644, 0.25023], [0.07001, 0.03168, 0.1187, 0.09453, 0.2016, 0.0, 0.16545, 0.00723, 0.07385], [0.21981, 0.191, 0.25331, 0.23711, 0.04819, 0.16545, 0.0, 0.15946, 0.22259], [0.07704, 0.03887, 0.12534, 0.10139, 0.19644, 0.00723, 0.15946, 0.0, 0.08086], [0.00393, 0.04264, 0.04673, 0.02137, 0.25023, 0.07385, 0.22259, 0.08086, 0.0]], "adj_matrix_2": [[0.0, 0.2057, 0.10698, 0.09979, 0.08613, 0.17697, 0.18089, 0.16828, 0.24491], [0.2057, 0.0, 0.10726, 0.11438, 0.12766, 0.0334, 0.02895, 0.33572, 0.04965], [0.10698, 0.10726, 0.0, 0.00744, 0.02147, 0.07493, 0.07929, 0.26191, 0.15345], [0.09979, 0.11438, 0.00744, 0.0, 0.01404, 0.08221, 0.08656, 0.25599, 0.16018], [0.08613, 0.12766, 0.02147, 0.01404, 0.0, 0.09586, 0.10016, 0.2446, 0.17268], [0.17697, 0.0334, 0.07493, 0.08221, 0.09586, 0.0, 0.00447, 0.31585, 0.08245], [0.18089, 0.02895, 0.07929, 0.08656, 0.10016, 0.00447, 0.0, 0.31861, 0.0781], [0.16828, 0.33572, 0.26191, 0.25599, 0.2446, 0.31585, 0.31861, 0.0, 0.36], [0.24491, 0.04965, 0.15345, 0.16018, 0.17268, 0.08245, 0.0781, 0.36, 0.0]], "features_1": [[0.5738337454769029, 0.9274306647052732, 0.0, 0.23795328060305587, 0.5120026084419431, 0.14479697368106725, 0.3131379705653082, 0.6600482596188989, 0.47392741322284704, 0.22156616109508787, 0.008618141428105908, 0.615341956932349, 0.6344297696352472, 0.6417286927931726, 0.7961656230462507, 0.7182584642063238, 0.627118839469393], [0.35071363463704586, 0.8902350563470404, 0.0, 0.22026222038692206, 0.49112038716152306, 0.15027708575842924, 0.1379874771171515, 0.645958150299188, 0.4986291461525878, 0.2241429042644505, 0.008618141428105908, 0.6186573941435745, 0.635099359417114, 0.6492097781855058, 0.7967369465384038, 0.718872267601268, 0.6203031022864117], [0.4648891796429915, 1.0434906557236003, 0.0, 0.25257456375671666, 0.5352544906525306, 0.14520271749632785, 0.2142917627847055, 0.6567396158733647, 0.476320365290128, 0.2476037798121382, 0.008284682400665488, 0.6206896853472226, 0.6248628362082783, 0.6372869749608816, 0.7906086517196166, 0.7227012716497836, 0.6258966362301565], [0.3778861143329362, 0.9700657917718544, 0.0, 0.22233732931202152, 0.5166939993048846, 0.1458475957744894, 0.19006430434353802, 0.6542063099577762, 0.47384894242218367, 0.2338261620739297, 0.008618141428105908, 0.6184284715889461, 0.6128975084054523, 0.6311796553459885, 0.7871215509778173, 0.7141131059643303, 0.6227984061118381], [0.22326267704011737, 0.8634081998767711, 0.0, 0.20758615738801675, 0.4860919976747413, 0.14928606072251338, 0.1253523757996895, 0.6478889923481232, 0.4786701831772866, 0.2196910076225982, 0.008729175733573014, 0.6186919976173226, 0.6354873948500375, 0.6618794349822779, 0.7939836811848846, 0.7115191377584543, 0.6158151065634356], [0.2090023374145149, 1.009284975785313, 0.0, 0.21306874071735407, 0.5238567512170836, 0.14611102510492716, 0.13532137902035543, 0.6531211747681203, 0.4616537243030203, 0.24323641833271603, 0.008284682400665488, 0.6177501240683583, 0.6172380702812985, 0.6377645291061618, 0.788875755735539, 0.7094384197086994, 0.6204577208111947], [0.5212995012327113, 0.9164306896954798, 0.0, 0.19651416838817787, 0.5002442202925018, 0.14597931924195046, 0.10076869352660936, 0.6514850166346133, 0.4628730874222533, 0.22212609387591886, 0.008840150818991033, 0.606087174220741, 0.6016567001708225, 0.6188189440881522, 0.7849856806859825, 0.7144733044668655, 0.6256197649518628], [0.3137280095296102, 0.8383859918058469, 0.0, 0.24884075254769164, 0.49435314228025284, 0.13973020759190274, 0.23429403462662252, 0.6668465239646999, 0.42475066023805064, 0.20231817695022158, 0.008062078829516484, 0.6118840101880436, 0.638664689939714, 0.6824416812964994, 0.7879993290089559, 0.7009604273666831, 0.6107703883530544], [0.003639065794045493, 0.8972525182618624, 0.0, 0.21872318969590837, 0.5141968689706323, 0.13524492407031785, 0.24407789053114826, 0.6723014984711218, 0.39270871857837375, 0.2092374728690063, 0.007950687539111767, 0.6187223964201665, 0.6442938610770669, 0.6647382105343683, 0.7801858327950709, 0.6824437135027347, 0.6142354652714213]], "features_2": [[-0.20852526405612348, 0.8168528251340772, 0.0, 0.2480406276074617, 0.5105228640864585, 0.13381170388410996, 0.37229856175724263, 0.6798330805629467, 0.40485511337097413, 0.19459508401998948, 0.007560346756364078, 0.6296001190821638, 0.669278360118843, 0.7039505125698269, 0.7996732006716082, 0.7173651475173097, 0.6053876228604791], [-0.09986426478994392, 0.8010508828771278, 0.0, 0.2666115071438432, 0.5015310950653037, 0.1367190399751509, 0.40529491418955743, 0.6768186593532841, 0.4146117689600104, 0.194281938498033, 0.007894969482732161, 0.6157263421969417, 0.664629592424542, 0.6987089703313268, 0.8037720527468598, 0.7177212514976355, 0.6194287612116022], [-0.1293655466162278, 0.9050965279509925, 0.0, 0.2432582739240442, 0.5345432039737533, 0.1318482861582149, 0.3743074393873222, 0.6809635925454683, 0.388295433264795, 0.21051487432198313, 0.007894969482732161, 0.6202699250772734, 0.6635371955039691, 0.6941246294962464, 0.7934273334196335, 0.7084712287895965, 0.5951486147203539], [-0.21482976684236776, 0.8092807954364892, 0.0, 0.21645124832055584, 0.5053297133782466, 0.13482040682298316, 0.3311113793670593, 0.6779248691707194, 0.41104127044849426, 0.1954490422701951, 0.007894969482732161, 0.6282542142682412, 0.6736404973252637, 0.7048254041680405, 0.7969737119809647, 0.7151131485489131, 0.5961476922917999], [-0.2880838148504177, 0.7713953519450601, 0.0, 0.24217067334264505, 0.4883857457429239, 0.13815915915357926, 0.33116618416466537, 0.6743800732553302, 0.426261607608196, 0.19097178915922508, 0.00822905385914674, 0.6371645425484074, 0.6649573263246216, 0.7030232621495665, 0.8045549261971473, 0.7498162829412318, 0.6229518328898834], [-0.3658597272389521, 0.8588074506882506, 0.0, 0.23180577603943242, 0.517211680801589, 0.13671538734135616, 0.3450974045105724, 0.6762111236046159, 0.40525291818074494, 0.20787848362569705, 0.007671947615560004, 0.6318692251950526, 0.6723609967252951, 0.7127245058553973, 0.8014093782844078, 0.7247200934728493, 0.613427125770012], [-0.346741113364029, 0.7589255692713841, 0.0, 0.23552238292336472, 0.4809417703761031, 0.1392565062355996, 0.25519407486750795, 0.670701084545826, 0.41691859508447715, 0.18875890258107564, 0.007783488497544067, 0.6286597079647633, 0.659454469660438, 0.6946406097502992, 0.7967861728554801, 0.7205585925330705, 0.6024581007942321], [-0.45335580815792076, 0.7924438547550879, 0.0, 0.16615407239144678, 0.49625028146013006, 0.134278054345274, 0.26558569150744943, 0.6769635659459716, 0.3860075107063603, 0.1897487468672192, 0.007448685839370306, 0.6454388366175456, 0.6656608909478207, 0.6981448369982329, 0.7927940118204425, 0.7091856260380857, 0.6144740138102974], [-0.04542940811496754, 0.8896354514239628, 0.0, 0.21190662968064766, 0.5230318674666903, 0.1324549791199331, 0.22498885678082486, 0.6768490545398136, 0.3752485655266806, 0.2055146553737961, 0.007560346756364078, 0.6136982378494933, 0.638202098695514, 0.662732749214303, 0.7779741502052532, 0.6995241778746245, 0.5941524199447604]]}