{"labels_1": ["1", "2", "3", "4", "5", "6", "7", "8", "9"], "labels_2": ["1", "2", "3", "4", "5", "6", "7", "8", "9"], "adj_matrix_1": [[0.0, 0.14227, 0.21348, 0.23346, 0.04812, 0.24807, 0.18983, 0.01857, 0.06614], [0.14227, 0.0, 0.09549, 0.1306, 0.09868, 0.16433, 0.06042, 0.1581, 0.19634], [0.21348, 0.09549, 0.0, 0.03973, 0.18013, 0.08165, 0.03692, 0.22496, 0.25123], [0.23346, 0.1306, 0.03973, 0.0, 0.20561, 0.04334, 0.07561, 0.24275, 0.26323], [0.04812, 0.09868, 0.18013, 0.20561, 0.0, 0.2268, 0.152, 0.06635, 0.11223], [0.24807, 0.16433, 0.08165, 0.04334, 0.2268, 0.0, 0.1151, 0.25484, 0.26894], [0.18983, 0.06042, 0.03692, 0.07561, 0.152, 0.1151, 0.0, 0.20315, 0.23433], [0.01857, 0.1581, 0.22496, 0.24275, 0.06635, 0.25484, 0.20315, 0.0, 0.04788], [0.06614, 0.19634, 0.25123, 0.26323, 0.11223, 0.26894, 0.23433, 0.04788, 0.0]], "adj_matrix_2": [[0.0, 0.26862, 0.14276, 0.12023, 0.02689, 0.01201, 0.15404, 0.05758, 0.06833], [0.26862, 0.0, 0.15427, 0.33936, 0.25004, 0.26039, 0.35612, 0.30495, 0.31121], [0.14276, 0.15427, 0.0, 0.2484, 0.11749, 0.13156, 0.27615, 0.19474, 0.20416], [0.12023, 0.33936, 0.2484, 0.0, 0.14569, 0.13168, 0.03557, 0.06388, 0.05311], [0.02689, 0.25004, 0.11749, 0.14569, 0.0, 0.01489, 0.17874, 0.08407, 0.09469], [0.01201, 0.26039, 0.13156, 0.13168, 0.01489, 0.0, 0.16515, 0.06944, 0.08014], [0.15404, 0.35612, 0.27615, 0.03557, 0.17874, 0.16515, 0.0, 0.09888, 0.08827], [0.05758, 0.30495, 0.19474, 0.06388, 0.08407, 0.06944, 0.09888, 0.0, 0.01087], [0.06833, 0.31121, 0.20416, 0.05311, 0.09469, 0.08014, 0.08827, 0.01087, 0.0]], "features_1": [[0.1506128828834723, 0.9138225968360213, 0.0, 0.22667259168668927, 0.5277631895693689, 0.1413447841072177, 0.3116009178865653, 0.672650040365504, 0.45458876806345017, 0.22193297562781056, 0.008117752083540042, 0.6128166410733058, 0.6600398589845575, 0.6903643764822129, 0.8136249820459012, 0.7399027165606161, 0.6263330248276429], [0.171722883193008, 0.9414791584912819, 0.0, 0.22488064990942389, 0.5240496694959991, 0.14536551846833579, 0.21109843759452218, 0.6640717294818788, 0.47643235807541906, 0.2324111972820535, 0.008451478759474051, 0.6135660089507393, 0.6732751401810667, 0.7038581933886128, 0.8118944732587856, 0.7332629050870592, 0.6305389646566596], [0.20751984178344163, 1.0513862544630033, 0.0, 0.2182670506539994, 0.5559057277880182, 0.14301821587773902, 0.24527056768816138, 0.6689091157633205, 0.4652921327137238, 0.2529755366772166, 0.008284682400665488, 0.6113148566577127, 0.6847350504508358, 0.7004240108789473, 0.8112902867706137, 0.7301988385022599, 0.6298093417823519], [0.4059600971181512, 0.9408600110437588, 0.0, 0.23801655779201636, 0.5287482367375536, 0.14373839141853206, 0.23427465622958366, 0.6674162272555071, 0.4638130945389436, 0.23004129404932838, 0.008284682400665488, 0.6072968912968784, 0.6655872350442422, 0.6960134897631833, 0.8105261912777008, 0.7240007115175057, 0.633592260402929], [0.3260155291026199, 0.9539284029787107, 0.0, 0.21606805685809743, 0.52344865045661, 0.14583328340422172, 0.154840131060822, 0.6604082439241412, 0.4634389775628578, 0.23277258831441583, 0.008006390651371653, 0.6101367332618526, 0.652627176161615, 0.6748526364602997, 0.8046564525671771, 0.7162267719258817, 0.6277576309307306], [0.5990010406002111, 1.0929801917545465, 0.0, 0.23524496876988593, 0.5573851588991768, 0.14507783752820694, 0.17629946572630145, 0.6628933701320303, 0.4661055660043798, 0.2597663941085264, 0.008507047823598457, 0.6057593586799381, 0.6395834778267945, 0.6757967436625638, 0.805433103612059, 0.7178075568368211, 0.6300042614142535], [0.4956830692853056, 0.9297401039914596, 0.0, 0.22514549820088633, 0.5201702244237647, 0.1424356577413582, 0.2148759923064439, 0.6671582394551865, 0.4459844168961331, 0.2242887417022239, 0.008284682400665488, 0.6086218630334868, 0.6566218396664211, 0.6817440975029322, 0.8029908044301413, 0.7007182212759318, 0.6207900687078748], [0.45008521309626204, 0.9222807960019854, 0.0, 0.22861997322653424, 0.5238277978427384, 0.13950574894075646, 0.21073859654032318, 0.6700706138656077, 0.4270200088707399, 0.21853147301418896, 0.008507047823598457, 0.6101789439844547, 0.6318659440849297, 0.6670800998930384, 0.7978841260772893, 0.7187517723415655, 0.6094143427179703], [0.33839287424540343, 0.979088005898365, 0.0, 0.22524386772836716, 0.5416023945340436, 0.1338484310508135, 0.25177297011114985, 0.6767264252585498, 0.3962352663432267, 0.22416736684197303, 0.00783923647221818, 0.6074227782387878, 0.6348414824658617, 0.6505348382644361, 0.7878351497739386, 0.6974032661770713, 0.588370418250438]], "features_2": [[-0.06553725900201446, 0.9900797974132481, 0.0, 0.26318911685779023, 0.5550046717612432, 0.12839249527523183, 0.23548495028532698, 0.6819428028606447, 0.37578347282768854, 0.2200891242219727, 0.00783923647221818, 0.6226318946571785, 0.6449815331802756, 0.672954967165133, 0.775263937830675, 0.6967185998723358, 0.6023479301168974], [0.12161502692212345, 0.9797845233081542, 0.0, 0.273468879797501, 0.5473497454220094, 0.13136615350586098, 0.24034036038712187, 0.6795836963465891, 0.39249942345670075, 0.22152309497453704, 0.008117752083540042, 0.6102885985718003, 0.6350588348932169, 0.6429538808787122, 0.7849920033441512, 0.7215123950686696, 0.6089448872780703], [-0.1681956399230451, 1.1090286332690509, 0.0, 0.2854159043851139, 0.5785297819631984, 0.13047395482346522, 0.23370577081602803, 0.6803786766418588, 0.3811546376692345, 0.2454554468563237, 0.007560346756364078, 0.6164580579146661, 0.6514857788031473, 0.6671019440712125, 0.7815696885010002, 0.7107450425693922, 0.6057413222917212], [-0.28091074687871753, 0.9636405649058523, 0.0, 0.28043188542261066, 0.5456775966973018, 0.13190239222651046, 0.2122070476044371, 0.6786925663910074, 0.3973590447810662, 0.22220225889246592, 0.00783923647221818, 0.6359318038048563, 0.6696087256050961, 0.688679771203441, 0.7802133433961393, 0.6889519987216849, 0.6069872230446876], [-0.10118839752368203, 0.9190787106179824, 0.0, 0.26542142419981124, 0.530450978638834, 0.13493169325258775, 0.23000896589625414, 0.6764632924458394, 0.41064031004569057, 0.21622304707327644, 0.007950687539111767, 0.6243298627068921, 0.6552922402147542, 0.6821543304972546, 0.7926199446930274, 0.7177339648569497, 0.6140413622820492], [-0.2652463513544552, 1.0464677951448156, 0.0, 0.29063813564697044, 0.5600304443002745, 0.13558056609657285, 0.22642644567774184, 0.6755774942502355, 0.40547249526934537, 0.2418342225552479, 0.00783923647221818, 0.6228905737137824, 0.657046557050949, 0.6712865488010205, 0.7917386507011984, 0.7160189936807654, 0.6162669261842743], [-0.20475391770873852, 0.8691671776669806, 0.0, 0.2392562047092913, 0.5184059062483884, 0.13483156265508386, 0.26397156053076143, 0.6760512723863474, 0.39070942060260827, 0.20196112392905197, 0.007504523810135222, 0.6325118280330826, 0.6510748470937653, 0.6568562520560267, 0.7858320186446588, 0.7095934745335738, 0.5952865151009009], [-0.3833575465378005, 0.8577797352811142, 0.0, 0.259228535744034, 0.513439143845334, 0.13767679169197572, 0.3258754593118951, 0.6750280369986239, 0.41351770537305876, 0.2078946065653351, 0.007727725548673403, 0.6356240708887531, 0.6601192935103429, 0.6902855173373985, 0.798058835823325, 0.710573143248254, 0.6080969940414477], [-0.38159869728067886, 0.8881289166407847, 0.0, 0.23047835554337365, 0.524087661836849, 0.1339227584151863, 0.3534669938803667, 0.6777039816874737, 0.379698278055834, 0.20762258418069135, 0.007616154688146137, 0.6286937503959924, 0.6536804800141622, 0.685972640394731, 0.7855608496456493, 0.7008769951485717, 0.5901052871239155]]}