{"labels_1": ["1", "2", "3", "4", "5", "6", "7", "8", "9"], "labels_2": ["1", "2", "3", "4", "5", "6", "7", "8", "9"], "adj_matrix_1": [[0.0, 0.17221, 0.10288, 0.24191, 0.07618, 0.23297, 0.32049, 0.12715, 0.25761], [0.17221, 0.0, 0.26114, 0.35669, 0.09937, 0.35191, 0.3764, 0.28021, 0.36446], [0.10288, 0.26114, 0.0, 0.15491, 0.17481, 0.14407, 0.266, 0.02544, 0.17443], [0.24191, 0.35669, 0.15491, 0.0, 0.29681, 0.01214, 0.14625, 0.13173, 0.02247], [0.07618, 0.09937, 0.17481, 0.29681, 0.0, 0.28959, 0.34976, 0.19721, 0.30918], [0.23297, 0.35191, 0.14407, 0.01214, 0.28959, 0.0, 0.15671, 0.12049, 0.03455], [0.32049, 0.3764, 0.266, 0.14625, 0.34976, 0.15671, 0.0, 0.25004, 0.12625], [0.12715, 0.28021, 0.02544, 0.13173, 0.19721, 0.12049, 0.25004, 0.0, 0.15202], [0.25761, 0.36446, 0.17443, 0.02247, 0.30918, 0.03455, 0.12625, 0.15202, 0.0]], "adj_matrix_2": [[0.0, 0.09639, 0.1117, 0.00892, 0.06473, 0.01262, 0.19961, 0.17048, 0.17036], [0.09639, 0.0, 0.01569, 0.10509, 0.03212, 0.08401, 0.2801, 0.25503, 0.25495], [0.1117, 0.01569, 0.0, 0.12032, 0.04775, 0.09941, 0.29203, 0.26773, 0.26768], [0.00892, 0.10509, 0.12032, 0.0, 0.07355, 0.02154, 0.19176, 0.16231, 0.16218], [0.06473, 0.03212, 0.04775, 0.07355, 0.0, 0.05221, 0.25461, 0.22807, 0.22796], [0.01262, 0.08401, 0.09941, 0.02154, 0.05221, 0.0, 0.2106, 0.18195, 0.18184], [0.19961, 0.2801, 0.29203, 0.19176, 0.25461, 0.2106, 0.0, 0.03295, 0.0331], [0.17048, 0.25503, 0.26773, 0.16231, 0.22807, 0.18195, 0.03295, 0.0, 0.00016], [0.17036, 0.25495, 0.26768, 0.16218, 0.22796, 0.18184, 0.0331, 0.00016, 0.0]], "features_1": [[-0.3028162627596931, 0.845839642781326, 0.0, 0.22551507602274534, 0.4972308082725547, 0.14800672794433734, 0.12960191990928038, 0.6557676688023875, 0.49002370674282925, 0.21973377014740691, 0.008673665988278678, 0.6453879890584995, 0.6659932191346384, 0.6963922663155732, 0.8041265175830714, 0.7253752372910215, 0.6371540877245321], [-0.42206529105265567, 0.8598352167080201, 0.0, 0.21087661559110055, 0.49760358691294304, 0.14917520050400251, 0.10089935758032453, 0.6525533784882396, 0.49786791544341447, 0.2259148171945624, 0.00839589484089287, 0.6568317941059361, 0.6726530400430364, 0.6963232083121534, 0.8026569791771687, 0.7185566026597007, 0.6208289044268183], [-0.21512520123120416, 0.9337011149156783, 0.0, 0.22717362432996324, 0.5201260798578518, 0.14708598534867762, 0.11352613977111972, 0.6561775481857917, 0.48887600390632735, 0.23681999368445417, 0.008840150818991033, 0.6430606497781683, 0.6557651826212441, 0.6839652089232883, 0.8001748825453557, 0.7206067274991554, 0.6298573945684343], [-0.028224356397077877, 0.8478109399683541, 0.0, 0.21322463370913167, 0.4949015809413322, 0.14798357614781485, 0.08884234816056917, 0.6529185241205363, 0.4923504516934747, 0.21730760753463163, 0.00839589484089287, 0.6232602028500269, 0.6506895051209709, 0.6833845603568401, 0.7974137159650879, 0.7178159194275681, 0.6311634175148106], [-0.16858234278825002, 0.8492844157212952, 0.0, 0.22514950848005086, 0.49081203754508973, 0.15042933125342234, 0.07743995466540525, 0.6492545153052798, 0.5085032956236628, 0.22306650453835686, 0.009061923644820391, 0.6462971530742996, 0.6513701755862996, 0.6799982557144204, 0.801949084136709, 0.7326411248770852, 0.6173836192771421], [0.08691466975615958, 0.9430174258920048, 0.0, 0.20925689904420686, 0.513526337312039, 0.1503204715191308, 0.05586544041757975, 0.6476018653107125, 0.5102820290911398, 0.2392351841057001, 0.008951066763186244, 0.6298138066789587, 0.6555753383948396, 0.6729044340039668, 0.7974540999432214, 0.7106334621933346, 0.622814950791862], [-0.01770333857010087, 0.8123952047889417, 0.0, 0.20159570399003623, 0.47795588991412913, 0.14951602587254673, 0.07120250138227036, 0.647604809733368, 0.4900104760513848, 0.20996101043929838, 0.00839589484089287, 0.6237645413559403, 0.6474757439264869, 0.6739624606991033, 0.7910949414379603, 0.7233621886116675, 0.6174114052652753], [0.0327792599848733, 0.8205853563186293, 0.0, 0.24269514606703935, 0.4906308022531283, 0.14569296754540387, 0.14351224101738466, 0.6595192026275907, 0.47262150458208363, 0.20769809733053535, 0.008507047823598457, 0.6334551697704889, 0.6663758909137847, 0.7017039926099617, 0.801386630013917, 0.7287649127803244, 0.616802408910025], [0.0258515389218803, 0.8359067780241821, 0.0, 0.2601349947819376, 0.4966426758991376, 0.1435475302357661, 0.15931609969985344, 0.6618612384565579, 0.45552242199088866, 0.20866677261524869, 0.00839589484089287, 0.6284699447998934, 0.6620479318919201, 0.695654075831217, 0.7937007024243242, 0.7068405473016198, 0.6189188996321604]], "features_2": [[-0.42490846752407263, 0.9861298640903106, 0.0, 0.18036278818791876, 0.547901896569116, 0.13379801012532902, 0.16964726138322064, 0.6746561491051257, 0.3888302852901506, 0.23042998849423801, 0.007392832833969631, 0.6348877642596475, 0.6493336231865333, 0.6740672009728644, 0.7793140623805012, 0.7095886143696076, 0.5987571306915173], [-0.4220960912310794, 0.9849710086128949, 0.0, 0.15044500135074537, 0.5426216060362286, 0.13375107853494092, 0.18957379680662853, 0.6744383963269336, 0.37734913590723074, 0.22896131710747292, 0.007504523810135222, 0.6371141900664341, 0.6620354319876586, 0.6780652321248845, 0.7785891285714777, 0.6806256489386451, 0.58950899400105], [-0.4186261225862986, 1.0855108729812835, 0.0, 0.18353091569676058, 0.5673541190736663, 0.13418939169983266, 0.18934855788291854, 0.6742473205703241, 0.3902980986265958, 0.2503160409261389, 0.007616154688146137, 0.6447018170465268, 0.6275881014759547, 0.6545091755592146, 0.7802243497213015, 0.6964920294259075, 0.5982812805841611], [-0.35441095826919655, 0.9315226494959854, 0.0, 0.1786356897657687, 0.5305424249563504, 0.13592007967849545, 0.17320608729361311, 0.6721457136563792, 0.3998006244614136, 0.220755974794125, 0.007727725548673403, 0.6381217796909928, 0.6563586972207939, 0.685391066678828, 0.7829781794446719, 0.6932623855441107, 0.5997059656371224], [-0.32873234093631476, 0.9085331345981642, 0.0, 0.15175602629428053, 0.519754621759702, 0.13507496652183157, 0.19061031780984267, 0.6725182141419279, 0.3873972478761005, 0.21408278201859665, 0.007392832833969631, 0.6368754323112551, 0.653284621134004, 0.683425804563656, 0.779891122822847, 0.7057533748774185, 0.58675191613803], [-0.429489556816526, 1.0030718478417489, 0.0, 0.15480620968897654, 0.5440225967609389, 0.13671073669308742, 0.1994588905975533, 0.6711201980575288, 0.40256003864197343, 0.23711522757422165, 0.00783923647221818, 0.6384120079781797, 0.6394458520655429, 0.6732167767872411, 0.7845383556719896, 0.7163625233430203, 0.5926668785702622], [-0.024225527679941905, 0.847221569790199, 0.0, 0.20537696091689897, 0.5010670367749696, 0.13757897067640548, 0.15858400348634943, 0.6692668021477357, 0.4096014962039387, 0.20218598016500255, 0.007504523810135222, 0.621001137681354, 0.6414215141259345, 0.6620103025513571, 0.7832071984806788, 0.7263550566163862, 0.5822308169040976], [-0.08971641123943508, 0.8603661343692776, 0.0, 0.18235961851388424, 0.5064681519305665, 0.13418533844797068, 0.17451174279052922, 0.6729085610364252, 0.39683085336599033, 0.2041833624371232, 0.008062078829516484, 0.6314897199816354, 0.6479676138277994, 0.6707712638544134, 0.775580268151577, 0.7209201610852434, 0.5788577196134485], [0.1559782029878587, 0.9259757828187738, 0.0, 0.21466855676454896, 0.5301446073149788, 0.13135597750990893, 0.17363403364996371, 0.6765456361079654, 0.3797385033781364, 0.21046510245133843, 0.007336964783822175, 0.6149577312515602, 0.6298451689463027, 0.6589103354250748, 0.7709884544043899, 0.7157005249356115, 0.5756454740813399]]}