{"labels_1": ["1", "2", "3", "4", "5", "6", "7", "8", "9"], "labels_2": ["1", "2", "3", "4", "5", "6", "7", "8", "9"], "adj_matrix_1": [[0.0, 0.17221, 0.10288, 0.24191, 0.07618, 0.23297, 0.32049, 0.12715, 0.25761], [0.17221, 0.0, 0.26114, 0.35669, 0.09937, 0.35191, 0.3764, 0.28021, 0.36446], [0.10288, 0.26114, 0.0, 0.15491, 0.17481, 0.14407, 0.266, 0.02544, 0.17443], [0.24191, 0.35669, 0.15491, 0.0, 0.29681, 0.01214, 0.14625, 0.13173, 0.02247], [0.07618, 0.09937, 0.17481, 0.29681, 0.0, 0.28959, 0.34976, 0.19721, 0.30918], [0.23297, 0.35191, 0.14407, 0.01214, 0.28959, 0.0, 0.15671, 0.12049, 0.03455], [0.32049, 0.3764, 0.266, 0.14625, 0.34976, 0.15671, 0.0, 0.25004, 0.12625], [0.12715, 0.28021, 0.02544, 0.13173, 0.19721, 0.12049, 0.25004, 0.0, 0.15202], [0.25761, 0.36446, 0.17443, 0.02247, 0.30918, 0.03455, 0.12625, 0.15202, 0.0]], "adj_matrix_2": [[0.0, 0.27256, 0.15705, 0.12054, 0.30444, 0.21358, 0.25155, 0.27334, 0.29111], [0.27256, 0.0, 0.15751, 0.19256, 0.06299, 0.09091, 0.03558, 0.0014, 0.03525], [0.15705, 0.15751, 0.0, 0.04153, 0.21144, 0.07132, 0.12505, 0.15875, 0.18821], [0.12054, 0.19256, 0.04153, 0.0, 0.24204, 0.11112, 0.16225, 0.19372, 0.22084], [0.30444, 0.06299, 0.21144, 0.24204, 0.0, 0.1505, 0.09775, 0.06161, 0.02796], [0.21358, 0.09091, 0.07132, 0.11112, 0.1505, 0.0, 0.05607, 0.09226, 0.12456], [0.25155, 0.03558, 0.12505, 0.16225, 0.09775, 0.05607, 0.0, 0.03697, 0.07049], [0.27334, 0.0014, 0.15875, 0.19372, 0.06161, 0.09226, 0.03697, 0.0, 0.03385], [0.29111, 0.03525, 0.18821, 0.22084, 0.02796, 0.12456, 0.07049, 0.03385, 0.0]], "features_1": [[-0.3028162627596931, 0.845839642781326, 0.0, 0.22551507602274534, 0.4972308082725547, 0.14800672794433734, 0.12960191990928038, 0.6557676688023875, 0.49002370674282925, 0.21973377014740691, 0.008673665988278678, 0.6453879890584995, 0.6659932191346384, 0.6963922663155732, 0.8041265175830714, 0.7253752372910215, 0.6371540877245321], [-0.42206529105265567, 0.8598352167080201, 0.0, 0.21087661559110055, 0.49760358691294304, 0.14917520050400251, 0.10089935758032453, 0.6525533784882396, 0.49786791544341447, 0.2259148171945624, 0.00839589484089287, 0.6568317941059361, 0.6726530400430364, 0.6963232083121534, 0.8026569791771687, 0.7185566026597007, 0.6208289044268183], [-0.21512520123120416, 0.9337011149156783, 0.0, 0.22717362432996324, 0.5201260798578518, 0.14708598534867762, 0.11352613977111972, 0.6561775481857917, 0.48887600390632735, 0.23681999368445417, 0.008840150818991033, 0.6430606497781683, 0.6557651826212441, 0.6839652089232883, 0.8001748825453557, 0.7206067274991554, 0.6298573945684343], [-0.028224356397077877, 0.8478109399683541, 0.0, 0.21322463370913167, 0.4949015809413322, 0.14798357614781485, 0.08884234816056917, 0.6529185241205363, 0.4923504516934747, 0.21730760753463163, 0.00839589484089287, 0.6232602028500269, 0.6506895051209709, 0.6833845603568401, 0.7974137159650879, 0.7178159194275681, 0.6311634175148106], [-0.16858234278825002, 0.8492844157212952, 0.0, 0.22514950848005086, 0.49081203754508973, 0.15042933125342234, 0.07743995466540525, 0.6492545153052798, 0.5085032956236628, 0.22306650453835686, 0.009061923644820391, 0.6462971530742996, 0.6513701755862996, 0.6799982557144204, 0.801949084136709, 0.7326411248770852, 0.6173836192771421], [0.08691466975615958, 0.9430174258920048, 0.0, 0.20925689904420686, 0.513526337312039, 0.1503204715191308, 0.05586544041757975, 0.6476018653107125, 0.5102820290911398, 0.2392351841057001, 0.008951066763186244, 0.6298138066789587, 0.6555753383948396, 0.6729044340039668, 0.7974540999432214, 0.7106334621933346, 0.622814950791862], [-0.01770333857010087, 0.8123952047889417, 0.0, 0.20159570399003623, 0.47795588991412913, 0.14951602587254673, 0.07120250138227036, 0.647604809733368, 0.4900104760513848, 0.20996101043929838, 0.00839589484089287, 0.6237645413559403, 0.6474757439264869, 0.6739624606991033, 0.7910949414379603, 0.7233621886116675, 0.6174114052652753], [0.0327792599848733, 0.8205853563186293, 0.0, 0.24269514606703935, 0.4906308022531283, 0.14569296754540387, 0.14351224101738466, 0.6595192026275907, 0.47262150458208363, 0.20769809733053535, 0.008507047823598457, 0.6334551697704889, 0.6663758909137847, 0.7017039926099617, 0.801386630013917, 0.7287649127803244, 0.616802408910025], [0.0258515389218803, 0.8359067780241821, 0.0, 0.2601349947819376, 0.4966426758991376, 0.1435475302357661, 0.15931609969985344, 0.6618612384565579, 0.45552242199088866, 0.20866677261524869, 0.00839589484089287, 0.6284699447998934, 0.6620479318919201, 0.695654075831217, 0.7937007024243242, 0.7068405473016198, 0.6189188996321604]], "features_2": [[0.011419166626580601, 0.7548203946707067, 0.0, 0.22566594781595226, 0.47246236618950016, 0.14611569845549957, 0.21300410491482466, 0.6629565680526803, 0.46626307509789, 0.19500400924773587, 0.008173410423425675, 0.6190135824483098, 0.6687395784025605, 0.7108681133164606, 0.8133907985135275, 0.7102441531788213, 0.6347905029027093], [-0.0935621536226856, 0.7758738061636092, 0.0, 0.21182704503223096, 0.4724984242741539, 0.14997520219915766, 0.18720836285680775, 0.6557097683659775, 0.4896612335751316, 0.2040597785733067, 0.008507047823598457, 0.6337752397050247, 0.66899018957855, 0.7032276783715633, 0.8155350186203071, 0.717160043441615, 0.6326809280824471], [0.05547966111056413, 0.8500775247043113, 0.0, 0.22592056144222014, 0.49664669640387094, 0.14771262382603678, 0.202382833884284, 0.6599299789446995, 0.4826609273550486, 0.21722228023680845, 0.008451478759474051, 0.6214046847398598, 0.6733812357545782, 0.7060389795534721, 0.8134322099013817, 0.7138955050287996, 0.6378334728400425], [-0.050888308750218325, 0.749336650618801, 0.0, 0.2313108232378184, 0.4754146995022677, 0.14347494465565605, 0.23552840236337644, 0.6671775182056872, 0.44803528197823494, 0.18926259641615895, 0.008284682400665488, 0.6169997980005368, 0.6719720221663043, 0.7067247208997629, 0.8102667118770014, 0.7312365786140705, 0.636788830709635], [-0.14076316891874185, 0.7453236709956187, 0.0, 0.2060629728189756, 0.464306698239302, 0.14825332275109815, 0.18708082936683965, 0.6579920359608817, 0.4787781846781545, 0.19523414260872918, 0.008618141428105908, 0.6409183404727188, 0.6864661276900831, 0.7136021780310515, 0.8115748356484858, 0.7175623486059408, 0.6294713179538911], [-0.07673683021554778, 0.8349981302030554, 0.0, 0.19912968114401267, 0.48952708336317274, 0.14880874938272298, 0.18637551998774313, 0.6566737722951621, 0.4848617772582344, 0.2150184371773316, 0.008340296057933516, 0.6277874601558842, 0.664318991048693, 0.701542163186572, 0.8099154539900529, 0.7240093593055018, 0.6309788109808239], [-0.1386635209391689, 0.7364412906145319, 0.0, 0.19955457451314557, 0.4660390819639602, 0.14402253911428192, 0.23864174269295332, 0.6650948683418936, 0.44544862893713333, 0.18720494390063447, 0.008284682400665488, 0.6332433719637285, 0.6689911661052477, 0.6958612845550264, 0.8050818612801637, 0.7056686288050986, 0.6212096110026255], [0.17354267688866898, 0.7719047512051398, 0.0, 0.22590672188339378, 0.46959115382739713, 0.14648607266810101, 0.2714450195472565, 0.6595590720607112, 0.4547795745120038, 0.19514711142995433, 0.008451478759474051, 0.6251313725529322, 0.6484450855925401, 0.6669388776044928, 0.8022683997836021, 0.735981557531917, 0.6106988330806066], [-0.12059755364255853, 0.8295951026220749, 0.0, 0.19889452379971317, 0.4889498457220314, 0.14310375179615784, 0.296981451084001, 0.6632459700451652, 0.4219059935472176, 0.20371932734503795, 0.008006390651371653, 0.6265781930894416, 0.6542930917854959, 0.6797487712552501, 0.7910518879728672, 0.7168289680518577, 0.5968914037292209]]}