{"labels_1": ["1", "2", "3", "4", "5", "6", "7", "8", "9"], "labels_2": ["1", "2", "3", "4", "5", "6", "7", "8", "9"], "adj_matrix_1": [[0.0, 0.2442, 0.01613, 0.03895, 0.25996, 0.2581, 0.30223, 0.25417, 0.29982], [0.2442, 0.0, 0.23257, 0.27049, 0.02581, 0.02255, 0.2015, 0.01594, 0.11877], [0.01613, 0.23257, 0.0, 0.05496, 0.24924, 0.24727, 0.29989, 0.2431, 0.29299], [0.03895, 0.27049, 0.05496, 0.0, 0.28398, 0.28241, 0.30607, 0.27908, 0.3144], [0.25996, 0.02581, 0.24924, 0.28398, 0.0, 0.00327, 0.18386, 0.0099, 0.09501], [0.2581, 0.02255, 0.24727, 0.28241, 0.00327, 0.0, 0.18612, 0.00663, 0.09807], [0.30223, 0.2015, 0.29989, 0.30607, 0.18386, 0.18612, 0.0, 0.19075, 0.105], [0.25417, 0.01594, 0.2431, 0.27908, 0.0099, 0.00663, 0.19075, 0.0, 0.10422], [0.29982, 0.11877, 0.29299, 0.3144, 0.09501, 0.09807, 0.105, 0.10422, 0.0]], "adj_matrix_2": [[0.0, 0.18656, 0.04231, 0.06556, 0.33019, 0.26464, 0.05605, 0.11271, 0.06764], [0.18656, 0.0, 0.14809, 0.12596, 0.17405, 0.09115, 0.13507, 0.07904, 0.12395], [0.04231, 0.14809, 0.0, 0.02347, 0.30134, 0.2307, 0.01385, 0.07154, 0.02558], [0.06556, 0.12596, 0.02347, 0.0, 0.28381, 0.21062, 0.00963, 0.04833, 0.00211], [0.33019, 0.17405, 0.30134, 0.28381, 0.0, 0.08581, 0.29105, 0.24478, 0.28219], [0.26464, 0.09115, 0.2307, 0.21062, 0.08581, 0.0, 0.21886, 0.16711, 0.20878], [0.05605, 0.13507, 0.01385, 0.00963, 0.29105, 0.21886, 0.0, 0.05787, 0.01174], [0.11271, 0.07904, 0.07154, 0.04833, 0.24478, 0.16711, 0.05787, 0.0, 0.04624], [0.06764, 0.12395, 0.02558, 0.00211, 0.28219, 0.20878, 0.01174, 0.04624, 0.0]], "features_1": [[-0.2706085864699759, 0.9075313836345159, 0.0, 0.26089726818664105, 0.5179778852368743, 0.14117675212312222, 0.15374103128697528, 0.6677834737790165, 0.4421455174297584, 0.22493880168894287, 0.007894969482732161, 0.6302376713280604, 0.6459028748261896, 0.6868969304246701, 0.7958827941747764, 0.7091446041977025, 0.6036856926316245], [0.02095361888738312, 0.9136134467419832, 0.0, 0.2276959048310309, 0.5138855184024895, 0.1450624494944302, 0.12582813370159868, 0.6621042934572958, 0.4688829572452031, 0.22825829568449185, 0.00822905385914674, 0.6132626757236861, 0.6686836231746714, 0.7115641797882889, 0.8031047806809611, 0.7250462783764037, 0.6106042624268612], [-0.18596658216573125, 0.9884507944653695, 0.0, 0.24284476113831188, 0.5330442618143324, 0.14295149012424774, 0.1358415688194768, 0.6644695296250187, 0.44601585131168564, 0.24147750350823216, 0.007783488497544067, 0.6267324224551969, 0.6510967482183144, 0.6896934533512965, 0.7981722046096503, 0.7144975540312052, 0.6086994436860352], [-0.13675310038488497, 0.887011672108194, 0.0, 0.2508059798178328, 0.5108351661946647, 0.14008775917056976, 0.11843095874323595, 0.6672087251522465, 0.43873976729873787, 0.21857541498423982, 0.008117752083540042, 0.6294752224700364, 0.6450315359285818, 0.6867311256767307, 0.7882986911014602, 0.7042627940678664, 0.5954398161974799], [0.09735083786877263, 0.9302670236539486, 0.0, 0.21341555904798115, 0.5192997461108007, 0.14206714952336952, 0.13278703926101657, 0.6651777958664274, 0.44468170551475383, 0.22660826187065908, 0.008340296057933516, 0.6067374006065549, 0.6390996629841188, 0.6653323187044329, 0.794975968726065, 0.726085121826026, 0.5995278381186878], [0.18002607983272068, 0.9896571126496233, 0.0, 0.24488229114129487, 0.5296976595435502, 0.1433060094699133, 0.10763998744175254, 0.6622637578524933, 0.4539602322617633, 0.240065379502566, 0.00822905385914674, 0.6116931717555902, 0.6548409967335592, 0.6950846789235687, 0.7944509713139987, 0.7149102312687826, 0.607110562525499], [0.7257193830273247, 0.8527554255307742, 0.0, 0.2520224662766537, 0.4988560439097097, 0.14050878739140044, 0.13469281685654763, 0.6660658011863929, 0.435668521976601, 0.20496206938606254, 0.008284682400665488, 0.6004868824504506, 0.628776812127819, 0.6656641525052607, 0.78835879980628, 0.7124248665068678, 0.5946005881316759], [0.5838623054010839, 0.9720569632013, 0.0, 0.22144830016119257, 0.5352839843854986, 0.13748144829408276, 0.1421975916871702, 0.6708031021474163, 0.41034446982639405, 0.2246137329313549, 0.007783488497544067, 0.6012440621362538, 0.6246649633461112, 0.6689575860888323, 0.7867835162812987, 0.7318892424290724, 0.5981111940450818], [0.9950610130886259, 1.008053215133994, 0.0, 0.2569225791540639, 0.5518027943476417, 0.13266055989082243, 0.18167872603634905, 0.6769132713288899, 0.3773099813471765, 0.22140601158477757, 0.007448685839370306, 0.5866753571830172, 0.6430485820864249, 0.667809890438687, 0.780007223630578, 0.7409547995435242, 0.5961895246720533]], "features_2": [[0.09355768652931928, 1.0788420232088003, 0.0, 0.2694530877462136, 0.570146770900632, 0.13200827574491728, 0.2857085881645226, 0.6803461927078351, 0.4049314068389076, 0.24210234796510477, 0.008006390651371653, 0.6272853377760508, 0.657505995096845, 0.6773751675506435, 0.7890847380442532, 0.7257164384233271, 0.5604822917569394], [-0.13334039463756486, 1.04503833171087, 0.0, 0.27470602545949413, 0.5524357252700715, 0.14180984413092254, 0.24524573469181946, 0.6707662134188905, 0.46544096119252143, 0.2514477499176917, 0.008729175733573014, 0.6493489704327655, 0.6715496256376814, 0.6870378255091802, 0.8083519440652677, 0.7275085681622566, 0.5840364355712747], [0.06070091409523526, 1.1899716750576494, 0.0, 0.2474862404627247, 0.5905236902603891, 0.13518080842304644, 0.2803680615553425, 0.6777583808444867, 0.42279993396300175, 0.2667654371512138, 0.008117752083540042, 0.6314981164194242, 0.6454664609946591, 0.6678063994230652, 0.7966535190771419, 0.7296224352927853, 0.5635583903806145], [0.04344913712659393, 1.0428632069675268, 0.0, 0.25738072182848637, 0.5589519423089597, 0.13657640109120792, 0.2536340770999551, 0.6761297418227978, 0.43211030088069546, 0.2428369772619705, 0.008062078829516484, 0.6333697453055338, 0.6595466976786086, 0.6890069499877133, 0.7962809391704899, 0.7185180258759043, 0.5667592266067277], [-0.3407294942833059, 0.9969877602246601, 0.0, 0.29336937199639634, 0.5391954024229915, 0.14665684228663298, 0.22065892455581917, 0.6654919541075439, 0.4937624599446915, 0.24930239431280699, 0.008618141428105908, 0.6563518886161166, 0.6823841488266966, 0.6955835950694744, 0.8134432250849467, 0.7164745898123943, 0.6057890030381036], [-0.1691670983014859, 1.1002701122048806, 0.0, 0.24278064185816556, 0.5656603052804882, 0.1418948896269468, 0.2288039760614012, 0.6702331773581982, 0.4555063420243146, 0.2621166428813315, 0.008284682400665488, 0.6469660231576486, 0.6630554821175831, 0.695756030973164, 0.8056235115990068, 0.7275205826573693, 0.6021010054068168], [-0.30985234088935654, 0.9452409727681761, 0.0, 0.24249349294255956, 0.5266948572651763, 0.14313244209660267, 0.2107940619262422, 0.6680815725243594, 0.4712582816648214, 0.23444669518127537, 0.008507047823598457, 0.6460205140943651, 0.6680020830642497, 0.7028090914716821, 0.8030668406076238, 0.7122555191265069, 0.5956789870749425], [-0.5538303297616727, 1.0507898697499578, 0.0, 0.27998040331877033, 0.5607228912351649, 0.13708020565822865, 0.2771545050509069, 0.6757421498788035, 0.4124692545137023, 0.24763170426392445, 0.007504523810135222, 0.6379250627868978, 0.6623162631071768, 0.7009400231140621, 0.7975326944978994, 0.7055904383654495, 0.6024471492030209], [-0.39728224193177564, 1.052805423267946, 0.0, 0.2968992137819622, 0.5580040165510455, 0.1354224597481531, 0.2334623538484486, 0.675151936040914, 0.4001462374278575, 0.24463633369644633, 0.007616154688146137, 0.6327061552184818, 0.6678436288009794, 0.687550700562624, 0.7863649184996458, 0.6989137738037495, 0.5948331680204251]]}