{"labels_1": ["1", "2", "3", "4", "5", "6", "7", "8", "9"], "labels_2": ["1", "2", "3", "4", "5", "6", "7", "8", "9"], "adj_matrix_1": [[0.0, 0.17221, 0.10288, 0.24191, 0.07618, 0.23297, 0.32049, 0.12715, 0.25761], [0.17221, 0.0, 0.26114, 0.35669, 0.09937, 0.35191, 0.3764, 0.28021, 0.36446], [0.10288, 0.26114, 0.0, 0.15491, 0.17481, 0.14407, 0.266, 0.02544, 0.17443], [0.24191, 0.35669, 0.15491, 0.0, 0.29681, 0.01214, 0.14625, 0.13173, 0.02247], [0.07618, 0.09937, 0.17481, 0.29681, 0.0, 0.28959, 0.34976, 0.19721, 0.30918], [0.23297, 0.35191, 0.14407, 0.01214, 0.28959, 0.0, 0.15671, 0.12049, 0.03455], [0.32049, 0.3764, 0.266, 0.14625, 0.34976, 0.15671, 0.0, 0.25004, 0.12625], [0.12715, 0.28021, 0.02544, 0.13173, 0.19721, 0.12049, 0.25004, 0.0, 0.15202], [0.25761, 0.36446, 0.17443, 0.02247, 0.30918, 0.03455, 0.12625, 0.15202, 0.0]], "adj_matrix_2": [[0.0, 0.32467, 0.25896, 0.31995, 0.30402, 0.27811, 0.04322, 0.16419, 0.04406], [0.32467, 0.0, 0.12295, 0.01371, 0.19941, 0.22342, 0.11922, 0.23295, 0.12065], [0.25896, 0.12295, 0.0, 0.11035, 0.26397, 0.2695, 0.08858, 0.22211, 0.0899], [0.31995, 0.01371, 0.11035, 0.0, 0.20814, 0.23016, 0.11563, 0.23279, 0.11707], [0.30402, 0.19941, 0.26397, 0.20814, 0.0, 0.04687, 0.17495, 0.17293, 0.17595], [0.27811, 0.22342, 0.2695, 0.23016, 0.04687, 0.0, 0.18055, 0.14224, 0.18131], [0.04322, 0.11922, 0.08858, 0.11563, 0.17495, 0.18055, 0.0, 0.15746, 0.00209], [0.16419, 0.23295, 0.22211, 0.23279, 0.17293, 0.14224, 0.15746, 0.0, 0.15678], [0.04406, 0.12065, 0.0899, 0.11707, 0.17595, 0.18131, 0.00209, 0.15678, 0.0]], "features_1": [[-0.3028162627596931, 0.845839642781326, 0.0, 0.22551507602274534, 0.4972308082725547, 0.14800672794433734, 0.12960191990928038, 0.6557676688023875, 0.49002370674282925, 0.21973377014740691, 0.008673665988278678, 0.6453879890584995, 0.6659932191346384, 0.6963922663155732, 0.8041265175830714, 0.7253752372910215, 0.6371540877245321], [-0.42206529105265567, 0.8598352167080201, 0.0, 0.21087661559110055, 0.49760358691294304, 0.14917520050400251, 0.10089935758032453, 0.6525533784882396, 0.49786791544341447, 0.2259148171945624, 0.00839589484089287, 0.6568317941059361, 0.6726530400430364, 0.6963232083121534, 0.8026569791771687, 0.7185566026597007, 0.6208289044268183], [-0.21512520123120416, 0.9337011149156783, 0.0, 0.22717362432996324, 0.5201260798578518, 0.14708598534867762, 0.11352613977111972, 0.6561775481857917, 0.48887600390632735, 0.23681999368445417, 0.008840150818991033, 0.6430606497781683, 0.6557651826212441, 0.6839652089232883, 0.8001748825453557, 0.7206067274991554, 0.6298573945684343], [-0.028224356397077877, 0.8478109399683541, 0.0, 0.21322463370913167, 0.4949015809413322, 0.14798357614781485, 0.08884234816056917, 0.6529185241205363, 0.4923504516934747, 0.21730760753463163, 0.00839589484089287, 0.6232602028500269, 0.6506895051209709, 0.6833845603568401, 0.7974137159650879, 0.7178159194275681, 0.6311634175148106], [-0.16858234278825002, 0.8492844157212952, 0.0, 0.22514950848005086, 0.49081203754508973, 0.15042933125342234, 0.07743995466540525, 0.6492545153052798, 0.5085032956236628, 0.22306650453835686, 0.009061923644820391, 0.6462971530742996, 0.6513701755862996, 0.6799982557144204, 0.801949084136709, 0.7326411248770852, 0.6173836192771421], [0.08691466975615958, 0.9430174258920048, 0.0, 0.20925689904420686, 0.513526337312039, 0.1503204715191308, 0.05586544041757975, 0.6476018653107125, 0.5102820290911398, 0.2392351841057001, 0.008951066763186244, 0.6298138066789587, 0.6555753383948396, 0.6729044340039668, 0.7974540999432214, 0.7106334621933346, 0.622814950791862], [-0.01770333857010087, 0.8123952047889417, 0.0, 0.20159570399003623, 0.47795588991412913, 0.14951602587254673, 0.07120250138227036, 0.647604809733368, 0.4900104760513848, 0.20996101043929838, 0.00839589484089287, 0.6237645413559403, 0.6474757439264869, 0.6739624606991033, 0.7910949414379603, 0.7233621886116675, 0.6174114052652753], [0.0327792599848733, 0.8205853563186293, 0.0, 0.24269514606703935, 0.4906308022531283, 0.14569296754540387, 0.14351224101738466, 0.6595192026275907, 0.47262150458208363, 0.20769809733053535, 0.008507047823598457, 0.6334551697704889, 0.6663758909137847, 0.7017039926099617, 0.801386630013917, 0.7287649127803244, 0.616802408910025], [0.0258515389218803, 0.8359067780241821, 0.0, 0.2601349947819376, 0.4966426758991376, 0.1435475302357661, 0.15931609969985344, 0.6618612384565579, 0.45552242199088866, 0.20866677261524869, 0.00839589484089287, 0.6284699447998934, 0.6620479318919201, 0.695654075831217, 0.7937007024243242, 0.7068405473016198, 0.6189188996321604]], "features_2": [[-0.09230837793071167, 0.7753103375858683, 0.0, 0.23013266508354954, 0.47570953073551797, 0.14974804211264836, 0.29701352509776485, 0.6601632166968353, 0.4983319144370246, 0.20147937540902383, 0.008673665988278678, 0.6437198957685082, 0.6822664476887342, 0.7048586304772299, 0.8226537392113209, 0.7314293717732635, 0.6506801030615512], [0.22936064749757268, 0.7230034033647496, 0.0, 0.23724955299905362, 0.46378111284101786, 0.15359735247366102, 0.43453707763025945, 0.6603938743295468, 0.528871365686209, 0.19304024402072706, 0.00922809839663663, 0.621514709467637, 0.6955857061312068, 0.7429949862875128, 0.8305308169808469, 0.7530714579676471, 0.6600015367317091], [-0.041343643663297236, 0.8237793193276679, 0.0, 0.23225013186060975, 0.4933975638663288, 0.15157346490289061, 0.4018785133426661, 0.6612765687067013, 0.5014885688926425, 0.21308245166584205, 0.008673665988278678, 0.6289176771957574, 0.6983180325871102, 0.7233226866857129, 0.8265025232333704, 0.7357254687850254, 0.6568430561355263], [0.23215455755026104, 0.7462813149304187, 0.0, 0.24127127775098323, 0.47034770062839737, 0.1494382897697488, 0.3441492807876493, 0.6621158846394961, 0.5037059813524434, 0.19365183919679962, 0.008784670673857464, 0.6171143354370177, 0.681382290153442, 0.715242771001316, 0.8247269514064064, 0.7292572286411003, 0.6591538330491974], [0.603541631521979, 0.6969572503391612, 0.0, 0.2422704039166247, 0.4607076550054321, 0.1517258600518818, 0.4263604213743932, 0.6642711059257695, 0.5373607579914947, 0.1845106224151296, 0.00922809839663663, 0.6082877059777507, 0.6901065254712662, 0.7169818216852938, 0.8325559314676849, 0.7537816477618503, 0.6579867598665525], [0.5707018836998201, 0.7831426110560337, 0.0, 0.2560755049573337, 0.4838622129164283, 0.1532531603063233, 0.4371611369786429, 0.660753568483754, 0.5221121708436509, 0.2048358137695958, 0.008784670673857464, 0.6069069382954522, 0.692084707971887, 0.7271579760862169, 0.8305818756543001, 0.7433290995424495, 0.6634212132253273], [1.1934293214733396, 0.692346757142702, 0.0, 0.3026850697888104, 0.4562703081117916, 0.1490569611861711, 0.38763064195056884, 0.6650616921169307, 0.5126034376073332, 0.18087055326788648, 0.008562602043175715, 0.5794770317804638, 0.6967043633004306, 0.7351704764360806, 0.8267503429773116, 0.7452801759263364, 0.657349606344837], [0.7735034037698658, 0.7573097863586259, 0.0, 0.28217943244144505, 0.48781796152193435, 0.1415479952356088, 0.4500735721086798, 0.6760869770699983, 0.4770447315932709, 0.18709143989383037, 0.008507047823598457, 0.5867831601083728, 0.6908651790490785, 0.7202704827959349, 0.8250038369496444, 0.7538920213804731, 0.6319756706600728], [1.4125349133811183, 0.7726683460818972, 0.0, 0.3226884156833392, 0.49140751646074066, 0.14017169156720816, 0.39716932178530795, 0.6760357639464214, 0.46200833356401505, 0.1875594875571429, 0.007950687539111767, 0.5713145911101796, 0.6969093893719842, 0.7154602792425612, 0.8188322690120099, 0.7505859308475773, 0.6284963043167673]]}