{"labels_1": ["1", "2", "3", "4", "5", "6", "7", "8", "9"], "labels_2": ["1", "2", "3", "4", "5", "6", "7", "8", "9"], "adj_matrix_1": [[0.0, 0.24572, 0.17666, 0.25881, 0.29224, 0.3082, 0.29316, 0.21541, 0.0763], [0.24572, 0.0, 0.11012, 0.02869, 0.1281, 0.22107, 0.13184, 0.05501, 0.20517], [0.17666, 0.11012, 0.0, 0.13634, 0.22056, 0.29049, 0.22351, 0.05713, 0.11389], [0.25881, 0.02869, 0.13634, 0.0, 0.1012, 0.19839, 0.10506, 0.08298, 0.22452], [0.29224, 0.1281, 0.22056, 0.1012, 0.0, 0.10621, 0.00405, 0.17657, 0.28059], [0.3082, 0.22107, 0.29049, 0.19839, 0.10621, 0.0, 0.10231, 0.25933, 0.31823], [0.29316, 0.13184, 0.22351, 0.10506, 0.00405, 0.10231, 0.0, 0.18002, 0.28244], [0.21541, 0.05501, 0.05713, 0.08298, 0.17657, 0.25933, 0.18002, 0.0, 0.16339], [0.0763, 0.20517, 0.11389, 0.22452, 0.28059, 0.31823, 0.28244, 0.16339, 0.0]], "adj_matrix_2": [[0.0, 0.22379, 0.02647, 0.01581, 0.2787, 0.23935, 0.11941, 0.04572, 0.04338], [0.22379, 0.0, 0.24134, 0.21244, 0.0805, 0.02158, 0.12202, 0.25286, 0.25154], [0.02647, 0.24134, 0.0, 0.04218, 0.29139, 0.25569, 0.1431, 0.0194, 0.01703], [0.01581, 0.21244, 0.04218, 0.0, 0.27011, 0.22872, 0.10477, 0.06125, 0.05893], [0.2787, 0.0805, 0.29139, 0.27011, 0.0, 0.05928, 0.19453, 0.29913, 0.29829], [0.23935, 0.02158, 0.25569, 0.22872, 0.05928, 0.0, 0.14197, 0.26615, 0.26503], [0.11941, 0.12202, 0.1431, 0.10477, 0.19453, 0.14197, 0.0, 0.15962, 0.15765], [0.04572, 0.25286, 0.0194, 0.06125, 0.29913, 0.26615, 0.15962, 0.0, 0.00237], [0.04338, 0.25154, 0.01703, 0.05893, 0.29829, 0.26503, 0.15765, 0.00237, 0.0]], "features_1": [[0.7712100113288276, 1.0886183676674335, 0.0, 0.2463136657680594, 0.5595680378007948, 0.1406450995800383, 0.1557293203757851, 0.666731483004134, 0.44983189717387906, 0.2548681061430773, 0.008673665988278678, 0.5945496885410493, 0.6253943266186986, 0.6575418704940365, 0.7906201771937234, 0.7304686817543213, 0.6035183739334481], [0.23655065533455089, 0.9990040242052034, 0.0, 0.21214965577113487, 0.540084070543842, 0.14374768004538946, 0.19325258434047116, 0.665557012437298, 0.4680615240402881, 0.2433111020225971, 0.008618141428105908, 0.6168471732097656, 0.6690002888212138, 0.7067557408281766, 0.803073291984691, 0.7479942836914574, 0.6133718699463079], [0.22846393975002366, 1.1261726562980359, 0.0, 0.23030542658322498, 0.5660706716391279, 0.1428920106936658, 0.16636232404650214, 0.6647742542848372, 0.4624306397982072, 0.2679884472721976, 0.008729175733573014, 0.6134125543276632, 0.6511979181201188, 0.6769670840531143, 0.7968014038954048, 0.728670660199663, 0.6115187687341129], [0.21394956702128587, 1.0173913822674712, 0.0, 0.2304128540407374, 0.541794100826357, 0.14381559102158042, 0.15059179692989916, 0.6630328161790406, 0.46586058247964224, 0.24697876773930227, 0.008507047823598457, 0.6203843269339933, 0.6573815690162008, 0.6930060870852846, 0.7962914715683367, 0.726105477240296, 0.6097261456010321], [0.12970534254033872, 0.9114304132763331, 0.0, 0.18606618025592142, 0.5173948855688166, 0.14758148022146164, 0.20739385434835853, 0.6615903352319458, 0.4971999213991172, 0.23020018261339836, 0.009061923644820391, 0.6387142652117395, 0.6724336953305365, 0.6845360162378656, 0.8082354484306132, 0.7323985035658792, 0.6134754500991321], [-0.19419442704221623, 1.0285650800395587, 0.0, 0.20539298615951335, 0.5391589336192604, 0.14946317109613544, 0.15184109379565455, 0.6555110954517661, 0.50061592710427, 0.25976673117825144, 0.008507047823598457, 0.6389806124679682, 0.6742996980502806, 0.6976194599283398, 0.8046777491316979, 0.7187773731934712, 0.6215890405657556], [0.036612420101590715, 0.8502217790859181, 0.0, 0.23649081971993255, 0.4988057766469639, 0.14689548099605623, 0.20223592183591704, 0.6602630648115919, 0.47357656880424814, 0.21484543990115368, 0.008117752083540042, 0.6272341652770024, 0.6637162276422642, 0.688499501391882, 0.8020735114108893, 0.7273380749593272, 0.6141172121499626], [-0.028380668403813925, 0.8620832245304426, 0.0, 0.2517551941959204, 0.50529045461579, 0.14500290608226427, 0.25110686904769963, 0.6641500660254762, 0.46960700727511795, 0.21819002297087264, 0.008340296057933516, 0.6203881701970362, 0.6697207383408303, 0.70797347332569, 0.8029374018617094, 0.7179625216442791, 0.6174693090366828], [0.04239843860850767, 0.8974386224064207, 0.0, 0.281263017172921, 0.5159162462706398, 0.14138145849960865, 0.23325409004968378, 0.6668652989382968, 0.4408572087156266, 0.2208969871731692, 0.008117752083540042, 0.6111844441352698, 0.6566824113735997, 0.6927869370314268, 0.7922721810659438, 0.695183091243439, 0.6142742314418533]], "features_2": [[0.6296991293899357, 0.9857430536338379, 0.0, 0.26502842915357855, 0.5509016341146034, 0.13391661218483494, 0.25125748823921584, 0.6776427125174173, 0.4139365950621652, 0.22471457192931132, 0.007950687539111767, 0.603965247439191, 0.6342450510888349, 0.6683142286532842, 0.7908658464134293, 0.7101208721771154, 0.6110550523894087], [0.3810574814955494, 0.9711995467121578, 0.0, 0.2726284822569858, 0.5406175710218221, 0.13740356415650895, 0.24551128912277065, 0.6735778570082385, 0.42460672334106775, 0.22734960729352416, 0.00839589484089287, 0.6196818145260408, 0.6498011917396406, 0.680369086941204, 0.798458971683625, 0.729735321499213, 0.6190561879037587], [0.5268699887422565, 1.0931443203625906, 0.0, 0.2565677362595813, 0.5733225588305122, 0.13544440551277853, 0.25909251980026865, 0.6762341472343971, 0.41770383779319586, 0.24696355869727982, 0.00839589484089287, 0.6020240537846004, 0.6453477076498157, 0.6699806087673723, 0.7946872888051713, 0.7294866341526082, 0.6145298734906863], [0.37581944021476765, 0.9942444575941654, 0.0, 0.2401794506045112, 0.5506235574798211, 0.13564661818639573, 0.21250160423220024, 0.6750601758484747, 0.4179873126174829, 0.2286968115405612, 0.008284682400665488, 0.6089270661084483, 0.6232934503558993, 0.6623954033598879, 0.7904411463324631, 0.7109147140474824, 0.610893622095544], [0.007759522567449828, 0.9515962012816501, 0.0, 0.2118208239490797, 0.5375545099863004, 0.13581397183670557, 0.24699728204843013, 0.6753225456582971, 0.40412880363369696, 0.22247475708342268, 0.007616154688146137, 0.6310184330544901, 0.6497181387580284, 0.6787603336296203, 0.7948219579647954, 0.7059476827999587, 0.6136599967901621], [0.28359641789707135, 1.0900938156655522, 0.0, 0.26018945165893637, 0.5688718227926395, 0.13719907081009025, 0.2148090680267522, 0.6729729020874935, 0.42356089309209155, 0.24992070862028992, 0.007727725548673403, 0.6183301631100746, 0.636780112237112, 0.6467305543759743, 0.7925594193878082, 0.7100677931450878, 0.6168816528826507], [0.1114007532386534, 0.9758015245562116, 0.0, 0.2492439723680222, 0.5448377467497921, 0.13580446557036058, 0.18709724972111133, 0.6739172575351186, 0.4160737801166927, 0.22660336719012975, 0.007616154688146137, 0.6165348316704851, 0.6301274225955013, 0.6608747957278083, 0.7870086316549559, 0.7118226527791994, 0.6048566921699706], [0.16670715397523406, 0.9998661454667189, 0.0, 0.24180117679048127, 0.5531421051177543, 0.1315219756404285, 0.2452339502410723, 0.6784947697063652, 0.3799128793489326, 0.22426557278644355, 0.007392832833969631, 0.6070465538194625, 0.6399242520422195, 0.6757668447138687, 0.7798144017336209, 0.7021352894403767, 0.5877763048208074], [0.44207023610943663, 1.1070382019040232, 0.0, 0.24810806801073373, 0.5779432388814028, 0.13043541824356886, 0.19171712857714454, 0.6784363261629061, 0.385972074663935, 0.24370343591182064, 0.007616154688146137, 0.6001215809265434, 0.6265350514028745, 0.6465591596886231, 0.7705085549064025, 0.696941903734487, 0.5844040154144192]]}