{"labels_1": ["1", "2", "3", "4", "5", "6", "7", "8", "9"], "labels_2": ["1", "2", "3", "4", "5", "6", "7", "8", "9"], "adj_matrix_1": [[0.0, 0.24572, 0.17666, 0.25881, 0.29224, 0.3082, 0.29316, 0.21541, 0.0763], [0.24572, 0.0, 0.11012, 0.02869, 0.1281, 0.22107, 0.13184, 0.05501, 0.20517], [0.17666, 0.11012, 0.0, 0.13634, 0.22056, 0.29049, 0.22351, 0.05713, 0.11389], [0.25881, 0.02869, 0.13634, 0.0, 0.1012, 0.19839, 0.10506, 0.08298, 0.22452], [0.29224, 0.1281, 0.22056, 0.1012, 0.0, 0.10621, 0.00405, 0.17657, 0.28059], [0.3082, 0.22107, 0.29049, 0.19839, 0.10621, 0.0, 0.10231, 0.25933, 0.31823], [0.29316, 0.13184, 0.22351, 0.10506, 0.00405, 0.10231, 0.0, 0.18002, 0.28244], [0.21541, 0.05501, 0.05713, 0.08298, 0.17657, 0.25933, 0.18002, 0.0, 0.16339], [0.0763, 0.20517, 0.11389, 0.22452, 0.28059, 0.31823, 0.28244, 0.16339, 0.0]], "adj_matrix_2": [[0.0, 0.18656, 0.04231, 0.06556, 0.33019, 0.26464, 0.05605, 0.11271, 0.06764], [0.18656, 0.0, 0.14809, 0.12596, 0.17405, 0.09115, 0.13507, 0.07904, 0.12395], [0.04231, 0.14809, 0.0, 0.02347, 0.30134, 0.2307, 0.01385, 0.07154, 0.02558], [0.06556, 0.12596, 0.02347, 0.0, 0.28381, 0.21062, 0.00963, 0.04833, 0.00211], [0.33019, 0.17405, 0.30134, 0.28381, 0.0, 0.08581, 0.29105, 0.24478, 0.28219], [0.26464, 0.09115, 0.2307, 0.21062, 0.08581, 0.0, 0.21886, 0.16711, 0.20878], [0.05605, 0.13507, 0.01385, 0.00963, 0.29105, 0.21886, 0.0, 0.05787, 0.01174], [0.11271, 0.07904, 0.07154, 0.04833, 0.24478, 0.16711, 0.05787, 0.0, 0.04624], [0.06764, 0.12395, 0.02558, 0.00211, 0.28219, 0.20878, 0.01174, 0.04624, 0.0]], "features_1": [[0.7712100113288276, 1.0886183676674335, 0.0, 0.2463136657680594, 0.5595680378007948, 0.1406450995800383, 0.1557293203757851, 0.666731483004134, 0.44983189717387906, 0.2548681061430773, 0.008673665988278678, 0.5945496885410493, 0.6253943266186986, 0.6575418704940365, 0.7906201771937234, 0.7304686817543213, 0.6035183739334481], [0.23655065533455089, 0.9990040242052034, 0.0, 0.21214965577113487, 0.540084070543842, 0.14374768004538946, 0.19325258434047116, 0.665557012437298, 0.4680615240402881, 0.2433111020225971, 0.008618141428105908, 0.6168471732097656, 0.6690002888212138, 0.7067557408281766, 0.803073291984691, 0.7479942836914574, 0.6133718699463079], [0.22846393975002366, 1.1261726562980359, 0.0, 0.23030542658322498, 0.5660706716391279, 0.1428920106936658, 0.16636232404650214, 0.6647742542848372, 0.4624306397982072, 0.2679884472721976, 0.008729175733573014, 0.6134125543276632, 0.6511979181201188, 0.6769670840531143, 0.7968014038954048, 0.728670660199663, 0.6115187687341129], [0.21394956702128587, 1.0173913822674712, 0.0, 0.2304128540407374, 0.541794100826357, 0.14381559102158042, 0.15059179692989916, 0.6630328161790406, 0.46586058247964224, 0.24697876773930227, 0.008507047823598457, 0.6203843269339933, 0.6573815690162008, 0.6930060870852846, 0.7962914715683367, 0.726105477240296, 0.6097261456010321], [0.12970534254033872, 0.9114304132763331, 0.0, 0.18606618025592142, 0.5173948855688166, 0.14758148022146164, 0.20739385434835853, 0.6615903352319458, 0.4971999213991172, 0.23020018261339836, 0.009061923644820391, 0.6387142652117395, 0.6724336953305365, 0.6845360162378656, 0.8082354484306132, 0.7323985035658792, 0.6134754500991321], [-0.19419442704221623, 1.0285650800395587, 0.0, 0.20539298615951335, 0.5391589336192604, 0.14946317109613544, 0.15184109379565455, 0.6555110954517661, 0.50061592710427, 0.25976673117825144, 0.008507047823598457, 0.6389806124679682, 0.6742996980502806, 0.6976194599283398, 0.8046777491316979, 0.7187773731934712, 0.6215890405657556], [0.036612420101590715, 0.8502217790859181, 0.0, 0.23649081971993255, 0.4988057766469639, 0.14689548099605623, 0.20223592183591704, 0.6602630648115919, 0.47357656880424814, 0.21484543990115368, 0.008117752083540042, 0.6272341652770024, 0.6637162276422642, 0.688499501391882, 0.8020735114108893, 0.7273380749593272, 0.6141172121499626], [-0.028380668403813925, 0.8620832245304426, 0.0, 0.2517551941959204, 0.50529045461579, 0.14500290608226427, 0.25110686904769963, 0.6641500660254762, 0.46960700727511795, 0.21819002297087264, 0.008340296057933516, 0.6203881701970362, 0.6697207383408303, 0.70797347332569, 0.8029374018617094, 0.7179625216442791, 0.6174693090366828], [0.04239843860850767, 0.8974386224064207, 0.0, 0.281263017172921, 0.5159162462706398, 0.14138145849960865, 0.23325409004968378, 0.6668652989382968, 0.4408572087156266, 0.2208969871731692, 0.008117752083540042, 0.6111844441352698, 0.6566824113735997, 0.6927869370314268, 0.7922721810659438, 0.695183091243439, 0.6142742314418533]], "features_2": [[0.09355768652931928, 1.0788420232088003, 0.0, 0.2694530877462136, 0.570146770900632, 0.13200827574491728, 0.2857085881645226, 0.6803461927078351, 0.4049314068389076, 0.24210234796510477, 0.008006390651371653, 0.6272853377760508, 0.657505995096845, 0.6773751675506435, 0.7890847380442532, 0.7257164384233271, 0.5604822917569394], [-0.13334039463756486, 1.04503833171087, 0.0, 0.27470602545949413, 0.5524357252700715, 0.14180984413092254, 0.24524573469181946, 0.6707662134188905, 0.46544096119252143, 0.2514477499176917, 0.008729175733573014, 0.6493489704327655, 0.6715496256376814, 0.6870378255091802, 0.8083519440652677, 0.7275085681622566, 0.5840364355712747], [0.06070091409523526, 1.1899716750576494, 0.0, 0.2474862404627247, 0.5905236902603891, 0.13518080842304644, 0.2803680615553425, 0.6777583808444867, 0.42279993396300175, 0.2667654371512138, 0.008117752083540042, 0.6314981164194242, 0.6454664609946591, 0.6678063994230652, 0.7966535190771419, 0.7296224352927853, 0.5635583903806145], [0.04344913712659393, 1.0428632069675268, 0.0, 0.25738072182848637, 0.5589519423089597, 0.13657640109120792, 0.2536340770999551, 0.6761297418227978, 0.43211030088069546, 0.2428369772619705, 0.008062078829516484, 0.6333697453055338, 0.6595466976786086, 0.6890069499877133, 0.7962809391704899, 0.7185180258759043, 0.5667592266067277], [-0.3407294942833059, 0.9969877602246601, 0.0, 0.29336937199639634, 0.5391954024229915, 0.14665684228663298, 0.22065892455581917, 0.6654919541075439, 0.4937624599446915, 0.24930239431280699, 0.008618141428105908, 0.6563518886161166, 0.6823841488266966, 0.6955835950694744, 0.8134432250849467, 0.7164745898123943, 0.6057890030381036], [-0.1691670983014859, 1.1002701122048806, 0.0, 0.24278064185816556, 0.5656603052804882, 0.1418948896269468, 0.2288039760614012, 0.6702331773581982, 0.4555063420243146, 0.2621166428813315, 0.008284682400665488, 0.6469660231576486, 0.6630554821175831, 0.695756030973164, 0.8056235115990068, 0.7275205826573693, 0.6021010054068168], [-0.30985234088935654, 0.9452409727681761, 0.0, 0.24249349294255956, 0.5266948572651763, 0.14313244209660267, 0.2107940619262422, 0.6680815725243594, 0.4712582816648214, 0.23444669518127537, 0.008507047823598457, 0.6460205140943651, 0.6680020830642497, 0.7028090914716821, 0.8030668406076238, 0.7122555191265069, 0.5956789870749425], [-0.5538303297616727, 1.0507898697499578, 0.0, 0.27998040331877033, 0.5607228912351649, 0.13708020565822865, 0.2771545050509069, 0.6757421498788035, 0.4124692545137023, 0.24763170426392445, 0.007504523810135222, 0.6379250627868978, 0.6623162631071768, 0.7009400231140621, 0.7975326944978994, 0.7055904383654495, 0.6024471492030209], [-0.39728224193177564, 1.052805423267946, 0.0, 0.2968992137819622, 0.5580040165510455, 0.1354224597481531, 0.2334623538484486, 0.675151936040914, 0.4001462374278575, 0.24463633369644633, 0.007616154688146137, 0.6327061552184818, 0.6678436288009794, 0.687550700562624, 0.7863649184996458, 0.6989137738037495, 0.5948331680204251]]}