{"labels_1": ["1", "2", "3", "4", "5", "6", "7", "8", "9"], "labels_2": ["1", "2", "3", "4", "5", "6", "7", "8", "9"], "adj_matrix_1": [[0.0, 0.24572, 0.17666, 0.25881, 0.29224, 0.3082, 0.29316, 0.21541, 0.0763], [0.24572, 0.0, 0.11012, 0.02869, 0.1281, 0.22107, 0.13184, 0.05501, 0.20517], [0.17666, 0.11012, 0.0, 0.13634, 0.22056, 0.29049, 0.22351, 0.05713, 0.11389], [0.25881, 0.02869, 0.13634, 0.0, 0.1012, 0.19839, 0.10506, 0.08298, 0.22452], [0.29224, 0.1281, 0.22056, 0.1012, 0.0, 0.10621, 0.00405, 0.17657, 0.28059], [0.3082, 0.22107, 0.29049, 0.19839, 0.10621, 0.0, 0.10231, 0.25933, 0.31823], [0.29316, 0.13184, 0.22351, 0.10506, 0.00405, 0.10231, 0.0, 0.18002, 0.28244], [0.21541, 0.05501, 0.05713, 0.08298, 0.17657, 0.25933, 0.18002, 0.0, 0.16339], [0.0763, 0.20517, 0.11389, 0.22452, 0.28059, 0.31823, 0.28244, 0.16339, 0.0]], "adj_matrix_2": [[0.0, 0.30656, 0.16923, 0.09815, 0.29593, 0.29554, 0.29904, 0.25007, 0.19022], [0.30656, 0.0, 0.3449, 0.34253, 0.18847, 0.18918, 0.17136, 0.29738, 0.33964], [0.16923, 0.3449, 0.0, 0.08336, 0.24591, 0.24533, 0.25846, 0.12902, 0.02904], [0.09815, 0.34253, 0.08336, 0.0, 0.28487, 0.28433, 0.29324, 0.19709, 0.11046], [0.29593, 0.18847, 0.24591, 0.28487, 0.0, 0.00078, 0.01931, 0.14339, 0.22723], [0.29554, 0.18918, 0.24533, 0.28433, 0.00078, 0.0, 0.02009, 0.14263, 0.2266], [0.29904, 0.17136, 0.25846, 0.29324, 0.01931, 0.02009, 0.0, 0.16073, 0.24105], [0.25007, 0.29738, 0.12902, 0.19709, 0.14339, 0.14263, 0.16073, 0.0, 0.10239], [0.19022, 0.33964, 0.02904, 0.11046, 0.22723, 0.2266, 0.24105, 0.10239, 0.0]], "features_1": [[0.7712100113288276, 1.0886183676674335, 0.0, 0.2463136657680594, 0.5595680378007948, 0.1406450995800383, 0.1557293203757851, 0.666731483004134, 0.44983189717387906, 0.2548681061430773, 0.008673665988278678, 0.5945496885410493, 0.6253943266186986, 0.6575418704940365, 0.7906201771937234, 0.7304686817543213, 0.6035183739334481], [0.23655065533455089, 0.9990040242052034, 0.0, 0.21214965577113487, 0.540084070543842, 0.14374768004538946, 0.19325258434047116, 0.665557012437298, 0.4680615240402881, 0.2433111020225971, 0.008618141428105908, 0.6168471732097656, 0.6690002888212138, 0.7067557408281766, 0.803073291984691, 0.7479942836914574, 0.6133718699463079], [0.22846393975002366, 1.1261726562980359, 0.0, 0.23030542658322498, 0.5660706716391279, 0.1428920106936658, 0.16636232404650214, 0.6647742542848372, 0.4624306397982072, 0.2679884472721976, 0.008729175733573014, 0.6134125543276632, 0.6511979181201188, 0.6769670840531143, 0.7968014038954048, 0.728670660199663, 0.6115187687341129], [0.21394956702128587, 1.0173913822674712, 0.0, 0.2304128540407374, 0.541794100826357, 0.14381559102158042, 0.15059179692989916, 0.6630328161790406, 0.46586058247964224, 0.24697876773930227, 0.008507047823598457, 0.6203843269339933, 0.6573815690162008, 0.6930060870852846, 0.7962914715683367, 0.726105477240296, 0.6097261456010321], [0.12970534254033872, 0.9114304132763331, 0.0, 0.18606618025592142, 0.5173948855688166, 0.14758148022146164, 0.20739385434835853, 0.6615903352319458, 0.4971999213991172, 0.23020018261339836, 0.009061923644820391, 0.6387142652117395, 0.6724336953305365, 0.6845360162378656, 0.8082354484306132, 0.7323985035658792, 0.6134754500991321], [-0.19419442704221623, 1.0285650800395587, 0.0, 0.20539298615951335, 0.5391589336192604, 0.14946317109613544, 0.15184109379565455, 0.6555110954517661, 0.50061592710427, 0.25976673117825144, 0.008507047823598457, 0.6389806124679682, 0.6742996980502806, 0.6976194599283398, 0.8046777491316979, 0.7187773731934712, 0.6215890405657556], [0.036612420101590715, 0.8502217790859181, 0.0, 0.23649081971993255, 0.4988057766469639, 0.14689548099605623, 0.20223592183591704, 0.6602630648115919, 0.47357656880424814, 0.21484543990115368, 0.008117752083540042, 0.6272341652770024, 0.6637162276422642, 0.688499501391882, 0.8020735114108893, 0.7273380749593272, 0.6141172121499626], [-0.028380668403813925, 0.8620832245304426, 0.0, 0.2517551941959204, 0.50529045461579, 0.14500290608226427, 0.25110686904769963, 0.6641500660254762, 0.46960700727511795, 0.21819002297087264, 0.008340296057933516, 0.6203881701970362, 0.6697207383408303, 0.70797347332569, 0.8029374018617094, 0.7179625216442791, 0.6174693090366828], [0.04239843860850767, 0.8974386224064207, 0.0, 0.281263017172921, 0.5159162462706398, 0.14138145849960865, 0.23325409004968378, 0.6668652989382968, 0.4408572087156266, 0.2208969871731692, 0.008117752083540042, 0.6111844441352698, 0.6566824113735997, 0.6927869370314268, 0.7922721810659438, 0.695183091243439, 0.6142742314418533]], "features_2": [[0.5470032211987683, 0.8568921176667575, 0.0, 0.1786214344824215, 0.5038888628279626, 0.13976407174449806, 0.2335256868063702, 0.6693577076443048, 0.4311182724887739, 0.20588136375883392, 0.008062078829516484, 0.6006930913498167, 0.6516356368389742, 0.679552251444826, 0.7962695542069821, 0.7401634334837071, 0.635409632865046], [-0.17428789622857677, 0.8271002883877695, 0.0, 0.17551234514485187, 0.49672178445234505, 0.14334522828783608, 0.2719640244454574, 0.6674709006524022, 0.4494301120381161, 0.20759346001654566, 0.007950687539111767, 0.6377617151689117, 0.6819712581691852, 0.717288093512701, 0.8107545875792769, 0.7465956629535423, 0.6349410862282452], [0.16530360830599422, 0.9193464402026394, 0.0, 0.1838822937638296, 0.518756302266821, 0.1431871627125615, 0.2622471571359398, 0.6666141159359953, 0.457304050568206, 0.2269742348516166, 0.008173410423425675, 0.6165470697288458, 0.6608577833603859, 0.6982180766882907, 0.804905469794975, 0.7332277750572537, 0.6390496625768876], [0.41293182329608547, 0.8514540651625835, 0.0, 0.1831541537576404, 0.5023486328760438, 0.14086038599812462, 0.26024803135074065, 0.6678555739352142, 0.43373201281681917, 0.20515543851802565, 0.00839589484089287, 0.6072720155358151, 0.6513614582733511, 0.6750170668762716, 0.7942613608549297, 0.7207484570239769, 0.6312721617633386], [-0.21475035391205655, 0.7694210044816518, 0.0, 0.18268181922133717, 0.48063975771785705, 0.1446436155005277, 0.2946431868959813, 0.6669962818574318, 0.46126008102197824, 0.1969711997509671, 0.008173410423425675, 0.6363382833969555, 0.6661378201855485, 0.7061023979302945, 0.8139434537531939, 0.7228129716504056, 0.6350117308087776], [-0.12668034142385798, 0.9508596025056665, 0.0, 0.1878841123841137, 0.5232147916986074, 0.14485300954996494, 0.23573972648985944, 0.6628822748781463, 0.46262500101336346, 0.2370884323964273, 0.008062078829516484, 0.6336923258538061, 0.6608362013287438, 0.7059055553214573, 0.8026679391068956, 0.7154321901343268, 0.6321739454732542], [-0.04388674034725515, 0.8146065645036306, 0.0, 0.1868712862182013, 0.4917474347287719, 0.14059230141329176, 0.2973571898639896, 0.6683869560115636, 0.428209884225619, 0.19991645827645654, 0.008507047823598457, 0.6232461570117931, 0.6684816495125642, 0.6927926586290509, 0.7935265667137784, 0.721134059317714, 0.6187641979198995], [0.03300307805922342, 0.8210902860448974, 0.0, 0.21714008597427858, 0.4939361926896195, 0.1422551151120106, 0.2688608014807528, 0.6672581213769735, 0.44338951501388846, 0.20365815792111142, 0.00839589484089287, 0.6217566439301643, 0.6556561864774763, 0.6939196796327375, 0.801635780728573, 0.7204478785155392, 0.6233566462348189], [0.4237126876907982, 0.9017461628153136, 0.0, 0.23081896171714125, 0.5180468433994114, 0.13706131577315775, 0.28747448032223916, 0.6722215727245247, 0.4199655117407963, 0.21171054889210628, 0.008618141428105908, 0.6094938700885999, 0.6519618405564476, 0.6770223884283171, 0.784716133493515, 0.7168179335554687, 0.5984991668188692]]}