{"labels_1": ["1", "2", "3", "4", "5", "6", "7", "8", "9"], "labels_2": ["1", "2", "3", "4", "5", "6", "7", "8", "9"], "adj_matrix_1": [[0.0, 0.2442, 0.01613, 0.03895, 0.25996, 0.2581, 0.30223, 0.25417, 0.29982], [0.2442, 0.0, 0.23257, 0.27049, 0.02581, 0.02255, 0.2015, 0.01594, 0.11877], [0.01613, 0.23257, 0.0, 0.05496, 0.24924, 0.24727, 0.29989, 0.2431, 0.29299], [0.03895, 0.27049, 0.05496, 0.0, 0.28398, 0.28241, 0.30607, 0.27908, 0.3144], [0.25996, 0.02581, 0.24924, 0.28398, 0.0, 0.00327, 0.18386, 0.0099, 0.09501], [0.2581, 0.02255, 0.24727, 0.28241, 0.00327, 0.0, 0.18612, 0.00663, 0.09807], [0.30223, 0.2015, 0.29989, 0.30607, 0.18386, 0.18612, 0.0, 0.19075, 0.105], [0.25417, 0.01594, 0.2431, 0.27908, 0.0099, 0.00663, 0.19075, 0.0, 0.10422], [0.29982, 0.11877, 0.29299, 0.3144, 0.09501, 0.09807, 0.105, 0.10422, 0.0]], "adj_matrix_2": [[0.0, 0.35169, 0.0535, 0.03111, 0.36575, 0.19203, 0.23443, 0.31995, 0.23533], [0.35169, 0.0, 0.36311, 0.34071, 0.03092, 0.23133, 0.18537, 0.0611, 0.1843], [0.0535, 0.36311, 0.0, 0.0838, 0.37352, 0.232, 0.26861, 0.33872, 0.26939], [0.03111, 0.34071, 0.0838, 0.0, 0.35682, 0.16602, 0.21126, 0.3049, 0.21223], [0.36575, 0.03092, 0.37352, 0.35682, 0.0, 0.25696, 0.213, 0.09162, 0.21197], [0.19203, 0.23133, 0.232, 0.16602, 0.25696, 0.0, 0.05339, 0.17773, 0.0546], [0.23443, 0.18537, 0.26861, 0.21126, 0.213, 0.05339, 0.0, 0.12834, 0.00123], [0.31995, 0.0611, 0.33872, 0.3049, 0.09162, 0.17773, 0.12834, 0.0, 0.1272], [0.23533, 0.1843, 0.26939, 0.21223, 0.21197, 0.0546, 0.00123, 0.1272, 0.0]], "features_1": [[-0.2706085864699759, 0.9075313836345159, 0.0, 0.26089726818664105, 0.5179778852368743, 0.14117675212312222, 0.15374103128697528, 0.6677834737790165, 0.4421455174297584, 0.22493880168894287, 0.007894969482732161, 0.6302376713280604, 0.6459028748261896, 0.6868969304246701, 0.7958827941747764, 0.7091446041977025, 0.6036856926316245], [0.02095361888738312, 0.9136134467419832, 0.0, 0.2276959048310309, 0.5138855184024895, 0.1450624494944302, 0.12582813370159868, 0.6621042934572958, 0.4688829572452031, 0.22825829568449185, 0.00822905385914674, 0.6132626757236861, 0.6686836231746714, 0.7115641797882889, 0.8031047806809611, 0.7250462783764037, 0.6106042624268612], [-0.18596658216573125, 0.9884507944653695, 0.0, 0.24284476113831188, 0.5330442618143324, 0.14295149012424774, 0.1358415688194768, 0.6644695296250187, 0.44601585131168564, 0.24147750350823216, 0.007783488497544067, 0.6267324224551969, 0.6510967482183144, 0.6896934533512965, 0.7981722046096503, 0.7144975540312052, 0.6086994436860352], [-0.13675310038488497, 0.887011672108194, 0.0, 0.2508059798178328, 0.5108351661946647, 0.14008775917056976, 0.11843095874323595, 0.6672087251522465, 0.43873976729873787, 0.21857541498423982, 0.008117752083540042, 0.6294752224700364, 0.6450315359285818, 0.6867311256767307, 0.7882986911014602, 0.7042627940678664, 0.5954398161974799], [0.09735083786877263, 0.9302670236539486, 0.0, 0.21341555904798115, 0.5192997461108007, 0.14206714952336952, 0.13278703926101657, 0.6651777958664274, 0.44468170551475383, 0.22660826187065908, 0.008340296057933516, 0.6067374006065549, 0.6390996629841188, 0.6653323187044329, 0.794975968726065, 0.726085121826026, 0.5995278381186878], [0.18002607983272068, 0.9896571126496233, 0.0, 0.24488229114129487, 0.5296976595435502, 0.1433060094699133, 0.10763998744175254, 0.6622637578524933, 0.4539602322617633, 0.240065379502566, 0.00822905385914674, 0.6116931717555902, 0.6548409967335592, 0.6950846789235687, 0.7944509713139987, 0.7149102312687826, 0.607110562525499], [0.7257193830273247, 0.8527554255307742, 0.0, 0.2520224662766537, 0.4988560439097097, 0.14050878739140044, 0.13469281685654763, 0.6660658011863929, 0.435668521976601, 0.20496206938606254, 0.008284682400665488, 0.6004868824504506, 0.628776812127819, 0.6656641525052607, 0.78835879980628, 0.7124248665068678, 0.5946005881316759], [0.5838623054010839, 0.9720569632013, 0.0, 0.22144830016119257, 0.5352839843854986, 0.13748144829408276, 0.1421975916871702, 0.6708031021474163, 0.41034446982639405, 0.2246137329313549, 0.007783488497544067, 0.6012440621362538, 0.6246649633461112, 0.6689575860888323, 0.7867835162812987, 0.7318892424290724, 0.5981111940450818], [0.9950610130886259, 1.008053215133994, 0.0, 0.2569225791540639, 0.5518027943476417, 0.13266055989082243, 0.18167872603634905, 0.6769132713288899, 0.3773099813471765, 0.22140601158477757, 0.007448685839370306, 0.5866753571830172, 0.6430485820864249, 0.667809890438687, 0.780007223630578, 0.7409547995435242, 0.5961895246720533]], "features_2": [[0.16193786521849907, 0.79774454785602, 0.0, 0.2337729004474758, 0.4910613010153262, 0.14612652466603265, 0.22574587920150863, 0.6644857175564557, 0.47599738939833247, 0.20242209707510073, 0.008117752083540042, 0.6124047731026221, 0.6752656865229608, 0.704847367214316, 0.8151770112697763, 0.7439989639700463, 0.6362687113571572], [-0.20704087419789508, 0.765530503817712, 0.0, 0.2193884959504696, 0.47231373134934196, 0.15299745813721513, 0.19665326847905717, 0.6556348188418657, 0.519189274471396, 0.20492997192504392, 0.008562602043175715, 0.6500258419013982, 0.6989858619759363, 0.7285666418420645, 0.8273358423412539, 0.7492464880575467, 0.6386460735137685], [0.20480555733087558, 0.8606601745401415, 0.0, 0.23539364947485555, 0.5079704348907241, 0.14628262103304157, 0.2508716615542184, 0.665206165102912, 0.4777724506471017, 0.2153567722224481, 0.008117752083540042, 0.611553416461692, 0.691551277115954, 0.7208553227559388, 0.8193232551480502, 0.7460656032371503, 0.6409538624537607], [0.17817230863338018, 0.7780765632361399, 0.0, 0.24390203989773798, 0.48659720444672416, 0.1449692861123978, 0.24193813515692994, 0.6659232104532333, 0.47138330058041134, 0.19570317198013654, 0.008117752083540042, 0.6142738943596786, 0.6632101420873651, 0.6961046434260639, 0.813832593994287, 0.7180875827299239, 0.638618121094779], [-0.33991096645131424, 0.7963381324455401, 0.0, 0.18751742077884803, 0.4908311402483736, 0.14680241197204205, 0.26012532533828503, 0.6661238061493078, 0.4703898879751929, 0.20367920319574417, 0.00822905385914674, 0.6457044253733581, 0.6912651424461324, 0.7239141286559427, 0.8206780703919251, 0.7367563612293079, 0.6222209558631799], [0.14846407942336004, 0.8438099453355399, 0.0, 0.23690241870647397, 0.5011122349525471, 0.14928065908991298, 0.239245446375854, 0.6617010953455915, 0.5133496847557908, 0.215404311099197, 0.009006502581913711, 0.6282728147901504, 0.679000627677926, 0.7037811131435875, 0.8229426733045743, 0.751700669464997, 0.6367835678870424], [-0.16511886458455471, 0.7014323468589327, 0.0, 0.2290615492482966, 0.4570189846631125, 0.14841554306521637, 0.23474688907149144, 0.6615937970990271, 0.49212627038976153, 0.18316984918670554, 0.008006390651371653, 0.637426195859248, 0.6859289289221877, 0.7161019788529694, 0.819378410041892, 0.727103467069783, 0.6414407329426818], [-0.11770581887280196, 0.8205707159367512, 0.0, 0.23329333025325447, 0.505460481552037, 0.13819825553427148, 0.3533089663140558, 0.6771653843253198, 0.42935928520499167, 0.1990081439410607, 0.007671947615560004, 0.636580083158738, 0.6922527498954404, 0.721709245862462, 0.8111439710749884, 0.736585370904361, 0.6032472398113518], [-0.12053051056780761, 0.792964697439494, 0.0, 0.23076468105502446, 0.4901762562560581, 0.14107157021809763, 0.26691091433071606, 0.6714411590534582, 0.44881083611407124, 0.1961202864139171, 0.007783488497544067, 0.633735469729692, 0.6688879377981948, 0.6999633504476159, 0.8086260689319617, 0.7293541634001297, 0.6324488099893608]]}