{"labels_1": ["1", "2", "3", "4", "5", "6", "7", "8", "9"], "labels_2": ["1", "2", "3", "4", "5", "6", "7", "8", "9"], "adj_matrix_1": [[0.0, 0.23896, 0.04803, 0.00107, 0.2745, 0.22021, 0.27199, 0.29777, 0.29898], [0.23896, 0.0, 0.21651, 0.23933, 0.09281, 0.03597, 0.08448, 0.22152, 0.25471], [0.04803, 0.21651, 0.0, 0.04907, 0.26565, 0.19263, 0.26188, 0.30816, 0.31431], [0.00107, 0.23933, 0.04907, 0.0, 0.27458, 0.22069, 0.27211, 0.29743, 0.29853], [0.2745, 0.09281, 0.26565, 0.27458, 0.0, 0.12643, 0.00867, 0.14302, 0.18292], [0.22021, 0.03597, 0.19263, 0.22069, 0.12643, 0.0, 0.11844, 0.24658, 0.27648], [0.27199, 0.08448, 0.26188, 0.27211, 0.00867, 0.11844, 0.0, 0.15086, 0.19027], [0.29777, 0.22152, 0.30816, 0.29743, 0.14302, 0.24658, 0.15086, 0.0, 0.04444], [0.29898, 0.25471, 0.31431, 0.29853, 0.18292, 0.27648, 0.19027, 0.04444, 0.0]], "adj_matrix_2": [[0.0, 0.18656, 0.04231, 0.06556, 0.33019, 0.26464, 0.05605, 0.11271, 0.06764], [0.18656, 0.0, 0.14809, 0.12596, 0.17405, 0.09115, 0.13507, 0.07904, 0.12395], [0.04231, 0.14809, 0.0, 0.02347, 0.30134, 0.2307, 0.01385, 0.07154, 0.02558], [0.06556, 0.12596, 0.02347, 0.0, 0.28381, 0.21062, 0.00963, 0.04833, 0.00211], [0.33019, 0.17405, 0.30134, 0.28381, 0.0, 0.08581, 0.29105, 0.24478, 0.28219], [0.26464, 0.09115, 0.2307, 0.21062, 0.08581, 0.0, 0.21886, 0.16711, 0.20878], [0.05605, 0.13507, 0.01385, 0.00963, 0.29105, 0.21886, 0.0, 0.05787, 0.01174], [0.11271, 0.07904, 0.07154, 0.04833, 0.24478, 0.16711, 0.05787, 0.0, 0.04624], [0.06764, 0.12395, 0.02558, 0.00211, 0.28219, 0.20878, 0.01174, 0.04624, 0.0]], "features_1": [[0.7751768585110432, 1.025090526337599, 0.0, 0.21295609505998492, 0.5477918818764077, 0.13263931939362142, 0.29723560041020247, 0.6763450550883751, 0.4255501406312556, 0.2315642334184489, 0.007616154688146137, 0.5853912143544395, 0.646420360617858, 0.6759387678503235, 0.7892457991160178, 0.7069279961608081, 0.6139704541457552], [0.1968615647113916, 0.9630850624190647, 0.0, 0.22888727107975973, 0.5351584690620281, 0.13738825250051578, 0.342777290931334, 0.6745121866711794, 0.43914225004400054, 0.22660415368072373, 0.007894969482732161, 0.6135039060246006, 0.6507908905218249, 0.6872191650651134, 0.8057051800420235, 0.7399285192743614, 0.6177521765950466], [0.7965328873029094, 1.1332792409241508, 0.0, 0.18750696019313415, 0.5713225830507698, 0.13373644162761272, 0.3008541624002568, 0.6757352562547322, 0.4326478602345263, 0.2535405690994146, 0.008062078829516484, 0.5873373554387129, 0.6393571101110134, 0.6853232746250879, 0.7928740093536837, 0.7143224488708644, 0.6134973512333295], [0.8830902396627152, 0.988314099417517, 0.0, 0.2031428563790883, 0.537749487677657, 0.1338022513367523, 0.27428152842113107, 0.6744202050747445, 0.4360905811447664, 0.22526254590264672, 0.007950687539111767, 0.5854352431654211, 0.6356330097155168, 0.6703626387067437, 0.7884290488995133, 0.7015285568060724, 0.6126670651403721], [-0.2278789764495066, 0.8252290169133809, 0.0, 0.21473240415281422, 0.4992227913017433, 0.1420130669317662, 0.3347500869880484, 0.6707460189068118, 0.4519975908625762, 0.2056313022199452, 0.008006390651371653, 0.6287177890364357, 0.6786764832208741, 0.7243671979211594, 0.8125755442144629, 0.7295135418415158, 0.6125309041287953], [0.23086176188706098, 0.9948967208360876, 0.0, 0.19712725348365492, 0.5417300255800418, 0.13772005126686257, 0.29884179661782256, 0.672700940812774, 0.4397251154608357, 0.2344278399748203, 0.007894969482732161, 0.606522595032922, 0.6664159954583367, 0.7052245377344883, 0.8027343367034279, 0.7242164507499709, 0.6221688247843323], [-0.0913916162934365, 0.8068635137146032, 0.0, 0.21725587927879442, 0.4925958075449941, 0.14131129412555615, 0.24846649303904086, 0.6693144270066336, 0.44155213609571353, 0.19841933935309286, 0.007727725548673403, 0.6284246128965227, 0.6824271256469402, 0.7080237244058067, 0.8054381192128518, 0.7309492994521459, 0.6222466894522586], [-0.13753958274739775, 0.8066241256804645, 0.0, 0.24614062005011605, 0.5045113208248599, 0.13331823560009062, 0.3456251100197818, 0.680052902596916, 0.3832013079796075, 0.19031578308485186, 0.007727725548673403, 0.6209949229353011, 0.671567357077405, 0.7011536284536866, 0.7992665056595595, 0.7296566161763325, 0.5943526020168667], [-0.23624595922831393, 0.8297043161710413, 0.0, 0.23956012299723523, 0.5111427862911259, 0.13219254176197207, 0.31760131659275004, 0.6799264223594428, 0.373554016000325, 0.1926982630870233, 0.007504523810135222, 0.620981829879689, 0.6703048484839013, 0.6824690225043814, 0.7897896014642866, 0.7040103708660579, 0.5960039400781252]], "features_2": [[0.09355768652931928, 1.0788420232088003, 0.0, 0.2694530877462136, 0.570146770900632, 0.13200827574491728, 0.2857085881645226, 0.6803461927078351, 0.4049314068389076, 0.24210234796510477, 0.008006390651371653, 0.6272853377760508, 0.657505995096845, 0.6773751675506435, 0.7890847380442532, 0.7257164384233271, 0.5604822917569394], [-0.13334039463756486, 1.04503833171087, 0.0, 0.27470602545949413, 0.5524357252700715, 0.14180984413092254, 0.24524573469181946, 0.6707662134188905, 0.46544096119252143, 0.2514477499176917, 0.008729175733573014, 0.6493489704327655, 0.6715496256376814, 0.6870378255091802, 0.8083519440652677, 0.7275085681622566, 0.5840364355712747], [0.06070091409523526, 1.1899716750576494, 0.0, 0.2474862404627247, 0.5905236902603891, 0.13518080842304644, 0.2803680615553425, 0.6777583808444867, 0.42279993396300175, 0.2667654371512138, 0.008117752083540042, 0.6314981164194242, 0.6454664609946591, 0.6678063994230652, 0.7966535190771419, 0.7296224352927853, 0.5635583903806145], [0.04344913712659393, 1.0428632069675268, 0.0, 0.25738072182848637, 0.5589519423089597, 0.13657640109120792, 0.2536340770999551, 0.6761297418227978, 0.43211030088069546, 0.2428369772619705, 0.008062078829516484, 0.6333697453055338, 0.6595466976786086, 0.6890069499877133, 0.7962809391704899, 0.7185180258759043, 0.5667592266067277], [-0.3407294942833059, 0.9969877602246601, 0.0, 0.29336937199639634, 0.5391954024229915, 0.14665684228663298, 0.22065892455581917, 0.6654919541075439, 0.4937624599446915, 0.24930239431280699, 0.008618141428105908, 0.6563518886161166, 0.6823841488266966, 0.6955835950694744, 0.8134432250849467, 0.7164745898123943, 0.6057890030381036], [-0.1691670983014859, 1.1002701122048806, 0.0, 0.24278064185816556, 0.5656603052804882, 0.1418948896269468, 0.2288039760614012, 0.6702331773581982, 0.4555063420243146, 0.2621166428813315, 0.008284682400665488, 0.6469660231576486, 0.6630554821175831, 0.695756030973164, 0.8056235115990068, 0.7275205826573693, 0.6021010054068168], [-0.30985234088935654, 0.9452409727681761, 0.0, 0.24249349294255956, 0.5266948572651763, 0.14313244209660267, 0.2107940619262422, 0.6680815725243594, 0.4712582816648214, 0.23444669518127537, 0.008507047823598457, 0.6460205140943651, 0.6680020830642497, 0.7028090914716821, 0.8030668406076238, 0.7122555191265069, 0.5956789870749425], [-0.5538303297616727, 1.0507898697499578, 0.0, 0.27998040331877033, 0.5607228912351649, 0.13708020565822865, 0.2771545050509069, 0.6757421498788035, 0.4124692545137023, 0.24763170426392445, 0.007504523810135222, 0.6379250627868978, 0.6623162631071768, 0.7009400231140621, 0.7975326944978994, 0.7055904383654495, 0.6024471492030209], [-0.39728224193177564, 1.052805423267946, 0.0, 0.2968992137819622, 0.5580040165510455, 0.1354224597481531, 0.2334623538484486, 0.675151936040914, 0.4001462374278575, 0.24463633369644633, 0.007616154688146137, 0.6327061552184818, 0.6678436288009794, 0.687550700562624, 0.7863649184996458, 0.6989137738037495, 0.5948331680204251]]}