{"labels_1": ["1", "2", "3", "4", "5", "6", "7", "8", "9"], "labels_2": ["1", "2", "3", "4", "5", "6", "7", "8", "9"], "adj_matrix_1": [[0.0, 0.2442, 0.01613, 0.03895, 0.25996, 0.2581, 0.30223, 0.25417, 0.29982], [0.2442, 0.0, 0.23257, 0.27049, 0.02581, 0.02255, 0.2015, 0.01594, 0.11877], [0.01613, 0.23257, 0.0, 0.05496, 0.24924, 0.24727, 0.29989, 0.2431, 0.29299], [0.03895, 0.27049, 0.05496, 0.0, 0.28398, 0.28241, 0.30607, 0.27908, 0.3144], [0.25996, 0.02581, 0.24924, 0.28398, 0.0, 0.00327, 0.18386, 0.0099, 0.09501], [0.2581, 0.02255, 0.24727, 0.28241, 0.00327, 0.0, 0.18612, 0.00663, 0.09807], [0.30223, 0.2015, 0.29989, 0.30607, 0.18386, 0.18612, 0.0, 0.19075, 0.105], [0.25417, 0.01594, 0.2431, 0.27908, 0.0099, 0.00663, 0.19075, 0.0, 0.10422], [0.29982, 0.11877, 0.29299, 0.3144, 0.09501, 0.09807, 0.105, 0.10422, 0.0]], "adj_matrix_2": [[0.0, 0.30656, 0.16923, 0.09815, 0.29593, 0.29554, 0.29904, 0.25007, 0.19022], [0.30656, 0.0, 0.3449, 0.34253, 0.18847, 0.18918, 0.17136, 0.29738, 0.33964], [0.16923, 0.3449, 0.0, 0.08336, 0.24591, 0.24533, 0.25846, 0.12902, 0.02904], [0.09815, 0.34253, 0.08336, 0.0, 0.28487, 0.28433, 0.29324, 0.19709, 0.11046], [0.29593, 0.18847, 0.24591, 0.28487, 0.0, 0.00078, 0.01931, 0.14339, 0.22723], [0.29554, 0.18918, 0.24533, 0.28433, 0.00078, 0.0, 0.02009, 0.14263, 0.2266], [0.29904, 0.17136, 0.25846, 0.29324, 0.01931, 0.02009, 0.0, 0.16073, 0.24105], [0.25007, 0.29738, 0.12902, 0.19709, 0.14339, 0.14263, 0.16073, 0.0, 0.10239], [0.19022, 0.33964, 0.02904, 0.11046, 0.22723, 0.2266, 0.24105, 0.10239, 0.0]], "features_1": [[-0.2706085864699759, 0.9075313836345159, 0.0, 0.26089726818664105, 0.5179778852368743, 0.14117675212312222, 0.15374103128697528, 0.6677834737790165, 0.4421455174297584, 0.22493880168894287, 0.007894969482732161, 0.6302376713280604, 0.6459028748261896, 0.6868969304246701, 0.7958827941747764, 0.7091446041977025, 0.6036856926316245], [0.02095361888738312, 0.9136134467419832, 0.0, 0.2276959048310309, 0.5138855184024895, 0.1450624494944302, 0.12582813370159868, 0.6621042934572958, 0.4688829572452031, 0.22825829568449185, 0.00822905385914674, 0.6132626757236861, 0.6686836231746714, 0.7115641797882889, 0.8031047806809611, 0.7250462783764037, 0.6106042624268612], [-0.18596658216573125, 0.9884507944653695, 0.0, 0.24284476113831188, 0.5330442618143324, 0.14295149012424774, 0.1358415688194768, 0.6644695296250187, 0.44601585131168564, 0.24147750350823216, 0.007783488497544067, 0.6267324224551969, 0.6510967482183144, 0.6896934533512965, 0.7981722046096503, 0.7144975540312052, 0.6086994436860352], [-0.13675310038488497, 0.887011672108194, 0.0, 0.2508059798178328, 0.5108351661946647, 0.14008775917056976, 0.11843095874323595, 0.6672087251522465, 0.43873976729873787, 0.21857541498423982, 0.008117752083540042, 0.6294752224700364, 0.6450315359285818, 0.6867311256767307, 0.7882986911014602, 0.7042627940678664, 0.5954398161974799], [0.09735083786877263, 0.9302670236539486, 0.0, 0.21341555904798115, 0.5192997461108007, 0.14206714952336952, 0.13278703926101657, 0.6651777958664274, 0.44468170551475383, 0.22660826187065908, 0.008340296057933516, 0.6067374006065549, 0.6390996629841188, 0.6653323187044329, 0.794975968726065, 0.726085121826026, 0.5995278381186878], [0.18002607983272068, 0.9896571126496233, 0.0, 0.24488229114129487, 0.5296976595435502, 0.1433060094699133, 0.10763998744175254, 0.6622637578524933, 0.4539602322617633, 0.240065379502566, 0.00822905385914674, 0.6116931717555902, 0.6548409967335592, 0.6950846789235687, 0.7944509713139987, 0.7149102312687826, 0.607110562525499], [0.7257193830273247, 0.8527554255307742, 0.0, 0.2520224662766537, 0.4988560439097097, 0.14050878739140044, 0.13469281685654763, 0.6660658011863929, 0.435668521976601, 0.20496206938606254, 0.008284682400665488, 0.6004868824504506, 0.628776812127819, 0.6656641525052607, 0.78835879980628, 0.7124248665068678, 0.5946005881316759], [0.5838623054010839, 0.9720569632013, 0.0, 0.22144830016119257, 0.5352839843854986, 0.13748144829408276, 0.1421975916871702, 0.6708031021474163, 0.41034446982639405, 0.2246137329313549, 0.007783488497544067, 0.6012440621362538, 0.6246649633461112, 0.6689575860888323, 0.7867835162812987, 0.7318892424290724, 0.5981111940450818], [0.9950610130886259, 1.008053215133994, 0.0, 0.2569225791540639, 0.5518027943476417, 0.13266055989082243, 0.18167872603634905, 0.6769132713288899, 0.3773099813471765, 0.22140601158477757, 0.007448685839370306, 0.5866753571830172, 0.6430485820864249, 0.667809890438687, 0.780007223630578, 0.7409547995435242, 0.5961895246720533]], "features_2": [[0.5470032211987683, 0.8568921176667575, 0.0, 0.1786214344824215, 0.5038888628279626, 0.13976407174449806, 0.2335256868063702, 0.6693577076443048, 0.4311182724887739, 0.20588136375883392, 0.008062078829516484, 0.6006930913498167, 0.6516356368389742, 0.679552251444826, 0.7962695542069821, 0.7401634334837071, 0.635409632865046], [-0.17428789622857677, 0.8271002883877695, 0.0, 0.17551234514485187, 0.49672178445234505, 0.14334522828783608, 0.2719640244454574, 0.6674709006524022, 0.4494301120381161, 0.20759346001654566, 0.007950687539111767, 0.6377617151689117, 0.6819712581691852, 0.717288093512701, 0.8107545875792769, 0.7465956629535423, 0.6349410862282452], [0.16530360830599422, 0.9193464402026394, 0.0, 0.1838822937638296, 0.518756302266821, 0.1431871627125615, 0.2622471571359398, 0.6666141159359953, 0.457304050568206, 0.2269742348516166, 0.008173410423425675, 0.6165470697288458, 0.6608577833603859, 0.6982180766882907, 0.804905469794975, 0.7332277750572537, 0.6390496625768876], [0.41293182329608547, 0.8514540651625835, 0.0, 0.1831541537576404, 0.5023486328760438, 0.14086038599812462, 0.26024803135074065, 0.6678555739352142, 0.43373201281681917, 0.20515543851802565, 0.00839589484089287, 0.6072720155358151, 0.6513614582733511, 0.6750170668762716, 0.7942613608549297, 0.7207484570239769, 0.6312721617633386], [-0.21475035391205655, 0.7694210044816518, 0.0, 0.18268181922133717, 0.48063975771785705, 0.1446436155005277, 0.2946431868959813, 0.6669962818574318, 0.46126008102197824, 0.1969711997509671, 0.008173410423425675, 0.6363382833969555, 0.6661378201855485, 0.7061023979302945, 0.8139434537531939, 0.7228129716504056, 0.6350117308087776], [-0.12668034142385798, 0.9508596025056665, 0.0, 0.1878841123841137, 0.5232147916986074, 0.14485300954996494, 0.23573972648985944, 0.6628822748781463, 0.46262500101336346, 0.2370884323964273, 0.008062078829516484, 0.6336923258538061, 0.6608362013287438, 0.7059055553214573, 0.8026679391068956, 0.7154321901343268, 0.6321739454732542], [-0.04388674034725515, 0.8146065645036306, 0.0, 0.1868712862182013, 0.4917474347287719, 0.14059230141329176, 0.2973571898639896, 0.6683869560115636, 0.428209884225619, 0.19991645827645654, 0.008507047823598457, 0.6232461570117931, 0.6684816495125642, 0.6927926586290509, 0.7935265667137784, 0.721134059317714, 0.6187641979198995], [0.03300307805922342, 0.8210902860448974, 0.0, 0.21714008597427858, 0.4939361926896195, 0.1422551151120106, 0.2688608014807528, 0.6672581213769735, 0.44338951501388846, 0.20365815792111142, 0.00839589484089287, 0.6217566439301643, 0.6556561864774763, 0.6939196796327375, 0.801635780728573, 0.7204478785155392, 0.6233566462348189], [0.4237126876907982, 0.9017461628153136, 0.0, 0.23081896171714125, 0.5180468433994114, 0.13706131577315775, 0.28747448032223916, 0.6722215727245247, 0.4199655117407963, 0.21171054889210628, 0.008618141428105908, 0.6094938700885999, 0.6519618405564476, 0.6770223884283171, 0.784716133493515, 0.7168179335554687, 0.5984991668188692]]}