{"labels_1": ["1", "2", "3", "4", "5", "6", "7", "8", "9"], "labels_2": ["1", "2", "3", "4", "5", "6", "7", "8", "9"], "adj_matrix_1": [[0.0, 0.2442, 0.01613, 0.03895, 0.25996, 0.2581, 0.30223, 0.25417, 0.29982], [0.2442, 0.0, 0.23257, 0.27049, 0.02581, 0.02255, 0.2015, 0.01594, 0.11877], [0.01613, 0.23257, 0.0, 0.05496, 0.24924, 0.24727, 0.29989, 0.2431, 0.29299], [0.03895, 0.27049, 0.05496, 0.0, 0.28398, 0.28241, 0.30607, 0.27908, 0.3144], [0.25996, 0.02581, 0.24924, 0.28398, 0.0, 0.00327, 0.18386, 0.0099, 0.09501], [0.2581, 0.02255, 0.24727, 0.28241, 0.00327, 0.0, 0.18612, 0.00663, 0.09807], [0.30223, 0.2015, 0.29989, 0.30607, 0.18386, 0.18612, 0.0, 0.19075, 0.105], [0.25417, 0.01594, 0.2431, 0.27908, 0.0099, 0.00663, 0.19075, 0.0, 0.10422], [0.29982, 0.11877, 0.29299, 0.3144, 0.09501, 0.09807, 0.105, 0.10422, 0.0]], "adj_matrix_2": [[0.0, 0.08158, 0.11015, 0.12458, 0.15785, 0.014, 0.16795, 0.23575, 0.17328], [0.08158, 0.0, 0.16898, 0.17767, 0.08964, 0.06853, 0.19484, 0.2051, 0.10992], [0.11015, 0.16898, 0.0, 0.01856, 0.20873, 0.12142, 0.08945, 0.2256, 0.21457], [0.12458, 0.17767, 0.01856, 0.0, 0.21062, 0.13497, 0.07308, 0.21853, 0.21484], [0.15785, 0.08964, 0.20873, 0.21062, 0.0, 0.14791, 0.20098, 0.14084, 0.02241], [0.014, 0.06853, 0.12142, 0.13497, 0.14791, 0.0, 0.17407, 0.2328, 0.16433], [0.16795, 0.19484, 0.08945, 0.07308, 0.20098, 0.17407, 0.0, 0.1791, 0.1995], [0.23575, 0.2051, 0.2256, 0.21853, 0.14084, 0.2328, 0.1791, 0.0, 0.12162], [0.17328, 0.10992, 0.21457, 0.21484, 0.02241, 0.16433, 0.1995, 0.12162, 0.0]], "features_1": [[-0.2706085864699759, 0.9075313836345159, 0.0, 0.26089726818664105, 0.5179778852368743, 0.14117675212312222, 0.15374103128697528, 0.6677834737790165, 0.4421455174297584, 0.22493880168894287, 0.007894969482732161, 0.6302376713280604, 0.6459028748261896, 0.6868969304246701, 0.7958827941747764, 0.7091446041977025, 0.6036856926316245], [0.02095361888738312, 0.9136134467419832, 0.0, 0.2276959048310309, 0.5138855184024895, 0.1450624494944302, 0.12582813370159868, 0.6621042934572958, 0.4688829572452031, 0.22825829568449185, 0.00822905385914674, 0.6132626757236861, 0.6686836231746714, 0.7115641797882889, 0.8031047806809611, 0.7250462783764037, 0.6106042624268612], [-0.18596658216573125, 0.9884507944653695, 0.0, 0.24284476113831188, 0.5330442618143324, 0.14295149012424774, 0.1358415688194768, 0.6644695296250187, 0.44601585131168564, 0.24147750350823216, 0.007783488497544067, 0.6267324224551969, 0.6510967482183144, 0.6896934533512965, 0.7981722046096503, 0.7144975540312052, 0.6086994436860352], [-0.13675310038488497, 0.887011672108194, 0.0, 0.2508059798178328, 0.5108351661946647, 0.14008775917056976, 0.11843095874323595, 0.6672087251522465, 0.43873976729873787, 0.21857541498423982, 0.008117752083540042, 0.6294752224700364, 0.6450315359285818, 0.6867311256767307, 0.7882986911014602, 0.7042627940678664, 0.5954398161974799], [0.09735083786877263, 0.9302670236539486, 0.0, 0.21341555904798115, 0.5192997461108007, 0.14206714952336952, 0.13278703926101657, 0.6651777958664274, 0.44468170551475383, 0.22660826187065908, 0.008340296057933516, 0.6067374006065549, 0.6390996629841188, 0.6653323187044329, 0.794975968726065, 0.726085121826026, 0.5995278381186878], [0.18002607983272068, 0.9896571126496233, 0.0, 0.24488229114129487, 0.5296976595435502, 0.1433060094699133, 0.10763998744175254, 0.6622637578524933, 0.4539602322617633, 0.240065379502566, 0.00822905385914674, 0.6116931717555902, 0.6548409967335592, 0.6950846789235687, 0.7944509713139987, 0.7149102312687826, 0.607110562525499], [0.7257193830273247, 0.8527554255307742, 0.0, 0.2520224662766537, 0.4988560439097097, 0.14050878739140044, 0.13469281685654763, 0.6660658011863929, 0.435668521976601, 0.20496206938606254, 0.008284682400665488, 0.6004868824504506, 0.628776812127819, 0.6656641525052607, 0.78835879980628, 0.7124248665068678, 0.5946005881316759], [0.5838623054010839, 0.9720569632013, 0.0, 0.22144830016119257, 0.5352839843854986, 0.13748144829408276, 0.1421975916871702, 0.6708031021474163, 0.41034446982639405, 0.2246137329313549, 0.007783488497544067, 0.6012440621362538, 0.6246649633461112, 0.6689575860888323, 0.7867835162812987, 0.7318892424290724, 0.5981111940450818], [0.9950610130886259, 1.008053215133994, 0.0, 0.2569225791540639, 0.5518027943476417, 0.13266055989082243, 0.18167872603634905, 0.6769132713288899, 0.3773099813471765, 0.22140601158477757, 0.007448685839370306, 0.5866753571830172, 0.6430485820864249, 0.667809890438687, 0.780007223630578, 0.7409547995435242, 0.5961895246720533]], "features_2": [[0.659668381084348, 0.8323557690399468, 0.0, 0.27638661270529247, 0.5036743016586324, 0.1402857920071809, 0.21868646727462676, 0.6704411251542985, 0.42284122275816416, 0.200390711335644, 0.007504523810135222, 0.5822685880861007, 0.6561653133596013, 0.6725601342612474, 0.8030015696765079, 0.7210816610630935, 0.6354240651039115], [0.5282943113056846, 0.8748199627005309, 0.0, 0.2574285622909129, 0.5021107693020714, 0.14535226362283, 0.1671642470715355, 0.6615885359184525, 0.4537577834118758, 0.2173331559123226, 0.008173410423425675, 0.5949523089630793, 0.6549782386911756, 0.6885142787291676, 0.8062235089506232, 0.7229903696339365, 0.6328654553739205], [0.9165873526770754, 0.9073089859604758, 0.0, 0.27676851571125133, 0.5213320235475714, 0.14165069270955533, 0.2380741088249998, 0.6701611457004244, 0.43952255952680686, 0.21869217915439543, 0.008062078829516484, 0.5792982778926938, 0.6902043997546629, 0.7176711907093111, 0.8090368926789496, 0.7148684643661652, 0.6397386854758931], [0.9628704775551253, 0.8167726745510248, 0.0, 0.28741772252342934, 0.49966779706116227, 0.1393921542594222, 0.22341022213766165, 0.6717242282545133, 0.42226719034893945, 0.1946371259845452, 0.007727725548673403, 0.577168171265773, 0.6477333784184592, 0.6801863393137297, 0.801574896734276, 0.7154990951378469, 0.6350632724806277], [0.3252540919650917, 0.8437777216456717, 0.0, 0.2585487388950815, 0.4944645097211112, 0.14441154610420764, 0.18204086156522264, 0.6635694611993919, 0.45632622771950637, 0.21049389596826495, 0.008340296057933516, 0.6071800961673479, 0.6549039334920863, 0.684632837276693, 0.8056745534880189, 0.715697763032886, 0.6367126332430446], [0.4232201473645887, 0.8700901817612122, 0.0, 0.26072703573508804, 0.5048680972334605, 0.1442218619914272, 0.1903871974032306, 0.6653130859302046, 0.4600048085434538, 0.21640709936318214, 0.008451478759474051, 0.5941031173990576, 0.6695937053970186, 0.7039190179525967, 0.8083945107279551, 0.7176859560250934, 0.6386906020830736], [1.0078267240608714, 0.8448657482649506, 0.0, 0.3050508581907215, 0.5067505796737897, 0.13775166748185416, 0.25765256082681204, 0.6743385062989612, 0.4229035626380082, 0.19909618719068534, 0.007894969482732161, 0.589750559649233, 0.6524403098856384, 0.6838400438283114, 0.7997200552502858, 0.7172497734526108, 0.6247170751888163], [0.44296368349687576, 0.8760223699832411, 0.0, 0.2322024938572755, 0.5215466527309908, 0.13195755288836009, 0.3551217883650729, 0.6812350296025922, 0.3793786389020093, 0.1987190312116207, 0.007560346756364078, 0.608722926480675, 0.6564347931695719, 0.6656586180302004, 0.792672344985418, 0.7051223003093176, 0.5913689450269846], [0.3630891483440637, 0.9301285657202116, 0.0, 0.25139860114875623, 0.5407313779313379, 0.12697735989034376, 0.3636017439959254, 0.6849010295422351, 0.3454978787328862, 0.20240824220950948, 0.006889477554966383, 0.6007646198166625, 0.6442642582411684, 0.6645772097656895, 0.7788439636708662, 0.7109672467706799, 0.5686101196770456]]}