{"labels_1": ["1", "2", "3", "4", "5", "6", "7", "8", "9"], "labels_2": ["1", "2", "3", "4", "5", "6", "7", "8", "9"], "adj_matrix_1": [[0.0, 0.22732, 0.12158, 0.18054, 0.04224, 0.05833, 0.02127, 0.16731, 0.10937], [0.22732, 0.0, 0.18602, 0.22424, 0.23212, 0.23285, 0.23023, 0.22629, 0.23218], [0.12158, 0.18602, 0.0, 0.25348, 0.15704, 0.1698, 0.1398, 0.24556, 0.20754], [0.18054, 0.22424, 0.25348, 0.0, 0.14582, 0.13144, 0.1636, 0.01627, 0.08146], [0.04224, 0.23212, 0.15704, 0.14582, 0.0, 0.01637, 0.0211, 0.13135, 0.06931], [0.05833, 0.23285, 0.1698, 0.13144, 0.01637, 0.0, 0.03739, 0.11659, 0.05336], [0.02127, 0.23023, 0.1398, 0.1636, 0.0211, 0.03739, 0.0, 0.1497, 0.08953], [0.16731, 0.22629, 0.24556, 0.01627, 0.13135, 0.11659, 0.1497, 0.0, 0.06567], [0.10937, 0.23218, 0.20754, 0.08146, 0.06931, 0.05336, 0.08953, 0.06567, 0.0]], "adj_matrix_2": [[0.0, 0.22379, 0.02647, 0.01581, 0.2787, 0.23935, 0.11941, 0.04572, 0.04338], [0.22379, 0.0, 0.24134, 0.21244, 0.0805, 0.02158, 0.12202, 0.25286, 0.25154], [0.02647, 0.24134, 0.0, 0.04218, 0.29139, 0.25569, 0.1431, 0.0194, 0.01703], [0.01581, 0.21244, 0.04218, 0.0, 0.27011, 0.22872, 0.10477, 0.06125, 0.05893], [0.2787, 0.0805, 0.29139, 0.27011, 0.0, 0.05928, 0.19453, 0.29913, 0.29829], [0.23935, 0.02158, 0.25569, 0.22872, 0.05928, 0.0, 0.14197, 0.26615, 0.26503], [0.11941, 0.12202, 0.1431, 0.10477, 0.19453, 0.14197, 0.0, 0.15962, 0.15765], [0.04572, 0.25286, 0.0194, 0.06125, 0.29913, 0.26615, 0.15962, 0.0, 0.00237], [0.04338, 0.25154, 0.01703, 0.05893, 0.29829, 0.26503, 0.15765, 0.00237, 0.0]], "features_1": [[0.23191458376329166, 0.7871941582215133, 0.0, 0.25682028181422123, 0.5027611641442408, 0.14104841793225606, 0.2882491090803391, 0.6727803608210363, 0.4556736402150321, 0.19322292496840188, 0.008062078829516484, 0.6049116376448804, 0.663230821895788, 0.6880440731473223, 0.8114007407920919, 0.7299781599055387, 0.6531295586276474], [0.47189750057304547, 0.7820016863801883, 0.0, 0.275407108775456, 0.4906742985544824, 0.14539347289480692, 0.23491476024469976, 0.6661634610134671, 0.4900805755941604, 0.19975759782695035, 0.008451478759474051, 0.6027997785340602, 0.6953849796727244, 0.7267184434840374, 0.8178634655683424, 0.738491087620277, 0.6561935845958383], [0.29143731175356935, 0.8561685428136079, 0.0, 0.281405248788847, 0.5194007961066919, 0.14074866356958501, 0.2767255593252749, 0.6726327755938455, 0.45906969707199896, 0.20884129981289834, 0.008673665988278678, 0.6062691571981267, 0.6802239057707268, 0.7082278476429789, 0.8127756768062603, 0.7412131869739069, 0.6576500413843519], [0.18592824705508582, 0.7465890085101163, 0.0, 0.2822625228645788, 0.49012646436941565, 0.13956743597086269, 0.2871532518285214, 0.6740840423763867, 0.4566597143864648, 0.18342639517730164, 0.008451478759474051, 0.6212514561828173, 0.6551690058233457, 0.6862154504603754, 0.8099265036239554, 0.7335953006817739, 0.6588791621721551], [0.07267594938749022, 0.7354815750973945, 0.0, 0.2729733064734106, 0.4667089322595507, 0.14654847231722504, 0.1946254178601606, 0.6618557487503238, 0.49466141997859836, 0.1922364556288092, 0.008895616178821175, 0.6279449186125134, 0.6713464118712749, 0.7091475219063865, 0.8136857067207436, 0.7196879695563602, 0.6549801634903466], [0.172737328450411, 0.8453553587620312, 0.0, 0.28545345796447563, 0.502511087864918, 0.14337811539292544, 0.19836075364832767, 0.6655083042414913, 0.4701744607299636, 0.2114699094027761, 0.008451478759474051, 0.6219229150039531, 0.652920130667781, 0.688502085838158, 0.8081113121442864, 0.7241243217947431, 0.6558781393830625], [0.03677245782769534, 0.73063477200965, 0.0, 0.2961733260156743, 0.4737356266829504, 0.13878999261697322, 0.2718249370978064, 0.6724318477829774, 0.4453968919566149, 0.18049407326976108, 0.008340296057933516, 0.6175859172570886, 0.6718644823074889, 0.7029019455801417, 0.8044034787870811, 0.7356226623070136, 0.6389637056173374], [-0.11976356731453341, 0.8494710845451013, 0.0, 0.2704925711560271, 0.5001412517402035, 0.13945533246451702, 0.21273615117371278, 0.6694418077579503, 0.42480376994245694, 0.20739511529749022, 0.007894969482732161, 0.6199039006728295, 0.6517512713366722, 0.6898733789382032, 0.7953726591080629, 0.7250477690654284, 0.6223962739238785], [-0.11360806425332282, 0.9362808279357739, 0.0, 0.26565459153747256, 0.5337885365703409, 0.13226388456979093, 0.2623936539966373, 0.6781810073546026, 0.380048074899489, 0.2152394625400691, 0.007448685839370306, 0.6124206990738017, 0.6557417909159089, 0.6838282149425269, 0.7846872824986503, 0.6958733103484946, 0.5951604922845777]], "features_2": [[0.6296991293899357, 0.9857430536338379, 0.0, 0.26502842915357855, 0.5509016341146034, 0.13391661218483494, 0.25125748823921584, 0.6776427125174173, 0.4139365950621652, 0.22471457192931132, 0.007950687539111767, 0.603965247439191, 0.6342450510888349, 0.6683142286532842, 0.7908658464134293, 0.7101208721771154, 0.6110550523894087], [0.3810574814955494, 0.9711995467121578, 0.0, 0.2726284822569858, 0.5406175710218221, 0.13740356415650895, 0.24551128912277065, 0.6735778570082385, 0.42460672334106775, 0.22734960729352416, 0.00839589484089287, 0.6196818145260408, 0.6498011917396406, 0.680369086941204, 0.798458971683625, 0.729735321499213, 0.6190561879037587], [0.5268699887422565, 1.0931443203625906, 0.0, 0.2565677362595813, 0.5733225588305122, 0.13544440551277853, 0.25909251980026865, 0.6762341472343971, 0.41770383779319586, 0.24696355869727982, 0.00839589484089287, 0.6020240537846004, 0.6453477076498157, 0.6699806087673723, 0.7946872888051713, 0.7294866341526082, 0.6145298734906863], [0.37581944021476765, 0.9942444575941654, 0.0, 0.2401794506045112, 0.5506235574798211, 0.13564661818639573, 0.21250160423220024, 0.6750601758484747, 0.4179873126174829, 0.2286968115405612, 0.008284682400665488, 0.6089270661084483, 0.6232934503558993, 0.6623954033598879, 0.7904411463324631, 0.7109147140474824, 0.610893622095544], [0.007759522567449828, 0.9515962012816501, 0.0, 0.2118208239490797, 0.5375545099863004, 0.13581397183670557, 0.24699728204843013, 0.6753225456582971, 0.40412880363369696, 0.22247475708342268, 0.007616154688146137, 0.6310184330544901, 0.6497181387580284, 0.6787603336296203, 0.7948219579647954, 0.7059476827999587, 0.6136599967901621], [0.28359641789707135, 1.0900938156655522, 0.0, 0.26018945165893637, 0.5688718227926395, 0.13719907081009025, 0.2148090680267522, 0.6729729020874935, 0.42356089309209155, 0.24992070862028992, 0.007727725548673403, 0.6183301631100746, 0.636780112237112, 0.6467305543759743, 0.7925594193878082, 0.7100677931450878, 0.6168816528826507], [0.1114007532386534, 0.9758015245562116, 0.0, 0.2492439723680222, 0.5448377467497921, 0.13580446557036058, 0.18709724972111133, 0.6739172575351186, 0.4160737801166927, 0.22660336719012975, 0.007616154688146137, 0.6165348316704851, 0.6301274225955013, 0.6608747957278083, 0.7870086316549559, 0.7118226527791994, 0.6048566921699706], [0.16670715397523406, 0.9998661454667189, 0.0, 0.24180117679048127, 0.5531421051177543, 0.1315219756404285, 0.2452339502410723, 0.6784947697063652, 0.3799128793489326, 0.22426557278644355, 0.007392832833969631, 0.6070465538194625, 0.6399242520422195, 0.6757668447138687, 0.7798144017336209, 0.7021352894403767, 0.5877763048208074], [0.44207023610943663, 1.1070382019040232, 0.0, 0.24810806801073373, 0.5779432388814028, 0.13043541824356886, 0.19171712857714454, 0.6784363261629061, 0.385972074663935, 0.24370343591182064, 0.007616154688146137, 0.6001215809265434, 0.6265350514028745, 0.6465591596886231, 0.7705085549064025, 0.696941903734487, 0.5844040154144192]]}