{"labels_1": ["1", "2", "3", "4", "5", "6", "7", "8", "9"], "labels_2": ["1", "2", "3", "4", "5", "6", "7", "8", "9"], "adj_matrix_1": [[0.0, 0.22732, 0.12158, 0.18054, 0.04224, 0.05833, 0.02127, 0.16731, 0.10937], [0.22732, 0.0, 0.18602, 0.22424, 0.23212, 0.23285, 0.23023, 0.22629, 0.23218], [0.12158, 0.18602, 0.0, 0.25348, 0.15704, 0.1698, 0.1398, 0.24556, 0.20754], [0.18054, 0.22424, 0.25348, 0.0, 0.14582, 0.13144, 0.1636, 0.01627, 0.08146], [0.04224, 0.23212, 0.15704, 0.14582, 0.0, 0.01637, 0.0211, 0.13135, 0.06931], [0.05833, 0.23285, 0.1698, 0.13144, 0.01637, 0.0, 0.03739, 0.11659, 0.05336], [0.02127, 0.23023, 0.1398, 0.1636, 0.0211, 0.03739, 0.0, 0.1497, 0.08953], [0.16731, 0.22629, 0.24556, 0.01627, 0.13135, 0.11659, 0.1497, 0.0, 0.06567], [0.10937, 0.23218, 0.20754, 0.08146, 0.06931, 0.05336, 0.08953, 0.06567, 0.0]], "adj_matrix_2": [[0.0, 0.24031, 0.12569, 0.00973, 0.28452, 0.00127, 0.11928, 0.03074, 0.07987], [0.24031, 0.0, 0.33, 0.24792, 0.0657, 0.23932, 0.13629, 0.21555, 0.17314], [0.12569, 0.33, 0.0, 0.11632, 0.35762, 0.1269, 0.23456, 0.15479, 0.19989], [0.00973, 0.24792, 0.11632, 0.0, 0.29094, 0.011, 0.12856, 0.04044, 0.0894], [0.28452, 0.0657, 0.35762, 0.29094, 0.0, 0.28369, 0.19373, 0.2635, 0.22657], [0.00127, 0.23932, 0.1269, 0.011, 0.28369, 0.0, 0.11808, 0.02947, 0.07863], [0.11928, 0.13629, 0.23456, 0.12856, 0.19373, 0.11808, 0.0, 0.0896, 0.04069], [0.03074, 0.21555, 0.15479, 0.04044, 0.2635, 0.02947, 0.0896, 0.0, 0.0495], [0.07987, 0.17314, 0.19989, 0.0894, 0.22657, 0.07863, 0.04069, 0.0495, 0.0]], "features_1": [[0.23191458376329166, 0.7871941582215133, 0.0, 0.25682028181422123, 0.5027611641442408, 0.14104841793225606, 0.2882491090803391, 0.6727803608210363, 0.4556736402150321, 0.19322292496840188, 0.008062078829516484, 0.6049116376448804, 0.663230821895788, 0.6880440731473223, 0.8114007407920919, 0.7299781599055387, 0.6531295586276474], [0.47189750057304547, 0.7820016863801883, 0.0, 0.275407108775456, 0.4906742985544824, 0.14539347289480692, 0.23491476024469976, 0.6661634610134671, 0.4900805755941604, 0.19975759782695035, 0.008451478759474051, 0.6027997785340602, 0.6953849796727244, 0.7267184434840374, 0.8178634655683424, 0.738491087620277, 0.6561935845958383], [0.29143731175356935, 0.8561685428136079, 0.0, 0.281405248788847, 0.5194007961066919, 0.14074866356958501, 0.2767255593252749, 0.6726327755938455, 0.45906969707199896, 0.20884129981289834, 0.008673665988278678, 0.6062691571981267, 0.6802239057707268, 0.7082278476429789, 0.8127756768062603, 0.7412131869739069, 0.6576500413843519], [0.18592824705508582, 0.7465890085101163, 0.0, 0.2822625228645788, 0.49012646436941565, 0.13956743597086269, 0.2871532518285214, 0.6740840423763867, 0.4566597143864648, 0.18342639517730164, 0.008451478759474051, 0.6212514561828173, 0.6551690058233457, 0.6862154504603754, 0.8099265036239554, 0.7335953006817739, 0.6588791621721551], [0.07267594938749022, 0.7354815750973945, 0.0, 0.2729733064734106, 0.4667089322595507, 0.14654847231722504, 0.1946254178601606, 0.6618557487503238, 0.49466141997859836, 0.1922364556288092, 0.008895616178821175, 0.6279449186125134, 0.6713464118712749, 0.7091475219063865, 0.8136857067207436, 0.7196879695563602, 0.6549801634903466], [0.172737328450411, 0.8453553587620312, 0.0, 0.28545345796447563, 0.502511087864918, 0.14337811539292544, 0.19836075364832767, 0.6655083042414913, 0.4701744607299636, 0.2114699094027761, 0.008451478759474051, 0.6219229150039531, 0.652920130667781, 0.688502085838158, 0.8081113121442864, 0.7241243217947431, 0.6558781393830625], [0.03677245782769534, 0.73063477200965, 0.0, 0.2961733260156743, 0.4737356266829504, 0.13878999261697322, 0.2718249370978064, 0.6724318477829774, 0.4453968919566149, 0.18049407326976108, 0.008340296057933516, 0.6175859172570886, 0.6718644823074889, 0.7029019455801417, 0.8044034787870811, 0.7356226623070136, 0.6389637056173374], [-0.11976356731453341, 0.8494710845451013, 0.0, 0.2704925711560271, 0.5001412517402035, 0.13945533246451702, 0.21273615117371278, 0.6694418077579503, 0.42480376994245694, 0.20739511529749022, 0.007894969482732161, 0.6199039006728295, 0.6517512713366722, 0.6898733789382032, 0.7953726591080629, 0.7250477690654284, 0.6223962739238785], [-0.11360806425332282, 0.9362808279357739, 0.0, 0.26565459153747256, 0.5337885365703409, 0.13226388456979093, 0.2623936539966373, 0.6781810073546026, 0.380048074899489, 0.2152394625400691, 0.007448685839370306, 0.6124206990738017, 0.6557417909159089, 0.6838282149425269, 0.7846872824986503, 0.6958733103484946, 0.5951604922845777]], "features_2": [[-0.027428581390950946, 0.8045418094154038, 0.0, 0.1902304372429924, 0.49273818621959353, 0.14330886266346116, 0.2734651342986389, 0.6670308298432633, 0.43867883158203647, 0.20018623884071096, 0.008173410423425675, 0.6332260211127503, 0.6670341787960711, 0.701151399385749, 0.8081940901432662, 0.7307614426293705, 0.6315933279886168], [0.18315658432682191, 0.7386153546714342, 0.0, 0.21157259779004037, 0.46847324059533707, 0.14778506233111238, 0.24947648787531804, 0.6629210143819456, 0.4640953505185246, 0.19142437063363027, 0.008507047823598457, 0.6315832597913547, 0.6850788434066534, 0.7268500040950681, 0.8191194791229296, 0.7548648756290289, 0.643743183599868], [-0.2319016270266614, 0.8359045940608347, 0.0, 0.19596677542080157, 0.49905624523332304, 0.1457849319421799, 0.28513697397570326, 0.6655375689668226, 0.4578541075704339, 0.21402225161019084, 0.008507047823598457, 0.6502846953991022, 0.6849275844728453, 0.732234042008547, 0.8149657247169423, 0.7361623178264005, 0.6304178065743712], [-0.18185333397772263, 0.7731662635766703, 0.0, 0.17636037928755466, 0.4832884204817024, 0.1436282527063457, 0.29668155472773067, 0.667699584203694, 0.43998291088930874, 0.19540405744525668, 0.00822905385914674, 0.6393337878558376, 0.6814311690438803, 0.7155033434892972, 0.8106838449937744, 0.7244548043938038, 0.6282703765926847], [0.202764037352952, 0.679506594162606, 0.0, 0.20925889910582762, 0.44574709047190636, 0.15096965498745815, 0.2421117729730476, 0.6589763549586156, 0.4772816576511614, 0.1802892693381679, 0.008451478759474051, 0.6300995011757111, 0.6767023889060201, 0.7152016330972953, 0.8233437876922861, 0.7382493795805262, 0.6457263420658346], [-0.26147725682245104, 0.7868096562610283, 0.0, 0.1951711939470575, 0.48063681337790504, 0.1491077433672009, 0.2895995806596659, 0.6607521616500274, 0.47953918007869456, 0.2074275663541616, 0.008673665988278678, 0.6442103483873192, 0.6779886918395381, 0.7182596286503006, 0.8172010295172754, 0.7460182968476973, 0.6335739502043778], [-0.17220895273021464, 0.689340848933752, 0.0, 0.20191572982128062, 0.4544742374395218, 0.14518263470953363, 0.3675746699293498, 0.6678177360324234, 0.4426992022230445, 0.17743255781271716, 0.008173410423425675, 0.6371086550470131, 0.688392466421836, 0.7177811610374918, 0.8164418105066996, 0.7378772207353309, 0.6324533670410352], [-0.44774210149884697, 0.702127154306726, 0.0, 0.23129231741756534, 0.46114731485172783, 0.14301636789623973, 0.3430142134970133, 0.6692129778039461, 0.4316868767563602, 0.17926339854454998, 0.008006390651371653, 0.637365737979654, 0.6814665747131089, 0.7170465775685334, 0.8096576430824729, 0.7275062969807318, 0.6276392303393256], [-0.15486890733368774, 0.7734573310351017, 0.0, 0.2254521730017212, 0.487802690714468, 0.13775900635468388, 0.427053106576443, 0.6749404160049193, 0.404149943909774, 0.18805742097941036, 0.007950687539111767, 0.626845726953094, 0.6653490731040841, 0.7016542501545475, 0.7978642915045152, 0.7241227725786618, 0.6078006677613206]]}