{"labels_1": ["1", "2", "3", "4", "5", "6", "7", "8", "9"], "labels_2": ["1", "2", "3", "4", "5", "6", "7", "8", "9"], "adj_matrix_1": [[0.0, 0.22732, 0.12158, 0.18054, 0.04224, 0.05833, 0.02127, 0.16731, 0.10937], [0.22732, 0.0, 0.18602, 0.22424, 0.23212, 0.23285, 0.23023, 0.22629, 0.23218], [0.12158, 0.18602, 0.0, 0.25348, 0.15704, 0.1698, 0.1398, 0.24556, 0.20754], [0.18054, 0.22424, 0.25348, 0.0, 0.14582, 0.13144, 0.1636, 0.01627, 0.08146], [0.04224, 0.23212, 0.15704, 0.14582, 0.0, 0.01637, 0.0211, 0.13135, 0.06931], [0.05833, 0.23285, 0.1698, 0.13144, 0.01637, 0.0, 0.03739, 0.11659, 0.05336], [0.02127, 0.23023, 0.1398, 0.1636, 0.0211, 0.03739, 0.0, 0.1497, 0.08953], [0.16731, 0.22629, 0.24556, 0.01627, 0.13135, 0.11659, 0.1497, 0.0, 0.06567], [0.10937, 0.23218, 0.20754, 0.08146, 0.06931, 0.05336, 0.08953, 0.06567, 0.0]], "adj_matrix_2": [[0.0, 0.30656, 0.16923, 0.09815, 0.29593, 0.29554, 0.29904, 0.25007, 0.19022], [0.30656, 0.0, 0.3449, 0.34253, 0.18847, 0.18918, 0.17136, 0.29738, 0.33964], [0.16923, 0.3449, 0.0, 0.08336, 0.24591, 0.24533, 0.25846, 0.12902, 0.02904], [0.09815, 0.34253, 0.08336, 0.0, 0.28487, 0.28433, 0.29324, 0.19709, 0.11046], [0.29593, 0.18847, 0.24591, 0.28487, 0.0, 0.00078, 0.01931, 0.14339, 0.22723], [0.29554, 0.18918, 0.24533, 0.28433, 0.00078, 0.0, 0.02009, 0.14263, 0.2266], [0.29904, 0.17136, 0.25846, 0.29324, 0.01931, 0.02009, 0.0, 0.16073, 0.24105], [0.25007, 0.29738, 0.12902, 0.19709, 0.14339, 0.14263, 0.16073, 0.0, 0.10239], [0.19022, 0.33964, 0.02904, 0.11046, 0.22723, 0.2266, 0.24105, 0.10239, 0.0]], "features_1": [[0.23191458376329166, 0.7871941582215133, 0.0, 0.25682028181422123, 0.5027611641442408, 0.14104841793225606, 0.2882491090803391, 0.6727803608210363, 0.4556736402150321, 0.19322292496840188, 0.008062078829516484, 0.6049116376448804, 0.663230821895788, 0.6880440731473223, 0.8114007407920919, 0.7299781599055387, 0.6531295586276474], [0.47189750057304547, 0.7820016863801883, 0.0, 0.275407108775456, 0.4906742985544824, 0.14539347289480692, 0.23491476024469976, 0.6661634610134671, 0.4900805755941604, 0.19975759782695035, 0.008451478759474051, 0.6027997785340602, 0.6953849796727244, 0.7267184434840374, 0.8178634655683424, 0.738491087620277, 0.6561935845958383], [0.29143731175356935, 0.8561685428136079, 0.0, 0.281405248788847, 0.5194007961066919, 0.14074866356958501, 0.2767255593252749, 0.6726327755938455, 0.45906969707199896, 0.20884129981289834, 0.008673665988278678, 0.6062691571981267, 0.6802239057707268, 0.7082278476429789, 0.8127756768062603, 0.7412131869739069, 0.6576500413843519], [0.18592824705508582, 0.7465890085101163, 0.0, 0.2822625228645788, 0.49012646436941565, 0.13956743597086269, 0.2871532518285214, 0.6740840423763867, 0.4566597143864648, 0.18342639517730164, 0.008451478759474051, 0.6212514561828173, 0.6551690058233457, 0.6862154504603754, 0.8099265036239554, 0.7335953006817739, 0.6588791621721551], [0.07267594938749022, 0.7354815750973945, 0.0, 0.2729733064734106, 0.4667089322595507, 0.14654847231722504, 0.1946254178601606, 0.6618557487503238, 0.49466141997859836, 0.1922364556288092, 0.008895616178821175, 0.6279449186125134, 0.6713464118712749, 0.7091475219063865, 0.8136857067207436, 0.7196879695563602, 0.6549801634903466], [0.172737328450411, 0.8453553587620312, 0.0, 0.28545345796447563, 0.502511087864918, 0.14337811539292544, 0.19836075364832767, 0.6655083042414913, 0.4701744607299636, 0.2114699094027761, 0.008451478759474051, 0.6219229150039531, 0.652920130667781, 0.688502085838158, 0.8081113121442864, 0.7241243217947431, 0.6558781393830625], [0.03677245782769534, 0.73063477200965, 0.0, 0.2961733260156743, 0.4737356266829504, 0.13878999261697322, 0.2718249370978064, 0.6724318477829774, 0.4453968919566149, 0.18049407326976108, 0.008340296057933516, 0.6175859172570886, 0.6718644823074889, 0.7029019455801417, 0.8044034787870811, 0.7356226623070136, 0.6389637056173374], [-0.11976356731453341, 0.8494710845451013, 0.0, 0.2704925711560271, 0.5001412517402035, 0.13945533246451702, 0.21273615117371278, 0.6694418077579503, 0.42480376994245694, 0.20739511529749022, 0.007894969482732161, 0.6199039006728295, 0.6517512713366722, 0.6898733789382032, 0.7953726591080629, 0.7250477690654284, 0.6223962739238785], [-0.11360806425332282, 0.9362808279357739, 0.0, 0.26565459153747256, 0.5337885365703409, 0.13226388456979093, 0.2623936539966373, 0.6781810073546026, 0.380048074899489, 0.2152394625400691, 0.007448685839370306, 0.6124206990738017, 0.6557417909159089, 0.6838282149425269, 0.7846872824986503, 0.6958733103484946, 0.5951604922845777]], "features_2": [[0.5470032211987683, 0.8568921176667575, 0.0, 0.1786214344824215, 0.5038888628279626, 0.13976407174449806, 0.2335256868063702, 0.6693577076443048, 0.4311182724887739, 0.20588136375883392, 0.008062078829516484, 0.6006930913498167, 0.6516356368389742, 0.679552251444826, 0.7962695542069821, 0.7401634334837071, 0.635409632865046], [-0.17428789622857677, 0.8271002883877695, 0.0, 0.17551234514485187, 0.49672178445234505, 0.14334522828783608, 0.2719640244454574, 0.6674709006524022, 0.4494301120381161, 0.20759346001654566, 0.007950687539111767, 0.6377617151689117, 0.6819712581691852, 0.717288093512701, 0.8107545875792769, 0.7465956629535423, 0.6349410862282452], [0.16530360830599422, 0.9193464402026394, 0.0, 0.1838822937638296, 0.518756302266821, 0.1431871627125615, 0.2622471571359398, 0.6666141159359953, 0.457304050568206, 0.2269742348516166, 0.008173410423425675, 0.6165470697288458, 0.6608577833603859, 0.6982180766882907, 0.804905469794975, 0.7332277750572537, 0.6390496625768876], [0.41293182329608547, 0.8514540651625835, 0.0, 0.1831541537576404, 0.5023486328760438, 0.14086038599812462, 0.26024803135074065, 0.6678555739352142, 0.43373201281681917, 0.20515543851802565, 0.00839589484089287, 0.6072720155358151, 0.6513614582733511, 0.6750170668762716, 0.7942613608549297, 0.7207484570239769, 0.6312721617633386], [-0.21475035391205655, 0.7694210044816518, 0.0, 0.18268181922133717, 0.48063975771785705, 0.1446436155005277, 0.2946431868959813, 0.6669962818574318, 0.46126008102197824, 0.1969711997509671, 0.008173410423425675, 0.6363382833969555, 0.6661378201855485, 0.7061023979302945, 0.8139434537531939, 0.7228129716504056, 0.6350117308087776], [-0.12668034142385798, 0.9508596025056665, 0.0, 0.1878841123841137, 0.5232147916986074, 0.14485300954996494, 0.23573972648985944, 0.6628822748781463, 0.46262500101336346, 0.2370884323964273, 0.008062078829516484, 0.6336923258538061, 0.6608362013287438, 0.7059055553214573, 0.8026679391068956, 0.7154321901343268, 0.6321739454732542], [-0.04388674034725515, 0.8146065645036306, 0.0, 0.1868712862182013, 0.4917474347287719, 0.14059230141329176, 0.2973571898639896, 0.6683869560115636, 0.428209884225619, 0.19991645827645654, 0.008507047823598457, 0.6232461570117931, 0.6684816495125642, 0.6927926586290509, 0.7935265667137784, 0.721134059317714, 0.6187641979198995], [0.03300307805922342, 0.8210902860448974, 0.0, 0.21714008597427858, 0.4939361926896195, 0.1422551151120106, 0.2688608014807528, 0.6672581213769735, 0.44338951501388846, 0.20365815792111142, 0.00839589484089287, 0.6217566439301643, 0.6556561864774763, 0.6939196796327375, 0.801635780728573, 0.7204478785155392, 0.6233566462348189], [0.4237126876907982, 0.9017461628153136, 0.0, 0.23081896171714125, 0.5180468433994114, 0.13706131577315775, 0.28747448032223916, 0.6722215727245247, 0.4199655117407963, 0.21171054889210628, 0.008618141428105908, 0.6094938700885999, 0.6519618405564476, 0.6770223884283171, 0.784716133493515, 0.7168179335554687, 0.5984991668188692]]}