{"labels_1": ["1", "2", "3", "4", "5", "6", "7", "8", "9"], "labels_2": ["1", "2", "3", "4", "5", "6", "7", "8", "9"], "adj_matrix_1": [[0.0, 0.03197, 0.13179, 0.135, 0.01795, 0.15098, 0.127, 0.19842, 0.28867], [0.03197, 0.0, 0.10188, 0.10521, 0.04974, 0.12184, 0.09701, 0.17164, 0.26857], [0.13179, 0.10188, 0.0, 0.00351, 0.14804, 0.02117, 0.00483, 0.07551, 0.18848], [0.135, 0.10521, 0.00351, 0.0, 0.1512, 0.01766, 0.00834, 0.07208, 0.18548], [0.01795, 0.04974, 0.14804, 0.1512, 0.0, 0.16685, 0.14359, 0.2129, 0.29939], [0.15098, 0.12184, 0.02117, 0.01766, 0.16685, 0.0, 0.02598, 0.0547, 0.16989], [0.127, 0.09701, 0.00483, 0.00834, 0.14359, 0.02598, 0.0, 0.08026, 0.19291], [0.19842, 0.17164, 0.07551, 0.07208, 0.2129, 0.0547, 0.08026, 0.0, 0.11896], [0.28867, 0.26857, 0.18848, 0.18548, 0.29939, 0.16989, 0.19291, 0.11896, 0.0]], "adj_matrix_2": [[0.0, 0.21208, 0.10157, 0.14208, 0.25409, 0.08723, 0.14488, 0.14079, 0.22276], [0.21208, 0.0, 0.13201, 0.09146, 0.09434, 0.14493, 0.28938, 0.28775, 0.31608], [0.10157, 0.13201, 0.0, 0.04474, 0.20209, 0.01515, 0.22735, 0.22408, 0.28666], [0.14208, 0.09146, 0.04474, 0.0, 0.17167, 0.0596, 0.25449, 0.25173, 0.30373], [0.25409, 0.09434, 0.20209, 0.17167, 0.0, 0.21127, 0.28984, 0.28937, 0.29424], [0.08723, 0.14493, 0.01515, 0.0596, 0.21127, 0.0, 0.2169, 0.21348, 0.27943], [0.14488, 0.28938, 0.22735, 0.25449, 0.28984, 0.2169, 0.0, 0.00455, 0.09129], [0.14079, 0.28775, 0.22408, 0.25173, 0.28937, 0.21348, 0.00455, 0.0, 0.09568], [0.22276, 0.31608, 0.28666, 0.30373, 0.29424, 0.27943, 0.09129, 0.09568, 0.0]], "features_1": [[0.1268530437352937, 1.1662706937571223, 0.0, 0.2141493796668851, 0.5958249806955483, 0.13103254341567988, 0.21578515686959393, 0.679591274788224, 0.39397044332056885, 0.2545140440550575, 0.007671947615560004, 0.6150420387728803, 0.6549899507298867, 0.6695803181910215, 0.7765558404745182, 0.6897488249057855, 0.5679473132987908], [0.3490067920080926, 1.1506534063801181, 0.0, 0.18438790015305917, 0.5910783268013379, 0.13412648428953927, 0.19380892276445394, 0.6762381788851065, 0.4147821961993805, 0.2551591962807025, 0.007727725548673403, 0.6116816198034787, 0.6379433522193605, 0.6615824466794267, 0.7813487461666009, 0.7084534998489276, 0.5850149822928109], [0.33219086556051547, 1.2795584022898954, 0.0, 0.20955955695241915, 0.6205200525771356, 0.12919177726740944, 0.19525299080994712, 0.6806840944805475, 0.3889217907879814, 0.2689279597710583, 0.00711334193318236, 0.6144249014724572, 0.629532704297657, 0.6442458230722617, 0.7693188973413491, 0.6760960690139162, 0.563892945749161], [0.10142566058655644, 1.329793949121726, 0.0, 0.22801836192918304, 0.6354117765229489, 0.12482141420769385, 0.2438907643894744, 0.6851955414791395, 0.3589097909917327, 0.2707065396170456, 0.007336964783822175, 0.6111425032814042, 0.6363377172573403, 0.6510013669070344, 0.7648318151623003, 0.6821675816759049, 0.5391902513345621], [0.31538238487091164, 1.483463111016513, 0.0, 0.21964092032888802, 0.6633403885227026, 0.12515762197174973, 0.3146856512010757, 0.6863780689135042, 0.3552407410018279, 0.29374026669825004, 0.00716927026363523, 0.6026727614597915, 0.638303457960551, 0.6647898389936558, 0.7753679448222068, 0.7005730938981131, 0.5471778977652054], [0.3590188206661744, 1.4103307509782905, 0.0, 0.25233112849572653, 0.657853030239609, 0.12152577005868685, 0.3013003691987997, 0.6880346538463105, 0.34317284553631433, 0.2747940318844606, 0.00677745458930179, 0.6026146811630135, 0.624390345905627, 0.6234505983231913, 0.7629347210239936, 0.6802048096702239, 0.5632274357629425], [-0.13306007619873572, 1.649614836866787, 0.0, 0.19643421848362566, 0.7009032895446224, 0.11550571387968647, 0.4515099896605932, 0.691875744933648, 0.30145909119682357, 0.30168130978344765, 0.006216428718621936, 0.5967181115842513, 0.6295055031933208, 0.6544033401998582, 0.7621074854810724, 0.6558690167311486, 0.4530643361099605], [-0.024966385410743808, 1.467480873909215, 0.0, 0.2659832029990667, 0.6858550122181367, 0.10946832435507316, 0.44018472617350496, 0.6929810708224637, 0.2852366231573289, 0.2655293755527701, 0.006104040759826512, 0.5978759295258793, 0.6328583975854387, 0.6260658760856476, 0.7417669928020802, 0.6789428809214397, 0.5261746109261553], [-0.236572307607418, 1.5512464791770313, 0.0, 0.2591007728994525, 0.7005630974597439, 0.10526500942287886, 0.44920980809917166, 0.6931120994958179, 0.24736197676764116, 0.26937499757413996, 0.005653876882570019, 0.5989329025246866, 0.6305795918367918, 0.6316862258721708, 0.7302509183697392, 0.6436500110894164, 0.4637808972682948]], "features_2": [[0.32929112012710693, 1.097965639161403, 0.0, 0.20822202003746904, 0.5970926074244871, 0.128429340294578, 0.3237924159680837, 0.6839498807984057, 0.3971923770728003, 0.23781292392408826, 0.007560346756364078, 0.6033882815296878, 0.6565000729551224, 0.667826376774271, 0.7839780264126395, 0.6963494608916581, 0.6003948729124599], [0.8090708469626677, 1.2227889499278053, 0.0, 0.2454359609457456, 0.6195535025294671, 0.1271396573362796, 0.35701855391047277, 0.6856312446394743, 0.3603145624860078, 0.25022670334894936, 0.007616154688146137, 0.5766795810873901, 0.6395226058220487, 0.6428547633686862, 0.7843546974219558, 0.7130260169936026, 0.5870828429194287], [0.31895825045784987, 1.2459211821681393, 0.0, 0.25427104928608624, 0.6363723380934581, 0.12112813350138843, 0.3731849771229797, 0.6890671032334929, 0.34847815027307316, 0.2524135430054899, 0.007001439975721224, 0.5869502629287489, 0.651936813739933, 0.6690524138872493, 0.7697956514609614, 0.6820617194704788, 0.5861495829312257], [0.33381756422603726, 1.1652379752044508, 0.0, 0.22506440718321508, 0.6234699602139433, 0.11951349517559691, 0.38038188352475116, 0.6899826533682621, 0.3413889584139711, 0.23509079490983242, 0.00683347364535547, 0.5887305316668894, 0.6504504205693981, 0.6695457552318909, 0.7682333787546879, 0.6933466410954435, 0.5840611769639518], [1.3815609759026497, 1.465943443861478, 0.0, 0.19677482217187747, 0.6681433827392341, 0.12079126359640634, 0.4497762954520631, 0.6898770913075818, 0.3164082242531969, 0.26767010174544126, 0.006497131753992358, 0.5623347958580496, 0.618564207039742, 0.6056001131865396, 0.7725054487260783, 0.6809866537099373, 0.5323696665118306], [0.3876897397506758, 1.3089781971256205, 0.0, 0.26339530594553573, 0.6592839607693189, 0.11266728218201941, 0.5011888140959293, 0.6926114241115355, 0.29583523731765693, 0.2437971231272209, 0.006047823865199753, 0.5753863736452698, 0.6400481047314465, 0.6492041601177754, 0.7555626575097161, 0.6786160201670003, 0.5580905794999929], [0.19452621657570468, 1.3595492678240877, 0.0, 0.21500412927799706, 0.6554093664616714, 0.1205171715925816, 0.4440039616494225, 0.6901309739994685, 0.3326173787940734, 0.26435586307453307, 0.00655322669591385, 0.6035218662104676, 0.6418020862172288, 0.639993192380703, 0.7734441297023464, 0.6934653761843801, 0.5679935495853208], [0.3268010626916613, 1.3241589921915204, 0.0, 0.23484843740102812, 0.6645605292642656, 0.11202127099118234, 0.6957547679227545, 0.6930366299880689, 0.2795092818522602, 0.23829450551474163, 0.006047823865199753, 0.5828438147385353, 0.6353635094535544, 0.6315900204541336, 0.7559105650338964, 0.6783144243500373, 0.5619822508125704], [0.18818386804566423, 1.4634270561609846, 0.0, 0.2645524382750634, 0.6920294711627345, 0.10734276099710974, 0.7831793119446402, 0.6930803946395828, 0.261228592015907, 0.2522993570458205, 0.006047823865199753, 0.5878774766238974, 0.6460820671855674, 0.6221664702315737, 0.7415214342639344, 0.6543080993143854, 0.5342660804933587]]}