{"labels_1": ["1", "2", "3", "4", "5", "6", "7", "8", "9"], "labels_2": ["1", "2", "3", "4", "5", "6", "7", "8", "9"], "adj_matrix_1": [[0.0, 0.21598, 0.10946, 0.07338, 0.03204, 0.09955, 0.09878, 0.00208, 0.00217], [0.21598, 0.0, 0.26905, 0.1597, 0.19325, 0.1357, 0.13614, 0.21747, 0.21753], [0.10946, 0.26905, 0.0, 0.17139, 0.13719, 0.19154, 0.19072, 0.1075, 0.10747], [0.07338, 0.1597, 0.17139, 0.0, 0.04185, 0.02759, 0.02697, 0.07534, 0.07545], [0.03204, 0.19325, 0.13719, 0.04185, 0.0, 0.06896, 0.06844, 0.03419, 0.03426], [0.09955, 0.1357, 0.19154, 0.02759, 0.06896, 0.0, 0.00058, 0.10154, 0.10162], [0.09878, 0.13614, 0.19072, 0.02697, 0.06844, 0.00058, 0.0, 0.10095, 0.10098], [0.00208, 0.21747, 0.1075, 0.07534, 0.03419, 0.10154, 0.10095, 0.0, 9e-05], [0.00217, 0.21753, 0.10747, 0.07545, 0.03426, 0.10162, 0.10098, 9e-05, 0.0]], "adj_matrix_2": [[0.0, 0.18563, 0.26939, 0.31204, 0.23623, 0.21473, 0.0011, 0.32917, 0.29832], [0.18563, 0.0, 0.11436, 0.18385, 0.06634, 0.03703, 0.18483, 0.21594, 0.1614], [0.26939, 0.11436, 0.0, 0.07533, 0.04948, 0.07866, 0.26887, 0.11175, 0.05061], [0.31204, 0.18385, 0.07533, 0.0, 0.12322, 0.15083, 0.31169, 0.03743, 0.02497], [0.23623, 0.06634, 0.04948, 0.12322, 0.0, 0.02961, 0.23574, 0.15829, 0.09924], [0.21473, 0.03703, 0.07866, 0.15083, 0.02961, 0.0, 0.21401, 0.18466, 0.12738], [0.0011, 0.18483, 0.26887, 0.31169, 0.23574, 0.21401, 0.0, 0.32941, 0.29841], [0.32917, 0.21594, 0.11175, 0.03743, 0.15829, 0.18466, 0.32941, 0.0, 0.06227], [0.29832, 0.1614, 0.05061, 0.02497, 0.09924, 0.12738, 0.29841, 0.06227, 0.0]], "features_1": [[0.8488156359739856, 1.110761898012116, 0.0, 0.2839907790254732, 0.5904088289821955, 0.1355791394794227, 0.2913369313242221, 0.6780799050968129, 0.4502614791771793, 0.24996634177520116, 0.00822905385914674, 0.5947937458539068, 0.6495731106642132, 0.6614486130675402, 0.7949380265219311, 0.7142958260788871, 0.6165609378691228], [0.36660446064979535, 1.2114816715963495, 0.0, 0.24782700836078317, 0.6080448736218201, 0.13593155677229699, 0.2925833034929418, 0.6784555298113846, 0.43805206789891926, 0.2671822037524121, 0.008062078829516484, 0.6107278521758503, 0.6491997900245483, 0.6855463406297554, 0.7974103690390669, 0.7277965368828527, 0.6099282495464409], [0.8873944823878017, 1.2235901255099992, 0.0, 0.282026440597168, 0.6159682440067128, 0.13330978711428704, 0.2938811562294731, 0.680115052874092, 0.42869538029797627, 0.26409692695529485, 0.007727725548673403, 0.5958167776570324, 0.6441680505315945, 0.6712415427328016, 0.7906942549322288, 0.7055442189509062, 0.6165299803367824], [0.5830702700076009, 1.147961905132886, 0.0, 0.26938044655630067, 0.6066179089827083, 0.13106875691924905, 0.361937807536502, 0.6830472134155289, 0.4201071950895343, 0.24884479245729962, 0.007783488497544067, 0.5984484123063702, 0.6408729336847725, 0.6562173661396771, 0.7906435385544713, 0.7015195831392032, 0.6049245763503169], [0.1425271205045755, 1.611280733820891, 0.0, 0.23548404252271363, 0.6850907095653423, 0.12431635006223456, 0.42547203329805966, 0.6886959328359821, 0.35042204756697815, 0.31007150300185615, 0.00711334193318236, 0.6105576391719443, 0.6630182448720697, 0.6727267319068112, 0.7838430940115184, 0.7039405562849981, 0.5520385470586695], [0.384958303350071, 1.2973986699448756, 0.0, 0.2669465520942863, 0.6317603126910174, 0.12922507009245704, 0.3509356593012676, 0.6841081192032874, 0.40613379265066274, 0.2710786179457174, 0.007504523810135222, 0.6122897758837147, 0.6527036378012333, 0.6700405183065294, 0.7887641601890292, 0.7063813595181921, 0.615349461264995], [-0.027758308476662386, 1.5583444795950643, 0.0, 0.22584877789954566, 0.6844407757661978, 0.12216074631100493, 0.4573794535219413, 0.6896153998117521, 0.3527687340251773, 0.3031484830892446, 0.007392832833969631, 0.6035878854703882, 0.650127745221947, 0.6707834678735107, 0.7816222598839712, 0.687575120843602, 0.5167785293009225], [0.2625745087939366, 1.4099654001900557, 0.0, 0.2198282889872528, 0.6690099625012573, 0.11484811004299945, 0.46270252217965224, 0.6920061224582074, 0.30574129424708874, 0.26059271561013997, 0.006104040759826512, 0.5855183667422255, 0.6416376750897149, 0.6579992775798894, 0.7618002957981793, 0.6922879428667548, 0.5550002807414671], [0.37639213774123004, 1.328325106970254, 0.0, 0.2645658241665641, 0.6505224036425379, 0.1182953899854801, 0.4341796891734653, 0.6906659862281364, 0.3423527650052067, 0.2593955178369556, 0.007001439975721224, 0.5846281529537309, 0.6330560050813162, 0.6559827235979079, 0.7694210823307571, 0.6732688221081864, 0.5904222200061127]], "features_2": [[0.27585502725742383, 0.8714419284881914, 0.0, 0.28831223335749406, 0.5335486260335405, 0.13416860917729972, 0.2526346402569736, 0.6777259935046092, 0.42619924152872213, 0.2042042164874931, 0.007894969482732161, 0.611751268292378, 0.653761271772753, 0.6820094361494893, 0.7920501907106362, 0.6927556710715072, 0.6225097497607401], [0.19738903949205255, 0.9891228549277316, 0.0, 0.2259141204633774, 0.5724757630385102, 0.1294310544734798, 0.2939370763090494, 0.6829392205799326, 0.390365063676684, 0.2188402445785489, 0.007504523810135222, 0.6129776936639124, 0.6469665324838195, 0.6776099678662887, 0.7864797499412399, 0.71459656422198, 0.6092287075678479], [0.060404721885371604, 0.9198254719181055, 0.0, 0.25980243497083655, 0.5581869840815519, 0.12775322432620584, 0.28782375092416, 0.6842861651962376, 0.3942393706512466, 0.2062757206668253, 0.007281081678807366, 0.6190234506786199, 0.6475466453557811, 0.6763336152267598, 0.7814788864846565, 0.6849338526383673, 0.6097212047449234], [0.09572047704067943, 0.8686620208849258, 0.0, 0.24527638804170757, 0.5387548898668085, 0.12987368093136642, 0.2781054735614582, 0.6824898304652603, 0.40696183328636715, 0.199626701016407, 0.007894969482732161, 0.62635406012833, 0.6724057021708664, 0.6795088835498281, 0.7857411459757621, 0.6821447453608768, 0.6146119990798798], [0.08882510790695308, 1.0718159387805288, 0.0, 0.24222623474467891, 0.6034664190825177, 0.11984723945096218, 0.46553265932017285, 0.6904945739806243, 0.3464229875895031, 0.22142533744996507, 0.006889477554966383, 0.6028505895064828, 0.6505191566001507, 0.6634023868176188, 0.7763417474294247, 0.6946578313768159, 0.597254040694096], [-0.2208891109781428, 0.9534746104227971, 0.0, 0.22292226841579382, 0.5747115485643834, 0.12342407674927941, 0.384735179978194, 0.6884618943724969, 0.36044901179294997, 0.2069055144191787, 0.007336964783822175, 0.6141223232725421, 0.6482255535523707, 0.6675130082191257, 0.7788955689628961, 0.6821467347275506, 0.6032887500722591], [0.286802851692443, 1.1578627892117683, 0.0, 0.2467352171914237, 0.619988528375641, 0.11593733670411249, 0.5033442872253993, 0.6920480194325711, 0.3116424828669522, 0.22634514018188523, 0.006216428718621936, 0.6016474568192711, 0.6432453042956985, 0.6480516391692717, 0.7698498183953777, 0.6681699930562672, 0.5571675114236393], [-0.1478906856625839, 1.1555865599341892, 0.0, 0.21567080432885802, 0.6340074787918273, 0.10794256629153157, 0.5624697195362593, 0.6931447901389609, 0.2702946759673439, 0.21508862065501844, 0.006216428718621936, 0.6034227708701891, 0.6545602400268123, 0.6595333486695996, 0.7528498869187942, 0.6808553960137691, 0.5191764140940592], [-0.2551753285046754, 1.2117589504613975, 0.0, 0.21171514452906554, 0.6493138942832056, 0.10457598940523377, 0.5394892595078374, 0.6929651114870194, 0.24612648414288496, 0.21959322927459968, 0.005935344193631176, 0.5976449984867793, 0.6476100007483867, 0.6581985688472164, 0.7400565749702573, 0.6540134503670104, 0.5019014008162322]]}