{"labels_1": ["1", "2", "3", "4", "5", "6", "7", "8", "9"], "labels_2": ["1", "2", "3", "4", "5", "6", "7", "8", "9"], "adj_matrix_1": [[0.0, 0.21598, 0.10946, 0.07338, 0.03204, 0.09955, 0.09878, 0.00208, 0.00217], [0.21598, 0.0, 0.26905, 0.1597, 0.19325, 0.1357, 0.13614, 0.21747, 0.21753], [0.10946, 0.26905, 0.0, 0.17139, 0.13719, 0.19154, 0.19072, 0.1075, 0.10747], [0.07338, 0.1597, 0.17139, 0.0, 0.04185, 0.02759, 0.02697, 0.07534, 0.07545], [0.03204, 0.19325, 0.13719, 0.04185, 0.0, 0.06896, 0.06844, 0.03419, 0.03426], [0.09955, 0.1357, 0.19154, 0.02759, 0.06896, 0.0, 0.00058, 0.10154, 0.10162], [0.09878, 0.13614, 0.19072, 0.02697, 0.06844, 0.00058, 0.0, 0.10095, 0.10098], [0.00208, 0.21747, 0.1075, 0.07534, 0.03419, 0.10154, 0.10095, 0.0, 9e-05], [0.00217, 0.21753, 0.10747, 0.07545, 0.03426, 0.10162, 0.10098, 9e-05, 0.0]], "adj_matrix_2": [[0.0, 0.01022, 0.22905, 0.26166, 0.18544, 0.10322, 0.19206, 0.02652, 0.04566], [0.01022, 0.0, 0.23584, 0.26671, 0.19373, 0.11291, 0.20025, 0.03672, 0.05581], [0.22905, 0.23584, 0.0, 0.06232, 0.06092, 0.14767, 0.05241, 0.20991, 0.1955], [0.26166, 0.26671, 0.06232, 0.0, 0.11971, 0.19609, 0.11178, 0.24655, 0.23514], [0.18544, 0.19373, 0.06092, 0.11971, 0.0, 0.09232, 0.00866, 0.16326, 0.14653], [0.10322, 0.11291, 0.14767, 0.19609, 0.09232, 0.0, 0.10046, 0.07769, 0.05885], [0.19206, 0.20025, 0.05241, 0.11178, 0.00866, 0.10046, 0.0, 0.17049, 0.15405], [0.02652, 0.03672, 0.20991, 0.24655, 0.16326, 0.07769, 0.17049, 0.0, 0.01929], [0.04566, 0.05581, 0.1955, 0.23514, 0.14653, 0.05885, 0.15405, 0.01929, 0.0]], "features_1": [[0.8488156359739856, 1.110761898012116, 0.0, 0.2839907790254732, 0.5904088289821955, 0.1355791394794227, 0.2913369313242221, 0.6780799050968129, 0.4502614791771793, 0.24996634177520116, 0.00822905385914674, 0.5947937458539068, 0.6495731106642132, 0.6614486130675402, 0.7949380265219311, 0.7142958260788871, 0.6165609378691228], [0.36660446064979535, 1.2114816715963495, 0.0, 0.24782700836078317, 0.6080448736218201, 0.13593155677229699, 0.2925833034929418, 0.6784555298113846, 0.43805206789891926, 0.2671822037524121, 0.008062078829516484, 0.6107278521758503, 0.6491997900245483, 0.6855463406297554, 0.7974103690390669, 0.7277965368828527, 0.6099282495464409], [0.8873944823878017, 1.2235901255099992, 0.0, 0.282026440597168, 0.6159682440067128, 0.13330978711428704, 0.2938811562294731, 0.680115052874092, 0.42869538029797627, 0.26409692695529485, 0.007727725548673403, 0.5958167776570324, 0.6441680505315945, 0.6712415427328016, 0.7906942549322288, 0.7055442189509062, 0.6165299803367824], [0.5830702700076009, 1.147961905132886, 0.0, 0.26938044655630067, 0.6066179089827083, 0.13106875691924905, 0.361937807536502, 0.6830472134155289, 0.4201071950895343, 0.24884479245729962, 0.007783488497544067, 0.5984484123063702, 0.6408729336847725, 0.6562173661396771, 0.7906435385544713, 0.7015195831392032, 0.6049245763503169], [0.1425271205045755, 1.611280733820891, 0.0, 0.23548404252271363, 0.6850907095653423, 0.12431635006223456, 0.42547203329805966, 0.6886959328359821, 0.35042204756697815, 0.31007150300185615, 0.00711334193318236, 0.6105576391719443, 0.6630182448720697, 0.6727267319068112, 0.7838430940115184, 0.7039405562849981, 0.5520385470586695], [0.384958303350071, 1.2973986699448756, 0.0, 0.2669465520942863, 0.6317603126910174, 0.12922507009245704, 0.3509356593012676, 0.6841081192032874, 0.40613379265066274, 0.2710786179457174, 0.007504523810135222, 0.6122897758837147, 0.6527036378012333, 0.6700405183065294, 0.7887641601890292, 0.7063813595181921, 0.615349461264995], [-0.027758308476662386, 1.5583444795950643, 0.0, 0.22584877789954566, 0.6844407757661978, 0.12216074631100493, 0.4573794535219413, 0.6896153998117521, 0.3527687340251773, 0.3031484830892446, 0.007392832833969631, 0.6035878854703882, 0.650127745221947, 0.6707834678735107, 0.7816222598839712, 0.687575120843602, 0.5167785293009225], [0.2625745087939366, 1.4099654001900557, 0.0, 0.2198282889872528, 0.6690099625012573, 0.11484811004299945, 0.46270252217965224, 0.6920061224582074, 0.30574129424708874, 0.26059271561013997, 0.006104040759826512, 0.5855183667422255, 0.6416376750897149, 0.6579992775798894, 0.7618002957981793, 0.6922879428667548, 0.5550002807414671], [0.37639213774123004, 1.328325106970254, 0.0, 0.2645658241665641, 0.6505224036425379, 0.1182953899854801, 0.4341796891734653, 0.6906659862281364, 0.3423527650052067, 0.2593955178369556, 0.007001439975721224, 0.5846281529537309, 0.6330560050813162, 0.6559827235979079, 0.7694210823307571, 0.6732688221081864, 0.5904222200061127]], "features_2": [[0.17217518844606783, 1.0873883605205648, 0.0, 0.27077487752947776, 0.5975639258440772, 0.12645674854447433, 0.3633937547564692, 0.6864472409888795, 0.39320853237992925, 0.23565938999240577, 0.007448685839370306, 0.6068368908230055, 0.6680690216104415, 0.6893215963838478, 0.7845166222889831, 0.6976195485818752, 0.6136239743407899], [0.24025741418845836, 1.2308049034618953, 0.0, 0.31470438029507075, 0.6385126180613201, 0.11885773677024894, 0.4838554355118866, 0.69111977025767, 0.3565713043501908, 0.24771715740900824, 0.007281081678807366, 0.6025250013271894, 0.6669203058252657, 0.6664056288757494, 0.7753413921948835, 0.7004458085814825, 0.5995572014999013], [0.5065891745990245, 1.2093084141266195, 0.0, 0.28282413052790506, 0.6293838147385852, 0.12211702980328484, 0.4383026207762676, 0.6896352730652515, 0.37510632047085557, 0.2492373635317826, 0.007504523810135222, 0.5858851982544953, 0.6378774023385536, 0.6712525586641063, 0.7795498277531876, 0.6928929535796113, 0.5990939420982931], [0.5909120018003531, 1.1797811624546866, 0.0, 0.24301626987715516, 0.6246967822315918, 0.12137342165831845, 0.4671207758918065, 0.690181295232194, 0.35970568472453435, 0.24064885302745975, 0.007057398507269275, 0.5832698480155758, 0.6533782082774847, 0.6760618428459029, 0.7806128853126675, 0.6969554479617233, 0.5976428990952637], [0.06743867382210134, 1.3797670736900771, 0.0, 0.27702187982963256, 0.6773882757600773, 0.10917471001117263, 0.6214098751764773, 0.6931452743440072, 0.2920196573692857, 0.2517746742628897, 0.006384896235913207, 0.5875952434558216, 0.6504584927349127, 0.660891539169695, 0.7590070675088836, 0.6995889878304266, 0.5600516892617209], [0.13230110693790964, 1.3234880298321088, 0.0, 0.2480042687480588, 0.6605040411836893, 0.11493314787990815, 0.5637184012275653, 0.6924753943718407, 0.3266575640122089, 0.25509368341519467, 0.0069454663283523566, 0.5891314273844881, 0.640507684279804, 0.6703682361496668, 0.7684025655696715, 0.7033269680286031, 0.5813777596611261], [0.6638963619719411, 1.5280040104851558, 0.0, 0.2614590059207698, 0.6822857629127816, 0.12016290413236216, 0.4661684345420255, 0.6907409655125731, 0.34065639238563006, 0.2848828728644959, 0.00655322669591385, 0.5816176583577313, 0.627997194627318, 0.631972382842397, 0.7764646345045403, 0.6816760610374888, 0.5667887831873023], [-0.06711099222026107, 1.492109674312978, 0.0, 0.2952945318380332, 0.6987029440999089, 0.10795283921948444, 0.5506198690037394, 0.6931271812103084, 0.2790919881221485, 0.26429726492136996, 0.006104040759826512, 0.5915361778848904, 0.6334860602939766, 0.6339961697442671, 0.7471385800401185, 0.6485218137099299, 0.5554788921511411], [0.3014164302040587, 1.5254773862345452, 0.0, 0.30697818425363976, 0.6997393028573514, 0.10929415787765978, 0.5174731373380951, 0.6930810562373413, 0.2781259366845972, 0.268348232263971, 0.006160242374180447, 0.5804151309293544, 0.6327366099921222, 0.6401237128565906, 0.7456957063091935, 0.6362791900713107, 0.549674592569902]]}