{"labels_1": ["1", "2", "3", "4", "5", "6", "7", "8", "9"], "labels_2": ["1", "2", "3", "4", "5", "6", "7", "8", "9"], "adj_matrix_1": [[0.0, 0.21598, 0.10946, 0.07338, 0.03204, 0.09955, 0.09878, 0.00208, 0.00217], [0.21598, 0.0, 0.26905, 0.1597, 0.19325, 0.1357, 0.13614, 0.21747, 0.21753], [0.10946, 0.26905, 0.0, 0.17139, 0.13719, 0.19154, 0.19072, 0.1075, 0.10747], [0.07338, 0.1597, 0.17139, 0.0, 0.04185, 0.02759, 0.02697, 0.07534, 0.07545], [0.03204, 0.19325, 0.13719, 0.04185, 0.0, 0.06896, 0.06844, 0.03419, 0.03426], [0.09955, 0.1357, 0.19154, 0.02759, 0.06896, 0.0, 0.00058, 0.10154, 0.10162], [0.09878, 0.13614, 0.19072, 0.02697, 0.06844, 0.00058, 0.0, 0.10095, 0.10098], [0.00208, 0.21747, 0.1075, 0.07534, 0.03419, 0.10154, 0.10095, 0.0, 9e-05], [0.00217, 0.21753, 0.10747, 0.07545, 0.03426, 0.10162, 0.10098, 9e-05, 0.0]], "adj_matrix_2": [[0.0, 0.0455, 0.09404, 0.01743, 0.20693, 0.29752, 0.07592, 0.10256, 0.15121], [0.0455, 0.0, 0.04932, 0.06276, 0.16822, 0.29518, 0.03087, 0.0581, 0.10869], [0.09404, 0.04932, 0.0, 0.11082, 0.12345, 0.28964, 0.01848, 0.00892, 0.06074], [0.01743, 0.06276, 0.11082, 0.0, 0.22103, 0.29777, 0.09291, 0.11922, 0.16696], [0.20693, 0.16822, 0.12345, 0.22103, 0.0, 0.25593, 0.14056, 0.11518, 0.06499], [0.29752, 0.29518, 0.28964, 0.29777, 0.25593, 0.0, 0.29064, 0.2872, 0.27629], [0.07592, 0.03087, 0.01848, 0.09291, 0.14056, 0.29064, 0.0, 0.02742, 0.07895], [0.10256, 0.0581, 0.00892, 0.11922, 0.11518, 0.2872, 0.02742, 0.0, 0.05201], [0.15121, 0.10869, 0.06074, 0.16696, 0.06499, 0.27629, 0.07895, 0.05201, 0.0]], "features_1": [[0.8488156359739856, 1.110761898012116, 0.0, 0.2839907790254732, 0.5904088289821955, 0.1355791394794227, 0.2913369313242221, 0.6780799050968129, 0.4502614791771793, 0.24996634177520116, 0.00822905385914674, 0.5947937458539068, 0.6495731106642132, 0.6614486130675402, 0.7949380265219311, 0.7142958260788871, 0.6165609378691228], [0.36660446064979535, 1.2114816715963495, 0.0, 0.24782700836078317, 0.6080448736218201, 0.13593155677229699, 0.2925833034929418, 0.6784555298113846, 0.43805206789891926, 0.2671822037524121, 0.008062078829516484, 0.6107278521758503, 0.6491997900245483, 0.6855463406297554, 0.7974103690390669, 0.7277965368828527, 0.6099282495464409], [0.8873944823878017, 1.2235901255099992, 0.0, 0.282026440597168, 0.6159682440067128, 0.13330978711428704, 0.2938811562294731, 0.680115052874092, 0.42869538029797627, 0.26409692695529485, 0.007727725548673403, 0.5958167776570324, 0.6441680505315945, 0.6712415427328016, 0.7906942549322288, 0.7055442189509062, 0.6165299803367824], [0.5830702700076009, 1.147961905132886, 0.0, 0.26938044655630067, 0.6066179089827083, 0.13106875691924905, 0.361937807536502, 0.6830472134155289, 0.4201071950895343, 0.24884479245729962, 0.007783488497544067, 0.5984484123063702, 0.6408729336847725, 0.6562173661396771, 0.7906435385544713, 0.7015195831392032, 0.6049245763503169], [0.1425271205045755, 1.611280733820891, 0.0, 0.23548404252271363, 0.6850907095653423, 0.12431635006223456, 0.42547203329805966, 0.6886959328359821, 0.35042204756697815, 0.31007150300185615, 0.00711334193318236, 0.6105576391719443, 0.6630182448720697, 0.6727267319068112, 0.7838430940115184, 0.7039405562849981, 0.5520385470586695], [0.384958303350071, 1.2973986699448756, 0.0, 0.2669465520942863, 0.6317603126910174, 0.12922507009245704, 0.3509356593012676, 0.6841081192032874, 0.40613379265066274, 0.2710786179457174, 0.007504523810135222, 0.6122897758837147, 0.6527036378012333, 0.6700405183065294, 0.7887641601890292, 0.7063813595181921, 0.615349461264995], [-0.027758308476662386, 1.5583444795950643, 0.0, 0.22584877789954566, 0.6844407757661978, 0.12216074631100493, 0.4573794535219413, 0.6896153998117521, 0.3527687340251773, 0.3031484830892446, 0.007392832833969631, 0.6035878854703882, 0.650127745221947, 0.6707834678735107, 0.7816222598839712, 0.687575120843602, 0.5167785293009225], [0.2625745087939366, 1.4099654001900557, 0.0, 0.2198282889872528, 0.6690099625012573, 0.11484811004299945, 0.46270252217965224, 0.6920061224582074, 0.30574129424708874, 0.26059271561013997, 0.006104040759826512, 0.5855183667422255, 0.6416376750897149, 0.6579992775798894, 0.7618002957981793, 0.6922879428667548, 0.5550002807414671], [0.37639213774123004, 1.328325106970254, 0.0, 0.2645658241665641, 0.6505224036425379, 0.1182953899854801, 0.4341796891734653, 0.6906659862281364, 0.3423527650052067, 0.2593955178369556, 0.007001439975721224, 0.5846281529537309, 0.6330560050813162, 0.6559827235979079, 0.7694210823307571, 0.6732688221081864, 0.5904222200061127]], "features_2": [[-0.10903021463467688, 1.1451277896796255, 0.0, 0.1832432915361172, 0.5895569300957966, 0.13778124978563144, 0.2228129978469518, 0.673525866828165, 0.42985611322283557, 0.2636185556207886, 0.007671947615560004, 0.6322124412548438, 0.6569914570989327, 0.6849155615768936, 0.7962121938566423, 0.7101618017341688, 0.6029528829564232], [-0.17031027933028975, 1.1718911764559652, 0.0, 0.22449327239710776, 0.5921271091260587, 0.1379209453571459, 0.2392598941772178, 0.6726804935518316, 0.44449035743993637, 0.27263638781384625, 0.007950687539111767, 0.6341846206196795, 0.6667244944550506, 0.6934364487135388, 0.7932527990640664, 0.6994265674628289, 0.6011074571286638], [-0.04946343228827166, 1.1579739810598875, 0.0, 0.20482601000014863, 0.5925533413482846, 0.13648027728786985, 0.19006922384693184, 0.6734213575606849, 0.4202048354107366, 0.2641546271082311, 0.007504523810135222, 0.6256587995274421, 0.638256570021568, 0.6678702230832287, 0.788946206098026, 0.7093791452786816, 0.605577617288437], [-0.07764400296272056, 1.1495065267318323, 0.0, 0.1836280024012246, 0.5984226275731294, 0.1314227795211768, 0.29123462169393194, 0.6809249821114993, 0.3858442995363194, 0.2531979877432635, 0.007225183508792421, 0.626473535058222, 0.6450298795127158, 0.6640926236250276, 0.7883369898349529, 0.696603538951576, 0.5940794399362279], [0.07796457478317587, 1.524696440201627, 0.0, 0.1824796774379546, 0.6724368404177266, 0.12380909723022204, 0.6046775465821831, 0.6887968512043442, 0.3368974306723618, 0.2946063386715765, 0.006609306440138685, 0.6056100621479303, 0.6407537951216743, 0.6587153363907359, 0.7773182786580309, 0.678739309323432, 0.5276914246208616], [0.21600087975457605, 1.1991997571772592, 0.0, 0.23866554151545322, 0.6127996120405604, 0.12889931417416098, 0.32731138187964814, 0.6833561050767853, 0.3759837788971361, 0.2581416682536273, 0.007392832833969631, 0.5954885967010326, 0.6561835032924825, 0.6911862674536672, 0.784848906286587, 0.6894207253786767, 0.6139943462752183], [0.2093307764122727, 1.6003977244592982, 0.0, 0.22732054887255593, 0.6901125516543715, 0.12033722043471398, 0.5083232249075558, 0.6903648221085781, 0.3260689294329231, 0.300553614465225, 0.006497131753992358, 0.6202096099699701, 0.6330082825568926, 0.6457246120644452, 0.7768121535285812, 0.6874195297912937, 0.504262633778308], [-0.15821489589814597, 1.5165165843467623, 0.0, 0.2312281659981527, 0.6930259695361244, 0.11135840447192574, 0.7196958543334795, 0.6930554039449024, 0.28196125574256237, 0.27614203701605455, 0.006047823865199753, 0.5937415455895922, 0.6354642787520299, 0.6515144548632079, 0.7553626882845215, 0.6542825546811877, 0.5128378814600277], [-0.039964806457004176, 1.5738203432650957, 0.0, 0.2338616213516603, 0.701655283686261, 0.10775798072630662, 0.5069649423758534, 0.6931382284575971, 0.25909551032150335, 0.27801352588022676, 0.005822803276368971, 0.5899212123583408, 0.6383084020962984, 0.6521743035407899, 0.7439669750918669, 0.6770627981907684, 0.4951805917317896]]}