{"labels_1": ["1", "2", "3", "4", "5", "6", "7", "8", "9"], "labels_2": ["1", "2", "3", "4", "5", "6", "7", "8", "9"], "adj_matrix_1": [[0.0, 0.21598, 0.10946, 0.07338, 0.03204, 0.09955, 0.09878, 0.00208, 0.00217], [0.21598, 0.0, 0.26905, 0.1597, 0.19325, 0.1357, 0.13614, 0.21747, 0.21753], [0.10946, 0.26905, 0.0, 0.17139, 0.13719, 0.19154, 0.19072, 0.1075, 0.10747], [0.07338, 0.1597, 0.17139, 0.0, 0.04185, 0.02759, 0.02697, 0.07534, 0.07545], [0.03204, 0.19325, 0.13719, 0.04185, 0.0, 0.06896, 0.06844, 0.03419, 0.03426], [0.09955, 0.1357, 0.19154, 0.02759, 0.06896, 0.0, 0.00058, 0.10154, 0.10162], [0.09878, 0.13614, 0.19072, 0.02697, 0.06844, 0.00058, 0.0, 0.10095, 0.10098], [0.00208, 0.21747, 0.1075, 0.07534, 0.03419, 0.10154, 0.10095, 0.0, 9e-05], [0.00217, 0.21753, 0.10747, 0.07545, 0.03426, 0.10162, 0.10098, 9e-05, 0.0]], "adj_matrix_2": [[0.0, 0.15139, 0.00545, 0.00612, 0.03985, 0.1191, 0.30517, 0.2074, 0.00188], [0.15139, 0.0, 0.15632, 0.15693, 0.18667, 0.03498, 0.22268, 0.06598, 0.14959], [0.00545, 0.15632, 0.0, 0.00066, 0.03445, 0.12426, 0.30709, 0.2119, 0.00734], [0.00612, 0.15693, 0.00066, 0.0, 0.03377, 0.12488, 0.30747, 0.21237, 0.008], [0.03985, 0.18667, 0.03445, 0.03377, 0.0, 0.15613, 0.31845, 0.2388, 0.04176], [0.1191, 0.03498, 0.12426, 0.12488, 0.15613, 0.0, 0.245, 0.09984, 0.1173], [0.30517, 0.22268, 0.30709, 0.30747, 0.31845, 0.245, 0.0, 0.17346, 0.30382], [0.2074, 0.06598, 0.2119, 0.21237, 0.2388, 0.09984, 0.17346, 0.0, 0.20598], [0.00188, 0.14959, 0.00734, 0.008, 0.04176, 0.1173, 0.30382, 0.20598, 0.0]], "features_1": [[0.8488156359739856, 1.110761898012116, 0.0, 0.2839907790254732, 0.5904088289821955, 0.1355791394794227, 0.2913369313242221, 0.6780799050968129, 0.4502614791771793, 0.24996634177520116, 0.00822905385914674, 0.5947937458539068, 0.6495731106642132, 0.6614486130675402, 0.7949380265219311, 0.7142958260788871, 0.6165609378691228], [0.36660446064979535, 1.2114816715963495, 0.0, 0.24782700836078317, 0.6080448736218201, 0.13593155677229699, 0.2925833034929418, 0.6784555298113846, 0.43805206789891926, 0.2671822037524121, 0.008062078829516484, 0.6107278521758503, 0.6491997900245483, 0.6855463406297554, 0.7974103690390669, 0.7277965368828527, 0.6099282495464409], [0.8873944823878017, 1.2235901255099992, 0.0, 0.282026440597168, 0.6159682440067128, 0.13330978711428704, 0.2938811562294731, 0.680115052874092, 0.42869538029797627, 0.26409692695529485, 0.007727725548673403, 0.5958167776570324, 0.6441680505315945, 0.6712415427328016, 0.7906942549322288, 0.7055442189509062, 0.6165299803367824], [0.5830702700076009, 1.147961905132886, 0.0, 0.26938044655630067, 0.6066179089827083, 0.13106875691924905, 0.361937807536502, 0.6830472134155289, 0.4201071950895343, 0.24884479245729962, 0.007783488497544067, 0.5984484123063702, 0.6408729336847725, 0.6562173661396771, 0.7906435385544713, 0.7015195831392032, 0.6049245763503169], [0.1425271205045755, 1.611280733820891, 0.0, 0.23548404252271363, 0.6850907095653423, 0.12431635006223456, 0.42547203329805966, 0.6886959328359821, 0.35042204756697815, 0.31007150300185615, 0.00711334193318236, 0.6105576391719443, 0.6630182448720697, 0.6727267319068112, 0.7838430940115184, 0.7039405562849981, 0.5520385470586695], [0.384958303350071, 1.2973986699448756, 0.0, 0.2669465520942863, 0.6317603126910174, 0.12922507009245704, 0.3509356593012676, 0.6841081192032874, 0.40613379265066274, 0.2710786179457174, 0.007504523810135222, 0.6122897758837147, 0.6527036378012333, 0.6700405183065294, 0.7887641601890292, 0.7063813595181921, 0.615349461264995], [-0.027758308476662386, 1.5583444795950643, 0.0, 0.22584877789954566, 0.6844407757661978, 0.12216074631100493, 0.4573794535219413, 0.6896153998117521, 0.3527687340251773, 0.3031484830892446, 0.007392832833969631, 0.6035878854703882, 0.650127745221947, 0.6707834678735107, 0.7816222598839712, 0.687575120843602, 0.5167785293009225], [0.2625745087939366, 1.4099654001900557, 0.0, 0.2198282889872528, 0.6690099625012573, 0.11484811004299945, 0.46270252217965224, 0.6920061224582074, 0.30574129424708874, 0.26059271561013997, 0.006104040759826512, 0.5855183667422255, 0.6416376750897149, 0.6579992775798894, 0.7618002957981793, 0.6922879428667548, 0.5550002807414671], [0.37639213774123004, 1.328325106970254, 0.0, 0.2645658241665641, 0.6505224036425379, 0.1182953899854801, 0.4341796891734653, 0.6906659862281364, 0.3423527650052067, 0.2593955178369556, 0.007001439975721224, 0.5846281529537309, 0.6330560050813162, 0.6559827235979079, 0.7694210823307571, 0.6732688221081864, 0.5904222200061127]], "features_2": [[0.022965040082381982, 0.9315755085108306, 0.0, 0.21309274427969746, 0.5409810902041992, 0.13238976006083847, 0.158925000612507, 0.6762093995763562, 0.38642027534308454, 0.21198161339382193, 0.007560346756364078, 0.6178640707012863, 0.6423112832069178, 0.6639876516710899, 0.7733918794805871, 0.6937568307242602, 0.5926913535547214], [0.15291887601485765, 1.0698350260866263, 0.0, 0.2515657874098659, 0.5771578892600785, 0.12918645144305246, 0.1995806483706815, 0.6801960884455721, 0.3725598355719306, 0.232674964559902, 0.007560346756364078, 0.6081883217919359, 0.6350886952739425, 0.6510490123216415, 0.7704118379185636, 0.6872114098658086, 0.5912025872937975], [0.1650983324803148, 1.0559642857873566, 0.0, 0.20911512007820918, 0.5797456620711273, 0.12727876223859072, 0.20506294174318782, 0.6824687128076294, 0.35165276495628617, 0.22520958302073302, 0.00683347364535547, 0.6157537940482953, 0.6213805423099393, 0.640930098577831, 0.767628899743798, 0.6761131536379393, 0.5950999348143295], [0.22366615474761709, 0.9660607350687793, 0.0, 0.2262594748427334, 0.5588989219887872, 0.1291590246963911, 0.22661025947668847, 0.6815301960995361, 0.3677563952577976, 0.2118372076118209, 0.00716927026363523, 0.6127955110030356, 0.6321758106638538, 0.6446388903892297, 0.7754323749209053, 0.6867902279336467, 0.5959715566277596], [0.32817432677555214, 1.2980424704124869, 0.0, 0.2718797638077867, 0.6354624389563132, 0.11964262777216908, 0.40767025771681203, 0.6893464464465355, 0.33058118458884067, 0.2522074365508493, 0.0066653709969386465, 0.6101480474844445, 0.6377505003802221, 0.6328054331100579, 0.7691347579857498, 0.6768983715745195, 0.5684793426823767], [0.32247491472982137, 1.1385165153267203, 0.0, 0.21856629686761006, 0.6044078070000796, 0.12279776737313045, 0.31708385710356596, 0.6874579588877715, 0.3373568221423455, 0.2321261998109203, 0.00677745458930179, 0.6043867959045122, 0.6414948452429676, 0.6620954647597063, 0.7699443010229801, 0.6949573329707014, 0.5945261540522849], [0.445599971270497, 0.9969032636592138, 0.0, 0.222115198747076, 0.5763096745458116, 0.1256507286157171, 0.3964244312402826, 0.687242467446703, 0.3564521976041526, 0.2130874749321916, 0.00683347364535547, 0.5918540214551786, 0.646898379397246, 0.6796622352665475, 0.7864521972779713, 0.7004062324111028, 0.5790765898112357], [-0.018925724895968887, 1.3246812377554078, 0.0, 0.23861750102618412, 0.6509939228021441, 0.11462222784489617, 0.4154391892644199, 0.6918566609192863, 0.2993594485407036, 0.2514843673090583, 0.006104040759826512, 0.5970340806340917, 0.6480868929503378, 0.6514386058793318, 0.7575411195455464, 0.6931958392767849, 0.5378936412805473], [-0.3543374770924874, 1.2454372187295417, 0.0, 0.22774868709412383, 0.6326608239464047, 0.11789766769280453, 0.418825662078806, 0.6909245671320341, 0.3070017548616575, 0.24745913504719685, 0.006216428718621936, 0.6021280979949812, 0.6314342824833212, 0.6463026022424347, 0.7671141573674826, 0.682695393231667, 0.544645988821781]]}