{"labels_1": ["1", "2", "3", "4", "5", "6", "7", "8", "9"], "labels_2": ["1", "2", "3", "4", "5", "6", "7", "8", "9"], "adj_matrix_1": [[0.0, 0.21598, 0.10946, 0.07338, 0.03204, 0.09955, 0.09878, 0.00208, 0.00217], [0.21598, 0.0, 0.26905, 0.1597, 0.19325, 0.1357, 0.13614, 0.21747, 0.21753], [0.10946, 0.26905, 0.0, 0.17139, 0.13719, 0.19154, 0.19072, 0.1075, 0.10747], [0.07338, 0.1597, 0.17139, 0.0, 0.04185, 0.02759, 0.02697, 0.07534, 0.07545], [0.03204, 0.19325, 0.13719, 0.04185, 0.0, 0.06896, 0.06844, 0.03419, 0.03426], [0.09955, 0.1357, 0.19154, 0.02759, 0.06896, 0.0, 0.00058, 0.10154, 0.10162], [0.09878, 0.13614, 0.19072, 0.02697, 0.06844, 0.00058, 0.0, 0.10095, 0.10098], [0.00208, 0.21747, 0.1075, 0.07534, 0.03419, 0.10154, 0.10095, 0.0, 9e-05], [0.00217, 0.21753, 0.10747, 0.07545, 0.03426, 0.10162, 0.10098, 9e-05, 0.0]], "adj_matrix_2": [[0.0, 0.38799, 0.25562, 0.21615, 0.04339, 0.15992, 0.24052, 0.22789, 0.19273], [0.38799, 0.0, 0.25668, 0.29739, 0.38565, 0.33993, 0.23734, 0.28614, 0.31699], [0.25562, 0.25668, 0.0, 0.0541, 0.28, 0.12041, 0.27523, 0.03837, 0.08288], [0.21615, 0.29739, 0.0541, 0.0, 0.24562, 0.06802, 0.2778, 0.01584, 0.02927], [0.04339, 0.38565, 0.28, 0.24562, 0.0, 0.19528, 0.22139, 0.25609, 0.22497], [0.15992, 0.33993, 0.12041, 0.06802, 0.19528, 0.0, 0.27625, 0.0835, 0.03905], [0.24052, 0.23734, 0.27523, 0.2778, 0.22139, 0.27625, 0.0, 0.27703, 0.27761], [0.22789, 0.28614, 0.03837, 0.01584, 0.25609, 0.0835, 0.27703, 0.0, 0.04504], [0.19273, 0.31699, 0.08288, 0.02927, 0.22497, 0.03905, 0.27761, 0.04504, 0.0]], "features_1": [[0.8488156359739856, 1.110761898012116, 0.0, 0.2839907790254732, 0.5904088289821955, 0.1355791394794227, 0.2913369313242221, 0.6780799050968129, 0.4502614791771793, 0.24996634177520116, 0.00822905385914674, 0.5947937458539068, 0.6495731106642132, 0.6614486130675402, 0.7949380265219311, 0.7142958260788871, 0.6165609378691228], [0.36660446064979535, 1.2114816715963495, 0.0, 0.24782700836078317, 0.6080448736218201, 0.13593155677229699, 0.2925833034929418, 0.6784555298113846, 0.43805206789891926, 0.2671822037524121, 0.008062078829516484, 0.6107278521758503, 0.6491997900245483, 0.6855463406297554, 0.7974103690390669, 0.7277965368828527, 0.6099282495464409], [0.8873944823878017, 1.2235901255099992, 0.0, 0.282026440597168, 0.6159682440067128, 0.13330978711428704, 0.2938811562294731, 0.680115052874092, 0.42869538029797627, 0.26409692695529485, 0.007727725548673403, 0.5958167776570324, 0.6441680505315945, 0.6712415427328016, 0.7906942549322288, 0.7055442189509062, 0.6165299803367824], [0.5830702700076009, 1.147961905132886, 0.0, 0.26938044655630067, 0.6066179089827083, 0.13106875691924905, 0.361937807536502, 0.6830472134155289, 0.4201071950895343, 0.24884479245729962, 0.007783488497544067, 0.5984484123063702, 0.6408729336847725, 0.6562173661396771, 0.7906435385544713, 0.7015195831392032, 0.6049245763503169], [0.1425271205045755, 1.611280733820891, 0.0, 0.23548404252271363, 0.6850907095653423, 0.12431635006223456, 0.42547203329805966, 0.6886959328359821, 0.35042204756697815, 0.31007150300185615, 0.00711334193318236, 0.6105576391719443, 0.6630182448720697, 0.6727267319068112, 0.7838430940115184, 0.7039405562849981, 0.5520385470586695], [0.384958303350071, 1.2973986699448756, 0.0, 0.2669465520942863, 0.6317603126910174, 0.12922507009245704, 0.3509356593012676, 0.6841081192032874, 0.40613379265066274, 0.2710786179457174, 0.007504523810135222, 0.6122897758837147, 0.6527036378012333, 0.6700405183065294, 0.7887641601890292, 0.7063813595181921, 0.615349461264995], [-0.027758308476662386, 1.5583444795950643, 0.0, 0.22584877789954566, 0.6844407757661978, 0.12216074631100493, 0.4573794535219413, 0.6896153998117521, 0.3527687340251773, 0.3031484830892446, 0.007392832833969631, 0.6035878854703882, 0.650127745221947, 0.6707834678735107, 0.7816222598839712, 0.687575120843602, 0.5167785293009225], [0.2625745087939366, 1.4099654001900557, 0.0, 0.2198282889872528, 0.6690099625012573, 0.11484811004299945, 0.46270252217965224, 0.6920061224582074, 0.30574129424708874, 0.26059271561013997, 0.006104040759826512, 0.5855183667422255, 0.6416376750897149, 0.6579992775798894, 0.7618002957981793, 0.6922879428667548, 0.5550002807414671], [0.37639213774123004, 1.328325106970254, 0.0, 0.2645658241665641, 0.6505224036425379, 0.1182953899854801, 0.4341796891734653, 0.6906659862281364, 0.3423527650052067, 0.2593955178369556, 0.007001439975721224, 0.5846281529537309, 0.6330560050813162, 0.6559827235979079, 0.7694210823307571, 0.6732688221081864, 0.5904222200061127]], "features_2": [[0.15123225750295344, 0.8905134017212504, 0.0, 0.2685556861417528, 0.5362779267499188, 0.1346024861543083, 0.20378545070140747, 0.6756497581033627, 0.4141450029925269, 0.20742112263666268, 0.007616154688146137, 0.6127080843517154, 0.6435772130587005, 0.6434591775563911, 0.7860144339801818, 0.6950208048889774, 0.6250291838835254], [-0.03218782535448694, 0.9791319535728398, 0.0, 0.25303032831896355, 0.5626328182548392, 0.131331504819828, 0.2418562549265552, 0.6797809104455594, 0.3901875674990747, 0.2190941931581485, 0.007448685839370306, 0.632432221132891, 0.6544557804966904, 0.6567884868171248, 0.7804977587782619, 0.7003420865668674, 0.6241533816610131], [-0.03114633058008387, 0.9985116710046974, 0.0, 0.267056898995034, 0.5725467501462609, 0.12971804110201496, 0.2601374609555542, 0.6814363036022814, 0.3870502174035333, 0.2220482231071077, 0.007448685839370306, 0.6180742248444375, 0.6571460097365059, 0.6781634213136227, 0.7771491620898886, 0.7048600558718456, 0.621376933621168], [0.24649994181422352, 0.9520345901991686, 0.0, 0.29244036455803, 0.553622435163095, 0.13296697267994292, 0.2645566498831933, 0.6775211872295841, 0.40920972207512185, 0.21535086973683937, 0.007671947615560004, 0.61378074798125, 0.63286100440343, 0.6536783746186894, 0.7792649545776782, 0.6934488216697042, 0.6171908307526385], [0.6610469445707827, 1.1555516095068177, 0.0, 0.28064680242634193, 0.6145853569231067, 0.12300604274231174, 0.5718077460074845, 0.6886568906301527, 0.3526003887358993, 0.2359512545464777, 0.00716927026363523, 0.5888304920633027, 0.6353722198664504, 0.6506895138050143, 0.7726094101882215, 0.6986339642257101, 0.5828851657076883], [0.02035229970546437, 1.0652834328373921, 0.0, 0.27406126315079726, 0.5966974307745986, 0.12490515740051317, 0.45021425928139036, 0.6869765670317123, 0.360235611391716, 0.22537377854331586, 0.007225183508792421, 0.6090206961758391, 0.654085472259354, 0.6862959699612619, 0.7748623433539931, 0.6832504740730411, 0.6038113050473101], [0.8247078877498661, 1.1469117738297718, 0.0, 0.285514761745669, 0.6049718286679652, 0.12772839067038122, 0.4483856687935351, 0.685246598275217, 0.36125022722471356, 0.2357049777864122, 0.007057398507269275, 0.5776191736984886, 0.6420878559673453, 0.6505108182646577, 0.7803856495677438, 0.6901547416628959, 0.5773296456346536], [-0.18666164725476575, 1.1592254073077108, 0.0, 0.24599205798162396, 0.6280568243538828, 0.11701753863033867, 0.8477357711513698, 0.6920779438052949, 0.31476874646365904, 0.22825117743352097, 0.00655322669591385, 0.6033544257590022, 0.6368669995523097, 0.6596867010543968, 0.7631092218539848, 0.6741531304192134, 0.5469025891853481], [-0.18005108236471346, 1.1538493729195476, 0.0, 0.2566863797790048, 0.6250652984988128, 0.11633759473952189, 0.7403032773363236, 0.6920848596990841, 0.30473133535624974, 0.22656529094677214, 0.0066653709969386465, 0.5983208803006308, 0.6485153704523925, 0.6703534874006533, 0.7633263235839979, 0.6831584232950331, 0.5458734512546384]]}