{"labels_1": ["1", "2", "3", "4", "5", "6", "7", "8", "9"], "labels_2": ["1", "2", "3", "4", "5", "6", "7", "8", "9"], "adj_matrix_1": [[0.0, 0.21598, 0.10946, 0.07338, 0.03204, 0.09955, 0.09878, 0.00208, 0.00217], [0.21598, 0.0, 0.26905, 0.1597, 0.19325, 0.1357, 0.13614, 0.21747, 0.21753], [0.10946, 0.26905, 0.0, 0.17139, 0.13719, 0.19154, 0.19072, 0.1075, 0.10747], [0.07338, 0.1597, 0.17139, 0.0, 0.04185, 0.02759, 0.02697, 0.07534, 0.07545], [0.03204, 0.19325, 0.13719, 0.04185, 0.0, 0.06896, 0.06844, 0.03419, 0.03426], [0.09955, 0.1357, 0.19154, 0.02759, 0.06896, 0.0, 0.00058, 0.10154, 0.10162], [0.09878, 0.13614, 0.19072, 0.02697, 0.06844, 0.00058, 0.0, 0.10095, 0.10098], [0.00208, 0.21747, 0.1075, 0.07534, 0.03419, 0.10154, 0.10095, 0.0, 9e-05], [0.00217, 0.21753, 0.10747, 0.07545, 0.03426, 0.10162, 0.10098, 9e-05, 0.0]], "adj_matrix_2": [[0.0, 0.23886, 0.16778, 0.03493, 0.17763, 0.22313, 0.07765, 0.26815, 0.27614], [0.23886, 0.0, 0.10033, 0.21621, 0.32006, 0.02706, 0.18472, 0.07202, 0.12937], [0.16778, 0.10033, 0.0, 0.1374, 0.29623, 0.07482, 0.09744, 0.16235, 0.20421], [0.03493, 0.21621, 0.1374, 0.0, 0.20683, 0.19816, 0.04332, 0.25267, 0.26728], [0.17763, 0.32006, 0.29623, 0.20683, 0.0, 0.31777, 0.23975, 0.31304, 0.29051], [0.22313, 0.02706, 0.07482, 0.19816, 0.31777, 0.0, 0.16401, 0.09747, 0.15138], [0.07765, 0.18472, 0.09744, 0.04332, 0.23975, 0.16401, 0.0, 0.22981, 0.25279], [0.26815, 0.07202, 0.16235, 0.25267, 0.31304, 0.09747, 0.22981, 0.0, 0.0631], [0.27614, 0.12937, 0.20421, 0.26728, 0.29051, 0.15138, 0.25279, 0.0631, 0.0]], "features_1": [[0.8488156359739856, 1.110761898012116, 0.0, 0.2839907790254732, 0.5904088289821955, 0.1355791394794227, 0.2913369313242221, 0.6780799050968129, 0.4502614791771793, 0.24996634177520116, 0.00822905385914674, 0.5947937458539068, 0.6495731106642132, 0.6614486130675402, 0.7949380265219311, 0.7142958260788871, 0.6165609378691228], [0.36660446064979535, 1.2114816715963495, 0.0, 0.24782700836078317, 0.6080448736218201, 0.13593155677229699, 0.2925833034929418, 0.6784555298113846, 0.43805206789891926, 0.2671822037524121, 0.008062078829516484, 0.6107278521758503, 0.6491997900245483, 0.6855463406297554, 0.7974103690390669, 0.7277965368828527, 0.6099282495464409], [0.8873944823878017, 1.2235901255099992, 0.0, 0.282026440597168, 0.6159682440067128, 0.13330978711428704, 0.2938811562294731, 0.680115052874092, 0.42869538029797627, 0.26409692695529485, 0.007727725548673403, 0.5958167776570324, 0.6441680505315945, 0.6712415427328016, 0.7906942549322288, 0.7055442189509062, 0.6165299803367824], [0.5830702700076009, 1.147961905132886, 0.0, 0.26938044655630067, 0.6066179089827083, 0.13106875691924905, 0.361937807536502, 0.6830472134155289, 0.4201071950895343, 0.24884479245729962, 0.007783488497544067, 0.5984484123063702, 0.6408729336847725, 0.6562173661396771, 0.7906435385544713, 0.7015195831392032, 0.6049245763503169], [0.1425271205045755, 1.611280733820891, 0.0, 0.23548404252271363, 0.6850907095653423, 0.12431635006223456, 0.42547203329805966, 0.6886959328359821, 0.35042204756697815, 0.31007150300185615, 0.00711334193318236, 0.6105576391719443, 0.6630182448720697, 0.6727267319068112, 0.7838430940115184, 0.7039405562849981, 0.5520385470586695], [0.384958303350071, 1.2973986699448756, 0.0, 0.2669465520942863, 0.6317603126910174, 0.12922507009245704, 0.3509356593012676, 0.6841081192032874, 0.40613379265066274, 0.2710786179457174, 0.007504523810135222, 0.6122897758837147, 0.6527036378012333, 0.6700405183065294, 0.7887641601890292, 0.7063813595181921, 0.615349461264995], [-0.027758308476662386, 1.5583444795950643, 0.0, 0.22584877789954566, 0.6844407757661978, 0.12216074631100493, 0.4573794535219413, 0.6896153998117521, 0.3527687340251773, 0.3031484830892446, 0.007392832833969631, 0.6035878854703882, 0.650127745221947, 0.6707834678735107, 0.7816222598839712, 0.687575120843602, 0.5167785293009225], [0.2625745087939366, 1.4099654001900557, 0.0, 0.2198282889872528, 0.6690099625012573, 0.11484811004299945, 0.46270252217965224, 0.6920061224582074, 0.30574129424708874, 0.26059271561013997, 0.006104040759826512, 0.5855183667422255, 0.6416376750897149, 0.6579992775798894, 0.7618002957981793, 0.6922879428667548, 0.5550002807414671], [0.37639213774123004, 1.328325106970254, 0.0, 0.2645658241665641, 0.6505224036425379, 0.1182953899854801, 0.4341796891734653, 0.6906659862281364, 0.3423527650052067, 0.2593955178369556, 0.007001439975721224, 0.5846281529537309, 0.6330560050813162, 0.6559827235979079, 0.7694210823307571, 0.6732688221081864, 0.5904222200061127]], "features_2": [[0.27614090679590575, 1.0476905073713025, 0.0, 0.28018302049431176, 0.5752366304527333, 0.13307404008123686, 0.2188619797215985, 0.677653257727332, 0.4173468647385088, 0.23567033948369498, 0.007894969482732161, 0.606776681870947, 0.6471106530616225, 0.657210055304155, 0.7831080124929722, 0.7141502260729055, 0.6212931617986773], [0.3854566827817858, 1.1332051488011177, 0.0, 0.2944387778895556, 0.603385938167708, 0.12687955018771907, 0.31382605444313966, 0.6847911528197179, 0.38095513746521514, 0.24203612559690768, 0.007504523810135222, 0.596337360555677, 0.6516362981692319, 0.6668531467302433, 0.7771003009650206, 0.6991990634215687, 0.6012896452119726], [0.5993687140799344, 1.1812737825350432, 0.0, 0.31088764346083414, 0.6094718957695454, 0.13011183655395211, 0.2347533786581401, 0.6809823515194942, 0.40725098391703374, 0.25386736438278756, 0.00822905385914674, 0.5931477786185968, 0.6320456446350616, 0.6357299324198505, 0.7772806667951443, 0.7059329352287113, 0.6135983569407485], [0.5611553170852943, 1.1220132424263343, 0.0, 0.2756135174150506, 0.5971487694387675, 0.1298716808706777, 0.24855727402251232, 0.6813785654640183, 0.4079698733163968, 0.24290164951518767, 0.007894969482732161, 0.5998588025779488, 0.633319686637087, 0.6406800976355587, 0.7780232143244517, 0.6939642755416222, 0.6080085561284518], [-0.05735850674158938, 1.2787947315400803, 0.0, 0.26664569018607526, 0.6425611934397584, 0.12064217859937368, 0.6794084227823312, 0.6903840362729909, 0.3189563846377217, 0.2520057056121425, 0.006497131753992358, 0.605639072050931, 0.6388808220224605, 0.6609465048365407, 0.766772864740115, 0.6902104775577189, 0.5678647827088948], [1.059103735183144, 1.2377712669869556, 0.0, 0.29623372570769924, 0.629720292024017, 0.12432341088568574, 0.30617545076949637, 0.6864583761796104, 0.37705816747562815, 0.2513418143053736, 0.007225183508792421, 0.5796797633708888, 0.6353602346046903, 0.6503766724028358, 0.7704674675810219, 0.7038427784108587, 0.5969224274922373], [0.8788840572772258, 1.2462418567814493, 0.0, 0.27461291409292554, 0.6392379206379937, 0.11887927564389539, 0.5179492987334591, 0.691007546473744, 0.33708484554155715, 0.2422535302600295, 0.006889477554966383, 0.58448993704532, 0.6270940082284571, 0.6441300002773684, 0.773533038821937, 0.7099319637695254, 0.5626904929253542], [1.337675587721721, 1.2875457662297658, 0.0, 0.28530309340375504, 0.6536175012648171, 0.11434128750664826, 0.3927595287136313, 0.6918820168229097, 0.3083915308623977, 0.23842121214299494, 0.00655322669591385, 0.5598482378076315, 0.6102467442956166, 0.6205945441333296, 0.7543888375549614, 0.6902894236406601, 0.5450245401704087], [1.2858271647735728, 1.2159631343232378, 0.0, 0.31922340964410917, 0.6411192421150732, 0.11330631833094926, 0.5387903098341547, 0.6924149526785759, 0.2927400149532684, 0.2236056668354809, 0.006160242374180447, 0.5639206479864369, 0.6224693612936346, 0.5985402551137669, 0.7546336286386536, 0.6836220084074435, 0.5442936145006733]]}