{"labels_1": ["1", "2", "3", "4", "5", "6", "7", "8", "9"], "labels_2": ["1", "2", "3", "4", "5", "6", "7", "8", "9"], "adj_matrix_1": [[0.0, 0.0584, 0.15153, 0.12346, 0.24299, 0.18746, 0.13188, 0.0096, 0.14056], [0.0584, 0.0, 0.20173, 0.176, 0.20507, 0.23413, 0.18375, 0.04893, 0.19172], [0.15153, 0.20173, 0.0, 0.03033, 0.31244, 0.04046, 0.021, 0.16014, 0.01176], [0.12346, 0.176, 0.03033, 0.0, 0.30238, 0.07049, 0.00932, 0.13238, 0.01858], [0.24299, 0.20507, 0.31244, 0.30238, 0.0, 0.32357, 0.30538, 0.23742, 0.30862], [0.18746, 0.23413, 0.04046, 0.07049, 0.32357, 0.0, 0.06129, 0.19566, 0.05215], [0.13188, 0.18375, 0.021, 0.00932, 0.30538, 0.06129, 0.0, 0.14089, 0.00926], [0.0096, 0.04893, 0.16014, 0.13238, 0.23742, 0.19566, 0.14089, 0.0, 0.14943], [0.14056, 0.19172, 0.01176, 0.01858, 0.30862, 0.05215, 0.00926, 0.14943, 0.0]], "adj_matrix_2": [[0.0, 0.21208, 0.10157, 0.14208, 0.25409, 0.08723, 0.14488, 0.14079, 0.22276], [0.21208, 0.0, 0.13201, 0.09146, 0.09434, 0.14493, 0.28938, 0.28775, 0.31608], [0.10157, 0.13201, 0.0, 0.04474, 0.20209, 0.01515, 0.22735, 0.22408, 0.28666], [0.14208, 0.09146, 0.04474, 0.0, 0.17167, 0.0596, 0.25449, 0.25173, 0.30373], [0.25409, 0.09434, 0.20209, 0.17167, 0.0, 0.21127, 0.28984, 0.28937, 0.29424], [0.08723, 0.14493, 0.01515, 0.0596, 0.21127, 0.0, 0.2169, 0.21348, 0.27943], [0.14488, 0.28938, 0.22735, 0.25449, 0.28984, 0.2169, 0.0, 0.00455, 0.09129], [0.14079, 0.28775, 0.22408, 0.25173, 0.28937, 0.21348, 0.00455, 0.0, 0.09568], [0.22276, 0.31608, 0.28666, 0.30373, 0.29424, 0.27943, 0.09129, 0.09568, 0.0]], "features_1": [[0.18094722227002435, 1.010058924361035, 0.0, 0.2166501913086866, 0.5543425532026094, 0.14121725751570027, 0.2283574661630226, 0.6701307467975137, 0.45192098180532025, 0.23899904729016241, 0.008006390651371653, 0.6161862515115877, 0.6590050406660376, 0.6908373296731863, 0.8035142784586945, 0.7115069978992955, 0.6141418589578673], [0.25473695742105784, 1.163048439316155, 0.0, 0.22298489351508688, 0.5878211229709864, 0.13923906545149475, 0.28140781196409603, 0.6742294638209785, 0.460037449506866, 0.2684638687737957, 0.008451478759474051, 0.6302405231583508, 0.6613667468415677, 0.7003940844982244, 0.8062260336208013, 0.7200905241404854, 0.6071038501733067], [0.02732380184701455, 1.0945783824685273, 0.0, 0.2079275089182371, 0.5768070673348492, 0.14065311312183787, 0.20725791067969085, 0.6706753043192772, 0.4633167855475666, 0.2582728428341938, 0.008173410423425675, 0.6282236735044981, 0.6616270861632917, 0.6917657740686846, 0.799929828095836, 0.7072028278048779, 0.6114167435689688], [-0.08288584929602649, 1.078056519076259, 0.0, 0.1987540140251591, 0.5757878647545843, 0.13676686498714896, 0.23823122505517064, 0.6752640965804375, 0.43345236033045076, 0.24941182976334098, 0.007783488497544067, 0.6304930310963668, 0.6685998741185133, 0.6915599334098289, 0.795851050824433, 0.7037779807137947, 0.6075926070240097], [0.3786131379407722, 1.4634845571237884, 0.0, 0.27075173785502876, 0.648398851174876, 0.12955028663884838, 0.3800022099649382, 0.6841722233208742, 0.3867210213930481, 0.30093207899508756, 0.007225183508792421, 0.6127810519887373, 0.6497137607341397, 0.6780596713572795, 0.7925583000315675, 0.7132519185982455, 0.543814298334075], [-0.18376570435011264, 1.209081900438024, 0.0, 0.23785989589340661, 0.6065337215866835, 0.1385583890500352, 0.25445616272788596, 0.6748707860092229, 0.4575314947041602, 0.279014944883615, 0.00839589484089287, 0.6391406700534432, 0.6589663341306018, 0.6966616184609213, 0.7999262617076957, 0.6970310304187541, 0.600571467573962], [-0.0050751813134457535, 1.4672957222638106, 0.0, 0.2026098133822927, 0.6658799810904926, 0.1218595971111111, 0.41880462759117165, 0.689268353693439, 0.34688210954786025, 0.287886038976064, 0.007001439975721224, 0.6162666385430136, 0.6709020249485318, 0.67776755915836, 0.7768442688164516, 0.6926032357135441, 0.5087850270344172], [0.07227292252214967, 1.2344440275568331, 0.0, 0.25305072950077023, 0.636628913742485, 0.12049082657968796, 0.5235280762226402, 0.6907332050875488, 0.3509443326591659, 0.25083664714318465, 0.007001439975721224, 0.5988064848477515, 0.6617553969641432, 0.6901776163881288, 0.7837076733313628, 0.6773865989157578, 0.5850933323647386], [-0.281262845968524, 1.3637305839405005, 0.0, 0.22713681695727997, 0.6610204981420813, 0.11738798732967609, 0.5189677892123022, 0.6916675115523235, 0.3273961108817358, 0.2667247597178768, 0.006216428718621936, 0.6111099735940613, 0.6602059429855243, 0.6759717144860101, 0.7745323001512701, 0.6697412600588387, 0.5475134420264164]], "features_2": [[0.32929112012710693, 1.097965639161403, 0.0, 0.20822202003746904, 0.5970926074244871, 0.128429340294578, 0.3237924159680837, 0.6839498807984057, 0.3971923770728003, 0.23781292392408826, 0.007560346756364078, 0.6033882815296878, 0.6565000729551224, 0.667826376774271, 0.7839780264126395, 0.6963494608916581, 0.6003948729124599], [0.8090708469626677, 1.2227889499278053, 0.0, 0.2454359609457456, 0.6195535025294671, 0.1271396573362796, 0.35701855391047277, 0.6856312446394743, 0.3603145624860078, 0.25022670334894936, 0.007616154688146137, 0.5766795810873901, 0.6395226058220487, 0.6428547633686862, 0.7843546974219558, 0.7130260169936026, 0.5870828429194287], [0.31895825045784987, 1.2459211821681393, 0.0, 0.25427104928608624, 0.6363723380934581, 0.12112813350138843, 0.3731849771229797, 0.6890671032334929, 0.34847815027307316, 0.2524135430054899, 0.007001439975721224, 0.5869502629287489, 0.651936813739933, 0.6690524138872493, 0.7697956514609614, 0.6820617194704788, 0.5861495829312257], [0.33381756422603726, 1.1652379752044508, 0.0, 0.22506440718321508, 0.6234699602139433, 0.11951349517559691, 0.38038188352475116, 0.6899826533682621, 0.3413889584139711, 0.23509079490983242, 0.00683347364535547, 0.5887305316668894, 0.6504504205693981, 0.6695457552318909, 0.7682333787546879, 0.6933466410954435, 0.5840611769639518], [1.3815609759026497, 1.465943443861478, 0.0, 0.19677482217187747, 0.6681433827392341, 0.12079126359640634, 0.4497762954520631, 0.6898770913075818, 0.3164082242531969, 0.26767010174544126, 0.006497131753992358, 0.5623347958580496, 0.618564207039742, 0.6056001131865396, 0.7725054487260783, 0.6809866537099373, 0.5323696665118306], [0.3876897397506758, 1.3089781971256205, 0.0, 0.26339530594553573, 0.6592839607693189, 0.11266728218201941, 0.5011888140959293, 0.6926114241115355, 0.29583523731765693, 0.2437971231272209, 0.006047823865199753, 0.5753863736452698, 0.6400481047314465, 0.6492041601177754, 0.7555626575097161, 0.6786160201670003, 0.5580905794999929], [0.19452621657570468, 1.3595492678240877, 0.0, 0.21500412927799706, 0.6554093664616714, 0.1205171715925816, 0.4440039616494225, 0.6901309739994685, 0.3326173787940734, 0.26435586307453307, 0.00655322669591385, 0.6035218662104676, 0.6418020862172288, 0.639993192380703, 0.7734441297023464, 0.6934653761843801, 0.5679935495853208], [0.3268010626916613, 1.3241589921915204, 0.0, 0.23484843740102812, 0.6645605292642656, 0.11202127099118234, 0.6957547679227545, 0.6930366299880689, 0.2795092818522602, 0.23829450551474163, 0.006047823865199753, 0.5828438147385353, 0.6353635094535544, 0.6315900204541336, 0.7559105650338964, 0.6783144243500373, 0.5619822508125704], [0.18818386804566423, 1.4634270561609846, 0.0, 0.2645524382750634, 0.6920294711627345, 0.10734276099710974, 0.7831793119446402, 0.6930803946395828, 0.261228592015907, 0.2522993570458205, 0.006047823865199753, 0.5878774766238974, 0.6460820671855674, 0.6221664702315737, 0.7415214342639344, 0.6543080993143854, 0.5342660804933587]]}