{"labels_1": ["1", "2", "3", "4", "5", "6", "7", "8", "9"], "labels_2": ["1", "2", "3", "4", "5", "6", "7", "8", "9"], "adj_matrix_1": [[0.0, 0.0584, 0.15153, 0.12346, 0.24299, 0.18746, 0.13188, 0.0096, 0.14056], [0.0584, 0.0, 0.20173, 0.176, 0.20507, 0.23413, 0.18375, 0.04893, 0.19172], [0.15153, 0.20173, 0.0, 0.03033, 0.31244, 0.04046, 0.021, 0.16014, 0.01176], [0.12346, 0.176, 0.03033, 0.0, 0.30238, 0.07049, 0.00932, 0.13238, 0.01858], [0.24299, 0.20507, 0.31244, 0.30238, 0.0, 0.32357, 0.30538, 0.23742, 0.30862], [0.18746, 0.23413, 0.04046, 0.07049, 0.32357, 0.0, 0.06129, 0.19566, 0.05215], [0.13188, 0.18375, 0.021, 0.00932, 0.30538, 0.06129, 0.0, 0.14089, 0.00926], [0.0096, 0.04893, 0.16014, 0.13238, 0.23742, 0.19566, 0.14089, 0.0, 0.14943], [0.14056, 0.19172, 0.01176, 0.01858, 0.30862, 0.05215, 0.00926, 0.14943, 0.0]], "adj_matrix_2": [[0.0, 0.26237, 0.05448, 0.10792, 0.2495, 0.07789, 0.0897, 0.15833, 0.25434], [0.26237, 0.0, 0.28515, 0.19775, 0.03128, 0.21868, 0.21066, 0.15508, 0.16758], [0.05448, 0.28515, 0.0, 0.15777, 0.27732, 0.12977, 0.14089, 0.20333, 0.24989], [0.10792, 0.19775, 0.15777, 0.0, 0.17563, 0.0314, 0.01917, 0.05592, 0.2512], [0.2495, 0.03128, 0.27732, 0.17563, 0.0, 0.19923, 0.19028, 0.12895, 0.18693], [0.07789, 0.21868, 0.12977, 0.0314, 0.19923, 0.0, 0.01227, 0.08641, 0.25383], [0.0897, 0.21066, 0.14089, 0.01917, 0.19028, 0.01227, 0.0, 0.07459, 0.25283], [0.15833, 0.15508, 0.20333, 0.05592, 0.12895, 0.08641, 0.07459, 0.0, 0.24139], [0.25434, 0.16758, 0.24989, 0.2512, 0.18693, 0.25383, 0.25283, 0.24139, 0.0]], "features_1": [[0.18094722227002435, 1.010058924361035, 0.0, 0.2166501913086866, 0.5543425532026094, 0.14121725751570027, 0.2283574661630226, 0.6701307467975137, 0.45192098180532025, 0.23899904729016241, 0.008006390651371653, 0.6161862515115877, 0.6590050406660376, 0.6908373296731863, 0.8035142784586945, 0.7115069978992955, 0.6141418589578673], [0.25473695742105784, 1.163048439316155, 0.0, 0.22298489351508688, 0.5878211229709864, 0.13923906545149475, 0.28140781196409603, 0.6742294638209785, 0.460037449506866, 0.2684638687737957, 0.008451478759474051, 0.6302405231583508, 0.6613667468415677, 0.7003940844982244, 0.8062260336208013, 0.7200905241404854, 0.6071038501733067], [0.02732380184701455, 1.0945783824685273, 0.0, 0.2079275089182371, 0.5768070673348492, 0.14065311312183787, 0.20725791067969085, 0.6706753043192772, 0.4633167855475666, 0.2582728428341938, 0.008173410423425675, 0.6282236735044981, 0.6616270861632917, 0.6917657740686846, 0.799929828095836, 0.7072028278048779, 0.6114167435689688], [-0.08288584929602649, 1.078056519076259, 0.0, 0.1987540140251591, 0.5757878647545843, 0.13676686498714896, 0.23823122505517064, 0.6752640965804375, 0.43345236033045076, 0.24941182976334098, 0.007783488497544067, 0.6304930310963668, 0.6685998741185133, 0.6915599334098289, 0.795851050824433, 0.7037779807137947, 0.6075926070240097], [0.3786131379407722, 1.4634845571237884, 0.0, 0.27075173785502876, 0.648398851174876, 0.12955028663884838, 0.3800022099649382, 0.6841722233208742, 0.3867210213930481, 0.30093207899508756, 0.007225183508792421, 0.6127810519887373, 0.6497137607341397, 0.6780596713572795, 0.7925583000315675, 0.7132519185982455, 0.543814298334075], [-0.18376570435011264, 1.209081900438024, 0.0, 0.23785989589340661, 0.6065337215866835, 0.1385583890500352, 0.25445616272788596, 0.6748707860092229, 0.4575314947041602, 0.279014944883615, 0.00839589484089287, 0.6391406700534432, 0.6589663341306018, 0.6966616184609213, 0.7999262617076957, 0.6970310304187541, 0.600571467573962], [-0.0050751813134457535, 1.4672957222638106, 0.0, 0.2026098133822927, 0.6658799810904926, 0.1218595971111111, 0.41880462759117165, 0.689268353693439, 0.34688210954786025, 0.287886038976064, 0.007001439975721224, 0.6162666385430136, 0.6709020249485318, 0.67776755915836, 0.7768442688164516, 0.6926032357135441, 0.5087850270344172], [0.07227292252214967, 1.2344440275568331, 0.0, 0.25305072950077023, 0.636628913742485, 0.12049082657968796, 0.5235280762226402, 0.6907332050875488, 0.3509443326591659, 0.25083664714318465, 0.007001439975721224, 0.5988064848477515, 0.6617553969641432, 0.6901776163881288, 0.7837076733313628, 0.6773865989157578, 0.5850933323647386], [-0.281262845968524, 1.3637305839405005, 0.0, 0.22713681695727997, 0.6610204981420813, 0.11738798732967609, 0.5189677892123022, 0.6916675115523235, 0.3273961108817358, 0.2667247597178768, 0.006216428718621936, 0.6111099735940613, 0.6602059429855243, 0.6759717144860101, 0.7745323001512701, 0.6697412600588387, 0.5475134420264164]], "features_2": [[0.24620154595686472, 0.8795136259978749, 0.0, 0.2562726379706182, 0.5429417577548902, 0.13022607101735412, 0.3667606823152546, 0.6833353526000079, 0.39466052114744965, 0.1977275465729298, 0.007671947615560004, 0.6054670392781125, 0.6636582457326393, 0.6782604151276584, 0.7961096553511126, 0.7065075050866423, 0.6258684774002883], [0.8588671108165902, 0.9502746146284307, 0.0, 0.24732954015610487, 0.5567634729950731, 0.12945149231993724, 0.39628885095786615, 0.6836437546794248, 0.38545685813444197, 0.20467605434759206, 0.00711334193318236, 0.5922675067128149, 0.6425149490808686, 0.6613513694202358, 0.7944934544986575, 0.6946413778450937, 0.6058223621345904], [0.0406878139246718, 1.02116768646123, 0.0, 0.23716026609964913, 0.5850216462090643, 0.12490300500164384, 0.3861194743679143, 0.6869940037908988, 0.3619870652875681, 0.21828682572845182, 0.00711334193318236, 0.6051371347454828, 0.6596686046906035, 0.6693819791148069, 0.7827909067482934, 0.712867783541639, 0.6159798798514574], [0.33816933045239894, 0.9280532124195641, 0.0, 0.2551115495782723, 0.5627438490426954, 0.12471917889574252, 0.387646663758855, 0.6872096523891162, 0.3672245092545172, 0.20009881945802843, 0.00683347364535547, 0.5972680302647686, 0.650813494780876, 0.6524165034374, 0.784436409673582, 0.7001374040205531, 0.6280059251007296], [1.0700350061901762, 1.1938730588682258, 0.0, 0.23805354704727635, 0.6157986765448531, 0.12152873996982261, 0.4449345794340431, 0.689011596351986, 0.3500726435893571, 0.23412192161920187, 0.0066653709969386465, 0.5938121391689299, 0.6221755257227912, 0.616350793846771, 0.7784700621961584, 0.6860695766526068, 0.5542174331725628], [0.11369537209907765, 1.0494521294930144, 0.0, 0.21726735504762534, 0.5944754676500966, 0.12269221832139425, 0.3934342384982877, 0.6883652224171934, 0.35338078615182034, 0.2190063330610239, 0.00683347364535547, 0.5982291562492055, 0.6406390761450519, 0.6392268098694688, 0.7779690168769274, 0.6832651193571244, 0.6124795690940066], [0.6087112114225475, 1.106980567226024, 0.0, 0.2676626174680886, 0.6022604475213824, 0.12313609890574459, 0.44552329665603807, 0.688739932708643, 0.3564676101871449, 0.22537821609056619, 0.007057398507269275, 0.5974305077218558, 0.627007818115935, 0.646440274564457, 0.7843702842639196, 0.6839272519867002, 0.5736557251584605], [0.3349973606860508, 0.9203683436352126, 0.0, 0.24018941861127704, 0.5623768326068839, 0.12233210617144276, 0.39223395862959337, 0.6879999939141083, 0.3638888993845184, 0.19597367137712007, 0.007057398507269275, 0.5965256869773432, 0.6484748828358692, 0.6645296726934165, 0.7743000375795152, 0.6942751647492084, 0.5959832769670534], [0.717039365604744, 0.9845451472631443, 0.0, 0.25407526463172764, 0.5837465097598457, 0.11780772759126057, 0.4712192757461587, 0.6908762768571612, 0.33382485190303246, 0.19899077725684777, 0.00683347364535547, 0.577254715880062, 0.6379782314932683, 0.6452121839567891, 0.767850931439728, 0.6855982443594368, 0.5939134764446594]]}