{"labels_1": ["1", "2", "3", "4", "5", "6", "7", "8", "9"], "labels_2": ["1", "2", "3", "4", "5", "6", "7", "8", "9"], "adj_matrix_1": [[0.0, 0.0584, 0.15153, 0.12346, 0.24299, 0.18746, 0.13188, 0.0096, 0.14056], [0.0584, 0.0, 0.20173, 0.176, 0.20507, 0.23413, 0.18375, 0.04893, 0.19172], [0.15153, 0.20173, 0.0, 0.03033, 0.31244, 0.04046, 0.021, 0.16014, 0.01176], [0.12346, 0.176, 0.03033, 0.0, 0.30238, 0.07049, 0.00932, 0.13238, 0.01858], [0.24299, 0.20507, 0.31244, 0.30238, 0.0, 0.32357, 0.30538, 0.23742, 0.30862], [0.18746, 0.23413, 0.04046, 0.07049, 0.32357, 0.0, 0.06129, 0.19566, 0.05215], [0.13188, 0.18375, 0.021, 0.00932, 0.30538, 0.06129, 0.0, 0.14089, 0.00926], [0.0096, 0.04893, 0.16014, 0.13238, 0.23742, 0.19566, 0.14089, 0.0, 0.14943], [0.14056, 0.19172, 0.01176, 0.01858, 0.30862, 0.05215, 0.00926, 0.14943, 0.0]], "adj_matrix_2": [[0.0, 0.31991, 0.1425, 0.0509, 0.21718, 0.20889, 0.31981, 0.2805, 0.31411], [0.31991, 0.0, 0.2546, 0.33448, 0.21218, 0.20454, 0.05498, 0.11754, 0.03468], [0.1425, 0.2546, 0.0, 0.18856, 0.24127, 0.07618, 0.27599, 0.17299, 0.23569], [0.0509, 0.33448, 0.18856, 0.0, 0.20713, 0.24935, 0.32756, 0.31011, 0.3331], [0.21718, 0.21218, 0.24127, 0.20713, 0.0, 0.24794, 0.18478, 0.24423, 0.22497], [0.20889, 0.20454, 0.07618, 0.24935, 0.24794, 0.0, 0.23734, 0.10412, 0.17922], [0.31981, 0.05498, 0.27599, 0.32756, 0.18478, 0.23734, 0.0, 0.16399, 0.08829], [0.2805, 0.11754, 0.17299, 0.31011, 0.24423, 0.10412, 0.16399, 0.0, 0.08542], [0.31411, 0.03468, 0.23569, 0.3331, 0.22497, 0.17922, 0.08829, 0.08542, 0.0]], "features_1": [[0.18094722227002435, 1.010058924361035, 0.0, 0.2166501913086866, 0.5543425532026094, 0.14121725751570027, 0.2283574661630226, 0.6701307467975137, 0.45192098180532025, 0.23899904729016241, 0.008006390651371653, 0.6161862515115877, 0.6590050406660376, 0.6908373296731863, 0.8035142784586945, 0.7115069978992955, 0.6141418589578673], [0.25473695742105784, 1.163048439316155, 0.0, 0.22298489351508688, 0.5878211229709864, 0.13923906545149475, 0.28140781196409603, 0.6742294638209785, 0.460037449506866, 0.2684638687737957, 0.008451478759474051, 0.6302405231583508, 0.6613667468415677, 0.7003940844982244, 0.8062260336208013, 0.7200905241404854, 0.6071038501733067], [0.02732380184701455, 1.0945783824685273, 0.0, 0.2079275089182371, 0.5768070673348492, 0.14065311312183787, 0.20725791067969085, 0.6706753043192772, 0.4633167855475666, 0.2582728428341938, 0.008173410423425675, 0.6282236735044981, 0.6616270861632917, 0.6917657740686846, 0.799929828095836, 0.7072028278048779, 0.6114167435689688], [-0.08288584929602649, 1.078056519076259, 0.0, 0.1987540140251591, 0.5757878647545843, 0.13676686498714896, 0.23823122505517064, 0.6752640965804375, 0.43345236033045076, 0.24941182976334098, 0.007783488497544067, 0.6304930310963668, 0.6685998741185133, 0.6915599334098289, 0.795851050824433, 0.7037779807137947, 0.6075926070240097], [0.3786131379407722, 1.4634845571237884, 0.0, 0.27075173785502876, 0.648398851174876, 0.12955028663884838, 0.3800022099649382, 0.6841722233208742, 0.3867210213930481, 0.30093207899508756, 0.007225183508792421, 0.6127810519887373, 0.6497137607341397, 0.6780596713572795, 0.7925583000315675, 0.7132519185982455, 0.543814298334075], [-0.18376570435011264, 1.209081900438024, 0.0, 0.23785989589340661, 0.6065337215866835, 0.1385583890500352, 0.25445616272788596, 0.6748707860092229, 0.4575314947041602, 0.279014944883615, 0.00839589484089287, 0.6391406700534432, 0.6589663341306018, 0.6966616184609213, 0.7999262617076957, 0.6970310304187541, 0.600571467573962], [-0.0050751813134457535, 1.4672957222638106, 0.0, 0.2026098133822927, 0.6658799810904926, 0.1218595971111111, 0.41880462759117165, 0.689268353693439, 0.34688210954786025, 0.287886038976064, 0.007001439975721224, 0.6162666385430136, 0.6709020249485318, 0.67776755915836, 0.7768442688164516, 0.6926032357135441, 0.5087850270344172], [0.07227292252214967, 1.2344440275568331, 0.0, 0.25305072950077023, 0.636628913742485, 0.12049082657968796, 0.5235280762226402, 0.6907332050875488, 0.3509443326591659, 0.25083664714318465, 0.007001439975721224, 0.5988064848477515, 0.6617553969641432, 0.6901776163881288, 0.7837076733313628, 0.6773865989157578, 0.5850933323647386], [-0.281262845968524, 1.3637305839405005, 0.0, 0.22713681695727997, 0.6610204981420813, 0.11738798732967609, 0.5189677892123022, 0.6916675115523235, 0.3273961108817358, 0.2667247597178768, 0.006216428718621936, 0.6111099735940613, 0.6602059429855243, 0.6759717144860101, 0.7745323001512701, 0.6697412600588387, 0.5475134420264164]], "features_2": [[-0.06243814590162167, 0.9065668973878019, 0.0, 0.262377777721477, 0.5398798971421904, 0.1348226743650215, 0.2607999122907231, 0.6777212466676811, 0.43381055904238974, 0.2119871005060514, 0.008062078829516484, 0.635784290188643, 0.6508453403912052, 0.6847264904420997, 0.7931655870013348, 0.7042154019993411, 0.6156630526572057], [0.806654958078592, 0.9271456087457779, 0.0, 0.2394583418689713, 0.5412598674058975, 0.1365018230630203, 0.2002525821575624, 0.6744215628318679, 0.4242359265378719, 0.21180726824083917, 0.007616154688146137, 0.5932806132631832, 0.6450178304169937, 0.6706250769671169, 0.7860139375128843, 0.7120107270204387, 0.6182609283365537], [-0.10299754754376567, 0.9429717743529066, 0.0, 0.2199125060882895, 0.5611712226890825, 0.12955456424304995, 0.3047139454427139, 0.6835715874839685, 0.39955302401725157, 0.21048378985035887, 0.007616154688146137, 0.6161239659937314, 0.6405974478350572, 0.6639493608555113, 0.7848732253963884, 0.7013957414498907, 0.6123669753010412], [-0.1253930871460449, 0.9100496016105047, 0.0, 0.23366264384860508, 0.552217825017218, 0.12691311162494512, 0.3442226602549866, 0.685734627974813, 0.3910491412767978, 0.20289693063796221, 0.00716927026363523, 0.6246452279547592, 0.6391144356267224, 0.6785130834258021, 0.7835675641991356, 0.6905249227810102, 0.6115989899675174], [1.4519502767920693, 1.0534210212410033, 0.0, 0.2771239750534514, 0.5835148721744471, 0.12679948852475972, 0.39326406923249807, 0.6854662137081675, 0.36836141152183255, 0.21931362311869873, 0.00716927026363523, 0.5734545617353555, 0.6347270996247324, 0.6582270868724284, 0.7710056236534392, 0.677455762287295, 0.5824966696774752], [0.03641917988742893, 0.9676872813199029, 0.0, 0.23489752107342698, 0.575107793522271, 0.1249284383814437, 0.3726419216892033, 0.6877667828762588, 0.3802165153573873, 0.21040583116790756, 0.007504523810135222, 0.6037767566472554, 0.6571501709448815, 0.6902103208866356, 0.7806453113482541, 0.6803474614122685, 0.6092018659819679], [0.3395970675499558, 0.9673888882822896, 0.0, 0.28462792633991246, 0.5821937361365975, 0.11521383405458308, 0.5251212520059447, 0.6924031684714966, 0.3274875648661959, 0.1923961979802724, 0.00683347364535547, 0.579898756624579, 0.644576641054537, 0.6497974042995648, 0.7668040794879627, 0.6709228132241024, 0.5509495911758469], [0.3381459730297496, 1.0510238683067332, 0.0, 0.28118359743657, 0.6019959423567367, 0.11715639205008319, 0.4929022552724156, 0.6915840071050279, 0.3207691616139796, 0.20760700245953534, 0.006216428718621936, 0.584467436276398, 0.6397130840900882, 0.6389936534389423, 0.7633609305008774, 0.6729982888539143, 0.6006429311262381], [0.2061792189086975, 1.076594810914925, 0.0, 0.27891760255115533, 0.6126916786320661, 0.11244955547483376, 0.4967729887147122, 0.6928151133577005, 0.30548483414035976, 0.20824360060944103, 0.00655322669591385, 0.5845226667631032, 0.6343259573781305, 0.651600794485644, 0.754837505241498, 0.6605725135861693, 0.5724315736572073]]}