{"labels_1": ["1", "2", "3", "4", "5", "6", "7", "8", "9"], "labels_2": ["1", "2", "3", "4", "5", "6", "7", "8", "9"], "adj_matrix_1": [[0.0, 0.0584, 0.15153, 0.12346, 0.24299, 0.18746, 0.13188, 0.0096, 0.14056], [0.0584, 0.0, 0.20173, 0.176, 0.20507, 0.23413, 0.18375, 0.04893, 0.19172], [0.15153, 0.20173, 0.0, 0.03033, 0.31244, 0.04046, 0.021, 0.16014, 0.01176], [0.12346, 0.176, 0.03033, 0.0, 0.30238, 0.07049, 0.00932, 0.13238, 0.01858], [0.24299, 0.20507, 0.31244, 0.30238, 0.0, 0.32357, 0.30538, 0.23742, 0.30862], [0.18746, 0.23413, 0.04046, 0.07049, 0.32357, 0.0, 0.06129, 0.19566, 0.05215], [0.13188, 0.18375, 0.021, 0.00932, 0.30538, 0.06129, 0.0, 0.14089, 0.00926], [0.0096, 0.04893, 0.16014, 0.13238, 0.23742, 0.19566, 0.14089, 0.0, 0.14943], [0.14056, 0.19172, 0.01176, 0.01858, 0.30862, 0.05215, 0.00926, 0.14943, 0.0]], "adj_matrix_2": [[0.0, 0.01022, 0.22905, 0.26166, 0.18544, 0.10322, 0.19206, 0.02652, 0.04566], [0.01022, 0.0, 0.23584, 0.26671, 0.19373, 0.11291, 0.20025, 0.03672, 0.05581], [0.22905, 0.23584, 0.0, 0.06232, 0.06092, 0.14767, 0.05241, 0.20991, 0.1955], [0.26166, 0.26671, 0.06232, 0.0, 0.11971, 0.19609, 0.11178, 0.24655, 0.23514], [0.18544, 0.19373, 0.06092, 0.11971, 0.0, 0.09232, 0.00866, 0.16326, 0.14653], [0.10322, 0.11291, 0.14767, 0.19609, 0.09232, 0.0, 0.10046, 0.07769, 0.05885], [0.19206, 0.20025, 0.05241, 0.11178, 0.00866, 0.10046, 0.0, 0.17049, 0.15405], [0.02652, 0.03672, 0.20991, 0.24655, 0.16326, 0.07769, 0.17049, 0.0, 0.01929], [0.04566, 0.05581, 0.1955, 0.23514, 0.14653, 0.05885, 0.15405, 0.01929, 0.0]], "features_1": [[0.18094722227002435, 1.010058924361035, 0.0, 0.2166501913086866, 0.5543425532026094, 0.14121725751570027, 0.2283574661630226, 0.6701307467975137, 0.45192098180532025, 0.23899904729016241, 0.008006390651371653, 0.6161862515115877, 0.6590050406660376, 0.6908373296731863, 0.8035142784586945, 0.7115069978992955, 0.6141418589578673], [0.25473695742105784, 1.163048439316155, 0.0, 0.22298489351508688, 0.5878211229709864, 0.13923906545149475, 0.28140781196409603, 0.6742294638209785, 0.460037449506866, 0.2684638687737957, 0.008451478759474051, 0.6302405231583508, 0.6613667468415677, 0.7003940844982244, 0.8062260336208013, 0.7200905241404854, 0.6071038501733067], [0.02732380184701455, 1.0945783824685273, 0.0, 0.2079275089182371, 0.5768070673348492, 0.14065311312183787, 0.20725791067969085, 0.6706753043192772, 0.4633167855475666, 0.2582728428341938, 0.008173410423425675, 0.6282236735044981, 0.6616270861632917, 0.6917657740686846, 0.799929828095836, 0.7072028278048779, 0.6114167435689688], [-0.08288584929602649, 1.078056519076259, 0.0, 0.1987540140251591, 0.5757878647545843, 0.13676686498714896, 0.23823122505517064, 0.6752640965804375, 0.43345236033045076, 0.24941182976334098, 0.007783488497544067, 0.6304930310963668, 0.6685998741185133, 0.6915599334098289, 0.795851050824433, 0.7037779807137947, 0.6075926070240097], [0.3786131379407722, 1.4634845571237884, 0.0, 0.27075173785502876, 0.648398851174876, 0.12955028663884838, 0.3800022099649382, 0.6841722233208742, 0.3867210213930481, 0.30093207899508756, 0.007225183508792421, 0.6127810519887373, 0.6497137607341397, 0.6780596713572795, 0.7925583000315675, 0.7132519185982455, 0.543814298334075], [-0.18376570435011264, 1.209081900438024, 0.0, 0.23785989589340661, 0.6065337215866835, 0.1385583890500352, 0.25445616272788596, 0.6748707860092229, 0.4575314947041602, 0.279014944883615, 0.00839589484089287, 0.6391406700534432, 0.6589663341306018, 0.6966616184609213, 0.7999262617076957, 0.6970310304187541, 0.600571467573962], [-0.0050751813134457535, 1.4672957222638106, 0.0, 0.2026098133822927, 0.6658799810904926, 0.1218595971111111, 0.41880462759117165, 0.689268353693439, 0.34688210954786025, 0.287886038976064, 0.007001439975721224, 0.6162666385430136, 0.6709020249485318, 0.67776755915836, 0.7768442688164516, 0.6926032357135441, 0.5087850270344172], [0.07227292252214967, 1.2344440275568331, 0.0, 0.25305072950077023, 0.636628913742485, 0.12049082657968796, 0.5235280762226402, 0.6907332050875488, 0.3509443326591659, 0.25083664714318465, 0.007001439975721224, 0.5988064848477515, 0.6617553969641432, 0.6901776163881288, 0.7837076733313628, 0.6773865989157578, 0.5850933323647386], [-0.281262845968524, 1.3637305839405005, 0.0, 0.22713681695727997, 0.6610204981420813, 0.11738798732967609, 0.5189677892123022, 0.6916675115523235, 0.3273961108817358, 0.2667247597178768, 0.006216428718621936, 0.6111099735940613, 0.6602059429855243, 0.6759717144860101, 0.7745323001512701, 0.6697412600588387, 0.5475134420264164]], "features_2": [[0.17217518844606783, 1.0873883605205648, 0.0, 0.27077487752947776, 0.5975639258440772, 0.12645674854447433, 0.3633937547564692, 0.6864472409888795, 0.39320853237992925, 0.23565938999240577, 0.007448685839370306, 0.6068368908230055, 0.6680690216104415, 0.6893215963838478, 0.7845166222889831, 0.6976195485818752, 0.6136239743407899], [0.24025741418845836, 1.2308049034618953, 0.0, 0.31470438029507075, 0.6385126180613201, 0.11885773677024894, 0.4838554355118866, 0.69111977025767, 0.3565713043501908, 0.24771715740900824, 0.007281081678807366, 0.6025250013271894, 0.6669203058252657, 0.6664056288757494, 0.7753413921948835, 0.7004458085814825, 0.5995572014999013], [0.5065891745990245, 1.2093084141266195, 0.0, 0.28282413052790506, 0.6293838147385852, 0.12211702980328484, 0.4383026207762676, 0.6896352730652515, 0.37510632047085557, 0.2492373635317826, 0.007504523810135222, 0.5858851982544953, 0.6378774023385536, 0.6712525586641063, 0.7795498277531876, 0.6928929535796113, 0.5990939420982931], [0.5909120018003531, 1.1797811624546866, 0.0, 0.24301626987715516, 0.6246967822315918, 0.12137342165831845, 0.4671207758918065, 0.690181295232194, 0.35970568472453435, 0.24064885302745975, 0.007057398507269275, 0.5832698480155758, 0.6533782082774847, 0.6760618428459029, 0.7806128853126675, 0.6969554479617233, 0.5976428990952637], [0.06743867382210134, 1.3797670736900771, 0.0, 0.27702187982963256, 0.6773882757600773, 0.10917471001117263, 0.6214098751764773, 0.6931452743440072, 0.2920196573692857, 0.2517746742628897, 0.006384896235913207, 0.5875952434558216, 0.6504584927349127, 0.660891539169695, 0.7590070675088836, 0.6995889878304266, 0.5600516892617209], [0.13230110693790964, 1.3234880298321088, 0.0, 0.2480042687480588, 0.6605040411836893, 0.11493314787990815, 0.5637184012275653, 0.6924753943718407, 0.3266575640122089, 0.25509368341519467, 0.0069454663283523566, 0.5891314273844881, 0.640507684279804, 0.6703682361496668, 0.7684025655696715, 0.7033269680286031, 0.5813777596611261], [0.6638963619719411, 1.5280040104851558, 0.0, 0.2614590059207698, 0.6822857629127816, 0.12016290413236216, 0.4661684345420255, 0.6907409655125731, 0.34065639238563006, 0.2848828728644959, 0.00655322669591385, 0.5816176583577313, 0.627997194627318, 0.631972382842397, 0.7764646345045403, 0.6816760610374888, 0.5667887831873023], [-0.06711099222026107, 1.492109674312978, 0.0, 0.2952945318380332, 0.6987029440999089, 0.10795283921948444, 0.5506198690037394, 0.6931271812103084, 0.2790919881221485, 0.26429726492136996, 0.006104040759826512, 0.5915361778848904, 0.6334860602939766, 0.6339961697442671, 0.7471385800401185, 0.6485218137099299, 0.5554788921511411], [0.3014164302040587, 1.5254773862345452, 0.0, 0.30697818425363976, 0.6997393028573514, 0.10929415787765978, 0.5174731373380951, 0.6930810562373413, 0.2781259366845972, 0.268348232263971, 0.006160242374180447, 0.5804151309293544, 0.6327366099921222, 0.6401237128565906, 0.7456957063091935, 0.6362791900713107, 0.549674592569902]]}