{"labels_1": ["1", "2", "3", "4", "5", "6", "7", "8", "9"], "labels_2": ["1", "2", "3", "4", "5", "6", "7", "8", "9"], "adj_matrix_1": [[0.0, 0.0584, 0.15153, 0.12346, 0.24299, 0.18746, 0.13188, 0.0096, 0.14056], [0.0584, 0.0, 0.20173, 0.176, 0.20507, 0.23413, 0.18375, 0.04893, 0.19172], [0.15153, 0.20173, 0.0, 0.03033, 0.31244, 0.04046, 0.021, 0.16014, 0.01176], [0.12346, 0.176, 0.03033, 0.0, 0.30238, 0.07049, 0.00932, 0.13238, 0.01858], [0.24299, 0.20507, 0.31244, 0.30238, 0.0, 0.32357, 0.30538, 0.23742, 0.30862], [0.18746, 0.23413, 0.04046, 0.07049, 0.32357, 0.0, 0.06129, 0.19566, 0.05215], [0.13188, 0.18375, 0.021, 0.00932, 0.30538, 0.06129, 0.0, 0.14089, 0.00926], [0.0096, 0.04893, 0.16014, 0.13238, 0.23742, 0.19566, 0.14089, 0.0, 0.14943], [0.14056, 0.19172, 0.01176, 0.01858, 0.30862, 0.05215, 0.00926, 0.14943, 0.0]], "adj_matrix_2": [[0.0, 0.0455, 0.09404, 0.01743, 0.20693, 0.29752, 0.07592, 0.10256, 0.15121], [0.0455, 0.0, 0.04932, 0.06276, 0.16822, 0.29518, 0.03087, 0.0581, 0.10869], [0.09404, 0.04932, 0.0, 0.11082, 0.12345, 0.28964, 0.01848, 0.00892, 0.06074], [0.01743, 0.06276, 0.11082, 0.0, 0.22103, 0.29777, 0.09291, 0.11922, 0.16696], [0.20693, 0.16822, 0.12345, 0.22103, 0.0, 0.25593, 0.14056, 0.11518, 0.06499], [0.29752, 0.29518, 0.28964, 0.29777, 0.25593, 0.0, 0.29064, 0.2872, 0.27629], [0.07592, 0.03087, 0.01848, 0.09291, 0.14056, 0.29064, 0.0, 0.02742, 0.07895], [0.10256, 0.0581, 0.00892, 0.11922, 0.11518, 0.2872, 0.02742, 0.0, 0.05201], [0.15121, 0.10869, 0.06074, 0.16696, 0.06499, 0.27629, 0.07895, 0.05201, 0.0]], "features_1": [[0.18094722227002435, 1.010058924361035, 0.0, 0.2166501913086866, 0.5543425532026094, 0.14121725751570027, 0.2283574661630226, 0.6701307467975137, 0.45192098180532025, 0.23899904729016241, 0.008006390651371653, 0.6161862515115877, 0.6590050406660376, 0.6908373296731863, 0.8035142784586945, 0.7115069978992955, 0.6141418589578673], [0.25473695742105784, 1.163048439316155, 0.0, 0.22298489351508688, 0.5878211229709864, 0.13923906545149475, 0.28140781196409603, 0.6742294638209785, 0.460037449506866, 0.2684638687737957, 0.008451478759474051, 0.6302405231583508, 0.6613667468415677, 0.7003940844982244, 0.8062260336208013, 0.7200905241404854, 0.6071038501733067], [0.02732380184701455, 1.0945783824685273, 0.0, 0.2079275089182371, 0.5768070673348492, 0.14065311312183787, 0.20725791067969085, 0.6706753043192772, 0.4633167855475666, 0.2582728428341938, 0.008173410423425675, 0.6282236735044981, 0.6616270861632917, 0.6917657740686846, 0.799929828095836, 0.7072028278048779, 0.6114167435689688], [-0.08288584929602649, 1.078056519076259, 0.0, 0.1987540140251591, 0.5757878647545843, 0.13676686498714896, 0.23823122505517064, 0.6752640965804375, 0.43345236033045076, 0.24941182976334098, 0.007783488497544067, 0.6304930310963668, 0.6685998741185133, 0.6915599334098289, 0.795851050824433, 0.7037779807137947, 0.6075926070240097], [0.3786131379407722, 1.4634845571237884, 0.0, 0.27075173785502876, 0.648398851174876, 0.12955028663884838, 0.3800022099649382, 0.6841722233208742, 0.3867210213930481, 0.30093207899508756, 0.007225183508792421, 0.6127810519887373, 0.6497137607341397, 0.6780596713572795, 0.7925583000315675, 0.7132519185982455, 0.543814298334075], [-0.18376570435011264, 1.209081900438024, 0.0, 0.23785989589340661, 0.6065337215866835, 0.1385583890500352, 0.25445616272788596, 0.6748707860092229, 0.4575314947041602, 0.279014944883615, 0.00839589484089287, 0.6391406700534432, 0.6589663341306018, 0.6966616184609213, 0.7999262617076957, 0.6970310304187541, 0.600571467573962], [-0.0050751813134457535, 1.4672957222638106, 0.0, 0.2026098133822927, 0.6658799810904926, 0.1218595971111111, 0.41880462759117165, 0.689268353693439, 0.34688210954786025, 0.287886038976064, 0.007001439975721224, 0.6162666385430136, 0.6709020249485318, 0.67776755915836, 0.7768442688164516, 0.6926032357135441, 0.5087850270344172], [0.07227292252214967, 1.2344440275568331, 0.0, 0.25305072950077023, 0.636628913742485, 0.12049082657968796, 0.5235280762226402, 0.6907332050875488, 0.3509443326591659, 0.25083664714318465, 0.007001439975721224, 0.5988064848477515, 0.6617553969641432, 0.6901776163881288, 0.7837076733313628, 0.6773865989157578, 0.5850933323647386], [-0.281262845968524, 1.3637305839405005, 0.0, 0.22713681695727997, 0.6610204981420813, 0.11738798732967609, 0.5189677892123022, 0.6916675115523235, 0.3273961108817358, 0.2667247597178768, 0.006216428718621936, 0.6111099735940613, 0.6602059429855243, 0.6759717144860101, 0.7745323001512701, 0.6697412600588387, 0.5475134420264164]], "features_2": [[-0.10903021463467688, 1.1451277896796255, 0.0, 0.1832432915361172, 0.5895569300957966, 0.13778124978563144, 0.2228129978469518, 0.673525866828165, 0.42985611322283557, 0.2636185556207886, 0.007671947615560004, 0.6322124412548438, 0.6569914570989327, 0.6849155615768936, 0.7962121938566423, 0.7101618017341688, 0.6029528829564232], [-0.17031027933028975, 1.1718911764559652, 0.0, 0.22449327239710776, 0.5921271091260587, 0.1379209453571459, 0.2392598941772178, 0.6726804935518316, 0.44449035743993637, 0.27263638781384625, 0.007950687539111767, 0.6341846206196795, 0.6667244944550506, 0.6934364487135388, 0.7932527990640664, 0.6994265674628289, 0.6011074571286638], [-0.04946343228827166, 1.1579739810598875, 0.0, 0.20482601000014863, 0.5925533413482846, 0.13648027728786985, 0.19006922384693184, 0.6734213575606849, 0.4202048354107366, 0.2641546271082311, 0.007504523810135222, 0.6256587995274421, 0.638256570021568, 0.6678702230832287, 0.788946206098026, 0.7093791452786816, 0.605577617288437], [-0.07764400296272056, 1.1495065267318323, 0.0, 0.1836280024012246, 0.5984226275731294, 0.1314227795211768, 0.29123462169393194, 0.6809249821114993, 0.3858442995363194, 0.2531979877432635, 0.007225183508792421, 0.626473535058222, 0.6450298795127158, 0.6640926236250276, 0.7883369898349529, 0.696603538951576, 0.5940794399362279], [0.07796457478317587, 1.524696440201627, 0.0, 0.1824796774379546, 0.6724368404177266, 0.12380909723022204, 0.6046775465821831, 0.6887968512043442, 0.3368974306723618, 0.2946063386715765, 0.006609306440138685, 0.6056100621479303, 0.6407537951216743, 0.6587153363907359, 0.7773182786580309, 0.678739309323432, 0.5276914246208616], [0.21600087975457605, 1.1991997571772592, 0.0, 0.23866554151545322, 0.6127996120405604, 0.12889931417416098, 0.32731138187964814, 0.6833561050767853, 0.3759837788971361, 0.2581416682536273, 0.007392832833969631, 0.5954885967010326, 0.6561835032924825, 0.6911862674536672, 0.784848906286587, 0.6894207253786767, 0.6139943462752183], [0.2093307764122727, 1.6003977244592982, 0.0, 0.22732054887255593, 0.6901125516543715, 0.12033722043471398, 0.5083232249075558, 0.6903648221085781, 0.3260689294329231, 0.300553614465225, 0.006497131753992358, 0.6202096099699701, 0.6330082825568926, 0.6457246120644452, 0.7768121535285812, 0.6874195297912937, 0.504262633778308], [-0.15821489589814597, 1.5165165843467623, 0.0, 0.2312281659981527, 0.6930259695361244, 0.11135840447192574, 0.7196958543334795, 0.6930554039449024, 0.28196125574256237, 0.27614203701605455, 0.006047823865199753, 0.5937415455895922, 0.6354642787520299, 0.6515144548632079, 0.7553626882845215, 0.6542825546811877, 0.5128378814600277], [-0.039964806457004176, 1.5738203432650957, 0.0, 0.2338616213516603, 0.701655283686261, 0.10775798072630662, 0.5069649423758534, 0.6931382284575971, 0.25909551032150335, 0.27801352588022676, 0.005822803276368971, 0.5899212123583408, 0.6383084020962984, 0.6521743035407899, 0.7439669750918669, 0.6770627981907684, 0.4951805917317896]]}