{"labels_1": ["1", "2", "3", "4", "5", "6", "7", "8", "9"], "labels_2": ["1", "2", "3", "4", "5", "6", "7", "8", "9"], "adj_matrix_1": [[0.0, 0.0584, 0.15153, 0.12346, 0.24299, 0.18746, 0.13188, 0.0096, 0.14056], [0.0584, 0.0, 0.20173, 0.176, 0.20507, 0.23413, 0.18375, 0.04893, 0.19172], [0.15153, 0.20173, 0.0, 0.03033, 0.31244, 0.04046, 0.021, 0.16014, 0.01176], [0.12346, 0.176, 0.03033, 0.0, 0.30238, 0.07049, 0.00932, 0.13238, 0.01858], [0.24299, 0.20507, 0.31244, 0.30238, 0.0, 0.32357, 0.30538, 0.23742, 0.30862], [0.18746, 0.23413, 0.04046, 0.07049, 0.32357, 0.0, 0.06129, 0.19566, 0.05215], [0.13188, 0.18375, 0.021, 0.00932, 0.30538, 0.06129, 0.0, 0.14089, 0.00926], [0.0096, 0.04893, 0.16014, 0.13238, 0.23742, 0.19566, 0.14089, 0.0, 0.14943], [0.14056, 0.19172, 0.01176, 0.01858, 0.30862, 0.05215, 0.00926, 0.14943, 0.0]], "adj_matrix_2": [[0.0, 0.23886, 0.16778, 0.03493, 0.17763, 0.22313, 0.07765, 0.26815, 0.27614], [0.23886, 0.0, 0.10033, 0.21621, 0.32006, 0.02706, 0.18472, 0.07202, 0.12937], [0.16778, 0.10033, 0.0, 0.1374, 0.29623, 0.07482, 0.09744, 0.16235, 0.20421], [0.03493, 0.21621, 0.1374, 0.0, 0.20683, 0.19816, 0.04332, 0.25267, 0.26728], [0.17763, 0.32006, 0.29623, 0.20683, 0.0, 0.31777, 0.23975, 0.31304, 0.29051], [0.22313, 0.02706, 0.07482, 0.19816, 0.31777, 0.0, 0.16401, 0.09747, 0.15138], [0.07765, 0.18472, 0.09744, 0.04332, 0.23975, 0.16401, 0.0, 0.22981, 0.25279], [0.26815, 0.07202, 0.16235, 0.25267, 0.31304, 0.09747, 0.22981, 0.0, 0.0631], [0.27614, 0.12937, 0.20421, 0.26728, 0.29051, 0.15138, 0.25279, 0.0631, 0.0]], "features_1": [[0.18094722227002435, 1.010058924361035, 0.0, 0.2166501913086866, 0.5543425532026094, 0.14121725751570027, 0.2283574661630226, 0.6701307467975137, 0.45192098180532025, 0.23899904729016241, 0.008006390651371653, 0.6161862515115877, 0.6590050406660376, 0.6908373296731863, 0.8035142784586945, 0.7115069978992955, 0.6141418589578673], [0.25473695742105784, 1.163048439316155, 0.0, 0.22298489351508688, 0.5878211229709864, 0.13923906545149475, 0.28140781196409603, 0.6742294638209785, 0.460037449506866, 0.2684638687737957, 0.008451478759474051, 0.6302405231583508, 0.6613667468415677, 0.7003940844982244, 0.8062260336208013, 0.7200905241404854, 0.6071038501733067], [0.02732380184701455, 1.0945783824685273, 0.0, 0.2079275089182371, 0.5768070673348492, 0.14065311312183787, 0.20725791067969085, 0.6706753043192772, 0.4633167855475666, 0.2582728428341938, 0.008173410423425675, 0.6282236735044981, 0.6616270861632917, 0.6917657740686846, 0.799929828095836, 0.7072028278048779, 0.6114167435689688], [-0.08288584929602649, 1.078056519076259, 0.0, 0.1987540140251591, 0.5757878647545843, 0.13676686498714896, 0.23823122505517064, 0.6752640965804375, 0.43345236033045076, 0.24941182976334098, 0.007783488497544067, 0.6304930310963668, 0.6685998741185133, 0.6915599334098289, 0.795851050824433, 0.7037779807137947, 0.6075926070240097], [0.3786131379407722, 1.4634845571237884, 0.0, 0.27075173785502876, 0.648398851174876, 0.12955028663884838, 0.3800022099649382, 0.6841722233208742, 0.3867210213930481, 0.30093207899508756, 0.007225183508792421, 0.6127810519887373, 0.6497137607341397, 0.6780596713572795, 0.7925583000315675, 0.7132519185982455, 0.543814298334075], [-0.18376570435011264, 1.209081900438024, 0.0, 0.23785989589340661, 0.6065337215866835, 0.1385583890500352, 0.25445616272788596, 0.6748707860092229, 0.4575314947041602, 0.279014944883615, 0.00839589484089287, 0.6391406700534432, 0.6589663341306018, 0.6966616184609213, 0.7999262617076957, 0.6970310304187541, 0.600571467573962], [-0.0050751813134457535, 1.4672957222638106, 0.0, 0.2026098133822927, 0.6658799810904926, 0.1218595971111111, 0.41880462759117165, 0.689268353693439, 0.34688210954786025, 0.287886038976064, 0.007001439975721224, 0.6162666385430136, 0.6709020249485318, 0.67776755915836, 0.7768442688164516, 0.6926032357135441, 0.5087850270344172], [0.07227292252214967, 1.2344440275568331, 0.0, 0.25305072950077023, 0.636628913742485, 0.12049082657968796, 0.5235280762226402, 0.6907332050875488, 0.3509443326591659, 0.25083664714318465, 0.007001439975721224, 0.5988064848477515, 0.6617553969641432, 0.6901776163881288, 0.7837076733313628, 0.6773865989157578, 0.5850933323647386], [-0.281262845968524, 1.3637305839405005, 0.0, 0.22713681695727997, 0.6610204981420813, 0.11738798732967609, 0.5189677892123022, 0.6916675115523235, 0.3273961108817358, 0.2667247597178768, 0.006216428718621936, 0.6111099735940613, 0.6602059429855243, 0.6759717144860101, 0.7745323001512701, 0.6697412600588387, 0.5475134420264164]], "features_2": [[0.27614090679590575, 1.0476905073713025, 0.0, 0.28018302049431176, 0.5752366304527333, 0.13307404008123686, 0.2188619797215985, 0.677653257727332, 0.4173468647385088, 0.23567033948369498, 0.007894969482732161, 0.606776681870947, 0.6471106530616225, 0.657210055304155, 0.7831080124929722, 0.7141502260729055, 0.6212931617986773], [0.3854566827817858, 1.1332051488011177, 0.0, 0.2944387778895556, 0.603385938167708, 0.12687955018771907, 0.31382605444313966, 0.6847911528197179, 0.38095513746521514, 0.24203612559690768, 0.007504523810135222, 0.596337360555677, 0.6516362981692319, 0.6668531467302433, 0.7771003009650206, 0.6991990634215687, 0.6012896452119726], [0.5993687140799344, 1.1812737825350432, 0.0, 0.31088764346083414, 0.6094718957695454, 0.13011183655395211, 0.2347533786581401, 0.6809823515194942, 0.40725098391703374, 0.25386736438278756, 0.00822905385914674, 0.5931477786185968, 0.6320456446350616, 0.6357299324198505, 0.7772806667951443, 0.7059329352287113, 0.6135983569407485], [0.5611553170852943, 1.1220132424263343, 0.0, 0.2756135174150506, 0.5971487694387675, 0.1298716808706777, 0.24855727402251232, 0.6813785654640183, 0.4079698733163968, 0.24290164951518767, 0.007894969482732161, 0.5998588025779488, 0.633319686637087, 0.6406800976355587, 0.7780232143244517, 0.6939642755416222, 0.6080085561284518], [-0.05735850674158938, 1.2787947315400803, 0.0, 0.26664569018607526, 0.6425611934397584, 0.12064217859937368, 0.6794084227823312, 0.6903840362729909, 0.3189563846377217, 0.2520057056121425, 0.006497131753992358, 0.605639072050931, 0.6388808220224605, 0.6609465048365407, 0.766772864740115, 0.6902104775577189, 0.5678647827088948], [1.059103735183144, 1.2377712669869556, 0.0, 0.29623372570769924, 0.629720292024017, 0.12432341088568574, 0.30617545076949637, 0.6864583761796104, 0.37705816747562815, 0.2513418143053736, 0.007225183508792421, 0.5796797633708888, 0.6353602346046903, 0.6503766724028358, 0.7704674675810219, 0.7038427784108587, 0.5969224274922373], [0.8788840572772258, 1.2462418567814493, 0.0, 0.27461291409292554, 0.6392379206379937, 0.11887927564389539, 0.5179492987334591, 0.691007546473744, 0.33708484554155715, 0.2422535302600295, 0.006889477554966383, 0.58448993704532, 0.6270940082284571, 0.6441300002773684, 0.773533038821937, 0.7099319637695254, 0.5626904929253542], [1.337675587721721, 1.2875457662297658, 0.0, 0.28530309340375504, 0.6536175012648171, 0.11434128750664826, 0.3927595287136313, 0.6918820168229097, 0.3083915308623977, 0.23842121214299494, 0.00655322669591385, 0.5598482378076315, 0.6102467442956166, 0.6205945441333296, 0.7543888375549614, 0.6902894236406601, 0.5450245401704087], [1.2858271647735728, 1.2159631343232378, 0.0, 0.31922340964410917, 0.6411192421150732, 0.11330631833094926, 0.5387903098341547, 0.6924149526785759, 0.2927400149532684, 0.2236056668354809, 0.006160242374180447, 0.5639206479864369, 0.6224693612936346, 0.5985402551137669, 0.7546336286386536, 0.6836220084074435, 0.5442936145006733]]}