{"labels_1": ["1", "2", "3", "4", "5", "6", "7", "8", "9"], "labels_2": ["1", "2", "3", "4", "5", "6", "7", "8", "9"], "adj_matrix_1": [[0.0, 0.13388, 0.09492, 0.2355, 0.0354, 0.26574, 0.14339, 0.01741, 0.02493], [0.13388, 0.0, 0.04184, 0.12912, 0.10086, 0.18211, 0.01077, 0.11782, 0.15603], [0.09492, 0.04184, 0.0, 0.16494, 0.06046, 0.21167, 0.05244, 0.0781, 0.11842], [0.2355, 0.12912, 0.16494, 0.0, 0.21116, 0.06547, 0.11927, 0.22379, 0.2505], [0.0354, 0.10086, 0.06046, 0.21116, 0.0, 0.2476, 0.11104, 0.01806, 0.06013], [0.26574, 0.18211, 0.21167, 0.06547, 0.2476, 0.0, 0.17362, 0.25708, 0.27616], [0.14339, 0.01077, 0.05244, 0.11927, 0.11104, 0.17362, 0.0, 0.12774, 0.16538], [0.01741, 0.11782, 0.0781, 0.22379, 0.01806, 0.25708, 0.12774, 0.0, 0.04228], [0.02493, 0.15603, 0.11842, 0.2505, 0.06013, 0.27616, 0.16538, 0.04228, 0.0]], "adj_matrix_2": [[0.0, 0.21208, 0.10157, 0.14208, 0.25409, 0.08723, 0.14488, 0.14079, 0.22276], [0.21208, 0.0, 0.13201, 0.09146, 0.09434, 0.14493, 0.28938, 0.28775, 0.31608], [0.10157, 0.13201, 0.0, 0.04474, 0.20209, 0.01515, 0.22735, 0.22408, 0.28666], [0.14208, 0.09146, 0.04474, 0.0, 0.17167, 0.0596, 0.25449, 0.25173, 0.30373], [0.25409, 0.09434, 0.20209, 0.17167, 0.0, 0.21127, 0.28984, 0.28937, 0.29424], [0.08723, 0.14493, 0.01515, 0.0596, 0.21127, 0.0, 0.2169, 0.21348, 0.27943], [0.14488, 0.28938, 0.22735, 0.25449, 0.28984, 0.2169, 0.0, 0.00455, 0.09129], [0.14079, 0.28775, 0.22408, 0.25173, 0.28937, 0.21348, 0.00455, 0.0, 0.09568], [0.22276, 0.31608, 0.28666, 0.30373, 0.29424, 0.27943, 0.09129, 0.09568, 0.0]], "features_1": [[0.3157983066690173, 0.9532282405973419, 0.0, 0.2610625463769916, 0.5535062324250127, 0.13451684540682368, 0.2691706712481185, 0.6783621651033103, 0.4207646651114958, 0.21886006029749838, 0.007894969482732161, 0.6099492088105767, 0.6609873351539662, 0.6846831021478159, 0.7913622809858835, 0.7254477835246458, 0.6060194699736287], [0.368949862419615, 0.9965137863115417, 0.0, 0.2841056657362283, 0.5662496113628671, 0.1317297762280029, 0.3342522924743612, 0.6830296191252782, 0.4208232544027637, 0.22535496592576987, 0.007616154688146137, 0.6032609269905702, 0.6547779311448, 0.6855300306164914, 0.7942095951805784, 0.7103137641391951, 0.5939755769793216], [0.3911645115672546, 1.0000641427816455, 0.0, 0.2817181504132421, 0.5662660942573383, 0.13455722501523265, 0.24673016468020706, 0.6779260540563521, 0.4225890093061173, 0.2291887826771586, 0.008006390651371653, 0.6053191607066197, 0.6486039379307899, 0.7002618350767039, 0.7880194227834412, 0.7093486265028695, 0.6040876100307221], [0.4766029849191251, 0.9569086810327597, 0.0, 0.25014832949233934, 0.5603922420710572, 0.13208417561921665, 0.2823294330217074, 0.6807087942297262, 0.39650785476822037, 0.21432624910491938, 0.007448685839370306, 0.5944641226652205, 0.6598445632743787, 0.6885713741617999, 0.7856062836471982, 0.7084723338438694, 0.5995087976548609], [0.42388578588024073, 1.2547990564086364, 0.0, 0.31527038511813804, 0.6343401975899747, 0.1191858350391764, 0.5316450125061536, 0.691352895055266, 0.3447293967996061, 0.24727301390346756, 0.00716927026363523, 0.5987813497750916, 0.6478345031604656, 0.6567379760633071, 0.7787551087188966, 0.6999288246765378, 0.5218225325065654], [0.525075774583804, 0.9852840110898965, 0.0, 0.23983479398536484, 0.5645497145826592, 0.13464982947050502, 0.29665197183139114, 0.6788848883690213, 0.4100057518790243, 0.22238886698485616, 0.007225183508792421, 0.5888748589289223, 0.6490672798102601, 0.6726140930413665, 0.7922124448987665, 0.7077354103807069, 0.6062622832721035], [0.3716775132604959, 1.300397109711017, 0.0, 0.21558863578923165, 0.6375985483883694, 0.12281289058284817, 0.39990026070223195, 0.6886822013593173, 0.346768839146649, 0.257398557655099, 0.006497131753992358, 0.6011041896303555, 0.6455289947521424, 0.6516565704655182, 0.7783482815270965, 0.7009667414202934, 0.5210633283020315], [0.25647136027426587, 1.1679949308512685, 0.0, 0.21008565211362557, 0.6229917320282218, 0.11576728355717049, 0.495993340295216, 0.6917005873860429, 0.3220558455849991, 0.2258815959620919, 0.006721420376576193, 0.5924332117741447, 0.6468101712494737, 0.6398907601842002, 0.7595693709309213, 0.7058013393095438, 0.5358019362129219], [0.048873309675460774, 1.2326767651180472, 0.0, 0.2132451803947479, 0.6368062513503672, 0.11307044837078235, 0.49909035791955747, 0.6924134917844116, 0.2887323283368959, 0.2324086002690322, 0.006272599803500922, 0.5891254785641853, 0.6318707993642394, 0.6459860102282509, 0.7522316568271638, 0.6702151726581507, 0.5194663194464982]], "features_2": [[0.32929112012710693, 1.097965639161403, 0.0, 0.20822202003746904, 0.5970926074244871, 0.128429340294578, 0.3237924159680837, 0.6839498807984057, 0.3971923770728003, 0.23781292392408826, 0.007560346756364078, 0.6033882815296878, 0.6565000729551224, 0.667826376774271, 0.7839780264126395, 0.6963494608916581, 0.6003948729124599], [0.8090708469626677, 1.2227889499278053, 0.0, 0.2454359609457456, 0.6195535025294671, 0.1271396573362796, 0.35701855391047277, 0.6856312446394743, 0.3603145624860078, 0.25022670334894936, 0.007616154688146137, 0.5766795810873901, 0.6395226058220487, 0.6428547633686862, 0.7843546974219558, 0.7130260169936026, 0.5870828429194287], [0.31895825045784987, 1.2459211821681393, 0.0, 0.25427104928608624, 0.6363723380934581, 0.12112813350138843, 0.3731849771229797, 0.6890671032334929, 0.34847815027307316, 0.2524135430054899, 0.007001439975721224, 0.5869502629287489, 0.651936813739933, 0.6690524138872493, 0.7697956514609614, 0.6820617194704788, 0.5861495829312257], [0.33381756422603726, 1.1652379752044508, 0.0, 0.22506440718321508, 0.6234699602139433, 0.11951349517559691, 0.38038188352475116, 0.6899826533682621, 0.3413889584139711, 0.23509079490983242, 0.00683347364535547, 0.5887305316668894, 0.6504504205693981, 0.6695457552318909, 0.7682333787546879, 0.6933466410954435, 0.5840611769639518], [1.3815609759026497, 1.465943443861478, 0.0, 0.19677482217187747, 0.6681433827392341, 0.12079126359640634, 0.4497762954520631, 0.6898770913075818, 0.3164082242531969, 0.26767010174544126, 0.006497131753992358, 0.5623347958580496, 0.618564207039742, 0.6056001131865396, 0.7725054487260783, 0.6809866537099373, 0.5323696665118306], [0.3876897397506758, 1.3089781971256205, 0.0, 0.26339530594553573, 0.6592839607693189, 0.11266728218201941, 0.5011888140959293, 0.6926114241115355, 0.29583523731765693, 0.2437971231272209, 0.006047823865199753, 0.5753863736452698, 0.6400481047314465, 0.6492041601177754, 0.7555626575097161, 0.6786160201670003, 0.5580905794999929], [0.19452621657570468, 1.3595492678240877, 0.0, 0.21500412927799706, 0.6554093664616714, 0.1205171715925816, 0.4440039616494225, 0.6901309739994685, 0.3326173787940734, 0.26435586307453307, 0.00655322669591385, 0.6035218662104676, 0.6418020862172288, 0.639993192380703, 0.7734441297023464, 0.6934653761843801, 0.5679935495853208], [0.3268010626916613, 1.3241589921915204, 0.0, 0.23484843740102812, 0.6645605292642656, 0.11202127099118234, 0.6957547679227545, 0.6930366299880689, 0.2795092818522602, 0.23829450551474163, 0.006047823865199753, 0.5828438147385353, 0.6353635094535544, 0.6315900204541336, 0.7559105650338964, 0.6783144243500373, 0.5619822508125704], [0.18818386804566423, 1.4634270561609846, 0.0, 0.2645524382750634, 0.6920294711627345, 0.10734276099710974, 0.7831793119446402, 0.6930803946395828, 0.261228592015907, 0.2522993570458205, 0.006047823865199753, 0.5878774766238974, 0.6460820671855674, 0.6221664702315737, 0.7415214342639344, 0.6543080993143854, 0.5342660804933587]]}