{"labels_1": ["1", "2", "3", "4", "5", "6", "7", "8", "9"], "labels_2": ["1", "2", "3", "4", "5", "6", "7", "8", "9"], "adj_matrix_1": [[0.0, 0.13388, 0.09492, 0.2355, 0.0354, 0.26574, 0.14339, 0.01741, 0.02493], [0.13388, 0.0, 0.04184, 0.12912, 0.10086, 0.18211, 0.01077, 0.11782, 0.15603], [0.09492, 0.04184, 0.0, 0.16494, 0.06046, 0.21167, 0.05244, 0.0781, 0.11842], [0.2355, 0.12912, 0.16494, 0.0, 0.21116, 0.06547, 0.11927, 0.22379, 0.2505], [0.0354, 0.10086, 0.06046, 0.21116, 0.0, 0.2476, 0.11104, 0.01806, 0.06013], [0.26574, 0.18211, 0.21167, 0.06547, 0.2476, 0.0, 0.17362, 0.25708, 0.27616], [0.14339, 0.01077, 0.05244, 0.11927, 0.11104, 0.17362, 0.0, 0.12774, 0.16538], [0.01741, 0.11782, 0.0781, 0.22379, 0.01806, 0.25708, 0.12774, 0.0, 0.04228], [0.02493, 0.15603, 0.11842, 0.2505, 0.06013, 0.27616, 0.16538, 0.04228, 0.0]], "adj_matrix_2": [[0.0, 0.10799, 0.02371, 0.03757, 0.15242, 0.10947, 0.25689, 0.14298, 0.1347], [0.10799, 0.0, 0.13003, 0.07184, 0.23676, 0.00156, 0.25518, 0.22978, 0.22359], [0.02371, 0.13003, 0.0, 0.061, 0.13172, 0.13147, 0.25497, 0.12181, 0.11319], [0.03757, 0.07184, 0.061, 0.0, 0.1836, 0.07336, 0.25813, 0.17492, 0.16728], [0.15242, 0.23676, 0.13172, 0.1836, 0.0, 0.23779, 0.22132, 0.01119, 0.02065], [0.10947, 0.00156, 0.13147, 0.07336, 0.23779, 0.0, 0.25508, 0.23087, 0.22472], [0.25689, 0.25518, 0.25497, 0.25813, 0.22132, 0.25508, 0.0, 0.22583, 0.22929], [0.14298, 0.22978, 0.12181, 0.17492, 0.01119, 0.23087, 0.22583, 0.0, 0.00948], [0.1347, 0.22359, 0.11319, 0.16728, 0.02065, 0.22472, 0.22929, 0.00948, 0.0]], "features_1": [[0.3157983066690173, 0.9532282405973419, 0.0, 0.2610625463769916, 0.5535062324250127, 0.13451684540682368, 0.2691706712481185, 0.6783621651033103, 0.4207646651114958, 0.21886006029749838, 0.007894969482732161, 0.6099492088105767, 0.6609873351539662, 0.6846831021478159, 0.7913622809858835, 0.7254477835246458, 0.6060194699736287], [0.368949862419615, 0.9965137863115417, 0.0, 0.2841056657362283, 0.5662496113628671, 0.1317297762280029, 0.3342522924743612, 0.6830296191252782, 0.4208232544027637, 0.22535496592576987, 0.007616154688146137, 0.6032609269905702, 0.6547779311448, 0.6855300306164914, 0.7942095951805784, 0.7103137641391951, 0.5939755769793216], [0.3911645115672546, 1.0000641427816455, 0.0, 0.2817181504132421, 0.5662660942573383, 0.13455722501523265, 0.24673016468020706, 0.6779260540563521, 0.4225890093061173, 0.2291887826771586, 0.008006390651371653, 0.6053191607066197, 0.6486039379307899, 0.7002618350767039, 0.7880194227834412, 0.7093486265028695, 0.6040876100307221], [0.4766029849191251, 0.9569086810327597, 0.0, 0.25014832949233934, 0.5603922420710572, 0.13208417561921665, 0.2823294330217074, 0.6807087942297262, 0.39650785476822037, 0.21432624910491938, 0.007448685839370306, 0.5944641226652205, 0.6598445632743787, 0.6885713741617999, 0.7856062836471982, 0.7084723338438694, 0.5995087976548609], [0.42388578588024073, 1.2547990564086364, 0.0, 0.31527038511813804, 0.6343401975899747, 0.1191858350391764, 0.5316450125061536, 0.691352895055266, 0.3447293967996061, 0.24727301390346756, 0.00716927026363523, 0.5987813497750916, 0.6478345031604656, 0.6567379760633071, 0.7787551087188966, 0.6999288246765378, 0.5218225325065654], [0.525075774583804, 0.9852840110898965, 0.0, 0.23983479398536484, 0.5645497145826592, 0.13464982947050502, 0.29665197183139114, 0.6788848883690213, 0.4100057518790243, 0.22238886698485616, 0.007225183508792421, 0.5888748589289223, 0.6490672798102601, 0.6726140930413665, 0.7922124448987665, 0.7077354103807069, 0.6062622832721035], [0.3716775132604959, 1.300397109711017, 0.0, 0.21558863578923165, 0.6375985483883694, 0.12281289058284817, 0.39990026070223195, 0.6886822013593173, 0.346768839146649, 0.257398557655099, 0.006497131753992358, 0.6011041896303555, 0.6455289947521424, 0.6516565704655182, 0.7783482815270965, 0.7009667414202934, 0.5210633283020315], [0.25647136027426587, 1.1679949308512685, 0.0, 0.21008565211362557, 0.6229917320282218, 0.11576728355717049, 0.495993340295216, 0.6917005873860429, 0.3220558455849991, 0.2258815959620919, 0.006721420376576193, 0.5924332117741447, 0.6468101712494737, 0.6398907601842002, 0.7595693709309213, 0.7058013393095438, 0.5358019362129219], [0.048873309675460774, 1.2326767651180472, 0.0, 0.2132451803947479, 0.6368062513503672, 0.11307044837078235, 0.49909035791955747, 0.6924134917844116, 0.2887323283368959, 0.2324086002690322, 0.006272599803500922, 0.5891254785641853, 0.6318707993642394, 0.6459860102282509, 0.7522316568271638, 0.6702151726581507, 0.5194663194464982]], "features_2": [[0.0018302832181493756, 0.9155860314148188, 0.0, 0.224707362931934, 0.532341245725331, 0.1434831055446534, 0.18563909725915764, 0.6659119790085455, 0.470351520144052, 0.22570294361036414, 0.008340296057933516, 0.6198906473300752, 0.6643012415755044, 0.6888348484026728, 0.7990329341203608, 0.6949808333939625, 0.6191564938494318], [-0.05097063312717731, 1.035780125865984, 0.0, 0.20882182075491598, 0.5650329281133429, 0.13780624756900312, 0.22268190050152867, 0.6736995446734679, 0.4359720514422456, 0.2428139087008354, 0.00783923647221818, 0.6194888356391246, 0.6542894122401363, 0.6900437784359471, 0.7922425268088688, 0.7008874826235468, 0.5961360143215938], [0.05983893633543458, 0.9762568515980771, 0.0, 0.21335170016412694, 0.5541403450896919, 0.1416220673463851, 0.2118827424273441, 0.6689619613593567, 0.4610004731364348, 0.23370488206036089, 0.007783488497544067, 0.6220880676825096, 0.6557061435422362, 0.6818792633421876, 0.7958605772791552, 0.6937930003914818, 0.624279926020488], [0.31448526687089995, 0.9702211436112088, 0.0, 0.1985327600200273, 0.5560020842640667, 0.13596415181936236, 0.3141878071353233, 0.6773443912602297, 0.42411265065916837, 0.22163513242679644, 0.007504523810135222, 0.6059035625706612, 0.6482550683332103, 0.6628590315576374, 0.7927580501439304, 0.7082498729209539, 0.6148620495874374], [0.4475411345968383, 1.2647540919370097, 0.0, 0.2201404029969388, 0.6296314014496741, 0.12194962189642544, 0.38464255209437326, 0.6891915717388823, 0.33461951609198803, 0.25123346062875695, 0.006328755639155359, 0.5931355932617657, 0.6270449909086752, 0.6520502279041226, 0.7741246865202787, 0.7000604086186935, 0.5448906201434051], [0.07298620019047153, 1.0088588170033088, 0.0, 0.20075550414927615, 0.573198148767049, 0.13217594885180847, 0.354635982691687, 0.6820795837735154, 0.4035676431507582, 0.22602297769860558, 0.007783488497544067, 0.6159151563660112, 0.6687107334851399, 0.6842941088069093, 0.7928952857410889, 0.7054130215287332, 0.6164204274013099], [0.8289675394171598, 1.2170706675577134, 0.0, 0.2776243650682584, 0.6293914884600058, 0.11738131725832515, 0.5381719115296327, 0.691605550520934, 0.33057020711010177, 0.23783965836992937, 0.006721420376576193, 0.5803982560884537, 0.6432798007648706, 0.6437346565179268, 0.7693390953675312, 0.6857751629268853, 0.5322875540316663], [0.36940585195868003, 1.0879194065259365, 0.0, 0.2801902739952048, 0.6047483883816107, 0.11423665774377365, 0.4297927320303536, 0.6920079408375845, 0.29145039239301473, 0.21158737100210856, 0.006609306440138685, 0.5781436456316893, 0.6470958010317972, 0.6610159023771521, 0.7539487826118163, 0.6879024761151593, 0.5554722836154025], [0.5938460557904821, 1.1097839252104322, 0.0, 0.285263211181872, 0.6107553833956021, 0.11309149383516555, 0.4567226531052057, 0.6923763625407098, 0.30152286450114363, 0.21395947424394435, 0.006721420376576193, 0.5742607435772931, 0.6447317294256657, 0.6540832046329009, 0.7527210066471514, 0.6738959903556904, 0.5375718811978999]]}