{"labels_1": ["1", "2", "3", "4", "5", "6", "7", "8", "9"], "labels_2": ["1", "2", "3", "4", "5", "6", "7", "8", "9"], "adj_matrix_1": [[0.0, 0.13388, 0.09492, 0.2355, 0.0354, 0.26574, 0.14339, 0.01741, 0.02493], [0.13388, 0.0, 0.04184, 0.12912, 0.10086, 0.18211, 0.01077, 0.11782, 0.15603], [0.09492, 0.04184, 0.0, 0.16494, 0.06046, 0.21167, 0.05244, 0.0781, 0.11842], [0.2355, 0.12912, 0.16494, 0.0, 0.21116, 0.06547, 0.11927, 0.22379, 0.2505], [0.0354, 0.10086, 0.06046, 0.21116, 0.0, 0.2476, 0.11104, 0.01806, 0.06013], [0.26574, 0.18211, 0.21167, 0.06547, 0.2476, 0.0, 0.17362, 0.25708, 0.27616], [0.14339, 0.01077, 0.05244, 0.11927, 0.11104, 0.17362, 0.0, 0.12774, 0.16538], [0.01741, 0.11782, 0.0781, 0.22379, 0.01806, 0.25708, 0.12774, 0.0, 0.04228], [0.02493, 0.15603, 0.11842, 0.2505, 0.06013, 0.27616, 0.16538, 0.04228, 0.0]], "adj_matrix_2": [[0.0, 0.23886, 0.16778, 0.03493, 0.17763, 0.22313, 0.07765, 0.26815, 0.27614], [0.23886, 0.0, 0.10033, 0.21621, 0.32006, 0.02706, 0.18472, 0.07202, 0.12937], [0.16778, 0.10033, 0.0, 0.1374, 0.29623, 0.07482, 0.09744, 0.16235, 0.20421], [0.03493, 0.21621, 0.1374, 0.0, 0.20683, 0.19816, 0.04332, 0.25267, 0.26728], [0.17763, 0.32006, 0.29623, 0.20683, 0.0, 0.31777, 0.23975, 0.31304, 0.29051], [0.22313, 0.02706, 0.07482, 0.19816, 0.31777, 0.0, 0.16401, 0.09747, 0.15138], [0.07765, 0.18472, 0.09744, 0.04332, 0.23975, 0.16401, 0.0, 0.22981, 0.25279], [0.26815, 0.07202, 0.16235, 0.25267, 0.31304, 0.09747, 0.22981, 0.0, 0.0631], [0.27614, 0.12937, 0.20421, 0.26728, 0.29051, 0.15138, 0.25279, 0.0631, 0.0]], "features_1": [[0.3157983066690173, 0.9532282405973419, 0.0, 0.2610625463769916, 0.5535062324250127, 0.13451684540682368, 0.2691706712481185, 0.6783621651033103, 0.4207646651114958, 0.21886006029749838, 0.007894969482732161, 0.6099492088105767, 0.6609873351539662, 0.6846831021478159, 0.7913622809858835, 0.7254477835246458, 0.6060194699736287], [0.368949862419615, 0.9965137863115417, 0.0, 0.2841056657362283, 0.5662496113628671, 0.1317297762280029, 0.3342522924743612, 0.6830296191252782, 0.4208232544027637, 0.22535496592576987, 0.007616154688146137, 0.6032609269905702, 0.6547779311448, 0.6855300306164914, 0.7942095951805784, 0.7103137641391951, 0.5939755769793216], [0.3911645115672546, 1.0000641427816455, 0.0, 0.2817181504132421, 0.5662660942573383, 0.13455722501523265, 0.24673016468020706, 0.6779260540563521, 0.4225890093061173, 0.2291887826771586, 0.008006390651371653, 0.6053191607066197, 0.6486039379307899, 0.7002618350767039, 0.7880194227834412, 0.7093486265028695, 0.6040876100307221], [0.4766029849191251, 0.9569086810327597, 0.0, 0.25014832949233934, 0.5603922420710572, 0.13208417561921665, 0.2823294330217074, 0.6807087942297262, 0.39650785476822037, 0.21432624910491938, 0.007448685839370306, 0.5944641226652205, 0.6598445632743787, 0.6885713741617999, 0.7856062836471982, 0.7084723338438694, 0.5995087976548609], [0.42388578588024073, 1.2547990564086364, 0.0, 0.31527038511813804, 0.6343401975899747, 0.1191858350391764, 0.5316450125061536, 0.691352895055266, 0.3447293967996061, 0.24727301390346756, 0.00716927026363523, 0.5987813497750916, 0.6478345031604656, 0.6567379760633071, 0.7787551087188966, 0.6999288246765378, 0.5218225325065654], [0.525075774583804, 0.9852840110898965, 0.0, 0.23983479398536484, 0.5645497145826592, 0.13464982947050502, 0.29665197183139114, 0.6788848883690213, 0.4100057518790243, 0.22238886698485616, 0.007225183508792421, 0.5888748589289223, 0.6490672798102601, 0.6726140930413665, 0.7922124448987665, 0.7077354103807069, 0.6062622832721035], [0.3716775132604959, 1.300397109711017, 0.0, 0.21558863578923165, 0.6375985483883694, 0.12281289058284817, 0.39990026070223195, 0.6886822013593173, 0.346768839146649, 0.257398557655099, 0.006497131753992358, 0.6011041896303555, 0.6455289947521424, 0.6516565704655182, 0.7783482815270965, 0.7009667414202934, 0.5210633283020315], [0.25647136027426587, 1.1679949308512685, 0.0, 0.21008565211362557, 0.6229917320282218, 0.11576728355717049, 0.495993340295216, 0.6917005873860429, 0.3220558455849991, 0.2258815959620919, 0.006721420376576193, 0.5924332117741447, 0.6468101712494737, 0.6398907601842002, 0.7595693709309213, 0.7058013393095438, 0.5358019362129219], [0.048873309675460774, 1.2326767651180472, 0.0, 0.2132451803947479, 0.6368062513503672, 0.11307044837078235, 0.49909035791955747, 0.6924134917844116, 0.2887323283368959, 0.2324086002690322, 0.006272599803500922, 0.5891254785641853, 0.6318707993642394, 0.6459860102282509, 0.7522316568271638, 0.6702151726581507, 0.5194663194464982]], "features_2": [[0.27614090679590575, 1.0476905073713025, 0.0, 0.28018302049431176, 0.5752366304527333, 0.13307404008123686, 0.2188619797215985, 0.677653257727332, 0.4173468647385088, 0.23567033948369498, 0.007894969482732161, 0.606776681870947, 0.6471106530616225, 0.657210055304155, 0.7831080124929722, 0.7141502260729055, 0.6212931617986773], [0.3854566827817858, 1.1332051488011177, 0.0, 0.2944387778895556, 0.603385938167708, 0.12687955018771907, 0.31382605444313966, 0.6847911528197179, 0.38095513746521514, 0.24203612559690768, 0.007504523810135222, 0.596337360555677, 0.6516362981692319, 0.6668531467302433, 0.7771003009650206, 0.6991990634215687, 0.6012896452119726], [0.5993687140799344, 1.1812737825350432, 0.0, 0.31088764346083414, 0.6094718957695454, 0.13011183655395211, 0.2347533786581401, 0.6809823515194942, 0.40725098391703374, 0.25386736438278756, 0.00822905385914674, 0.5931477786185968, 0.6320456446350616, 0.6357299324198505, 0.7772806667951443, 0.7059329352287113, 0.6135983569407485], [0.5611553170852943, 1.1220132424263343, 0.0, 0.2756135174150506, 0.5971487694387675, 0.1298716808706777, 0.24855727402251232, 0.6813785654640183, 0.4079698733163968, 0.24290164951518767, 0.007894969482732161, 0.5998588025779488, 0.633319686637087, 0.6406800976355587, 0.7780232143244517, 0.6939642755416222, 0.6080085561284518], [-0.05735850674158938, 1.2787947315400803, 0.0, 0.26664569018607526, 0.6425611934397584, 0.12064217859937368, 0.6794084227823312, 0.6903840362729909, 0.3189563846377217, 0.2520057056121425, 0.006497131753992358, 0.605639072050931, 0.6388808220224605, 0.6609465048365407, 0.766772864740115, 0.6902104775577189, 0.5678647827088948], [1.059103735183144, 1.2377712669869556, 0.0, 0.29623372570769924, 0.629720292024017, 0.12432341088568574, 0.30617545076949637, 0.6864583761796104, 0.37705816747562815, 0.2513418143053736, 0.007225183508792421, 0.5796797633708888, 0.6353602346046903, 0.6503766724028358, 0.7704674675810219, 0.7038427784108587, 0.5969224274922373], [0.8788840572772258, 1.2462418567814493, 0.0, 0.27461291409292554, 0.6392379206379937, 0.11887927564389539, 0.5179492987334591, 0.691007546473744, 0.33708484554155715, 0.2422535302600295, 0.006889477554966383, 0.58448993704532, 0.6270940082284571, 0.6441300002773684, 0.773533038821937, 0.7099319637695254, 0.5626904929253542], [1.337675587721721, 1.2875457662297658, 0.0, 0.28530309340375504, 0.6536175012648171, 0.11434128750664826, 0.3927595287136313, 0.6918820168229097, 0.3083915308623977, 0.23842121214299494, 0.00655322669591385, 0.5598482378076315, 0.6102467442956166, 0.6205945441333296, 0.7543888375549614, 0.6902894236406601, 0.5450245401704087], [1.2858271647735728, 1.2159631343232378, 0.0, 0.31922340964410917, 0.6411192421150732, 0.11330631833094926, 0.5387903098341547, 0.6924149526785759, 0.2927400149532684, 0.2236056668354809, 0.006160242374180447, 0.5639206479864369, 0.6224693612936346, 0.5985402551137669, 0.7546336286386536, 0.6836220084074435, 0.5442936145006733]]}