{"labels_1": ["1", "2", "3", "4", "5", "6", "7", "8", "9"], "labels_2": ["1", "2", "3", "4", "5", "6", "7", "8", "9"], "adj_matrix_1": [[0.0, 0.16783, 0.03842, 0.13134, 0.04458, 0.14266, 0.24405, 0.02467, 0.07954], [0.16783, 0.0, 0.15066, 0.18684, 0.18002, 0.0564, 0.11713, 0.15721, 0.18546], [0.03842, 0.15066, 0.0, 0.15825, 0.08111, 0.11595, 0.23091, 0.01392, 0.11319], [0.13134, 0.18684, 0.15825, 0.0, 0.09398, 0.19703, 0.24426, 0.14932, 0.05962], [0.04458, 0.18002, 0.08111, 0.09398, 0.0, 0.1674, 0.25512, 0.06837, 0.03679], [0.14266, 0.0564, 0.11595, 0.19703, 0.1674, 0.0, 0.15694, 0.1262, 0.18223], [0.24405, 0.11713, 0.23091, 0.24426, 0.25512, 0.15694, 0.0, 0.23721, 0.25615], [0.02467, 0.15721, 0.01392, 0.14932, 0.06837, 0.1262, 0.23721, 0.0, 0.10171], [0.07954, 0.18546, 0.11319, 0.05962, 0.03679, 0.18223, 0.25615, 0.10171, 0.0]], "adj_matrix_2": [[0.0, 0.21208, 0.10157, 0.14208, 0.25409, 0.08723, 0.14488, 0.14079, 0.22276], [0.21208, 0.0, 0.13201, 0.09146, 0.09434, 0.14493, 0.28938, 0.28775, 0.31608], [0.10157, 0.13201, 0.0, 0.04474, 0.20209, 0.01515, 0.22735, 0.22408, 0.28666], [0.14208, 0.09146, 0.04474, 0.0, 0.17167, 0.0596, 0.25449, 0.25173, 0.30373], [0.25409, 0.09434, 0.20209, 0.17167, 0.0, 0.21127, 0.28984, 0.28937, 0.29424], [0.08723, 0.14493, 0.01515, 0.0596, 0.21127, 0.0, 0.2169, 0.21348, 0.27943], [0.14488, 0.28938, 0.22735, 0.25449, 0.28984, 0.2169, 0.0, 0.00455, 0.09129], [0.14079, 0.28775, 0.22408, 0.25173, 0.28937, 0.21348, 0.00455, 0.0, 0.09568], [0.22276, 0.31608, 0.28666, 0.30373, 0.29424, 0.27943, 0.09129, 0.09568, 0.0]], "features_1": [[0.4714635506007987, 1.1189899468807498, 0.0, 0.27236640006861407, 0.5969065336123233, 0.13096844001936078, 0.267286831037233, 0.6813314042463184, 0.3909962655596462, 0.24459580985667495, 0.007448685839370306, 0.5965658979952244, 0.6540093886388041, 0.6741517040654115, 0.7845560328334511, 0.7157664013001585, 0.587991159515982], [1.0382324378836438, 1.2395841690880995, 0.0, 0.29808573288661067, 0.6296694556728217, 0.12550462777449037, 0.38213884276941884, 0.6869911152187962, 0.3777801920431374, 0.2585190469004772, 0.0069454663283523566, 0.5741388304869561, 0.6543042343141401, 0.6796032321416156, 0.781545890922411, 0.7057987300647555, 0.5681725255159166], [0.6243787845065163, 1.3282481194485947, 0.0, 0.265663817329164, 0.6451192046517479, 0.12525943538715717, 0.3083066074381513, 0.6862420071053323, 0.3772592881968788, 0.272119346647675, 0.007336964783822175, 0.5874520797987164, 0.6452505573841332, 0.6624812033859577, 0.7743793992006323, 0.6843186578194244, 0.5682267742667604], [0.5162871047967363, 1.3447050017656814, 0.0, 0.251638074145355, 0.6478442364916527, 0.12373320712219346, 0.3119615793796363, 0.6872926600189606, 0.3642950101504199, 0.27149670574023554, 0.007225183508792421, 0.5866804290758303, 0.6381786328703308, 0.6556817600174951, 0.7710759405864075, 0.6943623231035088, 0.5598825821864396], [0.8762164898121867, 1.5488446062701122, 0.0, 0.26687905145293084, 0.6910103442654902, 0.11702710408759877, 0.505580637986877, 0.6916450417928466, 0.3241974885184049, 0.2860382597909461, 0.006384896235913207, 0.5699563079458181, 0.6358197695829582, 0.6516178528101314, 0.7671538215814679, 0.6857889966324604, 0.521430739159588], [1.2652683285988902, 1.4956853435171473, 0.0, 0.28876119805230144, 0.6867436853094251, 0.11576108872489652, 0.4469758462269482, 0.6918756061322987, 0.33746218757163593, 0.27883756079655386, 0.007225183508792421, 0.5627443608973035, 0.6292839841648437, 0.6309710389948445, 0.7631506971556956, 0.6907255870729925, 0.5495531774470743], [0.3073057933642356, 1.8194301824160328, 0.0, 0.2591409679699466, 0.7221275322218882, 0.11763025513183839, 0.3904828186092054, 0.6911348680926174, 0.32603886508904356, 0.3260637746473414, 0.0069454663283523566, 0.5888781660613138, 0.6325658774196585, 0.6382190133934043, 0.7639564264899679, 0.6945700122485021, 0.4961320766900529], [1.6034969154167795, 1.4680360887652046, 0.0, 0.3010434975711738, 0.6945535779413456, 0.10511658011451552, 0.5718710110092509, 0.6930399455371719, 0.26896664818195837, 0.2521842059082371, 0.006328755639155359, 0.5450639653031497, 0.6179262556551807, 0.6286321747249585, 0.7374856303738015, 0.6697541157854922, 0.5089896172914379], [0.8511500797486051, 1.5516981493970872, 0.0, 0.28201976947533813, 0.6989147010153932, 0.10824504462203174, 0.5152669881684127, 0.6931031371130179, 0.26701760938826835, 0.26620920721042673, 0.006104040759826512, 0.5594471605260329, 0.6226727687943778, 0.6121634160356284, 0.7399030602162544, 0.6817166281981707, 0.5097363731101341]], "features_2": [[0.32929112012710693, 1.097965639161403, 0.0, 0.20822202003746904, 0.5970926074244871, 0.128429340294578, 0.3237924159680837, 0.6839498807984057, 0.3971923770728003, 0.23781292392408826, 0.007560346756364078, 0.6033882815296878, 0.6565000729551224, 0.667826376774271, 0.7839780264126395, 0.6963494608916581, 0.6003948729124599], [0.8090708469626677, 1.2227889499278053, 0.0, 0.2454359609457456, 0.6195535025294671, 0.1271396573362796, 0.35701855391047277, 0.6856312446394743, 0.3603145624860078, 0.25022670334894936, 0.007616154688146137, 0.5766795810873901, 0.6395226058220487, 0.6428547633686862, 0.7843546974219558, 0.7130260169936026, 0.5870828429194287], [0.31895825045784987, 1.2459211821681393, 0.0, 0.25427104928608624, 0.6363723380934581, 0.12112813350138843, 0.3731849771229797, 0.6890671032334929, 0.34847815027307316, 0.2524135430054899, 0.007001439975721224, 0.5869502629287489, 0.651936813739933, 0.6690524138872493, 0.7697956514609614, 0.6820617194704788, 0.5861495829312257], [0.33381756422603726, 1.1652379752044508, 0.0, 0.22506440718321508, 0.6234699602139433, 0.11951349517559691, 0.38038188352475116, 0.6899826533682621, 0.3413889584139711, 0.23509079490983242, 0.00683347364535547, 0.5887305316668894, 0.6504504205693981, 0.6695457552318909, 0.7682333787546879, 0.6933466410954435, 0.5840611769639518], [1.3815609759026497, 1.465943443861478, 0.0, 0.19677482217187747, 0.6681433827392341, 0.12079126359640634, 0.4497762954520631, 0.6898770913075818, 0.3164082242531969, 0.26767010174544126, 0.006497131753992358, 0.5623347958580496, 0.618564207039742, 0.6056001131865396, 0.7725054487260783, 0.6809866537099373, 0.5323696665118306], [0.3876897397506758, 1.3089781971256205, 0.0, 0.26339530594553573, 0.6592839607693189, 0.11266728218201941, 0.5011888140959293, 0.6926114241115355, 0.29583523731765693, 0.2437971231272209, 0.006047823865199753, 0.5753863736452698, 0.6400481047314465, 0.6492041601177754, 0.7555626575097161, 0.6786160201670003, 0.5580905794999929], [0.19452621657570468, 1.3595492678240877, 0.0, 0.21500412927799706, 0.6554093664616714, 0.1205171715925816, 0.4440039616494225, 0.6901309739994685, 0.3326173787940734, 0.26435586307453307, 0.00655322669591385, 0.6035218662104676, 0.6418020862172288, 0.639993192380703, 0.7734441297023464, 0.6934653761843801, 0.5679935495853208], [0.3268010626916613, 1.3241589921915204, 0.0, 0.23484843740102812, 0.6645605292642656, 0.11202127099118234, 0.6957547679227545, 0.6930366299880689, 0.2795092818522602, 0.23829450551474163, 0.006047823865199753, 0.5828438147385353, 0.6353635094535544, 0.6315900204541336, 0.7559105650338964, 0.6783144243500373, 0.5619822508125704], [0.18818386804566423, 1.4634270561609846, 0.0, 0.2645524382750634, 0.6920294711627345, 0.10734276099710974, 0.7831793119446402, 0.6930803946395828, 0.261228592015907, 0.2522993570458205, 0.006047823865199753, 0.5878774766238974, 0.6460820671855674, 0.6221664702315737, 0.7415214342639344, 0.6543080993143854, 0.5342660804933587]]}