{"labels_1": ["1", "2", "3", "4", "5", "6", "7", "8", "9"], "labels_2": ["1", "2", "3", "4", "5", "6", "7", "8", "9"], "adj_matrix_1": [[0.0, 0.16783, 0.03842, 0.13134, 0.04458, 0.14266, 0.24405, 0.02467, 0.07954], [0.16783, 0.0, 0.15066, 0.18684, 0.18002, 0.0564, 0.11713, 0.15721, 0.18546], [0.03842, 0.15066, 0.0, 0.15825, 0.08111, 0.11595, 0.23091, 0.01392, 0.11319], [0.13134, 0.18684, 0.15825, 0.0, 0.09398, 0.19703, 0.24426, 0.14932, 0.05962], [0.04458, 0.18002, 0.08111, 0.09398, 0.0, 0.1674, 0.25512, 0.06837, 0.03679], [0.14266, 0.0564, 0.11595, 0.19703, 0.1674, 0.0, 0.15694, 0.1262, 0.18223], [0.24405, 0.11713, 0.23091, 0.24426, 0.25512, 0.15694, 0.0, 0.23721, 0.25615], [0.02467, 0.15721, 0.01392, 0.14932, 0.06837, 0.1262, 0.23721, 0.0, 0.10171], [0.07954, 0.18546, 0.11319, 0.05962, 0.03679, 0.18223, 0.25615, 0.10171, 0.0]], "adj_matrix_2": [[0.0, 0.31008, 0.07929, 0.23693, 0.16146, 0.24338, 0.15625, 0.27224, 0.31424], [0.31008, 0.0, 0.26501, 0.12649, 0.20326, 0.11838, 0.20798, 0.07706, 0.01233], [0.07929, 0.26501, 0.0, 0.17083, 0.08635, 0.17845, 0.08067, 0.21367, 0.27156], [0.23693, 0.12649, 0.17083, 0.0, 0.09008, 0.00888, 0.09582, 0.0524, 0.13742], [0.16146, 0.20326, 0.08635, 0.09008, 0.0, 0.09865, 0.00589, 0.13926, 0.21236], [0.24338, 0.11838, 0.17845, 0.00888, 0.09865, 0.0, 0.10433, 0.04365, 0.12951], [0.15625, 0.20798, 0.08067, 0.09582, 0.00589, 0.10433, 0.0, 0.14465, 0.21688], [0.27224, 0.07706, 0.21367, 0.0524, 0.13926, 0.04365, 0.14465, 0.0, 0.08887], [0.31424, 0.01233, 0.27156, 0.13742, 0.21236, 0.12951, 0.21688, 0.08887, 0.0]], "features_1": [[0.4714635506007987, 1.1189899468807498, 0.0, 0.27236640006861407, 0.5969065336123233, 0.13096844001936078, 0.267286831037233, 0.6813314042463184, 0.3909962655596462, 0.24459580985667495, 0.007448685839370306, 0.5965658979952244, 0.6540093886388041, 0.6741517040654115, 0.7845560328334511, 0.7157664013001585, 0.587991159515982], [1.0382324378836438, 1.2395841690880995, 0.0, 0.29808573288661067, 0.6296694556728217, 0.12550462777449037, 0.38213884276941884, 0.6869911152187962, 0.3777801920431374, 0.2585190469004772, 0.0069454663283523566, 0.5741388304869561, 0.6543042343141401, 0.6796032321416156, 0.781545890922411, 0.7057987300647555, 0.5681725255159166], [0.6243787845065163, 1.3282481194485947, 0.0, 0.265663817329164, 0.6451192046517479, 0.12525943538715717, 0.3083066074381513, 0.6862420071053323, 0.3772592881968788, 0.272119346647675, 0.007336964783822175, 0.5874520797987164, 0.6452505573841332, 0.6624812033859577, 0.7743793992006323, 0.6843186578194244, 0.5682267742667604], [0.5162871047967363, 1.3447050017656814, 0.0, 0.251638074145355, 0.6478442364916527, 0.12373320712219346, 0.3119615793796363, 0.6872926600189606, 0.3642950101504199, 0.27149670574023554, 0.007225183508792421, 0.5866804290758303, 0.6381786328703308, 0.6556817600174951, 0.7710759405864075, 0.6943623231035088, 0.5598825821864396], [0.8762164898121867, 1.5488446062701122, 0.0, 0.26687905145293084, 0.6910103442654902, 0.11702710408759877, 0.505580637986877, 0.6916450417928466, 0.3241974885184049, 0.2860382597909461, 0.006384896235913207, 0.5699563079458181, 0.6358197695829582, 0.6516178528101314, 0.7671538215814679, 0.6857889966324604, 0.521430739159588], [1.2652683285988902, 1.4956853435171473, 0.0, 0.28876119805230144, 0.6867436853094251, 0.11576108872489652, 0.4469758462269482, 0.6918756061322987, 0.33746218757163593, 0.27883756079655386, 0.007225183508792421, 0.5627443608973035, 0.6292839841648437, 0.6309710389948445, 0.7631506971556956, 0.6907255870729925, 0.5495531774470743], [0.3073057933642356, 1.8194301824160328, 0.0, 0.2591409679699466, 0.7221275322218882, 0.11763025513183839, 0.3904828186092054, 0.6911348680926174, 0.32603886508904356, 0.3260637746473414, 0.0069454663283523566, 0.5888781660613138, 0.6325658774196585, 0.6382190133934043, 0.7639564264899679, 0.6945700122485021, 0.4961320766900529], [1.6034969154167795, 1.4680360887652046, 0.0, 0.3010434975711738, 0.6945535779413456, 0.10511658011451552, 0.5718710110092509, 0.6930399455371719, 0.26896664818195837, 0.2521842059082371, 0.006328755639155359, 0.5450639653031497, 0.6179262556551807, 0.6286321747249585, 0.7374856303738015, 0.6697541157854922, 0.5089896172914379], [0.8511500797486051, 1.5516981493970872, 0.0, 0.28201976947533813, 0.6989147010153932, 0.10824504462203174, 0.5152669881684127, 0.6931031371130179, 0.26701760938826835, 0.26620920721042673, 0.006104040759826512, 0.5594471605260329, 0.6226727687943778, 0.6121634160356284, 0.7399030602162544, 0.6817166281981707, 0.5097363731101341]], "features_2": [[0.07201882607333365, 0.9121515942090673, 0.0, 0.24718719584416565, 0.5370707763259254, 0.13339256260457144, 0.13736326031915666, 0.6744098395667514, 0.387083724289609, 0.2075020435069248, 0.007448685839370306, 0.6244840966759588, 0.6374471598367788, 0.6523276404821697, 0.7736101873943154, 0.692368306208212, 0.6154971352000135], [0.26253229857457816, 1.0627104520179746, 0.0, 0.23579616812768386, 0.5730238328896994, 0.13104078223888038, 0.24214145987059865, 0.6794681902563269, 0.3809384129178741, 0.23209304255370067, 0.007504523810135222, 0.5948170848358403, 0.6433917564346322, 0.6704457156812953, 0.775172587197273, 0.6959220235608522, 0.5893384749255574], [0.32626547573904974, 1.0259610824408147, 0.0, 0.2519019752973923, 0.5693726449882038, 0.13111537788810057, 0.13551763709469428, 0.6775475252295591, 0.392298849622003, 0.22645252496924728, 0.007671947615560004, 0.6140070621625995, 0.6320924370928303, 0.6486307395380084, 0.7668902500089448, 0.6747438382394092, 0.616856442122559], [0.523751615197257, 0.9245787816234742, 0.0, 0.23498619962996814, 0.5464001088899947, 0.13177429986336162, 0.19306859566099774, 0.6779809344246754, 0.40009280139587444, 0.20756317976721572, 0.008117752083540042, 0.6043867752498917, 0.6282980469176677, 0.6523367407889811, 0.7751606339202884, 0.7100746315686425, 0.6237491398966692], [0.12658309258782774, 1.4145226865380258, 0.0, 0.18994276445320224, 0.6583221096222953, 0.12068112725210439, 0.4301588349429579, 0.6898088324004075, 0.3319211633735142, 0.2725553275967558, 0.006497131753992358, 0.5996928002585413, 0.629169113144241, 0.6429504353159369, 0.7683680743770429, 0.6920919613039681, 0.5435159934837298], [0.3162298536950523, 1.0538310952078018, 0.0, 0.24905650602980484, 0.5765957057789448, 0.13046412198968757, 0.19636305127944453, 0.6800424924682809, 0.40391195505349486, 0.23357588320144074, 0.007894969482732161, 0.6083147261431237, 0.6317506796602207, 0.6496102827031759, 0.7742691006587601, 0.689015105341108, 0.6153042581878475], [0.07867249996394365, 1.3044964691606644, 0.0, 0.22757716813739232, 0.6410755914317542, 0.12028884577463851, 0.484581734433872, 0.6900134791102313, 0.34535206030209165, 0.25993602472287103, 0.006889477554966383, 0.6065231857700808, 0.648140507797254, 0.6589396226597496, 0.7718615299715604, 0.6847383196528856, 0.5261935092932957], [0.7336113206785897, 1.1954525776105833, 0.0, 0.31818422792519024, 0.6294085067119493, 0.11603085055343532, 0.3977741492480142, 0.6917124001739723, 0.3336514292708692, 0.23420120584349613, 0.006497131753992358, 0.5825253246621434, 0.6348161844547219, 0.6480811064004154, 0.7623532439815417, 0.6940205818707456, 0.5796441451381315], [0.4202130228835603, 1.1915338349851532, 0.0, 0.29719279486630706, 0.6261018356475103, 0.11555524501942513, 0.40314164602894137, 0.6918007457415962, 0.32291167434522516, 0.23386697751790142, 0.006497131753992358, 0.5900729893533883, 0.6484853771010914, 0.6650261109012365, 0.7604161576532275, 0.6882621970439255, 0.5571407755106993]]}