{"labels_1": ["1", "2", "3", "4", "5", "6", "7", "8", "9"], "labels_2": ["1", "2", "3", "4", "5", "6", "7", "8", "9"], "adj_matrix_1": [[0.0, 0.16783, 0.03842, 0.13134, 0.04458, 0.14266, 0.24405, 0.02467, 0.07954], [0.16783, 0.0, 0.15066, 0.18684, 0.18002, 0.0564, 0.11713, 0.15721, 0.18546], [0.03842, 0.15066, 0.0, 0.15825, 0.08111, 0.11595, 0.23091, 0.01392, 0.11319], [0.13134, 0.18684, 0.15825, 0.0, 0.09398, 0.19703, 0.24426, 0.14932, 0.05962], [0.04458, 0.18002, 0.08111, 0.09398, 0.0, 0.1674, 0.25512, 0.06837, 0.03679], [0.14266, 0.0564, 0.11595, 0.19703, 0.1674, 0.0, 0.15694, 0.1262, 0.18223], [0.24405, 0.11713, 0.23091, 0.24426, 0.25512, 0.15694, 0.0, 0.23721, 0.25615], [0.02467, 0.15721, 0.01392, 0.14932, 0.06837, 0.1262, 0.23721, 0.0, 0.10171], [0.07954, 0.18546, 0.11319, 0.05962, 0.03679, 0.18223, 0.25615, 0.10171, 0.0]], "adj_matrix_2": [[0.0, 0.01022, 0.22905, 0.26166, 0.18544, 0.10322, 0.19206, 0.02652, 0.04566], [0.01022, 0.0, 0.23584, 0.26671, 0.19373, 0.11291, 0.20025, 0.03672, 0.05581], [0.22905, 0.23584, 0.0, 0.06232, 0.06092, 0.14767, 0.05241, 0.20991, 0.1955], [0.26166, 0.26671, 0.06232, 0.0, 0.11971, 0.19609, 0.11178, 0.24655, 0.23514], [0.18544, 0.19373, 0.06092, 0.11971, 0.0, 0.09232, 0.00866, 0.16326, 0.14653], [0.10322, 0.11291, 0.14767, 0.19609, 0.09232, 0.0, 0.10046, 0.07769, 0.05885], [0.19206, 0.20025, 0.05241, 0.11178, 0.00866, 0.10046, 0.0, 0.17049, 0.15405], [0.02652, 0.03672, 0.20991, 0.24655, 0.16326, 0.07769, 0.17049, 0.0, 0.01929], [0.04566, 0.05581, 0.1955, 0.23514, 0.14653, 0.05885, 0.15405, 0.01929, 0.0]], "features_1": [[0.4714635506007987, 1.1189899468807498, 0.0, 0.27236640006861407, 0.5969065336123233, 0.13096844001936078, 0.267286831037233, 0.6813314042463184, 0.3909962655596462, 0.24459580985667495, 0.007448685839370306, 0.5965658979952244, 0.6540093886388041, 0.6741517040654115, 0.7845560328334511, 0.7157664013001585, 0.587991159515982], [1.0382324378836438, 1.2395841690880995, 0.0, 0.29808573288661067, 0.6296694556728217, 0.12550462777449037, 0.38213884276941884, 0.6869911152187962, 0.3777801920431374, 0.2585190469004772, 0.0069454663283523566, 0.5741388304869561, 0.6543042343141401, 0.6796032321416156, 0.781545890922411, 0.7057987300647555, 0.5681725255159166], [0.6243787845065163, 1.3282481194485947, 0.0, 0.265663817329164, 0.6451192046517479, 0.12525943538715717, 0.3083066074381513, 0.6862420071053323, 0.3772592881968788, 0.272119346647675, 0.007336964783822175, 0.5874520797987164, 0.6452505573841332, 0.6624812033859577, 0.7743793992006323, 0.6843186578194244, 0.5682267742667604], [0.5162871047967363, 1.3447050017656814, 0.0, 0.251638074145355, 0.6478442364916527, 0.12373320712219346, 0.3119615793796363, 0.6872926600189606, 0.3642950101504199, 0.27149670574023554, 0.007225183508792421, 0.5866804290758303, 0.6381786328703308, 0.6556817600174951, 0.7710759405864075, 0.6943623231035088, 0.5598825821864396], [0.8762164898121867, 1.5488446062701122, 0.0, 0.26687905145293084, 0.6910103442654902, 0.11702710408759877, 0.505580637986877, 0.6916450417928466, 0.3241974885184049, 0.2860382597909461, 0.006384896235913207, 0.5699563079458181, 0.6358197695829582, 0.6516178528101314, 0.7671538215814679, 0.6857889966324604, 0.521430739159588], [1.2652683285988902, 1.4956853435171473, 0.0, 0.28876119805230144, 0.6867436853094251, 0.11576108872489652, 0.4469758462269482, 0.6918756061322987, 0.33746218757163593, 0.27883756079655386, 0.007225183508792421, 0.5627443608973035, 0.6292839841648437, 0.6309710389948445, 0.7631506971556956, 0.6907255870729925, 0.5495531774470743], [0.3073057933642356, 1.8194301824160328, 0.0, 0.2591409679699466, 0.7221275322218882, 0.11763025513183839, 0.3904828186092054, 0.6911348680926174, 0.32603886508904356, 0.3260637746473414, 0.0069454663283523566, 0.5888781660613138, 0.6325658774196585, 0.6382190133934043, 0.7639564264899679, 0.6945700122485021, 0.4961320766900529], [1.6034969154167795, 1.4680360887652046, 0.0, 0.3010434975711738, 0.6945535779413456, 0.10511658011451552, 0.5718710110092509, 0.6930399455371719, 0.26896664818195837, 0.2521842059082371, 0.006328755639155359, 0.5450639653031497, 0.6179262556551807, 0.6286321747249585, 0.7374856303738015, 0.6697541157854922, 0.5089896172914379], [0.8511500797486051, 1.5516981493970872, 0.0, 0.28201976947533813, 0.6989147010153932, 0.10824504462203174, 0.5152669881684127, 0.6931031371130179, 0.26701760938826835, 0.26620920721042673, 0.006104040759826512, 0.5594471605260329, 0.6226727687943778, 0.6121634160356284, 0.7399030602162544, 0.6817166281981707, 0.5097363731101341]], "features_2": [[0.17217518844606783, 1.0873883605205648, 0.0, 0.27077487752947776, 0.5975639258440772, 0.12645674854447433, 0.3633937547564692, 0.6864472409888795, 0.39320853237992925, 0.23565938999240577, 0.007448685839370306, 0.6068368908230055, 0.6680690216104415, 0.6893215963838478, 0.7845166222889831, 0.6976195485818752, 0.6136239743407899], [0.24025741418845836, 1.2308049034618953, 0.0, 0.31470438029507075, 0.6385126180613201, 0.11885773677024894, 0.4838554355118866, 0.69111977025767, 0.3565713043501908, 0.24771715740900824, 0.007281081678807366, 0.6025250013271894, 0.6669203058252657, 0.6664056288757494, 0.7753413921948835, 0.7004458085814825, 0.5995572014999013], [0.5065891745990245, 1.2093084141266195, 0.0, 0.28282413052790506, 0.6293838147385852, 0.12211702980328484, 0.4383026207762676, 0.6896352730652515, 0.37510632047085557, 0.2492373635317826, 0.007504523810135222, 0.5858851982544953, 0.6378774023385536, 0.6712525586641063, 0.7795498277531876, 0.6928929535796113, 0.5990939420982931], [0.5909120018003531, 1.1797811624546866, 0.0, 0.24301626987715516, 0.6246967822315918, 0.12137342165831845, 0.4671207758918065, 0.690181295232194, 0.35970568472453435, 0.24064885302745975, 0.007057398507269275, 0.5832698480155758, 0.6533782082774847, 0.6760618428459029, 0.7806128853126675, 0.6969554479617233, 0.5976428990952637], [0.06743867382210134, 1.3797670736900771, 0.0, 0.27702187982963256, 0.6773882757600773, 0.10917471001117263, 0.6214098751764773, 0.6931452743440072, 0.2920196573692857, 0.2517746742628897, 0.006384896235913207, 0.5875952434558216, 0.6504584927349127, 0.660891539169695, 0.7590070675088836, 0.6995889878304266, 0.5600516892617209], [0.13230110693790964, 1.3234880298321088, 0.0, 0.2480042687480588, 0.6605040411836893, 0.11493314787990815, 0.5637184012275653, 0.6924753943718407, 0.3266575640122089, 0.25509368341519467, 0.0069454663283523566, 0.5891314273844881, 0.640507684279804, 0.6703682361496668, 0.7684025655696715, 0.7033269680286031, 0.5813777596611261], [0.6638963619719411, 1.5280040104851558, 0.0, 0.2614590059207698, 0.6822857629127816, 0.12016290413236216, 0.4661684345420255, 0.6907409655125731, 0.34065639238563006, 0.2848828728644959, 0.00655322669591385, 0.5816176583577313, 0.627997194627318, 0.631972382842397, 0.7764646345045403, 0.6816760610374888, 0.5667887831873023], [-0.06711099222026107, 1.492109674312978, 0.0, 0.2952945318380332, 0.6987029440999089, 0.10795283921948444, 0.5506198690037394, 0.6931271812103084, 0.2790919881221485, 0.26429726492136996, 0.006104040759826512, 0.5915361778848904, 0.6334860602939766, 0.6339961697442671, 0.7471385800401185, 0.6485218137099299, 0.5554788921511411], [0.3014164302040587, 1.5254773862345452, 0.0, 0.30697818425363976, 0.6997393028573514, 0.10929415787765978, 0.5174731373380951, 0.6930810562373413, 0.2781259366845972, 0.268348232263971, 0.006160242374180447, 0.5804151309293544, 0.6327366099921222, 0.6401237128565906, 0.7456957063091935, 0.6362791900713107, 0.549674592569902]]}