{"labels_1": ["1", "2", "3", "4", "5", "6", "7", "8", "9"], "labels_2": ["1", "2", "3", "4", "5", "6", "7", "8", "9"], "adj_matrix_1": [[0.0, 0.23092, 0.12475, 0.34791, 0.08141, 0.16631, 0.00342, 0.25209, 0.01044], [0.23092, 0.0, 0.15454, 0.25021, 0.25621, 0.11337, 0.23161, 0.27159, 0.22619], [0.12475, 0.15454, 0.0, 0.34109, 0.1912, 0.05052, 0.12747, 0.30223, 0.11537], [0.34791, 0.25021, 0.34109, 0.0, 0.32082, 0.32226, 0.34732, 0.17542, 0.34978], [0.08141, 0.25621, 0.1912, 0.32082, 0.0, 0.22244, 0.07854, 0.19331, 0.09159], [0.16631, 0.11337, 0.05052, 0.32226, 0.22244, 0.0, 0.1686, 0.3047, 0.15803], [0.00342, 0.23161, 0.12747, 0.34732, 0.07854, 0.1686, 0.0, 0.25048, 0.01386], [0.25209, 0.27159, 0.30223, 0.17542, 0.19331, 0.3047, 0.25048, 0.0, 0.25858], [0.01044, 0.22619, 0.11537, 0.34978, 0.09159, 0.15803, 0.01386, 0.25858, 0.0]], "adj_matrix_2": [[0.0, 0.21208, 0.10157, 0.14208, 0.25409, 0.08723, 0.14488, 0.14079, 0.22276], [0.21208, 0.0, 0.13201, 0.09146, 0.09434, 0.14493, 0.28938, 0.28775, 0.31608], [0.10157, 0.13201, 0.0, 0.04474, 0.20209, 0.01515, 0.22735, 0.22408, 0.28666], [0.14208, 0.09146, 0.04474, 0.0, 0.17167, 0.0596, 0.25449, 0.25173, 0.30373], [0.25409, 0.09434, 0.20209, 0.17167, 0.0, 0.21127, 0.28984, 0.28937, 0.29424], [0.08723, 0.14493, 0.01515, 0.0596, 0.21127, 0.0, 0.2169, 0.21348, 0.27943], [0.14488, 0.28938, 0.22735, 0.25449, 0.28984, 0.2169, 0.0, 0.00455, 0.09129], [0.14079, 0.28775, 0.22408, 0.25173, 0.28937, 0.21348, 0.00455, 0.0, 0.09568], [0.22276, 0.31608, 0.28666, 0.30373, 0.29424, 0.27943, 0.09129, 0.09568, 0.0]], "features_1": [[0.27731769427147945, 1.0103565823430845, 0.0, 0.22355642085633134, 0.5681587993996998, 0.13082197502436288, 0.31366724948880176, 0.6821080911204926, 0.39999104837448995, 0.22453933803960013, 0.007504523810135222, 0.5978773669376483, 0.6471492149553032, 0.666203043972988, 0.7912761110958336, 0.7256736070537909, 0.6195737306877097], [1.138950208873644, 1.197975818282003, 0.0, 0.2634911227719904, 0.6215042684554837, 0.12166992935435215, 0.5174891616540762, 0.690021809851729, 0.3600280082916265, 0.24211958743662754, 0.007392832833969631, 0.5640841839657313, 0.6452198522062621, 0.6694535909207343, 0.7838018618078341, 0.7047720114067162, 0.5733672207103195], [0.5066697354249712, 1.126924811227551, 0.0, 0.2653752931031862, 0.6031173372313036, 0.12448357036921527, 0.3840630536843683, 0.6874223036346707, 0.36221647080329045, 0.23326349621378384, 0.007281081678807366, 0.5824745770539037, 0.640352007152157, 0.6244593197224894, 0.7791645156999437, 0.7107055253840382, 0.6084642535483271], [-0.0660960736310745, 1.0156008432548722, 0.0, 0.2827491868000914, 0.5718351886168926, 0.1304918789526169, 0.29745288945865056, 0.682288728154431, 0.3928030429705609, 0.22683673388559122, 0.007616154688146137, 0.6256665076626802, 0.6544814211047214, 0.6754977691212479, 0.7886612643267451, 0.7048665446204149, 0.6220675625814632], [0.00865475222966472, 1.7282400612342796, 0.0, 0.2589118532658966, 0.7185130915106956, 0.1130391027487729, 0.6015998194173143, 0.6928404957352887, 0.3113681272186042, 0.3112523585799465, 0.006272599803500922, 0.5965264610853818, 0.6278375082811172, 0.6282373361812299, 0.7662839640290138, 0.675833362569452, 0.48607362456740766], [0.5777782419445372, 1.1898472308167722, 0.0, 0.28986102563841915, 0.6213854041335017, 0.12238392554715546, 0.5222500003256776, 0.6897405814137346, 0.353832694081452, 0.24032189989646313, 0.00683347364535547, 0.5807129633028008, 0.6359110490099978, 0.6626373006288293, 0.7807633448719924, 0.7244301516530116, 0.5900284289318102], [0.03929236027956806, 1.5091420466067342, 0.0, 0.2615616471697691, 0.6710459889324027, 0.12642727789330152, 0.44451592488223424, 0.6870242407995599, 0.3691807738592152, 0.30166302989105764, 0.007001439975721224, 0.6145822475720033, 0.641452245552471, 0.6679984199938587, 0.7879809179084432, 0.7132118314164334, 0.5116700502849599], [-0.11773259012646564, 1.29783039187196, 0.0, 0.2881061980458058, 0.6523604264489042, 0.11686733692301249, 0.6061858498645464, 0.6922015463471147, 0.31132376603123135, 0.24998089859005068, 0.006272599803500922, 0.6023713967726578, 0.6537153243912668, 0.6682133904546612, 0.7739925636598005, 0.6811769377361386, 0.5362196978963535], [0.28995548378813263, 1.2616212478999569, 0.0, 0.2948680314883382, 0.6326440337056936, 0.12206093310624677, 0.44989410898647864, 0.6894770737148723, 0.3290517331468208, 0.2511285785116335, 0.006609306440138685, 0.5843383071675028, 0.6318549779365479, 0.6548559544371916, 0.7794537611107355, 0.6698118308638401, 0.5361715450640799]], "features_2": [[0.32929112012710693, 1.097965639161403, 0.0, 0.20822202003746904, 0.5970926074244871, 0.128429340294578, 0.3237924159680837, 0.6839498807984057, 0.3971923770728003, 0.23781292392408826, 0.007560346756364078, 0.6033882815296878, 0.6565000729551224, 0.667826376774271, 0.7839780264126395, 0.6963494608916581, 0.6003948729124599], [0.8090708469626677, 1.2227889499278053, 0.0, 0.2454359609457456, 0.6195535025294671, 0.1271396573362796, 0.35701855391047277, 0.6856312446394743, 0.3603145624860078, 0.25022670334894936, 0.007616154688146137, 0.5766795810873901, 0.6395226058220487, 0.6428547633686862, 0.7843546974219558, 0.7130260169936026, 0.5870828429194287], [0.31895825045784987, 1.2459211821681393, 0.0, 0.25427104928608624, 0.6363723380934581, 0.12112813350138843, 0.3731849771229797, 0.6890671032334929, 0.34847815027307316, 0.2524135430054899, 0.007001439975721224, 0.5869502629287489, 0.651936813739933, 0.6690524138872493, 0.7697956514609614, 0.6820617194704788, 0.5861495829312257], [0.33381756422603726, 1.1652379752044508, 0.0, 0.22506440718321508, 0.6234699602139433, 0.11951349517559691, 0.38038188352475116, 0.6899826533682621, 0.3413889584139711, 0.23509079490983242, 0.00683347364535547, 0.5887305316668894, 0.6504504205693981, 0.6695457552318909, 0.7682333787546879, 0.6933466410954435, 0.5840611769639518], [1.3815609759026497, 1.465943443861478, 0.0, 0.19677482217187747, 0.6681433827392341, 0.12079126359640634, 0.4497762954520631, 0.6898770913075818, 0.3164082242531969, 0.26767010174544126, 0.006497131753992358, 0.5623347958580496, 0.618564207039742, 0.6056001131865396, 0.7725054487260783, 0.6809866537099373, 0.5323696665118306], [0.3876897397506758, 1.3089781971256205, 0.0, 0.26339530594553573, 0.6592839607693189, 0.11266728218201941, 0.5011888140959293, 0.6926114241115355, 0.29583523731765693, 0.2437971231272209, 0.006047823865199753, 0.5753863736452698, 0.6400481047314465, 0.6492041601177754, 0.7555626575097161, 0.6786160201670003, 0.5580905794999929], [0.19452621657570468, 1.3595492678240877, 0.0, 0.21500412927799706, 0.6554093664616714, 0.1205171715925816, 0.4440039616494225, 0.6901309739994685, 0.3326173787940734, 0.26435586307453307, 0.00655322669591385, 0.6035218662104676, 0.6418020862172288, 0.639993192380703, 0.7734441297023464, 0.6934653761843801, 0.5679935495853208], [0.3268010626916613, 1.3241589921915204, 0.0, 0.23484843740102812, 0.6645605292642656, 0.11202127099118234, 0.6957547679227545, 0.6930366299880689, 0.2795092818522602, 0.23829450551474163, 0.006047823865199753, 0.5828438147385353, 0.6353635094535544, 0.6315900204541336, 0.7559105650338964, 0.6783144243500373, 0.5619822508125704], [0.18818386804566423, 1.4634270561609846, 0.0, 0.2645524382750634, 0.6920294711627345, 0.10734276099710974, 0.7831793119446402, 0.6930803946395828, 0.261228592015907, 0.2522993570458205, 0.006047823865199753, 0.5878774766238974, 0.6460820671855674, 0.6221664702315737, 0.7415214342639344, 0.6543080993143854, 0.5342660804933587]]}