{"labels_1": ["1", "2", "3", "4", "5", "6", "7", "8", "9"], "labels_2": ["1", "2", "3", "4", "5", "6", "7", "8", "9"], "adj_matrix_1": [[0.0, 0.31912, 0.06028, 0.04407, 0.32497, 0.01461, 0.17923, 0.32952, 0.21081], [0.31912, 0.0, 0.28843, 0.33784, 0.13148, 0.31207, 0.20448, 0.05005, 0.17475], [0.06028, 0.28843, 0.0, 0.10353, 0.31506, 0.0458, 0.12386, 0.30641, 0.1582], [0.04407, 0.33784, 0.10353, 0.0, 0.32946, 0.05857, 0.21741, 0.34296, 0.24659], [0.32497, 0.13148, 0.31506, 0.32946, 0.0, 0.32304, 0.27602, 0.08599, 0.25904], [0.01461, 0.31207, 0.0458, 0.05857, 0.32304, 0.0, 0.16627, 0.32442, 0.19857], [0.17923, 0.20448, 0.12386, 0.21741, 0.27602, 0.16627, 0.0, 0.23794, 0.03738], [0.32952, 0.05005, 0.30641, 0.34296, 0.08599, 0.32442, 0.23794, 0.0, 0.21228], [0.21081, 0.17475, 0.1582, 0.24659, 0.25904, 0.19857, 0.03738, 0.21228, 0.0]], "adj_matrix_2": [[0.0, 0.26445, 0.11221, 0.14798, 0.25474, 0.01174, 0.10587, 0.22058, 0.1137], [0.26445, 0.0, 0.22389, 0.20246, 0.06985, 0.2614, 0.22665, 0.27544, 0.27895], [0.11221, 0.22389, 0.0, 0.04004, 0.23996, 0.10121, 0.00673, 0.29192, 0.21088], [0.14798, 0.20246, 0.04004, 0.0, 0.22818, 0.13762, 0.04663, 0.30724, 0.23774], [0.25474, 0.06985, 0.23996, 0.22818, 0.0, 0.25425, 0.24128, 0.2311, 0.24909], [0.01174, 0.2614, 0.10121, 0.13762, 0.25425, 0.0, 0.09488, 0.22954, 0.12468], [0.10587, 0.22665, 0.00673, 0.04663, 0.24128, 0.09488, 0.0, 0.28892, 0.206], [0.22058, 0.27544, 0.29192, 0.30724, 0.2311, 0.22954, 0.28892, 0.0, 0.12007], [0.1137, 0.27895, 0.21088, 0.23774, 0.24909, 0.12468, 0.206, 0.12007, 0.0]], "features_1": [[-0.0818286814892728, 1.0279439560454535, 0.0, 0.25083883267803797, 0.5559248484495801, 0.14206747753066215, 0.17184130008472637, 0.6633938011996201, 0.46969666121883535, 0.24820032632897693, 0.00839589484089287, 0.6374214795573212, 0.637403425743038, 0.6644802484512635, 0.7816937702221108, 0.6885719572226605, 0.6118304383939404], [0.36791242867034457, 1.166198946040438, 0.0, 0.23605715732037993, 0.5970651090478865, 0.13163558477071072, 0.263555882099719, 0.6790952343371204, 0.39694729508068005, 0.25169467805268564, 0.007504523810135222, 0.6067954872984513, 0.6356666258547683, 0.6426949739497981, 0.7790519918103748, 0.6950895387336955, 0.6018497413311704], [0.15946334399238227, 1.1351730708827117, 0.0, 0.268366252397725, 0.5911857656599895, 0.13406061720817894, 0.23174052365283515, 0.6754545223399164, 0.4166606136698552, 0.2509501798510412, 0.007616154688146137, 0.6221354974592643, 0.6422916788053549, 0.6555278959713028, 0.7761836047522197, 0.6850684864959324, 0.6062251662607088], [-0.0344996448744781, 1.0733085282330124, 0.0, 0.23386629770939232, 0.5775367029721363, 0.1341490072646822, 0.2316618230220932, 0.6757410524123937, 0.4273697704288282, 0.24389358589515298, 0.007950687539111767, 0.6272298302164154, 0.657870068138324, 0.6682991239516057, 0.7794585617700116, 0.6883028687668195, 0.6101867578620592], [1.0841161387146947, 1.4918541879211626, 0.0, 0.28517520466307317, 0.6736232246933542, 0.11815906637460503, 0.4902117239975105, 0.6907230806009542, 0.33760102928831826, 0.27207853422867356, 0.0069454663283523566, 0.5882138574666929, 0.6255086978256938, 0.5928159684592964, 0.770556358406156, 0.6930717263156865, 0.5312942978505946], [0.03597627175944851, 1.200360929237061, 0.0, 0.24538175399849893, 0.6246954354586403, 0.12091086149481468, 0.46344463915234896, 0.6891201895139976, 0.3476616145641609, 0.24093529414810577, 0.006721420376576193, 0.6084048607073425, 0.627615436540099, 0.6500746853938509, 0.7695784369574865, 0.6753251241170027, 0.5857731131285269], [0.049242160414491476, 1.4694626781609086, 0.0, 0.1682061497055266, 0.6775018881654661, 0.11498167229250776, 0.46458196228421683, 0.6919560694300664, 0.3113718052842389, 0.2733265749674165, 0.006497131753992358, 0.597660806554889, 0.6350588511855186, 0.6351313079044576, 0.7632850192093186, 0.6912586344028836, 0.5066957345997767], [0.30712177222668924, 1.3608608915394305, 0.0, 0.28490076325325947, 0.6662951188269596, 0.10946975792116229, 0.48999186295002845, 0.6929486155738782, 0.28923889437471284, 0.2504985468493166, 0.006497131753992358, 0.5897639892154594, 0.636567541960214, 0.6531525712215374, 0.7465697502691317, 0.6695592194517329, 0.5072588542984309], [-0.22148658487518347, 1.4245421718109348, 0.0, 0.21809597454083096, 0.6791342149323852, 0.10638274353127573, 0.4501429653461827, 0.6931408578192206, 0.2689968849530677, 0.25656524718390084, 0.006216428718621936, 0.5955699457175401, 0.6358343549337048, 0.6542794890549699, 0.7359771756680142, 0.6611609671342381, 0.479881183198287]], "features_2": [[-0.07512510932861849, 1.083477508066984, 0.0, 0.2170059472513844, 0.5739670360883383, 0.13707456312213345, 0.16841241958559436, 0.6724045138781841, 0.4331646701858587, 0.2515156968875505, 0.007950687539111767, 0.6215199624578482, 0.6468416283737005, 0.6915618231622497, 0.7861171962724143, 0.6888645914245266, 0.6142355424062609], [0.3149979643689882, 1.2230133080490975, 0.0, 0.23417283777932815, 0.6114339957280823, 0.13297036504194523, 0.26827499815984834, 0.6797607550963106, 0.4079867875960299, 0.26586641055287297, 0.007281081678807366, 0.5912735071446602, 0.6417772791371326, 0.6680364467477751, 0.7872150996356482, 0.7005259297768445, 0.5893685379466743], [0.13527427575667472, 1.201585201145802, 0.0, 0.21815862943304437, 0.599625300488207, 0.1375351491291072, 0.16587617468524485, 0.6719405327462762, 0.44235912786458753, 0.269739059677073, 0.007504523810135222, 0.6086571368950411, 0.6519220292042995, 0.6589330607825955, 0.7828178710681444, 0.6935005508725042, 0.6085156286749414], [0.09793490603779453, 1.1458901311037768, 0.0, 0.21229704466755747, 0.5846908838148053, 0.13859846143454288, 0.14390304880230076, 0.6699573441407694, 0.44824106685382215, 0.2638865106637964, 0.008062078829516484, 0.6089724014503006, 0.643627001670273, 0.6582715678628779, 0.784580140278767, 0.6758139899810633, 0.611304797246473], [0.786762372648679, 1.41438526178447, 0.0, 0.31048244033947214, 0.658628367484371, 0.1245284258396505, 0.4924070022467134, 0.6884802656989962, 0.35451103883913926, 0.27805837443543124, 0.0069454663283523566, 0.5804654817383748, 0.6513626462126731, 0.6588372066283258, 0.7835065479684327, 0.6992783258038193, 0.5469539638523285], [0.2256188175837872, 1.2700926520406286, 0.0, 0.21161807871057237, 0.6203199194783284, 0.13431721073698932, 0.2941580874257511, 0.6779011111381524, 0.4204318087578025, 0.27421804274542927, 0.007727725548673403, 0.6015776762867175, 0.6420389363011086, 0.6657776498978512, 0.7833994925491727, 0.7048066263187717, 0.5956719256746649], [0.018442680505130316, 1.4616618633769032, 0.0, 0.17710971190320046, 0.6539299776586438, 0.1296035155569392, 0.3064553126013735, 0.6826462111576475, 0.37801618751377175, 0.29933290705047666, 0.0069454663283523566, 0.613212668460474, 0.6478419652898929, 0.6637061184127412, 0.7802859217959812, 0.681481148890359, 0.5687471955139696], [0.2907441735295171, 1.2046721254437083, 0.0, 0.23877933913939706, 0.6292840572319479, 0.12025698686158409, 0.7134295695473775, 0.6906466451786665, 0.3379015919011883, 0.23924030950516006, 0.007001439975721224, 0.6055020736809693, 0.6353244826967805, 0.6428129708162256, 0.7687269317438028, 0.6978349377927586, 0.5825359987661839], [-0.11456275985214859, 1.2404857044561812, 0.0, 0.2287265480481747, 0.62947027378369, 0.12235919800370441, 0.5621684022384145, 0.6890517312257954, 0.3430993379017546, 0.25293771683706456, 0.00716927026363523, 0.6151864023415916, 0.6710139271050769, 0.691393673096612, 0.7694656160502837, 0.6864219033196545, 0.5985080948008821]]}