{"labels_1": ["1", "2", "3", "4", "5", "6", "7", "8", "9"], "labels_2": ["1", "2", "3", "4", "5", "6", "7", "8", "9"], "adj_matrix_1": [[0.0, 0.31912, 0.06028, 0.04407, 0.32497, 0.01461, 0.17923, 0.32952, 0.21081], [0.31912, 0.0, 0.28843, 0.33784, 0.13148, 0.31207, 0.20448, 0.05005, 0.17475], [0.06028, 0.28843, 0.0, 0.10353, 0.31506, 0.0458, 0.12386, 0.30641, 0.1582], [0.04407, 0.33784, 0.10353, 0.0, 0.32946, 0.05857, 0.21741, 0.34296, 0.24659], [0.32497, 0.13148, 0.31506, 0.32946, 0.0, 0.32304, 0.27602, 0.08599, 0.25904], [0.01461, 0.31207, 0.0458, 0.05857, 0.32304, 0.0, 0.16627, 0.32442, 0.19857], [0.17923, 0.20448, 0.12386, 0.21741, 0.27602, 0.16627, 0.0, 0.23794, 0.03738], [0.32952, 0.05005, 0.30641, 0.34296, 0.08599, 0.32442, 0.23794, 0.0, 0.21228], [0.21081, 0.17475, 0.1582, 0.24659, 0.25904, 0.19857, 0.03738, 0.21228, 0.0]], "adj_matrix_2": [[0.0, 0.26237, 0.05448, 0.10792, 0.2495, 0.07789, 0.0897, 0.15833, 0.25434], [0.26237, 0.0, 0.28515, 0.19775, 0.03128, 0.21868, 0.21066, 0.15508, 0.16758], [0.05448, 0.28515, 0.0, 0.15777, 0.27732, 0.12977, 0.14089, 0.20333, 0.24989], [0.10792, 0.19775, 0.15777, 0.0, 0.17563, 0.0314, 0.01917, 0.05592, 0.2512], [0.2495, 0.03128, 0.27732, 0.17563, 0.0, 0.19923, 0.19028, 0.12895, 0.18693], [0.07789, 0.21868, 0.12977, 0.0314, 0.19923, 0.0, 0.01227, 0.08641, 0.25383], [0.0897, 0.21066, 0.14089, 0.01917, 0.19028, 0.01227, 0.0, 0.07459, 0.25283], [0.15833, 0.15508, 0.20333, 0.05592, 0.12895, 0.08641, 0.07459, 0.0, 0.24139], [0.25434, 0.16758, 0.24989, 0.2512, 0.18693, 0.25383, 0.25283, 0.24139, 0.0]], "features_1": [[-0.0818286814892728, 1.0279439560454535, 0.0, 0.25083883267803797, 0.5559248484495801, 0.14206747753066215, 0.17184130008472637, 0.6633938011996201, 0.46969666121883535, 0.24820032632897693, 0.00839589484089287, 0.6374214795573212, 0.637403425743038, 0.6644802484512635, 0.7816937702221108, 0.6885719572226605, 0.6118304383939404], [0.36791242867034457, 1.166198946040438, 0.0, 0.23605715732037993, 0.5970651090478865, 0.13163558477071072, 0.263555882099719, 0.6790952343371204, 0.39694729508068005, 0.25169467805268564, 0.007504523810135222, 0.6067954872984513, 0.6356666258547683, 0.6426949739497981, 0.7790519918103748, 0.6950895387336955, 0.6018497413311704], [0.15946334399238227, 1.1351730708827117, 0.0, 0.268366252397725, 0.5911857656599895, 0.13406061720817894, 0.23174052365283515, 0.6754545223399164, 0.4166606136698552, 0.2509501798510412, 0.007616154688146137, 0.6221354974592643, 0.6422916788053549, 0.6555278959713028, 0.7761836047522197, 0.6850684864959324, 0.6062251662607088], [-0.0344996448744781, 1.0733085282330124, 0.0, 0.23386629770939232, 0.5775367029721363, 0.1341490072646822, 0.2316618230220932, 0.6757410524123937, 0.4273697704288282, 0.24389358589515298, 0.007950687539111767, 0.6272298302164154, 0.657870068138324, 0.6682991239516057, 0.7794585617700116, 0.6883028687668195, 0.6101867578620592], [1.0841161387146947, 1.4918541879211626, 0.0, 0.28517520466307317, 0.6736232246933542, 0.11815906637460503, 0.4902117239975105, 0.6907230806009542, 0.33760102928831826, 0.27207853422867356, 0.0069454663283523566, 0.5882138574666929, 0.6255086978256938, 0.5928159684592964, 0.770556358406156, 0.6930717263156865, 0.5312942978505946], [0.03597627175944851, 1.200360929237061, 0.0, 0.24538175399849893, 0.6246954354586403, 0.12091086149481468, 0.46344463915234896, 0.6891201895139976, 0.3476616145641609, 0.24093529414810577, 0.006721420376576193, 0.6084048607073425, 0.627615436540099, 0.6500746853938509, 0.7695784369574865, 0.6753251241170027, 0.5857731131285269], [0.049242160414491476, 1.4694626781609086, 0.0, 0.1682061497055266, 0.6775018881654661, 0.11498167229250776, 0.46458196228421683, 0.6919560694300664, 0.3113718052842389, 0.2733265749674165, 0.006497131753992358, 0.597660806554889, 0.6350588511855186, 0.6351313079044576, 0.7632850192093186, 0.6912586344028836, 0.5066957345997767], [0.30712177222668924, 1.3608608915394305, 0.0, 0.28490076325325947, 0.6662951188269596, 0.10946975792116229, 0.48999186295002845, 0.6929486155738782, 0.28923889437471284, 0.2504985468493166, 0.006497131753992358, 0.5897639892154594, 0.636567541960214, 0.6531525712215374, 0.7465697502691317, 0.6695592194517329, 0.5072588542984309], [-0.22148658487518347, 1.4245421718109348, 0.0, 0.21809597454083096, 0.6791342149323852, 0.10638274353127573, 0.4501429653461827, 0.6931408578192206, 0.2689968849530677, 0.25656524718390084, 0.006216428718621936, 0.5955699457175401, 0.6358343549337048, 0.6542794890549699, 0.7359771756680142, 0.6611609671342381, 0.479881183198287]], "features_2": [[0.24620154595686472, 0.8795136259978749, 0.0, 0.2562726379706182, 0.5429417577548902, 0.13022607101735412, 0.3667606823152546, 0.6833353526000079, 0.39466052114744965, 0.1977275465729298, 0.007671947615560004, 0.6054670392781125, 0.6636582457326393, 0.6782604151276584, 0.7961096553511126, 0.7065075050866423, 0.6258684774002883], [0.8588671108165902, 0.9502746146284307, 0.0, 0.24732954015610487, 0.5567634729950731, 0.12945149231993724, 0.39628885095786615, 0.6836437546794248, 0.38545685813444197, 0.20467605434759206, 0.00711334193318236, 0.5922675067128149, 0.6425149490808686, 0.6613513694202358, 0.7944934544986575, 0.6946413778450937, 0.6058223621345904], [0.0406878139246718, 1.02116768646123, 0.0, 0.23716026609964913, 0.5850216462090643, 0.12490300500164384, 0.3861194743679143, 0.6869940037908988, 0.3619870652875681, 0.21828682572845182, 0.00711334193318236, 0.6051371347454828, 0.6596686046906035, 0.6693819791148069, 0.7827909067482934, 0.712867783541639, 0.6159798798514574], [0.33816933045239894, 0.9280532124195641, 0.0, 0.2551115495782723, 0.5627438490426954, 0.12471917889574252, 0.387646663758855, 0.6872096523891162, 0.3672245092545172, 0.20009881945802843, 0.00683347364535547, 0.5972680302647686, 0.650813494780876, 0.6524165034374, 0.784436409673582, 0.7001374040205531, 0.6280059251007296], [1.0700350061901762, 1.1938730588682258, 0.0, 0.23805354704727635, 0.6157986765448531, 0.12152873996982261, 0.4449345794340431, 0.689011596351986, 0.3500726435893571, 0.23412192161920187, 0.0066653709969386465, 0.5938121391689299, 0.6221755257227912, 0.616350793846771, 0.7784700621961584, 0.6860695766526068, 0.5542174331725628], [0.11369537209907765, 1.0494521294930144, 0.0, 0.21726735504762534, 0.5944754676500966, 0.12269221832139425, 0.3934342384982877, 0.6883652224171934, 0.35338078615182034, 0.2190063330610239, 0.00683347364535547, 0.5982291562492055, 0.6406390761450519, 0.6392268098694688, 0.7779690168769274, 0.6832651193571244, 0.6124795690940066], [0.6087112114225475, 1.106980567226024, 0.0, 0.2676626174680886, 0.6022604475213824, 0.12313609890574459, 0.44552329665603807, 0.688739932708643, 0.3564676101871449, 0.22537821609056619, 0.007057398507269275, 0.5974305077218558, 0.627007818115935, 0.646440274564457, 0.7843702842639196, 0.6839272519867002, 0.5736557251584605], [0.3349973606860508, 0.9203683436352126, 0.0, 0.24018941861127704, 0.5623768326068839, 0.12233210617144276, 0.39223395862959337, 0.6879999939141083, 0.3638888993845184, 0.19597367137712007, 0.007057398507269275, 0.5965256869773432, 0.6484748828358692, 0.6645296726934165, 0.7743000375795152, 0.6942751647492084, 0.5959832769670534], [0.717039365604744, 0.9845451472631443, 0.0, 0.25407526463172764, 0.5837465097598457, 0.11780772759126057, 0.4712192757461587, 0.6908762768571612, 0.33382485190303246, 0.19899077725684777, 0.00683347364535547, 0.577254715880062, 0.6379782314932683, 0.6452121839567891, 0.767850931439728, 0.6855982443594368, 0.5939134764446594]]}