{"labels_1": ["1", "2", "3", "4", "5", "6", "7", "8", "9"], "labels_2": ["1", "2", "3", "4", "5", "6", "7", "8", "9"], "adj_matrix_1": [[0.0, 0.23092, 0.12475, 0.34791, 0.08141, 0.16631, 0.00342, 0.25209, 0.01044], [0.23092, 0.0, 0.15454, 0.25021, 0.25621, 0.11337, 0.23161, 0.27159, 0.22619], [0.12475, 0.15454, 0.0, 0.34109, 0.1912, 0.05052, 0.12747, 0.30223, 0.11537], [0.34791, 0.25021, 0.34109, 0.0, 0.32082, 0.32226, 0.34732, 0.17542, 0.34978], [0.08141, 0.25621, 0.1912, 0.32082, 0.0, 0.22244, 0.07854, 0.19331, 0.09159], [0.16631, 0.11337, 0.05052, 0.32226, 0.22244, 0.0, 0.1686, 0.3047, 0.15803], [0.00342, 0.23161, 0.12747, 0.34732, 0.07854, 0.1686, 0.0, 0.25048, 0.01386], [0.25209, 0.27159, 0.30223, 0.17542, 0.19331, 0.3047, 0.25048, 0.0, 0.25858], [0.01044, 0.22619, 0.11537, 0.34978, 0.09159, 0.15803, 0.01386, 0.25858, 0.0]], "adj_matrix_2": [[0.0, 0.31008, 0.07929, 0.23693, 0.16146, 0.24338, 0.15625, 0.27224, 0.31424], [0.31008, 0.0, 0.26501, 0.12649, 0.20326, 0.11838, 0.20798, 0.07706, 0.01233], [0.07929, 0.26501, 0.0, 0.17083, 0.08635, 0.17845, 0.08067, 0.21367, 0.27156], [0.23693, 0.12649, 0.17083, 0.0, 0.09008, 0.00888, 0.09582, 0.0524, 0.13742], [0.16146, 0.20326, 0.08635, 0.09008, 0.0, 0.09865, 0.00589, 0.13926, 0.21236], [0.24338, 0.11838, 0.17845, 0.00888, 0.09865, 0.0, 0.10433, 0.04365, 0.12951], [0.15625, 0.20798, 0.08067, 0.09582, 0.00589, 0.10433, 0.0, 0.14465, 0.21688], [0.27224, 0.07706, 0.21367, 0.0524, 0.13926, 0.04365, 0.14465, 0.0, 0.08887], [0.31424, 0.01233, 0.27156, 0.13742, 0.21236, 0.12951, 0.21688, 0.08887, 0.0]], "features_1": [[0.27731769427147945, 1.0103565823430845, 0.0, 0.22355642085633134, 0.5681587993996998, 0.13082197502436288, 0.31366724948880176, 0.6821080911204926, 0.39999104837448995, 0.22453933803960013, 0.007504523810135222, 0.5978773669376483, 0.6471492149553032, 0.666203043972988, 0.7912761110958336, 0.7256736070537909, 0.6195737306877097], [1.138950208873644, 1.197975818282003, 0.0, 0.2634911227719904, 0.6215042684554837, 0.12166992935435215, 0.5174891616540762, 0.690021809851729, 0.3600280082916265, 0.24211958743662754, 0.007392832833969631, 0.5640841839657313, 0.6452198522062621, 0.6694535909207343, 0.7838018618078341, 0.7047720114067162, 0.5733672207103195], [0.5066697354249712, 1.126924811227551, 0.0, 0.2653752931031862, 0.6031173372313036, 0.12448357036921527, 0.3840630536843683, 0.6874223036346707, 0.36221647080329045, 0.23326349621378384, 0.007281081678807366, 0.5824745770539037, 0.640352007152157, 0.6244593197224894, 0.7791645156999437, 0.7107055253840382, 0.6084642535483271], [-0.0660960736310745, 1.0156008432548722, 0.0, 0.2827491868000914, 0.5718351886168926, 0.1304918789526169, 0.29745288945865056, 0.682288728154431, 0.3928030429705609, 0.22683673388559122, 0.007616154688146137, 0.6256665076626802, 0.6544814211047214, 0.6754977691212479, 0.7886612643267451, 0.7048665446204149, 0.6220675625814632], [0.00865475222966472, 1.7282400612342796, 0.0, 0.2589118532658966, 0.7185130915106956, 0.1130391027487729, 0.6015998194173143, 0.6928404957352887, 0.3113681272186042, 0.3112523585799465, 0.006272599803500922, 0.5965264610853818, 0.6278375082811172, 0.6282373361812299, 0.7662839640290138, 0.675833362569452, 0.48607362456740766], [0.5777782419445372, 1.1898472308167722, 0.0, 0.28986102563841915, 0.6213854041335017, 0.12238392554715546, 0.5222500003256776, 0.6897405814137346, 0.353832694081452, 0.24032189989646313, 0.00683347364535547, 0.5807129633028008, 0.6359110490099978, 0.6626373006288293, 0.7807633448719924, 0.7244301516530116, 0.5900284289318102], [0.03929236027956806, 1.5091420466067342, 0.0, 0.2615616471697691, 0.6710459889324027, 0.12642727789330152, 0.44451592488223424, 0.6870242407995599, 0.3691807738592152, 0.30166302989105764, 0.007001439975721224, 0.6145822475720033, 0.641452245552471, 0.6679984199938587, 0.7879809179084432, 0.7132118314164334, 0.5116700502849599], [-0.11773259012646564, 1.29783039187196, 0.0, 0.2881061980458058, 0.6523604264489042, 0.11686733692301249, 0.6061858498645464, 0.6922015463471147, 0.31132376603123135, 0.24998089859005068, 0.006272599803500922, 0.6023713967726578, 0.6537153243912668, 0.6682133904546612, 0.7739925636598005, 0.6811769377361386, 0.5362196978963535], [0.28995548378813263, 1.2616212478999569, 0.0, 0.2948680314883382, 0.6326440337056936, 0.12206093310624677, 0.44989410898647864, 0.6894770737148723, 0.3290517331468208, 0.2511285785116335, 0.006609306440138685, 0.5843383071675028, 0.6318549779365479, 0.6548559544371916, 0.7794537611107355, 0.6698118308638401, 0.5361715450640799]], "features_2": [[0.07201882607333365, 0.9121515942090673, 0.0, 0.24718719584416565, 0.5370707763259254, 0.13339256260457144, 0.13736326031915666, 0.6744098395667514, 0.387083724289609, 0.2075020435069248, 0.007448685839370306, 0.6244840966759588, 0.6374471598367788, 0.6523276404821697, 0.7736101873943154, 0.692368306208212, 0.6154971352000135], [0.26253229857457816, 1.0627104520179746, 0.0, 0.23579616812768386, 0.5730238328896994, 0.13104078223888038, 0.24214145987059865, 0.6794681902563269, 0.3809384129178741, 0.23209304255370067, 0.007504523810135222, 0.5948170848358403, 0.6433917564346322, 0.6704457156812953, 0.775172587197273, 0.6959220235608522, 0.5893384749255574], [0.32626547573904974, 1.0259610824408147, 0.0, 0.2519019752973923, 0.5693726449882038, 0.13111537788810057, 0.13551763709469428, 0.6775475252295591, 0.392298849622003, 0.22645252496924728, 0.007671947615560004, 0.6140070621625995, 0.6320924370928303, 0.6486307395380084, 0.7668902500089448, 0.6747438382394092, 0.616856442122559], [0.523751615197257, 0.9245787816234742, 0.0, 0.23498619962996814, 0.5464001088899947, 0.13177429986336162, 0.19306859566099774, 0.6779809344246754, 0.40009280139587444, 0.20756317976721572, 0.008117752083540042, 0.6043867752498917, 0.6282980469176677, 0.6523367407889811, 0.7751606339202884, 0.7100746315686425, 0.6237491398966692], [0.12658309258782774, 1.4145226865380258, 0.0, 0.18994276445320224, 0.6583221096222953, 0.12068112725210439, 0.4301588349429579, 0.6898088324004075, 0.3319211633735142, 0.2725553275967558, 0.006497131753992358, 0.5996928002585413, 0.629169113144241, 0.6429504353159369, 0.7683680743770429, 0.6920919613039681, 0.5435159934837298], [0.3162298536950523, 1.0538310952078018, 0.0, 0.24905650602980484, 0.5765957057789448, 0.13046412198968757, 0.19636305127944453, 0.6800424924682809, 0.40391195505349486, 0.23357588320144074, 0.007894969482732161, 0.6083147261431237, 0.6317506796602207, 0.6496102827031759, 0.7742691006587601, 0.689015105341108, 0.6153042581878475], [0.07867249996394365, 1.3044964691606644, 0.0, 0.22757716813739232, 0.6410755914317542, 0.12028884577463851, 0.484581734433872, 0.6900134791102313, 0.34535206030209165, 0.25993602472287103, 0.006889477554966383, 0.6065231857700808, 0.648140507797254, 0.6589396226597496, 0.7718615299715604, 0.6847383196528856, 0.5261935092932957], [0.7336113206785897, 1.1954525776105833, 0.0, 0.31818422792519024, 0.6294085067119493, 0.11603085055343532, 0.3977741492480142, 0.6917124001739723, 0.3336514292708692, 0.23420120584349613, 0.006497131753992358, 0.5825253246621434, 0.6348161844547219, 0.6480811064004154, 0.7623532439815417, 0.6940205818707456, 0.5796441451381315], [0.4202130228835603, 1.1915338349851532, 0.0, 0.29719279486630706, 0.6261018356475103, 0.11555524501942513, 0.40314164602894137, 0.6918007457415962, 0.32291167434522516, 0.23386697751790142, 0.006497131753992358, 0.5900729893533883, 0.6484853771010914, 0.6650261109012365, 0.7604161576532275, 0.6882621970439255, 0.5571407755106993]]}