{"labels_1": ["1", "2", "3", "4", "5", "6", "7", "8", "9"], "labels_2": ["1", "2", "3", "4", "5", "6", "7", "8", "9"], "adj_matrix_1": [[0.0, 0.31912, 0.06028, 0.04407, 0.32497, 0.01461, 0.17923, 0.32952, 0.21081], [0.31912, 0.0, 0.28843, 0.33784, 0.13148, 0.31207, 0.20448, 0.05005, 0.17475], [0.06028, 0.28843, 0.0, 0.10353, 0.31506, 0.0458, 0.12386, 0.30641, 0.1582], [0.04407, 0.33784, 0.10353, 0.0, 0.32946, 0.05857, 0.21741, 0.34296, 0.24659], [0.32497, 0.13148, 0.31506, 0.32946, 0.0, 0.32304, 0.27602, 0.08599, 0.25904], [0.01461, 0.31207, 0.0458, 0.05857, 0.32304, 0.0, 0.16627, 0.32442, 0.19857], [0.17923, 0.20448, 0.12386, 0.21741, 0.27602, 0.16627, 0.0, 0.23794, 0.03738], [0.32952, 0.05005, 0.30641, 0.34296, 0.08599, 0.32442, 0.23794, 0.0, 0.21228], [0.21081, 0.17475, 0.1582, 0.24659, 0.25904, 0.19857, 0.03738, 0.21228, 0.0]], "adj_matrix_2": [[0.0, 0.14888, 0.03968, 0.13766, 0.097, 0.19586, 0.18291, 0.17573, 0.34856], [0.14888, 0.0, 0.11166, 0.26232, 0.0545, 0.05221, 0.2928, 0.02982, 0.24123], [0.03968, 0.11166, 0.0, 0.17299, 0.05829, 0.16082, 0.21501, 0.13983, 0.32559], [0.13766, 0.26232, 0.17299, 0.0, 0.221, 0.2973, 0.05259, 0.28226, 0.39658], [0.097, 0.0545, 0.05829, 0.221, 0.0, 0.10582, 0.25776, 0.08395, 0.28534], [0.19586, 0.05221, 0.16082, 0.2973, 0.10582, 0.0, 0.3221, 0.02246, 0.19561], [0.18291, 0.2928, 0.21501, 0.05259, 0.25776, 0.3221, 0.0, 0.30993, 0.39936], [0.17573, 0.02982, 0.13983, 0.28226, 0.08395, 0.02246, 0.30993, 0.0, 0.21584], [0.34856, 0.24123, 0.32559, 0.39658, 0.28534, 0.19561, 0.39936, 0.21584, 0.0]], "features_1": [[-0.0818286814892728, 1.0279439560454535, 0.0, 0.25083883267803797, 0.5559248484495801, 0.14206747753066215, 0.17184130008472637, 0.6633938011996201, 0.46969666121883535, 0.24820032632897693, 0.00839589484089287, 0.6374214795573212, 0.637403425743038, 0.6644802484512635, 0.7816937702221108, 0.6885719572226605, 0.6118304383939404], [0.36791242867034457, 1.166198946040438, 0.0, 0.23605715732037993, 0.5970651090478865, 0.13163558477071072, 0.263555882099719, 0.6790952343371204, 0.39694729508068005, 0.25169467805268564, 0.007504523810135222, 0.6067954872984513, 0.6356666258547683, 0.6426949739497981, 0.7790519918103748, 0.6950895387336955, 0.6018497413311704], [0.15946334399238227, 1.1351730708827117, 0.0, 0.268366252397725, 0.5911857656599895, 0.13406061720817894, 0.23174052365283515, 0.6754545223399164, 0.4166606136698552, 0.2509501798510412, 0.007616154688146137, 0.6221354974592643, 0.6422916788053549, 0.6555278959713028, 0.7761836047522197, 0.6850684864959324, 0.6062251662607088], [-0.0344996448744781, 1.0733085282330124, 0.0, 0.23386629770939232, 0.5775367029721363, 0.1341490072646822, 0.2316618230220932, 0.6757410524123937, 0.4273697704288282, 0.24389358589515298, 0.007950687539111767, 0.6272298302164154, 0.657870068138324, 0.6682991239516057, 0.7794585617700116, 0.6883028687668195, 0.6101867578620592], [1.0841161387146947, 1.4918541879211626, 0.0, 0.28517520466307317, 0.6736232246933542, 0.11815906637460503, 0.4902117239975105, 0.6907230806009542, 0.33760102928831826, 0.27207853422867356, 0.0069454663283523566, 0.5882138574666929, 0.6255086978256938, 0.5928159684592964, 0.770556358406156, 0.6930717263156865, 0.5312942978505946], [0.03597627175944851, 1.200360929237061, 0.0, 0.24538175399849893, 0.6246954354586403, 0.12091086149481468, 0.46344463915234896, 0.6891201895139976, 0.3476616145641609, 0.24093529414810577, 0.006721420376576193, 0.6084048607073425, 0.627615436540099, 0.6500746853938509, 0.7695784369574865, 0.6753251241170027, 0.5857731131285269], [0.049242160414491476, 1.4694626781609086, 0.0, 0.1682061497055266, 0.6775018881654661, 0.11498167229250776, 0.46458196228421683, 0.6919560694300664, 0.3113718052842389, 0.2733265749674165, 0.006497131753992358, 0.597660806554889, 0.6350588511855186, 0.6351313079044576, 0.7632850192093186, 0.6912586344028836, 0.5066957345997767], [0.30712177222668924, 1.3608608915394305, 0.0, 0.28490076325325947, 0.6662951188269596, 0.10946975792116229, 0.48999186295002845, 0.6929486155738782, 0.28923889437471284, 0.2504985468493166, 0.006497131753992358, 0.5897639892154594, 0.636567541960214, 0.6531525712215374, 0.7465697502691317, 0.6695592194517329, 0.5072588542984309], [-0.22148658487518347, 1.4245421718109348, 0.0, 0.21809597454083096, 0.6791342149323852, 0.10638274353127573, 0.4501429653461827, 0.6931408578192206, 0.2689968849530677, 0.25656524718390084, 0.006216428718621936, 0.5955699457175401, 0.6358343549337048, 0.6542794890549699, 0.7359771756680142, 0.6611609671342381, 0.479881183198287]], "features_2": [[-0.06528231371327964, 1.1068521955086414, 0.0, 0.19072128935863983, 0.5935600747600787, 0.12931406555099953, 0.31756329660928984, 0.6825128363876801, 0.39332011831580305, 0.24515287178801892, 0.007560346756364078, 0.613871730437511, 0.6578320603791776, 0.6886411307426018, 0.7825810338142549, 0.7050937540113775, 0.6054695679838339], [-0.18378512899311206, 1.2281695931653722, 0.0, 0.20281405075515335, 0.6168101497501473, 0.12971084174275588, 0.3018596128002862, 0.6829228244282668, 0.4046466532251405, 0.2702107074565756, 0.007448685839370306, 0.62956219908885, 0.679957665624736, 0.6925302985362016, 0.7861580720986567, 0.7120961469117103, 0.6006662137643264], [-0.055110011169838824, 1.2293027030042973, 0.0, 0.189369473510876, 0.6290210538339243, 0.12404030735031346, 0.345015794584009, 0.6871226607110839, 0.36389864496290736, 0.25706310694261925, 0.007336964783822175, 0.6100799940586961, 0.6482892764118001, 0.6598649894355254, 0.7745431898217977, 0.6960000849379503, 0.5932575442816814], [0.3922869706339158, 1.204118192441398, 0.0, 0.25264110008905694, 0.6263077912194785, 0.12214164428488067, 0.3745318801092708, 0.6885084671877821, 0.35782958572638757, 0.24901824649352067, 0.007448685839370306, 0.5950493914162096, 0.632488186749357, 0.6456011949729213, 0.7721665349618759, 0.6818812060875563, 0.5828958597215359], [0.12037935752038909, 1.5386258576344092, 0.0, 0.20927582863189068, 0.6765386099211028, 0.12269218952610564, 0.3914567467785176, 0.6886680016437409, 0.3526792053237504, 0.30167820347984997, 0.007336964783822175, 0.6128305008818367, 0.6579456591302367, 0.6789895952693578, 0.7740313331834305, 0.706444822727819, 0.5363345882830198], [-0.2883732845213296, 1.330360701507828, 0.0, 0.18562806382025643, 0.6543686344011139, 0.11968279103927146, 0.42521512496267844, 0.6900543225321805, 0.3410059322093204, 0.2689365819055156, 0.006609306440138685, 0.621809622710709, 0.6667506368294558, 0.6843832141224943, 0.7694006662746594, 0.6844863353198372, 0.5766471435522095], [0.04434522642792471, 1.6283126622759467, 0.0, 0.2624943747724293, 0.7041613315811543, 0.11331627918615043, 0.4727389021580734, 0.692524214786185, 0.29135849330986385, 0.29414279224243645, 0.005935344193631176, 0.5910792809325742, 0.6214377237735647, 0.6366039729813775, 0.7595847912271905, 0.6658615662936146, 0.49366256195379804], [-0.30768107719906324, 1.5375750280660336, 0.0, 0.21934278807847113, 0.700573364049477, 0.1079869405940192, 0.5487951532803365, 0.6931380779065872, 0.2695919857982241, 0.27578322377893727, 0.005822803276368971, 0.6014059845011359, 0.6368581168233008, 0.6512004280564879, 0.7457306794810536, 0.6617520285332354, 0.4974257464893231], [-0.49289098836902356, 1.5985858174692897, 0.0, 0.19780070418666654, 0.7094791025182743, 0.1075905011874127, 0.6137096173145679, 0.6931470874818477, 0.25396133162316703, 0.28054537090409126, 0.005484812216699497, 0.6124462025855915, 0.6516576817696432, 0.6581908277877133, 0.7410565212370754, 0.6607320631216945, 0.4909578977794406]]}