{"labels_1": ["1", "2", "3", "4", "5", "6", "7", "8", "9"], "labels_2": ["1", "2", "3", "4", "5", "6", "7", "8", "9"], "adj_matrix_1": [[0.0, 0.31912, 0.06028, 0.04407, 0.32497, 0.01461, 0.17923, 0.32952, 0.21081], [0.31912, 0.0, 0.28843, 0.33784, 0.13148, 0.31207, 0.20448, 0.05005, 0.17475], [0.06028, 0.28843, 0.0, 0.10353, 0.31506, 0.0458, 0.12386, 0.30641, 0.1582], [0.04407, 0.33784, 0.10353, 0.0, 0.32946, 0.05857, 0.21741, 0.34296, 0.24659], [0.32497, 0.13148, 0.31506, 0.32946, 0.0, 0.32304, 0.27602, 0.08599, 0.25904], [0.01461, 0.31207, 0.0458, 0.05857, 0.32304, 0.0, 0.16627, 0.32442, 0.19857], [0.17923, 0.20448, 0.12386, 0.21741, 0.27602, 0.16627, 0.0, 0.23794, 0.03738], [0.32952, 0.05005, 0.30641, 0.34296, 0.08599, 0.32442, 0.23794, 0.0, 0.21228], [0.21081, 0.17475, 0.1582, 0.24659, 0.25904, 0.19857, 0.03738, 0.21228, 0.0]], "adj_matrix_2": [[0.0, 0.10799, 0.02371, 0.03757, 0.15242, 0.10947, 0.25689, 0.14298, 0.1347], [0.10799, 0.0, 0.13003, 0.07184, 0.23676, 0.00156, 0.25518, 0.22978, 0.22359], [0.02371, 0.13003, 0.0, 0.061, 0.13172, 0.13147, 0.25497, 0.12181, 0.11319], [0.03757, 0.07184, 0.061, 0.0, 0.1836, 0.07336, 0.25813, 0.17492, 0.16728], [0.15242, 0.23676, 0.13172, 0.1836, 0.0, 0.23779, 0.22132, 0.01119, 0.02065], [0.10947, 0.00156, 0.13147, 0.07336, 0.23779, 0.0, 0.25508, 0.23087, 0.22472], [0.25689, 0.25518, 0.25497, 0.25813, 0.22132, 0.25508, 0.0, 0.22583, 0.22929], [0.14298, 0.22978, 0.12181, 0.17492, 0.01119, 0.23087, 0.22583, 0.0, 0.00948], [0.1347, 0.22359, 0.11319, 0.16728, 0.02065, 0.22472, 0.22929, 0.00948, 0.0]], "features_1": [[-0.0818286814892728, 1.0279439560454535, 0.0, 0.25083883267803797, 0.5559248484495801, 0.14206747753066215, 0.17184130008472637, 0.6633938011996201, 0.46969666121883535, 0.24820032632897693, 0.00839589484089287, 0.6374214795573212, 0.637403425743038, 0.6644802484512635, 0.7816937702221108, 0.6885719572226605, 0.6118304383939404], [0.36791242867034457, 1.166198946040438, 0.0, 0.23605715732037993, 0.5970651090478865, 0.13163558477071072, 0.263555882099719, 0.6790952343371204, 0.39694729508068005, 0.25169467805268564, 0.007504523810135222, 0.6067954872984513, 0.6356666258547683, 0.6426949739497981, 0.7790519918103748, 0.6950895387336955, 0.6018497413311704], [0.15946334399238227, 1.1351730708827117, 0.0, 0.268366252397725, 0.5911857656599895, 0.13406061720817894, 0.23174052365283515, 0.6754545223399164, 0.4166606136698552, 0.2509501798510412, 0.007616154688146137, 0.6221354974592643, 0.6422916788053549, 0.6555278959713028, 0.7761836047522197, 0.6850684864959324, 0.6062251662607088], [-0.0344996448744781, 1.0733085282330124, 0.0, 0.23386629770939232, 0.5775367029721363, 0.1341490072646822, 0.2316618230220932, 0.6757410524123937, 0.4273697704288282, 0.24389358589515298, 0.007950687539111767, 0.6272298302164154, 0.657870068138324, 0.6682991239516057, 0.7794585617700116, 0.6883028687668195, 0.6101867578620592], [1.0841161387146947, 1.4918541879211626, 0.0, 0.28517520466307317, 0.6736232246933542, 0.11815906637460503, 0.4902117239975105, 0.6907230806009542, 0.33760102928831826, 0.27207853422867356, 0.0069454663283523566, 0.5882138574666929, 0.6255086978256938, 0.5928159684592964, 0.770556358406156, 0.6930717263156865, 0.5312942978505946], [0.03597627175944851, 1.200360929237061, 0.0, 0.24538175399849893, 0.6246954354586403, 0.12091086149481468, 0.46344463915234896, 0.6891201895139976, 0.3476616145641609, 0.24093529414810577, 0.006721420376576193, 0.6084048607073425, 0.627615436540099, 0.6500746853938509, 0.7695784369574865, 0.6753251241170027, 0.5857731131285269], [0.049242160414491476, 1.4694626781609086, 0.0, 0.1682061497055266, 0.6775018881654661, 0.11498167229250776, 0.46458196228421683, 0.6919560694300664, 0.3113718052842389, 0.2733265749674165, 0.006497131753992358, 0.597660806554889, 0.6350588511855186, 0.6351313079044576, 0.7632850192093186, 0.6912586344028836, 0.5066957345997767], [0.30712177222668924, 1.3608608915394305, 0.0, 0.28490076325325947, 0.6662951188269596, 0.10946975792116229, 0.48999186295002845, 0.6929486155738782, 0.28923889437471284, 0.2504985468493166, 0.006497131753992358, 0.5897639892154594, 0.636567541960214, 0.6531525712215374, 0.7465697502691317, 0.6695592194517329, 0.5072588542984309], [-0.22148658487518347, 1.4245421718109348, 0.0, 0.21809597454083096, 0.6791342149323852, 0.10638274353127573, 0.4501429653461827, 0.6931408578192206, 0.2689968849530677, 0.25656524718390084, 0.006216428718621936, 0.5955699457175401, 0.6358343549337048, 0.6542794890549699, 0.7359771756680142, 0.6611609671342381, 0.479881183198287]], "features_2": [[0.0018302832181493756, 0.9155860314148188, 0.0, 0.224707362931934, 0.532341245725331, 0.1434831055446534, 0.18563909725915764, 0.6659119790085455, 0.470351520144052, 0.22570294361036414, 0.008340296057933516, 0.6198906473300752, 0.6643012415755044, 0.6888348484026728, 0.7990329341203608, 0.6949808333939625, 0.6191564938494318], [-0.05097063312717731, 1.035780125865984, 0.0, 0.20882182075491598, 0.5650329281133429, 0.13780624756900312, 0.22268190050152867, 0.6736995446734679, 0.4359720514422456, 0.2428139087008354, 0.00783923647221818, 0.6194888356391246, 0.6542894122401363, 0.6900437784359471, 0.7922425268088688, 0.7008874826235468, 0.5961360143215938], [0.05983893633543458, 0.9762568515980771, 0.0, 0.21335170016412694, 0.5541403450896919, 0.1416220673463851, 0.2118827424273441, 0.6689619613593567, 0.4610004731364348, 0.23370488206036089, 0.007783488497544067, 0.6220880676825096, 0.6557061435422362, 0.6818792633421876, 0.7958605772791552, 0.6937930003914818, 0.624279926020488], [0.31448526687089995, 0.9702211436112088, 0.0, 0.1985327600200273, 0.5560020842640667, 0.13596415181936236, 0.3141878071353233, 0.6773443912602297, 0.42411265065916837, 0.22163513242679644, 0.007504523810135222, 0.6059035625706612, 0.6482550683332103, 0.6628590315576374, 0.7927580501439304, 0.7082498729209539, 0.6148620495874374], [0.4475411345968383, 1.2647540919370097, 0.0, 0.2201404029969388, 0.6296314014496741, 0.12194962189642544, 0.38464255209437326, 0.6891915717388823, 0.33461951609198803, 0.25123346062875695, 0.006328755639155359, 0.5931355932617657, 0.6270449909086752, 0.6520502279041226, 0.7741246865202787, 0.7000604086186935, 0.5448906201434051], [0.07298620019047153, 1.0088588170033088, 0.0, 0.20075550414927615, 0.573198148767049, 0.13217594885180847, 0.354635982691687, 0.6820795837735154, 0.4035676431507582, 0.22602297769860558, 0.007783488497544067, 0.6159151563660112, 0.6687107334851399, 0.6842941088069093, 0.7928952857410889, 0.7054130215287332, 0.6164204274013099], [0.8289675394171598, 1.2170706675577134, 0.0, 0.2776243650682584, 0.6293914884600058, 0.11738131725832515, 0.5381719115296327, 0.691605550520934, 0.33057020711010177, 0.23783965836992937, 0.006721420376576193, 0.5803982560884537, 0.6432798007648706, 0.6437346565179268, 0.7693390953675312, 0.6857751629268853, 0.5322875540316663], [0.36940585195868003, 1.0879194065259365, 0.0, 0.2801902739952048, 0.6047483883816107, 0.11423665774377365, 0.4297927320303536, 0.6920079408375845, 0.29145039239301473, 0.21158737100210856, 0.006609306440138685, 0.5781436456316893, 0.6470958010317972, 0.6610159023771521, 0.7539487826118163, 0.6879024761151593, 0.5554722836154025], [0.5938460557904821, 1.1097839252104322, 0.0, 0.285263211181872, 0.6107553833956021, 0.11309149383516555, 0.4567226531052057, 0.6923763625407098, 0.30152286450114363, 0.21395947424394435, 0.006721420376576193, 0.5742607435772931, 0.6447317294256657, 0.6540832046329009, 0.7527210066471514, 0.6738959903556904, 0.5375718811978999]]}