{"labels_1": ["1", "2", "3", "4", "5", "6", "7", "8", "9"], "labels_2": ["1", "2", "3", "4", "5", "6", "7", "8", "9"], "adj_matrix_1": [[0.0, 0.33515, 0.1847, 0.271, 0.11209, 0.31543, 0.26851, 0.29914, 0.33624], [0.33515, 0.0, 0.28187, 0.22156, 0.21234, 0.06266, 0.22365, 0.09496, 0.10139], [0.1847, 0.28187, 0.0, 0.10952, 0.15342, 0.29217, 0.10601, 0.29087, 0.23274], [0.271, 0.22156, 0.10952, 0.0, 0.17967, 0.25181, 0.0037, 0.26158, 0.14443], [0.11209, 0.21234, 0.15342, 0.17967, 0.0, 0.20375, 0.17855, 0.19436, 0.20784], [0.31543, 0.06266, 0.29217, 0.25181, 0.20375, 0.0, 0.25336, 0.03433, 0.15551], [0.26851, 0.22365, 0.10601, 0.0037, 0.17855, 0.25336, 0.0, 0.26287, 0.14769], [0.29914, 0.09496, 0.29087, 0.26158, 0.19436, 0.03433, 0.26287, 0.0, 0.18049], [0.33624, 0.10139, 0.23274, 0.14443, 0.20784, 0.15551, 0.14769, 0.18049, 0.0]], "adj_matrix_2": [[0.0, 0.21208, 0.10157, 0.14208, 0.25409, 0.08723, 0.14488, 0.14079, 0.22276], [0.21208, 0.0, 0.13201, 0.09146, 0.09434, 0.14493, 0.28938, 0.28775, 0.31608], [0.10157, 0.13201, 0.0, 0.04474, 0.20209, 0.01515, 0.22735, 0.22408, 0.28666], [0.14208, 0.09146, 0.04474, 0.0, 0.17167, 0.0596, 0.25449, 0.25173, 0.30373], [0.25409, 0.09434, 0.20209, 0.17167, 0.0, 0.21127, 0.28984, 0.28937, 0.29424], [0.08723, 0.14493, 0.01515, 0.0596, 0.21127, 0.0, 0.2169, 0.21348, 0.27943], [0.14488, 0.28938, 0.22735, 0.25449, 0.28984, 0.2169, 0.0, 0.00455, 0.09129], [0.14079, 0.28775, 0.22408, 0.25173, 0.28937, 0.21348, 0.00455, 0.0, 0.09568], [0.22276, 0.31608, 0.28666, 0.30373, 0.29424, 0.27943, 0.09129, 0.09568, 0.0]], "features_1": [[-0.09481246422620604, 0.9968474313748471, 0.0, 0.2436643284686191, 0.5756000582287275, 0.13221873342713142, 0.3395621398679509, 0.6808208569306876, 0.4105766189512454, 0.22689678249935197, 0.00783923647221818, 0.6270987994344457, 0.6591286963482184, 0.6762999292696383, 0.7880822424791442, 0.6968261274932837, 0.6309404428465628], [0.8220930065384784, 1.0738181463780896, 0.0, 0.29474545985689066, 0.5985220291921222, 0.127881626341237, 0.3161030996452986, 0.6855025435894473, 0.3869462910331327, 0.22975637853575082, 0.007281081678807366, 0.5852784337504449, 0.6309343974251247, 0.6575374876249602, 0.7855987515727971, 0.7046326722594207, 0.617906511969056], [0.122362228193575, 1.1408859399485423, 0.0, 0.25794669738055054, 0.616571743852258, 0.12712463691368003, 0.30859112941607164, 0.6852736529543954, 0.39672841334468467, 0.2473428495464589, 0.007504523810135222, 0.6080943551819697, 0.640471454959456, 0.6641325106943293, 0.7791722678230434, 0.6790008198897481, 0.6193518637662915], [0.1945177249012353, 1.1301633579176682, 0.0, 0.2509509076611971, 0.6086517259893307, 0.1278060595894979, 0.2856276417359595, 0.6838997262864024, 0.39280029529489613, 0.24558670176792607, 0.007392832833969631, 0.6042329298456033, 0.6511805729795157, 0.6769621543354206, 0.7787978006004294, 0.6847678885117046, 0.6169362253531164], [2.097968495741412, 1.3753919278292173, 0.0, 0.32196804533918394, 0.6661221593387325, 0.11765978881155384, 0.5241204980361189, 0.6918678637721409, 0.33436601611640104, 0.2544196167877735, 0.00677745458930179, 0.557464289139328, 0.6273017732077723, 0.6409063395701962, 0.7717868071638115, 0.6704876652258703, 0.5861721678680737], [0.9208586121186793, 1.277809321141303, 0.0, 0.28673477612051274, 0.6567704629084081, 0.11854135597406429, 0.4496658826322495, 0.6911696233292717, 0.3642306764096006, 0.25599756226042025, 0.00711334193318236, 0.5769593515510312, 0.6424447649220385, 0.6725102118610717, 0.7727210147603506, 0.6802749554192605, 0.5993309127175676], [0.32266021357417785, 1.330195318159024, 0.0, 0.25407427559142504, 0.6506248142130123, 0.11907127520577751, 0.42269915108992323, 0.6903321833154796, 0.3553909403976625, 0.26401366272006044, 0.007616154688146137, 0.5984019519197803, 0.6385827994011767, 0.655383131903128, 0.7710978208091066, 0.6711355430528526, 0.5571602190283045], [2.084694370435847, 1.411090768361025, 0.0, 0.3223536144397904, 0.6895135578261424, 0.10856607638838858, 0.6503928663208086, 0.6931440763551882, 0.30595510676227033, 0.24771230018945833, 0.00677745458930179, 0.5545099070488915, 0.5994254190550364, 0.6102817789228054, 0.7503750856243749, 0.685560896388717, 0.5621194754464197], [0.8323174608888055, 1.3527279029862422, 0.0, 0.2715222667773546, 0.6740440443974587, 0.10877885533515647, 0.499966803082426, 0.6931033332632108, 0.2980753113821628, 0.24619920779354287, 0.00655322669591385, 0.5684058078948029, 0.6199041294384213, 0.6345118979742773, 0.7474661887080751, 0.6686453132868072, 0.5603290640513794]], "features_2": [[0.32929112012710693, 1.097965639161403, 0.0, 0.20822202003746904, 0.5970926074244871, 0.128429340294578, 0.3237924159680837, 0.6839498807984057, 0.3971923770728003, 0.23781292392408826, 0.007560346756364078, 0.6033882815296878, 0.6565000729551224, 0.667826376774271, 0.7839780264126395, 0.6963494608916581, 0.6003948729124599], [0.8090708469626677, 1.2227889499278053, 0.0, 0.2454359609457456, 0.6195535025294671, 0.1271396573362796, 0.35701855391047277, 0.6856312446394743, 0.3603145624860078, 0.25022670334894936, 0.007616154688146137, 0.5766795810873901, 0.6395226058220487, 0.6428547633686862, 0.7843546974219558, 0.7130260169936026, 0.5870828429194287], [0.31895825045784987, 1.2459211821681393, 0.0, 0.25427104928608624, 0.6363723380934581, 0.12112813350138843, 0.3731849771229797, 0.6890671032334929, 0.34847815027307316, 0.2524135430054899, 0.007001439975721224, 0.5869502629287489, 0.651936813739933, 0.6690524138872493, 0.7697956514609614, 0.6820617194704788, 0.5861495829312257], [0.33381756422603726, 1.1652379752044508, 0.0, 0.22506440718321508, 0.6234699602139433, 0.11951349517559691, 0.38038188352475116, 0.6899826533682621, 0.3413889584139711, 0.23509079490983242, 0.00683347364535547, 0.5887305316668894, 0.6504504205693981, 0.6695457552318909, 0.7682333787546879, 0.6933466410954435, 0.5840611769639518], [1.3815609759026497, 1.465943443861478, 0.0, 0.19677482217187747, 0.6681433827392341, 0.12079126359640634, 0.4497762954520631, 0.6898770913075818, 0.3164082242531969, 0.26767010174544126, 0.006497131753992358, 0.5623347958580496, 0.618564207039742, 0.6056001131865396, 0.7725054487260783, 0.6809866537099373, 0.5323696665118306], [0.3876897397506758, 1.3089781971256205, 0.0, 0.26339530594553573, 0.6592839607693189, 0.11266728218201941, 0.5011888140959293, 0.6926114241115355, 0.29583523731765693, 0.2437971231272209, 0.006047823865199753, 0.5753863736452698, 0.6400481047314465, 0.6492041601177754, 0.7555626575097161, 0.6786160201670003, 0.5580905794999929], [0.19452621657570468, 1.3595492678240877, 0.0, 0.21500412927799706, 0.6554093664616714, 0.1205171715925816, 0.4440039616494225, 0.6901309739994685, 0.3326173787940734, 0.26435586307453307, 0.00655322669591385, 0.6035218662104676, 0.6418020862172288, 0.639993192380703, 0.7734441297023464, 0.6934653761843801, 0.5679935495853208], [0.3268010626916613, 1.3241589921915204, 0.0, 0.23484843740102812, 0.6645605292642656, 0.11202127099118234, 0.6957547679227545, 0.6930366299880689, 0.2795092818522602, 0.23829450551474163, 0.006047823865199753, 0.5828438147385353, 0.6353635094535544, 0.6315900204541336, 0.7559105650338964, 0.6783144243500373, 0.5619822508125704], [0.18818386804566423, 1.4634270561609846, 0.0, 0.2645524382750634, 0.6920294711627345, 0.10734276099710974, 0.7831793119446402, 0.6930803946395828, 0.261228592015907, 0.2522993570458205, 0.006047823865199753, 0.5878774766238974, 0.6460820671855674, 0.6221664702315737, 0.7415214342639344, 0.6543080993143854, 0.5342660804933587]]}