{"labels_1": ["1", "2", "3", "4", "5", "6", "7", "8", "9"], "labels_2": ["1", "2", "3", "4", "5", "6", "7", "8", "9"], "adj_matrix_1": [[0.0, 0.33515, 0.1847, 0.271, 0.11209, 0.31543, 0.26851, 0.29914, 0.33624], [0.33515, 0.0, 0.28187, 0.22156, 0.21234, 0.06266, 0.22365, 0.09496, 0.10139], [0.1847, 0.28187, 0.0, 0.10952, 0.15342, 0.29217, 0.10601, 0.29087, 0.23274], [0.271, 0.22156, 0.10952, 0.0, 0.17967, 0.25181, 0.0037, 0.26158, 0.14443], [0.11209, 0.21234, 0.15342, 0.17967, 0.0, 0.20375, 0.17855, 0.19436, 0.20784], [0.31543, 0.06266, 0.29217, 0.25181, 0.20375, 0.0, 0.25336, 0.03433, 0.15551], [0.26851, 0.22365, 0.10601, 0.0037, 0.17855, 0.25336, 0.0, 0.26287, 0.14769], [0.29914, 0.09496, 0.29087, 0.26158, 0.19436, 0.03433, 0.26287, 0.0, 0.18049], [0.33624, 0.10139, 0.23274, 0.14443, 0.20784, 0.15551, 0.14769, 0.18049, 0.0]], "adj_matrix_2": [[0.0, 0.0455, 0.09404, 0.01743, 0.20693, 0.29752, 0.07592, 0.10256, 0.15121], [0.0455, 0.0, 0.04932, 0.06276, 0.16822, 0.29518, 0.03087, 0.0581, 0.10869], [0.09404, 0.04932, 0.0, 0.11082, 0.12345, 0.28964, 0.01848, 0.00892, 0.06074], [0.01743, 0.06276, 0.11082, 0.0, 0.22103, 0.29777, 0.09291, 0.11922, 0.16696], [0.20693, 0.16822, 0.12345, 0.22103, 0.0, 0.25593, 0.14056, 0.11518, 0.06499], [0.29752, 0.29518, 0.28964, 0.29777, 0.25593, 0.0, 0.29064, 0.2872, 0.27629], [0.07592, 0.03087, 0.01848, 0.09291, 0.14056, 0.29064, 0.0, 0.02742, 0.07895], [0.10256, 0.0581, 0.00892, 0.11922, 0.11518, 0.2872, 0.02742, 0.0, 0.05201], [0.15121, 0.10869, 0.06074, 0.16696, 0.06499, 0.27629, 0.07895, 0.05201, 0.0]], "features_1": [[-0.09481246422620604, 0.9968474313748471, 0.0, 0.2436643284686191, 0.5756000582287275, 0.13221873342713142, 0.3395621398679509, 0.6808208569306876, 0.4105766189512454, 0.22689678249935197, 0.00783923647221818, 0.6270987994344457, 0.6591286963482184, 0.6762999292696383, 0.7880822424791442, 0.6968261274932837, 0.6309404428465628], [0.8220930065384784, 1.0738181463780896, 0.0, 0.29474545985689066, 0.5985220291921222, 0.127881626341237, 0.3161030996452986, 0.6855025435894473, 0.3869462910331327, 0.22975637853575082, 0.007281081678807366, 0.5852784337504449, 0.6309343974251247, 0.6575374876249602, 0.7855987515727971, 0.7046326722594207, 0.617906511969056], [0.122362228193575, 1.1408859399485423, 0.0, 0.25794669738055054, 0.616571743852258, 0.12712463691368003, 0.30859112941607164, 0.6852736529543954, 0.39672841334468467, 0.2473428495464589, 0.007504523810135222, 0.6080943551819697, 0.640471454959456, 0.6641325106943293, 0.7791722678230434, 0.6790008198897481, 0.6193518637662915], [0.1945177249012353, 1.1301633579176682, 0.0, 0.2509509076611971, 0.6086517259893307, 0.1278060595894979, 0.2856276417359595, 0.6838997262864024, 0.39280029529489613, 0.24558670176792607, 0.007392832833969631, 0.6042329298456033, 0.6511805729795157, 0.6769621543354206, 0.7787978006004294, 0.6847678885117046, 0.6169362253531164], [2.097968495741412, 1.3753919278292173, 0.0, 0.32196804533918394, 0.6661221593387325, 0.11765978881155384, 0.5241204980361189, 0.6918678637721409, 0.33436601611640104, 0.2544196167877735, 0.00677745458930179, 0.557464289139328, 0.6273017732077723, 0.6409063395701962, 0.7717868071638115, 0.6704876652258703, 0.5861721678680737], [0.9208586121186793, 1.277809321141303, 0.0, 0.28673477612051274, 0.6567704629084081, 0.11854135597406429, 0.4496658826322495, 0.6911696233292717, 0.3642306764096006, 0.25599756226042025, 0.00711334193318236, 0.5769593515510312, 0.6424447649220385, 0.6725102118610717, 0.7727210147603506, 0.6802749554192605, 0.5993309127175676], [0.32266021357417785, 1.330195318159024, 0.0, 0.25407427559142504, 0.6506248142130123, 0.11907127520577751, 0.42269915108992323, 0.6903321833154796, 0.3553909403976625, 0.26401366272006044, 0.007616154688146137, 0.5984019519197803, 0.6385827994011767, 0.655383131903128, 0.7710978208091066, 0.6711355430528526, 0.5571602190283045], [2.084694370435847, 1.411090768361025, 0.0, 0.3223536144397904, 0.6895135578261424, 0.10856607638838858, 0.6503928663208086, 0.6931440763551882, 0.30595510676227033, 0.24771230018945833, 0.00677745458930179, 0.5545099070488915, 0.5994254190550364, 0.6102817789228054, 0.7503750856243749, 0.685560896388717, 0.5621194754464197], [0.8323174608888055, 1.3527279029862422, 0.0, 0.2715222667773546, 0.6740440443974587, 0.10877885533515647, 0.499966803082426, 0.6931033332632108, 0.2980753113821628, 0.24619920779354287, 0.00655322669591385, 0.5684058078948029, 0.6199041294384213, 0.6345118979742773, 0.7474661887080751, 0.6686453132868072, 0.5603290640513794]], "features_2": [[-0.10903021463467688, 1.1451277896796255, 0.0, 0.1832432915361172, 0.5895569300957966, 0.13778124978563144, 0.2228129978469518, 0.673525866828165, 0.42985611322283557, 0.2636185556207886, 0.007671947615560004, 0.6322124412548438, 0.6569914570989327, 0.6849155615768936, 0.7962121938566423, 0.7101618017341688, 0.6029528829564232], [-0.17031027933028975, 1.1718911764559652, 0.0, 0.22449327239710776, 0.5921271091260587, 0.1379209453571459, 0.2392598941772178, 0.6726804935518316, 0.44449035743993637, 0.27263638781384625, 0.007950687539111767, 0.6341846206196795, 0.6667244944550506, 0.6934364487135388, 0.7932527990640664, 0.6994265674628289, 0.6011074571286638], [-0.04946343228827166, 1.1579739810598875, 0.0, 0.20482601000014863, 0.5925533413482846, 0.13648027728786985, 0.19006922384693184, 0.6734213575606849, 0.4202048354107366, 0.2641546271082311, 0.007504523810135222, 0.6256587995274421, 0.638256570021568, 0.6678702230832287, 0.788946206098026, 0.7093791452786816, 0.605577617288437], [-0.07764400296272056, 1.1495065267318323, 0.0, 0.1836280024012246, 0.5984226275731294, 0.1314227795211768, 0.29123462169393194, 0.6809249821114993, 0.3858442995363194, 0.2531979877432635, 0.007225183508792421, 0.626473535058222, 0.6450298795127158, 0.6640926236250276, 0.7883369898349529, 0.696603538951576, 0.5940794399362279], [0.07796457478317587, 1.524696440201627, 0.0, 0.1824796774379546, 0.6724368404177266, 0.12380909723022204, 0.6046775465821831, 0.6887968512043442, 0.3368974306723618, 0.2946063386715765, 0.006609306440138685, 0.6056100621479303, 0.6407537951216743, 0.6587153363907359, 0.7773182786580309, 0.678739309323432, 0.5276914246208616], [0.21600087975457605, 1.1991997571772592, 0.0, 0.23866554151545322, 0.6127996120405604, 0.12889931417416098, 0.32731138187964814, 0.6833561050767853, 0.3759837788971361, 0.2581416682536273, 0.007392832833969631, 0.5954885967010326, 0.6561835032924825, 0.6911862674536672, 0.784848906286587, 0.6894207253786767, 0.6139943462752183], [0.2093307764122727, 1.6003977244592982, 0.0, 0.22732054887255593, 0.6901125516543715, 0.12033722043471398, 0.5083232249075558, 0.6903648221085781, 0.3260689294329231, 0.300553614465225, 0.006497131753992358, 0.6202096099699701, 0.6330082825568926, 0.6457246120644452, 0.7768121535285812, 0.6874195297912937, 0.504262633778308], [-0.15821489589814597, 1.5165165843467623, 0.0, 0.2312281659981527, 0.6930259695361244, 0.11135840447192574, 0.7196958543334795, 0.6930554039449024, 0.28196125574256237, 0.27614203701605455, 0.006047823865199753, 0.5937415455895922, 0.6354642787520299, 0.6515144548632079, 0.7553626882845215, 0.6542825546811877, 0.5128378814600277], [-0.039964806457004176, 1.5738203432650957, 0.0, 0.2338616213516603, 0.701655283686261, 0.10775798072630662, 0.5069649423758534, 0.6931382284575971, 0.25909551032150335, 0.27801352588022676, 0.005822803276368971, 0.5899212123583408, 0.6383084020962984, 0.6521743035407899, 0.7439669750918669, 0.6770627981907684, 0.4951805917317896]]}