{"labels_1": ["1", "2", "3", "4", "5", "6", "7", "8", "9"], "labels_2": ["1", "2", "3", "4", "5", "6", "7", "8", "9"], "adj_matrix_1": [[0.0, 0.33515, 0.1847, 0.271, 0.11209, 0.31543, 0.26851, 0.29914, 0.33624], [0.33515, 0.0, 0.28187, 0.22156, 0.21234, 0.06266, 0.22365, 0.09496, 0.10139], [0.1847, 0.28187, 0.0, 0.10952, 0.15342, 0.29217, 0.10601, 0.29087, 0.23274], [0.271, 0.22156, 0.10952, 0.0, 0.17967, 0.25181, 0.0037, 0.26158, 0.14443], [0.11209, 0.21234, 0.15342, 0.17967, 0.0, 0.20375, 0.17855, 0.19436, 0.20784], [0.31543, 0.06266, 0.29217, 0.25181, 0.20375, 0.0, 0.25336, 0.03433, 0.15551], [0.26851, 0.22365, 0.10601, 0.0037, 0.17855, 0.25336, 0.0, 0.26287, 0.14769], [0.29914, 0.09496, 0.29087, 0.26158, 0.19436, 0.03433, 0.26287, 0.0, 0.18049], [0.33624, 0.10139, 0.23274, 0.14443, 0.20784, 0.15551, 0.14769, 0.18049, 0.0]], "adj_matrix_2": [[0.0, 0.15139, 0.00545, 0.00612, 0.03985, 0.1191, 0.30517, 0.2074, 0.00188], [0.15139, 0.0, 0.15632, 0.15693, 0.18667, 0.03498, 0.22268, 0.06598, 0.14959], [0.00545, 0.15632, 0.0, 0.00066, 0.03445, 0.12426, 0.30709, 0.2119, 0.00734], [0.00612, 0.15693, 0.00066, 0.0, 0.03377, 0.12488, 0.30747, 0.21237, 0.008], [0.03985, 0.18667, 0.03445, 0.03377, 0.0, 0.15613, 0.31845, 0.2388, 0.04176], [0.1191, 0.03498, 0.12426, 0.12488, 0.15613, 0.0, 0.245, 0.09984, 0.1173], [0.30517, 0.22268, 0.30709, 0.30747, 0.31845, 0.245, 0.0, 0.17346, 0.30382], [0.2074, 0.06598, 0.2119, 0.21237, 0.2388, 0.09984, 0.17346, 0.0, 0.20598], [0.00188, 0.14959, 0.00734, 0.008, 0.04176, 0.1173, 0.30382, 0.20598, 0.0]], "features_1": [[-0.09481246422620604, 0.9968474313748471, 0.0, 0.2436643284686191, 0.5756000582287275, 0.13221873342713142, 0.3395621398679509, 0.6808208569306876, 0.4105766189512454, 0.22689678249935197, 0.00783923647221818, 0.6270987994344457, 0.6591286963482184, 0.6762999292696383, 0.7880822424791442, 0.6968261274932837, 0.6309404428465628], [0.8220930065384784, 1.0738181463780896, 0.0, 0.29474545985689066, 0.5985220291921222, 0.127881626341237, 0.3161030996452986, 0.6855025435894473, 0.3869462910331327, 0.22975637853575082, 0.007281081678807366, 0.5852784337504449, 0.6309343974251247, 0.6575374876249602, 0.7855987515727971, 0.7046326722594207, 0.617906511969056], [0.122362228193575, 1.1408859399485423, 0.0, 0.25794669738055054, 0.616571743852258, 0.12712463691368003, 0.30859112941607164, 0.6852736529543954, 0.39672841334468467, 0.2473428495464589, 0.007504523810135222, 0.6080943551819697, 0.640471454959456, 0.6641325106943293, 0.7791722678230434, 0.6790008198897481, 0.6193518637662915], [0.1945177249012353, 1.1301633579176682, 0.0, 0.2509509076611971, 0.6086517259893307, 0.1278060595894979, 0.2856276417359595, 0.6838997262864024, 0.39280029529489613, 0.24558670176792607, 0.007392832833969631, 0.6042329298456033, 0.6511805729795157, 0.6769621543354206, 0.7787978006004294, 0.6847678885117046, 0.6169362253531164], [2.097968495741412, 1.3753919278292173, 0.0, 0.32196804533918394, 0.6661221593387325, 0.11765978881155384, 0.5241204980361189, 0.6918678637721409, 0.33436601611640104, 0.2544196167877735, 0.00677745458930179, 0.557464289139328, 0.6273017732077723, 0.6409063395701962, 0.7717868071638115, 0.6704876652258703, 0.5861721678680737], [0.9208586121186793, 1.277809321141303, 0.0, 0.28673477612051274, 0.6567704629084081, 0.11854135597406429, 0.4496658826322495, 0.6911696233292717, 0.3642306764096006, 0.25599756226042025, 0.00711334193318236, 0.5769593515510312, 0.6424447649220385, 0.6725102118610717, 0.7727210147603506, 0.6802749554192605, 0.5993309127175676], [0.32266021357417785, 1.330195318159024, 0.0, 0.25407427559142504, 0.6506248142130123, 0.11907127520577751, 0.42269915108992323, 0.6903321833154796, 0.3553909403976625, 0.26401366272006044, 0.007616154688146137, 0.5984019519197803, 0.6385827994011767, 0.655383131903128, 0.7710978208091066, 0.6711355430528526, 0.5571602190283045], [2.084694370435847, 1.411090768361025, 0.0, 0.3223536144397904, 0.6895135578261424, 0.10856607638838858, 0.6503928663208086, 0.6931440763551882, 0.30595510676227033, 0.24771230018945833, 0.00677745458930179, 0.5545099070488915, 0.5994254190550364, 0.6102817789228054, 0.7503750856243749, 0.685560896388717, 0.5621194754464197], [0.8323174608888055, 1.3527279029862422, 0.0, 0.2715222667773546, 0.6740440443974587, 0.10877885533515647, 0.499966803082426, 0.6931033332632108, 0.2980753113821628, 0.24619920779354287, 0.00655322669591385, 0.5684058078948029, 0.6199041294384213, 0.6345118979742773, 0.7474661887080751, 0.6686453132868072, 0.5603290640513794]], "features_2": [[0.022965040082381982, 0.9315755085108306, 0.0, 0.21309274427969746, 0.5409810902041992, 0.13238976006083847, 0.158925000612507, 0.6762093995763562, 0.38642027534308454, 0.21198161339382193, 0.007560346756364078, 0.6178640707012863, 0.6423112832069178, 0.6639876516710899, 0.7733918794805871, 0.6937568307242602, 0.5926913535547214], [0.15291887601485765, 1.0698350260866263, 0.0, 0.2515657874098659, 0.5771578892600785, 0.12918645144305246, 0.1995806483706815, 0.6801960884455721, 0.3725598355719306, 0.232674964559902, 0.007560346756364078, 0.6081883217919359, 0.6350886952739425, 0.6510490123216415, 0.7704118379185636, 0.6872114098658086, 0.5912025872937975], [0.1650983324803148, 1.0559642857873566, 0.0, 0.20911512007820918, 0.5797456620711273, 0.12727876223859072, 0.20506294174318782, 0.6824687128076294, 0.35165276495628617, 0.22520958302073302, 0.00683347364535547, 0.6157537940482953, 0.6213805423099393, 0.640930098577831, 0.767628899743798, 0.6761131536379393, 0.5950999348143295], [0.22366615474761709, 0.9660607350687793, 0.0, 0.2262594748427334, 0.5588989219887872, 0.1291590246963911, 0.22661025947668847, 0.6815301960995361, 0.3677563952577976, 0.2118372076118209, 0.00716927026363523, 0.6127955110030356, 0.6321758106638538, 0.6446388903892297, 0.7754323749209053, 0.6867902279336467, 0.5959715566277596], [0.32817432677555214, 1.2980424704124869, 0.0, 0.2718797638077867, 0.6354624389563132, 0.11964262777216908, 0.40767025771681203, 0.6893464464465355, 0.33058118458884067, 0.2522074365508493, 0.0066653709969386465, 0.6101480474844445, 0.6377505003802221, 0.6328054331100579, 0.7691347579857498, 0.6768983715745195, 0.5684793426823767], [0.32247491472982137, 1.1385165153267203, 0.0, 0.21856629686761006, 0.6044078070000796, 0.12279776737313045, 0.31708385710356596, 0.6874579588877715, 0.3373568221423455, 0.2321261998109203, 0.00677745458930179, 0.6043867959045122, 0.6414948452429676, 0.6620954647597063, 0.7699443010229801, 0.6949573329707014, 0.5945261540522849], [0.445599971270497, 0.9969032636592138, 0.0, 0.222115198747076, 0.5763096745458116, 0.1256507286157171, 0.3964244312402826, 0.687242467446703, 0.3564521976041526, 0.2130874749321916, 0.00683347364535547, 0.5918540214551786, 0.646898379397246, 0.6796622352665475, 0.7864521972779713, 0.7004062324111028, 0.5790765898112357], [-0.018925724895968887, 1.3246812377554078, 0.0, 0.23861750102618412, 0.6509939228021441, 0.11462222784489617, 0.4154391892644199, 0.6918566609192863, 0.2993594485407036, 0.2514843673090583, 0.006104040759826512, 0.5970340806340917, 0.6480868929503378, 0.6514386058793318, 0.7575411195455464, 0.6931958392767849, 0.5378936412805473], [-0.3543374770924874, 1.2454372187295417, 0.0, 0.22774868709412383, 0.6326608239464047, 0.11789766769280453, 0.418825662078806, 0.6909245671320341, 0.3070017548616575, 0.24745913504719685, 0.006216428718621936, 0.6021280979949812, 0.6314342824833212, 0.6463026022424347, 0.7671141573674826, 0.682695393231667, 0.544645988821781]]}