{"labels_1": ["1", "2", "3", "4", "5", "6", "7", "8", "9"], "labels_2": ["1", "2", "3", "4", "5", "6", "7", "8", "9"], "adj_matrix_1": [[0.0, 0.33515, 0.1847, 0.271, 0.11209, 0.31543, 0.26851, 0.29914, 0.33624], [0.33515, 0.0, 0.28187, 0.22156, 0.21234, 0.06266, 0.22365, 0.09496, 0.10139], [0.1847, 0.28187, 0.0, 0.10952, 0.15342, 0.29217, 0.10601, 0.29087, 0.23274], [0.271, 0.22156, 0.10952, 0.0, 0.17967, 0.25181, 0.0037, 0.26158, 0.14443], [0.11209, 0.21234, 0.15342, 0.17967, 0.0, 0.20375, 0.17855, 0.19436, 0.20784], [0.31543, 0.06266, 0.29217, 0.25181, 0.20375, 0.0, 0.25336, 0.03433, 0.15551], [0.26851, 0.22365, 0.10601, 0.0037, 0.17855, 0.25336, 0.0, 0.26287, 0.14769], [0.29914, 0.09496, 0.29087, 0.26158, 0.19436, 0.03433, 0.26287, 0.0, 0.18049], [0.33624, 0.10139, 0.23274, 0.14443, 0.20784, 0.15551, 0.14769, 0.18049, 0.0]], "adj_matrix_2": [[0.0, 0.06397, 0.17774, 0.15554, 0.29378, 0.29047, 0.31917, 0.06477, 0.03109], [0.06397, 0.0, 0.23318, 0.21289, 0.33159, 0.32906, 0.3491, 0.12724, 0.03302], [0.17774, 0.23318, 0.0, 0.02468, 0.15229, 0.14691, 0.19796, 0.11738, 0.20498], [0.15554, 0.21289, 0.02468, 0.0, 0.17389, 0.16876, 0.21727, 0.09371, 0.18364], [0.29378, 0.33159, 0.15229, 0.17389, 0.0, 0.00614, 0.05474, 0.24941, 0.31284], [0.29047, 0.32906, 0.14691, 0.16876, 0.00614, 0.0, 0.06078, 0.24505, 0.30967], [0.31917, 0.3491, 0.19796, 0.21727, 0.05474, 0.06078, 0.0, 0.28223, 0.33414], [0.06477, 0.12724, 0.11738, 0.09371, 0.24941, 0.24505, 0.28223, 0.0, 0.09538], [0.03109, 0.03302, 0.20498, 0.18364, 0.31284, 0.30967, 0.33414, 0.09538, 0.0]], "features_1": [[-0.09481246422620604, 0.9968474313748471, 0.0, 0.2436643284686191, 0.5756000582287275, 0.13221873342713142, 0.3395621398679509, 0.6808208569306876, 0.4105766189512454, 0.22689678249935197, 0.00783923647221818, 0.6270987994344457, 0.6591286963482184, 0.6762999292696383, 0.7880822424791442, 0.6968261274932837, 0.6309404428465628], [0.8220930065384784, 1.0738181463780896, 0.0, 0.29474545985689066, 0.5985220291921222, 0.127881626341237, 0.3161030996452986, 0.6855025435894473, 0.3869462910331327, 0.22975637853575082, 0.007281081678807366, 0.5852784337504449, 0.6309343974251247, 0.6575374876249602, 0.7855987515727971, 0.7046326722594207, 0.617906511969056], [0.122362228193575, 1.1408859399485423, 0.0, 0.25794669738055054, 0.616571743852258, 0.12712463691368003, 0.30859112941607164, 0.6852736529543954, 0.39672841334468467, 0.2473428495464589, 0.007504523810135222, 0.6080943551819697, 0.640471454959456, 0.6641325106943293, 0.7791722678230434, 0.6790008198897481, 0.6193518637662915], [0.1945177249012353, 1.1301633579176682, 0.0, 0.2509509076611971, 0.6086517259893307, 0.1278060595894979, 0.2856276417359595, 0.6838997262864024, 0.39280029529489613, 0.24558670176792607, 0.007392832833969631, 0.6042329298456033, 0.6511805729795157, 0.6769621543354206, 0.7787978006004294, 0.6847678885117046, 0.6169362253531164], [2.097968495741412, 1.3753919278292173, 0.0, 0.32196804533918394, 0.6661221593387325, 0.11765978881155384, 0.5241204980361189, 0.6918678637721409, 0.33436601611640104, 0.2544196167877735, 0.00677745458930179, 0.557464289139328, 0.6273017732077723, 0.6409063395701962, 0.7717868071638115, 0.6704876652258703, 0.5861721678680737], [0.9208586121186793, 1.277809321141303, 0.0, 0.28673477612051274, 0.6567704629084081, 0.11854135597406429, 0.4496658826322495, 0.6911696233292717, 0.3642306764096006, 0.25599756226042025, 0.00711334193318236, 0.5769593515510312, 0.6424447649220385, 0.6725102118610717, 0.7727210147603506, 0.6802749554192605, 0.5993309127175676], [0.32266021357417785, 1.330195318159024, 0.0, 0.25407427559142504, 0.6506248142130123, 0.11907127520577751, 0.42269915108992323, 0.6903321833154796, 0.3553909403976625, 0.26401366272006044, 0.007616154688146137, 0.5984019519197803, 0.6385827994011767, 0.655383131903128, 0.7710978208091066, 0.6711355430528526, 0.5571602190283045], [2.084694370435847, 1.411090768361025, 0.0, 0.3223536144397904, 0.6895135578261424, 0.10856607638838858, 0.6503928663208086, 0.6931440763551882, 0.30595510676227033, 0.24771230018945833, 0.00677745458930179, 0.5545099070488915, 0.5994254190550364, 0.6102817789228054, 0.7503750856243749, 0.685560896388717, 0.5621194754464197], [0.8323174608888055, 1.3527279029862422, 0.0, 0.2715222667773546, 0.6740440443974587, 0.10877885533515647, 0.499966803082426, 0.6931033332632108, 0.2980753113821628, 0.24619920779354287, 0.00655322669591385, 0.5684058078948029, 0.6199041294384213, 0.6345118979742773, 0.7474661887080751, 0.6686453132868072, 0.5603290640513794]], "features_2": [[-0.15527216196066984, 0.9940271480882658, 0.0, 0.18714343294968383, 0.5616461925010066, 0.1373225365447842, 0.26840920802358215, 0.6756455910868492, 0.43804386676452745, 0.23485378493924158, 0.007727725548673403, 0.6319982546425638, 0.6901593024005154, 0.7164609433472897, 0.796788269873423, 0.712990166999342, 0.6101185322850979], [-0.5341026589002085, 1.025748189890192, 0.0, 0.1944751262988654, 0.5722289466303119, 0.1329194374812634, 0.3479604564187163, 0.6807248458470059, 0.4123651871249179, 0.2356230848453018, 0.007281081678807366, 0.6347959861361969, 0.6672252704269953, 0.689824678406371, 0.7934579382687347, 0.6997962853318793, 0.608081970336545], [-0.061616966084671265, 1.078937754820202, 0.0, 0.19170421049411157, 0.5880349567125036, 0.131280237536613, 0.2627159117986729, 0.6810191592057295, 0.3981733330582107, 0.24179382852170828, 0.00716927026363523, 0.6225765173212237, 0.6611192014154321, 0.691982756989218, 0.7839877410633148, 0.6936466289696389, 0.6114208073135572], [-0.10658473825687587, 1.01793270512818, 0.0, 0.1578611314611801, 0.572663515246517, 0.1332386203933192, 0.2662395565323628, 0.6792912300209639, 0.4129979095971097, 0.23385619178310124, 0.007504523810135222, 0.6274447859234265, 0.6618410664995857, 0.6913447537288229, 0.7891500916848198, 0.685466824763464, 0.6137521219165042], [-0.13002640407477806, 1.3807433109939096, 0.0, 0.24472979537863437, 0.6527810749350706, 0.11887564311431523, 0.4349965183897687, 0.6905946156187933, 0.3381202696081753, 0.2743113396652923, 0.00716927026363523, 0.6068373069260695, 0.6512755480823849, 0.6627877582995036, 0.7710740721518219, 0.6942115038206953, 0.5266675699579731], [0.18055551140915682, 1.2139425640926775, 0.0, 0.23779815920831343, 0.6260930454115172, 0.12126031745985694, 0.33010114429252224, 0.6887741141372969, 0.34354287285526897, 0.24808749663533458, 0.0069454663283523566, 0.5963183842853856, 0.6416304467159071, 0.6684530842889479, 0.7667110433568761, 0.6712183077801414, 0.5873218659591383], [0.003324100086210535, 1.2496890697380236, 0.0, 0.19486558742391297, 0.6213721719273259, 0.12799654130283802, 0.31611608486515974, 0.6841197533955357, 0.38204915658997796, 0.266565388634906, 0.007448685839370306, 0.6210722284276275, 0.6659009859840307, 0.6921386076050605, 0.7829614159149237, 0.6951544627946881, 0.5658354664528833], [-0.30080919136661377, 1.3907851339494843, 0.0, 0.1988902768852228, 0.6697908718762479, 0.11201398901924531, 0.4115232878352785, 0.6925568993106183, 0.29127597067929334, 0.2608742913429516, 0.005991591679928909, 0.6107447701879936, 0.6453826850439602, 0.6493240792471356, 0.7486229523773095, 0.6757267782833493, 0.5041138299935464], [-0.4189315253642696, 1.2976630920962016, 0.0, 0.21602623896451773, 0.6454301051715171, 0.11625535169832518, 0.3278755600847674, 0.6909118472305315, 0.3093958208581431, 0.25614952981317596, 0.00655322669591385, 0.6150218069896716, 0.6373233474528762, 0.6463179397035538, 0.7538711416910264, 0.6472656066927104, 0.5203339021646778]]}