{"labels_1": ["1", "2", "3", "4", "5", "6", "7", "8", "9"], "labels_2": ["1", "2", "3", "4", "5", "6", "7", "8", "9"], "adj_matrix_1": [[0.0, 0.23092, 0.12475, 0.34791, 0.08141, 0.16631, 0.00342, 0.25209, 0.01044], [0.23092, 0.0, 0.15454, 0.25021, 0.25621, 0.11337, 0.23161, 0.27159, 0.22619], [0.12475, 0.15454, 0.0, 0.34109, 0.1912, 0.05052, 0.12747, 0.30223, 0.11537], [0.34791, 0.25021, 0.34109, 0.0, 0.32082, 0.32226, 0.34732, 0.17542, 0.34978], [0.08141, 0.25621, 0.1912, 0.32082, 0.0, 0.22244, 0.07854, 0.19331, 0.09159], [0.16631, 0.11337, 0.05052, 0.32226, 0.22244, 0.0, 0.1686, 0.3047, 0.15803], [0.00342, 0.23161, 0.12747, 0.34732, 0.07854, 0.1686, 0.0, 0.25048, 0.01386], [0.25209, 0.27159, 0.30223, 0.17542, 0.19331, 0.3047, 0.25048, 0.0, 0.25858], [0.01044, 0.22619, 0.11537, 0.34978, 0.09159, 0.15803, 0.01386, 0.25858, 0.0]], "adj_matrix_2": [[0.0, 0.31991, 0.1425, 0.0509, 0.21718, 0.20889, 0.31981, 0.2805, 0.31411], [0.31991, 0.0, 0.2546, 0.33448, 0.21218, 0.20454, 0.05498, 0.11754, 0.03468], [0.1425, 0.2546, 0.0, 0.18856, 0.24127, 0.07618, 0.27599, 0.17299, 0.23569], [0.0509, 0.33448, 0.18856, 0.0, 0.20713, 0.24935, 0.32756, 0.31011, 0.3331], [0.21718, 0.21218, 0.24127, 0.20713, 0.0, 0.24794, 0.18478, 0.24423, 0.22497], [0.20889, 0.20454, 0.07618, 0.24935, 0.24794, 0.0, 0.23734, 0.10412, 0.17922], [0.31981, 0.05498, 0.27599, 0.32756, 0.18478, 0.23734, 0.0, 0.16399, 0.08829], [0.2805, 0.11754, 0.17299, 0.31011, 0.24423, 0.10412, 0.16399, 0.0, 0.08542], [0.31411, 0.03468, 0.23569, 0.3331, 0.22497, 0.17922, 0.08829, 0.08542, 0.0]], "features_1": [[0.27731769427147945, 1.0103565823430845, 0.0, 0.22355642085633134, 0.5681587993996998, 0.13082197502436288, 0.31366724948880176, 0.6821080911204926, 0.39999104837448995, 0.22453933803960013, 0.007504523810135222, 0.5978773669376483, 0.6471492149553032, 0.666203043972988, 0.7912761110958336, 0.7256736070537909, 0.6195737306877097], [1.138950208873644, 1.197975818282003, 0.0, 0.2634911227719904, 0.6215042684554837, 0.12166992935435215, 0.5174891616540762, 0.690021809851729, 0.3600280082916265, 0.24211958743662754, 0.007392832833969631, 0.5640841839657313, 0.6452198522062621, 0.6694535909207343, 0.7838018618078341, 0.7047720114067162, 0.5733672207103195], [0.5066697354249712, 1.126924811227551, 0.0, 0.2653752931031862, 0.6031173372313036, 0.12448357036921527, 0.3840630536843683, 0.6874223036346707, 0.36221647080329045, 0.23326349621378384, 0.007281081678807366, 0.5824745770539037, 0.640352007152157, 0.6244593197224894, 0.7791645156999437, 0.7107055253840382, 0.6084642535483271], [-0.0660960736310745, 1.0156008432548722, 0.0, 0.2827491868000914, 0.5718351886168926, 0.1304918789526169, 0.29745288945865056, 0.682288728154431, 0.3928030429705609, 0.22683673388559122, 0.007616154688146137, 0.6256665076626802, 0.6544814211047214, 0.6754977691212479, 0.7886612643267451, 0.7048665446204149, 0.6220675625814632], [0.00865475222966472, 1.7282400612342796, 0.0, 0.2589118532658966, 0.7185130915106956, 0.1130391027487729, 0.6015998194173143, 0.6928404957352887, 0.3113681272186042, 0.3112523585799465, 0.006272599803500922, 0.5965264610853818, 0.6278375082811172, 0.6282373361812299, 0.7662839640290138, 0.675833362569452, 0.48607362456740766], [0.5777782419445372, 1.1898472308167722, 0.0, 0.28986102563841915, 0.6213854041335017, 0.12238392554715546, 0.5222500003256776, 0.6897405814137346, 0.353832694081452, 0.24032189989646313, 0.00683347364535547, 0.5807129633028008, 0.6359110490099978, 0.6626373006288293, 0.7807633448719924, 0.7244301516530116, 0.5900284289318102], [0.03929236027956806, 1.5091420466067342, 0.0, 0.2615616471697691, 0.6710459889324027, 0.12642727789330152, 0.44451592488223424, 0.6870242407995599, 0.3691807738592152, 0.30166302989105764, 0.007001439975721224, 0.6145822475720033, 0.641452245552471, 0.6679984199938587, 0.7879809179084432, 0.7132118314164334, 0.5116700502849599], [-0.11773259012646564, 1.29783039187196, 0.0, 0.2881061980458058, 0.6523604264489042, 0.11686733692301249, 0.6061858498645464, 0.6922015463471147, 0.31132376603123135, 0.24998089859005068, 0.006272599803500922, 0.6023713967726578, 0.6537153243912668, 0.6682133904546612, 0.7739925636598005, 0.6811769377361386, 0.5362196978963535], [0.28995548378813263, 1.2616212478999569, 0.0, 0.2948680314883382, 0.6326440337056936, 0.12206093310624677, 0.44989410898647864, 0.6894770737148723, 0.3290517331468208, 0.2511285785116335, 0.006609306440138685, 0.5843383071675028, 0.6318549779365479, 0.6548559544371916, 0.7794537611107355, 0.6698118308638401, 0.5361715450640799]], "features_2": [[-0.06243814590162167, 0.9065668973878019, 0.0, 0.262377777721477, 0.5398798971421904, 0.1348226743650215, 0.2607999122907231, 0.6777212466676811, 0.43381055904238974, 0.2119871005060514, 0.008062078829516484, 0.635784290188643, 0.6508453403912052, 0.6847264904420997, 0.7931655870013348, 0.7042154019993411, 0.6156630526572057], [0.806654958078592, 0.9271456087457779, 0.0, 0.2394583418689713, 0.5412598674058975, 0.1365018230630203, 0.2002525821575624, 0.6744215628318679, 0.4242359265378719, 0.21180726824083917, 0.007616154688146137, 0.5932806132631832, 0.6450178304169937, 0.6706250769671169, 0.7860139375128843, 0.7120107270204387, 0.6182609283365537], [-0.10299754754376567, 0.9429717743529066, 0.0, 0.2199125060882895, 0.5611712226890825, 0.12955456424304995, 0.3047139454427139, 0.6835715874839685, 0.39955302401725157, 0.21048378985035887, 0.007616154688146137, 0.6161239659937314, 0.6405974478350572, 0.6639493608555113, 0.7848732253963884, 0.7013957414498907, 0.6123669753010412], [-0.1253930871460449, 0.9100496016105047, 0.0, 0.23366264384860508, 0.552217825017218, 0.12691311162494512, 0.3442226602549866, 0.685734627974813, 0.3910491412767978, 0.20289693063796221, 0.00716927026363523, 0.6246452279547592, 0.6391144356267224, 0.6785130834258021, 0.7835675641991356, 0.6905249227810102, 0.6115989899675174], [1.4519502767920693, 1.0534210212410033, 0.0, 0.2771239750534514, 0.5835148721744471, 0.12679948852475972, 0.39326406923249807, 0.6854662137081675, 0.36836141152183255, 0.21931362311869873, 0.00716927026363523, 0.5734545617353555, 0.6347270996247324, 0.6582270868724284, 0.7710056236534392, 0.677455762287295, 0.5824966696774752], [0.03641917988742893, 0.9676872813199029, 0.0, 0.23489752107342698, 0.575107793522271, 0.1249284383814437, 0.3726419216892033, 0.6877667828762588, 0.3802165153573873, 0.21040583116790756, 0.007504523810135222, 0.6037767566472554, 0.6571501709448815, 0.6902103208866356, 0.7806453113482541, 0.6803474614122685, 0.6092018659819679], [0.3395970675499558, 0.9673888882822896, 0.0, 0.28462792633991246, 0.5821937361365975, 0.11521383405458308, 0.5251212520059447, 0.6924031684714966, 0.3274875648661959, 0.1923961979802724, 0.00683347364535547, 0.579898756624579, 0.644576641054537, 0.6497974042995648, 0.7668040794879627, 0.6709228132241024, 0.5509495911758469], [0.3381459730297496, 1.0510238683067332, 0.0, 0.28118359743657, 0.6019959423567367, 0.11715639205008319, 0.4929022552724156, 0.6915840071050279, 0.3207691616139796, 0.20760700245953534, 0.006216428718621936, 0.584467436276398, 0.6397130840900882, 0.6389936534389423, 0.7633609305008774, 0.6729982888539143, 0.6006429311262381], [0.2061792189086975, 1.076594810914925, 0.0, 0.27891760255115533, 0.6126916786320661, 0.11244955547483376, 0.4967729887147122, 0.6928151133577005, 0.30548483414035976, 0.20824360060944103, 0.00655322669591385, 0.5845226667631032, 0.6343259573781305, 0.651600794485644, 0.754837505241498, 0.6605725135861693, 0.5724315736572073]]}