{"labels_1": ["1", "2", "3", "4", "5", "6", "7", "8", "9"], "labels_2": ["1", "2", "3", "4", "5", "6", "7", "8", "9"], "adj_matrix_1": [[0.0, 0.03906, 0.27537, 0.1292, 0.12046, 0.02898, 0.1682, 0.0947, 0.11978], [0.03906, 0.0, 0.24719, 0.09208, 0.1559, 0.01013, 0.20011, 0.13142, 0.08238], [0.27537, 0.24719, 0.0, 0.16882, 0.33918, 0.25486, 0.35188, 0.32884, 0.17784], [0.1292, 0.09208, 0.16882, 0.0, 0.23183, 0.10182, 0.26608, 0.2116, 0.00997], [0.12046, 0.1559, 0.33918, 0.23183, 0.0, 0.14697, 0.05401, 0.02757, 0.22437], [0.02898, 0.01013, 0.25486, 0.10182, 0.14697, 0.0, 0.19206, 0.12208, 0.09221], [0.1682, 0.20011, 0.35188, 0.26608, 0.05401, 0.19206, 0.0, 0.0809, 0.25962], [0.0947, 0.13142, 0.32884, 0.2116, 0.02757, 0.12208, 0.0809, 0.0, 0.20354], [0.11978, 0.08238, 0.17784, 0.00997, 0.22437, 0.09221, 0.25962, 0.20354, 0.0]], "adj_matrix_2": [[0.0, 0.15139, 0.00545, 0.00612, 0.03985, 0.1191, 0.30517, 0.2074, 0.00188], [0.15139, 0.0, 0.15632, 0.15693, 0.18667, 0.03498, 0.22268, 0.06598, 0.14959], [0.00545, 0.15632, 0.0, 0.00066, 0.03445, 0.12426, 0.30709, 0.2119, 0.00734], [0.00612, 0.15693, 0.00066, 0.0, 0.03377, 0.12488, 0.30747, 0.21237, 0.008], [0.03985, 0.18667, 0.03445, 0.03377, 0.0, 0.15613, 0.31845, 0.2388, 0.04176], [0.1191, 0.03498, 0.12426, 0.12488, 0.15613, 0.0, 0.245, 0.09984, 0.1173], [0.30517, 0.22268, 0.30709, 0.30747, 0.31845, 0.245, 0.0, 0.17346, 0.30382], [0.2074, 0.06598, 0.2119, 0.21237, 0.2388, 0.09984, 0.17346, 0.0, 0.20598], [0.00188, 0.14959, 0.00734, 0.008, 0.04176, 0.1173, 0.30382, 0.20598, 0.0]], "features_1": [[-0.15903030264774776, 0.9671028924282695, 0.0, 0.21717451972237184, 0.5592385495827823, 0.13307445839501336, 0.36690245453346504, 0.6806322797768558, 0.3992155446097245, 0.21740214668867042, 0.007225183508792421, 0.6206003813295156, 0.6490267371170197, 0.6609224903323087, 0.7937540287640986, 0.7050020096410485, 0.6113806367568951], [-0.14341553076785107, 1.0712722615876797, 0.0, 0.23648521178944604, 0.5883902248723435, 0.12839321986653485, 0.359180448573477, 0.6846119264551174, 0.39267857169597975, 0.23440392831234735, 0.00711334193318236, 0.6101895306399028, 0.6253561158852365, 0.6572928442532576, 0.784102953103558, 0.6905735437254413, 0.5841791941423462], [-0.40530463961872965, 1.099222065000396, 0.0, 0.222347102154934, 0.5962780991330963, 0.1278498136883777, 0.39744088970249647, 0.6853538844940584, 0.3856550337316602, 0.23983930138768628, 0.007560346756364078, 0.6262525681403699, 0.6620752325477137, 0.6771845584091846, 0.7854890127213715, 0.7019263540204539, 0.5993199381160372], [-0.14909087660727982, 1.0350185386644533, 0.0, 0.2069623841343613, 0.5796025506553354, 0.12856383484034933, 0.42008004115019304, 0.6847741512985855, 0.3859381688725281, 0.22507141853976975, 0.007225183508792421, 0.6179737122680362, 0.6494190190655043, 0.6688764396069873, 0.7868457473079311, 0.692978119036814, 0.597459997329385], [0.6257510695231141, 1.3950264873788345, 0.0, 0.2624559808582216, 0.6610621529702264, 0.11587086303493788, 0.4462350142965377, 0.6917395614921241, 0.3147415624475445, 0.2596336492760234, 0.006497131753992358, 0.5926998693967667, 0.6255795766455402, 0.6218805369233551, 0.7630929338770506, 0.6852359261378209, 0.5058913145111085], [-0.22368432199978328, 1.1572294587684908, 0.0, 0.24786497312079347, 0.6181042426834492, 0.11982564077006307, 0.44631197664820943, 0.6904100954452159, 0.33995658438033294, 0.23713114920970924, 0.00716927026363523, 0.6011054689242381, 0.6506106026397146, 0.6650710110262747, 0.7747456092678671, 0.7027967694943724, 0.5758941762388995], [0.7051908653381886, 1.147209888504317, 0.0, 0.2381927788821202, 0.6071179438888819, 0.1250808419281631, 0.43932133828863656, 0.6873632341098378, 0.36517897896123386, 0.23727009373437524, 0.007001439975721224, 0.5868726858982469, 0.6310389304460359, 0.6560366531154476, 0.7823377767535513, 0.6933874148322441, 0.5671120846843134], [0.3120442217588977, 1.1998149162944083, 0.0, 0.29452681313053714, 0.6272927674859834, 0.11593197628390965, 0.36451796783475104, 0.6913020221102332, 0.32387754905400246, 0.23681656594685752, 0.006609306440138685, 0.5890234898869402, 0.6203869146524907, 0.6419758589958393, 0.7565395760476749, 0.6892947637473043, 0.545332139436265], [-0.033690422005877796, 1.1718609281121495, 0.0, 0.203887725356947, 0.6222281125348536, 0.11658053142329637, 0.3773319608085643, 0.6912525135730903, 0.3271561219481012, 0.2350729103336553, 0.006609306440138685, 0.6043174643824107, 0.6352830021426681, 0.6539688943204187, 0.7609904839721513, 0.6783154438730735, 0.5439587475072842]], "features_2": [[0.022965040082381982, 0.9315755085108306, 0.0, 0.21309274427969746, 0.5409810902041992, 0.13238976006083847, 0.158925000612507, 0.6762093995763562, 0.38642027534308454, 0.21198161339382193, 0.007560346756364078, 0.6178640707012863, 0.6423112832069178, 0.6639876516710899, 0.7733918794805871, 0.6937568307242602, 0.5926913535547214], [0.15291887601485765, 1.0698350260866263, 0.0, 0.2515657874098659, 0.5771578892600785, 0.12918645144305246, 0.1995806483706815, 0.6801960884455721, 0.3725598355719306, 0.232674964559902, 0.007560346756364078, 0.6081883217919359, 0.6350886952739425, 0.6510490123216415, 0.7704118379185636, 0.6872114098658086, 0.5912025872937975], [0.1650983324803148, 1.0559642857873566, 0.0, 0.20911512007820918, 0.5797456620711273, 0.12727876223859072, 0.20506294174318782, 0.6824687128076294, 0.35165276495628617, 0.22520958302073302, 0.00683347364535547, 0.6157537940482953, 0.6213805423099393, 0.640930098577831, 0.767628899743798, 0.6761131536379393, 0.5950999348143295], [0.22366615474761709, 0.9660607350687793, 0.0, 0.2262594748427334, 0.5588989219887872, 0.1291590246963911, 0.22661025947668847, 0.6815301960995361, 0.3677563952577976, 0.2118372076118209, 0.00716927026363523, 0.6127955110030356, 0.6321758106638538, 0.6446388903892297, 0.7754323749209053, 0.6867902279336467, 0.5959715566277596], [0.32817432677555214, 1.2980424704124869, 0.0, 0.2718797638077867, 0.6354624389563132, 0.11964262777216908, 0.40767025771681203, 0.6893464464465355, 0.33058118458884067, 0.2522074365508493, 0.0066653709969386465, 0.6101480474844445, 0.6377505003802221, 0.6328054331100579, 0.7691347579857498, 0.6768983715745195, 0.5684793426823767], [0.32247491472982137, 1.1385165153267203, 0.0, 0.21856629686761006, 0.6044078070000796, 0.12279776737313045, 0.31708385710356596, 0.6874579588877715, 0.3373568221423455, 0.2321261998109203, 0.00677745458930179, 0.6043867959045122, 0.6414948452429676, 0.6620954647597063, 0.7699443010229801, 0.6949573329707014, 0.5945261540522849], [0.445599971270497, 0.9969032636592138, 0.0, 0.222115198747076, 0.5763096745458116, 0.1256507286157171, 0.3964244312402826, 0.687242467446703, 0.3564521976041526, 0.2130874749321916, 0.00683347364535547, 0.5918540214551786, 0.646898379397246, 0.6796622352665475, 0.7864521972779713, 0.7004062324111028, 0.5790765898112357], [-0.018925724895968887, 1.3246812377554078, 0.0, 0.23861750102618412, 0.6509939228021441, 0.11462222784489617, 0.4154391892644199, 0.6918566609192863, 0.2993594485407036, 0.2514843673090583, 0.006104040759826512, 0.5970340806340917, 0.6480868929503378, 0.6514386058793318, 0.7575411195455464, 0.6931958392767849, 0.5378936412805473], [-0.3543374770924874, 1.2454372187295417, 0.0, 0.22774868709412383, 0.6326608239464047, 0.11789766769280453, 0.418825662078806, 0.6909245671320341, 0.3070017548616575, 0.24745913504719685, 0.006216428718621936, 0.6021280979949812, 0.6314342824833212, 0.6463026022424347, 0.7671141573674826, 0.682695393231667, 0.544645988821781]]}