{"labels_1": ["1", "2", "3", "4", "5", "6", "7", "8", "9"], "labels_2": ["1", "2", "3", "4", "5", "6", "7", "8", "9"], "adj_matrix_1": [[0.0, 0.03906, 0.27537, 0.1292, 0.12046, 0.02898, 0.1682, 0.0947, 0.11978], [0.03906, 0.0, 0.24719, 0.09208, 0.1559, 0.01013, 0.20011, 0.13142, 0.08238], [0.27537, 0.24719, 0.0, 0.16882, 0.33918, 0.25486, 0.35188, 0.32884, 0.17784], [0.1292, 0.09208, 0.16882, 0.0, 0.23183, 0.10182, 0.26608, 0.2116, 0.00997], [0.12046, 0.1559, 0.33918, 0.23183, 0.0, 0.14697, 0.05401, 0.02757, 0.22437], [0.02898, 0.01013, 0.25486, 0.10182, 0.14697, 0.0, 0.19206, 0.12208, 0.09221], [0.1682, 0.20011, 0.35188, 0.26608, 0.05401, 0.19206, 0.0, 0.0809, 0.25962], [0.0947, 0.13142, 0.32884, 0.2116, 0.02757, 0.12208, 0.0809, 0.0, 0.20354], [0.11978, 0.08238, 0.17784, 0.00997, 0.22437, 0.09221, 0.25962, 0.20354, 0.0]], "adj_matrix_2": [[0.0, 0.06397, 0.17774, 0.15554, 0.29378, 0.29047, 0.31917, 0.06477, 0.03109], [0.06397, 0.0, 0.23318, 0.21289, 0.33159, 0.32906, 0.3491, 0.12724, 0.03302], [0.17774, 0.23318, 0.0, 0.02468, 0.15229, 0.14691, 0.19796, 0.11738, 0.20498], [0.15554, 0.21289, 0.02468, 0.0, 0.17389, 0.16876, 0.21727, 0.09371, 0.18364], [0.29378, 0.33159, 0.15229, 0.17389, 0.0, 0.00614, 0.05474, 0.24941, 0.31284], [0.29047, 0.32906, 0.14691, 0.16876, 0.00614, 0.0, 0.06078, 0.24505, 0.30967], [0.31917, 0.3491, 0.19796, 0.21727, 0.05474, 0.06078, 0.0, 0.28223, 0.33414], [0.06477, 0.12724, 0.11738, 0.09371, 0.24941, 0.24505, 0.28223, 0.0, 0.09538], [0.03109, 0.03302, 0.20498, 0.18364, 0.31284, 0.30967, 0.33414, 0.09538, 0.0]], "features_1": [[-0.15903030264774776, 0.9671028924282695, 0.0, 0.21717451972237184, 0.5592385495827823, 0.13307445839501336, 0.36690245453346504, 0.6806322797768558, 0.3992155446097245, 0.21740214668867042, 0.007225183508792421, 0.6206003813295156, 0.6490267371170197, 0.6609224903323087, 0.7937540287640986, 0.7050020096410485, 0.6113806367568951], [-0.14341553076785107, 1.0712722615876797, 0.0, 0.23648521178944604, 0.5883902248723435, 0.12839321986653485, 0.359180448573477, 0.6846119264551174, 0.39267857169597975, 0.23440392831234735, 0.00711334193318236, 0.6101895306399028, 0.6253561158852365, 0.6572928442532576, 0.784102953103558, 0.6905735437254413, 0.5841791941423462], [-0.40530463961872965, 1.099222065000396, 0.0, 0.222347102154934, 0.5962780991330963, 0.1278498136883777, 0.39744088970249647, 0.6853538844940584, 0.3856550337316602, 0.23983930138768628, 0.007560346756364078, 0.6262525681403699, 0.6620752325477137, 0.6771845584091846, 0.7854890127213715, 0.7019263540204539, 0.5993199381160372], [-0.14909087660727982, 1.0350185386644533, 0.0, 0.2069623841343613, 0.5796025506553354, 0.12856383484034933, 0.42008004115019304, 0.6847741512985855, 0.3859381688725281, 0.22507141853976975, 0.007225183508792421, 0.6179737122680362, 0.6494190190655043, 0.6688764396069873, 0.7868457473079311, 0.692978119036814, 0.597459997329385], [0.6257510695231141, 1.3950264873788345, 0.0, 0.2624559808582216, 0.6610621529702264, 0.11587086303493788, 0.4462350142965377, 0.6917395614921241, 0.3147415624475445, 0.2596336492760234, 0.006497131753992358, 0.5926998693967667, 0.6255795766455402, 0.6218805369233551, 0.7630929338770506, 0.6852359261378209, 0.5058913145111085], [-0.22368432199978328, 1.1572294587684908, 0.0, 0.24786497312079347, 0.6181042426834492, 0.11982564077006307, 0.44631197664820943, 0.6904100954452159, 0.33995658438033294, 0.23713114920970924, 0.00716927026363523, 0.6011054689242381, 0.6506106026397146, 0.6650710110262747, 0.7747456092678671, 0.7027967694943724, 0.5758941762388995], [0.7051908653381886, 1.147209888504317, 0.0, 0.2381927788821202, 0.6071179438888819, 0.1250808419281631, 0.43932133828863656, 0.6873632341098378, 0.36517897896123386, 0.23727009373437524, 0.007001439975721224, 0.5868726858982469, 0.6310389304460359, 0.6560366531154476, 0.7823377767535513, 0.6933874148322441, 0.5671120846843134], [0.3120442217588977, 1.1998149162944083, 0.0, 0.29452681313053714, 0.6272927674859834, 0.11593197628390965, 0.36451796783475104, 0.6913020221102332, 0.32387754905400246, 0.23681656594685752, 0.006609306440138685, 0.5890234898869402, 0.6203869146524907, 0.6419758589958393, 0.7565395760476749, 0.6892947637473043, 0.545332139436265], [-0.033690422005877796, 1.1718609281121495, 0.0, 0.203887725356947, 0.6222281125348536, 0.11658053142329637, 0.3773319608085643, 0.6912525135730903, 0.3271561219481012, 0.2350729103336553, 0.006609306440138685, 0.6043174643824107, 0.6352830021426681, 0.6539688943204187, 0.7609904839721513, 0.6783154438730735, 0.5439587475072842]], "features_2": [[-0.15527216196066984, 0.9940271480882658, 0.0, 0.18714343294968383, 0.5616461925010066, 0.1373225365447842, 0.26840920802358215, 0.6756455910868492, 0.43804386676452745, 0.23485378493924158, 0.007727725548673403, 0.6319982546425638, 0.6901593024005154, 0.7164609433472897, 0.796788269873423, 0.712990166999342, 0.6101185322850979], [-0.5341026589002085, 1.025748189890192, 0.0, 0.1944751262988654, 0.5722289466303119, 0.1329194374812634, 0.3479604564187163, 0.6807248458470059, 0.4123651871249179, 0.2356230848453018, 0.007281081678807366, 0.6347959861361969, 0.6672252704269953, 0.689824678406371, 0.7934579382687347, 0.6997962853318793, 0.608081970336545], [-0.061616966084671265, 1.078937754820202, 0.0, 0.19170421049411157, 0.5880349567125036, 0.131280237536613, 0.2627159117986729, 0.6810191592057295, 0.3981733330582107, 0.24179382852170828, 0.00716927026363523, 0.6225765173212237, 0.6611192014154321, 0.691982756989218, 0.7839877410633148, 0.6936466289696389, 0.6114208073135572], [-0.10658473825687587, 1.01793270512818, 0.0, 0.1578611314611801, 0.572663515246517, 0.1332386203933192, 0.2662395565323628, 0.6792912300209639, 0.4129979095971097, 0.23385619178310124, 0.007504523810135222, 0.6274447859234265, 0.6618410664995857, 0.6913447537288229, 0.7891500916848198, 0.685466824763464, 0.6137521219165042], [-0.13002640407477806, 1.3807433109939096, 0.0, 0.24472979537863437, 0.6527810749350706, 0.11887564311431523, 0.4349965183897687, 0.6905946156187933, 0.3381202696081753, 0.2743113396652923, 0.00716927026363523, 0.6068373069260695, 0.6512755480823849, 0.6627877582995036, 0.7710740721518219, 0.6942115038206953, 0.5266675699579731], [0.18055551140915682, 1.2139425640926775, 0.0, 0.23779815920831343, 0.6260930454115172, 0.12126031745985694, 0.33010114429252224, 0.6887741141372969, 0.34354287285526897, 0.24808749663533458, 0.0069454663283523566, 0.5963183842853856, 0.6416304467159071, 0.6684530842889479, 0.7667110433568761, 0.6712183077801414, 0.5873218659591383], [0.003324100086210535, 1.2496890697380236, 0.0, 0.19486558742391297, 0.6213721719273259, 0.12799654130283802, 0.31611608486515974, 0.6841197533955357, 0.38204915658997796, 0.266565388634906, 0.007448685839370306, 0.6210722284276275, 0.6659009859840307, 0.6921386076050605, 0.7829614159149237, 0.6951544627946881, 0.5658354664528833], [-0.30080919136661377, 1.3907851339494843, 0.0, 0.1988902768852228, 0.6697908718762479, 0.11201398901924531, 0.4115232878352785, 0.6925568993106183, 0.29127597067929334, 0.2608742913429516, 0.005991591679928909, 0.6107447701879936, 0.6453826850439602, 0.6493240792471356, 0.7486229523773095, 0.6757267782833493, 0.5041138299935464], [-0.4189315253642696, 1.2976630920962016, 0.0, 0.21602623896451773, 0.6454301051715171, 0.11625535169832518, 0.3278755600847674, 0.6909118472305315, 0.3093958208581431, 0.25614952981317596, 0.00655322669591385, 0.6150218069896716, 0.6373233474528762, 0.6463179397035538, 0.7538711416910264, 0.6472656066927104, 0.5203339021646778]]}