{"labels_1": ["1", "2", "3", "4", "5", "6", "7", "8", "9"], "labels_2": ["1", "2", "3", "4", "5", "6", "7", "8", "9"], "adj_matrix_1": [[0.0, 0.17359, 0.11987, 0.04062, 0.06719, 0.02859, 0.16506, 0.01207, 0.0523], [0.17359, 0.0, 0.09412, 0.13217, 0.1342, 0.12235, 0.02089, 0.08945, 0.13575], [0.11987, 0.09412, 0.0, 0.1133, 0.08081, 0.12226, 0.0773, 0.11636, 0.10049], [0.04062, 0.13217, 0.1133, 0.0, 0.05271, 0.0318, 0.1317, 0.08542, 0.02569], [0.06719, 0.1342, 0.08081, 0.05271, 0.0, 0.07889, 0.12779, 0.11079, 0.02862], [0.02859, 0.12235, 0.12226, 0.0318, 0.07889, 0.0, 0.12505, 0.06176, 0.05563], [0.16506, 0.02089, 0.0773, 0.1317, 0.12779, 0.12505, 0.0, 0.09562, 0.13263], [0.01207, 0.08945, 0.11636, 0.08542, 0.11079, 0.06176, 0.09562, 0.0, 0.09987], [0.0523, 0.13575, 0.10049, 0.02569, 0.02862, 0.05563, 0.13263, 0.09987, 0.0]], "adj_matrix_2": [[0.0, 0.26445, 0.11221, 0.14798, 0.25474, 0.01174, 0.10587, 0.22058, 0.1137], [0.26445, 0.0, 0.22389, 0.20246, 0.06985, 0.2614, 0.22665, 0.27544, 0.27895], [0.11221, 0.22389, 0.0, 0.04004, 0.23996, 0.10121, 0.00673, 0.29192, 0.21088], [0.14798, 0.20246, 0.04004, 0.0, 0.22818, 0.13762, 0.04663, 0.30724, 0.23774], [0.25474, 0.06985, 0.23996, 0.22818, 0.0, 0.25425, 0.24128, 0.2311, 0.24909], [0.01174, 0.2614, 0.10121, 0.13762, 0.25425, 0.0, 0.09488, 0.22954, 0.12468], [0.10587, 0.22665, 0.00673, 0.04663, 0.24128, 0.09488, 0.0, 0.28892, 0.206], [0.22058, 0.27544, 0.29192, 0.30724, 0.2311, 0.22954, 0.28892, 0.0, 0.12007], [0.1137, 0.27895, 0.21088, 0.23774, 0.24909, 0.12468, 0.206, 0.12007, 0.0]], "features_1": [[0.33112526867685954, 1.0674056885885543, 0.0, 0.21108916826453852, 0.5767709770355943, 0.14505842567448812, 0.31764502725954386, 0.6716294478877594, 0.4524220218174768, 0.24823229026433347, 0.008006390651371653, 0.6055386021496729, 0.6446870369341479, 0.6712829057186572, 0.8230066916727146, 0.7031731163717178, 0.6369144658165808], [1.7259832005354108, 1.210403791255629, 0.0, 0.23952538767215326, 0.59940339104855, 0.14823978364181764, 0.3416262446931356, 0.6698004049507849, 0.46270996708560497, 0.27074417467208045, 0.008062078829516484, 0.5602119401605745, 0.6463269688506617, 0.669976542481352, 0.8293361402982984, 0.7218323329172367, 0.6168834473033044], [1.2032363968652682, 1.1833452805018554, 0.0, 0.2397146857542998, 0.6023896341619466, 0.1441557664659059, 0.3585969317454271, 0.6742990308623615, 0.4386333563034124, 0.26456840583259544, 0.007671947615560004, 0.5789213782126534, 0.6671744997789654, 0.685534862653749, 0.8259809949772245, 0.7145674253899887, 0.6249762286439842], [1.6553058178640283, 1.1624045053561831, 0.0, 0.21720983738088767, 0.5982262551622621, 0.1434037296193467, 0.3750441907661518, 0.675483024366611, 0.42844874776377284, 0.25750897559235986, 0.007560346756364078, 0.5690118591991284, 0.6317310933409362, 0.64489506606027, 0.8262192079808303, 0.6943393105445407, 0.6221734207641431], [2.8042284636086423, 1.4671273634132935, 0.0, 0.2513622891450002, 0.6578422714273593, 0.13460283679261448, 0.5707260698516443, 0.6854111943916212, 0.3591071773580041, 0.2796079714101152, 0.00683347364535547, 0.5270687198249018, 0.633842827539552, 0.6429490037285468, 0.8209388094344349, 0.7022981928498512, 0.5589202379562628], [1.9064531940536709, 1.2263475001866815, 0.0, 0.22088220927193278, 0.6108971879136236, 0.14318689985814334, 0.40368000733425335, 0.67666232144176, 0.4277046659419774, 0.26677860529689124, 0.008062078829516484, 0.5598104846300527, 0.6529054260032802, 0.672776490712214, 0.8276823949887913, 0.6979187204751274, 0.6177833514392959], [1.681994715225982, 1.5284042020692281, 0.0, 0.2697477276519259, 0.6723246853915367, 0.13417273560533882, 0.5368833525701163, 0.6856123126264426, 0.396751974352864, 0.3026606875433733, 0.007727725548673403, 0.561606540517968, 0.6486357368688247, 0.6397158699478488, 0.8206060833961295, 0.7214819496166515, 0.5864708364803439], [2.201450036381691, 1.214292993204038, 0.0, 0.21139865430955365, 0.6088425812010627, 0.14035973303683286, 0.46835634114228386, 0.6803613764993177, 0.40089853766446937, 0.2553273427805147, 0.007504523810135222, 0.5461475482243701, 0.6593714627836349, 0.6660068716603916, 0.8272090581547206, 0.6931290183045777, 0.5899477653149997], [1.4103572928580368, 1.3111565926979276, 0.0, 0.192538781558092, 0.6327977948187455, 0.13710493432817936, 0.5058672845654968, 0.6833181940845963, 0.3887558832804958, 0.27391122734123474, 0.007001439975721224, 0.5598925604811729, 0.6531916143090112, 0.6669036648116936, 0.8240717870026937, 0.7040195210198658, 0.5890853077235182]], "features_2": [[-0.07512510932861849, 1.083477508066984, 0.0, 0.2170059472513844, 0.5739670360883383, 0.13707456312213345, 0.16841241958559436, 0.6724045138781841, 0.4331646701858587, 0.2515156968875505, 0.007950687539111767, 0.6215199624578482, 0.6468416283737005, 0.6915618231622497, 0.7861171962724143, 0.6888645914245266, 0.6142355424062609], [0.3149979643689882, 1.2230133080490975, 0.0, 0.23417283777932815, 0.6114339957280823, 0.13297036504194523, 0.26827499815984834, 0.6797607550963106, 0.4079867875960299, 0.26586641055287297, 0.007281081678807366, 0.5912735071446602, 0.6417772791371326, 0.6680364467477751, 0.7872150996356482, 0.7005259297768445, 0.5893685379466743], [0.13527427575667472, 1.201585201145802, 0.0, 0.21815862943304437, 0.599625300488207, 0.1375351491291072, 0.16587617468524485, 0.6719405327462762, 0.44235912786458753, 0.269739059677073, 0.007504523810135222, 0.6086571368950411, 0.6519220292042995, 0.6589330607825955, 0.7828178710681444, 0.6935005508725042, 0.6085156286749414], [0.09793490603779453, 1.1458901311037768, 0.0, 0.21229704466755747, 0.5846908838148053, 0.13859846143454288, 0.14390304880230076, 0.6699573441407694, 0.44824106685382215, 0.2638865106637964, 0.008062078829516484, 0.6089724014503006, 0.643627001670273, 0.6582715678628779, 0.784580140278767, 0.6758139899810633, 0.611304797246473], [0.786762372648679, 1.41438526178447, 0.0, 0.31048244033947214, 0.658628367484371, 0.1245284258396505, 0.4924070022467134, 0.6884802656989962, 0.35451103883913926, 0.27805837443543124, 0.0069454663283523566, 0.5804654817383748, 0.6513626462126731, 0.6588372066283258, 0.7835065479684327, 0.6992783258038193, 0.5469539638523285], [0.2256188175837872, 1.2700926520406286, 0.0, 0.21161807871057237, 0.6203199194783284, 0.13431721073698932, 0.2941580874257511, 0.6779011111381524, 0.4204318087578025, 0.27421804274542927, 0.007727725548673403, 0.6015776762867175, 0.6420389363011086, 0.6657776498978512, 0.7833994925491727, 0.7048066263187717, 0.5956719256746649], [0.018442680505130316, 1.4616618633769032, 0.0, 0.17710971190320046, 0.6539299776586438, 0.1296035155569392, 0.3064553126013735, 0.6826462111576475, 0.37801618751377175, 0.29933290705047666, 0.0069454663283523566, 0.613212668460474, 0.6478419652898929, 0.6637061184127412, 0.7802859217959812, 0.681481148890359, 0.5687471955139696], [0.2907441735295171, 1.2046721254437083, 0.0, 0.23877933913939706, 0.6292840572319479, 0.12025698686158409, 0.7134295695473775, 0.6906466451786665, 0.3379015919011883, 0.23924030950516006, 0.007001439975721224, 0.6055020736809693, 0.6353244826967805, 0.6428129708162256, 0.7687269317438028, 0.6978349377927586, 0.5825359987661839], [-0.11456275985214859, 1.2404857044561812, 0.0, 0.2287265480481747, 0.62947027378369, 0.12235919800370441, 0.5621684022384145, 0.6890517312257954, 0.3430993379017546, 0.25293771683706456, 0.00716927026363523, 0.6151864023415916, 0.6710139271050769, 0.691393673096612, 0.7694656160502837, 0.6864219033196545, 0.5985080948008821]]}