{"labels_1": ["1", "2", "3", "4", "5", "6", "7", "8", "9"], "labels_2": ["1", "2", "3", "4", "5", "6", "7", "8", "9"], "adj_matrix_1": [[0.0, 0.17359, 0.11987, 0.04062, 0.06719, 0.02859, 0.16506, 0.01207, 0.0523], [0.17359, 0.0, 0.09412, 0.13217, 0.1342, 0.12235, 0.02089, 0.08945, 0.13575], [0.11987, 0.09412, 0.0, 0.1133, 0.08081, 0.12226, 0.0773, 0.11636, 0.10049], [0.04062, 0.13217, 0.1133, 0.0, 0.05271, 0.0318, 0.1317, 0.08542, 0.02569], [0.06719, 0.1342, 0.08081, 0.05271, 0.0, 0.07889, 0.12779, 0.11079, 0.02862], [0.02859, 0.12235, 0.12226, 0.0318, 0.07889, 0.0, 0.12505, 0.06176, 0.05563], [0.16506, 0.02089, 0.0773, 0.1317, 0.12779, 0.12505, 0.0, 0.09562, 0.13263], [0.01207, 0.08945, 0.11636, 0.08542, 0.11079, 0.06176, 0.09562, 0.0, 0.09987], [0.0523, 0.13575, 0.10049, 0.02569, 0.02862, 0.05563, 0.13263, 0.09987, 0.0]], "adj_matrix_2": [[0.0, 0.05051, 0.06834, 0.08482, 0.24245, 0.05833, 0.37108, 0.14065, 0.16659], [0.05051, 0.0, 0.01825, 0.13184, 0.27206, 0.10686, 0.37185, 0.18319, 0.20641], [0.06834, 0.01825, 0.0, 0.14781, 0.28086, 0.12358, 0.37032, 0.19713, 0.21929], [0.08482, 0.13184, 0.14781, 0.0, 0.17721, 0.02724, 0.35025, 0.05967, 0.08859], [0.24245, 0.27206, 0.28086, 0.17721, 0.0, 0.19968, 0.23337, 0.12348, 0.09529], [0.05833, 0.10686, 0.12358, 0.02724, 0.19968, 0.0, 0.35981, 0.08618, 0.11445], [0.37108, 0.37185, 0.37032, 0.35025, 0.23337, 0.35981, 0.0, 0.32166, 0.30427], [0.14065, 0.18319, 0.19713, 0.05967, 0.12348, 0.08618, 0.32166, 0.0, 0.02966], [0.16659, 0.20641, 0.21929, 0.08859, 0.09529, 0.11445, 0.30427, 0.02966, 0.0]], "features_1": [[0.33112526867685954, 1.0674056885885543, 0.0, 0.21108916826453852, 0.5767709770355943, 0.14505842567448812, 0.31764502725954386, 0.6716294478877594, 0.4524220218174768, 0.24823229026433347, 0.008006390651371653, 0.6055386021496729, 0.6446870369341479, 0.6712829057186572, 0.8230066916727146, 0.7031731163717178, 0.6369144658165808], [1.7259832005354108, 1.210403791255629, 0.0, 0.23952538767215326, 0.59940339104855, 0.14823978364181764, 0.3416262446931356, 0.6698004049507849, 0.46270996708560497, 0.27074417467208045, 0.008062078829516484, 0.5602119401605745, 0.6463269688506617, 0.669976542481352, 0.8293361402982984, 0.7218323329172367, 0.6168834473033044], [1.2032363968652682, 1.1833452805018554, 0.0, 0.2397146857542998, 0.6023896341619466, 0.1441557664659059, 0.3585969317454271, 0.6742990308623615, 0.4386333563034124, 0.26456840583259544, 0.007671947615560004, 0.5789213782126534, 0.6671744997789654, 0.685534862653749, 0.8259809949772245, 0.7145674253899887, 0.6249762286439842], [1.6553058178640283, 1.1624045053561831, 0.0, 0.21720983738088767, 0.5982262551622621, 0.1434037296193467, 0.3750441907661518, 0.675483024366611, 0.42844874776377284, 0.25750897559235986, 0.007560346756364078, 0.5690118591991284, 0.6317310933409362, 0.64489506606027, 0.8262192079808303, 0.6943393105445407, 0.6221734207641431], [2.8042284636086423, 1.4671273634132935, 0.0, 0.2513622891450002, 0.6578422714273593, 0.13460283679261448, 0.5707260698516443, 0.6854111943916212, 0.3591071773580041, 0.2796079714101152, 0.00683347364535547, 0.5270687198249018, 0.633842827539552, 0.6429490037285468, 0.8209388094344349, 0.7022981928498512, 0.5589202379562628], [1.9064531940536709, 1.2263475001866815, 0.0, 0.22088220927193278, 0.6108971879136236, 0.14318689985814334, 0.40368000733425335, 0.67666232144176, 0.4277046659419774, 0.26677860529689124, 0.008062078829516484, 0.5598104846300527, 0.6529054260032802, 0.672776490712214, 0.8276823949887913, 0.6979187204751274, 0.6177833514392959], [1.681994715225982, 1.5284042020692281, 0.0, 0.2697477276519259, 0.6723246853915367, 0.13417273560533882, 0.5368833525701163, 0.6856123126264426, 0.396751974352864, 0.3026606875433733, 0.007727725548673403, 0.561606540517968, 0.6486357368688247, 0.6397158699478488, 0.8206060833961295, 0.7214819496166515, 0.5864708364803439], [2.201450036381691, 1.214292993204038, 0.0, 0.21139865430955365, 0.6088425812010627, 0.14035973303683286, 0.46835634114228386, 0.6803613764993177, 0.40089853766446937, 0.2553273427805147, 0.007504523810135222, 0.5461475482243701, 0.6593714627836349, 0.6660068716603916, 0.8272090581547206, 0.6931290183045777, 0.5899477653149997], [1.4103572928580368, 1.3111565926979276, 0.0, 0.192538781558092, 0.6327977948187455, 0.13710493432817936, 0.5058672845654968, 0.6833181940845963, 0.3887558832804958, 0.27391122734123474, 0.007001439975721224, 0.5598925604811729, 0.6531916143090112, 0.6669036648116936, 0.8240717870026937, 0.7040195210198658, 0.5890853077235182]], "features_2": [[-0.10060929526168838, 1.256920968749601, 0.0, 0.23242022764109102, 0.6355316155154918, 0.11959056081667105, 0.3379978473985659, 0.6895752647970919, 0.32958101854647204, 0.25381309584642864, 0.0066653709969386465, 0.5972567139892748, 0.6483975071049378, 0.6673852735342719, 0.7637958736222836, 0.6859133416701091, 0.5954994804669415], [0.2988844954957095, 1.3001458181704841, 0.0, 0.22454097843309356, 0.6412639965543709, 0.1208796688061424, 0.30610927862663573, 0.6885967812287151, 0.32935577526511106, 0.2583777288261495, 0.00655322669591385, 0.5831824893632289, 0.6324169192794207, 0.6564319093639278, 0.7634670435894777, 0.6986739836805854, 0.5877099294868674], [0.03928604354851695, 1.4465660201851964, 0.0, 0.25778601245469596, 0.6727365054977692, 0.11645699483203639, 0.3663174439202315, 0.6910257146400761, 0.3180334924635484, 0.2761991234618628, 0.0064410216040902135, 0.5927101706048277, 0.6456904642960591, 0.6550573824189564, 0.7562892136988769, 0.6719496266237464, 0.5801239808580062], [-0.15544031883760878, 1.3859434440652643, 0.0, 0.2434806457487476, 0.6619745432755673, 0.11658092862907143, 0.37395759134105333, 0.6909641661520594, 0.31765806980863376, 0.26790067181331456, 0.0066653709969386465, 0.6040230407889344, 0.6469417888963266, 0.667972399841249, 0.7557537330412827, 0.6822621672617093, 0.5824660500438404], [-0.2524559331685525, 1.326011115949567, 0.0, 0.22668765963046442, 0.6540305227840933, 0.11731001783074506, 0.41504437192233185, 0.6910793005621334, 0.3203363904006611, 0.2595852998324062, 0.006609306440138685, 0.6001127608215047, 0.6507402321367564, 0.6765737587813285, 0.7653870745293968, 0.6816514646181164, 0.5620908795384644], [0.029191720537340426, 1.4819259368724913, 0.0, 0.26338091997816643, 0.6794680800004821, 0.11633605647528127, 0.4129888500671349, 0.6913920871779771, 0.3248692299970415, 0.28170843051594585, 0.0064410216040902135, 0.5992228406193558, 0.6446789791225592, 0.6568005203258676, 0.7603161716014337, 0.6826613825915859, 0.5751961334187474], [-0.40376571537249006, 1.5403487208846094, 0.0, 0.21203180313667097, 0.6876529531601545, 0.11505364587803156, 0.4387697022246158, 0.691848088465862, 0.2927323772341026, 0.2858149406348276, 0.006104040759826512, 0.6250358150899231, 0.6475627526146248, 0.6557657986340696, 0.7608711675595635, 0.6817289121100009, 0.5703374457926659], [-0.3784815791195455, 1.2893821345687848, 0.0, 0.2631414826763151, 0.654201111475181, 0.11003281614287386, 0.39298318475518884, 0.6927770052385411, 0.27548722905062606, 0.24416076083640847, 0.006104040759826512, 0.5972737509878625, 0.6338127551126091, 0.6553156100361127, 0.7405309066976944, 0.6467830321244867, 0.5622794336052339], [-0.3505698020147414, 1.4329695691291515, 0.0, 0.2646958507755471, 0.6791620767825642, 0.10856729455968597, 0.4464557676652852, 0.6930282371456923, 0.26611188455082413, 0.26361086562302316, 0.006047823865199753, 0.5921619229837383, 0.6183010969821494, 0.6265970262605153, 0.739521332844319, 0.667267955900865, 0.562301882929212]]}