{"labels_1": ["1", "2", "3", "4", "5", "6", "7", "8", "9"], "labels_2": ["1", "2", "3", "4", "5", "6", "7", "8", "9"], "adj_matrix_1": [[0.0, 0.17359, 0.11987, 0.04062, 0.06719, 0.02859, 0.16506, 0.01207, 0.0523], [0.17359, 0.0, 0.09412, 0.13217, 0.1342, 0.12235, 0.02089, 0.08945, 0.13575], [0.11987, 0.09412, 0.0, 0.1133, 0.08081, 0.12226, 0.0773, 0.11636, 0.10049], [0.04062, 0.13217, 0.1133, 0.0, 0.05271, 0.0318, 0.1317, 0.08542, 0.02569], [0.06719, 0.1342, 0.08081, 0.05271, 0.0, 0.07889, 0.12779, 0.11079, 0.02862], [0.02859, 0.12235, 0.12226, 0.0318, 0.07889, 0.0, 0.12505, 0.06176, 0.05563], [0.16506, 0.02089, 0.0773, 0.1317, 0.12779, 0.12505, 0.0, 0.09562, 0.13263], [0.01207, 0.08945, 0.11636, 0.08542, 0.11079, 0.06176, 0.09562, 0.0, 0.09987], [0.0523, 0.13575, 0.10049, 0.02569, 0.02862, 0.05563, 0.13263, 0.09987, 0.0]], "adj_matrix_2": [[0.0, 0.23886, 0.16778, 0.03493, 0.17763, 0.22313, 0.07765, 0.26815, 0.27614], [0.23886, 0.0, 0.10033, 0.21621, 0.32006, 0.02706, 0.18472, 0.07202, 0.12937], [0.16778, 0.10033, 0.0, 0.1374, 0.29623, 0.07482, 0.09744, 0.16235, 0.20421], [0.03493, 0.21621, 0.1374, 0.0, 0.20683, 0.19816, 0.04332, 0.25267, 0.26728], [0.17763, 0.32006, 0.29623, 0.20683, 0.0, 0.31777, 0.23975, 0.31304, 0.29051], [0.22313, 0.02706, 0.07482, 0.19816, 0.31777, 0.0, 0.16401, 0.09747, 0.15138], [0.07765, 0.18472, 0.09744, 0.04332, 0.23975, 0.16401, 0.0, 0.22981, 0.25279], [0.26815, 0.07202, 0.16235, 0.25267, 0.31304, 0.09747, 0.22981, 0.0, 0.0631], [0.27614, 0.12937, 0.20421, 0.26728, 0.29051, 0.15138, 0.25279, 0.0631, 0.0]], "features_1": [[0.33112526867685954, 1.0674056885885543, 0.0, 0.21108916826453852, 0.5767709770355943, 0.14505842567448812, 0.31764502725954386, 0.6716294478877594, 0.4524220218174768, 0.24823229026433347, 0.008006390651371653, 0.6055386021496729, 0.6446870369341479, 0.6712829057186572, 0.8230066916727146, 0.7031731163717178, 0.6369144658165808], [1.7259832005354108, 1.210403791255629, 0.0, 0.23952538767215326, 0.59940339104855, 0.14823978364181764, 0.3416262446931356, 0.6698004049507849, 0.46270996708560497, 0.27074417467208045, 0.008062078829516484, 0.5602119401605745, 0.6463269688506617, 0.669976542481352, 0.8293361402982984, 0.7218323329172367, 0.6168834473033044], [1.2032363968652682, 1.1833452805018554, 0.0, 0.2397146857542998, 0.6023896341619466, 0.1441557664659059, 0.3585969317454271, 0.6742990308623615, 0.4386333563034124, 0.26456840583259544, 0.007671947615560004, 0.5789213782126534, 0.6671744997789654, 0.685534862653749, 0.8259809949772245, 0.7145674253899887, 0.6249762286439842], [1.6553058178640283, 1.1624045053561831, 0.0, 0.21720983738088767, 0.5982262551622621, 0.1434037296193467, 0.3750441907661518, 0.675483024366611, 0.42844874776377284, 0.25750897559235986, 0.007560346756364078, 0.5690118591991284, 0.6317310933409362, 0.64489506606027, 0.8262192079808303, 0.6943393105445407, 0.6221734207641431], [2.8042284636086423, 1.4671273634132935, 0.0, 0.2513622891450002, 0.6578422714273593, 0.13460283679261448, 0.5707260698516443, 0.6854111943916212, 0.3591071773580041, 0.2796079714101152, 0.00683347364535547, 0.5270687198249018, 0.633842827539552, 0.6429490037285468, 0.8209388094344349, 0.7022981928498512, 0.5589202379562628], [1.9064531940536709, 1.2263475001866815, 0.0, 0.22088220927193278, 0.6108971879136236, 0.14318689985814334, 0.40368000733425335, 0.67666232144176, 0.4277046659419774, 0.26677860529689124, 0.008062078829516484, 0.5598104846300527, 0.6529054260032802, 0.672776490712214, 0.8276823949887913, 0.6979187204751274, 0.6177833514392959], [1.681994715225982, 1.5284042020692281, 0.0, 0.2697477276519259, 0.6723246853915367, 0.13417273560533882, 0.5368833525701163, 0.6856123126264426, 0.396751974352864, 0.3026606875433733, 0.007727725548673403, 0.561606540517968, 0.6486357368688247, 0.6397158699478488, 0.8206060833961295, 0.7214819496166515, 0.5864708364803439], [2.201450036381691, 1.214292993204038, 0.0, 0.21139865430955365, 0.6088425812010627, 0.14035973303683286, 0.46835634114228386, 0.6803613764993177, 0.40089853766446937, 0.2553273427805147, 0.007504523810135222, 0.5461475482243701, 0.6593714627836349, 0.6660068716603916, 0.8272090581547206, 0.6931290183045777, 0.5899477653149997], [1.4103572928580368, 1.3111565926979276, 0.0, 0.192538781558092, 0.6327977948187455, 0.13710493432817936, 0.5058672845654968, 0.6833181940845963, 0.3887558832804958, 0.27391122734123474, 0.007001439975721224, 0.5598925604811729, 0.6531916143090112, 0.6669036648116936, 0.8240717870026937, 0.7040195210198658, 0.5890853077235182]], "features_2": [[0.27614090679590575, 1.0476905073713025, 0.0, 0.28018302049431176, 0.5752366304527333, 0.13307404008123686, 0.2188619797215985, 0.677653257727332, 0.4173468647385088, 0.23567033948369498, 0.007894969482732161, 0.606776681870947, 0.6471106530616225, 0.657210055304155, 0.7831080124929722, 0.7141502260729055, 0.6212931617986773], [0.3854566827817858, 1.1332051488011177, 0.0, 0.2944387778895556, 0.603385938167708, 0.12687955018771907, 0.31382605444313966, 0.6847911528197179, 0.38095513746521514, 0.24203612559690768, 0.007504523810135222, 0.596337360555677, 0.6516362981692319, 0.6668531467302433, 0.7771003009650206, 0.6991990634215687, 0.6012896452119726], [0.5993687140799344, 1.1812737825350432, 0.0, 0.31088764346083414, 0.6094718957695454, 0.13011183655395211, 0.2347533786581401, 0.6809823515194942, 0.40725098391703374, 0.25386736438278756, 0.00822905385914674, 0.5931477786185968, 0.6320456446350616, 0.6357299324198505, 0.7772806667951443, 0.7059329352287113, 0.6135983569407485], [0.5611553170852943, 1.1220132424263343, 0.0, 0.2756135174150506, 0.5971487694387675, 0.1298716808706777, 0.24855727402251232, 0.6813785654640183, 0.4079698733163968, 0.24290164951518767, 0.007894969482732161, 0.5998588025779488, 0.633319686637087, 0.6406800976355587, 0.7780232143244517, 0.6939642755416222, 0.6080085561284518], [-0.05735850674158938, 1.2787947315400803, 0.0, 0.26664569018607526, 0.6425611934397584, 0.12064217859937368, 0.6794084227823312, 0.6903840362729909, 0.3189563846377217, 0.2520057056121425, 0.006497131753992358, 0.605639072050931, 0.6388808220224605, 0.6609465048365407, 0.766772864740115, 0.6902104775577189, 0.5678647827088948], [1.059103735183144, 1.2377712669869556, 0.0, 0.29623372570769924, 0.629720292024017, 0.12432341088568574, 0.30617545076949637, 0.6864583761796104, 0.37705816747562815, 0.2513418143053736, 0.007225183508792421, 0.5796797633708888, 0.6353602346046903, 0.6503766724028358, 0.7704674675810219, 0.7038427784108587, 0.5969224274922373], [0.8788840572772258, 1.2462418567814493, 0.0, 0.27461291409292554, 0.6392379206379937, 0.11887927564389539, 0.5179492987334591, 0.691007546473744, 0.33708484554155715, 0.2422535302600295, 0.006889477554966383, 0.58448993704532, 0.6270940082284571, 0.6441300002773684, 0.773533038821937, 0.7099319637695254, 0.5626904929253542], [1.337675587721721, 1.2875457662297658, 0.0, 0.28530309340375504, 0.6536175012648171, 0.11434128750664826, 0.3927595287136313, 0.6918820168229097, 0.3083915308623977, 0.23842121214299494, 0.00655322669591385, 0.5598482378076315, 0.6102467442956166, 0.6205945441333296, 0.7543888375549614, 0.6902894236406601, 0.5450245401704087], [1.2858271647735728, 1.2159631343232378, 0.0, 0.31922340964410917, 0.6411192421150732, 0.11330631833094926, 0.5387903098341547, 0.6924149526785759, 0.2927400149532684, 0.2236056668354809, 0.006160242374180447, 0.5639206479864369, 0.6224693612936346, 0.5985402551137669, 0.7546336286386536, 0.6836220084074435, 0.5442936145006733]]}