{"labels_1": ["1", "2", "3", "4", "5", "6", "7", "8", "9"], "labels_2": ["1", "2", "3", "4", "5", "6", "7", "8", "9"], "adj_matrix_1": [[0.0, 0.23092, 0.12475, 0.34791, 0.08141, 0.16631, 0.00342, 0.25209, 0.01044], [0.23092, 0.0, 0.15454, 0.25021, 0.25621, 0.11337, 0.23161, 0.27159, 0.22619], [0.12475, 0.15454, 0.0, 0.34109, 0.1912, 0.05052, 0.12747, 0.30223, 0.11537], [0.34791, 0.25021, 0.34109, 0.0, 0.32082, 0.32226, 0.34732, 0.17542, 0.34978], [0.08141, 0.25621, 0.1912, 0.32082, 0.0, 0.22244, 0.07854, 0.19331, 0.09159], [0.16631, 0.11337, 0.05052, 0.32226, 0.22244, 0.0, 0.1686, 0.3047, 0.15803], [0.00342, 0.23161, 0.12747, 0.34732, 0.07854, 0.1686, 0.0, 0.25048, 0.01386], [0.25209, 0.27159, 0.30223, 0.17542, 0.19331, 0.3047, 0.25048, 0.0, 0.25858], [0.01044, 0.22619, 0.11537, 0.34978, 0.09159, 0.15803, 0.01386, 0.25858, 0.0]], "adj_matrix_2": [[0.0, 0.0455, 0.09404, 0.01743, 0.20693, 0.29752, 0.07592, 0.10256, 0.15121], [0.0455, 0.0, 0.04932, 0.06276, 0.16822, 0.29518, 0.03087, 0.0581, 0.10869], [0.09404, 0.04932, 0.0, 0.11082, 0.12345, 0.28964, 0.01848, 0.00892, 0.06074], [0.01743, 0.06276, 0.11082, 0.0, 0.22103, 0.29777, 0.09291, 0.11922, 0.16696], [0.20693, 0.16822, 0.12345, 0.22103, 0.0, 0.25593, 0.14056, 0.11518, 0.06499], [0.29752, 0.29518, 0.28964, 0.29777, 0.25593, 0.0, 0.29064, 0.2872, 0.27629], [0.07592, 0.03087, 0.01848, 0.09291, 0.14056, 0.29064, 0.0, 0.02742, 0.07895], [0.10256, 0.0581, 0.00892, 0.11922, 0.11518, 0.2872, 0.02742, 0.0, 0.05201], [0.15121, 0.10869, 0.06074, 0.16696, 0.06499, 0.27629, 0.07895, 0.05201, 0.0]], "features_1": [[0.27731769427147945, 1.0103565823430845, 0.0, 0.22355642085633134, 0.5681587993996998, 0.13082197502436288, 0.31366724948880176, 0.6821080911204926, 0.39999104837448995, 0.22453933803960013, 0.007504523810135222, 0.5978773669376483, 0.6471492149553032, 0.666203043972988, 0.7912761110958336, 0.7256736070537909, 0.6195737306877097], [1.138950208873644, 1.197975818282003, 0.0, 0.2634911227719904, 0.6215042684554837, 0.12166992935435215, 0.5174891616540762, 0.690021809851729, 0.3600280082916265, 0.24211958743662754, 0.007392832833969631, 0.5640841839657313, 0.6452198522062621, 0.6694535909207343, 0.7838018618078341, 0.7047720114067162, 0.5733672207103195], [0.5066697354249712, 1.126924811227551, 0.0, 0.2653752931031862, 0.6031173372313036, 0.12448357036921527, 0.3840630536843683, 0.6874223036346707, 0.36221647080329045, 0.23326349621378384, 0.007281081678807366, 0.5824745770539037, 0.640352007152157, 0.6244593197224894, 0.7791645156999437, 0.7107055253840382, 0.6084642535483271], [-0.0660960736310745, 1.0156008432548722, 0.0, 0.2827491868000914, 0.5718351886168926, 0.1304918789526169, 0.29745288945865056, 0.682288728154431, 0.3928030429705609, 0.22683673388559122, 0.007616154688146137, 0.6256665076626802, 0.6544814211047214, 0.6754977691212479, 0.7886612643267451, 0.7048665446204149, 0.6220675625814632], [0.00865475222966472, 1.7282400612342796, 0.0, 0.2589118532658966, 0.7185130915106956, 0.1130391027487729, 0.6015998194173143, 0.6928404957352887, 0.3113681272186042, 0.3112523585799465, 0.006272599803500922, 0.5965264610853818, 0.6278375082811172, 0.6282373361812299, 0.7662839640290138, 0.675833362569452, 0.48607362456740766], [0.5777782419445372, 1.1898472308167722, 0.0, 0.28986102563841915, 0.6213854041335017, 0.12238392554715546, 0.5222500003256776, 0.6897405814137346, 0.353832694081452, 0.24032189989646313, 0.00683347364535547, 0.5807129633028008, 0.6359110490099978, 0.6626373006288293, 0.7807633448719924, 0.7244301516530116, 0.5900284289318102], [0.03929236027956806, 1.5091420466067342, 0.0, 0.2615616471697691, 0.6710459889324027, 0.12642727789330152, 0.44451592488223424, 0.6870242407995599, 0.3691807738592152, 0.30166302989105764, 0.007001439975721224, 0.6145822475720033, 0.641452245552471, 0.6679984199938587, 0.7879809179084432, 0.7132118314164334, 0.5116700502849599], [-0.11773259012646564, 1.29783039187196, 0.0, 0.2881061980458058, 0.6523604264489042, 0.11686733692301249, 0.6061858498645464, 0.6922015463471147, 0.31132376603123135, 0.24998089859005068, 0.006272599803500922, 0.6023713967726578, 0.6537153243912668, 0.6682133904546612, 0.7739925636598005, 0.6811769377361386, 0.5362196978963535], [0.28995548378813263, 1.2616212478999569, 0.0, 0.2948680314883382, 0.6326440337056936, 0.12206093310624677, 0.44989410898647864, 0.6894770737148723, 0.3290517331468208, 0.2511285785116335, 0.006609306440138685, 0.5843383071675028, 0.6318549779365479, 0.6548559544371916, 0.7794537611107355, 0.6698118308638401, 0.5361715450640799]], "features_2": [[-0.10903021463467688, 1.1451277896796255, 0.0, 0.1832432915361172, 0.5895569300957966, 0.13778124978563144, 0.2228129978469518, 0.673525866828165, 0.42985611322283557, 0.2636185556207886, 0.007671947615560004, 0.6322124412548438, 0.6569914570989327, 0.6849155615768936, 0.7962121938566423, 0.7101618017341688, 0.6029528829564232], [-0.17031027933028975, 1.1718911764559652, 0.0, 0.22449327239710776, 0.5921271091260587, 0.1379209453571459, 0.2392598941772178, 0.6726804935518316, 0.44449035743993637, 0.27263638781384625, 0.007950687539111767, 0.6341846206196795, 0.6667244944550506, 0.6934364487135388, 0.7932527990640664, 0.6994265674628289, 0.6011074571286638], [-0.04946343228827166, 1.1579739810598875, 0.0, 0.20482601000014863, 0.5925533413482846, 0.13648027728786985, 0.19006922384693184, 0.6734213575606849, 0.4202048354107366, 0.2641546271082311, 0.007504523810135222, 0.6256587995274421, 0.638256570021568, 0.6678702230832287, 0.788946206098026, 0.7093791452786816, 0.605577617288437], [-0.07764400296272056, 1.1495065267318323, 0.0, 0.1836280024012246, 0.5984226275731294, 0.1314227795211768, 0.29123462169393194, 0.6809249821114993, 0.3858442995363194, 0.2531979877432635, 0.007225183508792421, 0.626473535058222, 0.6450298795127158, 0.6640926236250276, 0.7883369898349529, 0.696603538951576, 0.5940794399362279], [0.07796457478317587, 1.524696440201627, 0.0, 0.1824796774379546, 0.6724368404177266, 0.12380909723022204, 0.6046775465821831, 0.6887968512043442, 0.3368974306723618, 0.2946063386715765, 0.006609306440138685, 0.6056100621479303, 0.6407537951216743, 0.6587153363907359, 0.7773182786580309, 0.678739309323432, 0.5276914246208616], [0.21600087975457605, 1.1991997571772592, 0.0, 0.23866554151545322, 0.6127996120405604, 0.12889931417416098, 0.32731138187964814, 0.6833561050767853, 0.3759837788971361, 0.2581416682536273, 0.007392832833969631, 0.5954885967010326, 0.6561835032924825, 0.6911862674536672, 0.784848906286587, 0.6894207253786767, 0.6139943462752183], [0.2093307764122727, 1.6003977244592982, 0.0, 0.22732054887255593, 0.6901125516543715, 0.12033722043471398, 0.5083232249075558, 0.6903648221085781, 0.3260689294329231, 0.300553614465225, 0.006497131753992358, 0.6202096099699701, 0.6330082825568926, 0.6457246120644452, 0.7768121535285812, 0.6874195297912937, 0.504262633778308], [-0.15821489589814597, 1.5165165843467623, 0.0, 0.2312281659981527, 0.6930259695361244, 0.11135840447192574, 0.7196958543334795, 0.6930554039449024, 0.28196125574256237, 0.27614203701605455, 0.006047823865199753, 0.5937415455895922, 0.6354642787520299, 0.6515144548632079, 0.7553626882845215, 0.6542825546811877, 0.5128378814600277], [-0.039964806457004176, 1.5738203432650957, 0.0, 0.2338616213516603, 0.701655283686261, 0.10775798072630662, 0.5069649423758534, 0.6931382284575971, 0.25909551032150335, 0.27801352588022676, 0.005822803276368971, 0.5899212123583408, 0.6383084020962984, 0.6521743035407899, 0.7439669750918669, 0.6770627981907684, 0.4951805917317896]]}