{"labels_1": ["1", "2", "3", "4", "5", "6", "7", "8", "9"], "labels_2": ["1", "2", "3", "4", "5", "6", "7", "8", "9"], "adj_matrix_1": [[0.0, 0.23092, 0.12475, 0.34791, 0.08141, 0.16631, 0.00342, 0.25209, 0.01044], [0.23092, 0.0, 0.15454, 0.25021, 0.25621, 0.11337, 0.23161, 0.27159, 0.22619], [0.12475, 0.15454, 0.0, 0.34109, 0.1912, 0.05052, 0.12747, 0.30223, 0.11537], [0.34791, 0.25021, 0.34109, 0.0, 0.32082, 0.32226, 0.34732, 0.17542, 0.34978], [0.08141, 0.25621, 0.1912, 0.32082, 0.0, 0.22244, 0.07854, 0.19331, 0.09159], [0.16631, 0.11337, 0.05052, 0.32226, 0.22244, 0.0, 0.1686, 0.3047, 0.15803], [0.00342, 0.23161, 0.12747, 0.34732, 0.07854, 0.1686, 0.0, 0.25048, 0.01386], [0.25209, 0.27159, 0.30223, 0.17542, 0.19331, 0.3047, 0.25048, 0.0, 0.25858], [0.01044, 0.22619, 0.11537, 0.34978, 0.09159, 0.15803, 0.01386, 0.25858, 0.0]], "adj_matrix_2": [[0.0, 0.38799, 0.25562, 0.21615, 0.04339, 0.15992, 0.24052, 0.22789, 0.19273], [0.38799, 0.0, 0.25668, 0.29739, 0.38565, 0.33993, 0.23734, 0.28614, 0.31699], [0.25562, 0.25668, 0.0, 0.0541, 0.28, 0.12041, 0.27523, 0.03837, 0.08288], [0.21615, 0.29739, 0.0541, 0.0, 0.24562, 0.06802, 0.2778, 0.01584, 0.02927], [0.04339, 0.38565, 0.28, 0.24562, 0.0, 0.19528, 0.22139, 0.25609, 0.22497], [0.15992, 0.33993, 0.12041, 0.06802, 0.19528, 0.0, 0.27625, 0.0835, 0.03905], [0.24052, 0.23734, 0.27523, 0.2778, 0.22139, 0.27625, 0.0, 0.27703, 0.27761], [0.22789, 0.28614, 0.03837, 0.01584, 0.25609, 0.0835, 0.27703, 0.0, 0.04504], [0.19273, 0.31699, 0.08288, 0.02927, 0.22497, 0.03905, 0.27761, 0.04504, 0.0]], "features_1": [[0.27731769427147945, 1.0103565823430845, 0.0, 0.22355642085633134, 0.5681587993996998, 0.13082197502436288, 0.31366724948880176, 0.6821080911204926, 0.39999104837448995, 0.22453933803960013, 0.007504523810135222, 0.5978773669376483, 0.6471492149553032, 0.666203043972988, 0.7912761110958336, 0.7256736070537909, 0.6195737306877097], [1.138950208873644, 1.197975818282003, 0.0, 0.2634911227719904, 0.6215042684554837, 0.12166992935435215, 0.5174891616540762, 0.690021809851729, 0.3600280082916265, 0.24211958743662754, 0.007392832833969631, 0.5640841839657313, 0.6452198522062621, 0.6694535909207343, 0.7838018618078341, 0.7047720114067162, 0.5733672207103195], [0.5066697354249712, 1.126924811227551, 0.0, 0.2653752931031862, 0.6031173372313036, 0.12448357036921527, 0.3840630536843683, 0.6874223036346707, 0.36221647080329045, 0.23326349621378384, 0.007281081678807366, 0.5824745770539037, 0.640352007152157, 0.6244593197224894, 0.7791645156999437, 0.7107055253840382, 0.6084642535483271], [-0.0660960736310745, 1.0156008432548722, 0.0, 0.2827491868000914, 0.5718351886168926, 0.1304918789526169, 0.29745288945865056, 0.682288728154431, 0.3928030429705609, 0.22683673388559122, 0.007616154688146137, 0.6256665076626802, 0.6544814211047214, 0.6754977691212479, 0.7886612643267451, 0.7048665446204149, 0.6220675625814632], [0.00865475222966472, 1.7282400612342796, 0.0, 0.2589118532658966, 0.7185130915106956, 0.1130391027487729, 0.6015998194173143, 0.6928404957352887, 0.3113681272186042, 0.3112523585799465, 0.006272599803500922, 0.5965264610853818, 0.6278375082811172, 0.6282373361812299, 0.7662839640290138, 0.675833362569452, 0.48607362456740766], [0.5777782419445372, 1.1898472308167722, 0.0, 0.28986102563841915, 0.6213854041335017, 0.12238392554715546, 0.5222500003256776, 0.6897405814137346, 0.353832694081452, 0.24032189989646313, 0.00683347364535547, 0.5807129633028008, 0.6359110490099978, 0.6626373006288293, 0.7807633448719924, 0.7244301516530116, 0.5900284289318102], [0.03929236027956806, 1.5091420466067342, 0.0, 0.2615616471697691, 0.6710459889324027, 0.12642727789330152, 0.44451592488223424, 0.6870242407995599, 0.3691807738592152, 0.30166302989105764, 0.007001439975721224, 0.6145822475720033, 0.641452245552471, 0.6679984199938587, 0.7879809179084432, 0.7132118314164334, 0.5116700502849599], [-0.11773259012646564, 1.29783039187196, 0.0, 0.2881061980458058, 0.6523604264489042, 0.11686733692301249, 0.6061858498645464, 0.6922015463471147, 0.31132376603123135, 0.24998089859005068, 0.006272599803500922, 0.6023713967726578, 0.6537153243912668, 0.6682133904546612, 0.7739925636598005, 0.6811769377361386, 0.5362196978963535], [0.28995548378813263, 1.2616212478999569, 0.0, 0.2948680314883382, 0.6326440337056936, 0.12206093310624677, 0.44989410898647864, 0.6894770737148723, 0.3290517331468208, 0.2511285785116335, 0.006609306440138685, 0.5843383071675028, 0.6318549779365479, 0.6548559544371916, 0.7794537611107355, 0.6698118308638401, 0.5361715450640799]], "features_2": [[0.15123225750295344, 0.8905134017212504, 0.0, 0.2685556861417528, 0.5362779267499188, 0.1346024861543083, 0.20378545070140747, 0.6756497581033627, 0.4141450029925269, 0.20742112263666268, 0.007616154688146137, 0.6127080843517154, 0.6435772130587005, 0.6434591775563911, 0.7860144339801818, 0.6950208048889774, 0.6250291838835254], [-0.03218782535448694, 0.9791319535728398, 0.0, 0.25303032831896355, 0.5626328182548392, 0.131331504819828, 0.2418562549265552, 0.6797809104455594, 0.3901875674990747, 0.2190941931581485, 0.007448685839370306, 0.632432221132891, 0.6544557804966904, 0.6567884868171248, 0.7804977587782619, 0.7003420865668674, 0.6241533816610131], [-0.03114633058008387, 0.9985116710046974, 0.0, 0.267056898995034, 0.5725467501462609, 0.12971804110201496, 0.2601374609555542, 0.6814363036022814, 0.3870502174035333, 0.2220482231071077, 0.007448685839370306, 0.6180742248444375, 0.6571460097365059, 0.6781634213136227, 0.7771491620898886, 0.7048600558718456, 0.621376933621168], [0.24649994181422352, 0.9520345901991686, 0.0, 0.29244036455803, 0.553622435163095, 0.13296697267994292, 0.2645566498831933, 0.6775211872295841, 0.40920972207512185, 0.21535086973683937, 0.007671947615560004, 0.61378074798125, 0.63286100440343, 0.6536783746186894, 0.7792649545776782, 0.6934488216697042, 0.6171908307526385], [0.6610469445707827, 1.1555516095068177, 0.0, 0.28064680242634193, 0.6145853569231067, 0.12300604274231174, 0.5718077460074845, 0.6886568906301527, 0.3526003887358993, 0.2359512545464777, 0.00716927026363523, 0.5888304920633027, 0.6353722198664504, 0.6506895138050143, 0.7726094101882215, 0.6986339642257101, 0.5828851657076883], [0.02035229970546437, 1.0652834328373921, 0.0, 0.27406126315079726, 0.5966974307745986, 0.12490515740051317, 0.45021425928139036, 0.6869765670317123, 0.360235611391716, 0.22537377854331586, 0.007225183508792421, 0.6090206961758391, 0.654085472259354, 0.6862959699612619, 0.7748623433539931, 0.6832504740730411, 0.6038113050473101], [0.8247078877498661, 1.1469117738297718, 0.0, 0.285514761745669, 0.6049718286679652, 0.12772839067038122, 0.4483856687935351, 0.685246598275217, 0.36125022722471356, 0.2357049777864122, 0.007057398507269275, 0.5776191736984886, 0.6420878559673453, 0.6505108182646577, 0.7803856495677438, 0.6901547416628959, 0.5773296456346536], [-0.18666164725476575, 1.1592254073077108, 0.0, 0.24599205798162396, 0.6280568243538828, 0.11701753863033867, 0.8477357711513698, 0.6920779438052949, 0.31476874646365904, 0.22825117743352097, 0.00655322669591385, 0.6033544257590022, 0.6368669995523097, 0.6596867010543968, 0.7631092218539848, 0.6741531304192134, 0.5469025891853481], [-0.18005108236471346, 1.1538493729195476, 0.0, 0.2566863797790048, 0.6250652984988128, 0.11633759473952189, 0.7403032773363236, 0.6920848596990841, 0.30473133535624974, 0.22656529094677214, 0.0066653709969386465, 0.5983208803006308, 0.6485153704523925, 0.6703534874006533, 0.7633263235839979, 0.6831584232950331, 0.5458734512546384]]}