{"labels_1": ["1", "2", "3", "4", "5", "6", "7", "8", "9"], "labels_2": ["1", "2", "3", "4", "5", "6", "7", "8", "9"], "adj_matrix_1": [[0.0, 0.23092, 0.12475, 0.34791, 0.08141, 0.16631, 0.00342, 0.25209, 0.01044], [0.23092, 0.0, 0.15454, 0.25021, 0.25621, 0.11337, 0.23161, 0.27159, 0.22619], [0.12475, 0.15454, 0.0, 0.34109, 0.1912, 0.05052, 0.12747, 0.30223, 0.11537], [0.34791, 0.25021, 0.34109, 0.0, 0.32082, 0.32226, 0.34732, 0.17542, 0.34978], [0.08141, 0.25621, 0.1912, 0.32082, 0.0, 0.22244, 0.07854, 0.19331, 0.09159], [0.16631, 0.11337, 0.05052, 0.32226, 0.22244, 0.0, 0.1686, 0.3047, 0.15803], [0.00342, 0.23161, 0.12747, 0.34732, 0.07854, 0.1686, 0.0, 0.25048, 0.01386], [0.25209, 0.27159, 0.30223, 0.17542, 0.19331, 0.3047, 0.25048, 0.0, 0.25858], [0.01044, 0.22619, 0.11537, 0.34978, 0.09159, 0.15803, 0.01386, 0.25858, 0.0]], "adj_matrix_2": [[0.0, 0.06397, 0.17774, 0.15554, 0.29378, 0.29047, 0.31917, 0.06477, 0.03109], [0.06397, 0.0, 0.23318, 0.21289, 0.33159, 0.32906, 0.3491, 0.12724, 0.03302], [0.17774, 0.23318, 0.0, 0.02468, 0.15229, 0.14691, 0.19796, 0.11738, 0.20498], [0.15554, 0.21289, 0.02468, 0.0, 0.17389, 0.16876, 0.21727, 0.09371, 0.18364], [0.29378, 0.33159, 0.15229, 0.17389, 0.0, 0.00614, 0.05474, 0.24941, 0.31284], [0.29047, 0.32906, 0.14691, 0.16876, 0.00614, 0.0, 0.06078, 0.24505, 0.30967], [0.31917, 0.3491, 0.19796, 0.21727, 0.05474, 0.06078, 0.0, 0.28223, 0.33414], [0.06477, 0.12724, 0.11738, 0.09371, 0.24941, 0.24505, 0.28223, 0.0, 0.09538], [0.03109, 0.03302, 0.20498, 0.18364, 0.31284, 0.30967, 0.33414, 0.09538, 0.0]], "features_1": [[0.27731769427147945, 1.0103565823430845, 0.0, 0.22355642085633134, 0.5681587993996998, 0.13082197502436288, 0.31366724948880176, 0.6821080911204926, 0.39999104837448995, 0.22453933803960013, 0.007504523810135222, 0.5978773669376483, 0.6471492149553032, 0.666203043972988, 0.7912761110958336, 0.7256736070537909, 0.6195737306877097], [1.138950208873644, 1.197975818282003, 0.0, 0.2634911227719904, 0.6215042684554837, 0.12166992935435215, 0.5174891616540762, 0.690021809851729, 0.3600280082916265, 0.24211958743662754, 0.007392832833969631, 0.5640841839657313, 0.6452198522062621, 0.6694535909207343, 0.7838018618078341, 0.7047720114067162, 0.5733672207103195], [0.5066697354249712, 1.126924811227551, 0.0, 0.2653752931031862, 0.6031173372313036, 0.12448357036921527, 0.3840630536843683, 0.6874223036346707, 0.36221647080329045, 0.23326349621378384, 0.007281081678807366, 0.5824745770539037, 0.640352007152157, 0.6244593197224894, 0.7791645156999437, 0.7107055253840382, 0.6084642535483271], [-0.0660960736310745, 1.0156008432548722, 0.0, 0.2827491868000914, 0.5718351886168926, 0.1304918789526169, 0.29745288945865056, 0.682288728154431, 0.3928030429705609, 0.22683673388559122, 0.007616154688146137, 0.6256665076626802, 0.6544814211047214, 0.6754977691212479, 0.7886612643267451, 0.7048665446204149, 0.6220675625814632], [0.00865475222966472, 1.7282400612342796, 0.0, 0.2589118532658966, 0.7185130915106956, 0.1130391027487729, 0.6015998194173143, 0.6928404957352887, 0.3113681272186042, 0.3112523585799465, 0.006272599803500922, 0.5965264610853818, 0.6278375082811172, 0.6282373361812299, 0.7662839640290138, 0.675833362569452, 0.48607362456740766], [0.5777782419445372, 1.1898472308167722, 0.0, 0.28986102563841915, 0.6213854041335017, 0.12238392554715546, 0.5222500003256776, 0.6897405814137346, 0.353832694081452, 0.24032189989646313, 0.00683347364535547, 0.5807129633028008, 0.6359110490099978, 0.6626373006288293, 0.7807633448719924, 0.7244301516530116, 0.5900284289318102], [0.03929236027956806, 1.5091420466067342, 0.0, 0.2615616471697691, 0.6710459889324027, 0.12642727789330152, 0.44451592488223424, 0.6870242407995599, 0.3691807738592152, 0.30166302989105764, 0.007001439975721224, 0.6145822475720033, 0.641452245552471, 0.6679984199938587, 0.7879809179084432, 0.7132118314164334, 0.5116700502849599], [-0.11773259012646564, 1.29783039187196, 0.0, 0.2881061980458058, 0.6523604264489042, 0.11686733692301249, 0.6061858498645464, 0.6922015463471147, 0.31132376603123135, 0.24998089859005068, 0.006272599803500922, 0.6023713967726578, 0.6537153243912668, 0.6682133904546612, 0.7739925636598005, 0.6811769377361386, 0.5362196978963535], [0.28995548378813263, 1.2616212478999569, 0.0, 0.2948680314883382, 0.6326440337056936, 0.12206093310624677, 0.44989410898647864, 0.6894770737148723, 0.3290517331468208, 0.2511285785116335, 0.006609306440138685, 0.5843383071675028, 0.6318549779365479, 0.6548559544371916, 0.7794537611107355, 0.6698118308638401, 0.5361715450640799]], "features_2": [[-0.15527216196066984, 0.9940271480882658, 0.0, 0.18714343294968383, 0.5616461925010066, 0.1373225365447842, 0.26840920802358215, 0.6756455910868492, 0.43804386676452745, 0.23485378493924158, 0.007727725548673403, 0.6319982546425638, 0.6901593024005154, 0.7164609433472897, 0.796788269873423, 0.712990166999342, 0.6101185322850979], [-0.5341026589002085, 1.025748189890192, 0.0, 0.1944751262988654, 0.5722289466303119, 0.1329194374812634, 0.3479604564187163, 0.6807248458470059, 0.4123651871249179, 0.2356230848453018, 0.007281081678807366, 0.6347959861361969, 0.6672252704269953, 0.689824678406371, 0.7934579382687347, 0.6997962853318793, 0.608081970336545], [-0.061616966084671265, 1.078937754820202, 0.0, 0.19170421049411157, 0.5880349567125036, 0.131280237536613, 0.2627159117986729, 0.6810191592057295, 0.3981733330582107, 0.24179382852170828, 0.00716927026363523, 0.6225765173212237, 0.6611192014154321, 0.691982756989218, 0.7839877410633148, 0.6936466289696389, 0.6114208073135572], [-0.10658473825687587, 1.01793270512818, 0.0, 0.1578611314611801, 0.572663515246517, 0.1332386203933192, 0.2662395565323628, 0.6792912300209639, 0.4129979095971097, 0.23385619178310124, 0.007504523810135222, 0.6274447859234265, 0.6618410664995857, 0.6913447537288229, 0.7891500916848198, 0.685466824763464, 0.6137521219165042], [-0.13002640407477806, 1.3807433109939096, 0.0, 0.24472979537863437, 0.6527810749350706, 0.11887564311431523, 0.4349965183897687, 0.6905946156187933, 0.3381202696081753, 0.2743113396652923, 0.00716927026363523, 0.6068373069260695, 0.6512755480823849, 0.6627877582995036, 0.7710740721518219, 0.6942115038206953, 0.5266675699579731], [0.18055551140915682, 1.2139425640926775, 0.0, 0.23779815920831343, 0.6260930454115172, 0.12126031745985694, 0.33010114429252224, 0.6887741141372969, 0.34354287285526897, 0.24808749663533458, 0.0069454663283523566, 0.5963183842853856, 0.6416304467159071, 0.6684530842889479, 0.7667110433568761, 0.6712183077801414, 0.5873218659591383], [0.003324100086210535, 1.2496890697380236, 0.0, 0.19486558742391297, 0.6213721719273259, 0.12799654130283802, 0.31611608486515974, 0.6841197533955357, 0.38204915658997796, 0.266565388634906, 0.007448685839370306, 0.6210722284276275, 0.6659009859840307, 0.6921386076050605, 0.7829614159149237, 0.6951544627946881, 0.5658354664528833], [-0.30080919136661377, 1.3907851339494843, 0.0, 0.1988902768852228, 0.6697908718762479, 0.11201398901924531, 0.4115232878352785, 0.6925568993106183, 0.29127597067929334, 0.2608742913429516, 0.005991591679928909, 0.6107447701879936, 0.6453826850439602, 0.6493240792471356, 0.7486229523773095, 0.6757267782833493, 0.5041138299935464], [-0.4189315253642696, 1.2976630920962016, 0.0, 0.21602623896451773, 0.6454301051715171, 0.11625535169832518, 0.3278755600847674, 0.6909118472305315, 0.3093958208581431, 0.25614952981317596, 0.00655322669591385, 0.6150218069896716, 0.6373233474528762, 0.6463179397035538, 0.7538711416910264, 0.6472656066927104, 0.5203339021646778]]}