{"labels_1": ["1", "2", "3", "4", "5", "6", "7", "8", "9"], "labels_2": ["1", "2", "3", "4", "5", "6", "7", "8", "9"], "adj_matrix_1": [[0.0, 0.21566, 0.06863, 0.04389, 0.12614, 0.04492, 0.01993, 0.11376, 0.03207], [0.21566, 0.0, 0.16231, 0.18263, 0.10879, 0.18165, 0.20001, 0.12106, 0.23671], [0.06863, 0.16231, 0.0, 0.02512, 0.06043, 0.02406, 0.04884, 0.04717, 0.09957], [0.04389, 0.18263, 0.02512, 0.0, 0.08485, 0.00106, 0.02394, 0.07183, 0.07544], [0.12614, 0.10879, 0.06043, 0.08485, 0.0, 0.08384, 0.10753, 0.01348, 0.15505], [0.04492, 0.18165, 0.02406, 0.00106, 0.08384, 0.0, 0.02502, 0.07081, 0.07653], [0.01993, 0.20001, 0.04884, 0.02394, 0.10753, 0.02502, 0.0, 0.09486, 0.05198], [0.11376, 0.12106, 0.04717, 0.07183, 0.01348, 0.07081, 0.09486, 0.0, 0.14326], [0.03207, 0.23671, 0.09957, 0.07544, 0.15505, 0.07653, 0.05198, 0.14326, 0.0]], "adj_matrix_2": [[0.0, 0.26445, 0.11221, 0.14798, 0.25474, 0.01174, 0.10587, 0.22058, 0.1137], [0.26445, 0.0, 0.22389, 0.20246, 0.06985, 0.2614, 0.22665, 0.27544, 0.27895], [0.11221, 0.22389, 0.0, 0.04004, 0.23996, 0.10121, 0.00673, 0.29192, 0.21088], [0.14798, 0.20246, 0.04004, 0.0, 0.22818, 0.13762, 0.04663, 0.30724, 0.23774], [0.25474, 0.06985, 0.23996, 0.22818, 0.0, 0.25425, 0.24128, 0.2311, 0.24909], [0.01174, 0.2614, 0.10121, 0.13762, 0.25425, 0.0, 0.09488, 0.22954, 0.12468], [0.10587, 0.22665, 0.00673, 0.04663, 0.24128, 0.09488, 0.0, 0.28892, 0.206], [0.22058, 0.27544, 0.29192, 0.30724, 0.2311, 0.22954, 0.28892, 0.0, 0.12007], [0.1137, 0.27895, 0.21088, 0.23774, 0.24909, 0.12468, 0.206, 0.12007, 0.0]], "features_1": [[0.07814460379898636, 1.0614188909300992, 0.0, 0.27830071871759576, 0.5742571519283685, 0.12981928995312508, 0.22647869157673028, 0.6799868836473772, 0.37707678519451426, 0.23220520351489649, 0.007225183508792421, 0.606581051566391, 0.6453177842963851, 0.6603096367759281, 0.776051131045656, 0.6745877087186548, 0.600294571421163], [0.22901977881457647, 1.13317489396624, 0.0, 0.2922495796266112, 0.5997306336990245, 0.12495576837258696, 0.38506829749270965, 0.6866449636648233, 0.3531076808197178, 0.23580031155851788, 0.007001439975721224, 0.5870504549187263, 0.6527357936799648, 0.6538116634343204, 0.7823700649993371, 0.6912978893935599, 0.5852043438403863], [0.15750786550332574, 1.208473264880775, 0.0, 0.30839166492513076, 0.6137690149303128, 0.12728974066891613, 0.3389863667110191, 0.6843589299585877, 0.3623487229545388, 0.251925970818772, 0.007225183508792421, 0.5949564183276344, 0.637457534746203, 0.6567311322940745, 0.7797256472240852, 0.671735124994339, 0.5839938980738992], [0.13882878051432712, 1.2296206238770593, 0.0, 0.27063662905121383, 0.6211928888067147, 0.12419635594032001, 0.3148529623236854, 0.6863911497673715, 0.3442996444937594, 0.25166642360055946, 0.00711334193318236, 0.5965994069402205, 0.6379455471874969, 0.6620040481038248, 0.7737553104575352, 0.6719014525926947, 0.5765898726518469], [1.1353752898072855, 1.4281936071122507, 0.0, 0.24928558470175635, 0.6635302443867958, 0.11795842119507266, 0.5226883398696266, 0.6911791433937533, 0.3205675384433626, 0.2622942536711448, 0.00711334193318236, 0.5765970170779018, 0.6330450826450509, 0.6210223115027007, 0.7741630263197511, 0.6812702568318585, 0.5222506984154536], [0.27250894138189663, 1.3569971498083822, 0.0, 0.2639307395751536, 0.6525324159002686, 0.1211364351765478, 0.45873545881073596, 0.6896705240326497, 0.3316597450775738, 0.26443630166565435, 0.007001439975721224, 0.5948068137534186, 0.6358367561830885, 0.6403803128297927, 0.7756443567660819, 0.6754160848228772, 0.5549125653487401], [0.31694095428012714, 1.717385930966076, 0.0, 0.2920867975060891, 0.7173934418559489, 0.11176138106975166, 0.5086180003662143, 0.6928144012339574, 0.2876373136867425, 0.2994195962549986, 0.006047823865199753, 0.5814238730897765, 0.6388565681373504, 0.6373626629125568, 0.756532085076098, 0.6551844489709353, 0.5015565170225399], [0.5818225390218892, 1.427288195981736, 0.0, 0.2546639171521308, 0.6745499744391615, 0.11394676574778323, 0.5127815766270565, 0.692493102244168, 0.29945439008639574, 0.25954254853572634, 0.006328755639155359, 0.5788992852059609, 0.6336665318960034, 0.6207208921265391, 0.7612229450567563, 0.6757042270176643, 0.5381152402293471], [0.4991243680178443, 1.5425580024747703, 0.0, 0.24726853747616212, 0.6933078459017744, 0.11175959959202912, 0.48174099138067633, 0.6927764355163741, 0.2764180228026294, 0.2709058933011663, 0.006216428718621936, 0.5813930292916383, 0.6246320574971419, 0.6150671455062805, 0.7526819203971769, 0.6479365806926546, 0.5359290321389634]], "features_2": [[-0.07512510932861849, 1.083477508066984, 0.0, 0.2170059472513844, 0.5739670360883383, 0.13707456312213345, 0.16841241958559436, 0.6724045138781841, 0.4331646701858587, 0.2515156968875505, 0.007950687539111767, 0.6215199624578482, 0.6468416283737005, 0.6915618231622497, 0.7861171962724143, 0.6888645914245266, 0.6142355424062609], [0.3149979643689882, 1.2230133080490975, 0.0, 0.23417283777932815, 0.6114339957280823, 0.13297036504194523, 0.26827499815984834, 0.6797607550963106, 0.4079867875960299, 0.26586641055287297, 0.007281081678807366, 0.5912735071446602, 0.6417772791371326, 0.6680364467477751, 0.7872150996356482, 0.7005259297768445, 0.5893685379466743], [0.13527427575667472, 1.201585201145802, 0.0, 0.21815862943304437, 0.599625300488207, 0.1375351491291072, 0.16587617468524485, 0.6719405327462762, 0.44235912786458753, 0.269739059677073, 0.007504523810135222, 0.6086571368950411, 0.6519220292042995, 0.6589330607825955, 0.7828178710681444, 0.6935005508725042, 0.6085156286749414], [0.09793490603779453, 1.1458901311037768, 0.0, 0.21229704466755747, 0.5846908838148053, 0.13859846143454288, 0.14390304880230076, 0.6699573441407694, 0.44824106685382215, 0.2638865106637964, 0.008062078829516484, 0.6089724014503006, 0.643627001670273, 0.6582715678628779, 0.784580140278767, 0.6758139899810633, 0.611304797246473], [0.786762372648679, 1.41438526178447, 0.0, 0.31048244033947214, 0.658628367484371, 0.1245284258396505, 0.4924070022467134, 0.6884802656989962, 0.35451103883913926, 0.27805837443543124, 0.0069454663283523566, 0.5804654817383748, 0.6513626462126731, 0.6588372066283258, 0.7835065479684327, 0.6992783258038193, 0.5469539638523285], [0.2256188175837872, 1.2700926520406286, 0.0, 0.21161807871057237, 0.6203199194783284, 0.13431721073698932, 0.2941580874257511, 0.6779011111381524, 0.4204318087578025, 0.27421804274542927, 0.007727725548673403, 0.6015776762867175, 0.6420389363011086, 0.6657776498978512, 0.7833994925491727, 0.7048066263187717, 0.5956719256746649], [0.018442680505130316, 1.4616618633769032, 0.0, 0.17710971190320046, 0.6539299776586438, 0.1296035155569392, 0.3064553126013735, 0.6826462111576475, 0.37801618751377175, 0.29933290705047666, 0.0069454663283523566, 0.613212668460474, 0.6478419652898929, 0.6637061184127412, 0.7802859217959812, 0.681481148890359, 0.5687471955139696], [0.2907441735295171, 1.2046721254437083, 0.0, 0.23877933913939706, 0.6292840572319479, 0.12025698686158409, 0.7134295695473775, 0.6906466451786665, 0.3379015919011883, 0.23924030950516006, 0.007001439975721224, 0.6055020736809693, 0.6353244826967805, 0.6428129708162256, 0.7687269317438028, 0.6978349377927586, 0.5825359987661839], [-0.11456275985214859, 1.2404857044561812, 0.0, 0.2287265480481747, 0.62947027378369, 0.12235919800370441, 0.5621684022384145, 0.6890517312257954, 0.3430993379017546, 0.25293771683706456, 0.00716927026363523, 0.6151864023415916, 0.6710139271050769, 0.691393673096612, 0.7694656160502837, 0.6864219033196545, 0.5985080948008821]]}