{"labels_1": ["1", "2", "3", "4", "5", "6", "7", "8", "9"], "labels_2": ["1", "2", "3", "4", "5", "6", "7", "8", "9"], "adj_matrix_1": [[0.0, 0.21566, 0.06863, 0.04389, 0.12614, 0.04492, 0.01993, 0.11376, 0.03207], [0.21566, 0.0, 0.16231, 0.18263, 0.10879, 0.18165, 0.20001, 0.12106, 0.23671], [0.06863, 0.16231, 0.0, 0.02512, 0.06043, 0.02406, 0.04884, 0.04717, 0.09957], [0.04389, 0.18263, 0.02512, 0.0, 0.08485, 0.00106, 0.02394, 0.07183, 0.07544], [0.12614, 0.10879, 0.06043, 0.08485, 0.0, 0.08384, 0.10753, 0.01348, 0.15505], [0.04492, 0.18165, 0.02406, 0.00106, 0.08384, 0.0, 0.02502, 0.07081, 0.07653], [0.01993, 0.20001, 0.04884, 0.02394, 0.10753, 0.02502, 0.0, 0.09486, 0.05198], [0.11376, 0.12106, 0.04717, 0.07183, 0.01348, 0.07081, 0.09486, 0.0, 0.14326], [0.03207, 0.23671, 0.09957, 0.07544, 0.15505, 0.07653, 0.05198, 0.14326, 0.0]], "adj_matrix_2": [[0.0, 0.18563, 0.26939, 0.31204, 0.23623, 0.21473, 0.0011, 0.32917, 0.29832], [0.18563, 0.0, 0.11436, 0.18385, 0.06634, 0.03703, 0.18483, 0.21594, 0.1614], [0.26939, 0.11436, 0.0, 0.07533, 0.04948, 0.07866, 0.26887, 0.11175, 0.05061], [0.31204, 0.18385, 0.07533, 0.0, 0.12322, 0.15083, 0.31169, 0.03743, 0.02497], [0.23623, 0.06634, 0.04948, 0.12322, 0.0, 0.02961, 0.23574, 0.15829, 0.09924], [0.21473, 0.03703, 0.07866, 0.15083, 0.02961, 0.0, 0.21401, 0.18466, 0.12738], [0.0011, 0.18483, 0.26887, 0.31169, 0.23574, 0.21401, 0.0, 0.32941, 0.29841], [0.32917, 0.21594, 0.11175, 0.03743, 0.15829, 0.18466, 0.32941, 0.0, 0.06227], [0.29832, 0.1614, 0.05061, 0.02497, 0.09924, 0.12738, 0.29841, 0.06227, 0.0]], "features_1": [[0.07814460379898636, 1.0614188909300992, 0.0, 0.27830071871759576, 0.5742571519283685, 0.12981928995312508, 0.22647869157673028, 0.6799868836473772, 0.37707678519451426, 0.23220520351489649, 0.007225183508792421, 0.606581051566391, 0.6453177842963851, 0.6603096367759281, 0.776051131045656, 0.6745877087186548, 0.600294571421163], [0.22901977881457647, 1.13317489396624, 0.0, 0.2922495796266112, 0.5997306336990245, 0.12495576837258696, 0.38506829749270965, 0.6866449636648233, 0.3531076808197178, 0.23580031155851788, 0.007001439975721224, 0.5870504549187263, 0.6527357936799648, 0.6538116634343204, 0.7823700649993371, 0.6912978893935599, 0.5852043438403863], [0.15750786550332574, 1.208473264880775, 0.0, 0.30839166492513076, 0.6137690149303128, 0.12728974066891613, 0.3389863667110191, 0.6843589299585877, 0.3623487229545388, 0.251925970818772, 0.007225183508792421, 0.5949564183276344, 0.637457534746203, 0.6567311322940745, 0.7797256472240852, 0.671735124994339, 0.5839938980738992], [0.13882878051432712, 1.2296206238770593, 0.0, 0.27063662905121383, 0.6211928888067147, 0.12419635594032001, 0.3148529623236854, 0.6863911497673715, 0.3442996444937594, 0.25166642360055946, 0.00711334193318236, 0.5965994069402205, 0.6379455471874969, 0.6620040481038248, 0.7737553104575352, 0.6719014525926947, 0.5765898726518469], [1.1353752898072855, 1.4281936071122507, 0.0, 0.24928558470175635, 0.6635302443867958, 0.11795842119507266, 0.5226883398696266, 0.6911791433937533, 0.3205675384433626, 0.2622942536711448, 0.00711334193318236, 0.5765970170779018, 0.6330450826450509, 0.6210223115027007, 0.7741630263197511, 0.6812702568318585, 0.5222506984154536], [0.27250894138189663, 1.3569971498083822, 0.0, 0.2639307395751536, 0.6525324159002686, 0.1211364351765478, 0.45873545881073596, 0.6896705240326497, 0.3316597450775738, 0.26443630166565435, 0.007001439975721224, 0.5948068137534186, 0.6358367561830885, 0.6403803128297927, 0.7756443567660819, 0.6754160848228772, 0.5549125653487401], [0.31694095428012714, 1.717385930966076, 0.0, 0.2920867975060891, 0.7173934418559489, 0.11176138106975166, 0.5086180003662143, 0.6928144012339574, 0.2876373136867425, 0.2994195962549986, 0.006047823865199753, 0.5814238730897765, 0.6388565681373504, 0.6373626629125568, 0.756532085076098, 0.6551844489709353, 0.5015565170225399], [0.5818225390218892, 1.427288195981736, 0.0, 0.2546639171521308, 0.6745499744391615, 0.11394676574778323, 0.5127815766270565, 0.692493102244168, 0.29945439008639574, 0.25954254853572634, 0.006328755639155359, 0.5788992852059609, 0.6336665318960034, 0.6207208921265391, 0.7612229450567563, 0.6757042270176643, 0.5381152402293471], [0.4991243680178443, 1.5425580024747703, 0.0, 0.24726853747616212, 0.6933078459017744, 0.11175959959202912, 0.48174099138067633, 0.6927764355163741, 0.2764180228026294, 0.2709058933011663, 0.006216428718621936, 0.5813930292916383, 0.6246320574971419, 0.6150671455062805, 0.7526819203971769, 0.6479365806926546, 0.5359290321389634]], "features_2": [[0.27585502725742383, 0.8714419284881914, 0.0, 0.28831223335749406, 0.5335486260335405, 0.13416860917729972, 0.2526346402569736, 0.6777259935046092, 0.42619924152872213, 0.2042042164874931, 0.007894969482732161, 0.611751268292378, 0.653761271772753, 0.6820094361494893, 0.7920501907106362, 0.6927556710715072, 0.6225097497607401], [0.19738903949205255, 0.9891228549277316, 0.0, 0.2259141204633774, 0.5724757630385102, 0.1294310544734798, 0.2939370763090494, 0.6829392205799326, 0.390365063676684, 0.2188402445785489, 0.007504523810135222, 0.6129776936639124, 0.6469665324838195, 0.6776099678662887, 0.7864797499412399, 0.71459656422198, 0.6092287075678479], [0.060404721885371604, 0.9198254719181055, 0.0, 0.25980243497083655, 0.5581869840815519, 0.12775322432620584, 0.28782375092416, 0.6842861651962376, 0.3942393706512466, 0.2062757206668253, 0.007281081678807366, 0.6190234506786199, 0.6475466453557811, 0.6763336152267598, 0.7814788864846565, 0.6849338526383673, 0.6097212047449234], [0.09572047704067943, 0.8686620208849258, 0.0, 0.24527638804170757, 0.5387548898668085, 0.12987368093136642, 0.2781054735614582, 0.6824898304652603, 0.40696183328636715, 0.199626701016407, 0.007894969482732161, 0.62635406012833, 0.6724057021708664, 0.6795088835498281, 0.7857411459757621, 0.6821447453608768, 0.6146119990798798], [0.08882510790695308, 1.0718159387805288, 0.0, 0.24222623474467891, 0.6034664190825177, 0.11984723945096218, 0.46553265932017285, 0.6904945739806243, 0.3464229875895031, 0.22142533744996507, 0.006889477554966383, 0.6028505895064828, 0.6505191566001507, 0.6634023868176188, 0.7763417474294247, 0.6946578313768159, 0.597254040694096], [-0.2208891109781428, 0.9534746104227971, 0.0, 0.22292226841579382, 0.5747115485643834, 0.12342407674927941, 0.384735179978194, 0.6884618943724969, 0.36044901179294997, 0.2069055144191787, 0.007336964783822175, 0.6141223232725421, 0.6482255535523707, 0.6675130082191257, 0.7788955689628961, 0.6821467347275506, 0.6032887500722591], [0.286802851692443, 1.1578627892117683, 0.0, 0.2467352171914237, 0.619988528375641, 0.11593733670411249, 0.5033442872253993, 0.6920480194325711, 0.3116424828669522, 0.22634514018188523, 0.006216428718621936, 0.6016474568192711, 0.6432453042956985, 0.6480516391692717, 0.7698498183953777, 0.6681699930562672, 0.5571675114236393], [-0.1478906856625839, 1.1555865599341892, 0.0, 0.21567080432885802, 0.6340074787918273, 0.10794256629153157, 0.5624697195362593, 0.6931447901389609, 0.2702946759673439, 0.21508862065501844, 0.006216428718621936, 0.6034227708701891, 0.6545602400268123, 0.6595333486695996, 0.7528498869187942, 0.6808553960137691, 0.5191764140940592], [-0.2551753285046754, 1.2117589504613975, 0.0, 0.21171514452906554, 0.6493138942832056, 0.10457598940523377, 0.5394892595078374, 0.6929651114870194, 0.24612648414288496, 0.21959322927459968, 0.005935344193631176, 0.5976449984867793, 0.6476100007483867, 0.6581985688472164, 0.7400565749702573, 0.6540134503670104, 0.5019014008162322]]}