{"labels_1": ["1", "2", "3", "4", "5", "6", "7", "8", "9"], "labels_2": ["1", "2", "3", "4", "5", "6", "7", "8", "9"], "adj_matrix_1": [[0.0, 0.21566, 0.06863, 0.04389, 0.12614, 0.04492, 0.01993, 0.11376, 0.03207], [0.21566, 0.0, 0.16231, 0.18263, 0.10879, 0.18165, 0.20001, 0.12106, 0.23671], [0.06863, 0.16231, 0.0, 0.02512, 0.06043, 0.02406, 0.04884, 0.04717, 0.09957], [0.04389, 0.18263, 0.02512, 0.0, 0.08485, 0.00106, 0.02394, 0.07183, 0.07544], [0.12614, 0.10879, 0.06043, 0.08485, 0.0, 0.08384, 0.10753, 0.01348, 0.15505], [0.04492, 0.18165, 0.02406, 0.00106, 0.08384, 0.0, 0.02502, 0.07081, 0.07653], [0.01993, 0.20001, 0.04884, 0.02394, 0.10753, 0.02502, 0.0, 0.09486, 0.05198], [0.11376, 0.12106, 0.04717, 0.07183, 0.01348, 0.07081, 0.09486, 0.0, 0.14326], [0.03207, 0.23671, 0.09957, 0.07544, 0.15505, 0.07653, 0.05198, 0.14326, 0.0]], "adj_matrix_2": [[0.0, 0.0455, 0.09404, 0.01743, 0.20693, 0.29752, 0.07592, 0.10256, 0.15121], [0.0455, 0.0, 0.04932, 0.06276, 0.16822, 0.29518, 0.03087, 0.0581, 0.10869], [0.09404, 0.04932, 0.0, 0.11082, 0.12345, 0.28964, 0.01848, 0.00892, 0.06074], [0.01743, 0.06276, 0.11082, 0.0, 0.22103, 0.29777, 0.09291, 0.11922, 0.16696], [0.20693, 0.16822, 0.12345, 0.22103, 0.0, 0.25593, 0.14056, 0.11518, 0.06499], [0.29752, 0.29518, 0.28964, 0.29777, 0.25593, 0.0, 0.29064, 0.2872, 0.27629], [0.07592, 0.03087, 0.01848, 0.09291, 0.14056, 0.29064, 0.0, 0.02742, 0.07895], [0.10256, 0.0581, 0.00892, 0.11922, 0.11518, 0.2872, 0.02742, 0.0, 0.05201], [0.15121, 0.10869, 0.06074, 0.16696, 0.06499, 0.27629, 0.07895, 0.05201, 0.0]], "features_1": [[0.07814460379898636, 1.0614188909300992, 0.0, 0.27830071871759576, 0.5742571519283685, 0.12981928995312508, 0.22647869157673028, 0.6799868836473772, 0.37707678519451426, 0.23220520351489649, 0.007225183508792421, 0.606581051566391, 0.6453177842963851, 0.6603096367759281, 0.776051131045656, 0.6745877087186548, 0.600294571421163], [0.22901977881457647, 1.13317489396624, 0.0, 0.2922495796266112, 0.5997306336990245, 0.12495576837258696, 0.38506829749270965, 0.6866449636648233, 0.3531076808197178, 0.23580031155851788, 0.007001439975721224, 0.5870504549187263, 0.6527357936799648, 0.6538116634343204, 0.7823700649993371, 0.6912978893935599, 0.5852043438403863], [0.15750786550332574, 1.208473264880775, 0.0, 0.30839166492513076, 0.6137690149303128, 0.12728974066891613, 0.3389863667110191, 0.6843589299585877, 0.3623487229545388, 0.251925970818772, 0.007225183508792421, 0.5949564183276344, 0.637457534746203, 0.6567311322940745, 0.7797256472240852, 0.671735124994339, 0.5839938980738992], [0.13882878051432712, 1.2296206238770593, 0.0, 0.27063662905121383, 0.6211928888067147, 0.12419635594032001, 0.3148529623236854, 0.6863911497673715, 0.3442996444937594, 0.25166642360055946, 0.00711334193318236, 0.5965994069402205, 0.6379455471874969, 0.6620040481038248, 0.7737553104575352, 0.6719014525926947, 0.5765898726518469], [1.1353752898072855, 1.4281936071122507, 0.0, 0.24928558470175635, 0.6635302443867958, 0.11795842119507266, 0.5226883398696266, 0.6911791433937533, 0.3205675384433626, 0.2622942536711448, 0.00711334193318236, 0.5765970170779018, 0.6330450826450509, 0.6210223115027007, 0.7741630263197511, 0.6812702568318585, 0.5222506984154536], [0.27250894138189663, 1.3569971498083822, 0.0, 0.2639307395751536, 0.6525324159002686, 0.1211364351765478, 0.45873545881073596, 0.6896705240326497, 0.3316597450775738, 0.26443630166565435, 0.007001439975721224, 0.5948068137534186, 0.6358367561830885, 0.6403803128297927, 0.7756443567660819, 0.6754160848228772, 0.5549125653487401], [0.31694095428012714, 1.717385930966076, 0.0, 0.2920867975060891, 0.7173934418559489, 0.11176138106975166, 0.5086180003662143, 0.6928144012339574, 0.2876373136867425, 0.2994195962549986, 0.006047823865199753, 0.5814238730897765, 0.6388565681373504, 0.6373626629125568, 0.756532085076098, 0.6551844489709353, 0.5015565170225399], [0.5818225390218892, 1.427288195981736, 0.0, 0.2546639171521308, 0.6745499744391615, 0.11394676574778323, 0.5127815766270565, 0.692493102244168, 0.29945439008639574, 0.25954254853572634, 0.006328755639155359, 0.5788992852059609, 0.6336665318960034, 0.6207208921265391, 0.7612229450567563, 0.6757042270176643, 0.5381152402293471], [0.4991243680178443, 1.5425580024747703, 0.0, 0.24726853747616212, 0.6933078459017744, 0.11175959959202912, 0.48174099138067633, 0.6927764355163741, 0.2764180228026294, 0.2709058933011663, 0.006216428718621936, 0.5813930292916383, 0.6246320574971419, 0.6150671455062805, 0.7526819203971769, 0.6479365806926546, 0.5359290321389634]], "features_2": [[-0.10903021463467688, 1.1451277896796255, 0.0, 0.1832432915361172, 0.5895569300957966, 0.13778124978563144, 0.2228129978469518, 0.673525866828165, 0.42985611322283557, 0.2636185556207886, 0.007671947615560004, 0.6322124412548438, 0.6569914570989327, 0.6849155615768936, 0.7962121938566423, 0.7101618017341688, 0.6029528829564232], [-0.17031027933028975, 1.1718911764559652, 0.0, 0.22449327239710776, 0.5921271091260587, 0.1379209453571459, 0.2392598941772178, 0.6726804935518316, 0.44449035743993637, 0.27263638781384625, 0.007950687539111767, 0.6341846206196795, 0.6667244944550506, 0.6934364487135388, 0.7932527990640664, 0.6994265674628289, 0.6011074571286638], [-0.04946343228827166, 1.1579739810598875, 0.0, 0.20482601000014863, 0.5925533413482846, 0.13648027728786985, 0.19006922384693184, 0.6734213575606849, 0.4202048354107366, 0.2641546271082311, 0.007504523810135222, 0.6256587995274421, 0.638256570021568, 0.6678702230832287, 0.788946206098026, 0.7093791452786816, 0.605577617288437], [-0.07764400296272056, 1.1495065267318323, 0.0, 0.1836280024012246, 0.5984226275731294, 0.1314227795211768, 0.29123462169393194, 0.6809249821114993, 0.3858442995363194, 0.2531979877432635, 0.007225183508792421, 0.626473535058222, 0.6450298795127158, 0.6640926236250276, 0.7883369898349529, 0.696603538951576, 0.5940794399362279], [0.07796457478317587, 1.524696440201627, 0.0, 0.1824796774379546, 0.6724368404177266, 0.12380909723022204, 0.6046775465821831, 0.6887968512043442, 0.3368974306723618, 0.2946063386715765, 0.006609306440138685, 0.6056100621479303, 0.6407537951216743, 0.6587153363907359, 0.7773182786580309, 0.678739309323432, 0.5276914246208616], [0.21600087975457605, 1.1991997571772592, 0.0, 0.23866554151545322, 0.6127996120405604, 0.12889931417416098, 0.32731138187964814, 0.6833561050767853, 0.3759837788971361, 0.2581416682536273, 0.007392832833969631, 0.5954885967010326, 0.6561835032924825, 0.6911862674536672, 0.784848906286587, 0.6894207253786767, 0.6139943462752183], [0.2093307764122727, 1.6003977244592982, 0.0, 0.22732054887255593, 0.6901125516543715, 0.12033722043471398, 0.5083232249075558, 0.6903648221085781, 0.3260689294329231, 0.300553614465225, 0.006497131753992358, 0.6202096099699701, 0.6330082825568926, 0.6457246120644452, 0.7768121535285812, 0.6874195297912937, 0.504262633778308], [-0.15821489589814597, 1.5165165843467623, 0.0, 0.2312281659981527, 0.6930259695361244, 0.11135840447192574, 0.7196958543334795, 0.6930554039449024, 0.28196125574256237, 0.27614203701605455, 0.006047823865199753, 0.5937415455895922, 0.6354642787520299, 0.6515144548632079, 0.7553626882845215, 0.6542825546811877, 0.5128378814600277], [-0.039964806457004176, 1.5738203432650957, 0.0, 0.2338616213516603, 0.701655283686261, 0.10775798072630662, 0.5069649423758534, 0.6931382284575971, 0.25909551032150335, 0.27801352588022676, 0.005822803276368971, 0.5899212123583408, 0.6383084020962984, 0.6521743035407899, 0.7439669750918669, 0.6770627981907684, 0.4951805917317896]]}