{"labels_1": ["1", "2", "3", "4", "5", "6", "7", "8", "9"], "labels_2": ["1", "2", "3", "4", "5", "6", "7", "8", "9"], "adj_matrix_1": [[0.0, 0.21566, 0.06863, 0.04389, 0.12614, 0.04492, 0.01993, 0.11376, 0.03207], [0.21566, 0.0, 0.16231, 0.18263, 0.10879, 0.18165, 0.20001, 0.12106, 0.23671], [0.06863, 0.16231, 0.0, 0.02512, 0.06043, 0.02406, 0.04884, 0.04717, 0.09957], [0.04389, 0.18263, 0.02512, 0.0, 0.08485, 0.00106, 0.02394, 0.07183, 0.07544], [0.12614, 0.10879, 0.06043, 0.08485, 0.0, 0.08384, 0.10753, 0.01348, 0.15505], [0.04492, 0.18165, 0.02406, 0.00106, 0.08384, 0.0, 0.02502, 0.07081, 0.07653], [0.01993, 0.20001, 0.04884, 0.02394, 0.10753, 0.02502, 0.0, 0.09486, 0.05198], [0.11376, 0.12106, 0.04717, 0.07183, 0.01348, 0.07081, 0.09486, 0.0, 0.14326], [0.03207, 0.23671, 0.09957, 0.07544, 0.15505, 0.07653, 0.05198, 0.14326, 0.0]], "adj_matrix_2": [[0.0, 0.14888, 0.03968, 0.13766, 0.097, 0.19586, 0.18291, 0.17573, 0.34856], [0.14888, 0.0, 0.11166, 0.26232, 0.0545, 0.05221, 0.2928, 0.02982, 0.24123], [0.03968, 0.11166, 0.0, 0.17299, 0.05829, 0.16082, 0.21501, 0.13983, 0.32559], [0.13766, 0.26232, 0.17299, 0.0, 0.221, 0.2973, 0.05259, 0.28226, 0.39658], [0.097, 0.0545, 0.05829, 0.221, 0.0, 0.10582, 0.25776, 0.08395, 0.28534], [0.19586, 0.05221, 0.16082, 0.2973, 0.10582, 0.0, 0.3221, 0.02246, 0.19561], [0.18291, 0.2928, 0.21501, 0.05259, 0.25776, 0.3221, 0.0, 0.30993, 0.39936], [0.17573, 0.02982, 0.13983, 0.28226, 0.08395, 0.02246, 0.30993, 0.0, 0.21584], [0.34856, 0.24123, 0.32559, 0.39658, 0.28534, 0.19561, 0.39936, 0.21584, 0.0]], "features_1": [[0.07814460379898636, 1.0614188909300992, 0.0, 0.27830071871759576, 0.5742571519283685, 0.12981928995312508, 0.22647869157673028, 0.6799868836473772, 0.37707678519451426, 0.23220520351489649, 0.007225183508792421, 0.606581051566391, 0.6453177842963851, 0.6603096367759281, 0.776051131045656, 0.6745877087186548, 0.600294571421163], [0.22901977881457647, 1.13317489396624, 0.0, 0.2922495796266112, 0.5997306336990245, 0.12495576837258696, 0.38506829749270965, 0.6866449636648233, 0.3531076808197178, 0.23580031155851788, 0.007001439975721224, 0.5870504549187263, 0.6527357936799648, 0.6538116634343204, 0.7823700649993371, 0.6912978893935599, 0.5852043438403863], [0.15750786550332574, 1.208473264880775, 0.0, 0.30839166492513076, 0.6137690149303128, 0.12728974066891613, 0.3389863667110191, 0.6843589299585877, 0.3623487229545388, 0.251925970818772, 0.007225183508792421, 0.5949564183276344, 0.637457534746203, 0.6567311322940745, 0.7797256472240852, 0.671735124994339, 0.5839938980738992], [0.13882878051432712, 1.2296206238770593, 0.0, 0.27063662905121383, 0.6211928888067147, 0.12419635594032001, 0.3148529623236854, 0.6863911497673715, 0.3442996444937594, 0.25166642360055946, 0.00711334193318236, 0.5965994069402205, 0.6379455471874969, 0.6620040481038248, 0.7737553104575352, 0.6719014525926947, 0.5765898726518469], [1.1353752898072855, 1.4281936071122507, 0.0, 0.24928558470175635, 0.6635302443867958, 0.11795842119507266, 0.5226883398696266, 0.6911791433937533, 0.3205675384433626, 0.2622942536711448, 0.00711334193318236, 0.5765970170779018, 0.6330450826450509, 0.6210223115027007, 0.7741630263197511, 0.6812702568318585, 0.5222506984154536], [0.27250894138189663, 1.3569971498083822, 0.0, 0.2639307395751536, 0.6525324159002686, 0.1211364351765478, 0.45873545881073596, 0.6896705240326497, 0.3316597450775738, 0.26443630166565435, 0.007001439975721224, 0.5948068137534186, 0.6358367561830885, 0.6403803128297927, 0.7756443567660819, 0.6754160848228772, 0.5549125653487401], [0.31694095428012714, 1.717385930966076, 0.0, 0.2920867975060891, 0.7173934418559489, 0.11176138106975166, 0.5086180003662143, 0.6928144012339574, 0.2876373136867425, 0.2994195962549986, 0.006047823865199753, 0.5814238730897765, 0.6388565681373504, 0.6373626629125568, 0.756532085076098, 0.6551844489709353, 0.5015565170225399], [0.5818225390218892, 1.427288195981736, 0.0, 0.2546639171521308, 0.6745499744391615, 0.11394676574778323, 0.5127815766270565, 0.692493102244168, 0.29945439008639574, 0.25954254853572634, 0.006328755639155359, 0.5788992852059609, 0.6336665318960034, 0.6207208921265391, 0.7612229450567563, 0.6757042270176643, 0.5381152402293471], [0.4991243680178443, 1.5425580024747703, 0.0, 0.24726853747616212, 0.6933078459017744, 0.11175959959202912, 0.48174099138067633, 0.6927764355163741, 0.2764180228026294, 0.2709058933011663, 0.006216428718621936, 0.5813930292916383, 0.6246320574971419, 0.6150671455062805, 0.7526819203971769, 0.6479365806926546, 0.5359290321389634]], "features_2": [[-0.06528231371327964, 1.1068521955086414, 0.0, 0.19072128935863983, 0.5935600747600787, 0.12931406555099953, 0.31756329660928984, 0.6825128363876801, 0.39332011831580305, 0.24515287178801892, 0.007560346756364078, 0.613871730437511, 0.6578320603791776, 0.6886411307426018, 0.7825810338142549, 0.7050937540113775, 0.6054695679838339], [-0.18378512899311206, 1.2281695931653722, 0.0, 0.20281405075515335, 0.6168101497501473, 0.12971084174275588, 0.3018596128002862, 0.6829228244282668, 0.4046466532251405, 0.2702107074565756, 0.007448685839370306, 0.62956219908885, 0.679957665624736, 0.6925302985362016, 0.7861580720986567, 0.7120961469117103, 0.6006662137643264], [-0.055110011169838824, 1.2293027030042973, 0.0, 0.189369473510876, 0.6290210538339243, 0.12404030735031346, 0.345015794584009, 0.6871226607110839, 0.36389864496290736, 0.25706310694261925, 0.007336964783822175, 0.6100799940586961, 0.6482892764118001, 0.6598649894355254, 0.7745431898217977, 0.6960000849379503, 0.5932575442816814], [0.3922869706339158, 1.204118192441398, 0.0, 0.25264110008905694, 0.6263077912194785, 0.12214164428488067, 0.3745318801092708, 0.6885084671877821, 0.35782958572638757, 0.24901824649352067, 0.007448685839370306, 0.5950493914162096, 0.632488186749357, 0.6456011949729213, 0.7721665349618759, 0.6818812060875563, 0.5828958597215359], [0.12037935752038909, 1.5386258576344092, 0.0, 0.20927582863189068, 0.6765386099211028, 0.12269218952610564, 0.3914567467785176, 0.6886680016437409, 0.3526792053237504, 0.30167820347984997, 0.007336964783822175, 0.6128305008818367, 0.6579456591302367, 0.6789895952693578, 0.7740313331834305, 0.706444822727819, 0.5363345882830198], [-0.2883732845213296, 1.330360701507828, 0.0, 0.18562806382025643, 0.6543686344011139, 0.11968279103927146, 0.42521512496267844, 0.6900543225321805, 0.3410059322093204, 0.2689365819055156, 0.006609306440138685, 0.621809622710709, 0.6667506368294558, 0.6843832141224943, 0.7694006662746594, 0.6844863353198372, 0.5766471435522095], [0.04434522642792471, 1.6283126622759467, 0.0, 0.2624943747724293, 0.7041613315811543, 0.11331627918615043, 0.4727389021580734, 0.692524214786185, 0.29135849330986385, 0.29414279224243645, 0.005935344193631176, 0.5910792809325742, 0.6214377237735647, 0.6366039729813775, 0.7595847912271905, 0.6658615662936146, 0.49366256195379804], [-0.30768107719906324, 1.5375750280660336, 0.0, 0.21934278807847113, 0.700573364049477, 0.1079869405940192, 0.5487951532803365, 0.6931380779065872, 0.2695919857982241, 0.27578322377893727, 0.005822803276368971, 0.6014059845011359, 0.6368581168233008, 0.6512004280564879, 0.7457306794810536, 0.6617520285332354, 0.4974257464893231], [-0.49289098836902356, 1.5985858174692897, 0.0, 0.19780070418666654, 0.7094791025182743, 0.1075905011874127, 0.6137096173145679, 0.6931470874818477, 0.25396133162316703, 0.28054537090409126, 0.005484812216699497, 0.6124462025855915, 0.6516576817696432, 0.6581908277877133, 0.7410565212370754, 0.6607320631216945, 0.4909578977794406]]}