{"labels_1": ["1", "2", "3", "4", "5", "6", "7", "8", "9"], "labels_2": ["1", "2", "3", "4", "5", "6", "7", "8", "9"], "adj_matrix_1": [[0.0, 0.21566, 0.06863, 0.04389, 0.12614, 0.04492, 0.01993, 0.11376, 0.03207], [0.21566, 0.0, 0.16231, 0.18263, 0.10879, 0.18165, 0.20001, 0.12106, 0.23671], [0.06863, 0.16231, 0.0, 0.02512, 0.06043, 0.02406, 0.04884, 0.04717, 0.09957], [0.04389, 0.18263, 0.02512, 0.0, 0.08485, 0.00106, 0.02394, 0.07183, 0.07544], [0.12614, 0.10879, 0.06043, 0.08485, 0.0, 0.08384, 0.10753, 0.01348, 0.15505], [0.04492, 0.18165, 0.02406, 0.00106, 0.08384, 0.0, 0.02502, 0.07081, 0.07653], [0.01993, 0.20001, 0.04884, 0.02394, 0.10753, 0.02502, 0.0, 0.09486, 0.05198], [0.11376, 0.12106, 0.04717, 0.07183, 0.01348, 0.07081, 0.09486, 0.0, 0.14326], [0.03207, 0.23671, 0.09957, 0.07544, 0.15505, 0.07653, 0.05198, 0.14326, 0.0]], "adj_matrix_2": [[0.0, 0.15139, 0.00545, 0.00612, 0.03985, 0.1191, 0.30517, 0.2074, 0.00188], [0.15139, 0.0, 0.15632, 0.15693, 0.18667, 0.03498, 0.22268, 0.06598, 0.14959], [0.00545, 0.15632, 0.0, 0.00066, 0.03445, 0.12426, 0.30709, 0.2119, 0.00734], [0.00612, 0.15693, 0.00066, 0.0, 0.03377, 0.12488, 0.30747, 0.21237, 0.008], [0.03985, 0.18667, 0.03445, 0.03377, 0.0, 0.15613, 0.31845, 0.2388, 0.04176], [0.1191, 0.03498, 0.12426, 0.12488, 0.15613, 0.0, 0.245, 0.09984, 0.1173], [0.30517, 0.22268, 0.30709, 0.30747, 0.31845, 0.245, 0.0, 0.17346, 0.30382], [0.2074, 0.06598, 0.2119, 0.21237, 0.2388, 0.09984, 0.17346, 0.0, 0.20598], [0.00188, 0.14959, 0.00734, 0.008, 0.04176, 0.1173, 0.30382, 0.20598, 0.0]], "features_1": [[0.07814460379898636, 1.0614188909300992, 0.0, 0.27830071871759576, 0.5742571519283685, 0.12981928995312508, 0.22647869157673028, 0.6799868836473772, 0.37707678519451426, 0.23220520351489649, 0.007225183508792421, 0.606581051566391, 0.6453177842963851, 0.6603096367759281, 0.776051131045656, 0.6745877087186548, 0.600294571421163], [0.22901977881457647, 1.13317489396624, 0.0, 0.2922495796266112, 0.5997306336990245, 0.12495576837258696, 0.38506829749270965, 0.6866449636648233, 0.3531076808197178, 0.23580031155851788, 0.007001439975721224, 0.5870504549187263, 0.6527357936799648, 0.6538116634343204, 0.7823700649993371, 0.6912978893935599, 0.5852043438403863], [0.15750786550332574, 1.208473264880775, 0.0, 0.30839166492513076, 0.6137690149303128, 0.12728974066891613, 0.3389863667110191, 0.6843589299585877, 0.3623487229545388, 0.251925970818772, 0.007225183508792421, 0.5949564183276344, 0.637457534746203, 0.6567311322940745, 0.7797256472240852, 0.671735124994339, 0.5839938980738992], [0.13882878051432712, 1.2296206238770593, 0.0, 0.27063662905121383, 0.6211928888067147, 0.12419635594032001, 0.3148529623236854, 0.6863911497673715, 0.3442996444937594, 0.25166642360055946, 0.00711334193318236, 0.5965994069402205, 0.6379455471874969, 0.6620040481038248, 0.7737553104575352, 0.6719014525926947, 0.5765898726518469], [1.1353752898072855, 1.4281936071122507, 0.0, 0.24928558470175635, 0.6635302443867958, 0.11795842119507266, 0.5226883398696266, 0.6911791433937533, 0.3205675384433626, 0.2622942536711448, 0.00711334193318236, 0.5765970170779018, 0.6330450826450509, 0.6210223115027007, 0.7741630263197511, 0.6812702568318585, 0.5222506984154536], [0.27250894138189663, 1.3569971498083822, 0.0, 0.2639307395751536, 0.6525324159002686, 0.1211364351765478, 0.45873545881073596, 0.6896705240326497, 0.3316597450775738, 0.26443630166565435, 0.007001439975721224, 0.5948068137534186, 0.6358367561830885, 0.6403803128297927, 0.7756443567660819, 0.6754160848228772, 0.5549125653487401], [0.31694095428012714, 1.717385930966076, 0.0, 0.2920867975060891, 0.7173934418559489, 0.11176138106975166, 0.5086180003662143, 0.6928144012339574, 0.2876373136867425, 0.2994195962549986, 0.006047823865199753, 0.5814238730897765, 0.6388565681373504, 0.6373626629125568, 0.756532085076098, 0.6551844489709353, 0.5015565170225399], [0.5818225390218892, 1.427288195981736, 0.0, 0.2546639171521308, 0.6745499744391615, 0.11394676574778323, 0.5127815766270565, 0.692493102244168, 0.29945439008639574, 0.25954254853572634, 0.006328755639155359, 0.5788992852059609, 0.6336665318960034, 0.6207208921265391, 0.7612229450567563, 0.6757042270176643, 0.5381152402293471], [0.4991243680178443, 1.5425580024747703, 0.0, 0.24726853747616212, 0.6933078459017744, 0.11175959959202912, 0.48174099138067633, 0.6927764355163741, 0.2764180228026294, 0.2709058933011663, 0.006216428718621936, 0.5813930292916383, 0.6246320574971419, 0.6150671455062805, 0.7526819203971769, 0.6479365806926546, 0.5359290321389634]], "features_2": [[0.022965040082381982, 0.9315755085108306, 0.0, 0.21309274427969746, 0.5409810902041992, 0.13238976006083847, 0.158925000612507, 0.6762093995763562, 0.38642027534308454, 0.21198161339382193, 0.007560346756364078, 0.6178640707012863, 0.6423112832069178, 0.6639876516710899, 0.7733918794805871, 0.6937568307242602, 0.5926913535547214], [0.15291887601485765, 1.0698350260866263, 0.0, 0.2515657874098659, 0.5771578892600785, 0.12918645144305246, 0.1995806483706815, 0.6801960884455721, 0.3725598355719306, 0.232674964559902, 0.007560346756364078, 0.6081883217919359, 0.6350886952739425, 0.6510490123216415, 0.7704118379185636, 0.6872114098658086, 0.5912025872937975], [0.1650983324803148, 1.0559642857873566, 0.0, 0.20911512007820918, 0.5797456620711273, 0.12727876223859072, 0.20506294174318782, 0.6824687128076294, 0.35165276495628617, 0.22520958302073302, 0.00683347364535547, 0.6157537940482953, 0.6213805423099393, 0.640930098577831, 0.767628899743798, 0.6761131536379393, 0.5950999348143295], [0.22366615474761709, 0.9660607350687793, 0.0, 0.2262594748427334, 0.5588989219887872, 0.1291590246963911, 0.22661025947668847, 0.6815301960995361, 0.3677563952577976, 0.2118372076118209, 0.00716927026363523, 0.6127955110030356, 0.6321758106638538, 0.6446388903892297, 0.7754323749209053, 0.6867902279336467, 0.5959715566277596], [0.32817432677555214, 1.2980424704124869, 0.0, 0.2718797638077867, 0.6354624389563132, 0.11964262777216908, 0.40767025771681203, 0.6893464464465355, 0.33058118458884067, 0.2522074365508493, 0.0066653709969386465, 0.6101480474844445, 0.6377505003802221, 0.6328054331100579, 0.7691347579857498, 0.6768983715745195, 0.5684793426823767], [0.32247491472982137, 1.1385165153267203, 0.0, 0.21856629686761006, 0.6044078070000796, 0.12279776737313045, 0.31708385710356596, 0.6874579588877715, 0.3373568221423455, 0.2321261998109203, 0.00677745458930179, 0.6043867959045122, 0.6414948452429676, 0.6620954647597063, 0.7699443010229801, 0.6949573329707014, 0.5945261540522849], [0.445599971270497, 0.9969032636592138, 0.0, 0.222115198747076, 0.5763096745458116, 0.1256507286157171, 0.3964244312402826, 0.687242467446703, 0.3564521976041526, 0.2130874749321916, 0.00683347364535547, 0.5918540214551786, 0.646898379397246, 0.6796622352665475, 0.7864521972779713, 0.7004062324111028, 0.5790765898112357], [-0.018925724895968887, 1.3246812377554078, 0.0, 0.23861750102618412, 0.6509939228021441, 0.11462222784489617, 0.4154391892644199, 0.6918566609192863, 0.2993594485407036, 0.2514843673090583, 0.006104040759826512, 0.5970340806340917, 0.6480868929503378, 0.6514386058793318, 0.7575411195455464, 0.6931958392767849, 0.5378936412805473], [-0.3543374770924874, 1.2454372187295417, 0.0, 0.22774868709412383, 0.6326608239464047, 0.11789766769280453, 0.418825662078806, 0.6909245671320341, 0.3070017548616575, 0.24745913504719685, 0.006216428718621936, 0.6021280979949812, 0.6314342824833212, 0.6463026022424347, 0.7671141573674826, 0.682695393231667, 0.544645988821781]]}