{"labels_1": ["1", "2", "3", "4", "5", "6", "7", "8", "9"], "labels_2": ["1", "2", "3", "4", "5", "6", "7", "8", "9"], "adj_matrix_1": [[0.0, 0.21566, 0.06863, 0.04389, 0.12614, 0.04492, 0.01993, 0.11376, 0.03207], [0.21566, 0.0, 0.16231, 0.18263, 0.10879, 0.18165, 0.20001, 0.12106, 0.23671], [0.06863, 0.16231, 0.0, 0.02512, 0.06043, 0.02406, 0.04884, 0.04717, 0.09957], [0.04389, 0.18263, 0.02512, 0.0, 0.08485, 0.00106, 0.02394, 0.07183, 0.07544], [0.12614, 0.10879, 0.06043, 0.08485, 0.0, 0.08384, 0.10753, 0.01348, 0.15505], [0.04492, 0.18165, 0.02406, 0.00106, 0.08384, 0.0, 0.02502, 0.07081, 0.07653], [0.01993, 0.20001, 0.04884, 0.02394, 0.10753, 0.02502, 0.0, 0.09486, 0.05198], [0.11376, 0.12106, 0.04717, 0.07183, 0.01348, 0.07081, 0.09486, 0.0, 0.14326], [0.03207, 0.23671, 0.09957, 0.07544, 0.15505, 0.07653, 0.05198, 0.14326, 0.0]], "adj_matrix_2": [[0.0, 0.05051, 0.06834, 0.08482, 0.24245, 0.05833, 0.37108, 0.14065, 0.16659], [0.05051, 0.0, 0.01825, 0.13184, 0.27206, 0.10686, 0.37185, 0.18319, 0.20641], [0.06834, 0.01825, 0.0, 0.14781, 0.28086, 0.12358, 0.37032, 0.19713, 0.21929], [0.08482, 0.13184, 0.14781, 0.0, 0.17721, 0.02724, 0.35025, 0.05967, 0.08859], [0.24245, 0.27206, 0.28086, 0.17721, 0.0, 0.19968, 0.23337, 0.12348, 0.09529], [0.05833, 0.10686, 0.12358, 0.02724, 0.19968, 0.0, 0.35981, 0.08618, 0.11445], [0.37108, 0.37185, 0.37032, 0.35025, 0.23337, 0.35981, 0.0, 0.32166, 0.30427], [0.14065, 0.18319, 0.19713, 0.05967, 0.12348, 0.08618, 0.32166, 0.0, 0.02966], [0.16659, 0.20641, 0.21929, 0.08859, 0.09529, 0.11445, 0.30427, 0.02966, 0.0]], "features_1": [[0.07814460379898636, 1.0614188909300992, 0.0, 0.27830071871759576, 0.5742571519283685, 0.12981928995312508, 0.22647869157673028, 0.6799868836473772, 0.37707678519451426, 0.23220520351489649, 0.007225183508792421, 0.606581051566391, 0.6453177842963851, 0.6603096367759281, 0.776051131045656, 0.6745877087186548, 0.600294571421163], [0.22901977881457647, 1.13317489396624, 0.0, 0.2922495796266112, 0.5997306336990245, 0.12495576837258696, 0.38506829749270965, 0.6866449636648233, 0.3531076808197178, 0.23580031155851788, 0.007001439975721224, 0.5870504549187263, 0.6527357936799648, 0.6538116634343204, 0.7823700649993371, 0.6912978893935599, 0.5852043438403863], [0.15750786550332574, 1.208473264880775, 0.0, 0.30839166492513076, 0.6137690149303128, 0.12728974066891613, 0.3389863667110191, 0.6843589299585877, 0.3623487229545388, 0.251925970818772, 0.007225183508792421, 0.5949564183276344, 0.637457534746203, 0.6567311322940745, 0.7797256472240852, 0.671735124994339, 0.5839938980738992], [0.13882878051432712, 1.2296206238770593, 0.0, 0.27063662905121383, 0.6211928888067147, 0.12419635594032001, 0.3148529623236854, 0.6863911497673715, 0.3442996444937594, 0.25166642360055946, 0.00711334193318236, 0.5965994069402205, 0.6379455471874969, 0.6620040481038248, 0.7737553104575352, 0.6719014525926947, 0.5765898726518469], [1.1353752898072855, 1.4281936071122507, 0.0, 0.24928558470175635, 0.6635302443867958, 0.11795842119507266, 0.5226883398696266, 0.6911791433937533, 0.3205675384433626, 0.2622942536711448, 0.00711334193318236, 0.5765970170779018, 0.6330450826450509, 0.6210223115027007, 0.7741630263197511, 0.6812702568318585, 0.5222506984154536], [0.27250894138189663, 1.3569971498083822, 0.0, 0.2639307395751536, 0.6525324159002686, 0.1211364351765478, 0.45873545881073596, 0.6896705240326497, 0.3316597450775738, 0.26443630166565435, 0.007001439975721224, 0.5948068137534186, 0.6358367561830885, 0.6403803128297927, 0.7756443567660819, 0.6754160848228772, 0.5549125653487401], [0.31694095428012714, 1.717385930966076, 0.0, 0.2920867975060891, 0.7173934418559489, 0.11176138106975166, 0.5086180003662143, 0.6928144012339574, 0.2876373136867425, 0.2994195962549986, 0.006047823865199753, 0.5814238730897765, 0.6388565681373504, 0.6373626629125568, 0.756532085076098, 0.6551844489709353, 0.5015565170225399], [0.5818225390218892, 1.427288195981736, 0.0, 0.2546639171521308, 0.6745499744391615, 0.11394676574778323, 0.5127815766270565, 0.692493102244168, 0.29945439008639574, 0.25954254853572634, 0.006328755639155359, 0.5788992852059609, 0.6336665318960034, 0.6207208921265391, 0.7612229450567563, 0.6757042270176643, 0.5381152402293471], [0.4991243680178443, 1.5425580024747703, 0.0, 0.24726853747616212, 0.6933078459017744, 0.11175959959202912, 0.48174099138067633, 0.6927764355163741, 0.2764180228026294, 0.2709058933011663, 0.006216428718621936, 0.5813930292916383, 0.6246320574971419, 0.6150671455062805, 0.7526819203971769, 0.6479365806926546, 0.5359290321389634]], "features_2": [[-0.10060929526168838, 1.256920968749601, 0.0, 0.23242022764109102, 0.6355316155154918, 0.11959056081667105, 0.3379978473985659, 0.6895752647970919, 0.32958101854647204, 0.25381309584642864, 0.0066653709969386465, 0.5972567139892748, 0.6483975071049378, 0.6673852735342719, 0.7637958736222836, 0.6859133416701091, 0.5954994804669415], [0.2988844954957095, 1.3001458181704841, 0.0, 0.22454097843309356, 0.6412639965543709, 0.1208796688061424, 0.30610927862663573, 0.6885967812287151, 0.32935577526511106, 0.2583777288261495, 0.00655322669591385, 0.5831824893632289, 0.6324169192794207, 0.6564319093639278, 0.7634670435894777, 0.6986739836805854, 0.5877099294868674], [0.03928604354851695, 1.4465660201851964, 0.0, 0.25778601245469596, 0.6727365054977692, 0.11645699483203639, 0.3663174439202315, 0.6910257146400761, 0.3180334924635484, 0.2761991234618628, 0.0064410216040902135, 0.5927101706048277, 0.6456904642960591, 0.6550573824189564, 0.7562892136988769, 0.6719496266237464, 0.5801239808580062], [-0.15544031883760878, 1.3859434440652643, 0.0, 0.2434806457487476, 0.6619745432755673, 0.11658092862907143, 0.37395759134105333, 0.6909641661520594, 0.31765806980863376, 0.26790067181331456, 0.0066653709969386465, 0.6040230407889344, 0.6469417888963266, 0.667972399841249, 0.7557537330412827, 0.6822621672617093, 0.5824660500438404], [-0.2524559331685525, 1.326011115949567, 0.0, 0.22668765963046442, 0.6540305227840933, 0.11731001783074506, 0.41504437192233185, 0.6910793005621334, 0.3203363904006611, 0.2595852998324062, 0.006609306440138685, 0.6001127608215047, 0.6507402321367564, 0.6765737587813285, 0.7653870745293968, 0.6816514646181164, 0.5620908795384644], [0.029191720537340426, 1.4819259368724913, 0.0, 0.26338091997816643, 0.6794680800004821, 0.11633605647528127, 0.4129888500671349, 0.6913920871779771, 0.3248692299970415, 0.28170843051594585, 0.0064410216040902135, 0.5992228406193558, 0.6446789791225592, 0.6568005203258676, 0.7603161716014337, 0.6826613825915859, 0.5751961334187474], [-0.40376571537249006, 1.5403487208846094, 0.0, 0.21203180313667097, 0.6876529531601545, 0.11505364587803156, 0.4387697022246158, 0.691848088465862, 0.2927323772341026, 0.2858149406348276, 0.006104040759826512, 0.6250358150899231, 0.6475627526146248, 0.6557657986340696, 0.7608711675595635, 0.6817289121100009, 0.5703374457926659], [-0.3784815791195455, 1.2893821345687848, 0.0, 0.2631414826763151, 0.654201111475181, 0.11003281614287386, 0.39298318475518884, 0.6927770052385411, 0.27548722905062606, 0.24416076083640847, 0.006104040759826512, 0.5972737509878625, 0.6338127551126091, 0.6553156100361127, 0.7405309066976944, 0.6467830321244867, 0.5622794336052339], [-0.3505698020147414, 1.4329695691291515, 0.0, 0.2646958507755471, 0.6791620767825642, 0.10856729455968597, 0.4464557676652852, 0.6930282371456923, 0.26611188455082413, 0.26361086562302316, 0.006047823865199753, 0.5921619229837383, 0.6183010969821494, 0.6265970262605153, 0.739521332844319, 0.667267955900865, 0.562301882929212]]}