{"labels_1": ["1", "2", "3", "4", "5", "6", "7", "8", "9"], "labels_2": ["1", "2", "3", "4", "5", "6", "7", "8", "9"], "adj_matrix_1": [[0.0, 0.21566, 0.06863, 0.04389, 0.12614, 0.04492, 0.01993, 0.11376, 0.03207], [0.21566, 0.0, 0.16231, 0.18263, 0.10879, 0.18165, 0.20001, 0.12106, 0.23671], [0.06863, 0.16231, 0.0, 0.02512, 0.06043, 0.02406, 0.04884, 0.04717, 0.09957], [0.04389, 0.18263, 0.02512, 0.0, 0.08485, 0.00106, 0.02394, 0.07183, 0.07544], [0.12614, 0.10879, 0.06043, 0.08485, 0.0, 0.08384, 0.10753, 0.01348, 0.15505], [0.04492, 0.18165, 0.02406, 0.00106, 0.08384, 0.0, 0.02502, 0.07081, 0.07653], [0.01993, 0.20001, 0.04884, 0.02394, 0.10753, 0.02502, 0.0, 0.09486, 0.05198], [0.11376, 0.12106, 0.04717, 0.07183, 0.01348, 0.07081, 0.09486, 0.0, 0.14326], [0.03207, 0.23671, 0.09957, 0.07544, 0.15505, 0.07653, 0.05198, 0.14326, 0.0]], "adj_matrix_2": [[0.0, 0.10799, 0.02371, 0.03757, 0.15242, 0.10947, 0.25689, 0.14298, 0.1347], [0.10799, 0.0, 0.13003, 0.07184, 0.23676, 0.00156, 0.25518, 0.22978, 0.22359], [0.02371, 0.13003, 0.0, 0.061, 0.13172, 0.13147, 0.25497, 0.12181, 0.11319], [0.03757, 0.07184, 0.061, 0.0, 0.1836, 0.07336, 0.25813, 0.17492, 0.16728], [0.15242, 0.23676, 0.13172, 0.1836, 0.0, 0.23779, 0.22132, 0.01119, 0.02065], [0.10947, 0.00156, 0.13147, 0.07336, 0.23779, 0.0, 0.25508, 0.23087, 0.22472], [0.25689, 0.25518, 0.25497, 0.25813, 0.22132, 0.25508, 0.0, 0.22583, 0.22929], [0.14298, 0.22978, 0.12181, 0.17492, 0.01119, 0.23087, 0.22583, 0.0, 0.00948], [0.1347, 0.22359, 0.11319, 0.16728, 0.02065, 0.22472, 0.22929, 0.00948, 0.0]], "features_1": [[0.07814460379898636, 1.0614188909300992, 0.0, 0.27830071871759576, 0.5742571519283685, 0.12981928995312508, 0.22647869157673028, 0.6799868836473772, 0.37707678519451426, 0.23220520351489649, 0.007225183508792421, 0.606581051566391, 0.6453177842963851, 0.6603096367759281, 0.776051131045656, 0.6745877087186548, 0.600294571421163], [0.22901977881457647, 1.13317489396624, 0.0, 0.2922495796266112, 0.5997306336990245, 0.12495576837258696, 0.38506829749270965, 0.6866449636648233, 0.3531076808197178, 0.23580031155851788, 0.007001439975721224, 0.5870504549187263, 0.6527357936799648, 0.6538116634343204, 0.7823700649993371, 0.6912978893935599, 0.5852043438403863], [0.15750786550332574, 1.208473264880775, 0.0, 0.30839166492513076, 0.6137690149303128, 0.12728974066891613, 0.3389863667110191, 0.6843589299585877, 0.3623487229545388, 0.251925970818772, 0.007225183508792421, 0.5949564183276344, 0.637457534746203, 0.6567311322940745, 0.7797256472240852, 0.671735124994339, 0.5839938980738992], [0.13882878051432712, 1.2296206238770593, 0.0, 0.27063662905121383, 0.6211928888067147, 0.12419635594032001, 0.3148529623236854, 0.6863911497673715, 0.3442996444937594, 0.25166642360055946, 0.00711334193318236, 0.5965994069402205, 0.6379455471874969, 0.6620040481038248, 0.7737553104575352, 0.6719014525926947, 0.5765898726518469], [1.1353752898072855, 1.4281936071122507, 0.0, 0.24928558470175635, 0.6635302443867958, 0.11795842119507266, 0.5226883398696266, 0.6911791433937533, 0.3205675384433626, 0.2622942536711448, 0.00711334193318236, 0.5765970170779018, 0.6330450826450509, 0.6210223115027007, 0.7741630263197511, 0.6812702568318585, 0.5222506984154536], [0.27250894138189663, 1.3569971498083822, 0.0, 0.2639307395751536, 0.6525324159002686, 0.1211364351765478, 0.45873545881073596, 0.6896705240326497, 0.3316597450775738, 0.26443630166565435, 0.007001439975721224, 0.5948068137534186, 0.6358367561830885, 0.6403803128297927, 0.7756443567660819, 0.6754160848228772, 0.5549125653487401], [0.31694095428012714, 1.717385930966076, 0.0, 0.2920867975060891, 0.7173934418559489, 0.11176138106975166, 0.5086180003662143, 0.6928144012339574, 0.2876373136867425, 0.2994195962549986, 0.006047823865199753, 0.5814238730897765, 0.6388565681373504, 0.6373626629125568, 0.756532085076098, 0.6551844489709353, 0.5015565170225399], [0.5818225390218892, 1.427288195981736, 0.0, 0.2546639171521308, 0.6745499744391615, 0.11394676574778323, 0.5127815766270565, 0.692493102244168, 0.29945439008639574, 0.25954254853572634, 0.006328755639155359, 0.5788992852059609, 0.6336665318960034, 0.6207208921265391, 0.7612229450567563, 0.6757042270176643, 0.5381152402293471], [0.4991243680178443, 1.5425580024747703, 0.0, 0.24726853747616212, 0.6933078459017744, 0.11175959959202912, 0.48174099138067633, 0.6927764355163741, 0.2764180228026294, 0.2709058933011663, 0.006216428718621936, 0.5813930292916383, 0.6246320574971419, 0.6150671455062805, 0.7526819203971769, 0.6479365806926546, 0.5359290321389634]], "features_2": [[0.0018302832181493756, 0.9155860314148188, 0.0, 0.224707362931934, 0.532341245725331, 0.1434831055446534, 0.18563909725915764, 0.6659119790085455, 0.470351520144052, 0.22570294361036414, 0.008340296057933516, 0.6198906473300752, 0.6643012415755044, 0.6888348484026728, 0.7990329341203608, 0.6949808333939625, 0.6191564938494318], [-0.05097063312717731, 1.035780125865984, 0.0, 0.20882182075491598, 0.5650329281133429, 0.13780624756900312, 0.22268190050152867, 0.6736995446734679, 0.4359720514422456, 0.2428139087008354, 0.00783923647221818, 0.6194888356391246, 0.6542894122401363, 0.6900437784359471, 0.7922425268088688, 0.7008874826235468, 0.5961360143215938], [0.05983893633543458, 0.9762568515980771, 0.0, 0.21335170016412694, 0.5541403450896919, 0.1416220673463851, 0.2118827424273441, 0.6689619613593567, 0.4610004731364348, 0.23370488206036089, 0.007783488497544067, 0.6220880676825096, 0.6557061435422362, 0.6818792633421876, 0.7958605772791552, 0.6937930003914818, 0.624279926020488], [0.31448526687089995, 0.9702211436112088, 0.0, 0.1985327600200273, 0.5560020842640667, 0.13596415181936236, 0.3141878071353233, 0.6773443912602297, 0.42411265065916837, 0.22163513242679644, 0.007504523810135222, 0.6059035625706612, 0.6482550683332103, 0.6628590315576374, 0.7927580501439304, 0.7082498729209539, 0.6148620495874374], [0.4475411345968383, 1.2647540919370097, 0.0, 0.2201404029969388, 0.6296314014496741, 0.12194962189642544, 0.38464255209437326, 0.6891915717388823, 0.33461951609198803, 0.25123346062875695, 0.006328755639155359, 0.5931355932617657, 0.6270449909086752, 0.6520502279041226, 0.7741246865202787, 0.7000604086186935, 0.5448906201434051], [0.07298620019047153, 1.0088588170033088, 0.0, 0.20075550414927615, 0.573198148767049, 0.13217594885180847, 0.354635982691687, 0.6820795837735154, 0.4035676431507582, 0.22602297769860558, 0.007783488497544067, 0.6159151563660112, 0.6687107334851399, 0.6842941088069093, 0.7928952857410889, 0.7054130215287332, 0.6164204274013099], [0.8289675394171598, 1.2170706675577134, 0.0, 0.2776243650682584, 0.6293914884600058, 0.11738131725832515, 0.5381719115296327, 0.691605550520934, 0.33057020711010177, 0.23783965836992937, 0.006721420376576193, 0.5803982560884537, 0.6432798007648706, 0.6437346565179268, 0.7693390953675312, 0.6857751629268853, 0.5322875540316663], [0.36940585195868003, 1.0879194065259365, 0.0, 0.2801902739952048, 0.6047483883816107, 0.11423665774377365, 0.4297927320303536, 0.6920079408375845, 0.29145039239301473, 0.21158737100210856, 0.006609306440138685, 0.5781436456316893, 0.6470958010317972, 0.6610159023771521, 0.7539487826118163, 0.6879024761151593, 0.5554722836154025], [0.5938460557904821, 1.1097839252104322, 0.0, 0.285263211181872, 0.6107553833956021, 0.11309149383516555, 0.4567226531052057, 0.6923763625407098, 0.30152286450114363, 0.21395947424394435, 0.006721420376576193, 0.5742607435772931, 0.6447317294256657, 0.6540832046329009, 0.7527210066471514, 0.6738959903556904, 0.5375718811978999]]}