{"labels_1": ["1", "2", "3", "4", "5", "6", "7", "8", "9"], "labels_2": ["1", "2", "3", "4", "5", "6", "7", "8", "9"], "adj_matrix_1": [[0.0, 0.22428, 0.17646, 0.07161, 0.24761, 0.23798, 0.24747, 0.25181, 0.2548], [0.22428, 0.0, 0.09336, 0.19478, 0.25169, 0.0443, 0.09068, 0.22721, 0.17876], [0.17646, 0.09336, 0.0, 0.1245, 0.28841, 0.13338, 0.17268, 0.27329, 0.24039], [0.07161, 0.19478, 0.1245, 0.0, 0.28013, 0.21971, 0.24098, 0.27846, 0.26987], [0.24761, 0.25169, 0.28841, 0.28013, 0.0, 0.2244, 0.18877, 0.03723, 0.10021], [0.23798, 0.0443, 0.13338, 0.21971, 0.2244, 0.0, 0.04775, 0.19607, 0.14192], [0.24747, 0.09068, 0.17268, 0.24098, 0.18877, 0.04775, 0.0, 0.15702, 0.09811], [0.25181, 0.22721, 0.27329, 0.27846, 0.03723, 0.19607, 0.15702, 0.0, 0.06403], [0.2548, 0.17876, 0.24039, 0.26987, 0.10021, 0.14192, 0.09811, 0.06403, 0.0]], "adj_matrix_2": [[0.0, 0.14888, 0.03968, 0.13766, 0.097, 0.19586, 0.18291, 0.17573, 0.34856], [0.14888, 0.0, 0.11166, 0.26232, 0.0545, 0.05221, 0.2928, 0.02982, 0.24123], [0.03968, 0.11166, 0.0, 0.17299, 0.05829, 0.16082, 0.21501, 0.13983, 0.32559], [0.13766, 0.26232, 0.17299, 0.0, 0.221, 0.2973, 0.05259, 0.28226, 0.39658], [0.097, 0.0545, 0.05829, 0.221, 0.0, 0.10582, 0.25776, 0.08395, 0.28534], [0.19586, 0.05221, 0.16082, 0.2973, 0.10582, 0.0, 0.3221, 0.02246, 0.19561], [0.18291, 0.2928, 0.21501, 0.05259, 0.25776, 0.3221, 0.0, 0.30993, 0.39936], [0.17573, 0.02982, 0.13983, 0.28226, 0.08395, 0.02246, 0.30993, 0.0, 0.21584], [0.34856, 0.24123, 0.32559, 0.39658, 0.28534, 0.19561, 0.39936, 0.21584, 0.0]], "features_1": [[0.900497236259465, 1.0577225028594202, 0.0, 0.2425485413670812, 0.5815684278284942, 0.1324312728620802, 0.20162888563505987, 0.6781107952429596, 0.4173372193294047, 0.23262940993326908, 0.007727725548673403, 0.5809196995489232, 0.6296164440913251, 0.6507061060145453, 0.7759498644310464, 0.6975992925489133, 0.5812439185086878], [0.6073253311687754, 1.107701922024776, 0.0, 0.2285125483991025, 0.5925853753567534, 0.13319890443149884, 0.2223302273338305, 0.6781066356905541, 0.4318236083445379, 0.24622197218417763, 0.007727725548673403, 0.6045811288921796, 0.6153555160901318, 0.6419313438909463, 0.780614101928679, 0.6928188105080926, 0.603338489443436], [0.8381088479036385, 1.225576040893745, 0.0, 0.22535648630344945, 0.6172574513858786, 0.13245009690283915, 0.21454316388753442, 0.6784374000112017, 0.4082401384163652, 0.25991638395758376, 0.007392832833969631, 0.585896519982569, 0.6303070242524877, 0.6546355882340327, 0.7754022616026178, 0.7044811926767091, 0.5851090492583588], [1.3448983532928036, 1.1609858055096018, 0.0, 0.2773887241393863, 0.607059055343247, 0.13059066860683252, 0.246081494314425, 0.6808178542276163, 0.4015554091871374, 0.24433836456647517, 0.00716927026363523, 0.5704373642261287, 0.6311818704590799, 0.6405291764515828, 0.7755531927817242, 0.6932879099429813, 0.5773444518574514], [0.22093987677091542, 1.3198537303870452, 0.0, 0.2444716588733663, 0.6515353544453663, 0.11930417085322652, 0.4756511216604252, 0.690744139415976, 0.3290736257128317, 0.25889419224018373, 0.006384896235913207, 0.6003474354286671, 0.6489694111124692, 0.6532918153862081, 0.7730016871017735, 0.664830973693377, 0.5478545401445581], [0.6672086752498454, 1.276050302281889, 0.0, 0.23142065523632352, 0.6343378144195294, 0.12752066805505252, 0.2693528220419907, 0.6838046508499882, 0.36762454817819634, 0.2580227519475502, 0.006721420376576193, 0.5848596401642472, 0.6269791914682946, 0.6330921763273724, 0.77327248938695, 0.6689662725738996, 0.567722782947294], [0.29584708090427236, 1.4154029455938504, 0.0, 0.19836219667058494, 0.6567965781273273, 0.1257548087711225, 0.38047494594271425, 0.6863831660814029, 0.35519526243524635, 0.280368836562634, 0.007057398507269275, 0.5969259296003555, 0.6362484998265769, 0.6487862934762483, 0.7764660685514932, 0.6921319318808443, 0.5519210750876121], [0.2427710657558011, 1.1960174290447818, 0.0, 0.2476565990740936, 0.6215788740779558, 0.12039495738800476, 0.3340538666000299, 0.688576009350766, 0.33479986221254077, 0.2401979255144866, 0.006272599803500922, 0.5993518033526799, 0.6252036629896826, 0.6480738536657866, 0.7622953969414327, 0.6831343205951784, 0.5728900694512029], [0.0962384502023359, 1.2557956347271317, 0.0, 0.24396623265180398, 0.6321552195646718, 0.12017725191595995, 0.339756581848912, 0.6886882738255863, 0.3308007109722415, 0.24942703353823537, 0.00683347364535547, 0.6081981754253327, 0.6320233201794907, 0.6477842748510203, 0.7611975452345017, 0.6718716634633275, 0.5665227026112075]], "features_2": [[-0.06528231371327964, 1.1068521955086414, 0.0, 0.19072128935863983, 0.5935600747600787, 0.12931406555099953, 0.31756329660928984, 0.6825128363876801, 0.39332011831580305, 0.24515287178801892, 0.007560346756364078, 0.613871730437511, 0.6578320603791776, 0.6886411307426018, 0.7825810338142549, 0.7050937540113775, 0.6054695679838339], [-0.18378512899311206, 1.2281695931653722, 0.0, 0.20281405075515335, 0.6168101497501473, 0.12971084174275588, 0.3018596128002862, 0.6829228244282668, 0.4046466532251405, 0.2702107074565756, 0.007448685839370306, 0.62956219908885, 0.679957665624736, 0.6925302985362016, 0.7861580720986567, 0.7120961469117103, 0.6006662137643264], [-0.055110011169838824, 1.2293027030042973, 0.0, 0.189369473510876, 0.6290210538339243, 0.12404030735031346, 0.345015794584009, 0.6871226607110839, 0.36389864496290736, 0.25706310694261925, 0.007336964783822175, 0.6100799940586961, 0.6482892764118001, 0.6598649894355254, 0.7745431898217977, 0.6960000849379503, 0.5932575442816814], [0.3922869706339158, 1.204118192441398, 0.0, 0.25264110008905694, 0.6263077912194785, 0.12214164428488067, 0.3745318801092708, 0.6885084671877821, 0.35782958572638757, 0.24901824649352067, 0.007448685839370306, 0.5950493914162096, 0.632488186749357, 0.6456011949729213, 0.7721665349618759, 0.6818812060875563, 0.5828958597215359], [0.12037935752038909, 1.5386258576344092, 0.0, 0.20927582863189068, 0.6765386099211028, 0.12269218952610564, 0.3914567467785176, 0.6886680016437409, 0.3526792053237504, 0.30167820347984997, 0.007336964783822175, 0.6128305008818367, 0.6579456591302367, 0.6789895952693578, 0.7740313331834305, 0.706444822727819, 0.5363345882830198], [-0.2883732845213296, 1.330360701507828, 0.0, 0.18562806382025643, 0.6543686344011139, 0.11968279103927146, 0.42521512496267844, 0.6900543225321805, 0.3410059322093204, 0.2689365819055156, 0.006609306440138685, 0.621809622710709, 0.6667506368294558, 0.6843832141224943, 0.7694006662746594, 0.6844863353198372, 0.5766471435522095], [0.04434522642792471, 1.6283126622759467, 0.0, 0.2624943747724293, 0.7041613315811543, 0.11331627918615043, 0.4727389021580734, 0.692524214786185, 0.29135849330986385, 0.29414279224243645, 0.005935344193631176, 0.5910792809325742, 0.6214377237735647, 0.6366039729813775, 0.7595847912271905, 0.6658615662936146, 0.49366256195379804], [-0.30768107719906324, 1.5375750280660336, 0.0, 0.21934278807847113, 0.700573364049477, 0.1079869405940192, 0.5487951532803365, 0.6931380779065872, 0.2695919857982241, 0.27578322377893727, 0.005822803276368971, 0.6014059845011359, 0.6368581168233008, 0.6512004280564879, 0.7457306794810536, 0.6617520285332354, 0.4974257464893231], [-0.49289098836902356, 1.5985858174692897, 0.0, 0.19780070418666654, 0.7094791025182743, 0.1075905011874127, 0.6137096173145679, 0.6931470874818477, 0.25396133162316703, 0.28054537090409126, 0.005484812216699497, 0.6124462025855915, 0.6516576817696432, 0.6581908277877133, 0.7410565212370754, 0.6607320631216945, 0.4909578977794406]]}