{"labels_1": ["1", "2", "3", "4", "5", "6", "7", "8", "9"], "labels_2": ["1", "2", "3", "4", "5", "6", "7", "8", "9"], "adj_matrix_1": [[0.0, 0.22428, 0.17646, 0.07161, 0.24761, 0.23798, 0.24747, 0.25181, 0.2548], [0.22428, 0.0, 0.09336, 0.19478, 0.25169, 0.0443, 0.09068, 0.22721, 0.17876], [0.17646, 0.09336, 0.0, 0.1245, 0.28841, 0.13338, 0.17268, 0.27329, 0.24039], [0.07161, 0.19478, 0.1245, 0.0, 0.28013, 0.21971, 0.24098, 0.27846, 0.26987], [0.24761, 0.25169, 0.28841, 0.28013, 0.0, 0.2244, 0.18877, 0.03723, 0.10021], [0.23798, 0.0443, 0.13338, 0.21971, 0.2244, 0.0, 0.04775, 0.19607, 0.14192], [0.24747, 0.09068, 0.17268, 0.24098, 0.18877, 0.04775, 0.0, 0.15702, 0.09811], [0.25181, 0.22721, 0.27329, 0.27846, 0.03723, 0.19607, 0.15702, 0.0, 0.06403], [0.2548, 0.17876, 0.24039, 0.26987, 0.10021, 0.14192, 0.09811, 0.06403, 0.0]], "adj_matrix_2": [[0.0, 0.38799, 0.25562, 0.21615, 0.04339, 0.15992, 0.24052, 0.22789, 0.19273], [0.38799, 0.0, 0.25668, 0.29739, 0.38565, 0.33993, 0.23734, 0.28614, 0.31699], [0.25562, 0.25668, 0.0, 0.0541, 0.28, 0.12041, 0.27523, 0.03837, 0.08288], [0.21615, 0.29739, 0.0541, 0.0, 0.24562, 0.06802, 0.2778, 0.01584, 0.02927], [0.04339, 0.38565, 0.28, 0.24562, 0.0, 0.19528, 0.22139, 0.25609, 0.22497], [0.15992, 0.33993, 0.12041, 0.06802, 0.19528, 0.0, 0.27625, 0.0835, 0.03905], [0.24052, 0.23734, 0.27523, 0.2778, 0.22139, 0.27625, 0.0, 0.27703, 0.27761], [0.22789, 0.28614, 0.03837, 0.01584, 0.25609, 0.0835, 0.27703, 0.0, 0.04504], [0.19273, 0.31699, 0.08288, 0.02927, 0.22497, 0.03905, 0.27761, 0.04504, 0.0]], "features_1": [[0.900497236259465, 1.0577225028594202, 0.0, 0.2425485413670812, 0.5815684278284942, 0.1324312728620802, 0.20162888563505987, 0.6781107952429596, 0.4173372193294047, 0.23262940993326908, 0.007727725548673403, 0.5809196995489232, 0.6296164440913251, 0.6507061060145453, 0.7759498644310464, 0.6975992925489133, 0.5812439185086878], [0.6073253311687754, 1.107701922024776, 0.0, 0.2285125483991025, 0.5925853753567534, 0.13319890443149884, 0.2223302273338305, 0.6781066356905541, 0.4318236083445379, 0.24622197218417763, 0.007727725548673403, 0.6045811288921796, 0.6153555160901318, 0.6419313438909463, 0.780614101928679, 0.6928188105080926, 0.603338489443436], [0.8381088479036385, 1.225576040893745, 0.0, 0.22535648630344945, 0.6172574513858786, 0.13245009690283915, 0.21454316388753442, 0.6784374000112017, 0.4082401384163652, 0.25991638395758376, 0.007392832833969631, 0.585896519982569, 0.6303070242524877, 0.6546355882340327, 0.7754022616026178, 0.7044811926767091, 0.5851090492583588], [1.3448983532928036, 1.1609858055096018, 0.0, 0.2773887241393863, 0.607059055343247, 0.13059066860683252, 0.246081494314425, 0.6808178542276163, 0.4015554091871374, 0.24433836456647517, 0.00716927026363523, 0.5704373642261287, 0.6311818704590799, 0.6405291764515828, 0.7755531927817242, 0.6932879099429813, 0.5773444518574514], [0.22093987677091542, 1.3198537303870452, 0.0, 0.2444716588733663, 0.6515353544453663, 0.11930417085322652, 0.4756511216604252, 0.690744139415976, 0.3290736257128317, 0.25889419224018373, 0.006384896235913207, 0.6003474354286671, 0.6489694111124692, 0.6532918153862081, 0.7730016871017735, 0.664830973693377, 0.5478545401445581], [0.6672086752498454, 1.276050302281889, 0.0, 0.23142065523632352, 0.6343378144195294, 0.12752066805505252, 0.2693528220419907, 0.6838046508499882, 0.36762454817819634, 0.2580227519475502, 0.006721420376576193, 0.5848596401642472, 0.6269791914682946, 0.6330921763273724, 0.77327248938695, 0.6689662725738996, 0.567722782947294], [0.29584708090427236, 1.4154029455938504, 0.0, 0.19836219667058494, 0.6567965781273273, 0.1257548087711225, 0.38047494594271425, 0.6863831660814029, 0.35519526243524635, 0.280368836562634, 0.007057398507269275, 0.5969259296003555, 0.6362484998265769, 0.6487862934762483, 0.7764660685514932, 0.6921319318808443, 0.5519210750876121], [0.2427710657558011, 1.1960174290447818, 0.0, 0.2476565990740936, 0.6215788740779558, 0.12039495738800476, 0.3340538666000299, 0.688576009350766, 0.33479986221254077, 0.2401979255144866, 0.006272599803500922, 0.5993518033526799, 0.6252036629896826, 0.6480738536657866, 0.7622953969414327, 0.6831343205951784, 0.5728900694512029], [0.0962384502023359, 1.2557956347271317, 0.0, 0.24396623265180398, 0.6321552195646718, 0.12017725191595995, 0.339756581848912, 0.6886882738255863, 0.3308007109722415, 0.24942703353823537, 0.00683347364535547, 0.6081981754253327, 0.6320233201794907, 0.6477842748510203, 0.7611975452345017, 0.6718716634633275, 0.5665227026112075]], "features_2": [[0.15123225750295344, 0.8905134017212504, 0.0, 0.2685556861417528, 0.5362779267499188, 0.1346024861543083, 0.20378545070140747, 0.6756497581033627, 0.4141450029925269, 0.20742112263666268, 0.007616154688146137, 0.6127080843517154, 0.6435772130587005, 0.6434591775563911, 0.7860144339801818, 0.6950208048889774, 0.6250291838835254], [-0.03218782535448694, 0.9791319535728398, 0.0, 0.25303032831896355, 0.5626328182548392, 0.131331504819828, 0.2418562549265552, 0.6797809104455594, 0.3901875674990747, 0.2190941931581485, 0.007448685839370306, 0.632432221132891, 0.6544557804966904, 0.6567884868171248, 0.7804977587782619, 0.7003420865668674, 0.6241533816610131], [-0.03114633058008387, 0.9985116710046974, 0.0, 0.267056898995034, 0.5725467501462609, 0.12971804110201496, 0.2601374609555542, 0.6814363036022814, 0.3870502174035333, 0.2220482231071077, 0.007448685839370306, 0.6180742248444375, 0.6571460097365059, 0.6781634213136227, 0.7771491620898886, 0.7048600558718456, 0.621376933621168], [0.24649994181422352, 0.9520345901991686, 0.0, 0.29244036455803, 0.553622435163095, 0.13296697267994292, 0.2645566498831933, 0.6775211872295841, 0.40920972207512185, 0.21535086973683937, 0.007671947615560004, 0.61378074798125, 0.63286100440343, 0.6536783746186894, 0.7792649545776782, 0.6934488216697042, 0.6171908307526385], [0.6610469445707827, 1.1555516095068177, 0.0, 0.28064680242634193, 0.6145853569231067, 0.12300604274231174, 0.5718077460074845, 0.6886568906301527, 0.3526003887358993, 0.2359512545464777, 0.00716927026363523, 0.5888304920633027, 0.6353722198664504, 0.6506895138050143, 0.7726094101882215, 0.6986339642257101, 0.5828851657076883], [0.02035229970546437, 1.0652834328373921, 0.0, 0.27406126315079726, 0.5966974307745986, 0.12490515740051317, 0.45021425928139036, 0.6869765670317123, 0.360235611391716, 0.22537377854331586, 0.007225183508792421, 0.6090206961758391, 0.654085472259354, 0.6862959699612619, 0.7748623433539931, 0.6832504740730411, 0.6038113050473101], [0.8247078877498661, 1.1469117738297718, 0.0, 0.285514761745669, 0.6049718286679652, 0.12772839067038122, 0.4483856687935351, 0.685246598275217, 0.36125022722471356, 0.2357049777864122, 0.007057398507269275, 0.5776191736984886, 0.6420878559673453, 0.6505108182646577, 0.7803856495677438, 0.6901547416628959, 0.5773296456346536], [-0.18666164725476575, 1.1592254073077108, 0.0, 0.24599205798162396, 0.6280568243538828, 0.11701753863033867, 0.8477357711513698, 0.6920779438052949, 0.31476874646365904, 0.22825117743352097, 0.00655322669591385, 0.6033544257590022, 0.6368669995523097, 0.6596867010543968, 0.7631092218539848, 0.6741531304192134, 0.5469025891853481], [-0.18005108236471346, 1.1538493729195476, 0.0, 0.2566863797790048, 0.6250652984988128, 0.11633759473952189, 0.7403032773363236, 0.6920848596990841, 0.30473133535624974, 0.22656529094677214, 0.0066653709969386465, 0.5983208803006308, 0.6485153704523925, 0.6703534874006533, 0.7633263235839979, 0.6831584232950331, 0.5458734512546384]]}