{"labels_1": ["1", "2", "3", "4", "5", "6", "7", "8", "9"], "labels_2": ["1", "2", "3", "4", "5", "6", "7", "8", "9"], "adj_matrix_1": [[0.0, 0.22428, 0.17646, 0.07161, 0.24761, 0.23798, 0.24747, 0.25181, 0.2548], [0.22428, 0.0, 0.09336, 0.19478, 0.25169, 0.0443, 0.09068, 0.22721, 0.17876], [0.17646, 0.09336, 0.0, 0.1245, 0.28841, 0.13338, 0.17268, 0.27329, 0.24039], [0.07161, 0.19478, 0.1245, 0.0, 0.28013, 0.21971, 0.24098, 0.27846, 0.26987], [0.24761, 0.25169, 0.28841, 0.28013, 0.0, 0.2244, 0.18877, 0.03723, 0.10021], [0.23798, 0.0443, 0.13338, 0.21971, 0.2244, 0.0, 0.04775, 0.19607, 0.14192], [0.24747, 0.09068, 0.17268, 0.24098, 0.18877, 0.04775, 0.0, 0.15702, 0.09811], [0.25181, 0.22721, 0.27329, 0.27846, 0.03723, 0.19607, 0.15702, 0.0, 0.06403], [0.2548, 0.17876, 0.24039, 0.26987, 0.10021, 0.14192, 0.09811, 0.06403, 0.0]], "adj_matrix_2": [[0.0, 0.10799, 0.02371, 0.03757, 0.15242, 0.10947, 0.25689, 0.14298, 0.1347], [0.10799, 0.0, 0.13003, 0.07184, 0.23676, 0.00156, 0.25518, 0.22978, 0.22359], [0.02371, 0.13003, 0.0, 0.061, 0.13172, 0.13147, 0.25497, 0.12181, 0.11319], [0.03757, 0.07184, 0.061, 0.0, 0.1836, 0.07336, 0.25813, 0.17492, 0.16728], [0.15242, 0.23676, 0.13172, 0.1836, 0.0, 0.23779, 0.22132, 0.01119, 0.02065], [0.10947, 0.00156, 0.13147, 0.07336, 0.23779, 0.0, 0.25508, 0.23087, 0.22472], [0.25689, 0.25518, 0.25497, 0.25813, 0.22132, 0.25508, 0.0, 0.22583, 0.22929], [0.14298, 0.22978, 0.12181, 0.17492, 0.01119, 0.23087, 0.22583, 0.0, 0.00948], [0.1347, 0.22359, 0.11319, 0.16728, 0.02065, 0.22472, 0.22929, 0.00948, 0.0]], "features_1": [[0.900497236259465, 1.0577225028594202, 0.0, 0.2425485413670812, 0.5815684278284942, 0.1324312728620802, 0.20162888563505987, 0.6781107952429596, 0.4173372193294047, 0.23262940993326908, 0.007727725548673403, 0.5809196995489232, 0.6296164440913251, 0.6507061060145453, 0.7759498644310464, 0.6975992925489133, 0.5812439185086878], [0.6073253311687754, 1.107701922024776, 0.0, 0.2285125483991025, 0.5925853753567534, 0.13319890443149884, 0.2223302273338305, 0.6781066356905541, 0.4318236083445379, 0.24622197218417763, 0.007727725548673403, 0.6045811288921796, 0.6153555160901318, 0.6419313438909463, 0.780614101928679, 0.6928188105080926, 0.603338489443436], [0.8381088479036385, 1.225576040893745, 0.0, 0.22535648630344945, 0.6172574513858786, 0.13245009690283915, 0.21454316388753442, 0.6784374000112017, 0.4082401384163652, 0.25991638395758376, 0.007392832833969631, 0.585896519982569, 0.6303070242524877, 0.6546355882340327, 0.7754022616026178, 0.7044811926767091, 0.5851090492583588], [1.3448983532928036, 1.1609858055096018, 0.0, 0.2773887241393863, 0.607059055343247, 0.13059066860683252, 0.246081494314425, 0.6808178542276163, 0.4015554091871374, 0.24433836456647517, 0.00716927026363523, 0.5704373642261287, 0.6311818704590799, 0.6405291764515828, 0.7755531927817242, 0.6932879099429813, 0.5773444518574514], [0.22093987677091542, 1.3198537303870452, 0.0, 0.2444716588733663, 0.6515353544453663, 0.11930417085322652, 0.4756511216604252, 0.690744139415976, 0.3290736257128317, 0.25889419224018373, 0.006384896235913207, 0.6003474354286671, 0.6489694111124692, 0.6532918153862081, 0.7730016871017735, 0.664830973693377, 0.5478545401445581], [0.6672086752498454, 1.276050302281889, 0.0, 0.23142065523632352, 0.6343378144195294, 0.12752066805505252, 0.2693528220419907, 0.6838046508499882, 0.36762454817819634, 0.2580227519475502, 0.006721420376576193, 0.5848596401642472, 0.6269791914682946, 0.6330921763273724, 0.77327248938695, 0.6689662725738996, 0.567722782947294], [0.29584708090427236, 1.4154029455938504, 0.0, 0.19836219667058494, 0.6567965781273273, 0.1257548087711225, 0.38047494594271425, 0.6863831660814029, 0.35519526243524635, 0.280368836562634, 0.007057398507269275, 0.5969259296003555, 0.6362484998265769, 0.6487862934762483, 0.7764660685514932, 0.6921319318808443, 0.5519210750876121], [0.2427710657558011, 1.1960174290447818, 0.0, 0.2476565990740936, 0.6215788740779558, 0.12039495738800476, 0.3340538666000299, 0.688576009350766, 0.33479986221254077, 0.2401979255144866, 0.006272599803500922, 0.5993518033526799, 0.6252036629896826, 0.6480738536657866, 0.7622953969414327, 0.6831343205951784, 0.5728900694512029], [0.0962384502023359, 1.2557956347271317, 0.0, 0.24396623265180398, 0.6321552195646718, 0.12017725191595995, 0.339756581848912, 0.6886882738255863, 0.3308007109722415, 0.24942703353823537, 0.00683347364535547, 0.6081981754253327, 0.6320233201794907, 0.6477842748510203, 0.7611975452345017, 0.6718716634633275, 0.5665227026112075]], "features_2": [[0.0018302832181493756, 0.9155860314148188, 0.0, 0.224707362931934, 0.532341245725331, 0.1434831055446534, 0.18563909725915764, 0.6659119790085455, 0.470351520144052, 0.22570294361036414, 0.008340296057933516, 0.6198906473300752, 0.6643012415755044, 0.6888348484026728, 0.7990329341203608, 0.6949808333939625, 0.6191564938494318], [-0.05097063312717731, 1.035780125865984, 0.0, 0.20882182075491598, 0.5650329281133429, 0.13780624756900312, 0.22268190050152867, 0.6736995446734679, 0.4359720514422456, 0.2428139087008354, 0.00783923647221818, 0.6194888356391246, 0.6542894122401363, 0.6900437784359471, 0.7922425268088688, 0.7008874826235468, 0.5961360143215938], [0.05983893633543458, 0.9762568515980771, 0.0, 0.21335170016412694, 0.5541403450896919, 0.1416220673463851, 0.2118827424273441, 0.6689619613593567, 0.4610004731364348, 0.23370488206036089, 0.007783488497544067, 0.6220880676825096, 0.6557061435422362, 0.6818792633421876, 0.7958605772791552, 0.6937930003914818, 0.624279926020488], [0.31448526687089995, 0.9702211436112088, 0.0, 0.1985327600200273, 0.5560020842640667, 0.13596415181936236, 0.3141878071353233, 0.6773443912602297, 0.42411265065916837, 0.22163513242679644, 0.007504523810135222, 0.6059035625706612, 0.6482550683332103, 0.6628590315576374, 0.7927580501439304, 0.7082498729209539, 0.6148620495874374], [0.4475411345968383, 1.2647540919370097, 0.0, 0.2201404029969388, 0.6296314014496741, 0.12194962189642544, 0.38464255209437326, 0.6891915717388823, 0.33461951609198803, 0.25123346062875695, 0.006328755639155359, 0.5931355932617657, 0.6270449909086752, 0.6520502279041226, 0.7741246865202787, 0.7000604086186935, 0.5448906201434051], [0.07298620019047153, 1.0088588170033088, 0.0, 0.20075550414927615, 0.573198148767049, 0.13217594885180847, 0.354635982691687, 0.6820795837735154, 0.4035676431507582, 0.22602297769860558, 0.007783488497544067, 0.6159151563660112, 0.6687107334851399, 0.6842941088069093, 0.7928952857410889, 0.7054130215287332, 0.6164204274013099], [0.8289675394171598, 1.2170706675577134, 0.0, 0.2776243650682584, 0.6293914884600058, 0.11738131725832515, 0.5381719115296327, 0.691605550520934, 0.33057020711010177, 0.23783965836992937, 0.006721420376576193, 0.5803982560884537, 0.6432798007648706, 0.6437346565179268, 0.7693390953675312, 0.6857751629268853, 0.5322875540316663], [0.36940585195868003, 1.0879194065259365, 0.0, 0.2801902739952048, 0.6047483883816107, 0.11423665774377365, 0.4297927320303536, 0.6920079408375845, 0.29145039239301473, 0.21158737100210856, 0.006609306440138685, 0.5781436456316893, 0.6470958010317972, 0.6610159023771521, 0.7539487826118163, 0.6879024761151593, 0.5554722836154025], [0.5938460557904821, 1.1097839252104322, 0.0, 0.285263211181872, 0.6107553833956021, 0.11309149383516555, 0.4567226531052057, 0.6923763625407098, 0.30152286450114363, 0.21395947424394435, 0.006721420376576193, 0.5742607435772931, 0.6447317294256657, 0.6540832046329009, 0.7527210066471514, 0.6738959903556904, 0.5375718811978999]]}