{"labels_1": ["1", "2", "3", "4", "5", "6", "7", "8", "9"], "labels_2": ["1", "2", "3", "4", "5", "6", "7", "8", "9"], "adj_matrix_1": [[0.0, 0.20489, 0.18176, 0.17419, 0.15521, 0.14864, 0.19232, 0.20305, 0.19799], [0.20489, 0.0, 0.09854, 0.11054, 0.13313, 0.14018, 0.07617, 0.03587, 0.0598], [0.18176, 0.09854, 0.0, 0.01468, 0.04487, 0.05445, 0.02541, 0.06659, 0.04292], [0.17419, 0.11054, 0.01468, 0.0, 0.0305, 0.04022, 0.03983, 0.07999, 0.05702], [0.15521, 0.13313, 0.04487, 0.0305, 0.0, 0.0098, 0.06925, 0.10662, 0.08542], [0.14864, 0.14018, 0.05445, 0.04022, 0.0098, 0.0, 0.07827, 0.11454, 0.09407], [0.19232, 0.07617, 0.02541, 0.03983, 0.06925, 0.07827, 0.0, 0.04237, 0.01781], [0.20305, 0.03587, 0.06659, 0.07999, 0.10662, 0.11454, 0.04237, 0.0, 0.02486], [0.19799, 0.0598, 0.04292, 0.05702, 0.08542, 0.09407, 0.01781, 0.02486, 0.0]], "adj_matrix_2": [[0.0, 0.18563, 0.26939, 0.31204, 0.23623, 0.21473, 0.0011, 0.32917, 0.29832], [0.18563, 0.0, 0.11436, 0.18385, 0.06634, 0.03703, 0.18483, 0.21594, 0.1614], [0.26939, 0.11436, 0.0, 0.07533, 0.04948, 0.07866, 0.26887, 0.11175, 0.05061], [0.31204, 0.18385, 0.07533, 0.0, 0.12322, 0.15083, 0.31169, 0.03743, 0.02497], [0.23623, 0.06634, 0.04948, 0.12322, 0.0, 0.02961, 0.23574, 0.15829, 0.09924], [0.21473, 0.03703, 0.07866, 0.15083, 0.02961, 0.0, 0.21401, 0.18466, 0.12738], [0.0011, 0.18483, 0.26887, 0.31169, 0.23574, 0.21401, 0.0, 0.32941, 0.29841], [0.32917, 0.21594, 0.11175, 0.03743, 0.15829, 0.18466, 0.32941, 0.0, 0.06227], [0.29832, 0.1614, 0.05061, 0.02497, 0.09924, 0.12738, 0.29841, 0.06227, 0.0]], "features_1": [[1.088418512658727, 1.23037463482812, 0.0, 0.23899828500950973, 0.5852474503840983, 0.1516195578592008, 0.14981803085092693, 0.6531469193076895, 0.4911343871770202, 0.2829610111730445, 0.008451478759474051, 0.5930074048371661, 0.6339142787494388, 0.6482945401641071, 0.8188274774064314, 0.7083162876880773, 0.6313584505053667], [2.016224010942608, 1.3751069850561592, 0.0, 0.29818324437936905, 0.6251461738803161, 0.14626771248940024, 0.3523494599457827, 0.6715871048837381, 0.43734222548050705, 0.2870383496375164, 0.007671947615560004, 0.5666512397367236, 0.6439781922325517, 0.6265931654079141, 0.8326307152697455, 0.71693797773311, 0.620584608827546], [1.5363775707139693, 1.3304932657083766, 0.0, 0.24782382406350173, 0.6064934354121473, 0.1509396262589986, 0.18355961027978013, 0.6569459717849737, 0.47568898318713204, 0.29530368624467696, 0.008006390651371653, 0.579487948224815, 0.6377047713971108, 0.6391107853352144, 0.822536262824678, 0.7205600174073843, 0.6298836460966439], [1.6841636328472003, 1.284651192242564, 0.0, 0.2656740876226627, 0.5975612870132357, 0.15065129577915282, 0.19054085785593955, 0.6573659319861097, 0.4642231986462715, 0.2838817749256841, 0.007727725548673403, 0.5751411227447436, 0.6204258200925036, 0.6186282266581088, 0.8225961404292066, 0.6994203997189994, 0.6286291793000036], [1.7714373915477424, 1.6800888205506563, 0.0, 0.2450694769102669, 0.6865175555939966, 0.13267969648301306, 0.5201603953684873, 0.6852105517812084, 0.3545516587533475, 0.304408831020784, 0.006889477554966383, 0.5592648949902175, 0.6368297697328998, 0.5808011065218434, 0.8153784668145313, 0.6886621227372135, 0.5320632085016758], [1.6611390498701049, 1.394849991783923, 0.0, 0.253004819655028, 0.631692435816017, 0.14585613137327227, 0.3442253420362036, 0.671917375374618, 0.4239637411414696, 0.29060213175628813, 0.007336964783822175, 0.5702805685183983, 0.6436633279372973, 0.6516527762111441, 0.831352518070187, 0.7082936577604804, 0.6294111179467666], [1.8506872954300624, 1.650410573368407, 0.0, 0.24286912492934168, 0.6800828096248975, 0.1354225930346273, 0.46801416982994726, 0.6822785347003301, 0.3730284638886756, 0.3100912882103901, 0.00677745458930179, 0.5635795926809646, 0.6239861657928999, 0.6220735205262939, 0.815831242082538, 0.6997081304237179, 0.5733702681061073], [1.000749703721076, 1.6666204319275164, 0.0, 0.2564034607272196, 0.6997305155063093, 0.1250644279596407, 0.6679565384464283, 0.6904614003450424, 0.30908245769525844, 0.3022837167231538, 0.006216428718621936, 0.5589822538772213, 0.6288239265158854, 0.6476257971142988, 0.8091413018577729, 0.6617516436148272, 0.5557375246178288], [1.0854558663966918, 1.601933322303507, 0.0, 0.25040264339490986, 0.6880981700992057, 0.12796996448107198, 0.639127779587632, 0.6892630323125803, 0.336753509971754, 0.29881572314113347, 0.006721420376576193, 0.5695494958766214, 0.6434329800122933, 0.6219664501650709, 0.8148554608720794, 0.6819030089069125, 0.5678167502145552]], "features_2": [[0.27585502725742383, 0.8714419284881914, 0.0, 0.28831223335749406, 0.5335486260335405, 0.13416860917729972, 0.2526346402569736, 0.6777259935046092, 0.42619924152872213, 0.2042042164874931, 0.007894969482732161, 0.611751268292378, 0.653761271772753, 0.6820094361494893, 0.7920501907106362, 0.6927556710715072, 0.6225097497607401], [0.19738903949205255, 0.9891228549277316, 0.0, 0.2259141204633774, 0.5724757630385102, 0.1294310544734798, 0.2939370763090494, 0.6829392205799326, 0.390365063676684, 0.2188402445785489, 0.007504523810135222, 0.6129776936639124, 0.6469665324838195, 0.6776099678662887, 0.7864797499412399, 0.71459656422198, 0.6092287075678479], [0.060404721885371604, 0.9198254719181055, 0.0, 0.25980243497083655, 0.5581869840815519, 0.12775322432620584, 0.28782375092416, 0.6842861651962376, 0.3942393706512466, 0.2062757206668253, 0.007281081678807366, 0.6190234506786199, 0.6475466453557811, 0.6763336152267598, 0.7814788864846565, 0.6849338526383673, 0.6097212047449234], [0.09572047704067943, 0.8686620208849258, 0.0, 0.24527638804170757, 0.5387548898668085, 0.12987368093136642, 0.2781054735614582, 0.6824898304652603, 0.40696183328636715, 0.199626701016407, 0.007894969482732161, 0.62635406012833, 0.6724057021708664, 0.6795088835498281, 0.7857411459757621, 0.6821447453608768, 0.6146119990798798], [0.08882510790695308, 1.0718159387805288, 0.0, 0.24222623474467891, 0.6034664190825177, 0.11984723945096218, 0.46553265932017285, 0.6904945739806243, 0.3464229875895031, 0.22142533744996507, 0.006889477554966383, 0.6028505895064828, 0.6505191566001507, 0.6634023868176188, 0.7763417474294247, 0.6946578313768159, 0.597254040694096], [-0.2208891109781428, 0.9534746104227971, 0.0, 0.22292226841579382, 0.5747115485643834, 0.12342407674927941, 0.384735179978194, 0.6884618943724969, 0.36044901179294997, 0.2069055144191787, 0.007336964783822175, 0.6141223232725421, 0.6482255535523707, 0.6675130082191257, 0.7788955689628961, 0.6821467347275506, 0.6032887500722591], [0.286802851692443, 1.1578627892117683, 0.0, 0.2467352171914237, 0.619988528375641, 0.11593733670411249, 0.5033442872253993, 0.6920480194325711, 0.3116424828669522, 0.22634514018188523, 0.006216428718621936, 0.6016474568192711, 0.6432453042956985, 0.6480516391692717, 0.7698498183953777, 0.6681699930562672, 0.5571675114236393], [-0.1478906856625839, 1.1555865599341892, 0.0, 0.21567080432885802, 0.6340074787918273, 0.10794256629153157, 0.5624697195362593, 0.6931447901389609, 0.2702946759673439, 0.21508862065501844, 0.006216428718621936, 0.6034227708701891, 0.6545602400268123, 0.6595333486695996, 0.7528498869187942, 0.6808553960137691, 0.5191764140940592], [-0.2551753285046754, 1.2117589504613975, 0.0, 0.21171514452906554, 0.6493138942832056, 0.10457598940523377, 0.5394892595078374, 0.6929651114870194, 0.24612648414288496, 0.21959322927459968, 0.005935344193631176, 0.5976449984867793, 0.6476100007483867, 0.6581985688472164, 0.7400565749702573, 0.6540134503670104, 0.5019014008162322]]}