{"labels_1": ["1", "2", "3", "4", "5", "6", "7", "8", "9"], "labels_2": ["1", "2", "3", "4", "5", "6", "7", "8", "9"], "adj_matrix_1": [[0.0, 0.20489, 0.18176, 0.17419, 0.15521, 0.14864, 0.19232, 0.20305, 0.19799], [0.20489, 0.0, 0.09854, 0.11054, 0.13313, 0.14018, 0.07617, 0.03587, 0.0598], [0.18176, 0.09854, 0.0, 0.01468, 0.04487, 0.05445, 0.02541, 0.06659, 0.04292], [0.17419, 0.11054, 0.01468, 0.0, 0.0305, 0.04022, 0.03983, 0.07999, 0.05702], [0.15521, 0.13313, 0.04487, 0.0305, 0.0, 0.0098, 0.06925, 0.10662, 0.08542], [0.14864, 0.14018, 0.05445, 0.04022, 0.0098, 0.0, 0.07827, 0.11454, 0.09407], [0.19232, 0.07617, 0.02541, 0.03983, 0.06925, 0.07827, 0.0, 0.04237, 0.01781], [0.20305, 0.03587, 0.06659, 0.07999, 0.10662, 0.11454, 0.04237, 0.0, 0.02486], [0.19799, 0.0598, 0.04292, 0.05702, 0.08542, 0.09407, 0.01781, 0.02486, 0.0]], "adj_matrix_2": [[0.0, 0.14888, 0.03968, 0.13766, 0.097, 0.19586, 0.18291, 0.17573, 0.34856], [0.14888, 0.0, 0.11166, 0.26232, 0.0545, 0.05221, 0.2928, 0.02982, 0.24123], [0.03968, 0.11166, 0.0, 0.17299, 0.05829, 0.16082, 0.21501, 0.13983, 0.32559], [0.13766, 0.26232, 0.17299, 0.0, 0.221, 0.2973, 0.05259, 0.28226, 0.39658], [0.097, 0.0545, 0.05829, 0.221, 0.0, 0.10582, 0.25776, 0.08395, 0.28534], [0.19586, 0.05221, 0.16082, 0.2973, 0.10582, 0.0, 0.3221, 0.02246, 0.19561], [0.18291, 0.2928, 0.21501, 0.05259, 0.25776, 0.3221, 0.0, 0.30993, 0.39936], [0.17573, 0.02982, 0.13983, 0.28226, 0.08395, 0.02246, 0.30993, 0.0, 0.21584], [0.34856, 0.24123, 0.32559, 0.39658, 0.28534, 0.19561, 0.39936, 0.21584, 0.0]], "features_1": [[1.088418512658727, 1.23037463482812, 0.0, 0.23899828500950973, 0.5852474503840983, 0.1516195578592008, 0.14981803085092693, 0.6531469193076895, 0.4911343871770202, 0.2829610111730445, 0.008451478759474051, 0.5930074048371661, 0.6339142787494388, 0.6482945401641071, 0.8188274774064314, 0.7083162876880773, 0.6313584505053667], [2.016224010942608, 1.3751069850561592, 0.0, 0.29818324437936905, 0.6251461738803161, 0.14626771248940024, 0.3523494599457827, 0.6715871048837381, 0.43734222548050705, 0.2870383496375164, 0.007671947615560004, 0.5666512397367236, 0.6439781922325517, 0.6265931654079141, 0.8326307152697455, 0.71693797773311, 0.620584608827546], [1.5363775707139693, 1.3304932657083766, 0.0, 0.24782382406350173, 0.6064934354121473, 0.1509396262589986, 0.18355961027978013, 0.6569459717849737, 0.47568898318713204, 0.29530368624467696, 0.008006390651371653, 0.579487948224815, 0.6377047713971108, 0.6391107853352144, 0.822536262824678, 0.7205600174073843, 0.6298836460966439], [1.6841636328472003, 1.284651192242564, 0.0, 0.2656740876226627, 0.5975612870132357, 0.15065129577915282, 0.19054085785593955, 0.6573659319861097, 0.4642231986462715, 0.2838817749256841, 0.007727725548673403, 0.5751411227447436, 0.6204258200925036, 0.6186282266581088, 0.8225961404292066, 0.6994203997189994, 0.6286291793000036], [1.7714373915477424, 1.6800888205506563, 0.0, 0.2450694769102669, 0.6865175555939966, 0.13267969648301306, 0.5201603953684873, 0.6852105517812084, 0.3545516587533475, 0.304408831020784, 0.006889477554966383, 0.5592648949902175, 0.6368297697328998, 0.5808011065218434, 0.8153784668145313, 0.6886621227372135, 0.5320632085016758], [1.6611390498701049, 1.394849991783923, 0.0, 0.253004819655028, 0.631692435816017, 0.14585613137327227, 0.3442253420362036, 0.671917375374618, 0.4239637411414696, 0.29060213175628813, 0.007336964783822175, 0.5702805685183983, 0.6436633279372973, 0.6516527762111441, 0.831352518070187, 0.7082936577604804, 0.6294111179467666], [1.8506872954300624, 1.650410573368407, 0.0, 0.24286912492934168, 0.6800828096248975, 0.1354225930346273, 0.46801416982994726, 0.6822785347003301, 0.3730284638886756, 0.3100912882103901, 0.00677745458930179, 0.5635795926809646, 0.6239861657928999, 0.6220735205262939, 0.815831242082538, 0.6997081304237179, 0.5733702681061073], [1.000749703721076, 1.6666204319275164, 0.0, 0.2564034607272196, 0.6997305155063093, 0.1250644279596407, 0.6679565384464283, 0.6904614003450424, 0.30908245769525844, 0.3022837167231538, 0.006216428718621936, 0.5589822538772213, 0.6288239265158854, 0.6476257971142988, 0.8091413018577729, 0.6617516436148272, 0.5557375246178288], [1.0854558663966918, 1.601933322303507, 0.0, 0.25040264339490986, 0.6880981700992057, 0.12796996448107198, 0.639127779587632, 0.6892630323125803, 0.336753509971754, 0.29881572314113347, 0.006721420376576193, 0.5695494958766214, 0.6434329800122933, 0.6219664501650709, 0.8148554608720794, 0.6819030089069125, 0.5678167502145552]], "features_2": [[-0.06528231371327964, 1.1068521955086414, 0.0, 0.19072128935863983, 0.5935600747600787, 0.12931406555099953, 0.31756329660928984, 0.6825128363876801, 0.39332011831580305, 0.24515287178801892, 0.007560346756364078, 0.613871730437511, 0.6578320603791776, 0.6886411307426018, 0.7825810338142549, 0.7050937540113775, 0.6054695679838339], [-0.18378512899311206, 1.2281695931653722, 0.0, 0.20281405075515335, 0.6168101497501473, 0.12971084174275588, 0.3018596128002862, 0.6829228244282668, 0.4046466532251405, 0.2702107074565756, 0.007448685839370306, 0.62956219908885, 0.679957665624736, 0.6925302985362016, 0.7861580720986567, 0.7120961469117103, 0.6006662137643264], [-0.055110011169838824, 1.2293027030042973, 0.0, 0.189369473510876, 0.6290210538339243, 0.12404030735031346, 0.345015794584009, 0.6871226607110839, 0.36389864496290736, 0.25706310694261925, 0.007336964783822175, 0.6100799940586961, 0.6482892764118001, 0.6598649894355254, 0.7745431898217977, 0.6960000849379503, 0.5932575442816814], [0.3922869706339158, 1.204118192441398, 0.0, 0.25264110008905694, 0.6263077912194785, 0.12214164428488067, 0.3745318801092708, 0.6885084671877821, 0.35782958572638757, 0.24901824649352067, 0.007448685839370306, 0.5950493914162096, 0.632488186749357, 0.6456011949729213, 0.7721665349618759, 0.6818812060875563, 0.5828958597215359], [0.12037935752038909, 1.5386258576344092, 0.0, 0.20927582863189068, 0.6765386099211028, 0.12269218952610564, 0.3914567467785176, 0.6886680016437409, 0.3526792053237504, 0.30167820347984997, 0.007336964783822175, 0.6128305008818367, 0.6579456591302367, 0.6789895952693578, 0.7740313331834305, 0.706444822727819, 0.5363345882830198], [-0.2883732845213296, 1.330360701507828, 0.0, 0.18562806382025643, 0.6543686344011139, 0.11968279103927146, 0.42521512496267844, 0.6900543225321805, 0.3410059322093204, 0.2689365819055156, 0.006609306440138685, 0.621809622710709, 0.6667506368294558, 0.6843832141224943, 0.7694006662746594, 0.6844863353198372, 0.5766471435522095], [0.04434522642792471, 1.6283126622759467, 0.0, 0.2624943747724293, 0.7041613315811543, 0.11331627918615043, 0.4727389021580734, 0.692524214786185, 0.29135849330986385, 0.29414279224243645, 0.005935344193631176, 0.5910792809325742, 0.6214377237735647, 0.6366039729813775, 0.7595847912271905, 0.6658615662936146, 0.49366256195379804], [-0.30768107719906324, 1.5375750280660336, 0.0, 0.21934278807847113, 0.700573364049477, 0.1079869405940192, 0.5487951532803365, 0.6931380779065872, 0.2695919857982241, 0.27578322377893727, 0.005822803276368971, 0.6014059845011359, 0.6368581168233008, 0.6512004280564879, 0.7457306794810536, 0.6617520285332354, 0.4974257464893231], [-0.49289098836902356, 1.5985858174692897, 0.0, 0.19780070418666654, 0.7094791025182743, 0.1075905011874127, 0.6137096173145679, 0.6931470874818477, 0.25396133162316703, 0.28054537090409126, 0.005484812216699497, 0.6124462025855915, 0.6516576817696432, 0.6581908277877133, 0.7410565212370754, 0.6607320631216945, 0.4909578977794406]]}