{"labels_1": ["1", "2", "3", "4", "5", "6", "7", "8", "9"], "labels_2": ["1", "2", "3", "4", "5", "6", "7", "8", "9"], "adj_matrix_1": [[0.0, 0.03197, 0.13179, 0.135, 0.01795, 0.15098, 0.127, 0.19842, 0.28867], [0.03197, 0.0, 0.10188, 0.10521, 0.04974, 0.12184, 0.09701, 0.17164, 0.26857], [0.13179, 0.10188, 0.0, 0.00351, 0.14804, 0.02117, 0.00483, 0.07551, 0.18848], [0.135, 0.10521, 0.00351, 0.0, 0.1512, 0.01766, 0.00834, 0.07208, 0.18548], [0.01795, 0.04974, 0.14804, 0.1512, 0.0, 0.16685, 0.14359, 0.2129, 0.29939], [0.15098, 0.12184, 0.02117, 0.01766, 0.16685, 0.0, 0.02598, 0.0547, 0.16989], [0.127, 0.09701, 0.00483, 0.00834, 0.14359, 0.02598, 0.0, 0.08026, 0.19291], [0.19842, 0.17164, 0.07551, 0.07208, 0.2129, 0.0547, 0.08026, 0.0, 0.11896], [0.28867, 0.26857, 0.18848, 0.18548, 0.29939, 0.16989, 0.19291, 0.11896, 0.0]], "adj_matrix_2": [[0.0, 0.01022, 0.22905, 0.26166, 0.18544, 0.10322, 0.19206, 0.02652, 0.04566], [0.01022, 0.0, 0.23584, 0.26671, 0.19373, 0.11291, 0.20025, 0.03672, 0.05581], [0.22905, 0.23584, 0.0, 0.06232, 0.06092, 0.14767, 0.05241, 0.20991, 0.1955], [0.26166, 0.26671, 0.06232, 0.0, 0.11971, 0.19609, 0.11178, 0.24655, 0.23514], [0.18544, 0.19373, 0.06092, 0.11971, 0.0, 0.09232, 0.00866, 0.16326, 0.14653], [0.10322, 0.11291, 0.14767, 0.19609, 0.09232, 0.0, 0.10046, 0.07769, 0.05885], [0.19206, 0.20025, 0.05241, 0.11178, 0.00866, 0.10046, 0.0, 0.17049, 0.15405], [0.02652, 0.03672, 0.20991, 0.24655, 0.16326, 0.07769, 0.17049, 0.0, 0.01929], [0.04566, 0.05581, 0.1955, 0.23514, 0.14653, 0.05885, 0.15405, 0.01929, 0.0]], "features_1": [[0.1268530437352937, 1.1662706937571223, 0.0, 0.2141493796668851, 0.5958249806955483, 0.13103254341567988, 0.21578515686959393, 0.679591274788224, 0.39397044332056885, 0.2545140440550575, 0.007671947615560004, 0.6150420387728803, 0.6549899507298867, 0.6695803181910215, 0.7765558404745182, 0.6897488249057855, 0.5679473132987908], [0.3490067920080926, 1.1506534063801181, 0.0, 0.18438790015305917, 0.5910783268013379, 0.13412648428953927, 0.19380892276445394, 0.6762381788851065, 0.4147821961993805, 0.2551591962807025, 0.007727725548673403, 0.6116816198034787, 0.6379433522193605, 0.6615824466794267, 0.7813487461666009, 0.7084534998489276, 0.5850149822928109], [0.33219086556051547, 1.2795584022898954, 0.0, 0.20955955695241915, 0.6205200525771356, 0.12919177726740944, 0.19525299080994712, 0.6806840944805475, 0.3889217907879814, 0.2689279597710583, 0.00711334193318236, 0.6144249014724572, 0.629532704297657, 0.6442458230722617, 0.7693188973413491, 0.6760960690139162, 0.563892945749161], [0.10142566058655644, 1.329793949121726, 0.0, 0.22801836192918304, 0.6354117765229489, 0.12482141420769385, 0.2438907643894744, 0.6851955414791395, 0.3589097909917327, 0.2707065396170456, 0.007336964783822175, 0.6111425032814042, 0.6363377172573403, 0.6510013669070344, 0.7648318151623003, 0.6821675816759049, 0.5391902513345621], [0.31538238487091164, 1.483463111016513, 0.0, 0.21964092032888802, 0.6633403885227026, 0.12515762197174973, 0.3146856512010757, 0.6863780689135042, 0.3552407410018279, 0.29374026669825004, 0.00716927026363523, 0.6026727614597915, 0.638303457960551, 0.6647898389936558, 0.7753679448222068, 0.7005730938981131, 0.5471778977652054], [0.3590188206661744, 1.4103307509782905, 0.0, 0.25233112849572653, 0.657853030239609, 0.12152577005868685, 0.3013003691987997, 0.6880346538463105, 0.34317284553631433, 0.2747940318844606, 0.00677745458930179, 0.6026146811630135, 0.624390345905627, 0.6234505983231913, 0.7629347210239936, 0.6802048096702239, 0.5632274357629425], [-0.13306007619873572, 1.649614836866787, 0.0, 0.19643421848362566, 0.7009032895446224, 0.11550571387968647, 0.4515099896605932, 0.691875744933648, 0.30145909119682357, 0.30168130978344765, 0.006216428718621936, 0.5967181115842513, 0.6295055031933208, 0.6544033401998582, 0.7621074854810724, 0.6558690167311486, 0.4530643361099605], [-0.024966385410743808, 1.467480873909215, 0.0, 0.2659832029990667, 0.6858550122181367, 0.10946832435507316, 0.44018472617350496, 0.6929810708224637, 0.2852366231573289, 0.2655293755527701, 0.006104040759826512, 0.5978759295258793, 0.6328583975854387, 0.6260658760856476, 0.7417669928020802, 0.6789428809214397, 0.5261746109261553], [-0.236572307607418, 1.5512464791770313, 0.0, 0.2591007728994525, 0.7005630974597439, 0.10526500942287886, 0.44920980809917166, 0.6931120994958179, 0.24736197676764116, 0.26937499757413996, 0.005653876882570019, 0.5989329025246866, 0.6305795918367918, 0.6316862258721708, 0.7302509183697392, 0.6436500110894164, 0.4637808972682948]], "features_2": [[0.17217518844606783, 1.0873883605205648, 0.0, 0.27077487752947776, 0.5975639258440772, 0.12645674854447433, 0.3633937547564692, 0.6864472409888795, 0.39320853237992925, 0.23565938999240577, 0.007448685839370306, 0.6068368908230055, 0.6680690216104415, 0.6893215963838478, 0.7845166222889831, 0.6976195485818752, 0.6136239743407899], [0.24025741418845836, 1.2308049034618953, 0.0, 0.31470438029507075, 0.6385126180613201, 0.11885773677024894, 0.4838554355118866, 0.69111977025767, 0.3565713043501908, 0.24771715740900824, 0.007281081678807366, 0.6025250013271894, 0.6669203058252657, 0.6664056288757494, 0.7753413921948835, 0.7004458085814825, 0.5995572014999013], [0.5065891745990245, 1.2093084141266195, 0.0, 0.28282413052790506, 0.6293838147385852, 0.12211702980328484, 0.4383026207762676, 0.6896352730652515, 0.37510632047085557, 0.2492373635317826, 0.007504523810135222, 0.5858851982544953, 0.6378774023385536, 0.6712525586641063, 0.7795498277531876, 0.6928929535796113, 0.5990939420982931], [0.5909120018003531, 1.1797811624546866, 0.0, 0.24301626987715516, 0.6246967822315918, 0.12137342165831845, 0.4671207758918065, 0.690181295232194, 0.35970568472453435, 0.24064885302745975, 0.007057398507269275, 0.5832698480155758, 0.6533782082774847, 0.6760618428459029, 0.7806128853126675, 0.6969554479617233, 0.5976428990952637], [0.06743867382210134, 1.3797670736900771, 0.0, 0.27702187982963256, 0.6773882757600773, 0.10917471001117263, 0.6214098751764773, 0.6931452743440072, 0.2920196573692857, 0.2517746742628897, 0.006384896235913207, 0.5875952434558216, 0.6504584927349127, 0.660891539169695, 0.7590070675088836, 0.6995889878304266, 0.5600516892617209], [0.13230110693790964, 1.3234880298321088, 0.0, 0.2480042687480588, 0.6605040411836893, 0.11493314787990815, 0.5637184012275653, 0.6924753943718407, 0.3266575640122089, 0.25509368341519467, 0.0069454663283523566, 0.5891314273844881, 0.640507684279804, 0.6703682361496668, 0.7684025655696715, 0.7033269680286031, 0.5813777596611261], [0.6638963619719411, 1.5280040104851558, 0.0, 0.2614590059207698, 0.6822857629127816, 0.12016290413236216, 0.4661684345420255, 0.6907409655125731, 0.34065639238563006, 0.2848828728644959, 0.00655322669591385, 0.5816176583577313, 0.627997194627318, 0.631972382842397, 0.7764646345045403, 0.6816760610374888, 0.5667887831873023], [-0.06711099222026107, 1.492109674312978, 0.0, 0.2952945318380332, 0.6987029440999089, 0.10795283921948444, 0.5506198690037394, 0.6931271812103084, 0.2790919881221485, 0.26429726492136996, 0.006104040759826512, 0.5915361778848904, 0.6334860602939766, 0.6339961697442671, 0.7471385800401185, 0.6485218137099299, 0.5554788921511411], [0.3014164302040587, 1.5254773862345452, 0.0, 0.30697818425363976, 0.6997393028573514, 0.10929415787765978, 0.5174731373380951, 0.6930810562373413, 0.2781259366845972, 0.268348232263971, 0.006160242374180447, 0.5804151309293544, 0.6327366099921222, 0.6401237128565906, 0.7456957063091935, 0.6362791900713107, 0.549674592569902]]}