{"labels_1": ["1", "2", "3", "4", "5", "6", "7", "8", "9"], "labels_2": ["1", "2", "3", "4", "5", "6", "7", "8", "9"], "adj_matrix_1": [[0.0, 0.20489, 0.18176, 0.17419, 0.15521, 0.14864, 0.19232, 0.20305, 0.19799], [0.20489, 0.0, 0.09854, 0.11054, 0.13313, 0.14018, 0.07617, 0.03587, 0.0598], [0.18176, 0.09854, 0.0, 0.01468, 0.04487, 0.05445, 0.02541, 0.06659, 0.04292], [0.17419, 0.11054, 0.01468, 0.0, 0.0305, 0.04022, 0.03983, 0.07999, 0.05702], [0.15521, 0.13313, 0.04487, 0.0305, 0.0, 0.0098, 0.06925, 0.10662, 0.08542], [0.14864, 0.14018, 0.05445, 0.04022, 0.0098, 0.0, 0.07827, 0.11454, 0.09407], [0.19232, 0.07617, 0.02541, 0.03983, 0.06925, 0.07827, 0.0, 0.04237, 0.01781], [0.20305, 0.03587, 0.06659, 0.07999, 0.10662, 0.11454, 0.04237, 0.0, 0.02486], [0.19799, 0.0598, 0.04292, 0.05702, 0.08542, 0.09407, 0.01781, 0.02486, 0.0]], "adj_matrix_2": [[0.0, 0.06397, 0.17774, 0.15554, 0.29378, 0.29047, 0.31917, 0.06477, 0.03109], [0.06397, 0.0, 0.23318, 0.21289, 0.33159, 0.32906, 0.3491, 0.12724, 0.03302], [0.17774, 0.23318, 0.0, 0.02468, 0.15229, 0.14691, 0.19796, 0.11738, 0.20498], [0.15554, 0.21289, 0.02468, 0.0, 0.17389, 0.16876, 0.21727, 0.09371, 0.18364], [0.29378, 0.33159, 0.15229, 0.17389, 0.0, 0.00614, 0.05474, 0.24941, 0.31284], [0.29047, 0.32906, 0.14691, 0.16876, 0.00614, 0.0, 0.06078, 0.24505, 0.30967], [0.31917, 0.3491, 0.19796, 0.21727, 0.05474, 0.06078, 0.0, 0.28223, 0.33414], [0.06477, 0.12724, 0.11738, 0.09371, 0.24941, 0.24505, 0.28223, 0.0, 0.09538], [0.03109, 0.03302, 0.20498, 0.18364, 0.31284, 0.30967, 0.33414, 0.09538, 0.0]], "features_1": [[1.088418512658727, 1.23037463482812, 0.0, 0.23899828500950973, 0.5852474503840983, 0.1516195578592008, 0.14981803085092693, 0.6531469193076895, 0.4911343871770202, 0.2829610111730445, 0.008451478759474051, 0.5930074048371661, 0.6339142787494388, 0.6482945401641071, 0.8188274774064314, 0.7083162876880773, 0.6313584505053667], [2.016224010942608, 1.3751069850561592, 0.0, 0.29818324437936905, 0.6251461738803161, 0.14626771248940024, 0.3523494599457827, 0.6715871048837381, 0.43734222548050705, 0.2870383496375164, 0.007671947615560004, 0.5666512397367236, 0.6439781922325517, 0.6265931654079141, 0.8326307152697455, 0.71693797773311, 0.620584608827546], [1.5363775707139693, 1.3304932657083766, 0.0, 0.24782382406350173, 0.6064934354121473, 0.1509396262589986, 0.18355961027978013, 0.6569459717849737, 0.47568898318713204, 0.29530368624467696, 0.008006390651371653, 0.579487948224815, 0.6377047713971108, 0.6391107853352144, 0.822536262824678, 0.7205600174073843, 0.6298836460966439], [1.6841636328472003, 1.284651192242564, 0.0, 0.2656740876226627, 0.5975612870132357, 0.15065129577915282, 0.19054085785593955, 0.6573659319861097, 0.4642231986462715, 0.2838817749256841, 0.007727725548673403, 0.5751411227447436, 0.6204258200925036, 0.6186282266581088, 0.8225961404292066, 0.6994203997189994, 0.6286291793000036], [1.7714373915477424, 1.6800888205506563, 0.0, 0.2450694769102669, 0.6865175555939966, 0.13267969648301306, 0.5201603953684873, 0.6852105517812084, 0.3545516587533475, 0.304408831020784, 0.006889477554966383, 0.5592648949902175, 0.6368297697328998, 0.5808011065218434, 0.8153784668145313, 0.6886621227372135, 0.5320632085016758], [1.6611390498701049, 1.394849991783923, 0.0, 0.253004819655028, 0.631692435816017, 0.14585613137327227, 0.3442253420362036, 0.671917375374618, 0.4239637411414696, 0.29060213175628813, 0.007336964783822175, 0.5702805685183983, 0.6436633279372973, 0.6516527762111441, 0.831352518070187, 0.7082936577604804, 0.6294111179467666], [1.8506872954300624, 1.650410573368407, 0.0, 0.24286912492934168, 0.6800828096248975, 0.1354225930346273, 0.46801416982994726, 0.6822785347003301, 0.3730284638886756, 0.3100912882103901, 0.00677745458930179, 0.5635795926809646, 0.6239861657928999, 0.6220735205262939, 0.815831242082538, 0.6997081304237179, 0.5733702681061073], [1.000749703721076, 1.6666204319275164, 0.0, 0.2564034607272196, 0.6997305155063093, 0.1250644279596407, 0.6679565384464283, 0.6904614003450424, 0.30908245769525844, 0.3022837167231538, 0.006216428718621936, 0.5589822538772213, 0.6288239265158854, 0.6476257971142988, 0.8091413018577729, 0.6617516436148272, 0.5557375246178288], [1.0854558663966918, 1.601933322303507, 0.0, 0.25040264339490986, 0.6880981700992057, 0.12796996448107198, 0.639127779587632, 0.6892630323125803, 0.336753509971754, 0.29881572314113347, 0.006721420376576193, 0.5695494958766214, 0.6434329800122933, 0.6219664501650709, 0.8148554608720794, 0.6819030089069125, 0.5678167502145552]], "features_2": [[-0.15527216196066984, 0.9940271480882658, 0.0, 0.18714343294968383, 0.5616461925010066, 0.1373225365447842, 0.26840920802358215, 0.6756455910868492, 0.43804386676452745, 0.23485378493924158, 0.007727725548673403, 0.6319982546425638, 0.6901593024005154, 0.7164609433472897, 0.796788269873423, 0.712990166999342, 0.6101185322850979], [-0.5341026589002085, 1.025748189890192, 0.0, 0.1944751262988654, 0.5722289466303119, 0.1329194374812634, 0.3479604564187163, 0.6807248458470059, 0.4123651871249179, 0.2356230848453018, 0.007281081678807366, 0.6347959861361969, 0.6672252704269953, 0.689824678406371, 0.7934579382687347, 0.6997962853318793, 0.608081970336545], [-0.061616966084671265, 1.078937754820202, 0.0, 0.19170421049411157, 0.5880349567125036, 0.131280237536613, 0.2627159117986729, 0.6810191592057295, 0.3981733330582107, 0.24179382852170828, 0.00716927026363523, 0.6225765173212237, 0.6611192014154321, 0.691982756989218, 0.7839877410633148, 0.6936466289696389, 0.6114208073135572], [-0.10658473825687587, 1.01793270512818, 0.0, 0.1578611314611801, 0.572663515246517, 0.1332386203933192, 0.2662395565323628, 0.6792912300209639, 0.4129979095971097, 0.23385619178310124, 0.007504523810135222, 0.6274447859234265, 0.6618410664995857, 0.6913447537288229, 0.7891500916848198, 0.685466824763464, 0.6137521219165042], [-0.13002640407477806, 1.3807433109939096, 0.0, 0.24472979537863437, 0.6527810749350706, 0.11887564311431523, 0.4349965183897687, 0.6905946156187933, 0.3381202696081753, 0.2743113396652923, 0.00716927026363523, 0.6068373069260695, 0.6512755480823849, 0.6627877582995036, 0.7710740721518219, 0.6942115038206953, 0.5266675699579731], [0.18055551140915682, 1.2139425640926775, 0.0, 0.23779815920831343, 0.6260930454115172, 0.12126031745985694, 0.33010114429252224, 0.6887741141372969, 0.34354287285526897, 0.24808749663533458, 0.0069454663283523566, 0.5963183842853856, 0.6416304467159071, 0.6684530842889479, 0.7667110433568761, 0.6712183077801414, 0.5873218659591383], [0.003324100086210535, 1.2496890697380236, 0.0, 0.19486558742391297, 0.6213721719273259, 0.12799654130283802, 0.31611608486515974, 0.6841197533955357, 0.38204915658997796, 0.266565388634906, 0.007448685839370306, 0.6210722284276275, 0.6659009859840307, 0.6921386076050605, 0.7829614159149237, 0.6951544627946881, 0.5658354664528833], [-0.30080919136661377, 1.3907851339494843, 0.0, 0.1988902768852228, 0.6697908718762479, 0.11201398901924531, 0.4115232878352785, 0.6925568993106183, 0.29127597067929334, 0.2608742913429516, 0.005991591679928909, 0.6107447701879936, 0.6453826850439602, 0.6493240792471356, 0.7486229523773095, 0.6757267782833493, 0.5041138299935464], [-0.4189315253642696, 1.2976630920962016, 0.0, 0.21602623896451773, 0.6454301051715171, 0.11625535169832518, 0.3278755600847674, 0.6909118472305315, 0.3093958208581431, 0.25614952981317596, 0.00655322669591385, 0.6150218069896716, 0.6373233474528762, 0.6463179397035538, 0.7538711416910264, 0.6472656066927104, 0.5203339021646778]]}