{"labels_1": ["1", "2", "3", "4", "5", "6", "7", "8", "9"], "labels_2": ["1", "2", "3", "4", "5", "6", "7", "8", "9"], "adj_matrix_1": [[0.0, 0.20489, 0.18176, 0.17419, 0.15521, 0.14864, 0.19232, 0.20305, 0.19799], [0.20489, 0.0, 0.09854, 0.11054, 0.13313, 0.14018, 0.07617, 0.03587, 0.0598], [0.18176, 0.09854, 0.0, 0.01468, 0.04487, 0.05445, 0.02541, 0.06659, 0.04292], [0.17419, 0.11054, 0.01468, 0.0, 0.0305, 0.04022, 0.03983, 0.07999, 0.05702], [0.15521, 0.13313, 0.04487, 0.0305, 0.0, 0.0098, 0.06925, 0.10662, 0.08542], [0.14864, 0.14018, 0.05445, 0.04022, 0.0098, 0.0, 0.07827, 0.11454, 0.09407], [0.19232, 0.07617, 0.02541, 0.03983, 0.06925, 0.07827, 0.0, 0.04237, 0.01781], [0.20305, 0.03587, 0.06659, 0.07999, 0.10662, 0.11454, 0.04237, 0.0, 0.02486], [0.19799, 0.0598, 0.04292, 0.05702, 0.08542, 0.09407, 0.01781, 0.02486, 0.0]], "adj_matrix_2": [[0.0, 0.10799, 0.02371, 0.03757, 0.15242, 0.10947, 0.25689, 0.14298, 0.1347], [0.10799, 0.0, 0.13003, 0.07184, 0.23676, 0.00156, 0.25518, 0.22978, 0.22359], [0.02371, 0.13003, 0.0, 0.061, 0.13172, 0.13147, 0.25497, 0.12181, 0.11319], [0.03757, 0.07184, 0.061, 0.0, 0.1836, 0.07336, 0.25813, 0.17492, 0.16728], [0.15242, 0.23676, 0.13172, 0.1836, 0.0, 0.23779, 0.22132, 0.01119, 0.02065], [0.10947, 0.00156, 0.13147, 0.07336, 0.23779, 0.0, 0.25508, 0.23087, 0.22472], [0.25689, 0.25518, 0.25497, 0.25813, 0.22132, 0.25508, 0.0, 0.22583, 0.22929], [0.14298, 0.22978, 0.12181, 0.17492, 0.01119, 0.23087, 0.22583, 0.0, 0.00948], [0.1347, 0.22359, 0.11319, 0.16728, 0.02065, 0.22472, 0.22929, 0.00948, 0.0]], "features_1": [[1.088418512658727, 1.23037463482812, 0.0, 0.23899828500950973, 0.5852474503840983, 0.1516195578592008, 0.14981803085092693, 0.6531469193076895, 0.4911343871770202, 0.2829610111730445, 0.008451478759474051, 0.5930074048371661, 0.6339142787494388, 0.6482945401641071, 0.8188274774064314, 0.7083162876880773, 0.6313584505053667], [2.016224010942608, 1.3751069850561592, 0.0, 0.29818324437936905, 0.6251461738803161, 0.14626771248940024, 0.3523494599457827, 0.6715871048837381, 0.43734222548050705, 0.2870383496375164, 0.007671947615560004, 0.5666512397367236, 0.6439781922325517, 0.6265931654079141, 0.8326307152697455, 0.71693797773311, 0.620584608827546], [1.5363775707139693, 1.3304932657083766, 0.0, 0.24782382406350173, 0.6064934354121473, 0.1509396262589986, 0.18355961027978013, 0.6569459717849737, 0.47568898318713204, 0.29530368624467696, 0.008006390651371653, 0.579487948224815, 0.6377047713971108, 0.6391107853352144, 0.822536262824678, 0.7205600174073843, 0.6298836460966439], [1.6841636328472003, 1.284651192242564, 0.0, 0.2656740876226627, 0.5975612870132357, 0.15065129577915282, 0.19054085785593955, 0.6573659319861097, 0.4642231986462715, 0.2838817749256841, 0.007727725548673403, 0.5751411227447436, 0.6204258200925036, 0.6186282266581088, 0.8225961404292066, 0.6994203997189994, 0.6286291793000036], [1.7714373915477424, 1.6800888205506563, 0.0, 0.2450694769102669, 0.6865175555939966, 0.13267969648301306, 0.5201603953684873, 0.6852105517812084, 0.3545516587533475, 0.304408831020784, 0.006889477554966383, 0.5592648949902175, 0.6368297697328998, 0.5808011065218434, 0.8153784668145313, 0.6886621227372135, 0.5320632085016758], [1.6611390498701049, 1.394849991783923, 0.0, 0.253004819655028, 0.631692435816017, 0.14585613137327227, 0.3442253420362036, 0.671917375374618, 0.4239637411414696, 0.29060213175628813, 0.007336964783822175, 0.5702805685183983, 0.6436633279372973, 0.6516527762111441, 0.831352518070187, 0.7082936577604804, 0.6294111179467666], [1.8506872954300624, 1.650410573368407, 0.0, 0.24286912492934168, 0.6800828096248975, 0.1354225930346273, 0.46801416982994726, 0.6822785347003301, 0.3730284638886756, 0.3100912882103901, 0.00677745458930179, 0.5635795926809646, 0.6239861657928999, 0.6220735205262939, 0.815831242082538, 0.6997081304237179, 0.5733702681061073], [1.000749703721076, 1.6666204319275164, 0.0, 0.2564034607272196, 0.6997305155063093, 0.1250644279596407, 0.6679565384464283, 0.6904614003450424, 0.30908245769525844, 0.3022837167231538, 0.006216428718621936, 0.5589822538772213, 0.6288239265158854, 0.6476257971142988, 0.8091413018577729, 0.6617516436148272, 0.5557375246178288], [1.0854558663966918, 1.601933322303507, 0.0, 0.25040264339490986, 0.6880981700992057, 0.12796996448107198, 0.639127779587632, 0.6892630323125803, 0.336753509971754, 0.29881572314113347, 0.006721420376576193, 0.5695494958766214, 0.6434329800122933, 0.6219664501650709, 0.8148554608720794, 0.6819030089069125, 0.5678167502145552]], "features_2": [[0.0018302832181493756, 0.9155860314148188, 0.0, 0.224707362931934, 0.532341245725331, 0.1434831055446534, 0.18563909725915764, 0.6659119790085455, 0.470351520144052, 0.22570294361036414, 0.008340296057933516, 0.6198906473300752, 0.6643012415755044, 0.6888348484026728, 0.7990329341203608, 0.6949808333939625, 0.6191564938494318], [-0.05097063312717731, 1.035780125865984, 0.0, 0.20882182075491598, 0.5650329281133429, 0.13780624756900312, 0.22268190050152867, 0.6736995446734679, 0.4359720514422456, 0.2428139087008354, 0.00783923647221818, 0.6194888356391246, 0.6542894122401363, 0.6900437784359471, 0.7922425268088688, 0.7008874826235468, 0.5961360143215938], [0.05983893633543458, 0.9762568515980771, 0.0, 0.21335170016412694, 0.5541403450896919, 0.1416220673463851, 0.2118827424273441, 0.6689619613593567, 0.4610004731364348, 0.23370488206036089, 0.007783488497544067, 0.6220880676825096, 0.6557061435422362, 0.6818792633421876, 0.7958605772791552, 0.6937930003914818, 0.624279926020488], [0.31448526687089995, 0.9702211436112088, 0.0, 0.1985327600200273, 0.5560020842640667, 0.13596415181936236, 0.3141878071353233, 0.6773443912602297, 0.42411265065916837, 0.22163513242679644, 0.007504523810135222, 0.6059035625706612, 0.6482550683332103, 0.6628590315576374, 0.7927580501439304, 0.7082498729209539, 0.6148620495874374], [0.4475411345968383, 1.2647540919370097, 0.0, 0.2201404029969388, 0.6296314014496741, 0.12194962189642544, 0.38464255209437326, 0.6891915717388823, 0.33461951609198803, 0.25123346062875695, 0.006328755639155359, 0.5931355932617657, 0.6270449909086752, 0.6520502279041226, 0.7741246865202787, 0.7000604086186935, 0.5448906201434051], [0.07298620019047153, 1.0088588170033088, 0.0, 0.20075550414927615, 0.573198148767049, 0.13217594885180847, 0.354635982691687, 0.6820795837735154, 0.4035676431507582, 0.22602297769860558, 0.007783488497544067, 0.6159151563660112, 0.6687107334851399, 0.6842941088069093, 0.7928952857410889, 0.7054130215287332, 0.6164204274013099], [0.8289675394171598, 1.2170706675577134, 0.0, 0.2776243650682584, 0.6293914884600058, 0.11738131725832515, 0.5381719115296327, 0.691605550520934, 0.33057020711010177, 0.23783965836992937, 0.006721420376576193, 0.5803982560884537, 0.6432798007648706, 0.6437346565179268, 0.7693390953675312, 0.6857751629268853, 0.5322875540316663], [0.36940585195868003, 1.0879194065259365, 0.0, 0.2801902739952048, 0.6047483883816107, 0.11423665774377365, 0.4297927320303536, 0.6920079408375845, 0.29145039239301473, 0.21158737100210856, 0.006609306440138685, 0.5781436456316893, 0.6470958010317972, 0.6610159023771521, 0.7539487826118163, 0.6879024761151593, 0.5554722836154025], [0.5938460557904821, 1.1097839252104322, 0.0, 0.285263211181872, 0.6107553833956021, 0.11309149383516555, 0.4567226531052057, 0.6923763625407098, 0.30152286450114363, 0.21395947424394435, 0.006721420376576193, 0.5742607435772931, 0.6447317294256657, 0.6540832046329009, 0.7527210066471514, 0.6738959903556904, 0.5375718811978999]]}