{"labels_1": ["1", "2", "3", "4", "5", "6", "7", "8", "9"], "labels_2": ["1", "2", "3", "4", "5", "6", "7", "8", "9"], "adj_matrix_1": [[0.0, 0.20489, 0.18176, 0.17419, 0.15521, 0.14864, 0.19232, 0.20305, 0.19799], [0.20489, 0.0, 0.09854, 0.11054, 0.13313, 0.14018, 0.07617, 0.03587, 0.0598], [0.18176, 0.09854, 0.0, 0.01468, 0.04487, 0.05445, 0.02541, 0.06659, 0.04292], [0.17419, 0.11054, 0.01468, 0.0, 0.0305, 0.04022, 0.03983, 0.07999, 0.05702], [0.15521, 0.13313, 0.04487, 0.0305, 0.0, 0.0098, 0.06925, 0.10662, 0.08542], [0.14864, 0.14018, 0.05445, 0.04022, 0.0098, 0.0, 0.07827, 0.11454, 0.09407], [0.19232, 0.07617, 0.02541, 0.03983, 0.06925, 0.07827, 0.0, 0.04237, 0.01781], [0.20305, 0.03587, 0.06659, 0.07999, 0.10662, 0.11454, 0.04237, 0.0, 0.02486], [0.19799, 0.0598, 0.04292, 0.05702, 0.08542, 0.09407, 0.01781, 0.02486, 0.0]], "adj_matrix_2": [[0.0, 0.23886, 0.16778, 0.03493, 0.17763, 0.22313, 0.07765, 0.26815, 0.27614], [0.23886, 0.0, 0.10033, 0.21621, 0.32006, 0.02706, 0.18472, 0.07202, 0.12937], [0.16778, 0.10033, 0.0, 0.1374, 0.29623, 0.07482, 0.09744, 0.16235, 0.20421], [0.03493, 0.21621, 0.1374, 0.0, 0.20683, 0.19816, 0.04332, 0.25267, 0.26728], [0.17763, 0.32006, 0.29623, 0.20683, 0.0, 0.31777, 0.23975, 0.31304, 0.29051], [0.22313, 0.02706, 0.07482, 0.19816, 0.31777, 0.0, 0.16401, 0.09747, 0.15138], [0.07765, 0.18472, 0.09744, 0.04332, 0.23975, 0.16401, 0.0, 0.22981, 0.25279], [0.26815, 0.07202, 0.16235, 0.25267, 0.31304, 0.09747, 0.22981, 0.0, 0.0631], [0.27614, 0.12937, 0.20421, 0.26728, 0.29051, 0.15138, 0.25279, 0.0631, 0.0]], "features_1": [[1.088418512658727, 1.23037463482812, 0.0, 0.23899828500950973, 0.5852474503840983, 0.1516195578592008, 0.14981803085092693, 0.6531469193076895, 0.4911343871770202, 0.2829610111730445, 0.008451478759474051, 0.5930074048371661, 0.6339142787494388, 0.6482945401641071, 0.8188274774064314, 0.7083162876880773, 0.6313584505053667], [2.016224010942608, 1.3751069850561592, 0.0, 0.29818324437936905, 0.6251461738803161, 0.14626771248940024, 0.3523494599457827, 0.6715871048837381, 0.43734222548050705, 0.2870383496375164, 0.007671947615560004, 0.5666512397367236, 0.6439781922325517, 0.6265931654079141, 0.8326307152697455, 0.71693797773311, 0.620584608827546], [1.5363775707139693, 1.3304932657083766, 0.0, 0.24782382406350173, 0.6064934354121473, 0.1509396262589986, 0.18355961027978013, 0.6569459717849737, 0.47568898318713204, 0.29530368624467696, 0.008006390651371653, 0.579487948224815, 0.6377047713971108, 0.6391107853352144, 0.822536262824678, 0.7205600174073843, 0.6298836460966439], [1.6841636328472003, 1.284651192242564, 0.0, 0.2656740876226627, 0.5975612870132357, 0.15065129577915282, 0.19054085785593955, 0.6573659319861097, 0.4642231986462715, 0.2838817749256841, 0.007727725548673403, 0.5751411227447436, 0.6204258200925036, 0.6186282266581088, 0.8225961404292066, 0.6994203997189994, 0.6286291793000036], [1.7714373915477424, 1.6800888205506563, 0.0, 0.2450694769102669, 0.6865175555939966, 0.13267969648301306, 0.5201603953684873, 0.6852105517812084, 0.3545516587533475, 0.304408831020784, 0.006889477554966383, 0.5592648949902175, 0.6368297697328998, 0.5808011065218434, 0.8153784668145313, 0.6886621227372135, 0.5320632085016758], [1.6611390498701049, 1.394849991783923, 0.0, 0.253004819655028, 0.631692435816017, 0.14585613137327227, 0.3442253420362036, 0.671917375374618, 0.4239637411414696, 0.29060213175628813, 0.007336964783822175, 0.5702805685183983, 0.6436633279372973, 0.6516527762111441, 0.831352518070187, 0.7082936577604804, 0.6294111179467666], [1.8506872954300624, 1.650410573368407, 0.0, 0.24286912492934168, 0.6800828096248975, 0.1354225930346273, 0.46801416982994726, 0.6822785347003301, 0.3730284638886756, 0.3100912882103901, 0.00677745458930179, 0.5635795926809646, 0.6239861657928999, 0.6220735205262939, 0.815831242082538, 0.6997081304237179, 0.5733702681061073], [1.000749703721076, 1.6666204319275164, 0.0, 0.2564034607272196, 0.6997305155063093, 0.1250644279596407, 0.6679565384464283, 0.6904614003450424, 0.30908245769525844, 0.3022837167231538, 0.006216428718621936, 0.5589822538772213, 0.6288239265158854, 0.6476257971142988, 0.8091413018577729, 0.6617516436148272, 0.5557375246178288], [1.0854558663966918, 1.601933322303507, 0.0, 0.25040264339490986, 0.6880981700992057, 0.12796996448107198, 0.639127779587632, 0.6892630323125803, 0.336753509971754, 0.29881572314113347, 0.006721420376576193, 0.5695494958766214, 0.6434329800122933, 0.6219664501650709, 0.8148554608720794, 0.6819030089069125, 0.5678167502145552]], "features_2": [[0.27614090679590575, 1.0476905073713025, 0.0, 0.28018302049431176, 0.5752366304527333, 0.13307404008123686, 0.2188619797215985, 0.677653257727332, 0.4173468647385088, 0.23567033948369498, 0.007894969482732161, 0.606776681870947, 0.6471106530616225, 0.657210055304155, 0.7831080124929722, 0.7141502260729055, 0.6212931617986773], [0.3854566827817858, 1.1332051488011177, 0.0, 0.2944387778895556, 0.603385938167708, 0.12687955018771907, 0.31382605444313966, 0.6847911528197179, 0.38095513746521514, 0.24203612559690768, 0.007504523810135222, 0.596337360555677, 0.6516362981692319, 0.6668531467302433, 0.7771003009650206, 0.6991990634215687, 0.6012896452119726], [0.5993687140799344, 1.1812737825350432, 0.0, 0.31088764346083414, 0.6094718957695454, 0.13011183655395211, 0.2347533786581401, 0.6809823515194942, 0.40725098391703374, 0.25386736438278756, 0.00822905385914674, 0.5931477786185968, 0.6320456446350616, 0.6357299324198505, 0.7772806667951443, 0.7059329352287113, 0.6135983569407485], [0.5611553170852943, 1.1220132424263343, 0.0, 0.2756135174150506, 0.5971487694387675, 0.1298716808706777, 0.24855727402251232, 0.6813785654640183, 0.4079698733163968, 0.24290164951518767, 0.007894969482732161, 0.5998588025779488, 0.633319686637087, 0.6406800976355587, 0.7780232143244517, 0.6939642755416222, 0.6080085561284518], [-0.05735850674158938, 1.2787947315400803, 0.0, 0.26664569018607526, 0.6425611934397584, 0.12064217859937368, 0.6794084227823312, 0.6903840362729909, 0.3189563846377217, 0.2520057056121425, 0.006497131753992358, 0.605639072050931, 0.6388808220224605, 0.6609465048365407, 0.766772864740115, 0.6902104775577189, 0.5678647827088948], [1.059103735183144, 1.2377712669869556, 0.0, 0.29623372570769924, 0.629720292024017, 0.12432341088568574, 0.30617545076949637, 0.6864583761796104, 0.37705816747562815, 0.2513418143053736, 0.007225183508792421, 0.5796797633708888, 0.6353602346046903, 0.6503766724028358, 0.7704674675810219, 0.7038427784108587, 0.5969224274922373], [0.8788840572772258, 1.2462418567814493, 0.0, 0.27461291409292554, 0.6392379206379937, 0.11887927564389539, 0.5179492987334591, 0.691007546473744, 0.33708484554155715, 0.2422535302600295, 0.006889477554966383, 0.58448993704532, 0.6270940082284571, 0.6441300002773684, 0.773533038821937, 0.7099319637695254, 0.5626904929253542], [1.337675587721721, 1.2875457662297658, 0.0, 0.28530309340375504, 0.6536175012648171, 0.11434128750664826, 0.3927595287136313, 0.6918820168229097, 0.3083915308623977, 0.23842121214299494, 0.00655322669591385, 0.5598482378076315, 0.6102467442956166, 0.6205945441333296, 0.7543888375549614, 0.6902894236406601, 0.5450245401704087], [1.2858271647735728, 1.2159631343232378, 0.0, 0.31922340964410917, 0.6411192421150732, 0.11330631833094926, 0.5387903098341547, 0.6924149526785759, 0.2927400149532684, 0.2236056668354809, 0.006160242374180447, 0.5639206479864369, 0.6224693612936346, 0.5985402551137669, 0.7546336286386536, 0.6836220084074435, 0.5442936145006733]]}