{"labels_1": ["1", "2", "3", "4", "5", "6", "7", "8", "9"], "labels_2": ["1", "2", "3", "4", "5", "6", "7", "8", "9"], "adj_matrix_1": [[0.0, 0.04165, 0.23349, 0.24903, 0.24908, 0.24432, 0.22554, 0.18792, 0.23802], [0.04165, 0.0, 0.22418, 0.26757, 0.26638, 0.26618, 0.21363, 0.16329, 0.26281], [0.23349, 0.22418, 0.0, 0.21137, 0.19478, 0.23971, 0.02183, 0.10348, 0.26491], [0.24903, 0.26757, 0.21137, 0.0, 0.02075, 0.03965, 0.22602, 0.26919, 0.07857], [0.24908, 0.26638, 0.19478, 0.02075, 0.0, 0.06017, 0.21117, 0.258, 0.09875], [0.24432, 0.26618, 0.23971, 0.03965, 0.06017, 0.0, 0.25258, 0.28686, 0.03946], [0.22554, 0.21363, 0.02183, 0.22602, 0.21117, 0.25258, 0.0, 0.08295, 0.27615], [0.18792, 0.16329, 0.10348, 0.26919, 0.258, 0.28686, 0.08295, 0.0, 0.30126], [0.23802, 0.26281, 0.26491, 0.07857, 0.09875, 0.03946, 0.27615, 0.30126, 0.0]], "adj_matrix_2": [[0.0, 0.18563, 0.26939, 0.31204, 0.23623, 0.21473, 0.0011, 0.32917, 0.29832], [0.18563, 0.0, 0.11436, 0.18385, 0.06634, 0.03703, 0.18483, 0.21594, 0.1614], [0.26939, 0.11436, 0.0, 0.07533, 0.04948, 0.07866, 0.26887, 0.11175, 0.05061], [0.31204, 0.18385, 0.07533, 0.0, 0.12322, 0.15083, 0.31169, 0.03743, 0.02497], [0.23623, 0.06634, 0.04948, 0.12322, 0.0, 0.02961, 0.23574, 0.15829, 0.09924], [0.21473, 0.03703, 0.07866, 0.15083, 0.02961, 0.0, 0.21401, 0.18466, 0.12738], [0.0011, 0.18483, 0.26887, 0.31169, 0.23574, 0.21401, 0.0, 0.32941, 0.29841], [0.32917, 0.21594, 0.11175, 0.03743, 0.15829, 0.18466, 0.32941, 0.0, 0.06227], [0.29832, 0.1614, 0.05061, 0.02497, 0.09924, 0.12738, 0.29841, 0.06227, 0.0]], "features_1": [[0.9709747863431821, 1.202491423434417, 0.0, 0.23255851209721431, 0.5876651610634026, 0.14502704758898194, 0.21286464779553427, 0.6638914226192878, 0.44422073118929073, 0.26873046208017803, 0.007783488497544067, 0.5895162179485975, 0.6246675991375075, 0.6420358376560689, 0.8089974290175086, 0.7149578888088116, 0.6322167987468232], [1.7148062186353146, 1.403339506806259, 0.0, 0.23317394207228448, 0.6136420662047174, 0.15041559640235216, 0.1543856972651163, 0.6547317690151349, 0.46928232307034534, 0.3003225766145856, 0.007671947615560004, 0.5886389343308798, 0.6117566343295396, 0.608089871643315, 0.8120301019481713, 0.719086503794729, 0.6310921539901304], [0.3186720477501783, 1.1903307647015176, 0.0, 0.23429266248876374, 0.5986185248913716, 0.1376954357788004, 0.23557931763917495, 0.6724006268426309, 0.4227795852085292, 0.26281800663828303, 0.007783488497544067, 0.6118053297508692, 0.6296127022016015, 0.6197754348700071, 0.7912003917349631, 0.6953384756683544, 0.6235971255283391], [-0.03778796544231833, 1.1367237266289416, 0.0, 0.2274490930209287, 0.5853658082193509, 0.1380026404270747, 0.22275775422579827, 0.6721490889818361, 0.42036345509160666, 0.2586702678246471, 0.007783488497544067, 0.6196694925733932, 0.6451247567738383, 0.6626451617634114, 0.7932026173470604, 0.7002345417271123, 0.6213901116539111], [-0.0852342916421387, 1.634205474923795, 0.0, 0.2442010428578071, 0.6830571679626962, 0.12861128331294494, 0.4439167900249153, 0.6861021998539737, 0.35208632334103496, 0.3224033389230623, 0.007001439975721224, 0.6037068533739514, 0.6637889277107706, 0.6786571980509634, 0.7973182351594604, 0.6991150814335378, 0.5946420006793733], [0.19564214986418937, 1.234561931154618, 0.0, 0.23686752933853297, 0.622687944675084, 0.13023488721959842, 0.3516438913989006, 0.6831095182810121, 0.38942347222998497, 0.2610633872171322, 0.007671947615560004, 0.6113558238787564, 0.6501781308581225, 0.6536672640382051, 0.7904115014007144, 0.6940472928277002, 0.6234760205022131], [0.11129399248683214, 1.6066312011603208, 0.0, 0.22279562316376797, 0.6770718091510236, 0.13180426068164, 0.4921045495281987, 0.6859847925564124, 0.37274246380300236, 0.3176935500859457, 0.007001439975721224, 0.6019259874668277, 0.670369046364269, 0.6596294497123845, 0.8099140067528084, 0.7131409647774767, 0.5970267858199273], [0.12200241537589473, 1.3479744982903799, 0.0, 0.24817743251792423, 0.6662773385999299, 0.11510737853651155, 0.6434019328231713, 0.6927498799483796, 0.3357964991803146, 0.26378362704876146, 0.006497131753992358, 0.5936223254938091, 0.662482810511989, 0.6667979253398798, 0.7786228842756069, 0.689549616353821, 0.5717479200920964], [-0.16794457243598604, 1.4385497896633772, 0.0, 0.24718644517191854, 0.678331166440284, 0.11565454596001952, 0.6468901627032764, 0.6927120242047153, 0.3164076518391934, 0.2724989237999391, 0.006272599803500922, 0.6134741849858005, 0.663526740730171, 0.6728950917456626, 0.7807487826091872, 0.6749234546034487, 0.5566005326696211]], "features_2": [[0.27585502725742383, 0.8714419284881914, 0.0, 0.28831223335749406, 0.5335486260335405, 0.13416860917729972, 0.2526346402569736, 0.6777259935046092, 0.42619924152872213, 0.2042042164874931, 0.007894969482732161, 0.611751268292378, 0.653761271772753, 0.6820094361494893, 0.7920501907106362, 0.6927556710715072, 0.6225097497607401], [0.19738903949205255, 0.9891228549277316, 0.0, 0.2259141204633774, 0.5724757630385102, 0.1294310544734798, 0.2939370763090494, 0.6829392205799326, 0.390365063676684, 0.2188402445785489, 0.007504523810135222, 0.6129776936639124, 0.6469665324838195, 0.6776099678662887, 0.7864797499412399, 0.71459656422198, 0.6092287075678479], [0.060404721885371604, 0.9198254719181055, 0.0, 0.25980243497083655, 0.5581869840815519, 0.12775322432620584, 0.28782375092416, 0.6842861651962376, 0.3942393706512466, 0.2062757206668253, 0.007281081678807366, 0.6190234506786199, 0.6475466453557811, 0.6763336152267598, 0.7814788864846565, 0.6849338526383673, 0.6097212047449234], [0.09572047704067943, 0.8686620208849258, 0.0, 0.24527638804170757, 0.5387548898668085, 0.12987368093136642, 0.2781054735614582, 0.6824898304652603, 0.40696183328636715, 0.199626701016407, 0.007894969482732161, 0.62635406012833, 0.6724057021708664, 0.6795088835498281, 0.7857411459757621, 0.6821447453608768, 0.6146119990798798], [0.08882510790695308, 1.0718159387805288, 0.0, 0.24222623474467891, 0.6034664190825177, 0.11984723945096218, 0.46553265932017285, 0.6904945739806243, 0.3464229875895031, 0.22142533744996507, 0.006889477554966383, 0.6028505895064828, 0.6505191566001507, 0.6634023868176188, 0.7763417474294247, 0.6946578313768159, 0.597254040694096], [-0.2208891109781428, 0.9534746104227971, 0.0, 0.22292226841579382, 0.5747115485643834, 0.12342407674927941, 0.384735179978194, 0.6884618943724969, 0.36044901179294997, 0.2069055144191787, 0.007336964783822175, 0.6141223232725421, 0.6482255535523707, 0.6675130082191257, 0.7788955689628961, 0.6821467347275506, 0.6032887500722591], [0.286802851692443, 1.1578627892117683, 0.0, 0.2467352171914237, 0.619988528375641, 0.11593733670411249, 0.5033442872253993, 0.6920480194325711, 0.3116424828669522, 0.22634514018188523, 0.006216428718621936, 0.6016474568192711, 0.6432453042956985, 0.6480516391692717, 0.7698498183953777, 0.6681699930562672, 0.5571675114236393], [-0.1478906856625839, 1.1555865599341892, 0.0, 0.21567080432885802, 0.6340074787918273, 0.10794256629153157, 0.5624697195362593, 0.6931447901389609, 0.2702946759673439, 0.21508862065501844, 0.006216428718621936, 0.6034227708701891, 0.6545602400268123, 0.6595333486695996, 0.7528498869187942, 0.6808553960137691, 0.5191764140940592], [-0.2551753285046754, 1.2117589504613975, 0.0, 0.21171514452906554, 0.6493138942832056, 0.10457598940523377, 0.5394892595078374, 0.6929651114870194, 0.24612648414288496, 0.21959322927459968, 0.005935344193631176, 0.5976449984867793, 0.6476100007483867, 0.6581985688472164, 0.7400565749702573, 0.6540134503670104, 0.5019014008162322]]}