{"labels_1": ["1", "2", "3", "4", "5", "6", "7", "8", "9"], "labels_2": ["1", "2", "3", "4", "5", "6", "7", "8", "9"], "adj_matrix_1": [[0.0, 0.04165, 0.23349, 0.24903, 0.24908, 0.24432, 0.22554, 0.18792, 0.23802], [0.04165, 0.0, 0.22418, 0.26757, 0.26638, 0.26618, 0.21363, 0.16329, 0.26281], [0.23349, 0.22418, 0.0, 0.21137, 0.19478, 0.23971, 0.02183, 0.10348, 0.26491], [0.24903, 0.26757, 0.21137, 0.0, 0.02075, 0.03965, 0.22602, 0.26919, 0.07857], [0.24908, 0.26638, 0.19478, 0.02075, 0.0, 0.06017, 0.21117, 0.258, 0.09875], [0.24432, 0.26618, 0.23971, 0.03965, 0.06017, 0.0, 0.25258, 0.28686, 0.03946], [0.22554, 0.21363, 0.02183, 0.22602, 0.21117, 0.25258, 0.0, 0.08295, 0.27615], [0.18792, 0.16329, 0.10348, 0.26919, 0.258, 0.28686, 0.08295, 0.0, 0.30126], [0.23802, 0.26281, 0.26491, 0.07857, 0.09875, 0.03946, 0.27615, 0.30126, 0.0]], "adj_matrix_2": [[0.0, 0.0455, 0.09404, 0.01743, 0.20693, 0.29752, 0.07592, 0.10256, 0.15121], [0.0455, 0.0, 0.04932, 0.06276, 0.16822, 0.29518, 0.03087, 0.0581, 0.10869], [0.09404, 0.04932, 0.0, 0.11082, 0.12345, 0.28964, 0.01848, 0.00892, 0.06074], [0.01743, 0.06276, 0.11082, 0.0, 0.22103, 0.29777, 0.09291, 0.11922, 0.16696], [0.20693, 0.16822, 0.12345, 0.22103, 0.0, 0.25593, 0.14056, 0.11518, 0.06499], [0.29752, 0.29518, 0.28964, 0.29777, 0.25593, 0.0, 0.29064, 0.2872, 0.27629], [0.07592, 0.03087, 0.01848, 0.09291, 0.14056, 0.29064, 0.0, 0.02742, 0.07895], [0.10256, 0.0581, 0.00892, 0.11922, 0.11518, 0.2872, 0.02742, 0.0, 0.05201], [0.15121, 0.10869, 0.06074, 0.16696, 0.06499, 0.27629, 0.07895, 0.05201, 0.0]], "features_1": [[0.9709747863431821, 1.202491423434417, 0.0, 0.23255851209721431, 0.5876651610634026, 0.14502704758898194, 0.21286464779553427, 0.6638914226192878, 0.44422073118929073, 0.26873046208017803, 0.007783488497544067, 0.5895162179485975, 0.6246675991375075, 0.6420358376560689, 0.8089974290175086, 0.7149578888088116, 0.6322167987468232], [1.7148062186353146, 1.403339506806259, 0.0, 0.23317394207228448, 0.6136420662047174, 0.15041559640235216, 0.1543856972651163, 0.6547317690151349, 0.46928232307034534, 0.3003225766145856, 0.007671947615560004, 0.5886389343308798, 0.6117566343295396, 0.608089871643315, 0.8120301019481713, 0.719086503794729, 0.6310921539901304], [0.3186720477501783, 1.1903307647015176, 0.0, 0.23429266248876374, 0.5986185248913716, 0.1376954357788004, 0.23557931763917495, 0.6724006268426309, 0.4227795852085292, 0.26281800663828303, 0.007783488497544067, 0.6118053297508692, 0.6296127022016015, 0.6197754348700071, 0.7912003917349631, 0.6953384756683544, 0.6235971255283391], [-0.03778796544231833, 1.1367237266289416, 0.0, 0.2274490930209287, 0.5853658082193509, 0.1380026404270747, 0.22275775422579827, 0.6721490889818361, 0.42036345509160666, 0.2586702678246471, 0.007783488497544067, 0.6196694925733932, 0.6451247567738383, 0.6626451617634114, 0.7932026173470604, 0.7002345417271123, 0.6213901116539111], [-0.0852342916421387, 1.634205474923795, 0.0, 0.2442010428578071, 0.6830571679626962, 0.12861128331294494, 0.4439167900249153, 0.6861021998539737, 0.35208632334103496, 0.3224033389230623, 0.007001439975721224, 0.6037068533739514, 0.6637889277107706, 0.6786571980509634, 0.7973182351594604, 0.6991150814335378, 0.5946420006793733], [0.19564214986418937, 1.234561931154618, 0.0, 0.23686752933853297, 0.622687944675084, 0.13023488721959842, 0.3516438913989006, 0.6831095182810121, 0.38942347222998497, 0.2610633872171322, 0.007671947615560004, 0.6113558238787564, 0.6501781308581225, 0.6536672640382051, 0.7904115014007144, 0.6940472928277002, 0.6234760205022131], [0.11129399248683214, 1.6066312011603208, 0.0, 0.22279562316376797, 0.6770718091510236, 0.13180426068164, 0.4921045495281987, 0.6859847925564124, 0.37274246380300236, 0.3176935500859457, 0.007001439975721224, 0.6019259874668277, 0.670369046364269, 0.6596294497123845, 0.8099140067528084, 0.7131409647774767, 0.5970267858199273], [0.12200241537589473, 1.3479744982903799, 0.0, 0.24817743251792423, 0.6662773385999299, 0.11510737853651155, 0.6434019328231713, 0.6927498799483796, 0.3357964991803146, 0.26378362704876146, 0.006497131753992358, 0.5936223254938091, 0.662482810511989, 0.6667979253398798, 0.7786228842756069, 0.689549616353821, 0.5717479200920964], [-0.16794457243598604, 1.4385497896633772, 0.0, 0.24718644517191854, 0.678331166440284, 0.11565454596001952, 0.6468901627032764, 0.6927120242047153, 0.3164076518391934, 0.2724989237999391, 0.006272599803500922, 0.6134741849858005, 0.663526740730171, 0.6728950917456626, 0.7807487826091872, 0.6749234546034487, 0.5566005326696211]], "features_2": [[-0.10903021463467688, 1.1451277896796255, 0.0, 0.1832432915361172, 0.5895569300957966, 0.13778124978563144, 0.2228129978469518, 0.673525866828165, 0.42985611322283557, 0.2636185556207886, 0.007671947615560004, 0.6322124412548438, 0.6569914570989327, 0.6849155615768936, 0.7962121938566423, 0.7101618017341688, 0.6029528829564232], [-0.17031027933028975, 1.1718911764559652, 0.0, 0.22449327239710776, 0.5921271091260587, 0.1379209453571459, 0.2392598941772178, 0.6726804935518316, 0.44449035743993637, 0.27263638781384625, 0.007950687539111767, 0.6341846206196795, 0.6667244944550506, 0.6934364487135388, 0.7932527990640664, 0.6994265674628289, 0.6011074571286638], [-0.04946343228827166, 1.1579739810598875, 0.0, 0.20482601000014863, 0.5925533413482846, 0.13648027728786985, 0.19006922384693184, 0.6734213575606849, 0.4202048354107366, 0.2641546271082311, 0.007504523810135222, 0.6256587995274421, 0.638256570021568, 0.6678702230832287, 0.788946206098026, 0.7093791452786816, 0.605577617288437], [-0.07764400296272056, 1.1495065267318323, 0.0, 0.1836280024012246, 0.5984226275731294, 0.1314227795211768, 0.29123462169393194, 0.6809249821114993, 0.3858442995363194, 0.2531979877432635, 0.007225183508792421, 0.626473535058222, 0.6450298795127158, 0.6640926236250276, 0.7883369898349529, 0.696603538951576, 0.5940794399362279], [0.07796457478317587, 1.524696440201627, 0.0, 0.1824796774379546, 0.6724368404177266, 0.12380909723022204, 0.6046775465821831, 0.6887968512043442, 0.3368974306723618, 0.2946063386715765, 0.006609306440138685, 0.6056100621479303, 0.6407537951216743, 0.6587153363907359, 0.7773182786580309, 0.678739309323432, 0.5276914246208616], [0.21600087975457605, 1.1991997571772592, 0.0, 0.23866554151545322, 0.6127996120405604, 0.12889931417416098, 0.32731138187964814, 0.6833561050767853, 0.3759837788971361, 0.2581416682536273, 0.007392832833969631, 0.5954885967010326, 0.6561835032924825, 0.6911862674536672, 0.784848906286587, 0.6894207253786767, 0.6139943462752183], [0.2093307764122727, 1.6003977244592982, 0.0, 0.22732054887255593, 0.6901125516543715, 0.12033722043471398, 0.5083232249075558, 0.6903648221085781, 0.3260689294329231, 0.300553614465225, 0.006497131753992358, 0.6202096099699701, 0.6330082825568926, 0.6457246120644452, 0.7768121535285812, 0.6874195297912937, 0.504262633778308], [-0.15821489589814597, 1.5165165843467623, 0.0, 0.2312281659981527, 0.6930259695361244, 0.11135840447192574, 0.7196958543334795, 0.6930554039449024, 0.28196125574256237, 0.27614203701605455, 0.006047823865199753, 0.5937415455895922, 0.6354642787520299, 0.6515144548632079, 0.7553626882845215, 0.6542825546811877, 0.5128378814600277], [-0.039964806457004176, 1.5738203432650957, 0.0, 0.2338616213516603, 0.701655283686261, 0.10775798072630662, 0.5069649423758534, 0.6931382284575971, 0.25909551032150335, 0.27801352588022676, 0.005822803276368971, 0.5899212123583408, 0.6383084020962984, 0.6521743035407899, 0.7439669750918669, 0.6770627981907684, 0.4951805917317896]]}