{"labels_1": ["1", "2", "3", "4", "5", "6", "7", "8", "9"], "labels_2": ["1", "2", "3", "4", "5", "6", "7", "8", "9"], "adj_matrix_1": [[0.0, 0.04165, 0.23349, 0.24903, 0.24908, 0.24432, 0.22554, 0.18792, 0.23802], [0.04165, 0.0, 0.22418, 0.26757, 0.26638, 0.26618, 0.21363, 0.16329, 0.26281], [0.23349, 0.22418, 0.0, 0.21137, 0.19478, 0.23971, 0.02183, 0.10348, 0.26491], [0.24903, 0.26757, 0.21137, 0.0, 0.02075, 0.03965, 0.22602, 0.26919, 0.07857], [0.24908, 0.26638, 0.19478, 0.02075, 0.0, 0.06017, 0.21117, 0.258, 0.09875], [0.24432, 0.26618, 0.23971, 0.03965, 0.06017, 0.0, 0.25258, 0.28686, 0.03946], [0.22554, 0.21363, 0.02183, 0.22602, 0.21117, 0.25258, 0.0, 0.08295, 0.27615], [0.18792, 0.16329, 0.10348, 0.26919, 0.258, 0.28686, 0.08295, 0.0, 0.30126], [0.23802, 0.26281, 0.26491, 0.07857, 0.09875, 0.03946, 0.27615, 0.30126, 0.0]], "adj_matrix_2": [[0.0, 0.15139, 0.00545, 0.00612, 0.03985, 0.1191, 0.30517, 0.2074, 0.00188], [0.15139, 0.0, 0.15632, 0.15693, 0.18667, 0.03498, 0.22268, 0.06598, 0.14959], [0.00545, 0.15632, 0.0, 0.00066, 0.03445, 0.12426, 0.30709, 0.2119, 0.00734], [0.00612, 0.15693, 0.00066, 0.0, 0.03377, 0.12488, 0.30747, 0.21237, 0.008], [0.03985, 0.18667, 0.03445, 0.03377, 0.0, 0.15613, 0.31845, 0.2388, 0.04176], [0.1191, 0.03498, 0.12426, 0.12488, 0.15613, 0.0, 0.245, 0.09984, 0.1173], [0.30517, 0.22268, 0.30709, 0.30747, 0.31845, 0.245, 0.0, 0.17346, 0.30382], [0.2074, 0.06598, 0.2119, 0.21237, 0.2388, 0.09984, 0.17346, 0.0, 0.20598], [0.00188, 0.14959, 0.00734, 0.008, 0.04176, 0.1173, 0.30382, 0.20598, 0.0]], "features_1": [[0.9709747863431821, 1.202491423434417, 0.0, 0.23255851209721431, 0.5876651610634026, 0.14502704758898194, 0.21286464779553427, 0.6638914226192878, 0.44422073118929073, 0.26873046208017803, 0.007783488497544067, 0.5895162179485975, 0.6246675991375075, 0.6420358376560689, 0.8089974290175086, 0.7149578888088116, 0.6322167987468232], [1.7148062186353146, 1.403339506806259, 0.0, 0.23317394207228448, 0.6136420662047174, 0.15041559640235216, 0.1543856972651163, 0.6547317690151349, 0.46928232307034534, 0.3003225766145856, 0.007671947615560004, 0.5886389343308798, 0.6117566343295396, 0.608089871643315, 0.8120301019481713, 0.719086503794729, 0.6310921539901304], [0.3186720477501783, 1.1903307647015176, 0.0, 0.23429266248876374, 0.5986185248913716, 0.1376954357788004, 0.23557931763917495, 0.6724006268426309, 0.4227795852085292, 0.26281800663828303, 0.007783488497544067, 0.6118053297508692, 0.6296127022016015, 0.6197754348700071, 0.7912003917349631, 0.6953384756683544, 0.6235971255283391], [-0.03778796544231833, 1.1367237266289416, 0.0, 0.2274490930209287, 0.5853658082193509, 0.1380026404270747, 0.22275775422579827, 0.6721490889818361, 0.42036345509160666, 0.2586702678246471, 0.007783488497544067, 0.6196694925733932, 0.6451247567738383, 0.6626451617634114, 0.7932026173470604, 0.7002345417271123, 0.6213901116539111], [-0.0852342916421387, 1.634205474923795, 0.0, 0.2442010428578071, 0.6830571679626962, 0.12861128331294494, 0.4439167900249153, 0.6861021998539737, 0.35208632334103496, 0.3224033389230623, 0.007001439975721224, 0.6037068533739514, 0.6637889277107706, 0.6786571980509634, 0.7973182351594604, 0.6991150814335378, 0.5946420006793733], [0.19564214986418937, 1.234561931154618, 0.0, 0.23686752933853297, 0.622687944675084, 0.13023488721959842, 0.3516438913989006, 0.6831095182810121, 0.38942347222998497, 0.2610633872171322, 0.007671947615560004, 0.6113558238787564, 0.6501781308581225, 0.6536672640382051, 0.7904115014007144, 0.6940472928277002, 0.6234760205022131], [0.11129399248683214, 1.6066312011603208, 0.0, 0.22279562316376797, 0.6770718091510236, 0.13180426068164, 0.4921045495281987, 0.6859847925564124, 0.37274246380300236, 0.3176935500859457, 0.007001439975721224, 0.6019259874668277, 0.670369046364269, 0.6596294497123845, 0.8099140067528084, 0.7131409647774767, 0.5970267858199273], [0.12200241537589473, 1.3479744982903799, 0.0, 0.24817743251792423, 0.6662773385999299, 0.11510737853651155, 0.6434019328231713, 0.6927498799483796, 0.3357964991803146, 0.26378362704876146, 0.006497131753992358, 0.5936223254938091, 0.662482810511989, 0.6667979253398798, 0.7786228842756069, 0.689549616353821, 0.5717479200920964], [-0.16794457243598604, 1.4385497896633772, 0.0, 0.24718644517191854, 0.678331166440284, 0.11565454596001952, 0.6468901627032764, 0.6927120242047153, 0.3164076518391934, 0.2724989237999391, 0.006272599803500922, 0.6134741849858005, 0.663526740730171, 0.6728950917456626, 0.7807487826091872, 0.6749234546034487, 0.5566005326696211]], "features_2": [[0.022965040082381982, 0.9315755085108306, 0.0, 0.21309274427969746, 0.5409810902041992, 0.13238976006083847, 0.158925000612507, 0.6762093995763562, 0.38642027534308454, 0.21198161339382193, 0.007560346756364078, 0.6178640707012863, 0.6423112832069178, 0.6639876516710899, 0.7733918794805871, 0.6937568307242602, 0.5926913535547214], [0.15291887601485765, 1.0698350260866263, 0.0, 0.2515657874098659, 0.5771578892600785, 0.12918645144305246, 0.1995806483706815, 0.6801960884455721, 0.3725598355719306, 0.232674964559902, 0.007560346756364078, 0.6081883217919359, 0.6350886952739425, 0.6510490123216415, 0.7704118379185636, 0.6872114098658086, 0.5912025872937975], [0.1650983324803148, 1.0559642857873566, 0.0, 0.20911512007820918, 0.5797456620711273, 0.12727876223859072, 0.20506294174318782, 0.6824687128076294, 0.35165276495628617, 0.22520958302073302, 0.00683347364535547, 0.6157537940482953, 0.6213805423099393, 0.640930098577831, 0.767628899743798, 0.6761131536379393, 0.5950999348143295], [0.22366615474761709, 0.9660607350687793, 0.0, 0.2262594748427334, 0.5588989219887872, 0.1291590246963911, 0.22661025947668847, 0.6815301960995361, 0.3677563952577976, 0.2118372076118209, 0.00716927026363523, 0.6127955110030356, 0.6321758106638538, 0.6446388903892297, 0.7754323749209053, 0.6867902279336467, 0.5959715566277596], [0.32817432677555214, 1.2980424704124869, 0.0, 0.2718797638077867, 0.6354624389563132, 0.11964262777216908, 0.40767025771681203, 0.6893464464465355, 0.33058118458884067, 0.2522074365508493, 0.0066653709969386465, 0.6101480474844445, 0.6377505003802221, 0.6328054331100579, 0.7691347579857498, 0.6768983715745195, 0.5684793426823767], [0.32247491472982137, 1.1385165153267203, 0.0, 0.21856629686761006, 0.6044078070000796, 0.12279776737313045, 0.31708385710356596, 0.6874579588877715, 0.3373568221423455, 0.2321261998109203, 0.00677745458930179, 0.6043867959045122, 0.6414948452429676, 0.6620954647597063, 0.7699443010229801, 0.6949573329707014, 0.5945261540522849], [0.445599971270497, 0.9969032636592138, 0.0, 0.222115198747076, 0.5763096745458116, 0.1256507286157171, 0.3964244312402826, 0.687242467446703, 0.3564521976041526, 0.2130874749321916, 0.00683347364535547, 0.5918540214551786, 0.646898379397246, 0.6796622352665475, 0.7864521972779713, 0.7004062324111028, 0.5790765898112357], [-0.018925724895968887, 1.3246812377554078, 0.0, 0.23861750102618412, 0.6509939228021441, 0.11462222784489617, 0.4154391892644199, 0.6918566609192863, 0.2993594485407036, 0.2514843673090583, 0.006104040759826512, 0.5970340806340917, 0.6480868929503378, 0.6514386058793318, 0.7575411195455464, 0.6931958392767849, 0.5378936412805473], [-0.3543374770924874, 1.2454372187295417, 0.0, 0.22774868709412383, 0.6326608239464047, 0.11789766769280453, 0.418825662078806, 0.6909245671320341, 0.3070017548616575, 0.24745913504719685, 0.006216428718621936, 0.6021280979949812, 0.6314342824833212, 0.6463026022424347, 0.7671141573674826, 0.682695393231667, 0.544645988821781]]}