{"labels_1": ["1", "2", "3", "4", "5", "6", "7", "8", "9"], "labels_2": ["1", "2", "3", "4", "5", "6", "7", "8", "9"], "adj_matrix_1": [[0.0, 0.04165, 0.23349, 0.24903, 0.24908, 0.24432, 0.22554, 0.18792, 0.23802], [0.04165, 0.0, 0.22418, 0.26757, 0.26638, 0.26618, 0.21363, 0.16329, 0.26281], [0.23349, 0.22418, 0.0, 0.21137, 0.19478, 0.23971, 0.02183, 0.10348, 0.26491], [0.24903, 0.26757, 0.21137, 0.0, 0.02075, 0.03965, 0.22602, 0.26919, 0.07857], [0.24908, 0.26638, 0.19478, 0.02075, 0.0, 0.06017, 0.21117, 0.258, 0.09875], [0.24432, 0.26618, 0.23971, 0.03965, 0.06017, 0.0, 0.25258, 0.28686, 0.03946], [0.22554, 0.21363, 0.02183, 0.22602, 0.21117, 0.25258, 0.0, 0.08295, 0.27615], [0.18792, 0.16329, 0.10348, 0.26919, 0.258, 0.28686, 0.08295, 0.0, 0.30126], [0.23802, 0.26281, 0.26491, 0.07857, 0.09875, 0.03946, 0.27615, 0.30126, 0.0]], "adj_matrix_2": [[0.0, 0.05051, 0.06834, 0.08482, 0.24245, 0.05833, 0.37108, 0.14065, 0.16659], [0.05051, 0.0, 0.01825, 0.13184, 0.27206, 0.10686, 0.37185, 0.18319, 0.20641], [0.06834, 0.01825, 0.0, 0.14781, 0.28086, 0.12358, 0.37032, 0.19713, 0.21929], [0.08482, 0.13184, 0.14781, 0.0, 0.17721, 0.02724, 0.35025, 0.05967, 0.08859], [0.24245, 0.27206, 0.28086, 0.17721, 0.0, 0.19968, 0.23337, 0.12348, 0.09529], [0.05833, 0.10686, 0.12358, 0.02724, 0.19968, 0.0, 0.35981, 0.08618, 0.11445], [0.37108, 0.37185, 0.37032, 0.35025, 0.23337, 0.35981, 0.0, 0.32166, 0.30427], [0.14065, 0.18319, 0.19713, 0.05967, 0.12348, 0.08618, 0.32166, 0.0, 0.02966], [0.16659, 0.20641, 0.21929, 0.08859, 0.09529, 0.11445, 0.30427, 0.02966, 0.0]], "features_1": [[0.9709747863431821, 1.202491423434417, 0.0, 0.23255851209721431, 0.5876651610634026, 0.14502704758898194, 0.21286464779553427, 0.6638914226192878, 0.44422073118929073, 0.26873046208017803, 0.007783488497544067, 0.5895162179485975, 0.6246675991375075, 0.6420358376560689, 0.8089974290175086, 0.7149578888088116, 0.6322167987468232], [1.7148062186353146, 1.403339506806259, 0.0, 0.23317394207228448, 0.6136420662047174, 0.15041559640235216, 0.1543856972651163, 0.6547317690151349, 0.46928232307034534, 0.3003225766145856, 0.007671947615560004, 0.5886389343308798, 0.6117566343295396, 0.608089871643315, 0.8120301019481713, 0.719086503794729, 0.6310921539901304], [0.3186720477501783, 1.1903307647015176, 0.0, 0.23429266248876374, 0.5986185248913716, 0.1376954357788004, 0.23557931763917495, 0.6724006268426309, 0.4227795852085292, 0.26281800663828303, 0.007783488497544067, 0.6118053297508692, 0.6296127022016015, 0.6197754348700071, 0.7912003917349631, 0.6953384756683544, 0.6235971255283391], [-0.03778796544231833, 1.1367237266289416, 0.0, 0.2274490930209287, 0.5853658082193509, 0.1380026404270747, 0.22275775422579827, 0.6721490889818361, 0.42036345509160666, 0.2586702678246471, 0.007783488497544067, 0.6196694925733932, 0.6451247567738383, 0.6626451617634114, 0.7932026173470604, 0.7002345417271123, 0.6213901116539111], [-0.0852342916421387, 1.634205474923795, 0.0, 0.2442010428578071, 0.6830571679626962, 0.12861128331294494, 0.4439167900249153, 0.6861021998539737, 0.35208632334103496, 0.3224033389230623, 0.007001439975721224, 0.6037068533739514, 0.6637889277107706, 0.6786571980509634, 0.7973182351594604, 0.6991150814335378, 0.5946420006793733], [0.19564214986418937, 1.234561931154618, 0.0, 0.23686752933853297, 0.622687944675084, 0.13023488721959842, 0.3516438913989006, 0.6831095182810121, 0.38942347222998497, 0.2610633872171322, 0.007671947615560004, 0.6113558238787564, 0.6501781308581225, 0.6536672640382051, 0.7904115014007144, 0.6940472928277002, 0.6234760205022131], [0.11129399248683214, 1.6066312011603208, 0.0, 0.22279562316376797, 0.6770718091510236, 0.13180426068164, 0.4921045495281987, 0.6859847925564124, 0.37274246380300236, 0.3176935500859457, 0.007001439975721224, 0.6019259874668277, 0.670369046364269, 0.6596294497123845, 0.8099140067528084, 0.7131409647774767, 0.5970267858199273], [0.12200241537589473, 1.3479744982903799, 0.0, 0.24817743251792423, 0.6662773385999299, 0.11510737853651155, 0.6434019328231713, 0.6927498799483796, 0.3357964991803146, 0.26378362704876146, 0.006497131753992358, 0.5936223254938091, 0.662482810511989, 0.6667979253398798, 0.7786228842756069, 0.689549616353821, 0.5717479200920964], [-0.16794457243598604, 1.4385497896633772, 0.0, 0.24718644517191854, 0.678331166440284, 0.11565454596001952, 0.6468901627032764, 0.6927120242047153, 0.3164076518391934, 0.2724989237999391, 0.006272599803500922, 0.6134741849858005, 0.663526740730171, 0.6728950917456626, 0.7807487826091872, 0.6749234546034487, 0.5566005326696211]], "features_2": [[-0.10060929526168838, 1.256920968749601, 0.0, 0.23242022764109102, 0.6355316155154918, 0.11959056081667105, 0.3379978473985659, 0.6895752647970919, 0.32958101854647204, 0.25381309584642864, 0.0066653709969386465, 0.5972567139892748, 0.6483975071049378, 0.6673852735342719, 0.7637958736222836, 0.6859133416701091, 0.5954994804669415], [0.2988844954957095, 1.3001458181704841, 0.0, 0.22454097843309356, 0.6412639965543709, 0.1208796688061424, 0.30610927862663573, 0.6885967812287151, 0.32935577526511106, 0.2583777288261495, 0.00655322669591385, 0.5831824893632289, 0.6324169192794207, 0.6564319093639278, 0.7634670435894777, 0.6986739836805854, 0.5877099294868674], [0.03928604354851695, 1.4465660201851964, 0.0, 0.25778601245469596, 0.6727365054977692, 0.11645699483203639, 0.3663174439202315, 0.6910257146400761, 0.3180334924635484, 0.2761991234618628, 0.0064410216040902135, 0.5927101706048277, 0.6456904642960591, 0.6550573824189564, 0.7562892136988769, 0.6719496266237464, 0.5801239808580062], [-0.15544031883760878, 1.3859434440652643, 0.0, 0.2434806457487476, 0.6619745432755673, 0.11658092862907143, 0.37395759134105333, 0.6909641661520594, 0.31765806980863376, 0.26790067181331456, 0.0066653709969386465, 0.6040230407889344, 0.6469417888963266, 0.667972399841249, 0.7557537330412827, 0.6822621672617093, 0.5824660500438404], [-0.2524559331685525, 1.326011115949567, 0.0, 0.22668765963046442, 0.6540305227840933, 0.11731001783074506, 0.41504437192233185, 0.6910793005621334, 0.3203363904006611, 0.2595852998324062, 0.006609306440138685, 0.6001127608215047, 0.6507402321367564, 0.6765737587813285, 0.7653870745293968, 0.6816514646181164, 0.5620908795384644], [0.029191720537340426, 1.4819259368724913, 0.0, 0.26338091997816643, 0.6794680800004821, 0.11633605647528127, 0.4129888500671349, 0.6913920871779771, 0.3248692299970415, 0.28170843051594585, 0.0064410216040902135, 0.5992228406193558, 0.6446789791225592, 0.6568005203258676, 0.7603161716014337, 0.6826613825915859, 0.5751961334187474], [-0.40376571537249006, 1.5403487208846094, 0.0, 0.21203180313667097, 0.6876529531601545, 0.11505364587803156, 0.4387697022246158, 0.691848088465862, 0.2927323772341026, 0.2858149406348276, 0.006104040759826512, 0.6250358150899231, 0.6475627526146248, 0.6557657986340696, 0.7608711675595635, 0.6817289121100009, 0.5703374457926659], [-0.3784815791195455, 1.2893821345687848, 0.0, 0.2631414826763151, 0.654201111475181, 0.11003281614287386, 0.39298318475518884, 0.6927770052385411, 0.27548722905062606, 0.24416076083640847, 0.006104040759826512, 0.5972737509878625, 0.6338127551126091, 0.6553156100361127, 0.7405309066976944, 0.6467830321244867, 0.5622794336052339], [-0.3505698020147414, 1.4329695691291515, 0.0, 0.2646958507755471, 0.6791620767825642, 0.10856729455968597, 0.4464557676652852, 0.6930282371456923, 0.26611188455082413, 0.26361086562302316, 0.006047823865199753, 0.5921619229837383, 0.6183010969821494, 0.6265970262605153, 0.739521332844319, 0.667267955900865, 0.562301882929212]]}