{"labels_1": ["1", "2", "3", "4", "5", "6", "7", "8", "9"], "labels_2": ["1", "2", "3", "4", "5", "6", "7", "8", "9"], "adj_matrix_1": [[0.0, 0.04165, 0.23349, 0.24903, 0.24908, 0.24432, 0.22554, 0.18792, 0.23802], [0.04165, 0.0, 0.22418, 0.26757, 0.26638, 0.26618, 0.21363, 0.16329, 0.26281], [0.23349, 0.22418, 0.0, 0.21137, 0.19478, 0.23971, 0.02183, 0.10348, 0.26491], [0.24903, 0.26757, 0.21137, 0.0, 0.02075, 0.03965, 0.22602, 0.26919, 0.07857], [0.24908, 0.26638, 0.19478, 0.02075, 0.0, 0.06017, 0.21117, 0.258, 0.09875], [0.24432, 0.26618, 0.23971, 0.03965, 0.06017, 0.0, 0.25258, 0.28686, 0.03946], [0.22554, 0.21363, 0.02183, 0.22602, 0.21117, 0.25258, 0.0, 0.08295, 0.27615], [0.18792, 0.16329, 0.10348, 0.26919, 0.258, 0.28686, 0.08295, 0.0, 0.30126], [0.23802, 0.26281, 0.26491, 0.07857, 0.09875, 0.03946, 0.27615, 0.30126, 0.0]], "adj_matrix_2": [[0.0, 0.38799, 0.25562, 0.21615, 0.04339, 0.15992, 0.24052, 0.22789, 0.19273], [0.38799, 0.0, 0.25668, 0.29739, 0.38565, 0.33993, 0.23734, 0.28614, 0.31699], [0.25562, 0.25668, 0.0, 0.0541, 0.28, 0.12041, 0.27523, 0.03837, 0.08288], [0.21615, 0.29739, 0.0541, 0.0, 0.24562, 0.06802, 0.2778, 0.01584, 0.02927], [0.04339, 0.38565, 0.28, 0.24562, 0.0, 0.19528, 0.22139, 0.25609, 0.22497], [0.15992, 0.33993, 0.12041, 0.06802, 0.19528, 0.0, 0.27625, 0.0835, 0.03905], [0.24052, 0.23734, 0.27523, 0.2778, 0.22139, 0.27625, 0.0, 0.27703, 0.27761], [0.22789, 0.28614, 0.03837, 0.01584, 0.25609, 0.0835, 0.27703, 0.0, 0.04504], [0.19273, 0.31699, 0.08288, 0.02927, 0.22497, 0.03905, 0.27761, 0.04504, 0.0]], "features_1": [[0.9709747863431821, 1.202491423434417, 0.0, 0.23255851209721431, 0.5876651610634026, 0.14502704758898194, 0.21286464779553427, 0.6638914226192878, 0.44422073118929073, 0.26873046208017803, 0.007783488497544067, 0.5895162179485975, 0.6246675991375075, 0.6420358376560689, 0.8089974290175086, 0.7149578888088116, 0.6322167987468232], [1.7148062186353146, 1.403339506806259, 0.0, 0.23317394207228448, 0.6136420662047174, 0.15041559640235216, 0.1543856972651163, 0.6547317690151349, 0.46928232307034534, 0.3003225766145856, 0.007671947615560004, 0.5886389343308798, 0.6117566343295396, 0.608089871643315, 0.8120301019481713, 0.719086503794729, 0.6310921539901304], [0.3186720477501783, 1.1903307647015176, 0.0, 0.23429266248876374, 0.5986185248913716, 0.1376954357788004, 0.23557931763917495, 0.6724006268426309, 0.4227795852085292, 0.26281800663828303, 0.007783488497544067, 0.6118053297508692, 0.6296127022016015, 0.6197754348700071, 0.7912003917349631, 0.6953384756683544, 0.6235971255283391], [-0.03778796544231833, 1.1367237266289416, 0.0, 0.2274490930209287, 0.5853658082193509, 0.1380026404270747, 0.22275775422579827, 0.6721490889818361, 0.42036345509160666, 0.2586702678246471, 0.007783488497544067, 0.6196694925733932, 0.6451247567738383, 0.6626451617634114, 0.7932026173470604, 0.7002345417271123, 0.6213901116539111], [-0.0852342916421387, 1.634205474923795, 0.0, 0.2442010428578071, 0.6830571679626962, 0.12861128331294494, 0.4439167900249153, 0.6861021998539737, 0.35208632334103496, 0.3224033389230623, 0.007001439975721224, 0.6037068533739514, 0.6637889277107706, 0.6786571980509634, 0.7973182351594604, 0.6991150814335378, 0.5946420006793733], [0.19564214986418937, 1.234561931154618, 0.0, 0.23686752933853297, 0.622687944675084, 0.13023488721959842, 0.3516438913989006, 0.6831095182810121, 0.38942347222998497, 0.2610633872171322, 0.007671947615560004, 0.6113558238787564, 0.6501781308581225, 0.6536672640382051, 0.7904115014007144, 0.6940472928277002, 0.6234760205022131], [0.11129399248683214, 1.6066312011603208, 0.0, 0.22279562316376797, 0.6770718091510236, 0.13180426068164, 0.4921045495281987, 0.6859847925564124, 0.37274246380300236, 0.3176935500859457, 0.007001439975721224, 0.6019259874668277, 0.670369046364269, 0.6596294497123845, 0.8099140067528084, 0.7131409647774767, 0.5970267858199273], [0.12200241537589473, 1.3479744982903799, 0.0, 0.24817743251792423, 0.6662773385999299, 0.11510737853651155, 0.6434019328231713, 0.6927498799483796, 0.3357964991803146, 0.26378362704876146, 0.006497131753992358, 0.5936223254938091, 0.662482810511989, 0.6667979253398798, 0.7786228842756069, 0.689549616353821, 0.5717479200920964], [-0.16794457243598604, 1.4385497896633772, 0.0, 0.24718644517191854, 0.678331166440284, 0.11565454596001952, 0.6468901627032764, 0.6927120242047153, 0.3164076518391934, 0.2724989237999391, 0.006272599803500922, 0.6134741849858005, 0.663526740730171, 0.6728950917456626, 0.7807487826091872, 0.6749234546034487, 0.5566005326696211]], "features_2": [[0.15123225750295344, 0.8905134017212504, 0.0, 0.2685556861417528, 0.5362779267499188, 0.1346024861543083, 0.20378545070140747, 0.6756497581033627, 0.4141450029925269, 0.20742112263666268, 0.007616154688146137, 0.6127080843517154, 0.6435772130587005, 0.6434591775563911, 0.7860144339801818, 0.6950208048889774, 0.6250291838835254], [-0.03218782535448694, 0.9791319535728398, 0.0, 0.25303032831896355, 0.5626328182548392, 0.131331504819828, 0.2418562549265552, 0.6797809104455594, 0.3901875674990747, 0.2190941931581485, 0.007448685839370306, 0.632432221132891, 0.6544557804966904, 0.6567884868171248, 0.7804977587782619, 0.7003420865668674, 0.6241533816610131], [-0.03114633058008387, 0.9985116710046974, 0.0, 0.267056898995034, 0.5725467501462609, 0.12971804110201496, 0.2601374609555542, 0.6814363036022814, 0.3870502174035333, 0.2220482231071077, 0.007448685839370306, 0.6180742248444375, 0.6571460097365059, 0.6781634213136227, 0.7771491620898886, 0.7048600558718456, 0.621376933621168], [0.24649994181422352, 0.9520345901991686, 0.0, 0.29244036455803, 0.553622435163095, 0.13296697267994292, 0.2645566498831933, 0.6775211872295841, 0.40920972207512185, 0.21535086973683937, 0.007671947615560004, 0.61378074798125, 0.63286100440343, 0.6536783746186894, 0.7792649545776782, 0.6934488216697042, 0.6171908307526385], [0.6610469445707827, 1.1555516095068177, 0.0, 0.28064680242634193, 0.6145853569231067, 0.12300604274231174, 0.5718077460074845, 0.6886568906301527, 0.3526003887358993, 0.2359512545464777, 0.00716927026363523, 0.5888304920633027, 0.6353722198664504, 0.6506895138050143, 0.7726094101882215, 0.6986339642257101, 0.5828851657076883], [0.02035229970546437, 1.0652834328373921, 0.0, 0.27406126315079726, 0.5966974307745986, 0.12490515740051317, 0.45021425928139036, 0.6869765670317123, 0.360235611391716, 0.22537377854331586, 0.007225183508792421, 0.6090206961758391, 0.654085472259354, 0.6862959699612619, 0.7748623433539931, 0.6832504740730411, 0.6038113050473101], [0.8247078877498661, 1.1469117738297718, 0.0, 0.285514761745669, 0.6049718286679652, 0.12772839067038122, 0.4483856687935351, 0.685246598275217, 0.36125022722471356, 0.2357049777864122, 0.007057398507269275, 0.5776191736984886, 0.6420878559673453, 0.6505108182646577, 0.7803856495677438, 0.6901547416628959, 0.5773296456346536], [-0.18666164725476575, 1.1592254073077108, 0.0, 0.24599205798162396, 0.6280568243538828, 0.11701753863033867, 0.8477357711513698, 0.6920779438052949, 0.31476874646365904, 0.22825117743352097, 0.00655322669591385, 0.6033544257590022, 0.6368669995523097, 0.6596867010543968, 0.7631092218539848, 0.6741531304192134, 0.5469025891853481], [-0.18005108236471346, 1.1538493729195476, 0.0, 0.2566863797790048, 0.6250652984988128, 0.11633759473952189, 0.7403032773363236, 0.6920848596990841, 0.30473133535624974, 0.22656529094677214, 0.0066653709969386465, 0.5983208803006308, 0.6485153704523925, 0.6703534874006533, 0.7633263235839979, 0.6831584232950331, 0.5458734512546384]]}