{"labels_1": ["1", "2", "3", "4", "5", "6", "7", "8", "9"], "labels_2": ["1", "2", "3", "4", "5", "6", "7", "8", "9"], "adj_matrix_1": [[0.0, 0.29374, 0.03601, 0.02483, 0.16623, 0.07438, 0.26838, 0.15027, 0.29957], [0.29374, 0.0, 0.31607, 0.30932, 0.1613, 0.33802, 0.26063, 0.17659, 0.2509], [0.03601, 0.31607, 0.0, 0.01121, 0.19864, 0.03865, 0.26331, 0.18334, 0.29698], [0.02483, 0.30932, 0.01121, 0.0, 0.1887, 0.0498, 0.26494, 0.17318, 0.29788], [0.16623, 0.1613, 0.19864, 0.1887, 0.0, 0.23199, 0.28081, 0.01748, 0.2954], [0.07438, 0.33802, 0.03865, 0.0498, 0.23199, 0.0, 0.25736, 0.2175, 0.29333], [0.26838, 0.26063, 0.26331, 0.26494, 0.28081, 0.25736, 0.0, 0.28072, 0.05152], [0.15027, 0.17659, 0.18334, 0.17318, 0.01748, 0.2175, 0.28072, 0.0, 0.29739], [0.29957, 0.2509, 0.29698, 0.29788, 0.2954, 0.29333, 0.05152, 0.29739, 0.0]], "adj_matrix_2": [[0.0, 0.26237, 0.05448, 0.10792, 0.2495, 0.07789, 0.0897, 0.15833, 0.25434], [0.26237, 0.0, 0.28515, 0.19775, 0.03128, 0.21868, 0.21066, 0.15508, 0.16758], [0.05448, 0.28515, 0.0, 0.15777, 0.27732, 0.12977, 0.14089, 0.20333, 0.24989], [0.10792, 0.19775, 0.15777, 0.0, 0.17563, 0.0314, 0.01917, 0.05592, 0.2512], [0.2495, 0.03128, 0.27732, 0.17563, 0.0, 0.19923, 0.19028, 0.12895, 0.18693], [0.07789, 0.21868, 0.12977, 0.0314, 0.19923, 0.0, 0.01227, 0.08641, 0.25383], [0.0897, 0.21066, 0.14089, 0.01917, 0.19028, 0.01227, 0.0, 0.07459, 0.25283], [0.15833, 0.15508, 0.20333, 0.05592, 0.12895, 0.08641, 0.07459, 0.0, 0.24139], [0.25434, 0.16758, 0.24989, 0.2512, 0.18693, 0.25383, 0.25283, 0.24139, 0.0]], "features_1": [[-0.19014908872608816, 1.1362793938449882, 0.0, 0.2479861321995522, 0.5789361383835611, 0.13726234826796416, 0.232294459701356, 0.6708147155997515, 0.4241366108775724, 0.2596603528040087, 0.007783488497544067, 0.6297508614610028, 0.6547700766770813, 0.691092118362003, 0.7783761621542624, 0.7053919926602791, 0.5975186211397818], [-0.13825350756712806, 1.0865113704515648, 0.0, 0.21414701304691994, 0.5702297229535372, 0.135578661955103, 0.28828633419225086, 0.6757498457279258, 0.4230424978762477, 0.25063261676706916, 0.008006390651371653, 0.6263494174663786, 0.6493224030721955, 0.6862378464464236, 0.791988293171634, 0.6978178385559527, 0.5847837005116777], [-0.33434954311102416, 1.2620273110201004, 0.0, 0.2721292272889699, 0.6091189602346108, 0.1333706886454209, 0.3172202711805653, 0.6767771112849623, 0.4035444626621554, 0.27757452679307937, 0.007560346756364078, 0.6319215976005088, 0.6375792281610146, 0.670554951655018, 0.7755916416800582, 0.6732998890771759, 0.5933109433989517], [-0.18791178614789805, 1.2331416095135062, 0.0, 0.2759076147938111, 0.6129315164302206, 0.13001324472916953, 0.3732241235734179, 0.681728815519643, 0.3907382012328997, 0.26666591309350385, 0.007448685839370306, 0.6278885858840519, 0.6388219604511304, 0.6528043897850784, 0.7744618094145198, 0.6979852631458295, 0.5862489433639443], [-0.1133875993886182, 1.469354282147255, 0.0, 0.2071479582004288, 0.6653550946402266, 0.12002639651300098, 0.4876483986826294, 0.690259493180605, 0.31946042319417134, 0.2831649656692401, 0.006328755639155359, 0.602167376524946, 0.6387888579106247, 0.6737090524136128, 0.7778409637498848, 0.6836322813735249, 0.5071315955423551], [-0.3358273493563315, 1.344920062458845, 0.0, 0.26076455424320755, 0.6431201496544401, 0.12354932261881572, 0.570374999597987, 0.6881745889444995, 0.36429468949402266, 0.2762858579009202, 0.007336964783822175, 0.631592789611672, 0.6439040555082974, 0.6719562848578143, 0.7737604492313134, 0.6933497828154704, 0.5735716618865325], [0.49105779311853226, 1.5300589171020256, 0.0, 0.3016669857255441, 0.6833184390666059, 0.11749484906594068, 0.573525116081418, 0.6916106134026936, 0.3308635187693745, 0.2894958527153375, 0.006889477554966383, 0.583189683055187, 0.6487023947431256, 0.6565729734713371, 0.7653110639753435, 0.697393140586972, 0.5134425196071126], [-0.04026185600571175, 1.427071182471459, 0.0, 0.2547029599645277, 0.6805681420365747, 0.10663217457295829, 0.5879776496832413, 0.6931398865575454, 0.25622967371400795, 0.25303001045960216, 0.005653876882570019, 0.5922497598602383, 0.6431753181728633, 0.6251796116621647, 0.7422894244877261, 0.6562807120546964, 0.48624972370427044], [0.4429948176029437, 1.5135642275692385, 0.0, 0.30264798168640245, 0.6958238077723986, 0.10414439061264316, 0.6166740830545777, 0.6929720412501315, 0.252380955451019, 0.25889161873793, 0.006216428718621936, 0.5728946994420268, 0.6259209489741022, 0.6276948274093244, 0.7325141126495249, 0.6627622128601987, 0.46065690849093477]], "features_2": [[0.24620154595686472, 0.8795136259978749, 0.0, 0.2562726379706182, 0.5429417577548902, 0.13022607101735412, 0.3667606823152546, 0.6833353526000079, 0.39466052114744965, 0.1977275465729298, 0.007671947615560004, 0.6054670392781125, 0.6636582457326393, 0.6782604151276584, 0.7961096553511126, 0.7065075050866423, 0.6258684774002883], [0.8588671108165902, 0.9502746146284307, 0.0, 0.24732954015610487, 0.5567634729950731, 0.12945149231993724, 0.39628885095786615, 0.6836437546794248, 0.38545685813444197, 0.20467605434759206, 0.00711334193318236, 0.5922675067128149, 0.6425149490808686, 0.6613513694202358, 0.7944934544986575, 0.6946413778450937, 0.6058223621345904], [0.0406878139246718, 1.02116768646123, 0.0, 0.23716026609964913, 0.5850216462090643, 0.12490300500164384, 0.3861194743679143, 0.6869940037908988, 0.3619870652875681, 0.21828682572845182, 0.00711334193318236, 0.6051371347454828, 0.6596686046906035, 0.6693819791148069, 0.7827909067482934, 0.712867783541639, 0.6159798798514574], [0.33816933045239894, 0.9280532124195641, 0.0, 0.2551115495782723, 0.5627438490426954, 0.12471917889574252, 0.387646663758855, 0.6872096523891162, 0.3672245092545172, 0.20009881945802843, 0.00683347364535547, 0.5972680302647686, 0.650813494780876, 0.6524165034374, 0.784436409673582, 0.7001374040205531, 0.6280059251007296], [1.0700350061901762, 1.1938730588682258, 0.0, 0.23805354704727635, 0.6157986765448531, 0.12152873996982261, 0.4449345794340431, 0.689011596351986, 0.3500726435893571, 0.23412192161920187, 0.0066653709969386465, 0.5938121391689299, 0.6221755257227912, 0.616350793846771, 0.7784700621961584, 0.6860695766526068, 0.5542174331725628], [0.11369537209907765, 1.0494521294930144, 0.0, 0.21726735504762534, 0.5944754676500966, 0.12269221832139425, 0.3934342384982877, 0.6883652224171934, 0.35338078615182034, 0.2190063330610239, 0.00683347364535547, 0.5982291562492055, 0.6406390761450519, 0.6392268098694688, 0.7779690168769274, 0.6832651193571244, 0.6124795690940066], [0.6087112114225475, 1.106980567226024, 0.0, 0.2676626174680886, 0.6022604475213824, 0.12313609890574459, 0.44552329665603807, 0.688739932708643, 0.3564676101871449, 0.22537821609056619, 0.007057398507269275, 0.5974305077218558, 0.627007818115935, 0.646440274564457, 0.7843702842639196, 0.6839272519867002, 0.5736557251584605], [0.3349973606860508, 0.9203683436352126, 0.0, 0.24018941861127704, 0.5623768326068839, 0.12233210617144276, 0.39223395862959337, 0.6879999939141083, 0.3638888993845184, 0.19597367137712007, 0.007057398507269275, 0.5965256869773432, 0.6484748828358692, 0.6645296726934165, 0.7743000375795152, 0.6942751647492084, 0.5959832769670534], [0.717039365604744, 0.9845451472631443, 0.0, 0.25407526463172764, 0.5837465097598457, 0.11780772759126057, 0.4712192757461587, 0.6908762768571612, 0.33382485190303246, 0.19899077725684777, 0.00683347364535547, 0.577254715880062, 0.6379782314932683, 0.6452121839567891, 0.767850931439728, 0.6855982443594368, 0.5939134764446594]]}