{"labels_1": ["1", "2", "3", "4", "5", "6", "7", "8", "9"], "labels_2": ["1", "2", "3", "4", "5", "6", "7", "8", "9"], "adj_matrix_1": [[0.0, 0.29374, 0.03601, 0.02483, 0.16623, 0.07438, 0.26838, 0.15027, 0.29957], [0.29374, 0.0, 0.31607, 0.30932, 0.1613, 0.33802, 0.26063, 0.17659, 0.2509], [0.03601, 0.31607, 0.0, 0.01121, 0.19864, 0.03865, 0.26331, 0.18334, 0.29698], [0.02483, 0.30932, 0.01121, 0.0, 0.1887, 0.0498, 0.26494, 0.17318, 0.29788], [0.16623, 0.1613, 0.19864, 0.1887, 0.0, 0.23199, 0.28081, 0.01748, 0.2954], [0.07438, 0.33802, 0.03865, 0.0498, 0.23199, 0.0, 0.25736, 0.2175, 0.29333], [0.26838, 0.26063, 0.26331, 0.26494, 0.28081, 0.25736, 0.0, 0.28072, 0.05152], [0.15027, 0.17659, 0.18334, 0.17318, 0.01748, 0.2175, 0.28072, 0.0, 0.29739], [0.29957, 0.2509, 0.29698, 0.29788, 0.2954, 0.29333, 0.05152, 0.29739, 0.0]], "adj_matrix_2": [[0.0, 0.31991, 0.1425, 0.0509, 0.21718, 0.20889, 0.31981, 0.2805, 0.31411], [0.31991, 0.0, 0.2546, 0.33448, 0.21218, 0.20454, 0.05498, 0.11754, 0.03468], [0.1425, 0.2546, 0.0, 0.18856, 0.24127, 0.07618, 0.27599, 0.17299, 0.23569], [0.0509, 0.33448, 0.18856, 0.0, 0.20713, 0.24935, 0.32756, 0.31011, 0.3331], [0.21718, 0.21218, 0.24127, 0.20713, 0.0, 0.24794, 0.18478, 0.24423, 0.22497], [0.20889, 0.20454, 0.07618, 0.24935, 0.24794, 0.0, 0.23734, 0.10412, 0.17922], [0.31981, 0.05498, 0.27599, 0.32756, 0.18478, 0.23734, 0.0, 0.16399, 0.08829], [0.2805, 0.11754, 0.17299, 0.31011, 0.24423, 0.10412, 0.16399, 0.0, 0.08542], [0.31411, 0.03468, 0.23569, 0.3331, 0.22497, 0.17922, 0.08829, 0.08542, 0.0]], "features_1": [[-0.19014908872608816, 1.1362793938449882, 0.0, 0.2479861321995522, 0.5789361383835611, 0.13726234826796416, 0.232294459701356, 0.6708147155997515, 0.4241366108775724, 0.2596603528040087, 0.007783488497544067, 0.6297508614610028, 0.6547700766770813, 0.691092118362003, 0.7783761621542624, 0.7053919926602791, 0.5975186211397818], [-0.13825350756712806, 1.0865113704515648, 0.0, 0.21414701304691994, 0.5702297229535372, 0.135578661955103, 0.28828633419225086, 0.6757498457279258, 0.4230424978762477, 0.25063261676706916, 0.008006390651371653, 0.6263494174663786, 0.6493224030721955, 0.6862378464464236, 0.791988293171634, 0.6978178385559527, 0.5847837005116777], [-0.33434954311102416, 1.2620273110201004, 0.0, 0.2721292272889699, 0.6091189602346108, 0.1333706886454209, 0.3172202711805653, 0.6767771112849623, 0.4035444626621554, 0.27757452679307937, 0.007560346756364078, 0.6319215976005088, 0.6375792281610146, 0.670554951655018, 0.7755916416800582, 0.6732998890771759, 0.5933109433989517], [-0.18791178614789805, 1.2331416095135062, 0.0, 0.2759076147938111, 0.6129315164302206, 0.13001324472916953, 0.3732241235734179, 0.681728815519643, 0.3907382012328997, 0.26666591309350385, 0.007448685839370306, 0.6278885858840519, 0.6388219604511304, 0.6528043897850784, 0.7744618094145198, 0.6979852631458295, 0.5862489433639443], [-0.1133875993886182, 1.469354282147255, 0.0, 0.2071479582004288, 0.6653550946402266, 0.12002639651300098, 0.4876483986826294, 0.690259493180605, 0.31946042319417134, 0.2831649656692401, 0.006328755639155359, 0.602167376524946, 0.6387888579106247, 0.6737090524136128, 0.7778409637498848, 0.6836322813735249, 0.5071315955423551], [-0.3358273493563315, 1.344920062458845, 0.0, 0.26076455424320755, 0.6431201496544401, 0.12354932261881572, 0.570374999597987, 0.6881745889444995, 0.36429468949402266, 0.2762858579009202, 0.007336964783822175, 0.631592789611672, 0.6439040555082974, 0.6719562848578143, 0.7737604492313134, 0.6933497828154704, 0.5735716618865325], [0.49105779311853226, 1.5300589171020256, 0.0, 0.3016669857255441, 0.6833184390666059, 0.11749484906594068, 0.573525116081418, 0.6916106134026936, 0.3308635187693745, 0.2894958527153375, 0.006889477554966383, 0.583189683055187, 0.6487023947431256, 0.6565729734713371, 0.7653110639753435, 0.697393140586972, 0.5134425196071126], [-0.04026185600571175, 1.427071182471459, 0.0, 0.2547029599645277, 0.6805681420365747, 0.10663217457295829, 0.5879776496832413, 0.6931398865575454, 0.25622967371400795, 0.25303001045960216, 0.005653876882570019, 0.5922497598602383, 0.6431753181728633, 0.6251796116621647, 0.7422894244877261, 0.6562807120546964, 0.48624972370427044], [0.4429948176029437, 1.5135642275692385, 0.0, 0.30264798168640245, 0.6958238077723986, 0.10414439061264316, 0.6166740830545777, 0.6929720412501315, 0.252380955451019, 0.25889161873793, 0.006216428718621936, 0.5728946994420268, 0.6259209489741022, 0.6276948274093244, 0.7325141126495249, 0.6627622128601987, 0.46065690849093477]], "features_2": [[-0.06243814590162167, 0.9065668973878019, 0.0, 0.262377777721477, 0.5398798971421904, 0.1348226743650215, 0.2607999122907231, 0.6777212466676811, 0.43381055904238974, 0.2119871005060514, 0.008062078829516484, 0.635784290188643, 0.6508453403912052, 0.6847264904420997, 0.7931655870013348, 0.7042154019993411, 0.6156630526572057], [0.806654958078592, 0.9271456087457779, 0.0, 0.2394583418689713, 0.5412598674058975, 0.1365018230630203, 0.2002525821575624, 0.6744215628318679, 0.4242359265378719, 0.21180726824083917, 0.007616154688146137, 0.5932806132631832, 0.6450178304169937, 0.6706250769671169, 0.7860139375128843, 0.7120107270204387, 0.6182609283365537], [-0.10299754754376567, 0.9429717743529066, 0.0, 0.2199125060882895, 0.5611712226890825, 0.12955456424304995, 0.3047139454427139, 0.6835715874839685, 0.39955302401725157, 0.21048378985035887, 0.007616154688146137, 0.6161239659937314, 0.6405974478350572, 0.6639493608555113, 0.7848732253963884, 0.7013957414498907, 0.6123669753010412], [-0.1253930871460449, 0.9100496016105047, 0.0, 0.23366264384860508, 0.552217825017218, 0.12691311162494512, 0.3442226602549866, 0.685734627974813, 0.3910491412767978, 0.20289693063796221, 0.00716927026363523, 0.6246452279547592, 0.6391144356267224, 0.6785130834258021, 0.7835675641991356, 0.6905249227810102, 0.6115989899675174], [1.4519502767920693, 1.0534210212410033, 0.0, 0.2771239750534514, 0.5835148721744471, 0.12679948852475972, 0.39326406923249807, 0.6854662137081675, 0.36836141152183255, 0.21931362311869873, 0.00716927026363523, 0.5734545617353555, 0.6347270996247324, 0.6582270868724284, 0.7710056236534392, 0.677455762287295, 0.5824966696774752], [0.03641917988742893, 0.9676872813199029, 0.0, 0.23489752107342698, 0.575107793522271, 0.1249284383814437, 0.3726419216892033, 0.6877667828762588, 0.3802165153573873, 0.21040583116790756, 0.007504523810135222, 0.6037767566472554, 0.6571501709448815, 0.6902103208866356, 0.7806453113482541, 0.6803474614122685, 0.6092018659819679], [0.3395970675499558, 0.9673888882822896, 0.0, 0.28462792633991246, 0.5821937361365975, 0.11521383405458308, 0.5251212520059447, 0.6924031684714966, 0.3274875648661959, 0.1923961979802724, 0.00683347364535547, 0.579898756624579, 0.644576641054537, 0.6497974042995648, 0.7668040794879627, 0.6709228132241024, 0.5509495911758469], [0.3381459730297496, 1.0510238683067332, 0.0, 0.28118359743657, 0.6019959423567367, 0.11715639205008319, 0.4929022552724156, 0.6915840071050279, 0.3207691616139796, 0.20760700245953534, 0.006216428718621936, 0.584467436276398, 0.6397130840900882, 0.6389936534389423, 0.7633609305008774, 0.6729982888539143, 0.6006429311262381], [0.2061792189086975, 1.076594810914925, 0.0, 0.27891760255115533, 0.6126916786320661, 0.11244955547483376, 0.4967729887147122, 0.6928151133577005, 0.30548483414035976, 0.20824360060944103, 0.00655322669591385, 0.5845226667631032, 0.6343259573781305, 0.651600794485644, 0.754837505241498, 0.6605725135861693, 0.5724315736572073]]}