{"labels_1": ["1", "2", "3", "4", "5", "6", "7", "8", "9"], "labels_2": ["1", "2", "3", "4", "5", "6", "7", "8", "9"], "adj_matrix_1": [[0.0, 0.29374, 0.03601, 0.02483, 0.16623, 0.07438, 0.26838, 0.15027, 0.29957], [0.29374, 0.0, 0.31607, 0.30932, 0.1613, 0.33802, 0.26063, 0.17659, 0.2509], [0.03601, 0.31607, 0.0, 0.01121, 0.19864, 0.03865, 0.26331, 0.18334, 0.29698], [0.02483, 0.30932, 0.01121, 0.0, 0.1887, 0.0498, 0.26494, 0.17318, 0.29788], [0.16623, 0.1613, 0.19864, 0.1887, 0.0, 0.23199, 0.28081, 0.01748, 0.2954], [0.07438, 0.33802, 0.03865, 0.0498, 0.23199, 0.0, 0.25736, 0.2175, 0.29333], [0.26838, 0.26063, 0.26331, 0.26494, 0.28081, 0.25736, 0.0, 0.28072, 0.05152], [0.15027, 0.17659, 0.18334, 0.17318, 0.01748, 0.2175, 0.28072, 0.0, 0.29739], [0.29957, 0.2509, 0.29698, 0.29788, 0.2954, 0.29333, 0.05152, 0.29739, 0.0]], "adj_matrix_2": [[0.0, 0.18563, 0.26939, 0.31204, 0.23623, 0.21473, 0.0011, 0.32917, 0.29832], [0.18563, 0.0, 0.11436, 0.18385, 0.06634, 0.03703, 0.18483, 0.21594, 0.1614], [0.26939, 0.11436, 0.0, 0.07533, 0.04948, 0.07866, 0.26887, 0.11175, 0.05061], [0.31204, 0.18385, 0.07533, 0.0, 0.12322, 0.15083, 0.31169, 0.03743, 0.02497], [0.23623, 0.06634, 0.04948, 0.12322, 0.0, 0.02961, 0.23574, 0.15829, 0.09924], [0.21473, 0.03703, 0.07866, 0.15083, 0.02961, 0.0, 0.21401, 0.18466, 0.12738], [0.0011, 0.18483, 0.26887, 0.31169, 0.23574, 0.21401, 0.0, 0.32941, 0.29841], [0.32917, 0.21594, 0.11175, 0.03743, 0.15829, 0.18466, 0.32941, 0.0, 0.06227], [0.29832, 0.1614, 0.05061, 0.02497, 0.09924, 0.12738, 0.29841, 0.06227, 0.0]], "features_1": [[-0.19014908872608816, 1.1362793938449882, 0.0, 0.2479861321995522, 0.5789361383835611, 0.13726234826796416, 0.232294459701356, 0.6708147155997515, 0.4241366108775724, 0.2596603528040087, 0.007783488497544067, 0.6297508614610028, 0.6547700766770813, 0.691092118362003, 0.7783761621542624, 0.7053919926602791, 0.5975186211397818], [-0.13825350756712806, 1.0865113704515648, 0.0, 0.21414701304691994, 0.5702297229535372, 0.135578661955103, 0.28828633419225086, 0.6757498457279258, 0.4230424978762477, 0.25063261676706916, 0.008006390651371653, 0.6263494174663786, 0.6493224030721955, 0.6862378464464236, 0.791988293171634, 0.6978178385559527, 0.5847837005116777], [-0.33434954311102416, 1.2620273110201004, 0.0, 0.2721292272889699, 0.6091189602346108, 0.1333706886454209, 0.3172202711805653, 0.6767771112849623, 0.4035444626621554, 0.27757452679307937, 0.007560346756364078, 0.6319215976005088, 0.6375792281610146, 0.670554951655018, 0.7755916416800582, 0.6732998890771759, 0.5933109433989517], [-0.18791178614789805, 1.2331416095135062, 0.0, 0.2759076147938111, 0.6129315164302206, 0.13001324472916953, 0.3732241235734179, 0.681728815519643, 0.3907382012328997, 0.26666591309350385, 0.007448685839370306, 0.6278885858840519, 0.6388219604511304, 0.6528043897850784, 0.7744618094145198, 0.6979852631458295, 0.5862489433639443], [-0.1133875993886182, 1.469354282147255, 0.0, 0.2071479582004288, 0.6653550946402266, 0.12002639651300098, 0.4876483986826294, 0.690259493180605, 0.31946042319417134, 0.2831649656692401, 0.006328755639155359, 0.602167376524946, 0.6387888579106247, 0.6737090524136128, 0.7778409637498848, 0.6836322813735249, 0.5071315955423551], [-0.3358273493563315, 1.344920062458845, 0.0, 0.26076455424320755, 0.6431201496544401, 0.12354932261881572, 0.570374999597987, 0.6881745889444995, 0.36429468949402266, 0.2762858579009202, 0.007336964783822175, 0.631592789611672, 0.6439040555082974, 0.6719562848578143, 0.7737604492313134, 0.6933497828154704, 0.5735716618865325], [0.49105779311853226, 1.5300589171020256, 0.0, 0.3016669857255441, 0.6833184390666059, 0.11749484906594068, 0.573525116081418, 0.6916106134026936, 0.3308635187693745, 0.2894958527153375, 0.006889477554966383, 0.583189683055187, 0.6487023947431256, 0.6565729734713371, 0.7653110639753435, 0.697393140586972, 0.5134425196071126], [-0.04026185600571175, 1.427071182471459, 0.0, 0.2547029599645277, 0.6805681420365747, 0.10663217457295829, 0.5879776496832413, 0.6931398865575454, 0.25622967371400795, 0.25303001045960216, 0.005653876882570019, 0.5922497598602383, 0.6431753181728633, 0.6251796116621647, 0.7422894244877261, 0.6562807120546964, 0.48624972370427044], [0.4429948176029437, 1.5135642275692385, 0.0, 0.30264798168640245, 0.6958238077723986, 0.10414439061264316, 0.6166740830545777, 0.6929720412501315, 0.252380955451019, 0.25889161873793, 0.006216428718621936, 0.5728946994420268, 0.6259209489741022, 0.6276948274093244, 0.7325141126495249, 0.6627622128601987, 0.46065690849093477]], "features_2": [[0.27585502725742383, 0.8714419284881914, 0.0, 0.28831223335749406, 0.5335486260335405, 0.13416860917729972, 0.2526346402569736, 0.6777259935046092, 0.42619924152872213, 0.2042042164874931, 0.007894969482732161, 0.611751268292378, 0.653761271772753, 0.6820094361494893, 0.7920501907106362, 0.6927556710715072, 0.6225097497607401], [0.19738903949205255, 0.9891228549277316, 0.0, 0.2259141204633774, 0.5724757630385102, 0.1294310544734798, 0.2939370763090494, 0.6829392205799326, 0.390365063676684, 0.2188402445785489, 0.007504523810135222, 0.6129776936639124, 0.6469665324838195, 0.6776099678662887, 0.7864797499412399, 0.71459656422198, 0.6092287075678479], [0.060404721885371604, 0.9198254719181055, 0.0, 0.25980243497083655, 0.5581869840815519, 0.12775322432620584, 0.28782375092416, 0.6842861651962376, 0.3942393706512466, 0.2062757206668253, 0.007281081678807366, 0.6190234506786199, 0.6475466453557811, 0.6763336152267598, 0.7814788864846565, 0.6849338526383673, 0.6097212047449234], [0.09572047704067943, 0.8686620208849258, 0.0, 0.24527638804170757, 0.5387548898668085, 0.12987368093136642, 0.2781054735614582, 0.6824898304652603, 0.40696183328636715, 0.199626701016407, 0.007894969482732161, 0.62635406012833, 0.6724057021708664, 0.6795088835498281, 0.7857411459757621, 0.6821447453608768, 0.6146119990798798], [0.08882510790695308, 1.0718159387805288, 0.0, 0.24222623474467891, 0.6034664190825177, 0.11984723945096218, 0.46553265932017285, 0.6904945739806243, 0.3464229875895031, 0.22142533744996507, 0.006889477554966383, 0.6028505895064828, 0.6505191566001507, 0.6634023868176188, 0.7763417474294247, 0.6946578313768159, 0.597254040694096], [-0.2208891109781428, 0.9534746104227971, 0.0, 0.22292226841579382, 0.5747115485643834, 0.12342407674927941, 0.384735179978194, 0.6884618943724969, 0.36044901179294997, 0.2069055144191787, 0.007336964783822175, 0.6141223232725421, 0.6482255535523707, 0.6675130082191257, 0.7788955689628961, 0.6821467347275506, 0.6032887500722591], [0.286802851692443, 1.1578627892117683, 0.0, 0.2467352171914237, 0.619988528375641, 0.11593733670411249, 0.5033442872253993, 0.6920480194325711, 0.3116424828669522, 0.22634514018188523, 0.006216428718621936, 0.6016474568192711, 0.6432453042956985, 0.6480516391692717, 0.7698498183953777, 0.6681699930562672, 0.5571675114236393], [-0.1478906856625839, 1.1555865599341892, 0.0, 0.21567080432885802, 0.6340074787918273, 0.10794256629153157, 0.5624697195362593, 0.6931447901389609, 0.2702946759673439, 0.21508862065501844, 0.006216428718621936, 0.6034227708701891, 0.6545602400268123, 0.6595333486695996, 0.7528498869187942, 0.6808553960137691, 0.5191764140940592], [-0.2551753285046754, 1.2117589504613975, 0.0, 0.21171514452906554, 0.6493138942832056, 0.10457598940523377, 0.5394892595078374, 0.6929651114870194, 0.24612648414288496, 0.21959322927459968, 0.005935344193631176, 0.5976449984867793, 0.6476100007483867, 0.6581985688472164, 0.7400565749702573, 0.6540134503670104, 0.5019014008162322]]}