{"labels_1": ["1", "2", "3", "4", "5", "6", "7", "8", "9"], "labels_2": ["1", "2", "3", "4", "5", "6", "7", "8", "9"], "adj_matrix_1": [[0.0, 0.29374, 0.03601, 0.02483, 0.16623, 0.07438, 0.26838, 0.15027, 0.29957], [0.29374, 0.0, 0.31607, 0.30932, 0.1613, 0.33802, 0.26063, 0.17659, 0.2509], [0.03601, 0.31607, 0.0, 0.01121, 0.19864, 0.03865, 0.26331, 0.18334, 0.29698], [0.02483, 0.30932, 0.01121, 0.0, 0.1887, 0.0498, 0.26494, 0.17318, 0.29788], [0.16623, 0.1613, 0.19864, 0.1887, 0.0, 0.23199, 0.28081, 0.01748, 0.2954], [0.07438, 0.33802, 0.03865, 0.0498, 0.23199, 0.0, 0.25736, 0.2175, 0.29333], [0.26838, 0.26063, 0.26331, 0.26494, 0.28081, 0.25736, 0.0, 0.28072, 0.05152], [0.15027, 0.17659, 0.18334, 0.17318, 0.01748, 0.2175, 0.28072, 0.0, 0.29739], [0.29957, 0.2509, 0.29698, 0.29788, 0.2954, 0.29333, 0.05152, 0.29739, 0.0]], "adj_matrix_2": [[0.0, 0.14888, 0.03968, 0.13766, 0.097, 0.19586, 0.18291, 0.17573, 0.34856], [0.14888, 0.0, 0.11166, 0.26232, 0.0545, 0.05221, 0.2928, 0.02982, 0.24123], [0.03968, 0.11166, 0.0, 0.17299, 0.05829, 0.16082, 0.21501, 0.13983, 0.32559], [0.13766, 0.26232, 0.17299, 0.0, 0.221, 0.2973, 0.05259, 0.28226, 0.39658], [0.097, 0.0545, 0.05829, 0.221, 0.0, 0.10582, 0.25776, 0.08395, 0.28534], [0.19586, 0.05221, 0.16082, 0.2973, 0.10582, 0.0, 0.3221, 0.02246, 0.19561], [0.18291, 0.2928, 0.21501, 0.05259, 0.25776, 0.3221, 0.0, 0.30993, 0.39936], [0.17573, 0.02982, 0.13983, 0.28226, 0.08395, 0.02246, 0.30993, 0.0, 0.21584], [0.34856, 0.24123, 0.32559, 0.39658, 0.28534, 0.19561, 0.39936, 0.21584, 0.0]], "features_1": [[-0.19014908872608816, 1.1362793938449882, 0.0, 0.2479861321995522, 0.5789361383835611, 0.13726234826796416, 0.232294459701356, 0.6708147155997515, 0.4241366108775724, 0.2596603528040087, 0.007783488497544067, 0.6297508614610028, 0.6547700766770813, 0.691092118362003, 0.7783761621542624, 0.7053919926602791, 0.5975186211397818], [-0.13825350756712806, 1.0865113704515648, 0.0, 0.21414701304691994, 0.5702297229535372, 0.135578661955103, 0.28828633419225086, 0.6757498457279258, 0.4230424978762477, 0.25063261676706916, 0.008006390651371653, 0.6263494174663786, 0.6493224030721955, 0.6862378464464236, 0.791988293171634, 0.6978178385559527, 0.5847837005116777], [-0.33434954311102416, 1.2620273110201004, 0.0, 0.2721292272889699, 0.6091189602346108, 0.1333706886454209, 0.3172202711805653, 0.6767771112849623, 0.4035444626621554, 0.27757452679307937, 0.007560346756364078, 0.6319215976005088, 0.6375792281610146, 0.670554951655018, 0.7755916416800582, 0.6732998890771759, 0.5933109433989517], [-0.18791178614789805, 1.2331416095135062, 0.0, 0.2759076147938111, 0.6129315164302206, 0.13001324472916953, 0.3732241235734179, 0.681728815519643, 0.3907382012328997, 0.26666591309350385, 0.007448685839370306, 0.6278885858840519, 0.6388219604511304, 0.6528043897850784, 0.7744618094145198, 0.6979852631458295, 0.5862489433639443], [-0.1133875993886182, 1.469354282147255, 0.0, 0.2071479582004288, 0.6653550946402266, 0.12002639651300098, 0.4876483986826294, 0.690259493180605, 0.31946042319417134, 0.2831649656692401, 0.006328755639155359, 0.602167376524946, 0.6387888579106247, 0.6737090524136128, 0.7778409637498848, 0.6836322813735249, 0.5071315955423551], [-0.3358273493563315, 1.344920062458845, 0.0, 0.26076455424320755, 0.6431201496544401, 0.12354932261881572, 0.570374999597987, 0.6881745889444995, 0.36429468949402266, 0.2762858579009202, 0.007336964783822175, 0.631592789611672, 0.6439040555082974, 0.6719562848578143, 0.7737604492313134, 0.6933497828154704, 0.5735716618865325], [0.49105779311853226, 1.5300589171020256, 0.0, 0.3016669857255441, 0.6833184390666059, 0.11749484906594068, 0.573525116081418, 0.6916106134026936, 0.3308635187693745, 0.2894958527153375, 0.006889477554966383, 0.583189683055187, 0.6487023947431256, 0.6565729734713371, 0.7653110639753435, 0.697393140586972, 0.5134425196071126], [-0.04026185600571175, 1.427071182471459, 0.0, 0.2547029599645277, 0.6805681420365747, 0.10663217457295829, 0.5879776496832413, 0.6931398865575454, 0.25622967371400795, 0.25303001045960216, 0.005653876882570019, 0.5922497598602383, 0.6431753181728633, 0.6251796116621647, 0.7422894244877261, 0.6562807120546964, 0.48624972370427044], [0.4429948176029437, 1.5135642275692385, 0.0, 0.30264798168640245, 0.6958238077723986, 0.10414439061264316, 0.6166740830545777, 0.6929720412501315, 0.252380955451019, 0.25889161873793, 0.006216428718621936, 0.5728946994420268, 0.6259209489741022, 0.6276948274093244, 0.7325141126495249, 0.6627622128601987, 0.46065690849093477]], "features_2": [[-0.06528231371327964, 1.1068521955086414, 0.0, 0.19072128935863983, 0.5935600747600787, 0.12931406555099953, 0.31756329660928984, 0.6825128363876801, 0.39332011831580305, 0.24515287178801892, 0.007560346756364078, 0.613871730437511, 0.6578320603791776, 0.6886411307426018, 0.7825810338142549, 0.7050937540113775, 0.6054695679838339], [-0.18378512899311206, 1.2281695931653722, 0.0, 0.20281405075515335, 0.6168101497501473, 0.12971084174275588, 0.3018596128002862, 0.6829228244282668, 0.4046466532251405, 0.2702107074565756, 0.007448685839370306, 0.62956219908885, 0.679957665624736, 0.6925302985362016, 0.7861580720986567, 0.7120961469117103, 0.6006662137643264], [-0.055110011169838824, 1.2293027030042973, 0.0, 0.189369473510876, 0.6290210538339243, 0.12404030735031346, 0.345015794584009, 0.6871226607110839, 0.36389864496290736, 0.25706310694261925, 0.007336964783822175, 0.6100799940586961, 0.6482892764118001, 0.6598649894355254, 0.7745431898217977, 0.6960000849379503, 0.5932575442816814], [0.3922869706339158, 1.204118192441398, 0.0, 0.25264110008905694, 0.6263077912194785, 0.12214164428488067, 0.3745318801092708, 0.6885084671877821, 0.35782958572638757, 0.24901824649352067, 0.007448685839370306, 0.5950493914162096, 0.632488186749357, 0.6456011949729213, 0.7721665349618759, 0.6818812060875563, 0.5828958597215359], [0.12037935752038909, 1.5386258576344092, 0.0, 0.20927582863189068, 0.6765386099211028, 0.12269218952610564, 0.3914567467785176, 0.6886680016437409, 0.3526792053237504, 0.30167820347984997, 0.007336964783822175, 0.6128305008818367, 0.6579456591302367, 0.6789895952693578, 0.7740313331834305, 0.706444822727819, 0.5363345882830198], [-0.2883732845213296, 1.330360701507828, 0.0, 0.18562806382025643, 0.6543686344011139, 0.11968279103927146, 0.42521512496267844, 0.6900543225321805, 0.3410059322093204, 0.2689365819055156, 0.006609306440138685, 0.621809622710709, 0.6667506368294558, 0.6843832141224943, 0.7694006662746594, 0.6844863353198372, 0.5766471435522095], [0.04434522642792471, 1.6283126622759467, 0.0, 0.2624943747724293, 0.7041613315811543, 0.11331627918615043, 0.4727389021580734, 0.692524214786185, 0.29135849330986385, 0.29414279224243645, 0.005935344193631176, 0.5910792809325742, 0.6214377237735647, 0.6366039729813775, 0.7595847912271905, 0.6658615662936146, 0.49366256195379804], [-0.30768107719906324, 1.5375750280660336, 0.0, 0.21934278807847113, 0.700573364049477, 0.1079869405940192, 0.5487951532803365, 0.6931380779065872, 0.2695919857982241, 0.27578322377893727, 0.005822803276368971, 0.6014059845011359, 0.6368581168233008, 0.6512004280564879, 0.7457306794810536, 0.6617520285332354, 0.4974257464893231], [-0.49289098836902356, 1.5985858174692897, 0.0, 0.19780070418666654, 0.7094791025182743, 0.1075905011874127, 0.6137096173145679, 0.6931470874818477, 0.25396133162316703, 0.28054537090409126, 0.005484812216699497, 0.6124462025855915, 0.6516576817696432, 0.6581908277877133, 0.7410565212370754, 0.6607320631216945, 0.4909578977794406]]}