{"labels_1": ["1", "2", "3", "4", "5", "6", "7", "8", "9"], "labels_2": ["1", "2", "3", "4", "5", "6", "7", "8", "9"], "adj_matrix_1": [[0.0, 0.17962, 0.04428, 0.23221, 0.22445, 0.06925, 0.05958, 0.26088, 0.10122], [0.17962, 0.0, 0.14308, 0.0816, 0.2221, 0.12061, 0.22333, 0.1671, 0.25063], [0.04428, 0.14308, 0.0, 0.20468, 0.22917, 0.02541, 0.10242, 0.24742, 0.14216], [0.23221, 0.0816, 0.20468, 0.0, 0.19543, 0.18694, 0.26272, 0.09938, 0.28015], [0.22445, 0.2221, 0.22917, 0.19543, 0.0, 0.23045, 0.21531, 0.13456, 0.20747], [0.06925, 0.12061, 0.02541, 0.18694, 0.23045, 0.0, 0.12599, 0.23753, 0.16424], [0.05958, 0.22333, 0.10242, 0.26272, 0.21531, 0.12599, 0.0, 0.27289, 0.04288], [0.26088, 0.1671, 0.24742, 0.09938, 0.13456, 0.23753, 0.27289, 0.0, 0.27779], [0.10122, 0.25063, 0.14216, 0.28015, 0.20747, 0.16424, 0.04288, 0.27779, 0.0]], "adj_matrix_2": [[0.0, 0.18877, 0.09398, 0.0283, 0.30341, 0.30459, 0.25223, 0.3058, 0.27975], [0.18877, 0.0, 0.11284, 0.16915, 0.2747, 0.28692, 0.1097, 0.32504, 0.17689], [0.09398, 0.11284, 0.0, 0.06736, 0.31176, 0.3179, 0.20433, 0.33505, 0.25275], [0.0283, 0.16915, 0.06736, 0.0, 0.30957, 0.31211, 0.24178, 0.31768, 0.2757], [0.30341, 0.2747, 0.31176, 0.30957, 0.0, 0.02097, 0.19888, 0.09342, 0.13247], [0.30459, 0.28692, 0.3179, 0.31211, 0.02097, 0.0, 0.21605, 0.0729, 0.1518], [0.25223, 0.1097, 0.20433, 0.24178, 0.19888, 0.21605, 0.0, 0.27149, 0.0754], [0.3058, 0.32504, 0.33505, 0.31768, 0.09342, 0.0729, 0.27149, 0.0, 0.21601], [0.27975, 0.17689, 0.25275, 0.2757, 0.13247, 0.1518, 0.0754, 0.21601, 0.0]], "features_1": [[0.05312075200279143, 1.0585811272967702, 0.0, 0.2601391100865894, 0.5620407511464035, 0.13369940746648967, 0.22174337564264662, 0.675844252036422, 0.40088509370754344, 0.24101108705690422, 0.00783923647221818, 0.6147628046918523, 0.6308707127292603, 0.6424788321747972, 0.7831469026430075, 0.7064081902768609, 0.608265123480041], [0.9441269708510451, 0.8369617932025344, 0.0, 0.29037438466843607, 0.5258528123065507, 0.12460127860865344, 0.3729411922204712, 0.6862116517836554, 0.37736673629240713, 0.18087878789184186, 0.007950687539111767, 0.5849865233546352, 0.6199419050984741, 0.6328188454997277, 0.7756702476176108, 0.7059230646326178, 0.5984543463488069], [0.3614759863240997, 1.0164872291108225, 0.0, 0.2644776091125604, 0.56777171540394, 0.12929750741497598, 0.30671972838598266, 0.6824948963513106, 0.38594089009947274, 0.22177415485137253, 0.00783923647221818, 0.6005138999261534, 0.6544602983954579, 0.6612440894887146, 0.7840491273984521, 0.7189797616563516, 0.613030936334977], [0.6301905927959854, 1.0652323533991335, 0.0, 0.27897642771971165, 0.5776041995232631, 0.12746569855097076, 0.31447209807564674, 0.6833321502583883, 0.3712710058356885, 0.22805546837886226, 0.007504523810135222, 0.5873837992122859, 0.6425793755436412, 0.6609825459370422, 0.7769273662565139, 0.7037675038432557, 0.6019430944055649], [1.6991987055303062, 0.9028576758426365, 0.0, 0.2906289643453065, 0.5470179243094517, 0.1213655788133006, 0.3368494893286346, 0.687883770291845, 0.3596508760525243, 0.18599597887871888, 0.007616154688146137, 0.558636550299672, 0.610486364574713, 0.6200618542652657, 0.7636127525315838, 0.703072029329505, 0.593977942286871], [0.41016474755819754, 1.1207043448817735, 0.0, 0.2700990972581834, 0.5929018383546125, 0.13053826106084426, 0.36047934425647626, 0.6832477127602006, 0.3969256990298202, 0.2430372940227068, 0.007616154688146137, 0.5938997758219342, 0.6521785701590082, 0.6836250657015276, 0.7931923494089883, 0.7206159241415572, 0.6165173947625464], [0.2801481645142787, 1.0536638262159648, 0.0, 0.2931184677346754, 0.5878791878462231, 0.12055003951286594, 0.3640876069153549, 0.688904348282072, 0.33742130652530644, 0.2187905413292246, 0.007057398507269275, 0.5953799277747649, 0.642468738947931, 0.6587233860769711, 0.7685550153492889, 0.6925761953349611, 0.5928621747128995], [1.1113625256943056, 0.9513669393226952, 0.0, 0.30047582863127137, 0.5684170105565318, 0.11802208920024618, 0.35024482550334923, 0.6900674141838288, 0.3243386189721831, 0.19171929740063387, 0.007057398507269275, 0.5656207051933013, 0.6267092693869147, 0.6391225492716603, 0.7591470165189431, 0.6845099506282359, 0.5831351575524092], [-0.15849859813865486, 0.9830976778115725, 0.0, 0.2633123762383248, 0.5797064980362576, 0.11644643096035012, 0.3735770869790748, 0.6908617769968782, 0.30018080963917404, 0.20122273521479306, 0.006609306440138685, 0.6019430363678633, 0.641134282886838, 0.6647194791583718, 0.7585534617468433, 0.6794099831828518, 0.5797966887076835]], "features_2": [[0.6682086323781271, 0.981162656120825, 0.0, 0.25440354210324256, 0.5227279769924127, 0.14409197593733078, 0.07124809018563738, 0.6561732933800246, 0.4679395491513565, 0.238641712021314, 0.008618141428105908, 0.5946985977442696, 0.6272404011401795, 0.6661787914571123, 0.786470938892964, 0.7115453271124458, 0.593420067541387], [0.16722809495235147, 0.7737243591217564, 0.0, 0.22278722072316798, 0.46785854860965004, 0.14578596786171713, 0.07647284520849026, 0.6542467843163777, 0.4752174652570835, 0.19841608824924561, 0.008729175733573014, 0.6142915490955048, 0.6453523792315992, 0.6726072125293687, 0.7933095601059789, 0.7058841382519773, 0.6019444931352319], [0.283518651871161, 0.9295599357093669, 0.0, 0.23327486600366307, 0.5174153079091611, 0.14403094265917582, 0.0946453056150652, 0.6585727436529399, 0.46236597810293545, 0.22909655431326814, 0.008284682400665488, 0.6093727104679312, 0.6534497770616147, 0.6836413376195793, 0.7927947398571172, 0.7138850614107128, 0.6029136295288319], [0.5175656092575567, 0.9433943262912046, 0.0, 0.2714341035793501, 0.522753451289572, 0.1413578972503985, 0.11332734060034966, 0.6621002377002154, 0.45130529514502804, 0.22884403133184827, 0.008451478759474051, 0.6014962093553078, 0.6368136017564769, 0.6638410539744458, 0.7851966084613919, 0.7161350745645643, 0.5907899027486552], [-0.05747808306538138, 0.8114297391013867, 0.0, 0.1831987159507771, 0.4757029809793688, 0.14643512007832332, 0.04952036950728385, 0.6511534211007328, 0.4634744291931694, 0.20761490461269783, 0.008618141428105908, 0.6316559799798886, 0.6455140489236334, 0.6838531547331691, 0.7888925982784368, 0.6984186042328292, 0.5922444192686606], [-0.08471651728762364, 0.9560317197949362, 0.0, 0.17330241909015537, 0.5228333329405238, 0.14670212902077834, 0.11362059880896211, 0.656978670971095, 0.47887588375946066, 0.24034838267131442, 0.008618141428105908, 0.6356142858607954, 0.6555878065272138, 0.6917173725878726, 0.801259910527618, 0.7304673902265084, 0.6124732212745313], [0.10114995240959601, 0.9532791482617479, 0.0, 0.22766502118190232, 0.5287434960257433, 0.13908345283916293, 0.146551942080535, 0.6673499797775613, 0.4196069321803493, 0.22600817568818932, 0.00822905385914674, 0.6130751721404226, 0.6468703608817111, 0.6674634803767191, 0.7887888268741983, 0.7231405606548782, 0.5928479633378476], [-0.19101339295183806, 0.7982163386275248, 0.0, 0.147731643472172, 0.47820211070058766, 0.14524996765118733, 0.10448200827438399, 0.6570693846138516, 0.4476181760061253, 0.20102418742254757, 0.00839589484089287, 0.6391311427858566, 0.6652494067974132, 0.6899757781613169, 0.7960849549451923, 0.7207043524056509, 0.6064812349630597], [-0.045360546135162494, 0.8254052541742765, 0.0, 0.20023694016122986, 0.49634932357684025, 0.14123498521523056, 0.18614995464849926, 0.667032499420986, 0.42355410834043394, 0.20197426886633063, 0.007950687539111767, 0.6252297612869187, 0.6568373759773039, 0.6898017634448593, 0.8000970514397675, 0.7038537184140462, 0.6140974682908253]]}