{"labels_1": ["1", "2", "3", "4", "5", "6", "7", "8", "9"], "labels_2": ["1", "2", "3", "4", "5", "6", "7", "8", "9"], "adj_matrix_1": [[0.0, 0.17962, 0.04428, 0.23221, 0.22445, 0.06925, 0.05958, 0.26088, 0.10122], [0.17962, 0.0, 0.14308, 0.0816, 0.2221, 0.12061, 0.22333, 0.1671, 0.25063], [0.04428, 0.14308, 0.0, 0.20468, 0.22917, 0.02541, 0.10242, 0.24742, 0.14216], [0.23221, 0.0816, 0.20468, 0.0, 0.19543, 0.18694, 0.26272, 0.09938, 0.28015], [0.22445, 0.2221, 0.22917, 0.19543, 0.0, 0.23045, 0.21531, 0.13456, 0.20747], [0.06925, 0.12061, 0.02541, 0.18694, 0.23045, 0.0, 0.12599, 0.23753, 0.16424], [0.05958, 0.22333, 0.10242, 0.26272, 0.21531, 0.12599, 0.0, 0.27289, 0.04288], [0.26088, 0.1671, 0.24742, 0.09938, 0.13456, 0.23753, 0.27289, 0.0, 0.27779], [0.10122, 0.25063, 0.14216, 0.28015, 0.20747, 0.16424, 0.04288, 0.27779, 0.0]], "adj_matrix_2": [[0.0, 0.01592, 0.13498, 0.05876, 0.04133, 0.22915, 0.06898, 0.19086, 0.02141], [0.01592, 0.0, 0.14942, 0.07438, 0.02548, 0.24021, 0.0845, 0.17695, 0.03728], [0.13498, 0.14942, 0.0, 0.07922, 0.17194, 0.11521, 0.0691, 0.29213, 0.11513], [0.05876, 0.07438, 0.07922, 0.0, 0.09909, 0.18448, 0.01041, 0.23889, 0.03755], [0.04133, 0.02548, 0.17194, 0.09909, 0.0, 0.25698, 0.109, 0.15395, 0.06252], [0.22915, 0.24021, 0.11521, 0.18448, 0.25698, 0.0, 0.17602, 0.33678, 0.21364], [0.06898, 0.0845, 0.0691, 0.01041, 0.109, 0.17602, 0.0, 0.24666, 0.04787], [0.19086, 0.17695, 0.29213, 0.23889, 0.15395, 0.33678, 0.24666, 0.0, 0.209], [0.02141, 0.03728, 0.11513, 0.03755, 0.06252, 0.21364, 0.04787, 0.209, 0.0]], "features_1": [[0.05312075200279143, 1.0585811272967702, 0.0, 0.2601391100865894, 0.5620407511464035, 0.13369940746648967, 0.22174337564264662, 0.675844252036422, 0.40088509370754344, 0.24101108705690422, 0.00783923647221818, 0.6147628046918523, 0.6308707127292603, 0.6424788321747972, 0.7831469026430075, 0.7064081902768609, 0.608265123480041], [0.9441269708510451, 0.8369617932025344, 0.0, 0.29037438466843607, 0.5258528123065507, 0.12460127860865344, 0.3729411922204712, 0.6862116517836554, 0.37736673629240713, 0.18087878789184186, 0.007950687539111767, 0.5849865233546352, 0.6199419050984741, 0.6328188454997277, 0.7756702476176108, 0.7059230646326178, 0.5984543463488069], [0.3614759863240997, 1.0164872291108225, 0.0, 0.2644776091125604, 0.56777171540394, 0.12929750741497598, 0.30671972838598266, 0.6824948963513106, 0.38594089009947274, 0.22177415485137253, 0.00783923647221818, 0.6005138999261534, 0.6544602983954579, 0.6612440894887146, 0.7840491273984521, 0.7189797616563516, 0.613030936334977], [0.6301905927959854, 1.0652323533991335, 0.0, 0.27897642771971165, 0.5776041995232631, 0.12746569855097076, 0.31447209807564674, 0.6833321502583883, 0.3712710058356885, 0.22805546837886226, 0.007504523810135222, 0.5873837992122859, 0.6425793755436412, 0.6609825459370422, 0.7769273662565139, 0.7037675038432557, 0.6019430944055649], [1.6991987055303062, 0.9028576758426365, 0.0, 0.2906289643453065, 0.5470179243094517, 0.1213655788133006, 0.3368494893286346, 0.687883770291845, 0.3596508760525243, 0.18599597887871888, 0.007616154688146137, 0.558636550299672, 0.610486364574713, 0.6200618542652657, 0.7636127525315838, 0.703072029329505, 0.593977942286871], [0.41016474755819754, 1.1207043448817735, 0.0, 0.2700990972581834, 0.5929018383546125, 0.13053826106084426, 0.36047934425647626, 0.6832477127602006, 0.3969256990298202, 0.2430372940227068, 0.007616154688146137, 0.5938997758219342, 0.6521785701590082, 0.6836250657015276, 0.7931923494089883, 0.7206159241415572, 0.6165173947625464], [0.2801481645142787, 1.0536638262159648, 0.0, 0.2931184677346754, 0.5878791878462231, 0.12055003951286594, 0.3640876069153549, 0.688904348282072, 0.33742130652530644, 0.2187905413292246, 0.007057398507269275, 0.5953799277747649, 0.642468738947931, 0.6587233860769711, 0.7685550153492889, 0.6925761953349611, 0.5928621747128995], [1.1113625256943056, 0.9513669393226952, 0.0, 0.30047582863127137, 0.5684170105565318, 0.11802208920024618, 0.35024482550334923, 0.6900674141838288, 0.3243386189721831, 0.19171929740063387, 0.007057398507269275, 0.5656207051933013, 0.6267092693869147, 0.6391225492716603, 0.7591470165189431, 0.6845099506282359, 0.5831351575524092], [-0.15849859813865486, 0.9830976778115725, 0.0, 0.2633123762383248, 0.5797064980362576, 0.11644643096035012, 0.3735770869790748, 0.6908617769968782, 0.30018080963917404, 0.20122273521479306, 0.006609306440138685, 0.6019430363678633, 0.641134282886838, 0.6647194791583718, 0.7585534617468433, 0.6794099831828518, 0.5797966887076835]], "features_2": [[-0.1381796950134273, 0.7727670848351788, 0.0, 0.20311045913076162, 0.48885025588918296, 0.1376875021824953, 0.28360686938739477, 0.6747505350395864, 0.40996815019966926, 0.18902642035460349, 0.007950687539111767, 0.6222056132515219, 0.6767142524100994, 0.7108002759382747, 0.801408540650675, 0.7164916638122243, 0.5996985074732908], [-0.02150741889949126, 0.6246038844486417, 0.0, 0.2393166148396049, 0.4538647070483278, 0.12878892634361666, 0.3615433510480358, 0.6836872759208139, 0.3554897161573185, 0.14225349162150058, 0.007281081678807366, 0.6156057122323284, 0.6547259337050549, 0.6763715073011898, 0.7893854977057557, 0.7165343200463095, 0.5870163200078874], [-0.18015135751037814, 0.7379763505300952, 0.0, 0.22361873301415708, 0.49225331359988245, 0.13108615178488112, 0.39281010618359674, 0.6828909219648203, 0.3754779277614071, 0.1724811102187307, 0.007001439975721224, 0.6157901913817727, 0.6681122445924629, 0.6893055583122099, 0.7965530021160389, 0.7132860522051033, 0.5990813292700209], [-0.023366812883096166, 0.7591179637694212, 0.0, 0.23072105109527427, 0.4929314079016929, 0.13438763156379868, 0.34847882648229317, 0.6789638921437049, 0.39970213644171904, 0.18034430206612018, 0.007336964783822175, 0.6091923597616169, 0.6628250028019254, 0.6853406354933685, 0.7975883666508061, 0.7166637869628733, 0.6017972382274298], [-0.029985704609965858, 0.6405745756186237, 0.0, 0.24165518853888385, 0.45851751912543504, 0.12918355442453675, 0.3269871502866259, 0.6823336564073953, 0.3635377901501464, 0.14785521599215024, 0.007671947615560004, 0.6142584409213687, 0.6324815395579583, 0.6482999626780124, 0.7839659519333357, 0.7063334032714959, 0.5929033090359774], [0.12906921480281675, 0.7541608818745276, 0.0, 0.22328575809486811, 0.4992190155157239, 0.13320052646287195, 0.5072477233108323, 0.6831540480880072, 0.3970771737176051, 0.17670942230527764, 0.007671947615560004, 0.614904142153248, 0.6676500841960719, 0.6908774736746037, 0.8055238527948563, 0.7113565878966464, 0.6125556977690529], [0.02016427286061573, 0.750716356734136, 0.0, 0.23052535367733124, 0.4946698922220728, 0.12711886210376672, 0.3466496746872316, 0.6835951888795572, 0.35395943168710886, 0.17080323234214556, 0.00716927026363523, 0.6109594634381603, 0.6568887071163215, 0.6823598750019179, 0.7759779857807632, 0.6927044377141807, 0.5835711760323393], [-0.24257290881058902, 0.6104352760263128, 0.0, 0.20214133464434156, 0.4582575567228893, 0.12457859398132183, 0.5182855987483365, 0.6874957295001545, 0.3364451247417046, 0.13603774055411422, 0.007001439975721224, 0.6199437588218486, 0.6561022183325189, 0.666941417092019, 0.7806854340876463, 0.6976379089301671, 0.5838408331407019], [-0.3244207195617492, 0.634713183296498, 0.0, 0.2159638000833532, 0.464808491169493, 0.12512058999792736, 0.47218224163501643, 0.6865447737854802, 0.3431203549132025, 0.14337008779112614, 0.007225183508792421, 0.6182627013145927, 0.6568497875296262, 0.6747289947961511, 0.7782623419343724, 0.6835721078875607, 0.5764771993921372]]}