{"labels_1": ["1", "2", "3", "4", "5", "6", "7", "8", "9"], "labels_2": ["1", "2", "3", "4", "5", "6", "7", "8", "9"], "adj_matrix_1": [[0.0, 0.12219, 0.11237, 0.27685, 0.182, 0.24112, 0.03108, 0.06103, 0.07184], [0.12219, 0.0, 0.01064, 0.18793, 0.06776, 0.14051, 0.14989, 0.17511, 0.05292], [0.11237, 0.01064, 0.0, 0.19692, 0.07812, 0.15018, 0.14046, 0.16615, 0.04237], [0.27685, 0.18793, 0.19692, 0.0, 0.12701, 0.05313, 0.29204, 0.30366, 0.22994], [0.182, 0.06776, 0.07812, 0.12701, 0.0, 0.07585, 0.20611, 0.22721, 0.11862], [0.24112, 0.14051, 0.15018, 0.05313, 0.07585, 0.0, 0.26017, 0.27579, 0.18679], [0.03108, 0.14989, 0.14046, 0.29204, 0.20611, 0.26017, 0.0, 0.03038, 0.10158], [0.06103, 0.17511, 0.16615, 0.30366, 0.22721, 0.27579, 0.03038, 0.0, 0.12939], [0.07184, 0.05292, 0.04237, 0.22994, 0.11862, 0.18679, 0.10158, 0.12939, 0.0]], "adj_matrix_2": [[0.0, 0.01592, 0.13498, 0.05876, 0.04133, 0.22915, 0.06898, 0.19086, 0.02141], [0.01592, 0.0, 0.14942, 0.07438, 0.02548, 0.24021, 0.0845, 0.17695, 0.03728], [0.13498, 0.14942, 0.0, 0.07922, 0.17194, 0.11521, 0.0691, 0.29213, 0.11513], [0.05876, 0.07438, 0.07922, 0.0, 0.09909, 0.18448, 0.01041, 0.23889, 0.03755], [0.04133, 0.02548, 0.17194, 0.09909, 0.0, 0.25698, 0.109, 0.15395, 0.06252], [0.22915, 0.24021, 0.11521, 0.18448, 0.25698, 0.0, 0.17602, 0.33678, 0.21364], [0.06898, 0.0845, 0.0691, 0.01041, 0.109, 0.17602, 0.0, 0.24666, 0.04787], [0.19086, 0.17695, 0.29213, 0.23889, 0.15395, 0.33678, 0.24666, 0.0, 0.209], [0.02141, 0.03728, 0.11513, 0.03755, 0.06252, 0.21364, 0.04787, 0.209, 0.0]], "features_1": [[0.055581327235543654, 1.0246877382430193, 0.0, 0.21731423889658222, 0.5605914430452581, 0.12967293320748582, 0.4154144701099078, 0.6816633130623474, 0.3821503049378072, 0.224802971104344, 0.007448685839370306, 0.6039411491937667, 0.6440866207434103, 0.6806972726364003, 0.7818044271839939, 0.6869856767503902, 0.596928876765924], [0.5397490242881005, 0.7831598178963878, 0.0, 0.2614288514495222, 0.5159009561556611, 0.1223879954120751, 0.5158122595505148, 0.6890331084166819, 0.34316198314451585, 0.16401107383658675, 0.007225183508792421, 0.5901898307211164, 0.6453905071561602, 0.6591160266549242, 0.7828452818749871, 0.7266829178801546, 0.5795175123837154], [0.09541623885314898, 0.9680975254531282, 0.0, 0.21009345416273123, 0.5563409193112805, 0.12604609867912644, 0.4269542056081619, 0.6852171294038651, 0.3625311906926665, 0.20859151595692382, 0.007671947615560004, 0.604440267195278, 0.6460116402848286, 0.6693264544645839, 0.7778867805976201, 0.706003831956163, 0.5865266354114824], [-0.038574275689841286, 1.0003223823708407, 0.0, 0.2081458320175409, 0.5590385070443313, 0.12767237249151864, 0.45244881090033784, 0.6834944013004551, 0.3644788967143031, 0.2178175633512287, 0.007560346756364078, 0.615190800697692, 0.6410511374822987, 0.6739561486784978, 0.7746889217378491, 0.7065087917994817, 0.5823982407146922], [0.2608842609335027, 0.7518306505219505, 0.0, 0.2219233584195165, 0.506842972060817, 0.12140268499276906, 0.4604722294384203, 0.6890950861863502, 0.3265224712425876, 0.15870043663065192, 0.00711334193318236, 0.5961998035993741, 0.6466517831508662, 0.6575499198239978, 0.7781554566151136, 0.6926211158776188, 0.5638884556890768], [0.1507459154090811, 0.9226391597292061, 0.0, 0.19511543760000613, 0.5418661444085396, 0.13117621593865153, 0.47978553296055965, 0.6831869234315326, 0.3854971445110562, 0.2053866396769899, 0.007560346756364078, 0.6142573748474249, 0.6743026533325781, 0.6904043786908398, 0.7983367220983882, 0.726216743843565, 0.6031599429609936], [0.49472178974311776, 0.8629044232689622, 0.0, 0.32642592892083844, 0.5338110056253305, 0.12209471149277809, 0.4476039375278404, 0.6878215845864737, 0.3494034520473541, 0.18486315414160437, 0.00711334193318236, 0.5908648251757243, 0.6258523302933632, 0.638073120213197, 0.7738100040189494, 0.6831236778646854, 0.5873006532982938], [-0.09387718059977423, 0.7089680371160133, 0.0, 0.2389202164280561, 0.48580106959897756, 0.12628118494516943, 0.3403492401465719, 0.685245130729317, 0.3484024878544436, 0.16101680352101821, 0.00711334193318236, 0.6076348766521253, 0.6592048926749192, 0.680757064443376, 0.7822562123984899, 0.7026619054419336, 0.5725595350677105], [0.38365312646117244, 0.7627706481925492, 0.0, 0.32042606502987064, 0.5103871116523685, 0.12235946659799396, 0.4038631259779635, 0.6882547432405415, 0.3432890899678869, 0.16685140509053564, 0.007336964783822175, 0.5983542719843968, 0.6522356157906634, 0.677890627188131, 0.7765576613931028, 0.699982955685461, 0.5825921836489988]], "features_2": [[-0.1381796950134273, 0.7727670848351788, 0.0, 0.20311045913076162, 0.48885025588918296, 0.1376875021824953, 0.28360686938739477, 0.6747505350395864, 0.40996815019966926, 0.18902642035460349, 0.007950687539111767, 0.6222056132515219, 0.6767142524100994, 0.7108002759382747, 0.801408540650675, 0.7164916638122243, 0.5996985074732908], [-0.02150741889949126, 0.6246038844486417, 0.0, 0.2393166148396049, 0.4538647070483278, 0.12878892634361666, 0.3615433510480358, 0.6836872759208139, 0.3554897161573185, 0.14225349162150058, 0.007281081678807366, 0.6156057122323284, 0.6547259337050549, 0.6763715073011898, 0.7893854977057557, 0.7165343200463095, 0.5870163200078874], [-0.18015135751037814, 0.7379763505300952, 0.0, 0.22361873301415708, 0.49225331359988245, 0.13108615178488112, 0.39281010618359674, 0.6828909219648203, 0.3754779277614071, 0.1724811102187307, 0.007001439975721224, 0.6157901913817727, 0.6681122445924629, 0.6893055583122099, 0.7965530021160389, 0.7132860522051033, 0.5990813292700209], [-0.023366812883096166, 0.7591179637694212, 0.0, 0.23072105109527427, 0.4929314079016929, 0.13438763156379868, 0.34847882648229317, 0.6789638921437049, 0.39970213644171904, 0.18034430206612018, 0.007336964783822175, 0.6091923597616169, 0.6628250028019254, 0.6853406354933685, 0.7975883666508061, 0.7166637869628733, 0.6017972382274298], [-0.029985704609965858, 0.6405745756186237, 0.0, 0.24165518853888385, 0.45851751912543504, 0.12918355442453675, 0.3269871502866259, 0.6823336564073953, 0.3635377901501464, 0.14785521599215024, 0.007671947615560004, 0.6142584409213687, 0.6324815395579583, 0.6482999626780124, 0.7839659519333357, 0.7063334032714959, 0.5929033090359774], [0.12906921480281675, 0.7541608818745276, 0.0, 0.22328575809486811, 0.4992190155157239, 0.13320052646287195, 0.5072477233108323, 0.6831540480880072, 0.3970771737176051, 0.17670942230527764, 0.007671947615560004, 0.614904142153248, 0.6676500841960719, 0.6908774736746037, 0.8055238527948563, 0.7113565878966464, 0.6125556977690529], [0.02016427286061573, 0.750716356734136, 0.0, 0.23052535367733124, 0.4946698922220728, 0.12711886210376672, 0.3466496746872316, 0.6835951888795572, 0.35395943168710886, 0.17080323234214556, 0.00716927026363523, 0.6109594634381603, 0.6568887071163215, 0.6823598750019179, 0.7759779857807632, 0.6927044377141807, 0.5835711760323393], [-0.24257290881058902, 0.6104352760263128, 0.0, 0.20214133464434156, 0.4582575567228893, 0.12457859398132183, 0.5182855987483365, 0.6874957295001545, 0.3364451247417046, 0.13603774055411422, 0.007001439975721224, 0.6199437588218486, 0.6561022183325189, 0.666941417092019, 0.7806854340876463, 0.6976379089301671, 0.5838408331407019], [-0.3244207195617492, 0.634713183296498, 0.0, 0.2159638000833532, 0.464808491169493, 0.12512058999792736, 0.47218224163501643, 0.6865447737854802, 0.3431203549132025, 0.14337008779112614, 0.007225183508792421, 0.6182627013145927, 0.6568497875296262, 0.6747289947961511, 0.7782623419343724, 0.6835721078875607, 0.5764771993921372]]}