{"labels_1": ["1", "2", "3", "4", "5", "6", "7", "8", "9"], "labels_2": ["1", "2", "3", "4", "5", "6", "7", "8", "9"], "adj_matrix_1": [[0.0, 0.03996, 0.08664, 0.09924, 0.14206, 0.1174, 0.00854, 0.16038, 0.06915], [0.03996, 0.0, 0.12372, 0.06066, 0.17476, 0.07956, 0.0315, 0.191, 0.02968], [0.08664, 0.12372, 0.0, 0.17573, 0.06141, 0.19096, 0.09471, 0.08321, 0.14977], [0.09924, 0.06066, 0.17573, 0.0, 0.21829, 0.01944, 0.09115, 0.23082, 0.0313], [0.14206, 0.17476, 0.06141, 0.21829, 0.0, 0.23048, 0.14932, 0.02283, 0.19693], [0.1174, 0.07956, 0.19096, 0.01944, 0.23048, 0.0, 0.10949, 0.24176, 0.05056], [0.00854, 0.0315, 0.09471, 0.09115, 0.14932, 0.10949, 0.0, 0.16724, 0.06084], [0.16038, 0.191, 0.08321, 0.23082, 0.02283, 0.24176, 0.16724, 0.0, 0.21144], [0.06915, 0.02968, 0.14977, 0.0313, 0.19693, 0.05056, 0.06084, 0.21144, 0.0]], "adj_matrix_2": [[0.0, 0.00818, 0.06222, 0.05203, 0.11481, 0.24308, 0.10724, 0.18573, 0.21543], [0.00818, 0.0, 0.07024, 0.06009, 0.12245, 0.24804, 0.11494, 0.19235, 0.22135], [0.06222, 0.07024, 0.0, 0.01036, 0.05463, 0.20147, 0.04662, 0.13237, 0.16708], [0.05203, 0.06009, 0.01036, 0.0, 0.0648, 0.20889, 0.05684, 0.1416, 0.17556], [0.11481, 0.12245, 0.05463, 0.0648, 0.0, 0.15882, 0.00813, 0.08128, 0.11938], [0.24308, 0.24804, 0.20147, 0.20889, 0.15882, 0.0, 0.16546, 0.0854, 0.04582], [0.10724, 0.11494, 0.04662, 0.05684, 0.00813, 0.16546, 0.0, 0.08904, 0.1267], [0.18573, 0.19235, 0.13237, 0.1416, 0.08128, 0.0854, 0.08904, 0.0, 0.04077], [0.21543, 0.22135, 0.16708, 0.17556, 0.11938, 0.04582, 0.1267, 0.04077, 0.0]], "features_1": [[0.3287430085632508, 1.0690481866385007, 0.0, 0.22609421916521086, 0.544287001290896, 0.14702628922032868, 0.1662834088728175, 0.6569806096108854, 0.4675559958312958, 0.2599406971758198, 0.008340296057933516, 0.6211403804794007, 0.6485206622920106, 0.6828291860663034, 0.806400057945232, 0.7132733363309159, 0.6233591903620909], [0.2364510972599172, 0.8823387473728524, 0.0, 0.24196267098135754, 0.5017767369839189, 0.14875745903108628, 0.160253685187309, 0.6561016835385842, 0.48147540328811966, 0.2244852498813441, 0.008284682400665488, 0.6154641326775265, 0.6591597558504232, 0.700368440951243, 0.810674627272221, 0.735496978166528, 0.6348565359154092], [0.507596941165759, 1.0329130719400252, 0.0, 0.2360563332717705, 0.5463063105144128, 0.14541088385318932, 0.181197096468032, 0.6623328200963817, 0.4679502729165148, 0.24941419699271528, 0.00839589484089287, 0.6081956855952271, 0.649667409288219, 0.6990361203120038, 0.8083511317608207, 0.7374242437072033, 0.6332218013696851], [0.18426612490467953, 1.0163910984543603, 0.0, 0.2072366061686067, 0.5412305501688239, 0.14610344425388994, 0.19618660004374747, 0.6620861979458694, 0.46932787658380515, 0.24978896926482363, 0.008562602043175715, 0.6196150058834455, 0.665518155077506, 0.7156849735853116, 0.8112793570163782, 0.7269905704836485, 0.6272227296862443], [0.27325733712712275, 0.8600636779521672, 0.0, 0.24504071088548643, 0.49308530637307835, 0.1501254558853305, 0.13887830987404115, 0.6534581640515813, 0.47856900548356496, 0.22024489568082517, 0.008284682400665488, 0.6132062655854882, 0.6621455148857738, 0.7074164966398772, 0.811366947209134, 0.7282880866476946, 0.6354329001134339], [0.46709684299860665, 1.082754337648714, 0.0, 0.2616143886661489, 0.5532350942301748, 0.14969069343015287, 0.13991528188589086, 0.6556373166187681, 0.492616200060912, 0.26376944793918145, 0.00839589484089287, 0.6194639244805291, 0.6364405897036236, 0.68949037415546, 0.8103103421917816, 0.7397346527320959, 0.6309902622719035], [0.08282420198956864, 0.9671000339925722, 0.0, 0.1986774535354077, 0.5386666588560199, 0.14267494203617195, 0.29993814855902345, 0.6713560836971528, 0.44907390390726976, 0.2355232191909169, 0.008117752083540042, 0.6246650993262048, 0.6923711283280874, 0.7324114012944295, 0.8179548276995608, 0.7460297602006363, 0.6220983593282567], [0.30698818459128985, 0.813689469216977, 0.0, 0.27446082083615486, 0.4877418301012293, 0.1483500371622455, 0.21462276551664203, 0.6618934797117961, 0.49244758750428974, 0.20902689060791468, 0.009061923644820391, 0.620124685517593, 0.6950558608480738, 0.7105536909394832, 0.8190008577669756, 0.7449142708671771, 0.6424289323139848], [0.004423098224291877, 0.8903711382878369, 0.0, 0.2507192219332579, 0.5214918155449753, 0.1410116252011866, 0.3324042765109823, 0.6744619392901386, 0.44241476237695765, 0.21801794083208215, 0.008284682400665488, 0.6273097791935776, 0.6871769416353884, 0.7218758923307275, 0.8171409764329447, 0.7398466315583118, 0.6248215629966]], "features_2": [[0.054918273092084746, 0.9918481855818111, 0.0, 0.19893896141466486, 0.5193570478973515, 0.15216191631758824, 0.254298108877591, 0.6488622861019391, 0.48335383491536477, 0.24920534703531172, 0.008284682400665488, 0.63019837033618, 0.6647480058331338, 0.7100993510435566, 0.8063545454075368, 0.7269622384293283, 0.6184872272972398], [-0.10326980574158462, 0.8411813118803707, 0.0, 0.21651438775616627, 0.49120746519874403, 0.14949808898784872, 0.417515316419972, 0.6599815951020733, 0.4671047760863658, 0.21518893934740446, 0.008618141428105908, 0.6304737090508734, 0.662311090131382, 0.7147796681284662, 0.8102177111706519, 0.7336436946690625, 0.6062275191062734], [-0.024735744748347166, 0.9318910462080959, 0.0, 0.22766749266766076, 0.5217276972577061, 0.14845635534761084, 0.4270776801826635, 0.6621296161913466, 0.4597905632737844, 0.23148161634918463, 0.008284682400665488, 0.624785897810181, 0.6705074105350773, 0.6986712533368006, 0.8086265764512285, 0.7203879828379783, 0.6208772847051502], [-0.011049187680806316, 0.9245644945147821, 0.0, 0.21189033528497037, 0.5190061672627702, 0.14819040394752417, 0.34704350544570983, 0.6612252470977926, 0.4685911027026828, 0.23137369692271736, 0.008284682400665488, 0.6227557018733774, 0.6658744165451571, 0.7060230528136513, 0.8093208465659831, 0.7210832412796709, 0.6277263523241602], [-0.1316563419680885, 0.8786463891965038, 0.0, 0.21428351304051899, 0.5034680094299822, 0.14971872099371786, 0.4813880797690736, 0.6608045242827919, 0.46851185222433944, 0.22392599918389755, 0.008618141428105908, 0.6286671153091934, 0.6701245507351873, 0.7195286277594001, 0.8085497390469103, 0.7336239255159347, 0.6089039470970907], [-0.07586560353485838, 0.9536028521671209, 0.0, 0.20725468102003652, 0.5341730249046611, 0.14805690473406974, 0.5816516098354093, 0.6678315370784607, 0.4586214552553558, 0.23584176843687432, 0.008451478759474051, 0.6145383786247431, 0.6769528585704715, 0.7043458337326463, 0.8122928944229041, 0.7141759760508386, 0.6195386291143655], [-0.18553996975541942, 0.9493458311513991, 0.0, 0.21262288740255197, 0.5245828056620414, 0.1482599048816618, 0.43224575565096474, 0.6623639898868795, 0.4626818173724834, 0.23726974762412878, 0.008507047823598457, 0.6230390831911443, 0.6623992778931943, 0.6961547016239006, 0.8078837759252911, 0.7196108711139677, 0.6187791849906357], [0.010694580187902591, 0.8671965182108372, 0.0, 0.20045409798781075, 0.5090012905812503, 0.14597265179154137, 0.5299470963730165, 0.6674334026731275, 0.4376607221882862, 0.21490975097637643, 0.00822905385914674, 0.6081433124046276, 0.6447292679456829, 0.6940039562799271, 0.805253774405062, 0.7256765036295714, 0.6188239821674606], [0.14285541138057223, 0.8750128102407386, 0.0, 0.20006434560843966, 0.5157851086045978, 0.1449625874472888, 0.5805584276741946, 0.6706375420968385, 0.44263258322270027, 0.2136634061877536, 0.00822905385914674, 0.6077233686844368, 0.6570145190683858, 0.6786391540703667, 0.8070518198546641, 0.7282545641716739, 0.6264401410763838]]}