{"labels_1": ["1", "2", "3", "4", "5", "6", "7", "8", "9"], "labels_2": ["1", "2", "3", "4", "5", "6", "7", "8", "9"], "adj_matrix_1": [[0.0, 0.03996, 0.08664, 0.09924, 0.14206, 0.1174, 0.00854, 0.16038, 0.06915], [0.03996, 0.0, 0.12372, 0.06066, 0.17476, 0.07956, 0.0315, 0.191, 0.02968], [0.08664, 0.12372, 0.0, 0.17573, 0.06141, 0.19096, 0.09471, 0.08321, 0.14977], [0.09924, 0.06066, 0.17573, 0.0, 0.21829, 0.01944, 0.09115, 0.23082, 0.0313], [0.14206, 0.17476, 0.06141, 0.21829, 0.0, 0.23048, 0.14932, 0.02283, 0.19693], [0.1174, 0.07956, 0.19096, 0.01944, 0.23048, 0.0, 0.10949, 0.24176, 0.05056], [0.00854, 0.0315, 0.09471, 0.09115, 0.14932, 0.10949, 0.0, 0.16724, 0.06084], [0.16038, 0.191, 0.08321, 0.23082, 0.02283, 0.24176, 0.16724, 0.0, 0.21144], [0.06915, 0.02968, 0.14977, 0.0313, 0.19693, 0.05056, 0.06084, 0.21144, 0.0]], "adj_matrix_2": [[0.0, 0.01592, 0.13498, 0.05876, 0.04133, 0.22915, 0.06898, 0.19086, 0.02141], [0.01592, 0.0, 0.14942, 0.07438, 0.02548, 0.24021, 0.0845, 0.17695, 0.03728], [0.13498, 0.14942, 0.0, 0.07922, 0.17194, 0.11521, 0.0691, 0.29213, 0.11513], [0.05876, 0.07438, 0.07922, 0.0, 0.09909, 0.18448, 0.01041, 0.23889, 0.03755], [0.04133, 0.02548, 0.17194, 0.09909, 0.0, 0.25698, 0.109, 0.15395, 0.06252], [0.22915, 0.24021, 0.11521, 0.18448, 0.25698, 0.0, 0.17602, 0.33678, 0.21364], [0.06898, 0.0845, 0.0691, 0.01041, 0.109, 0.17602, 0.0, 0.24666, 0.04787], [0.19086, 0.17695, 0.29213, 0.23889, 0.15395, 0.33678, 0.24666, 0.0, 0.209], [0.02141, 0.03728, 0.11513, 0.03755, 0.06252, 0.21364, 0.04787, 0.209, 0.0]], "features_1": [[0.3287430085632508, 1.0690481866385007, 0.0, 0.22609421916521086, 0.544287001290896, 0.14702628922032868, 0.1662834088728175, 0.6569806096108854, 0.4675559958312958, 0.2599406971758198, 0.008340296057933516, 0.6211403804794007, 0.6485206622920106, 0.6828291860663034, 0.806400057945232, 0.7132733363309159, 0.6233591903620909], [0.2364510972599172, 0.8823387473728524, 0.0, 0.24196267098135754, 0.5017767369839189, 0.14875745903108628, 0.160253685187309, 0.6561016835385842, 0.48147540328811966, 0.2244852498813441, 0.008284682400665488, 0.6154641326775265, 0.6591597558504232, 0.700368440951243, 0.810674627272221, 0.735496978166528, 0.6348565359154092], [0.507596941165759, 1.0329130719400252, 0.0, 0.2360563332717705, 0.5463063105144128, 0.14541088385318932, 0.181197096468032, 0.6623328200963817, 0.4679502729165148, 0.24941419699271528, 0.00839589484089287, 0.6081956855952271, 0.649667409288219, 0.6990361203120038, 0.8083511317608207, 0.7374242437072033, 0.6332218013696851], [0.18426612490467953, 1.0163910984543603, 0.0, 0.2072366061686067, 0.5412305501688239, 0.14610344425388994, 0.19618660004374747, 0.6620861979458694, 0.46932787658380515, 0.24978896926482363, 0.008562602043175715, 0.6196150058834455, 0.665518155077506, 0.7156849735853116, 0.8112793570163782, 0.7269905704836485, 0.6272227296862443], [0.27325733712712275, 0.8600636779521672, 0.0, 0.24504071088548643, 0.49308530637307835, 0.1501254558853305, 0.13887830987404115, 0.6534581640515813, 0.47856900548356496, 0.22024489568082517, 0.008284682400665488, 0.6132062655854882, 0.6621455148857738, 0.7074164966398772, 0.811366947209134, 0.7282880866476946, 0.6354329001134339], [0.46709684299860665, 1.082754337648714, 0.0, 0.2616143886661489, 0.5532350942301748, 0.14969069343015287, 0.13991528188589086, 0.6556373166187681, 0.492616200060912, 0.26376944793918145, 0.00839589484089287, 0.6194639244805291, 0.6364405897036236, 0.68949037415546, 0.8103103421917816, 0.7397346527320959, 0.6309902622719035], [0.08282420198956864, 0.9671000339925722, 0.0, 0.1986774535354077, 0.5386666588560199, 0.14267494203617195, 0.29993814855902345, 0.6713560836971528, 0.44907390390726976, 0.2355232191909169, 0.008117752083540042, 0.6246650993262048, 0.6923711283280874, 0.7324114012944295, 0.8179548276995608, 0.7460297602006363, 0.6220983593282567], [0.30698818459128985, 0.813689469216977, 0.0, 0.27446082083615486, 0.4877418301012293, 0.1483500371622455, 0.21462276551664203, 0.6618934797117961, 0.49244758750428974, 0.20902689060791468, 0.009061923644820391, 0.620124685517593, 0.6950558608480738, 0.7105536909394832, 0.8190008577669756, 0.7449142708671771, 0.6424289323139848], [0.004423098224291877, 0.8903711382878369, 0.0, 0.2507192219332579, 0.5214918155449753, 0.1410116252011866, 0.3324042765109823, 0.6744619392901386, 0.44241476237695765, 0.21801794083208215, 0.008284682400665488, 0.6273097791935776, 0.6871769416353884, 0.7218758923307275, 0.8171409764329447, 0.7398466315583118, 0.6248215629966]], "features_2": [[-0.1381796950134273, 0.7727670848351788, 0.0, 0.20311045913076162, 0.48885025588918296, 0.1376875021824953, 0.28360686938739477, 0.6747505350395864, 0.40996815019966926, 0.18902642035460349, 0.007950687539111767, 0.6222056132515219, 0.6767142524100994, 0.7108002759382747, 0.801408540650675, 0.7164916638122243, 0.5996985074732908], [-0.02150741889949126, 0.6246038844486417, 0.0, 0.2393166148396049, 0.4538647070483278, 0.12878892634361666, 0.3615433510480358, 0.6836872759208139, 0.3554897161573185, 0.14225349162150058, 0.007281081678807366, 0.6156057122323284, 0.6547259337050549, 0.6763715073011898, 0.7893854977057557, 0.7165343200463095, 0.5870163200078874], [-0.18015135751037814, 0.7379763505300952, 0.0, 0.22361873301415708, 0.49225331359988245, 0.13108615178488112, 0.39281010618359674, 0.6828909219648203, 0.3754779277614071, 0.1724811102187307, 0.007001439975721224, 0.6157901913817727, 0.6681122445924629, 0.6893055583122099, 0.7965530021160389, 0.7132860522051033, 0.5990813292700209], [-0.023366812883096166, 0.7591179637694212, 0.0, 0.23072105109527427, 0.4929314079016929, 0.13438763156379868, 0.34847882648229317, 0.6789638921437049, 0.39970213644171904, 0.18034430206612018, 0.007336964783822175, 0.6091923597616169, 0.6628250028019254, 0.6853406354933685, 0.7975883666508061, 0.7166637869628733, 0.6017972382274298], [-0.029985704609965858, 0.6405745756186237, 0.0, 0.24165518853888385, 0.45851751912543504, 0.12918355442453675, 0.3269871502866259, 0.6823336564073953, 0.3635377901501464, 0.14785521599215024, 0.007671947615560004, 0.6142584409213687, 0.6324815395579583, 0.6482999626780124, 0.7839659519333357, 0.7063334032714959, 0.5929033090359774], [0.12906921480281675, 0.7541608818745276, 0.0, 0.22328575809486811, 0.4992190155157239, 0.13320052646287195, 0.5072477233108323, 0.6831540480880072, 0.3970771737176051, 0.17670942230527764, 0.007671947615560004, 0.614904142153248, 0.6676500841960719, 0.6908774736746037, 0.8055238527948563, 0.7113565878966464, 0.6125556977690529], [0.02016427286061573, 0.750716356734136, 0.0, 0.23052535367733124, 0.4946698922220728, 0.12711886210376672, 0.3466496746872316, 0.6835951888795572, 0.35395943168710886, 0.17080323234214556, 0.00716927026363523, 0.6109594634381603, 0.6568887071163215, 0.6823598750019179, 0.7759779857807632, 0.6927044377141807, 0.5835711760323393], [-0.24257290881058902, 0.6104352760263128, 0.0, 0.20214133464434156, 0.4582575567228893, 0.12457859398132183, 0.5182855987483365, 0.6874957295001545, 0.3364451247417046, 0.13603774055411422, 0.007001439975721224, 0.6199437588218486, 0.6561022183325189, 0.666941417092019, 0.7806854340876463, 0.6976379089301671, 0.5838408331407019], [-0.3244207195617492, 0.634713183296498, 0.0, 0.2159638000833532, 0.464808491169493, 0.12512058999792736, 0.47218224163501643, 0.6865447737854802, 0.3431203549132025, 0.14337008779112614, 0.007225183508792421, 0.6182627013145927, 0.6568497875296262, 0.6747289947961511, 0.7782623419343724, 0.6835721078875607, 0.5764771993921372]]}