{"labels_1": ["1", "2", "3", "4", "5", "6", "7", "8", "9"], "labels_2": ["1", "2", "3", "4", "5", "6", "7", "8", "9"], "adj_matrix_1": [[0.0, 0.03996, 0.08664, 0.09924, 0.14206, 0.1174, 0.00854, 0.16038, 0.06915], [0.03996, 0.0, 0.12372, 0.06066, 0.17476, 0.07956, 0.0315, 0.191, 0.02968], [0.08664, 0.12372, 0.0, 0.17573, 0.06141, 0.19096, 0.09471, 0.08321, 0.14977], [0.09924, 0.06066, 0.17573, 0.0, 0.21829, 0.01944, 0.09115, 0.23082, 0.0313], [0.14206, 0.17476, 0.06141, 0.21829, 0.0, 0.23048, 0.14932, 0.02283, 0.19693], [0.1174, 0.07956, 0.19096, 0.01944, 0.23048, 0.0, 0.10949, 0.24176, 0.05056], [0.00854, 0.0315, 0.09471, 0.09115, 0.14932, 0.10949, 0.0, 0.16724, 0.06084], [0.16038, 0.191, 0.08321, 0.23082, 0.02283, 0.24176, 0.16724, 0.0, 0.21144], [0.06915, 0.02968, 0.14977, 0.0313, 0.19693, 0.05056, 0.06084, 0.21144, 0.0]], "adj_matrix_2": [[0.0, 0.08341, 0.24158, 0.11463, 0.02519, 0.14351, 0.14282, 0.30677, 0.34018], [0.08341, 0.0, 0.17274, 0.03255, 0.10755, 0.06334, 0.06258, 0.25021, 0.29164], [0.24158, 0.17274, 0.0, 0.14329, 0.25919, 0.11402, 0.11476, 0.0902, 0.14215], [0.11463, 0.03255, 0.14329, 0.0, 0.13788, 0.03106, 0.03027, 0.22435, 0.26844], [0.02519, 0.10755, 0.25919, 0.13788, 0.0, 0.16577, 0.16516, 0.32016, 0.35081], [0.14351, 0.06334, 0.11402, 0.03106, 0.16577, 0.0, 0.00079, 0.19801, 0.2443], [0.14282, 0.06258, 0.11476, 0.03027, 0.16516, 0.00079, 0.0, 0.19873, 0.24495], [0.30677, 0.25021, 0.0902, 0.22435, 0.32016, 0.19801, 0.19873, 0.0, 0.05366], [0.34018, 0.29164, 0.14215, 0.26844, 0.35081, 0.2443, 0.24495, 0.05366, 0.0]], "features_1": [[0.3287430085632508, 1.0690481866385007, 0.0, 0.22609421916521086, 0.544287001290896, 0.14702628922032868, 0.1662834088728175, 0.6569806096108854, 0.4675559958312958, 0.2599406971758198, 0.008340296057933516, 0.6211403804794007, 0.6485206622920106, 0.6828291860663034, 0.806400057945232, 0.7132733363309159, 0.6233591903620909], [0.2364510972599172, 0.8823387473728524, 0.0, 0.24196267098135754, 0.5017767369839189, 0.14875745903108628, 0.160253685187309, 0.6561016835385842, 0.48147540328811966, 0.2244852498813441, 0.008284682400665488, 0.6154641326775265, 0.6591597558504232, 0.700368440951243, 0.810674627272221, 0.735496978166528, 0.6348565359154092], [0.507596941165759, 1.0329130719400252, 0.0, 0.2360563332717705, 0.5463063105144128, 0.14541088385318932, 0.181197096468032, 0.6623328200963817, 0.4679502729165148, 0.24941419699271528, 0.00839589484089287, 0.6081956855952271, 0.649667409288219, 0.6990361203120038, 0.8083511317608207, 0.7374242437072033, 0.6332218013696851], [0.18426612490467953, 1.0163910984543603, 0.0, 0.2072366061686067, 0.5412305501688239, 0.14610344425388994, 0.19618660004374747, 0.6620861979458694, 0.46932787658380515, 0.24978896926482363, 0.008562602043175715, 0.6196150058834455, 0.665518155077506, 0.7156849735853116, 0.8112793570163782, 0.7269905704836485, 0.6272227296862443], [0.27325733712712275, 0.8600636779521672, 0.0, 0.24504071088548643, 0.49308530637307835, 0.1501254558853305, 0.13887830987404115, 0.6534581640515813, 0.47856900548356496, 0.22024489568082517, 0.008284682400665488, 0.6132062655854882, 0.6621455148857738, 0.7074164966398772, 0.811366947209134, 0.7282880866476946, 0.6354329001134339], [0.46709684299860665, 1.082754337648714, 0.0, 0.2616143886661489, 0.5532350942301748, 0.14969069343015287, 0.13991528188589086, 0.6556373166187681, 0.492616200060912, 0.26376944793918145, 0.00839589484089287, 0.6194639244805291, 0.6364405897036236, 0.68949037415546, 0.8103103421917816, 0.7397346527320959, 0.6309902622719035], [0.08282420198956864, 0.9671000339925722, 0.0, 0.1986774535354077, 0.5386666588560199, 0.14267494203617195, 0.29993814855902345, 0.6713560836971528, 0.44907390390726976, 0.2355232191909169, 0.008117752083540042, 0.6246650993262048, 0.6923711283280874, 0.7324114012944295, 0.8179548276995608, 0.7460297602006363, 0.6220983593282567], [0.30698818459128985, 0.813689469216977, 0.0, 0.27446082083615486, 0.4877418301012293, 0.1483500371622455, 0.21462276551664203, 0.6618934797117961, 0.49244758750428974, 0.20902689060791468, 0.009061923644820391, 0.620124685517593, 0.6950558608480738, 0.7105536909394832, 0.8190008577669756, 0.7449142708671771, 0.6424289323139848], [0.004423098224291877, 0.8903711382878369, 0.0, 0.2507192219332579, 0.5214918155449753, 0.1410116252011866, 0.3324042765109823, 0.6744619392901386, 0.44241476237695765, 0.21801794083208215, 0.008284682400665488, 0.6273097791935776, 0.6871769416353884, 0.7218758923307275, 0.8171409764329447, 0.7398466315583118, 0.6248215629966]], "features_2": [[-0.24746224455056698, 1.031322554597501, 0.0, 0.2090260336838957, 0.5588496781853157, 0.12949747533150735, 0.2632073947252643, 0.6794962495872945, 0.36737254996552626, 0.23211445018046373, 0.007560346756364078, 0.615764122982362, 0.63249082686872, 0.6500792865993087, 0.7705093096529286, 0.6819017651614265, 0.5821061646302206], [0.028143905175295192, 0.8623092219024344, 0.0, 0.23885166436722385, 0.5268570055450311, 0.12440547111767852, 0.3184517137719965, 0.6844871029862061, 0.3491562269215358, 0.18999658370364636, 0.007560346756364078, 0.6044732895629763, 0.6288618352264594, 0.6486117558169138, 0.7606462595031852, 0.6627660501181428, 0.5720112290082644], [-0.028503738925099942, 1.0951012694367073, 0.0, 0.22152379472038955, 0.581269174605325, 0.12466547028784258, 0.2229115412936075, 0.6832849341893108, 0.34613955859723267, 0.2344590207896975, 0.007336964783822175, 0.6166587328573288, 0.6314883548234785, 0.6539704439622808, 0.7559642310528215, 0.6719901725313646, 0.5757524410777336], [0.05708306472609115, 1.0556546164719303, 0.0, 0.24426927624360428, 0.5747413752918105, 0.12491309065663775, 0.2755602234351514, 0.6838805286008618, 0.35325074665133194, 0.22859856780505172, 0.007225183508792421, 0.6076704200039917, 0.6419265291743897, 0.6683530528564241, 0.7625334794660525, 0.678887951786265, 0.5798754978275251], [0.21331573558661532, 0.8823724528175044, 0.0, 0.2551932935145648, 0.5344332991328187, 0.1232145635789601, 0.2761428632448137, 0.6851414925919069, 0.35080241258718914, 0.19299465435983865, 0.007336964783822175, 0.5965339101039273, 0.6269589542284028, 0.6537754390739489, 0.7577866843642361, 0.6541766824267036, 0.5796471748335957], [0.04650671730441314, 1.1244647096828888, 0.0, 0.23446056636423854, 0.5927635945112578, 0.12270290727746583, 0.2648126350669685, 0.6858629650076298, 0.34622596894002067, 0.23717853563167912, 0.007225183508792421, 0.6069425513092512, 0.6484391968540385, 0.6740387218994314, 0.7618589641309911, 0.6613289737428114, 0.5813065886047862], [0.02244055245365617, 1.009527225618345, 0.0, 0.22554579650022402, 0.5706367744074398, 0.1212782185034783, 0.3084115753828243, 0.6870037856010994, 0.3304658930516333, 0.21363712337634677, 0.007225183508792421, 0.6050385002447749, 0.6334818770810839, 0.6566359716770299, 0.7566848266716567, 0.6740881751396774, 0.566768463647266], [-0.15044923413057676, 0.8602989422252861, 0.0, 0.24177989476981204, 0.5394721775744249, 0.11846211063626023, 0.3099549966483508, 0.6890505360106861, 0.31811132279297083, 0.1824449406861921, 0.00683347364535547, 0.6176125813688995, 0.6333029506206358, 0.6551151931238974, 0.7577476479270171, 0.656857460304684, 0.573090360117622], [-0.07776814336179694, 0.8869959229208043, 0.0, 0.21820367767002394, 0.5453782253996841, 0.11892044565103642, 0.2813020734897478, 0.6885527005024173, 0.31184467075156763, 0.18567746610704838, 0.0069454663283523566, 0.6171161642572693, 0.62277098819669, 0.61501999366116, 0.7563305777274018, 0.6864140959903726, 0.5676950158376067]]}