{"labels_1": ["1", "2", "3", "4", "5", "6", "7", "8", "9"], "labels_2": ["1", "2", "3", "4", "5", "6", "7", "8", "9"], "adj_matrix_1": [[0.0, 0.00018, 0.1051, 0.04944, 0.0446, 0.16937, 0.20631, 0.19655, 0.04638], [0.00018, 0.0, 0.10525, 0.04961, 0.04444, 0.16944, 0.20623, 0.19658, 0.04657], [0.1051, 0.10525, 0.0, 0.05687, 0.14661, 0.06901, 0.2763, 0.26977, 0.0599], [0.04944, 0.04961, 0.05687, 0.0, 0.0931, 0.12409, 0.24136, 0.23306, 0.00308], [0.0446, 0.04444, 0.14661, 0.0931, 0.0, 0.20697, 0.17112, 0.16031, 0.09016], [0.16937, 0.16944, 0.06901, 0.12409, 0.20697, 0.0, 0.31108, 0.30673, 0.12694], [0.20631, 0.20623, 0.2763, 0.24136, 0.17112, 0.31108, 0.0, 0.01323, 0.23936], [0.19655, 0.19658, 0.26977, 0.23306, 0.16031, 0.30673, 0.01323, 0.0, 0.23106], [0.04638, 0.04657, 0.0599, 0.00308, 0.09016, 0.12694, 0.23936, 0.23106, 0.0]], "adj_matrix_2": [[0.0, 0.22335, 0.11006, 0.24455, 0.03604, 0.24628, 0.2511, 0.14011, 0.13515], [0.22335, 0.0, 0.29736, 0.33382, 0.19369, 0.33338, 0.33178, 0.31239, 0.09963], [0.11006, 0.29736, 0.0, 0.16608, 0.14326, 0.16878, 0.17656, 0.03297, 0.22853], [0.24455, 0.33382, 0.16608, 0.0, 0.26452, 0.00347, 0.01375, 0.1385, 0.3079], [0.03604, 0.19369, 0.14326, 0.26452, 0.0, 0.26589, 0.26974, 0.17167, 0.10115], [0.24628, 0.33338, 0.16878, 0.00347, 0.26589, 0.0, 0.01029, 0.14142, 0.30833], [0.2511, 0.33178, 0.17656, 0.01375, 0.26974, 0.01029, 0.0, 0.14997, 0.30928], [0.14011, 0.31239, 0.03297, 0.1385, 0.17167, 0.14142, 0.14997, 0.0, 0.25073], [0.13515, 0.09963, 0.22853, 0.3079, 0.10115, 0.30833, 0.30928, 0.25073, 0.0]], "features_1": [[-0.14761424981055615, 1.027918643658089, 0.0, 0.22698178581068834, 0.5428431114147372, 0.15369735363959908, 0.15634908966367006, 0.6582852040780249, 0.5507860521108738, 0.26600894495856897, 0.008784670673857464, 0.6464951214693024, 0.6994342106341966, 0.7559122227965693, 0.8230415043489616, 0.7417254964549644, 0.6140568777532975], [0.24863365801888104, 0.8327353583757041, 0.0, 0.23891766914078588, 0.5123780317606418, 0.14275983317447677, 0.3074867416588333, 0.6754411513949055, 0.49417455035355573, 0.20676423535758048, 0.008618141428105908, 0.6248807730608879, 0.6833486640954418, 0.7072660250597651, 0.8168615160462858, 0.7404232197543477, 0.5944094776354871], [0.07172343442101381, 0.9755887664732131, 0.0, 0.23281709299706066, 0.5473692477793564, 0.14368716003489224, 0.2729198911267822, 0.6734675704986235, 0.5031072554123299, 0.2391141386625819, 0.008673665988278678, 0.6276717879371914, 0.6881433852402475, 0.7292679947038887, 0.8157547790484339, 0.7487824403145671, 0.612356088748135], [0.02453938036861425, 0.9824592482103023, 0.0, 0.22709113145030457, 0.5470347387965986, 0.14471255311023773, 0.2660130679274516, 0.6718678353043619, 0.5054803150635225, 0.2439336815133939, 0.008895616178821175, 0.6284617470686842, 0.6817839991182703, 0.7267843867723325, 0.8169946231350311, 0.7326760515136923, 0.6127416959190727], [0.301557564196826, 0.8207628748895078, 0.0, 0.25415195885424746, 0.5163724837079322, 0.13542552956520928, 0.35827070144640627, 0.681827063734846, 0.4443922410212857, 0.19399692051092576, 0.007950687539111767, 0.6113012622177554, 0.6784720632060302, 0.6981986776044681, 0.8062944567031458, 0.7241549833602072, 0.5857736919917685], [-0.020331614466921888, 1.0385598349291538, 0.0, 0.222680425444167, 0.557370452124688, 0.14590595870384504, 0.2591720506493047, 0.6705558867654089, 0.5113711178524285, 0.25543012230105155, 0.00822905385914674, 0.6379185927112965, 0.6787024554297388, 0.7254492453603626, 0.8159081259589396, 0.7316344244104059, 0.6185264840027747], [0.37749721191925145, 0.9812216607545957, 0.0, 0.2544140040898448, 0.547306693606935, 0.14039856311024299, 0.27977979860876945, 0.6765068993626014, 0.4699890002684426, 0.2337568811136279, 0.008340296057933516, 0.6137336735547507, 0.67435742705129, 0.7169974702358108, 0.8103349814838421, 0.7307408381166747, 0.5997033791424432], [0.40078616705437, 0.8051761139330789, 0.0, 0.22207492969800297, 0.5080502259213437, 0.13437969975736397, 0.3080942011919099, 0.6810642358777756, 0.414262020001118, 0.18697381559506177, 0.007783488497544067, 0.594421124537929, 0.675402680083491, 0.6730487811594913, 0.7989547640500039, 0.7109809601618102, 0.5769217188247832], [0.12475856690184228, 0.844241167221174, 0.0, 0.21336995975988268, 0.5165549414057895, 0.13439422245182447, 0.29694447942814933, 0.6806184564901749, 0.41102238177023587, 0.19549758462137246, 0.007560346756364078, 0.618447100515831, 0.6564470958198052, 0.6788763083474971, 0.7970909002045654, 0.7193557088030921, 0.5889671152805479]], "features_2": [[-0.05917465578606507, 0.7872253513565883, 0.0, 0.16496362658590955, 0.4801785351561767, 0.14158860190229136, 0.1433847597911722, 0.6637291650621171, 0.4310828721900697, 0.1952157326893289, 0.007950687539111767, 0.630655255056823, 0.6374384993005365, 0.6673958603394862, 0.7916395158338718, 0.6911365702621325, 0.5910435326094936], [-0.33399002762334895, 0.656916224473249, 0.0, 0.20957185259694175, 0.43873856194652505, 0.14053244262457898, 0.11592192024988321, 0.664393136781642, 0.4167833354957593, 0.16493219129839276, 0.007727725548673403, 0.6315860748659019, 0.6500800713636118, 0.6763497557353537, 0.786583532177741, 0.6835869714802442, 0.5770931431775416], [0.24637738341958304, 0.8054525417733985, 0.0, 0.20250039954616786, 0.48845870733108576, 0.14051158735912073, 0.13990031815600118, 0.6661239591437785, 0.43130468326970695, 0.19509971829116135, 0.007950687539111767, 0.6122167393327325, 0.6613310281774842, 0.6655813124480169, 0.7921356192394071, 0.7174993207619339, 0.5997361891864468], [0.2695170186496547, 0.809110669037203, 0.0, 0.22789537636389692, 0.4914425058485452, 0.13814402643645424, 0.1502641883142779, 0.6703330312034188, 0.41837496345640646, 0.19399451539623414, 0.007950687539111767, 0.6073540894558451, 0.6556220769546768, 0.6857739988229344, 0.789444955648193, 0.701030800820327, 0.5947426032372827], [-0.10337625860270983, 0.6481776121618003, 0.0, 0.22749632036913023, 0.4366214041021793, 0.13921503809451874, 0.10975032659917901, 0.6665229532046362, 0.408444861277685, 0.15978497396769864, 0.00783923647221818, 0.6201032102647441, 0.6301181541847197, 0.6605779537620972, 0.7843238006524426, 0.6985676452464056, 0.5665054992963678], [0.4802885669311925, 0.8422724192953419, 0.0, 0.21971014576167666, 0.4947086278743722, 0.14456494471299222, 0.16226032490437134, 0.6640103204545852, 0.45434936293708894, 0.20722610417707843, 0.008117752083540042, 0.6085897641514175, 0.6435454310591748, 0.6819590859681812, 0.8053469436923646, 0.7309621280008711, 0.6145031131538475], [0.26284447270731626, 0.7740924909982771, 0.0, 0.2187787525916942, 0.4900795788074326, 0.1327756296473644, 0.2088625610910782, 0.6778161325067366, 0.3892322300147164, 0.1806829225343587, 0.007616154688146137, 0.604204650777985, 0.628591036766944, 0.6501765915929547, 0.7843036300042329, 0.6994712960545929, 0.584047135351906], [0.7704800752828804, 0.63832824640969, 0.0, 0.24556403567343116, 0.4370277979934449, 0.13665342375515388, 0.18539262299978318, 0.6741677805784936, 0.409216344242455, 0.15144476723785028, 0.007560346756364078, 0.6075490754285191, 0.6436369866066447, 0.6755684259302492, 0.7905956379195278, 0.7193174013031676, 0.5787411281446218], [0.023747354248677244, 0.7034670535747479, 0.0, 0.1961163944275482, 0.46129419635243274, 0.13545294061914775, 0.17817230932560904, 0.6749864235469692, 0.39325810025273666, 0.16876273455333668, 0.008117752083540042, 0.6271074934939751, 0.652765225003743, 0.6794010292205732, 0.7865189153229819, 0.6917469050775065, 0.5722743965572705]]}