{"labels_1": ["1", "2", "3", "4", "5", "6", "7", "8", "9"], "labels_2": ["1", "2", "3", "4", "5", "6", "7", "8", "9"], "adj_matrix_1": [[0.0, 0.00018, 0.1051, 0.04944, 0.0446, 0.16937, 0.20631, 0.19655, 0.04638], [0.00018, 0.0, 0.10525, 0.04961, 0.04444, 0.16944, 0.20623, 0.19658, 0.04657], [0.1051, 0.10525, 0.0, 0.05687, 0.14661, 0.06901, 0.2763, 0.26977, 0.0599], [0.04944, 0.04961, 0.05687, 0.0, 0.0931, 0.12409, 0.24136, 0.23306, 0.00308], [0.0446, 0.04444, 0.14661, 0.0931, 0.0, 0.20697, 0.17112, 0.16031, 0.09016], [0.16937, 0.16944, 0.06901, 0.12409, 0.20697, 0.0, 0.31108, 0.30673, 0.12694], [0.20631, 0.20623, 0.2763, 0.24136, 0.17112, 0.31108, 0.0, 0.01323, 0.23936], [0.19655, 0.19658, 0.26977, 0.23306, 0.16031, 0.30673, 0.01323, 0.0, 0.23106], [0.04638, 0.04657, 0.0599, 0.00308, 0.09016, 0.12694, 0.23936, 0.23106, 0.0]], "adj_matrix_2": [[0.0, 0.00628, 0.18703, 0.14408, 0.02902, 0.18208, 0.11623, 0.21808, 0.08733], [0.00628, 0.0, 0.18482, 0.13962, 0.02282, 0.17956, 0.12156, 0.22115, 0.0932], [0.18703, 0.18482, 0.0, 0.08404, 0.17479, 0.01539, 0.21181, 0.20075, 0.20925], [0.14408, 0.13962, 0.08404, 0.0, 0.12204, 0.07019, 0.20999, 0.23642, 0.19693], [0.02902, 0.02282, 0.17479, 0.12204, 0.0, 0.16807, 0.14014, 0.23012, 0.11343], [0.18208, 0.17956, 0.01539, 0.07019, 0.16807, 0.0, 0.21414, 0.20886, 0.2099], [0.11623, 0.12156, 0.21181, 0.20999, 0.14014, 0.21414, 0.0, 0.13569, 0.03193], [0.21808, 0.22115, 0.20075, 0.23642, 0.23012, 0.20886, 0.13569, 0.0, 0.16181], [0.08733, 0.0932, 0.20925, 0.19693, 0.11343, 0.2099, 0.03193, 0.16181, 0.0]], "features_1": [[-0.14761424981055615, 1.027918643658089, 0.0, 0.22698178581068834, 0.5428431114147372, 0.15369735363959908, 0.15634908966367006, 0.6582852040780249, 0.5507860521108738, 0.26600894495856897, 0.008784670673857464, 0.6464951214693024, 0.6994342106341966, 0.7559122227965693, 0.8230415043489616, 0.7417254964549644, 0.6140568777532975], [0.24863365801888104, 0.8327353583757041, 0.0, 0.23891766914078588, 0.5123780317606418, 0.14275983317447677, 0.3074867416588333, 0.6754411513949055, 0.49417455035355573, 0.20676423535758048, 0.008618141428105908, 0.6248807730608879, 0.6833486640954418, 0.7072660250597651, 0.8168615160462858, 0.7404232197543477, 0.5944094776354871], [0.07172343442101381, 0.9755887664732131, 0.0, 0.23281709299706066, 0.5473692477793564, 0.14368716003489224, 0.2729198911267822, 0.6734675704986235, 0.5031072554123299, 0.2391141386625819, 0.008673665988278678, 0.6276717879371914, 0.6881433852402475, 0.7292679947038887, 0.8157547790484339, 0.7487824403145671, 0.612356088748135], [0.02453938036861425, 0.9824592482103023, 0.0, 0.22709113145030457, 0.5470347387965986, 0.14471255311023773, 0.2660130679274516, 0.6718678353043619, 0.5054803150635225, 0.2439336815133939, 0.008895616178821175, 0.6284617470686842, 0.6817839991182703, 0.7267843867723325, 0.8169946231350311, 0.7326760515136923, 0.6127416959190727], [0.301557564196826, 0.8207628748895078, 0.0, 0.25415195885424746, 0.5163724837079322, 0.13542552956520928, 0.35827070144640627, 0.681827063734846, 0.4443922410212857, 0.19399692051092576, 0.007950687539111767, 0.6113012622177554, 0.6784720632060302, 0.6981986776044681, 0.8062944567031458, 0.7241549833602072, 0.5857736919917685], [-0.020331614466921888, 1.0385598349291538, 0.0, 0.222680425444167, 0.557370452124688, 0.14590595870384504, 0.2591720506493047, 0.6705558867654089, 0.5113711178524285, 0.25543012230105155, 0.00822905385914674, 0.6379185927112965, 0.6787024554297388, 0.7254492453603626, 0.8159081259589396, 0.7316344244104059, 0.6185264840027747], [0.37749721191925145, 0.9812216607545957, 0.0, 0.2544140040898448, 0.547306693606935, 0.14039856311024299, 0.27977979860876945, 0.6765068993626014, 0.4699890002684426, 0.2337568811136279, 0.008340296057933516, 0.6137336735547507, 0.67435742705129, 0.7169974702358108, 0.8103349814838421, 0.7307408381166747, 0.5997033791424432], [0.40078616705437, 0.8051761139330789, 0.0, 0.22207492969800297, 0.5080502259213437, 0.13437969975736397, 0.3080942011919099, 0.6810642358777756, 0.414262020001118, 0.18697381559506177, 0.007783488497544067, 0.594421124537929, 0.675402680083491, 0.6730487811594913, 0.7989547640500039, 0.7109809601618102, 0.5769217188247832], [0.12475856690184228, 0.844241167221174, 0.0, 0.21336995975988268, 0.5165549414057895, 0.13439422245182447, 0.29694447942814933, 0.6806184564901749, 0.41102238177023587, 0.19549758462137246, 0.007560346756364078, 0.618447100515831, 0.6564470958198052, 0.6788763083474971, 0.7970909002045654, 0.7193557088030921, 0.5889671152805479]], "features_2": [[0.8519423324770381, 1.2089884111288307, 0.0, 0.2649082483000285, 0.5854138999066233, 0.13586422841038595, 0.17806797014017164, 0.6717816063197986, 0.41285351028068185, 0.26959599112140387, 0.008340296057933516, 0.5916202805548056, 0.6254315720554846, 0.6552892815934815, 0.785137466486573, 0.7178461863017814, 0.5917565832424735], [1.5931249537851935, 0.8974702074942871, 0.0, 0.30109461725480036, 0.526066243304989, 0.1319158209340224, 0.2281740334987859, 0.6779107428035018, 0.38793681372217126, 0.19960337864044053, 0.007671947615560004, 0.5750681214622315, 0.6397210135372413, 0.6501569956285771, 0.7842061627207091, 0.7382891380276076, 0.5901512863044451], [2.0292409465428225, 1.0557655993208512, 0.0, 0.32793620178526833, 0.5675092706597215, 0.12985576582935884, 0.2416831529023824, 0.6803667444376509, 0.3884925482988626, 0.22722335097568958, 0.007783488497544067, 0.5621311651600212, 0.6184350997486863, 0.6461882500506091, 0.7800640884082571, 0.7141211008204419, 0.5863924693175545], [1.4721878228973857, 1.0438881956910446, 0.0, 0.31797831888257405, 0.5660676143277847, 0.13118865790220188, 0.2471604830384976, 0.6797862037091362, 0.39914622852798853, 0.23016794508520522, 0.008006390651371653, 0.5714853265304223, 0.6158854931136795, 0.6456407013168065, 0.7857790261247702, 0.7127651992435902, 0.5970999887990645], [1.3860079691655596, 0.8805510618173775, 0.0, 0.3127506521494473, 0.523946363378173, 0.1313972257367364, 0.2858660616007043, 0.679013948550992, 0.3795020506911422, 0.1941446131989648, 0.007392832833969631, 0.5723955055574095, 0.6269509708176364, 0.6364522633589148, 0.7810261932855381, 0.7298262934795966, 0.6008168823030514], [2.2307496871675863, 0.9896386702012933, 0.0, 0.3451005879882983, 0.5594876801009068, 0.1292799720265857, 0.340516386189357, 0.6833697314639575, 0.3883993702326083, 0.21172965564235158, 0.007448685839370306, 0.5620939535975178, 0.630869239904067, 0.6512777263362026, 0.7880880287434944, 0.7359463333579211, 0.5967789100392357], [0.8337545061405454, 1.0177069586146075, 0.0, 0.27234135658656516, 0.5693809893116243, 0.12611475686438775, 0.2763335572506428, 0.6845992088774661, 0.3735664583888676, 0.21921505831421495, 0.007448685839370306, 0.5902688568050003, 0.628410521632609, 0.63959561793508, 0.7772827281306673, 0.6870402645065569, 0.5844225696783244], [0.9837611016561603, 0.7849938796401844, 0.0, 0.2771341181331918, 0.5070796972772795, 0.1277691747450786, 0.3943845127089844, 0.6838299164184384, 0.3778138194546661, 0.17235563665850373, 0.007783488497544067, 0.5906417712659742, 0.6322053670222528, 0.649850374806621, 0.7744407401041234, 0.7178207721920414, 0.5912613013514721], [0.798868689873883, 0.8315715983726175, 0.0, 0.264652777790916, 0.5309730109833435, 0.12137618418548816, 0.42142304017071763, 0.6886040479108695, 0.34872108090076126, 0.17573064373451364, 0.007560346756364078, 0.583176682630357, 0.6286334325538276, 0.6546395723605484, 0.7656114354279154, 0.7025427370006744, 0.5671372933386636]]}