{"labels_1": ["1", "2", "3", "4", "5", "6", "7", "8", "9"], "labels_2": ["1", "2", "3", "4", "5", "6", "7", "8", "9"], "adj_matrix_1": [[0.0, 0.00018, 0.1051, 0.04944, 0.0446, 0.16937, 0.20631, 0.19655, 0.04638], [0.00018, 0.0, 0.10525, 0.04961, 0.04444, 0.16944, 0.20623, 0.19658, 0.04657], [0.1051, 0.10525, 0.0, 0.05687, 0.14661, 0.06901, 0.2763, 0.26977, 0.0599], [0.04944, 0.04961, 0.05687, 0.0, 0.0931, 0.12409, 0.24136, 0.23306, 0.00308], [0.0446, 0.04444, 0.14661, 0.0931, 0.0, 0.20697, 0.17112, 0.16031, 0.09016], [0.16937, 0.16944, 0.06901, 0.12409, 0.20697, 0.0, 0.31108, 0.30673, 0.12694], [0.20631, 0.20623, 0.2763, 0.24136, 0.17112, 0.31108, 0.0, 0.01323, 0.23936], [0.19655, 0.19658, 0.26977, 0.23306, 0.16031, 0.30673, 0.01323, 0.0, 0.23106], [0.04638, 0.04657, 0.0599, 0.00308, 0.09016, 0.12694, 0.23936, 0.23106, 0.0]], "adj_matrix_2": [[0.0, 0.15299, 0.26133, 0.321, 0.2773, 0.24152, 0.32013, 0.31303, 0.3464], [0.15299, 0.0, 0.15241, 0.27206, 0.18032, 0.12041, 0.2699, 0.25285, 0.36207], [0.26133, 0.15241, 0.0, 0.15084, 0.03237, 0.03536, 0.14775, 0.12422, 0.29242], [0.321, 0.27206, 0.15084, 0.0, 0.12079, 0.18212, 0.00337, 0.0286, 0.16739], [0.2773, 0.18032, 0.03237, 0.12079, 0.0, 0.0674, 0.11759, 0.09335, 0.26991], [0.24152, 0.12041, 0.03536, 0.18212, 0.0674, 0.0, 0.17917, 0.15668, 0.31417], [0.32013, 0.2699, 0.14775, 0.00337, 0.11759, 0.17917, 0.0, 0.02524, 0.17048], [0.31303, 0.25285, 0.12422, 0.0286, 0.09335, 0.15668, 0.02524, 0.0, 0.1932], [0.3464, 0.36207, 0.29242, 0.16739, 0.26991, 0.31417, 0.17048, 0.1932, 0.0]], "features_1": [[-0.14761424981055615, 1.027918643658089, 0.0, 0.22698178581068834, 0.5428431114147372, 0.15369735363959908, 0.15634908966367006, 0.6582852040780249, 0.5507860521108738, 0.26600894495856897, 0.008784670673857464, 0.6464951214693024, 0.6994342106341966, 0.7559122227965693, 0.8230415043489616, 0.7417254964549644, 0.6140568777532975], [0.24863365801888104, 0.8327353583757041, 0.0, 0.23891766914078588, 0.5123780317606418, 0.14275983317447677, 0.3074867416588333, 0.6754411513949055, 0.49417455035355573, 0.20676423535758048, 0.008618141428105908, 0.6248807730608879, 0.6833486640954418, 0.7072660250597651, 0.8168615160462858, 0.7404232197543477, 0.5944094776354871], [0.07172343442101381, 0.9755887664732131, 0.0, 0.23281709299706066, 0.5473692477793564, 0.14368716003489224, 0.2729198911267822, 0.6734675704986235, 0.5031072554123299, 0.2391141386625819, 0.008673665988278678, 0.6276717879371914, 0.6881433852402475, 0.7292679947038887, 0.8157547790484339, 0.7487824403145671, 0.612356088748135], [0.02453938036861425, 0.9824592482103023, 0.0, 0.22709113145030457, 0.5470347387965986, 0.14471255311023773, 0.2660130679274516, 0.6718678353043619, 0.5054803150635225, 0.2439336815133939, 0.008895616178821175, 0.6284617470686842, 0.6817839991182703, 0.7267843867723325, 0.8169946231350311, 0.7326760515136923, 0.6127416959190727], [0.301557564196826, 0.8207628748895078, 0.0, 0.25415195885424746, 0.5163724837079322, 0.13542552956520928, 0.35827070144640627, 0.681827063734846, 0.4443922410212857, 0.19399692051092576, 0.007950687539111767, 0.6113012622177554, 0.6784720632060302, 0.6981986776044681, 0.8062944567031458, 0.7241549833602072, 0.5857736919917685], [-0.020331614466921888, 1.0385598349291538, 0.0, 0.222680425444167, 0.557370452124688, 0.14590595870384504, 0.2591720506493047, 0.6705558867654089, 0.5113711178524285, 0.25543012230105155, 0.00822905385914674, 0.6379185927112965, 0.6787024554297388, 0.7254492453603626, 0.8159081259589396, 0.7316344244104059, 0.6185264840027747], [0.37749721191925145, 0.9812216607545957, 0.0, 0.2544140040898448, 0.547306693606935, 0.14039856311024299, 0.27977979860876945, 0.6765068993626014, 0.4699890002684426, 0.2337568811136279, 0.008340296057933516, 0.6137336735547507, 0.67435742705129, 0.7169974702358108, 0.8103349814838421, 0.7307408381166747, 0.5997033791424432], [0.40078616705437, 0.8051761139330789, 0.0, 0.22207492969800297, 0.5080502259213437, 0.13437969975736397, 0.3080942011919099, 0.6810642358777756, 0.414262020001118, 0.18697381559506177, 0.007783488497544067, 0.594421124537929, 0.675402680083491, 0.6730487811594913, 0.7989547640500039, 0.7109809601618102, 0.5769217188247832], [0.12475856690184228, 0.844241167221174, 0.0, 0.21336995975988268, 0.5165549414057895, 0.13439422245182447, 0.29694447942814933, 0.6806184564901749, 0.41102238177023587, 0.19549758462137246, 0.007560346756364078, 0.618447100515831, 0.6564470958198052, 0.6788763083474971, 0.7970909002045654, 0.7193557088030921, 0.5889671152805479]], "features_2": [[0.4374871123412052, 1.111600168204455, 0.0, 0.26921091659766005, 0.5665433045394783, 0.1403392601101145, 0.29701058622080223, 0.6709026552949029, 0.42619823761541054, 0.2562087908129933, 0.008062078829516484, 0.6007668464430418, 0.6646605131769149, 0.7001409016706253, 0.809951352436532, 0.7412364555519332, 0.6263704998177261], [0.18958701843587766, 0.8721219576208847, 0.0, 0.28585902693356363, 0.5193295581321721, 0.14194121694932038, 0.43410644212687616, 0.6748722898456792, 0.44524494980402274, 0.21338178642448313, 0.00822905385914674, 0.6206475177356015, 0.7078997015312626, 0.7486852066254442, 0.8268012207040576, 0.767574732269499, 0.6447110479082238], [-0.007755746908932437, 0.9433552708102585, 0.0, 0.262495793051214, 0.5384750444150267, 0.14181488522160157, 0.4420469442065539, 0.6746738064610847, 0.4408057317151146, 0.22875987424534094, 0.008117752083540042, 0.6238048311581461, 0.695634901359778, 0.7245873237269206, 0.8250339540345754, 0.7551531581790795, 0.6482981306360663], [-0.010394458481450819, 0.9241856344491938, 0.0, 0.24721220911031602, 0.5310694265129522, 0.14303654702039686, 0.43605855096200585, 0.6724917436294402, 0.45067087324946886, 0.22665847828625973, 0.008117752083540042, 0.6315828779031796, 0.6842339764323839, 0.7269778077347281, 0.822653120268502, 0.7476545901251745, 0.6416185836289172], [-0.03723402690003619, 0.845527379486522, 0.0, 0.27638933022375634, 0.5164543577102005, 0.14249798449841752, 0.47349361156919656, 0.6765945983005004, 0.4537748259926515, 0.2107662568382045, 0.008173410423425675, 0.6289660036068339, 0.7248897443738289, 0.7542133094544229, 0.8330519131833843, 0.761693064068002, 0.6530385586211626], [-0.14244639894828826, 0.9294677024263984, 0.0, 0.26256675419737163, 0.5346647417785638, 0.14593737116575028, 0.4674800496842174, 0.6726426866548869, 0.4721100790327739, 0.2333124523942074, 0.008673665988278678, 0.6308302288648266, 0.7123733313392965, 0.7498388153196982, 0.8321869519653262, 0.7458349248367078, 0.6541845519368754], [-0.28864170350352714, 0.867487076870628, 0.0, 0.2008622839204733, 0.5157212110375078, 0.14539282091620528, 0.5982030976284605, 0.6724161724494702, 0.44628369352949315, 0.21649858404825206, 0.008451478759474051, 0.638126851990581, 0.6936558486780333, 0.7389998460169779, 0.8273044835411514, 0.751843932215746, 0.638014480374829], [-0.06293815516819734, 0.7938144857820619, 0.0, 0.23617923872598573, 0.5045790250253172, 0.14245441957193272, 0.4910734411935117, 0.6766670284972298, 0.45320677588629876, 0.19894182284070028, 0.00822905385914674, 0.6298075238495007, 0.7161862990785494, 0.7369931949488338, 0.8315534441974572, 0.7662477956546508, 0.6484726000551915], [-0.17534169180966286, 0.8277948805056816, 0.0, 0.2339149190639154, 0.5116321411048701, 0.1421617021922562, 0.5384774269978052, 0.675667070078645, 0.43276980327636694, 0.20371706344426244, 0.008117752083540042, 0.6386625692740129, 0.702060785442977, 0.7442602586506737, 0.8245292080972416, 0.754995356600892, 0.6400872578629058]]}