{"labels_1": ["1", "2", "3", "4", "5", "6", "7", "8", "9"], "labels_2": ["1", "2", "3", "4", "5", "6", "7", "8", "9"], "adj_matrix_1": [[0.0, 0.03919, 0.2056, 0.04305, 0.12512, 0.19052, 0.1286, 0.28003, 0.26837], [0.03919, 0.0, 0.17178, 0.00387, 0.16203, 0.15569, 0.16536, 0.25398, 0.24067], [0.2056, 0.17178, 0.0, 0.16834, 0.3023, 0.01816, 0.30471, 0.10516, 0.08622], [0.04305, 0.00387, 0.16834, 0.0, 0.16558, 0.15219, 0.16892, 0.25113, 0.23769], [0.12512, 0.16203, 0.3023, 0.16558, 0.0, 0.29099, 0.00361, 0.3501, 0.34389], [0.19052, 0.15569, 0.01816, 0.15219, 0.29099, 0.0, 0.29355, 0.12209, 0.10354], [0.1286, 0.16536, 0.30471, 0.16892, 0.00361, 0.29355, 0.0, 0.35159, 0.34555], [0.28003, 0.25398, 0.10516, 0.25113, 0.3501, 0.12209, 0.35159, 0.0, 0.01994], [0.26837, 0.24067, 0.08622, 0.23769, 0.34389, 0.10354, 0.34555, 0.01994, 0.0]], "adj_matrix_2": [[0.0, 0.05669, 0.07272, 0.16803, 0.29701, 0.24297, 0.20718, 0.13387, 0.19775], [0.05669, 0.0, 0.12627, 0.21043, 0.2636, 0.20057, 0.24103, 0.18148, 0.23405], [0.07272, 0.12627, 0.0, 0.10473, 0.32535, 0.28487, 0.15332, 0.06563, 0.14119], [0.16803, 0.21043, 0.10473, 0.0, 0.33209, 0.31328, 0.05637, 0.04127, 0.0417], [0.29701, 0.2636, 0.32535, 0.33209, 0.0, 0.08056, 0.3183, 0.33453, 0.32291], [0.24297, 0.20057, 0.28487, 0.31328, 0.08056, 0.0, 0.31039, 0.3073, 0.31218], [0.20718, 0.24103, 0.15332, 0.05637, 0.3183, 0.31039, 0.0, 0.09573, 0.01497], [0.13387, 0.18148, 0.06563, 0.04127, 0.33453, 0.3073, 0.09573, 0.0, 0.08181], [0.19775, 0.23405, 0.14119, 0.0417, 0.32291, 0.31218, 0.01497, 0.08181, 0.0]], "features_1": [[-0.340659314382155, 1.042246437687595, 0.0, 0.19351277774993444, 0.5404643845038167, 0.14730896814783598, 0.1552529503721459, 0.6579289807132628, 0.47485202030261564, 0.26048555797402106, 0.008507047823598457, 0.6417669514972082, 0.6689464173589007, 0.708062711316393, 0.81198757581706, 0.713767109158987, 0.611583811812693], [-0.2616028548983804, 0.8201609647293714, 0.0, 0.18945199836045654, 0.4998645217315377, 0.13955784498504972, 0.27177312001396314, 0.6732304175398686, 0.44111458373639545, 0.20355201197793726, 0.008173410423425675, 0.6295528614070918, 0.690841240350372, 0.7168913647866512, 0.811821434420214, 0.7196522873035527, 0.6167909620226794], [-0.0675344433638867, 0.9353486902592432, 0.0, 0.20745157966840302, 0.5296816818013348, 0.14131748445133446, 0.24405355756749786, 0.6704332613943351, 0.46227188240026407, 0.23007322507327155, 0.008507047823598457, 0.6222805075003313, 0.6753795578019767, 0.7036107643480891, 0.8109210749457603, 0.7316553018935661, 0.6224704145867767], [-0.16861839838642378, 0.9333682919660965, 0.0, 0.22122180671226957, 0.5287891392862851, 0.14168036785315283, 0.23406209716752785, 0.6698003169583013, 0.4669738155057732, 0.2306204307971056, 0.00839589484089287, 0.6357749062841398, 0.6778894941783197, 0.6988744889682927, 0.8106750977955816, 0.7141941997825103, 0.6184584264847497], [-0.1714225718374589, 0.7952695184741051, 0.0, 0.20861361903834014, 0.4922297078619716, 0.13701192119529745, 0.26288582452790055, 0.6751583307118055, 0.42649540673023534, 0.19404046180145063, 0.008062078829516484, 0.6372971825237381, 0.6662401487809891, 0.6863094290161265, 0.8042786166299829, 0.714587306236835, 0.6161706509977332], [0.09584163126891765, 0.9839234109393576, 0.0, 0.20934688417575262, 0.5344931854510657, 0.14619126559509057, 0.2168044599847036, 0.6647535819237662, 0.493539144317241, 0.244528322696544, 0.008507047823598457, 0.6225960044952012, 0.6729869729353234, 0.7026970982277865, 0.8146970028296551, 0.7241907335226064, 0.6229207663863624], [-0.1434598652240342, 0.8894296486901112, 0.0, 0.2531250467219207, 0.5165673319800727, 0.13697722521195518, 0.23223886216253292, 0.673602617593097, 0.42632874034552026, 0.21409719858257392, 0.008062078829516484, 0.6384710531579256, 0.655358735008205, 0.6803798686398949, 0.7992787089812599, 0.7115991286305549, 0.6086306131128008], [0.4937599047420025, 0.7550074042814344, 0.0, 0.29512730384974944, 0.48260934188979016, 0.13387905256609947, 0.2540317561829191, 0.6766876504917996, 0.42315711366162456, 0.1785485654408827, 0.007950687539111767, 0.6104397965605082, 0.6408402304665444, 0.6698214051068959, 0.7924942227178632, 0.7307193593137006, 0.6154216106926998], [0.22617726242286196, 0.7693293903078106, 0.0, 0.2777758237680778, 0.4841143268819489, 0.13479759476265957, 0.21107500954670896, 0.6748120219697553, 0.41618183946231224, 0.18448491393436162, 0.007727725548673403, 0.6060006171421599, 0.6700279658732907, 0.7039267210918344, 0.789857881667037, 0.7083142354690769, 0.6050607550370511]], "features_2": [[0.5494513719851155, 0.8723850385226575, 0.0, 0.288519392767567, 0.528674729314265, 0.12908997814447282, 0.3848319811123524, 0.683333302839469, 0.3933717800887513, 0.19864333304007853, 0.007616154688146137, 0.5974313481913704, 0.6407988979848458, 0.6623698503707564, 0.7869287209957321, 0.7058355908614753, 0.5707106971505396], [0.2847972146940121, 0.7600833542491281, 0.0, 0.29112273328564353, 0.5017055676582548, 0.12781901917303792, 0.37923265123393435, 0.6840856367317312, 0.3768190760751693, 0.17278547993635507, 0.007448685839370306, 0.6072640447042819, 0.6411214512849983, 0.6671896536482357, 0.7825894790219511, 0.694301488974973, 0.589972229622063], [0.6223784840555089, 0.8700527305547464, 0.0, 0.2818816867347571, 0.5332064180279136, 0.1276153575009273, 0.39071792673373695, 0.6843008595844395, 0.38211722817525673, 0.19533275070546674, 0.007894969482732161, 0.5975754982157646, 0.6410297772373025, 0.6666285123809342, 0.7841873741095922, 0.7027153036397107, 0.5911097634327468], [1.2895395417611137, 0.8750354056622734, 0.0, 0.3271098619798227, 0.5383999383214629, 0.12474882711505748, 0.48979082677921537, 0.6866868555784041, 0.37313305220299586, 0.19102596135906036, 0.007783488497544067, 0.5822778185743946, 0.6233561911139859, 0.6487176123450876, 0.7773802946033753, 0.7038695770645621, 0.5757257988799398], [-0.06504589131997784, 0.758022396631818, 0.0, 0.25377179294337976, 0.4980604749821417, 0.1298296338836099, 0.30183380793742953, 0.6812882957591504, 0.3732692591490079, 0.17374408315397316, 0.00716927026363523, 0.622230383925289, 0.6508429866441351, 0.6578149371037276, 0.7823409532300054, 0.6969255799272607, 0.6012624050580189], [0.1759094172675888, 0.837281998985159, 0.0, 0.24915301416036056, 0.5239190216675105, 0.13319285113506102, 0.41946200031437825, 0.6821178675272968, 0.4154619604443084, 0.19523628328982778, 0.007560346756364078, 0.6177301287400967, 0.679940617203017, 0.6764677843204987, 0.8045186708056589, 0.713750605908203, 0.6167969706126095], [0.7578740945466014, 0.8318105694957849, 0.0, 0.32426916952216484, 0.526739964906353, 0.12478459544816549, 0.4072921196417326, 0.6861548004262047, 0.3801050654541138, 0.18513901169803448, 0.007894969482732161, 0.5934791176190157, 0.6287534961830462, 0.6442897311875281, 0.7750836865431163, 0.6823225952783593, 0.5789861091566352], [0.4809198258172085, 0.7294126954408473, 0.0, 0.2595834895940102, 0.4958444902415906, 0.12847743192021271, 0.37497720456320993, 0.6842746285372108, 0.37775923000278455, 0.16528439036761888, 0.007727725548673403, 0.6000562567821499, 0.6420961401331146, 0.6571710257557726, 0.7891873475494233, 0.7102137141705099, 0.5978771758356586], [0.5288268349826937, 0.7043579328001011, 0.0, 0.2627381366126299, 0.49084816780156104, 0.1290028130157401, 0.4019860882514088, 0.6846918961753596, 0.3989483733578223, 0.1622256931556476, 0.007504523810135222, 0.6000812189548665, 0.6460237475790365, 0.6535197476426583, 0.7929175934992725, 0.7186904057939567, 0.5930968132147301]]}