{"labels_1": ["1", "2", "3", "4", "5", "6", "7", "8", "9"], "labels_2": ["1", "2", "3", "4", "5", "6", "7", "8", "9"], "adj_matrix_1": [[0.0, 0.03919, 0.2056, 0.04305, 0.12512, 0.19052, 0.1286, 0.28003, 0.26837], [0.03919, 0.0, 0.17178, 0.00387, 0.16203, 0.15569, 0.16536, 0.25398, 0.24067], [0.2056, 0.17178, 0.0, 0.16834, 0.3023, 0.01816, 0.30471, 0.10516, 0.08622], [0.04305, 0.00387, 0.16834, 0.0, 0.16558, 0.15219, 0.16892, 0.25113, 0.23769], [0.12512, 0.16203, 0.3023, 0.16558, 0.0, 0.29099, 0.00361, 0.3501, 0.34389], [0.19052, 0.15569, 0.01816, 0.15219, 0.29099, 0.0, 0.29355, 0.12209, 0.10354], [0.1286, 0.16536, 0.30471, 0.16892, 0.00361, 0.29355, 0.0, 0.35159, 0.34555], [0.28003, 0.25398, 0.10516, 0.25113, 0.3501, 0.12209, 0.35159, 0.0, 0.01994], [0.26837, 0.24067, 0.08622, 0.23769, 0.34389, 0.10354, 0.34555, 0.01994, 0.0]], "adj_matrix_2": [[0.0, 0.1327, 0.10114, 0.18476, 0.20007, 0.06485, 0.08196, 0.08874, 0.2035], [0.1327, 0.0, 0.0344, 0.06088, 0.07998, 0.18611, 0.1988, 0.04736, 0.26152], [0.10114, 0.0344, 0.0, 0.09429, 0.11275, 0.15856, 0.1726, 0.01306, 0.25091], [0.18476, 0.06088, 0.09429, 0.0, 0.01952, 0.22963, 0.23954, 0.10653, 0.27384], [0.20007, 0.07998, 0.11275, 0.01952, 0.0, 0.24202, 0.25109, 0.12485, 0.27683], [0.06485, 0.18611, 0.15856, 0.22963, 0.24202, 0.0, 0.01786, 0.14752, 0.16001], [0.08196, 0.1988, 0.1726, 0.23954, 0.25109, 0.01786, 0.0, 0.16209, 0.14637], [0.08874, 0.04736, 0.01306, 0.10653, 0.12485, 0.14752, 0.16209, 0.0, 0.24653], [0.2035, 0.26152, 0.25091, 0.27384, 0.27683, 0.16001, 0.14637, 0.24653, 0.0]], "features_1": [[-0.340659314382155, 1.042246437687595, 0.0, 0.19351277774993444, 0.5404643845038167, 0.14730896814783598, 0.1552529503721459, 0.6579289807132628, 0.47485202030261564, 0.26048555797402106, 0.008507047823598457, 0.6417669514972082, 0.6689464173589007, 0.708062711316393, 0.81198757581706, 0.713767109158987, 0.611583811812693], [-0.2616028548983804, 0.8201609647293714, 0.0, 0.18945199836045654, 0.4998645217315377, 0.13955784498504972, 0.27177312001396314, 0.6732304175398686, 0.44111458373639545, 0.20355201197793726, 0.008173410423425675, 0.6295528614070918, 0.690841240350372, 0.7168913647866512, 0.811821434420214, 0.7196522873035527, 0.6167909620226794], [-0.0675344433638867, 0.9353486902592432, 0.0, 0.20745157966840302, 0.5296816818013348, 0.14131748445133446, 0.24405355756749786, 0.6704332613943351, 0.46227188240026407, 0.23007322507327155, 0.008507047823598457, 0.6222805075003313, 0.6753795578019767, 0.7036107643480891, 0.8109210749457603, 0.7316553018935661, 0.6224704145867767], [-0.16861839838642378, 0.9333682919660965, 0.0, 0.22122180671226957, 0.5287891392862851, 0.14168036785315283, 0.23406209716752785, 0.6698003169583013, 0.4669738155057732, 0.2306204307971056, 0.00839589484089287, 0.6357749062841398, 0.6778894941783197, 0.6988744889682927, 0.8106750977955816, 0.7141941997825103, 0.6184584264847497], [-0.1714225718374589, 0.7952695184741051, 0.0, 0.20861361903834014, 0.4922297078619716, 0.13701192119529745, 0.26288582452790055, 0.6751583307118055, 0.42649540673023534, 0.19404046180145063, 0.008062078829516484, 0.6372971825237381, 0.6662401487809891, 0.6863094290161265, 0.8042786166299829, 0.714587306236835, 0.6161706509977332], [0.09584163126891765, 0.9839234109393576, 0.0, 0.20934688417575262, 0.5344931854510657, 0.14619126559509057, 0.2168044599847036, 0.6647535819237662, 0.493539144317241, 0.244528322696544, 0.008507047823598457, 0.6225960044952012, 0.6729869729353234, 0.7026970982277865, 0.8146970028296551, 0.7241907335226064, 0.6229207663863624], [-0.1434598652240342, 0.8894296486901112, 0.0, 0.2531250467219207, 0.5165673319800727, 0.13697722521195518, 0.23223886216253292, 0.673602617593097, 0.42632874034552026, 0.21409719858257392, 0.008062078829516484, 0.6384710531579256, 0.655358735008205, 0.6803798686398949, 0.7992787089812599, 0.7115991286305549, 0.6086306131128008], [0.4937599047420025, 0.7550074042814344, 0.0, 0.29512730384974944, 0.48260934188979016, 0.13387905256609947, 0.2540317561829191, 0.6766876504917996, 0.42315711366162456, 0.1785485654408827, 0.007950687539111767, 0.6104397965605082, 0.6408402304665444, 0.6698214051068959, 0.7924942227178632, 0.7307193593137006, 0.6154216106926998], [0.22617726242286196, 0.7693293903078106, 0.0, 0.2777758237680778, 0.4841143268819489, 0.13479759476265957, 0.21107500954670896, 0.6748120219697553, 0.41618183946231224, 0.18448491393436162, 0.007727725548673403, 0.6060006171421599, 0.6700279658732907, 0.7039267210918344, 0.789857881667037, 0.7083142354690769, 0.6050607550370511]], "features_2": [[0.15300353874605355, 0.8890731709467996, 0.0, 0.30663679809902383, 0.5204469880502653, 0.14156468318837526, 0.271138166953066, 0.6708342886739931, 0.45053584225125465, 0.21810636113167092, 0.007950687539111767, 0.6169932555115105, 0.6716784477729081, 0.684711812834531, 0.8119052271090199, 0.7278202964033337, 0.6379848037956943], [0.7179669571242986, 0.6925590426024424, 0.0, 0.30161744510203703, 0.4736495092392686, 0.13939681384725133, 0.3783758153785158, 0.6773767492115979, 0.4365363389673731, 0.1653017834123438, 0.00783923647221818, 0.6066291005666273, 0.653902483698723, 0.6370489469307962, 0.8198479342651506, 0.740754778464427, 0.637001223810797], [0.5173497569424605, 0.8703526891010975, 0.0, 0.3101037632873539, 0.5272534609358794, 0.13698390601599103, 0.298483886124086, 0.67646795823851, 0.42739021832290947, 0.20416369546623248, 0.008117752083540042, 0.60415045373022, 0.6572229858427896, 0.6781484488143159, 0.8053831726422808, 0.7189357097814869, 0.6334976912196453], [0.1719821402544448, 0.8926059108408508, 0.0, 0.24385483792701812, 0.525953295199265, 0.13966444225514843, 0.2398195644101399, 0.6716076020768647, 0.437623568527151, 0.21478979656288666, 0.008006390651371653, 0.6176187232868597, 0.6666789713192498, 0.6908824848110982, 0.8043551481206035, 0.7149468601121298, 0.6340238345526109], [0.6076829802986281, 0.6376073117327747, 0.0, 0.27469459021280457, 0.454094415042517, 0.14146743359912814, 0.34473473448337943, 0.6746348473141588, 0.44188949861800886, 0.1539477409577903, 0.008062078829516484, 0.615500996275737, 0.6740726779574076, 0.6700293714446401, 0.8208220938313274, 0.7441894289918597, 0.6475645728493753], [0.46412445488176646, 0.861355034164011, 0.0, 0.30878474719425314, 0.5241045012517018, 0.1414473910173669, 0.3114680250760166, 0.6733339755223346, 0.4592117750072029, 0.20835422418636518, 0.008673665988278678, 0.6113364130263177, 0.6776952981497958, 0.6861190062067329, 0.8123417946556473, 0.7256932902353077, 0.6399179353558226], [0.6201445326829438, 0.8196604645627289, 0.0, 0.23011239916272214, 0.5137057818410455, 0.13634481537428042, 0.2937415172029077, 0.6767544725098555, 0.41633817948328966, 0.19317464009319396, 0.008117752083540042, 0.5936028700323002, 0.651457758509957, 0.6876884764488981, 0.802840029186893, 0.7184615817869768, 0.6330646970298069], [0.3966259582669869, 0.6007904448263589, 0.0, 0.3047819478925145, 0.44353320531379065, 0.13977912579810042, 0.3163135080879897, 0.6749608697270584, 0.44627715895541664, 0.14752410930040627, 0.00822905385914674, 0.6186890454424803, 0.6606532051261779, 0.6871731368185799, 0.8127553756058189, 0.7323389123353952, 0.6468782738907063], [1.0145725521253652, 0.7202750950601939, 0.0, 0.3569254857606759, 0.4911028405151364, 0.1331601267296793, 0.3603785981409537, 0.681184257841607, 0.4138913773293118, 0.16690101673545255, 0.008117752083540042, 0.5867065541048948, 0.654799262022518, 0.6612642118457794, 0.8008653179768062, 0.7382845455932394, 0.632914825297049]]}