{"labels_1": ["1", "2", "3", "4", "5", "6", "7", "8", "9"], "labels_2": ["1", "2", "3", "4", "5", "6", "7", "8", "9"], "adj_matrix_1": [[0.0, 0.17962, 0.04428, 0.23221, 0.22445, 0.06925, 0.05958, 0.26088, 0.10122], [0.17962, 0.0, 0.14308, 0.0816, 0.2221, 0.12061, 0.22333, 0.1671, 0.25063], [0.04428, 0.14308, 0.0, 0.20468, 0.22917, 0.02541, 0.10242, 0.24742, 0.14216], [0.23221, 0.0816, 0.20468, 0.0, 0.19543, 0.18694, 0.26272, 0.09938, 0.28015], [0.22445, 0.2221, 0.22917, 0.19543, 0.0, 0.23045, 0.21531, 0.13456, 0.20747], [0.06925, 0.12061, 0.02541, 0.18694, 0.23045, 0.0, 0.12599, 0.23753, 0.16424], [0.05958, 0.22333, 0.10242, 0.26272, 0.21531, 0.12599, 0.0, 0.27289, 0.04288], [0.26088, 0.1671, 0.24742, 0.09938, 0.13456, 0.23753, 0.27289, 0.0, 0.27779], [0.10122, 0.25063, 0.14216, 0.28015, 0.20747, 0.16424, 0.04288, 0.27779, 0.0]], "adj_matrix_2": [[0.0, 0.15299, 0.26133, 0.321, 0.2773, 0.24152, 0.32013, 0.31303, 0.3464], [0.15299, 0.0, 0.15241, 0.27206, 0.18032, 0.12041, 0.2699, 0.25285, 0.36207], [0.26133, 0.15241, 0.0, 0.15084, 0.03237, 0.03536, 0.14775, 0.12422, 0.29242], [0.321, 0.27206, 0.15084, 0.0, 0.12079, 0.18212, 0.00337, 0.0286, 0.16739], [0.2773, 0.18032, 0.03237, 0.12079, 0.0, 0.0674, 0.11759, 0.09335, 0.26991], [0.24152, 0.12041, 0.03536, 0.18212, 0.0674, 0.0, 0.17917, 0.15668, 0.31417], [0.32013, 0.2699, 0.14775, 0.00337, 0.11759, 0.17917, 0.0, 0.02524, 0.17048], [0.31303, 0.25285, 0.12422, 0.0286, 0.09335, 0.15668, 0.02524, 0.0, 0.1932], [0.3464, 0.36207, 0.29242, 0.16739, 0.26991, 0.31417, 0.17048, 0.1932, 0.0]], "features_1": [[0.05312075200279143, 1.0585811272967702, 0.0, 0.2601391100865894, 0.5620407511464035, 0.13369940746648967, 0.22174337564264662, 0.675844252036422, 0.40088509370754344, 0.24101108705690422, 0.00783923647221818, 0.6147628046918523, 0.6308707127292603, 0.6424788321747972, 0.7831469026430075, 0.7064081902768609, 0.608265123480041], [0.9441269708510451, 0.8369617932025344, 0.0, 0.29037438466843607, 0.5258528123065507, 0.12460127860865344, 0.3729411922204712, 0.6862116517836554, 0.37736673629240713, 0.18087878789184186, 0.007950687539111767, 0.5849865233546352, 0.6199419050984741, 0.6328188454997277, 0.7756702476176108, 0.7059230646326178, 0.5984543463488069], [0.3614759863240997, 1.0164872291108225, 0.0, 0.2644776091125604, 0.56777171540394, 0.12929750741497598, 0.30671972838598266, 0.6824948963513106, 0.38594089009947274, 0.22177415485137253, 0.00783923647221818, 0.6005138999261534, 0.6544602983954579, 0.6612440894887146, 0.7840491273984521, 0.7189797616563516, 0.613030936334977], [0.6301905927959854, 1.0652323533991335, 0.0, 0.27897642771971165, 0.5776041995232631, 0.12746569855097076, 0.31447209807564674, 0.6833321502583883, 0.3712710058356885, 0.22805546837886226, 0.007504523810135222, 0.5873837992122859, 0.6425793755436412, 0.6609825459370422, 0.7769273662565139, 0.7037675038432557, 0.6019430944055649], [1.6991987055303062, 0.9028576758426365, 0.0, 0.2906289643453065, 0.5470179243094517, 0.1213655788133006, 0.3368494893286346, 0.687883770291845, 0.3596508760525243, 0.18599597887871888, 0.007616154688146137, 0.558636550299672, 0.610486364574713, 0.6200618542652657, 0.7636127525315838, 0.703072029329505, 0.593977942286871], [0.41016474755819754, 1.1207043448817735, 0.0, 0.2700990972581834, 0.5929018383546125, 0.13053826106084426, 0.36047934425647626, 0.6832477127602006, 0.3969256990298202, 0.2430372940227068, 0.007616154688146137, 0.5938997758219342, 0.6521785701590082, 0.6836250657015276, 0.7931923494089883, 0.7206159241415572, 0.6165173947625464], [0.2801481645142787, 1.0536638262159648, 0.0, 0.2931184677346754, 0.5878791878462231, 0.12055003951286594, 0.3640876069153549, 0.688904348282072, 0.33742130652530644, 0.2187905413292246, 0.007057398507269275, 0.5953799277747649, 0.642468738947931, 0.6587233860769711, 0.7685550153492889, 0.6925761953349611, 0.5928621747128995], [1.1113625256943056, 0.9513669393226952, 0.0, 0.30047582863127137, 0.5684170105565318, 0.11802208920024618, 0.35024482550334923, 0.6900674141838288, 0.3243386189721831, 0.19171929740063387, 0.007057398507269275, 0.5656207051933013, 0.6267092693869147, 0.6391225492716603, 0.7591470165189431, 0.6845099506282359, 0.5831351575524092], [-0.15849859813865486, 0.9830976778115725, 0.0, 0.2633123762383248, 0.5797064980362576, 0.11644643096035012, 0.3735770869790748, 0.6908617769968782, 0.30018080963917404, 0.20122273521479306, 0.006609306440138685, 0.6019430363678633, 0.641134282886838, 0.6647194791583718, 0.7585534617468433, 0.6794099831828518, 0.5797966887076835]], "features_2": [[0.4374871123412052, 1.111600168204455, 0.0, 0.26921091659766005, 0.5665433045394783, 0.1403392601101145, 0.29701058622080223, 0.6709026552949029, 0.42619823761541054, 0.2562087908129933, 0.008062078829516484, 0.6007668464430418, 0.6646605131769149, 0.7001409016706253, 0.809951352436532, 0.7412364555519332, 0.6263704998177261], [0.18958701843587766, 0.8721219576208847, 0.0, 0.28585902693356363, 0.5193295581321721, 0.14194121694932038, 0.43410644212687616, 0.6748722898456792, 0.44524494980402274, 0.21338178642448313, 0.00822905385914674, 0.6206475177356015, 0.7078997015312626, 0.7486852066254442, 0.8268012207040576, 0.767574732269499, 0.6447110479082238], [-0.007755746908932437, 0.9433552708102585, 0.0, 0.262495793051214, 0.5384750444150267, 0.14181488522160157, 0.4420469442065539, 0.6746738064610847, 0.4408057317151146, 0.22875987424534094, 0.008117752083540042, 0.6238048311581461, 0.695634901359778, 0.7245873237269206, 0.8250339540345754, 0.7551531581790795, 0.6482981306360663], [-0.010394458481450819, 0.9241856344491938, 0.0, 0.24721220911031602, 0.5310694265129522, 0.14303654702039686, 0.43605855096200585, 0.6724917436294402, 0.45067087324946886, 0.22665847828625973, 0.008117752083540042, 0.6315828779031796, 0.6842339764323839, 0.7269778077347281, 0.822653120268502, 0.7476545901251745, 0.6416185836289172], [-0.03723402690003619, 0.845527379486522, 0.0, 0.27638933022375634, 0.5164543577102005, 0.14249798449841752, 0.47349361156919656, 0.6765945983005004, 0.4537748259926515, 0.2107662568382045, 0.008173410423425675, 0.6289660036068339, 0.7248897443738289, 0.7542133094544229, 0.8330519131833843, 0.761693064068002, 0.6530385586211626], [-0.14244639894828826, 0.9294677024263984, 0.0, 0.26256675419737163, 0.5346647417785638, 0.14593737116575028, 0.4674800496842174, 0.6726426866548869, 0.4721100790327739, 0.2333124523942074, 0.008673665988278678, 0.6308302288648266, 0.7123733313392965, 0.7498388153196982, 0.8321869519653262, 0.7458349248367078, 0.6541845519368754], [-0.28864170350352714, 0.867487076870628, 0.0, 0.2008622839204733, 0.5157212110375078, 0.14539282091620528, 0.5982030976284605, 0.6724161724494702, 0.44628369352949315, 0.21649858404825206, 0.008451478759474051, 0.638126851990581, 0.6936558486780333, 0.7389998460169779, 0.8273044835411514, 0.751843932215746, 0.638014480374829], [-0.06293815516819734, 0.7938144857820619, 0.0, 0.23617923872598573, 0.5045790250253172, 0.14245441957193272, 0.4910734411935117, 0.6766670284972298, 0.45320677588629876, 0.19894182284070028, 0.00822905385914674, 0.6298075238495007, 0.7161862990785494, 0.7369931949488338, 0.8315534441974572, 0.7662477956546508, 0.6484726000551915], [-0.17534169180966286, 0.8277948805056816, 0.0, 0.2339149190639154, 0.5116321411048701, 0.1421617021922562, 0.5384774269978052, 0.675667070078645, 0.43276980327636694, 0.20371706344426244, 0.008117752083540042, 0.6386625692740129, 0.702060785442977, 0.7442602586506737, 0.8245292080972416, 0.754995356600892, 0.6400872578629058]]}