{"labels_1": ["1", "2", "3", "4", "5", "6", "7", "8", "9"], "labels_2": ["1", "2", "3", "4", "5", "6", "7", "8", "9"], "adj_matrix_1": [[0.0, 0.03919, 0.2056, 0.04305, 0.12512, 0.19052, 0.1286, 0.28003, 0.26837], [0.03919, 0.0, 0.17178, 0.00387, 0.16203, 0.15569, 0.16536, 0.25398, 0.24067], [0.2056, 0.17178, 0.0, 0.16834, 0.3023, 0.01816, 0.30471, 0.10516, 0.08622], [0.04305, 0.00387, 0.16834, 0.0, 0.16558, 0.15219, 0.16892, 0.25113, 0.23769], [0.12512, 0.16203, 0.3023, 0.16558, 0.0, 0.29099, 0.00361, 0.3501, 0.34389], [0.19052, 0.15569, 0.01816, 0.15219, 0.29099, 0.0, 0.29355, 0.12209, 0.10354], [0.1286, 0.16536, 0.30471, 0.16892, 0.00361, 0.29355, 0.0, 0.35159, 0.34555], [0.28003, 0.25398, 0.10516, 0.25113, 0.3501, 0.12209, 0.35159, 0.0, 0.01994], [0.26837, 0.24067, 0.08622, 0.23769, 0.34389, 0.10354, 0.34555, 0.01994, 0.0]], "adj_matrix_2": [[0.0, 0.15299, 0.26133, 0.321, 0.2773, 0.24152, 0.32013, 0.31303, 0.3464], [0.15299, 0.0, 0.15241, 0.27206, 0.18032, 0.12041, 0.2699, 0.25285, 0.36207], [0.26133, 0.15241, 0.0, 0.15084, 0.03237, 0.03536, 0.14775, 0.12422, 0.29242], [0.321, 0.27206, 0.15084, 0.0, 0.12079, 0.18212, 0.00337, 0.0286, 0.16739], [0.2773, 0.18032, 0.03237, 0.12079, 0.0, 0.0674, 0.11759, 0.09335, 0.26991], [0.24152, 0.12041, 0.03536, 0.18212, 0.0674, 0.0, 0.17917, 0.15668, 0.31417], [0.32013, 0.2699, 0.14775, 0.00337, 0.11759, 0.17917, 0.0, 0.02524, 0.17048], [0.31303, 0.25285, 0.12422, 0.0286, 0.09335, 0.15668, 0.02524, 0.0, 0.1932], [0.3464, 0.36207, 0.29242, 0.16739, 0.26991, 0.31417, 0.17048, 0.1932, 0.0]], "features_1": [[-0.340659314382155, 1.042246437687595, 0.0, 0.19351277774993444, 0.5404643845038167, 0.14730896814783598, 0.1552529503721459, 0.6579289807132628, 0.47485202030261564, 0.26048555797402106, 0.008507047823598457, 0.6417669514972082, 0.6689464173589007, 0.708062711316393, 0.81198757581706, 0.713767109158987, 0.611583811812693], [-0.2616028548983804, 0.8201609647293714, 0.0, 0.18945199836045654, 0.4998645217315377, 0.13955784498504972, 0.27177312001396314, 0.6732304175398686, 0.44111458373639545, 0.20355201197793726, 0.008173410423425675, 0.6295528614070918, 0.690841240350372, 0.7168913647866512, 0.811821434420214, 0.7196522873035527, 0.6167909620226794], [-0.0675344433638867, 0.9353486902592432, 0.0, 0.20745157966840302, 0.5296816818013348, 0.14131748445133446, 0.24405355756749786, 0.6704332613943351, 0.46227188240026407, 0.23007322507327155, 0.008507047823598457, 0.6222805075003313, 0.6753795578019767, 0.7036107643480891, 0.8109210749457603, 0.7316553018935661, 0.6224704145867767], [-0.16861839838642378, 0.9333682919660965, 0.0, 0.22122180671226957, 0.5287891392862851, 0.14168036785315283, 0.23406209716752785, 0.6698003169583013, 0.4669738155057732, 0.2306204307971056, 0.00839589484089287, 0.6357749062841398, 0.6778894941783197, 0.6988744889682927, 0.8106750977955816, 0.7141941997825103, 0.6184584264847497], [-0.1714225718374589, 0.7952695184741051, 0.0, 0.20861361903834014, 0.4922297078619716, 0.13701192119529745, 0.26288582452790055, 0.6751583307118055, 0.42649540673023534, 0.19404046180145063, 0.008062078829516484, 0.6372971825237381, 0.6662401487809891, 0.6863094290161265, 0.8042786166299829, 0.714587306236835, 0.6161706509977332], [0.09584163126891765, 0.9839234109393576, 0.0, 0.20934688417575262, 0.5344931854510657, 0.14619126559509057, 0.2168044599847036, 0.6647535819237662, 0.493539144317241, 0.244528322696544, 0.008507047823598457, 0.6225960044952012, 0.6729869729353234, 0.7026970982277865, 0.8146970028296551, 0.7241907335226064, 0.6229207663863624], [-0.1434598652240342, 0.8894296486901112, 0.0, 0.2531250467219207, 0.5165673319800727, 0.13697722521195518, 0.23223886216253292, 0.673602617593097, 0.42632874034552026, 0.21409719858257392, 0.008062078829516484, 0.6384710531579256, 0.655358735008205, 0.6803798686398949, 0.7992787089812599, 0.7115991286305549, 0.6086306131128008], [0.4937599047420025, 0.7550074042814344, 0.0, 0.29512730384974944, 0.48260934188979016, 0.13387905256609947, 0.2540317561829191, 0.6766876504917996, 0.42315711366162456, 0.1785485654408827, 0.007950687539111767, 0.6104397965605082, 0.6408402304665444, 0.6698214051068959, 0.7924942227178632, 0.7307193593137006, 0.6154216106926998], [0.22617726242286196, 0.7693293903078106, 0.0, 0.2777758237680778, 0.4841143268819489, 0.13479759476265957, 0.21107500954670896, 0.6748120219697553, 0.41618183946231224, 0.18448491393436162, 0.007727725548673403, 0.6060006171421599, 0.6700279658732907, 0.7039267210918344, 0.789857881667037, 0.7083142354690769, 0.6050607550370511]], "features_2": [[0.4374871123412052, 1.111600168204455, 0.0, 0.26921091659766005, 0.5665433045394783, 0.1403392601101145, 0.29701058622080223, 0.6709026552949029, 0.42619823761541054, 0.2562087908129933, 0.008062078829516484, 0.6007668464430418, 0.6646605131769149, 0.7001409016706253, 0.809951352436532, 0.7412364555519332, 0.6263704998177261], [0.18958701843587766, 0.8721219576208847, 0.0, 0.28585902693356363, 0.5193295581321721, 0.14194121694932038, 0.43410644212687616, 0.6748722898456792, 0.44524494980402274, 0.21338178642448313, 0.00822905385914674, 0.6206475177356015, 0.7078997015312626, 0.7486852066254442, 0.8268012207040576, 0.767574732269499, 0.6447110479082238], [-0.007755746908932437, 0.9433552708102585, 0.0, 0.262495793051214, 0.5384750444150267, 0.14181488522160157, 0.4420469442065539, 0.6746738064610847, 0.4408057317151146, 0.22875987424534094, 0.008117752083540042, 0.6238048311581461, 0.695634901359778, 0.7245873237269206, 0.8250339540345754, 0.7551531581790795, 0.6482981306360663], [-0.010394458481450819, 0.9241856344491938, 0.0, 0.24721220911031602, 0.5310694265129522, 0.14303654702039686, 0.43605855096200585, 0.6724917436294402, 0.45067087324946886, 0.22665847828625973, 0.008117752083540042, 0.6315828779031796, 0.6842339764323839, 0.7269778077347281, 0.822653120268502, 0.7476545901251745, 0.6416185836289172], [-0.03723402690003619, 0.845527379486522, 0.0, 0.27638933022375634, 0.5164543577102005, 0.14249798449841752, 0.47349361156919656, 0.6765945983005004, 0.4537748259926515, 0.2107662568382045, 0.008173410423425675, 0.6289660036068339, 0.7248897443738289, 0.7542133094544229, 0.8330519131833843, 0.761693064068002, 0.6530385586211626], [-0.14244639894828826, 0.9294677024263984, 0.0, 0.26256675419737163, 0.5346647417785638, 0.14593737116575028, 0.4674800496842174, 0.6726426866548869, 0.4721100790327739, 0.2333124523942074, 0.008673665988278678, 0.6308302288648266, 0.7123733313392965, 0.7498388153196982, 0.8321869519653262, 0.7458349248367078, 0.6541845519368754], [-0.28864170350352714, 0.867487076870628, 0.0, 0.2008622839204733, 0.5157212110375078, 0.14539282091620528, 0.5982030976284605, 0.6724161724494702, 0.44628369352949315, 0.21649858404825206, 0.008451478759474051, 0.638126851990581, 0.6936558486780333, 0.7389998460169779, 0.8273044835411514, 0.751843932215746, 0.638014480374829], [-0.06293815516819734, 0.7938144857820619, 0.0, 0.23617923872598573, 0.5045790250253172, 0.14245441957193272, 0.4910734411935117, 0.6766670284972298, 0.45320677588629876, 0.19894182284070028, 0.00822905385914674, 0.6298075238495007, 0.7161862990785494, 0.7369931949488338, 0.8315534441974572, 0.7662477956546508, 0.6484726000551915], [-0.17534169180966286, 0.8277948805056816, 0.0, 0.2339149190639154, 0.5116321411048701, 0.1421617021922562, 0.5384774269978052, 0.675667070078645, 0.43276980327636694, 0.20371706344426244, 0.008117752083540042, 0.6386625692740129, 0.702060785442977, 0.7442602586506737, 0.8245292080972416, 0.754995356600892, 0.6400872578629058]]}