{"labels_1": ["1", "2", "3", "4", "5", "6", "7", "8", "9"], "labels_2": ["1", "2", "3", "4", "5", "6", "7", "8", "9"], "adj_matrix_1": [[0.0, 0.16534, 0.06753, 0.02233, 0.21952, 0.12511, 0.15675, 0.0283, 0.13576], [0.16534, 0.0, 0.10588, 0.14686, 0.07069, 0.24464, 0.01033, 0.14166, 0.0346], [0.06753, 0.10588, 0.0, 0.04569, 0.16927, 0.17939, 0.09618, 0.03973, 0.07284], [0.02233, 0.14686, 0.04569, 0.0, 0.20443, 0.14393, 0.13785, 0.00601, 0.11595], [0.21952, 0.07069, 0.16927, 0.20443, 0.0, 0.27355, 0.08071, 0.20007, 0.10393], [0.12511, 0.24464, 0.17939, 0.14393, 0.27355, 0.0, 0.23955, 0.14876, 0.22655], [0.15675, 0.01033, 0.09618, 0.13785, 0.08071, 0.23955, 0.0, 0.13253, 0.02432], [0.0283, 0.14166, 0.03973, 0.00601, 0.20007, 0.14876, 0.13253, 0.0, 0.11051], [0.13576, 0.0346, 0.07284, 0.11595, 0.10393, 0.22655, 0.02432, 0.11051, 0.0]], "adj_matrix_2": [[0.0, 0.18877, 0.09398, 0.0283, 0.30341, 0.30459, 0.25223, 0.3058, 0.27975], [0.18877, 0.0, 0.11284, 0.16915, 0.2747, 0.28692, 0.1097, 0.32504, 0.17689], [0.09398, 0.11284, 0.0, 0.06736, 0.31176, 0.3179, 0.20433, 0.33505, 0.25275], [0.0283, 0.16915, 0.06736, 0.0, 0.30957, 0.31211, 0.24178, 0.31768, 0.2757], [0.30341, 0.2747, 0.31176, 0.30957, 0.0, 0.02097, 0.19888, 0.09342, 0.13247], [0.30459, 0.28692, 0.3179, 0.31211, 0.02097, 0.0, 0.21605, 0.0729, 0.1518], [0.25223, 0.1097, 0.20433, 0.24178, 0.19888, 0.21605, 0.0, 0.27149, 0.0754], [0.3058, 0.32504, 0.33505, 0.31768, 0.09342, 0.0729, 0.27149, 0.0, 0.21601], [0.27975, 0.17689, 0.25275, 0.2757, 0.13247, 0.1518, 0.0754, 0.21601, 0.0]], "features_1": [[0.3805293559225911, 1.1599675536387661, 0.0, 0.2977953405014029, 0.5723750594523301, 0.14364861987102742, 0.1559602050295979, 0.6626246236044082, 0.47188456861957584, 0.27399077235846536, 0.008562602043175715, 0.6060135104453925, 0.6448045710222156, 0.6754610023183529, 0.8001932710053455, 0.7365601595402173, 0.6135277163050514], [0.36185227585272584, 1.00320233359708, 0.0, 0.2936688736840607, 0.5466743153366811, 0.13955124815584852, 0.17649531685434425, 0.6692536139348257, 0.44381059263666134, 0.23626019254146913, 0.008062078829516484, 0.6131671469505662, 0.6328509994320265, 0.6704219325485197, 0.7930450093118953, 0.7068111342858423, 0.606358235405438], [0.5132073803207073, 1.1186657794948531, 0.0, 0.28916167930408476, 0.5706189554759984, 0.14211372962839278, 0.14877877567220638, 0.6653139612211445, 0.46032057232603596, 0.2604976346067358, 0.00839589484089287, 0.6112253459128083, 0.6434649774672915, 0.6779770254003402, 0.7951858381242546, 0.7149696323654906, 0.6165437168945352], [0.3612505936338719, 1.1012633513029426, 0.0, 0.2508218380936408, 0.566059470329573, 0.1416972999359429, 0.16295755845855595, 0.666092695125462, 0.45470873877682694, 0.2580885507798478, 0.008729175733573014, 0.6135446874504491, 0.6436104308573041, 0.6734650742736724, 0.7969244831798551, 0.7281361403184637, 0.6183123257271946], [0.1126190497631474, 0.9629552941955642, 0.0, 0.2568586893392932, 0.5398548075610733, 0.1358799758461136, 0.18848601637603934, 0.6732283458497889, 0.4070040693627328, 0.2238197687811112, 0.008062078829516484, 0.6194373560181012, 0.6420456740369708, 0.6600337221137713, 0.7834851644313588, 0.6986036738518466, 0.6006711818383341], [0.5952475208921428, 1.1712200085440718, 0.0, 0.2810206241980982, 0.5735951315638453, 0.1464081968810409, 0.10866560845604312, 0.6579210009167058, 0.4862841793866428, 0.27559953844386365, 0.008618141428105908, 0.6076748734762878, 0.6401459190036957, 0.6612815837635013, 0.7958724973768481, 0.728005122318937, 0.6169520122651969], [-0.042113602306464326, 1.0303638179031833, 0.0, 0.2523465614765421, 0.5454209568306286, 0.14284458332239808, 0.12994702465429525, 0.6629480077804173, 0.46020747981956744, 0.25023865660105415, 0.00839589484089287, 0.627332098445363, 0.6444854143971064, 0.6785241935397736, 0.7949592529815027, 0.7170348867030032, 0.6171614846098924], [0.45121609199958934, 0.8834242272491536, 0.0, 0.28671617869476285, 0.524175610519192, 0.13200552531016613, 0.24486249449213063, 0.6789748275254984, 0.3948196960432251, 0.20294609715157175, 0.007727725548673403, 0.59324044782749, 0.6357032987656984, 0.6678425827025388, 0.7830099993899432, 0.6952412292312705, 0.582450947902234], [0.1371061500562467, 0.8594035982747557, 0.0, 0.26695409774411993, 0.5097119905005294, 0.13857743522043262, 0.18448344475561243, 0.6707518045995366, 0.42903164234802604, 0.20800038462425685, 0.008062078829516484, 0.6093452070796141, 0.655390165715949, 0.6963185829585736, 0.7925879566912462, 0.7026664105079432, 0.5990163352200133]], "features_2": [[0.6682086323781271, 0.981162656120825, 0.0, 0.25440354210324256, 0.5227279769924127, 0.14409197593733078, 0.07124809018563738, 0.6561732933800246, 0.4679395491513565, 0.238641712021314, 0.008618141428105908, 0.5946985977442696, 0.6272404011401795, 0.6661787914571123, 0.786470938892964, 0.7115453271124458, 0.593420067541387], [0.16722809495235147, 0.7737243591217564, 0.0, 0.22278722072316798, 0.46785854860965004, 0.14578596786171713, 0.07647284520849026, 0.6542467843163777, 0.4752174652570835, 0.19841608824924561, 0.008729175733573014, 0.6142915490955048, 0.6453523792315992, 0.6726072125293687, 0.7933095601059789, 0.7058841382519773, 0.6019444931352319], [0.283518651871161, 0.9295599357093669, 0.0, 0.23327486600366307, 0.5174153079091611, 0.14403094265917582, 0.0946453056150652, 0.6585727436529399, 0.46236597810293545, 0.22909655431326814, 0.008284682400665488, 0.6093727104679312, 0.6534497770616147, 0.6836413376195793, 0.7927947398571172, 0.7138850614107128, 0.6029136295288319], [0.5175656092575567, 0.9433943262912046, 0.0, 0.2714341035793501, 0.522753451289572, 0.1413578972503985, 0.11332734060034966, 0.6621002377002154, 0.45130529514502804, 0.22884403133184827, 0.008451478759474051, 0.6014962093553078, 0.6368136017564769, 0.6638410539744458, 0.7851966084613919, 0.7161350745645643, 0.5907899027486552], [-0.05747808306538138, 0.8114297391013867, 0.0, 0.1831987159507771, 0.4757029809793688, 0.14643512007832332, 0.04952036950728385, 0.6511534211007328, 0.4634744291931694, 0.20761490461269783, 0.008618141428105908, 0.6316559799798886, 0.6455140489236334, 0.6838531547331691, 0.7888925982784368, 0.6984186042328292, 0.5922444192686606], [-0.08471651728762364, 0.9560317197949362, 0.0, 0.17330241909015537, 0.5228333329405238, 0.14670212902077834, 0.11362059880896211, 0.656978670971095, 0.47887588375946066, 0.24034838267131442, 0.008618141428105908, 0.6356142858607954, 0.6555878065272138, 0.6917173725878726, 0.801259910527618, 0.7304673902265084, 0.6124732212745313], [0.10114995240959601, 0.9532791482617479, 0.0, 0.22766502118190232, 0.5287434960257433, 0.13908345283916293, 0.146551942080535, 0.6673499797775613, 0.4196069321803493, 0.22600817568818932, 0.00822905385914674, 0.6130751721404226, 0.6468703608817111, 0.6674634803767191, 0.7887888268741983, 0.7231405606548782, 0.5928479633378476], [-0.19101339295183806, 0.7982163386275248, 0.0, 0.147731643472172, 0.47820211070058766, 0.14524996765118733, 0.10448200827438399, 0.6570693846138516, 0.4476181760061253, 0.20102418742254757, 0.00839589484089287, 0.6391311427858566, 0.6652494067974132, 0.6899757781613169, 0.7960849549451923, 0.7207043524056509, 0.6064812349630597], [-0.045360546135162494, 0.8254052541742765, 0.0, 0.20023694016122986, 0.49634932357684025, 0.14123498521523056, 0.18614995464849926, 0.667032499420986, 0.42355410834043394, 0.20197426886633063, 0.007950687539111767, 0.6252297612869187, 0.6568373759773039, 0.6898017634448593, 0.8000970514397675, 0.7038537184140462, 0.6140974682908253]]}