{"labels_1": ["1", "2", "3", "4", "5", "6", "7", "8", "9"], "labels_2": ["1", "2", "3", "4", "5", "6", "7", "8", "9"], "adj_matrix_1": [[0.0, 0.16534, 0.06753, 0.02233, 0.21952, 0.12511, 0.15675, 0.0283, 0.13576], [0.16534, 0.0, 0.10588, 0.14686, 0.07069, 0.24464, 0.01033, 0.14166, 0.0346], [0.06753, 0.10588, 0.0, 0.04569, 0.16927, 0.17939, 0.09618, 0.03973, 0.07284], [0.02233, 0.14686, 0.04569, 0.0, 0.20443, 0.14393, 0.13785, 0.00601, 0.11595], [0.21952, 0.07069, 0.16927, 0.20443, 0.0, 0.27355, 0.08071, 0.20007, 0.10393], [0.12511, 0.24464, 0.17939, 0.14393, 0.27355, 0.0, 0.23955, 0.14876, 0.22655], [0.15675, 0.01033, 0.09618, 0.13785, 0.08071, 0.23955, 0.0, 0.13253, 0.02432], [0.0283, 0.14166, 0.03973, 0.00601, 0.20007, 0.14876, 0.13253, 0.0, 0.11051], [0.13576, 0.0346, 0.07284, 0.11595, 0.10393, 0.22655, 0.02432, 0.11051, 0.0]], "adj_matrix_2": [[0.0, 0.12141, 0.05956, 0.0794, 0.0558, 0.12415, 0.1611, 0.07378, 0.08383], [0.12141, 0.0, 0.17362, 0.19013, 0.06845, 0.00299, 0.25365, 0.18557, 0.04014], [0.05956, 0.17362, 0.0, 0.0203, 0.11332, 0.1761, 0.10631, 0.01452, 0.13951], [0.0794, 0.19013, 0.0203, 0.0, 0.13206, 0.19249, 0.08682, 0.00579, 0.15744], [0.0558, 0.06845, 0.11332, 0.13206, 0.0, 0.07133, 0.2071, 0.12682, 0.02882], [0.12415, 0.00299, 0.1761, 0.19249, 0.07133, 0.0, 0.25541, 0.18788, 0.04308], [0.1611, 0.25365, 0.10631, 0.08682, 0.2071, 0.25541, 0.0, 0.0924, 0.22809], [0.07378, 0.18557, 0.01452, 0.00579, 0.12682, 0.18788, 0.0924, 0.0, 0.15244], [0.08383, 0.04014, 0.13951, 0.15744, 0.02882, 0.04308, 0.22809, 0.15244, 0.0]], "features_1": [[0.3805293559225911, 1.1599675536387661, 0.0, 0.2977953405014029, 0.5723750594523301, 0.14364861987102742, 0.1559602050295979, 0.6626246236044082, 0.47188456861957584, 0.27399077235846536, 0.008562602043175715, 0.6060135104453925, 0.6448045710222156, 0.6754610023183529, 0.8001932710053455, 0.7365601595402173, 0.6135277163050514], [0.36185227585272584, 1.00320233359708, 0.0, 0.2936688736840607, 0.5466743153366811, 0.13955124815584852, 0.17649531685434425, 0.6692536139348257, 0.44381059263666134, 0.23626019254146913, 0.008062078829516484, 0.6131671469505662, 0.6328509994320265, 0.6704219325485197, 0.7930450093118953, 0.7068111342858423, 0.606358235405438], [0.5132073803207073, 1.1186657794948531, 0.0, 0.28916167930408476, 0.5706189554759984, 0.14211372962839278, 0.14877877567220638, 0.6653139612211445, 0.46032057232603596, 0.2604976346067358, 0.00839589484089287, 0.6112253459128083, 0.6434649774672915, 0.6779770254003402, 0.7951858381242546, 0.7149696323654906, 0.6165437168945352], [0.3612505936338719, 1.1012633513029426, 0.0, 0.2508218380936408, 0.566059470329573, 0.1416972999359429, 0.16295755845855595, 0.666092695125462, 0.45470873877682694, 0.2580885507798478, 0.008729175733573014, 0.6135446874504491, 0.6436104308573041, 0.6734650742736724, 0.7969244831798551, 0.7281361403184637, 0.6183123257271946], [0.1126190497631474, 0.9629552941955642, 0.0, 0.2568586893392932, 0.5398548075610733, 0.1358799758461136, 0.18848601637603934, 0.6732283458497889, 0.4070040693627328, 0.2238197687811112, 0.008062078829516484, 0.6194373560181012, 0.6420456740369708, 0.6600337221137713, 0.7834851644313588, 0.6986036738518466, 0.6006711818383341], [0.5952475208921428, 1.1712200085440718, 0.0, 0.2810206241980982, 0.5735951315638453, 0.1464081968810409, 0.10866560845604312, 0.6579210009167058, 0.4862841793866428, 0.27559953844386365, 0.008618141428105908, 0.6076748734762878, 0.6401459190036957, 0.6612815837635013, 0.7958724973768481, 0.728005122318937, 0.6169520122651969], [-0.042113602306464326, 1.0303638179031833, 0.0, 0.2523465614765421, 0.5454209568306286, 0.14284458332239808, 0.12994702465429525, 0.6629480077804173, 0.46020747981956744, 0.25023865660105415, 0.00839589484089287, 0.627332098445363, 0.6444854143971064, 0.6785241935397736, 0.7949592529815027, 0.7170348867030032, 0.6171614846098924], [0.45121609199958934, 0.8834242272491536, 0.0, 0.28671617869476285, 0.524175610519192, 0.13200552531016613, 0.24486249449213063, 0.6789748275254984, 0.3948196960432251, 0.20294609715157175, 0.007727725548673403, 0.59324044782749, 0.6357032987656984, 0.6678425827025388, 0.7830099993899432, 0.6952412292312705, 0.582450947902234], [0.1371061500562467, 0.8594035982747557, 0.0, 0.26695409774411993, 0.5097119905005294, 0.13857743522043262, 0.18448344475561243, 0.6707518045995366, 0.42903164234802604, 0.20800038462425685, 0.008062078829516484, 0.6093452070796141, 0.655390165715949, 0.6963185829585736, 0.7925879566912462, 0.7026664105079432, 0.5990163352200133]], "features_2": [[0.5040392000107223, 0.8487793093962646, 0.0, 0.23760287242032702, 0.5200397415536184, 0.13186362893592535, 0.30244570993748426, 0.6797560021989274, 0.39624069810517204, 0.1936324034607395, 0.00783923647221818, 0.606286906440255, 0.6568869676054778, 0.6825793751579826, 0.7882558417193696, 0.7017424781217924, 0.6126434146698673], [0.4986962559141608, 0.7235247471719448, 0.0, 0.18358929927025675, 0.48556395461531, 0.12977507188680498, 0.24446886569485288, 0.6809828639062678, 0.38727286230334057, 0.16343362429219388, 0.007727725548673403, 0.5995839315438125, 0.6463754525733245, 0.6635418392105018, 0.7808910221351727, 0.7182624410455885, 0.6048947376834618], [0.5241004919935581, 0.8725555826770811, 0.0, 0.21991519899468942, 0.5320489350514056, 0.128812861010403, 0.32683761785909765, 0.6823829040334173, 0.3769176457162535, 0.19163152604617806, 0.007560346756364078, 0.6007715164450902, 0.623190329138898, 0.6258873641346205, 0.7787561504974889, 0.7093511791286332, 0.5967013091464874], [0.655274186106293, 0.8587779009714678, 0.0, 0.24549919443090668, 0.5291500069330476, 0.12873706104049953, 0.3448813148935962, 0.6826198511067663, 0.3817862457022325, 0.18941400962807875, 0.007950687539111767, 0.607096703481186, 0.6451908424943843, 0.656787338557293, 0.7798397561549808, 0.7125559341669712, 0.5886146516260459], [0.518097785439728, 0.6999754178418083, 0.0, 0.17553478441070297, 0.4823525676588394, 0.1270691360464722, 0.25600337929395633, 0.6833053567432574, 0.37370377918333375, 0.15581653187762323, 0.007727725548673403, 0.5997830963507611, 0.6332276029256153, 0.6537363954955523, 0.775809588707944, 0.7128424732327346, 0.6000860295263257], [0.7157600924065659, 0.8925076315677586, 0.0, 0.23360615396544585, 0.5352473160070229, 0.13113410097219438, 0.3754287393714414, 0.6804685332319214, 0.38132504241123844, 0.1967186884120884, 0.007336964783822175, 0.5905107231452853, 0.6376270171106476, 0.6452476165082962, 0.7799995188389867, 0.7035651981966701, 0.5950672378097769], [0.22902556135354946, 0.7748762240270417, 0.0, 0.2452522621806166, 0.5130880329662072, 0.1244436513374853, 0.4621793945184137, 0.6869852009926989, 0.35433995654632744, 0.16632719348879932, 0.007336964783822175, 0.6062547964614695, 0.6486209118193493, 0.6239769735903069, 0.7759073777648241, 0.7183074393111251, 0.5708621636664567], [0.6389086638501174, 0.7276368978291121, 0.0, 0.2536776371287046, 0.4949119293686999, 0.12222415901043325, 0.24532121342094299, 0.686376303798897, 0.33353905005343587, 0.15338302203807608, 0.007225183508792421, 0.5959386808184841, 0.6275470023257141, 0.6240300952706666, 0.760717143126853, 0.6873302246119347, 0.5814390238000119], [0.5285333003409427, 0.7155204077484475, 0.0, 0.2348908956364746, 0.49092122663928894, 0.12402758967501566, 0.26356161483000307, 0.6853098967444677, 0.34018922560819376, 0.15252566089437747, 0.00711334193318236, 0.5938768471123614, 0.6522682154343242, 0.629825544675563, 0.7668330780920308, 0.6914401220670114, 0.5879670163573043]]}