{"labels_1": ["1", "2", "3", "4", "5", "6", "7", "8", "9"], "labels_2": ["1", "2", "3", "4", "5", "6", "7", "8", "9"], "adj_matrix_1": [[0.0, 0.16534, 0.06753, 0.02233, 0.21952, 0.12511, 0.15675, 0.0283, 0.13576], [0.16534, 0.0, 0.10588, 0.14686, 0.07069, 0.24464, 0.01033, 0.14166, 0.0346], [0.06753, 0.10588, 0.0, 0.04569, 0.16927, 0.17939, 0.09618, 0.03973, 0.07284], [0.02233, 0.14686, 0.04569, 0.0, 0.20443, 0.14393, 0.13785, 0.00601, 0.11595], [0.21952, 0.07069, 0.16927, 0.20443, 0.0, 0.27355, 0.08071, 0.20007, 0.10393], [0.12511, 0.24464, 0.17939, 0.14393, 0.27355, 0.0, 0.23955, 0.14876, 0.22655], [0.15675, 0.01033, 0.09618, 0.13785, 0.08071, 0.23955, 0.0, 0.13253, 0.02432], [0.0283, 0.14166, 0.03973, 0.00601, 0.20007, 0.14876, 0.13253, 0.0, 0.11051], [0.13576, 0.0346, 0.07284, 0.11595, 0.10393, 0.22655, 0.02432, 0.11051, 0.0]], "adj_matrix_2": [[0.0, 0.34941, 0.11336, 0.26449, 0.36398, 0.05915, 0.06721, 0.11456, 0.38844], [0.34941, 0.0, 0.3745, 0.23121, 0.02748, 0.36787, 0.31548, 0.28336, 0.0779], [0.11336, 0.3745, 0.0, 0.23423, 0.38224, 0.05642, 0.1733, 0.2128, 0.39451], [0.26449, 0.23121, 0.23423, 0.0, 0.22627, 0.25273, 0.27069, 0.2711, 0.2173], [0.36398, 0.02748, 0.38224, 0.22627, 0.0, 0.37897, 0.33363, 0.30381, 0.05063], [0.05915, 0.36787, 0.05642, 0.25273, 0.37897, 0.0, 0.12384, 0.16798, 0.39723], [0.06721, 0.31548, 0.1733, 0.27069, 0.33363, 0.12384, 0.0, 0.0491, 0.36478], [0.11456, 0.28336, 0.2128, 0.2711, 0.30381, 0.16798, 0.0491, 0.0, 0.33939], [0.38844, 0.0779, 0.39451, 0.2173, 0.05063, 0.39723, 0.36478, 0.33939, 0.0]], "features_1": [[0.3805293559225911, 1.1599675536387661, 0.0, 0.2977953405014029, 0.5723750594523301, 0.14364861987102742, 0.1559602050295979, 0.6626246236044082, 0.47188456861957584, 0.27399077235846536, 0.008562602043175715, 0.6060135104453925, 0.6448045710222156, 0.6754610023183529, 0.8001932710053455, 0.7365601595402173, 0.6135277163050514], [0.36185227585272584, 1.00320233359708, 0.0, 0.2936688736840607, 0.5466743153366811, 0.13955124815584852, 0.17649531685434425, 0.6692536139348257, 0.44381059263666134, 0.23626019254146913, 0.008062078829516484, 0.6131671469505662, 0.6328509994320265, 0.6704219325485197, 0.7930450093118953, 0.7068111342858423, 0.606358235405438], [0.5132073803207073, 1.1186657794948531, 0.0, 0.28916167930408476, 0.5706189554759984, 0.14211372962839278, 0.14877877567220638, 0.6653139612211445, 0.46032057232603596, 0.2604976346067358, 0.00839589484089287, 0.6112253459128083, 0.6434649774672915, 0.6779770254003402, 0.7951858381242546, 0.7149696323654906, 0.6165437168945352], [0.3612505936338719, 1.1012633513029426, 0.0, 0.2508218380936408, 0.566059470329573, 0.1416972999359429, 0.16295755845855595, 0.666092695125462, 0.45470873877682694, 0.2580885507798478, 0.008729175733573014, 0.6135446874504491, 0.6436104308573041, 0.6734650742736724, 0.7969244831798551, 0.7281361403184637, 0.6183123257271946], [0.1126190497631474, 0.9629552941955642, 0.0, 0.2568586893392932, 0.5398548075610733, 0.1358799758461136, 0.18848601637603934, 0.6732283458497889, 0.4070040693627328, 0.2238197687811112, 0.008062078829516484, 0.6194373560181012, 0.6420456740369708, 0.6600337221137713, 0.7834851644313588, 0.6986036738518466, 0.6006711818383341], [0.5952475208921428, 1.1712200085440718, 0.0, 0.2810206241980982, 0.5735951315638453, 0.1464081968810409, 0.10866560845604312, 0.6579210009167058, 0.4862841793866428, 0.27559953844386365, 0.008618141428105908, 0.6076748734762878, 0.6401459190036957, 0.6612815837635013, 0.7958724973768481, 0.728005122318937, 0.6169520122651969], [-0.042113602306464326, 1.0303638179031833, 0.0, 0.2523465614765421, 0.5454209568306286, 0.14284458332239808, 0.12994702465429525, 0.6629480077804173, 0.46020747981956744, 0.25023865660105415, 0.00839589484089287, 0.627332098445363, 0.6444854143971064, 0.6785241935397736, 0.7949592529815027, 0.7170348867030032, 0.6171614846098924], [0.45121609199958934, 0.8834242272491536, 0.0, 0.28671617869476285, 0.524175610519192, 0.13200552531016613, 0.24486249449213063, 0.6789748275254984, 0.3948196960432251, 0.20294609715157175, 0.007727725548673403, 0.59324044782749, 0.6357032987656984, 0.6678425827025388, 0.7830099993899432, 0.6952412292312705, 0.582450947902234], [0.1371061500562467, 0.8594035982747557, 0.0, 0.26695409774411993, 0.5097119905005294, 0.13857743522043262, 0.18448344475561243, 0.6707518045995366, 0.42903164234802604, 0.20800038462425685, 0.008062078829516484, 0.6093452070796141, 0.655390165715949, 0.6963185829585736, 0.7925879566912462, 0.7026664105079432, 0.5990163352200133]], "features_2": [[0.2845977038372953, 0.9639416014611865, 0.0, 0.2298079534615874, 0.5396609972916752, 0.13393180103665056, 0.3353462284653389, 0.6770539450580569, 0.382214657735493, 0.2204310132873264, 0.007783488497544067, 0.6090813646068343, 0.6587444856244381, 0.6935268072649158, 0.791419646076444, 0.7197181090464261, 0.577678613956826], [-0.2627669519359803, 0.7440566949091437, 0.0, 0.19898788971539422, 0.4806226078198415, 0.13562400742022915, 0.2977413470237934, 0.6752856521001329, 0.3972152605217836, 0.18008452415231258, 0.008006390651371653, 0.6382559171094224, 0.6565724065653703, 0.6758708196899866, 0.7957511013038985, 0.7206731556830166, 0.5868340829798082], [0.2100449292881259, 0.8329885013878581, 0.0, 0.22698765985413227, 0.5145493308883252, 0.13106932958319695, 0.3079875802041137, 0.6802106009960383, 0.37874363398577127, 0.19255619167122062, 0.007336964783822175, 0.6024205041419548, 0.6569282760889384, 0.6749844916557308, 0.7889509453740878, 0.7024327635583647, 0.5801150795003683], [1.1292375193740263, 0.833427944677816, 0.0, 0.291057515001782, 0.5155342525818781, 0.12887943605614435, 0.3255624990644307, 0.6822043569492917, 0.372667427252664, 0.1857938341913159, 0.007783488497544067, 0.5768249615736916, 0.6462265192738356, 0.6708716949784216, 0.7848924760302066, 0.7209156144865121, 0.5618952253304175], [-0.3464780434716115, 0.7772282344707511, 0.0, 0.21387571733268598, 0.4928636657839406, 0.13364807234933926, 0.27101440576101227, 0.6769340088169401, 0.3954068697265338, 0.18711497752622464, 0.008006390651371653, 0.6415680182035386, 0.6675648368642435, 0.6945821069074621, 0.7908461790645528, 0.7094813989468428, 0.5824539918919465], [-0.017541732189524595, 0.795257237351023, 0.0, 0.23144550641489015, 0.5075481078032879, 0.1313802186376364, 0.401280792220129, 0.6825182794142797, 0.3936630802332941, 0.18730140633683723, 0.007448685839370306, 0.613940177972234, 0.6705711135306973, 0.6998425666429302, 0.8008916162758185, 0.7278965651721672, 0.5814927175951434], [0.25067967467639285, 0.8527264838173013, 0.0, 0.23242507671964066, 0.5203199215738354, 0.1273675603413909, 0.23542205844294273, 0.6820123452091728, 0.35609040000368, 0.1892915728118667, 0.007225183508792421, 0.604055712882968, 0.6288828696014014, 0.645862397393722, 0.7706432449537358, 0.692342456460399, 0.5557456879424058], [-0.2925122527938169, 0.7099560381446418, 0.0, 0.2534436821201334, 0.4904505955613998, 0.12307056632460178, 0.3490592192908558, 0.6873882497352136, 0.34366459035708896, 0.15829622448266156, 0.007281081678807366, 0.6181236756584048, 0.6500121602027065, 0.6697238156098245, 0.7767541989292426, 0.6775001477121007, 0.5640192415646711], [-0.5885432503150376, 0.7151530861796506, 0.0, 0.19516353679287082, 0.4868677287862606, 0.12491795167172255, 0.29761542930411766, 0.6854001585538891, 0.3453529101695507, 0.16326898470070605, 0.007281081678807366, 0.6409468847145621, 0.6580947287759719, 0.6853639388345097, 0.7756218187499774, 0.6735088168825777, 0.5663790789144364]]}