{"labels_1": ["1", "2", "3", "4", "5", "6", "7", "8", "9"], "labels_2": ["1", "2", "3", "4", "5", "6", "7", "8", "9"], "adj_matrix_1": [[0.0, 0.36569, 0.24394, 0.34413, 0.34108, 0.26451, 0.35854, 0.3495, 0.25259], [0.36569, 0.0, 0.31007, 0.23339, 0.23724, 0.29944, 0.21218, 0.22612, 0.30589], [0.24394, 0.31007, 0.0, 0.14353, 0.13827, 0.02565, 0.17126, 0.15362, 0.01066], [0.34413, 0.23339, 0.14353, 0.0, 0.00572, 0.11957, 0.031, 0.01114, 0.13364], [0.34108, 0.23724, 0.13827, 0.00572, 0.0, 0.11416, 0.03669, 0.01686, 0.12833], [0.26451, 0.29944, 0.02565, 0.11957, 0.11416, 0.0, 0.14819, 0.12995, 0.015], [0.35854, 0.21218, 0.17126, 0.031, 0.03669, 0.14819, 0.0, 0.01989, 0.16176], [0.3495, 0.22612, 0.15362, 0.01114, 0.01686, 0.12995, 0.01989, 0.0, 0.14388], [0.25259, 0.30589, 0.01066, 0.13364, 0.12833, 0.015, 0.16176, 0.14388, 0.0]], "adj_matrix_2": [[0.0, 0.18877, 0.09398, 0.0283, 0.30341, 0.30459, 0.25223, 0.3058, 0.27975], [0.18877, 0.0, 0.11284, 0.16915, 0.2747, 0.28692, 0.1097, 0.32504, 0.17689], [0.09398, 0.11284, 0.0, 0.06736, 0.31176, 0.3179, 0.20433, 0.33505, 0.25275], [0.0283, 0.16915, 0.06736, 0.0, 0.30957, 0.31211, 0.24178, 0.31768, 0.2757], [0.30341, 0.2747, 0.31176, 0.30957, 0.0, 0.02097, 0.19888, 0.09342, 0.13247], [0.30459, 0.28692, 0.3179, 0.31211, 0.02097, 0.0, 0.21605, 0.0729, 0.1518], [0.25223, 0.1097, 0.20433, 0.24178, 0.19888, 0.21605, 0.0, 0.27149, 0.0754], [0.3058, 0.32504, 0.33505, 0.31768, 0.09342, 0.0729, 0.27149, 0.0, 0.21601], [0.27975, 0.17689, 0.25275, 0.2757, 0.13247, 0.1518, 0.0754, 0.21601, 0.0]], "features_1": [[-0.3161600284614079, 0.7825785105050485, 0.0, 0.23120220770311484, 0.4986025502131929, 0.12956158230250905, 0.2330008012617725, 0.6807350581970328, 0.35761050965201524, 0.18066712329332013, 0.007225183508792421, 0.6377051533973637, 0.6586115285554005, 0.6750678969762555, 0.7789026586794137, 0.6950313852548713, 0.5779618635783758], [0.16166088769450715, 0.6408911657823749, 0.0, 0.26126321358076193, 0.46572675428687693, 0.12405984790429288, 0.3322747583761519, 0.6866018202692712, 0.3436250538128589, 0.14143721604241555, 0.007001439975721224, 0.5947386199450269, 0.6509033488961252, 0.6787512066549377, 0.7763331079650599, 0.6853286667999419, 0.5884819282117486], [-0.055867454213538004, 0.7502692850972705, 0.0, 0.2525511208688739, 0.49734488980414326, 0.12592917086321345, 0.2733385672331224, 0.6843252489602312, 0.35015923839834806, 0.1669410327096399, 0.007225183508792421, 0.6178463515802846, 0.6394413668976822, 0.658053726256455, 0.7738513460545542, 0.7062132786421743, 0.5833872960491481], [0.20963752971165706, 0.8218576239830446, 0.0, 0.2537333143805778, 0.5122158692057743, 0.129037963791195, 0.31329548766932974, 0.6817056501399139, 0.35026197047154795, 0.18219695103371758, 0.007281081678807366, 0.6083685224389563, 0.6397412007118793, 0.6523205429860466, 0.7778027570415711, 0.7093092510561699, 0.5917793810595214], [0.03092672102683114, 0.6849963362117293, 0.0, 0.25317370674766887, 0.4826003908709922, 0.12352365547136174, 0.3594234763699049, 0.6873860631557681, 0.3409370919072803, 0.15089635984759875, 0.00711334193318236, 0.6029132648653053, 0.6654816260325147, 0.6771994627186488, 0.7781577961844349, 0.6951647031065388, 0.5822567015391965], [-0.07806385160335694, 0.7915588117538728, 0.0, 0.25127045029098233, 0.5062775025140241, 0.13014599199963492, 0.31171397561987674, 0.6819254195579794, 0.3737777492379284, 0.18030115772217914, 0.007504523810135222, 0.6161509126807756, 0.6505668202508706, 0.6736560737531009, 0.787776954641453, 0.7040211661934709, 0.5919967239167061], [-0.1441999819895785, 0.8286743901276958, 0.0, 0.253542673042931, 0.5190347381183713, 0.12502151395199923, 0.38184185545429444, 0.6852724648270411, 0.332609304965356, 0.1814135792204774, 0.006721420376576193, 0.6082838781344972, 0.631982502247581, 0.6527940759706066, 0.7656981798338328, 0.6823006154633054, 0.5628617066677769], [-0.16450332744280072, 0.6849137273134762, 0.0, 0.218228887857648, 0.48423473276928874, 0.12273218508096517, 0.34042101770676536, 0.6875956759298085, 0.338367484744567, 0.1505402340379769, 0.00711334193318236, 0.6101194711835602, 0.6553245429669176, 0.6779821913629914, 0.7743811092545845, 0.6903355899512085, 0.5627774679546249], [-0.14253302568414306, 0.6988733627964986, 0.0, 0.20361580532835463, 0.4864151924687018, 0.1228663857330522, 0.3519142239449081, 0.6875169317541838, 0.3465031031792456, 0.1545105609320201, 0.007392832833969631, 0.6109629762829385, 0.6418864155298794, 0.666922940969776, 0.7736823962320276, 0.6838811255611319, 0.5513401439241565]], "features_2": [[0.6682086323781271, 0.981162656120825, 0.0, 0.25440354210324256, 0.5227279769924127, 0.14409197593733078, 0.07124809018563738, 0.6561732933800246, 0.4679395491513565, 0.238641712021314, 0.008618141428105908, 0.5946985977442696, 0.6272404011401795, 0.6661787914571123, 0.786470938892964, 0.7115453271124458, 0.593420067541387], [0.16722809495235147, 0.7737243591217564, 0.0, 0.22278722072316798, 0.46785854860965004, 0.14578596786171713, 0.07647284520849026, 0.6542467843163777, 0.4752174652570835, 0.19841608824924561, 0.008729175733573014, 0.6142915490955048, 0.6453523792315992, 0.6726072125293687, 0.7933095601059789, 0.7058841382519773, 0.6019444931352319], [0.283518651871161, 0.9295599357093669, 0.0, 0.23327486600366307, 0.5174153079091611, 0.14403094265917582, 0.0946453056150652, 0.6585727436529399, 0.46236597810293545, 0.22909655431326814, 0.008284682400665488, 0.6093727104679312, 0.6534497770616147, 0.6836413376195793, 0.7927947398571172, 0.7138850614107128, 0.6029136295288319], [0.5175656092575567, 0.9433943262912046, 0.0, 0.2714341035793501, 0.522753451289572, 0.1413578972503985, 0.11332734060034966, 0.6621002377002154, 0.45130529514502804, 0.22884403133184827, 0.008451478759474051, 0.6014962093553078, 0.6368136017564769, 0.6638410539744458, 0.7851966084613919, 0.7161350745645643, 0.5907899027486552], [-0.05747808306538138, 0.8114297391013867, 0.0, 0.1831987159507771, 0.4757029809793688, 0.14643512007832332, 0.04952036950728385, 0.6511534211007328, 0.4634744291931694, 0.20761490461269783, 0.008618141428105908, 0.6316559799798886, 0.6455140489236334, 0.6838531547331691, 0.7888925982784368, 0.6984186042328292, 0.5922444192686606], [-0.08471651728762364, 0.9560317197949362, 0.0, 0.17330241909015537, 0.5228333329405238, 0.14670212902077834, 0.11362059880896211, 0.656978670971095, 0.47887588375946066, 0.24034838267131442, 0.008618141428105908, 0.6356142858607954, 0.6555878065272138, 0.6917173725878726, 0.801259910527618, 0.7304673902265084, 0.6124732212745313], [0.10114995240959601, 0.9532791482617479, 0.0, 0.22766502118190232, 0.5287434960257433, 0.13908345283916293, 0.146551942080535, 0.6673499797775613, 0.4196069321803493, 0.22600817568818932, 0.00822905385914674, 0.6130751721404226, 0.6468703608817111, 0.6674634803767191, 0.7887888268741983, 0.7231405606548782, 0.5928479633378476], [-0.19101339295183806, 0.7982163386275248, 0.0, 0.147731643472172, 0.47820211070058766, 0.14524996765118733, 0.10448200827438399, 0.6570693846138516, 0.4476181760061253, 0.20102418742254757, 0.00839589484089287, 0.6391311427858566, 0.6652494067974132, 0.6899757781613169, 0.7960849549451923, 0.7207043524056509, 0.6064812349630597], [-0.045360546135162494, 0.8254052541742765, 0.0, 0.20023694016122986, 0.49634932357684025, 0.14123498521523056, 0.18614995464849926, 0.667032499420986, 0.42355410834043394, 0.20197426886633063, 0.007950687539111767, 0.6252297612869187, 0.6568373759773039, 0.6898017634448593, 0.8000970514397675, 0.7038537184140462, 0.6140974682908253]]}