{"labels_1": ["1", "2", "3", "4", "5", "6", "7", "8", "9"], "labels_2": ["1", "2", "3", "4", "5", "6", "7", "8", "9"], "adj_matrix_1": [[0.0, 0.16534, 0.06753, 0.02233, 0.21952, 0.12511, 0.15675, 0.0283, 0.13576], [0.16534, 0.0, 0.10588, 0.14686, 0.07069, 0.24464, 0.01033, 0.14166, 0.0346], [0.06753, 0.10588, 0.0, 0.04569, 0.16927, 0.17939, 0.09618, 0.03973, 0.07284], [0.02233, 0.14686, 0.04569, 0.0, 0.20443, 0.14393, 0.13785, 0.00601, 0.11595], [0.21952, 0.07069, 0.16927, 0.20443, 0.0, 0.27355, 0.08071, 0.20007, 0.10393], [0.12511, 0.24464, 0.17939, 0.14393, 0.27355, 0.0, 0.23955, 0.14876, 0.22655], [0.15675, 0.01033, 0.09618, 0.13785, 0.08071, 0.23955, 0.0, 0.13253, 0.02432], [0.0283, 0.14166, 0.03973, 0.00601, 0.20007, 0.14876, 0.13253, 0.0, 0.11051], [0.13576, 0.0346, 0.07284, 0.11595, 0.10393, 0.22655, 0.02432, 0.11051, 0.0]], "adj_matrix_2": [[0.0, 0.1327, 0.10114, 0.18476, 0.20007, 0.06485, 0.08196, 0.08874, 0.2035], [0.1327, 0.0, 0.0344, 0.06088, 0.07998, 0.18611, 0.1988, 0.04736, 0.26152], [0.10114, 0.0344, 0.0, 0.09429, 0.11275, 0.15856, 0.1726, 0.01306, 0.25091], [0.18476, 0.06088, 0.09429, 0.0, 0.01952, 0.22963, 0.23954, 0.10653, 0.27384], [0.20007, 0.07998, 0.11275, 0.01952, 0.0, 0.24202, 0.25109, 0.12485, 0.27683], [0.06485, 0.18611, 0.15856, 0.22963, 0.24202, 0.0, 0.01786, 0.14752, 0.16001], [0.08196, 0.1988, 0.1726, 0.23954, 0.25109, 0.01786, 0.0, 0.16209, 0.14637], [0.08874, 0.04736, 0.01306, 0.10653, 0.12485, 0.14752, 0.16209, 0.0, 0.24653], [0.2035, 0.26152, 0.25091, 0.27384, 0.27683, 0.16001, 0.14637, 0.24653, 0.0]], "features_1": [[0.3805293559225911, 1.1599675536387661, 0.0, 0.2977953405014029, 0.5723750594523301, 0.14364861987102742, 0.1559602050295979, 0.6626246236044082, 0.47188456861957584, 0.27399077235846536, 0.008562602043175715, 0.6060135104453925, 0.6448045710222156, 0.6754610023183529, 0.8001932710053455, 0.7365601595402173, 0.6135277163050514], [0.36185227585272584, 1.00320233359708, 0.0, 0.2936688736840607, 0.5466743153366811, 0.13955124815584852, 0.17649531685434425, 0.6692536139348257, 0.44381059263666134, 0.23626019254146913, 0.008062078829516484, 0.6131671469505662, 0.6328509994320265, 0.6704219325485197, 0.7930450093118953, 0.7068111342858423, 0.606358235405438], [0.5132073803207073, 1.1186657794948531, 0.0, 0.28916167930408476, 0.5706189554759984, 0.14211372962839278, 0.14877877567220638, 0.6653139612211445, 0.46032057232603596, 0.2604976346067358, 0.00839589484089287, 0.6112253459128083, 0.6434649774672915, 0.6779770254003402, 0.7951858381242546, 0.7149696323654906, 0.6165437168945352], [0.3612505936338719, 1.1012633513029426, 0.0, 0.2508218380936408, 0.566059470329573, 0.1416972999359429, 0.16295755845855595, 0.666092695125462, 0.45470873877682694, 0.2580885507798478, 0.008729175733573014, 0.6135446874504491, 0.6436104308573041, 0.6734650742736724, 0.7969244831798551, 0.7281361403184637, 0.6183123257271946], [0.1126190497631474, 0.9629552941955642, 0.0, 0.2568586893392932, 0.5398548075610733, 0.1358799758461136, 0.18848601637603934, 0.6732283458497889, 0.4070040693627328, 0.2238197687811112, 0.008062078829516484, 0.6194373560181012, 0.6420456740369708, 0.6600337221137713, 0.7834851644313588, 0.6986036738518466, 0.6006711818383341], [0.5952475208921428, 1.1712200085440718, 0.0, 0.2810206241980982, 0.5735951315638453, 0.1464081968810409, 0.10866560845604312, 0.6579210009167058, 0.4862841793866428, 0.27559953844386365, 0.008618141428105908, 0.6076748734762878, 0.6401459190036957, 0.6612815837635013, 0.7958724973768481, 0.728005122318937, 0.6169520122651969], [-0.042113602306464326, 1.0303638179031833, 0.0, 0.2523465614765421, 0.5454209568306286, 0.14284458332239808, 0.12994702465429525, 0.6629480077804173, 0.46020747981956744, 0.25023865660105415, 0.00839589484089287, 0.627332098445363, 0.6444854143971064, 0.6785241935397736, 0.7949592529815027, 0.7170348867030032, 0.6171614846098924], [0.45121609199958934, 0.8834242272491536, 0.0, 0.28671617869476285, 0.524175610519192, 0.13200552531016613, 0.24486249449213063, 0.6789748275254984, 0.3948196960432251, 0.20294609715157175, 0.007727725548673403, 0.59324044782749, 0.6357032987656984, 0.6678425827025388, 0.7830099993899432, 0.6952412292312705, 0.582450947902234], [0.1371061500562467, 0.8594035982747557, 0.0, 0.26695409774411993, 0.5097119905005294, 0.13857743522043262, 0.18448344475561243, 0.6707518045995366, 0.42903164234802604, 0.20800038462425685, 0.008062078829516484, 0.6093452070796141, 0.655390165715949, 0.6963185829585736, 0.7925879566912462, 0.7026664105079432, 0.5990163352200133]], "features_2": [[0.15300353874605355, 0.8890731709467996, 0.0, 0.30663679809902383, 0.5204469880502653, 0.14156468318837526, 0.271138166953066, 0.6708342886739931, 0.45053584225125465, 0.21810636113167092, 0.007950687539111767, 0.6169932555115105, 0.6716784477729081, 0.684711812834531, 0.8119052271090199, 0.7278202964033337, 0.6379848037956943], [0.7179669571242986, 0.6925590426024424, 0.0, 0.30161744510203703, 0.4736495092392686, 0.13939681384725133, 0.3783758153785158, 0.6773767492115979, 0.4365363389673731, 0.1653017834123438, 0.00783923647221818, 0.6066291005666273, 0.653902483698723, 0.6370489469307962, 0.8198479342651506, 0.740754778464427, 0.637001223810797], [0.5173497569424605, 0.8703526891010975, 0.0, 0.3101037632873539, 0.5272534609358794, 0.13698390601599103, 0.298483886124086, 0.67646795823851, 0.42739021832290947, 0.20416369546623248, 0.008117752083540042, 0.60415045373022, 0.6572229858427896, 0.6781484488143159, 0.8053831726422808, 0.7189357097814869, 0.6334976912196453], [0.1719821402544448, 0.8926059108408508, 0.0, 0.24385483792701812, 0.525953295199265, 0.13966444225514843, 0.2398195644101399, 0.6716076020768647, 0.437623568527151, 0.21478979656288666, 0.008006390651371653, 0.6176187232868597, 0.6666789713192498, 0.6908824848110982, 0.8043551481206035, 0.7149468601121298, 0.6340238345526109], [0.6076829802986281, 0.6376073117327747, 0.0, 0.27469459021280457, 0.454094415042517, 0.14146743359912814, 0.34473473448337943, 0.6746348473141588, 0.44188949861800886, 0.1539477409577903, 0.008062078829516484, 0.615500996275737, 0.6740726779574076, 0.6700293714446401, 0.8208220938313274, 0.7441894289918597, 0.6475645728493753], [0.46412445488176646, 0.861355034164011, 0.0, 0.30878474719425314, 0.5241045012517018, 0.1414473910173669, 0.3114680250760166, 0.6733339755223346, 0.4592117750072029, 0.20835422418636518, 0.008673665988278678, 0.6113364130263177, 0.6776952981497958, 0.6861190062067329, 0.8123417946556473, 0.7256932902353077, 0.6399179353558226], [0.6201445326829438, 0.8196604645627289, 0.0, 0.23011239916272214, 0.5137057818410455, 0.13634481537428042, 0.2937415172029077, 0.6767544725098555, 0.41633817948328966, 0.19317464009319396, 0.008117752083540042, 0.5936028700323002, 0.651457758509957, 0.6876884764488981, 0.802840029186893, 0.7184615817869768, 0.6330646970298069], [0.3966259582669869, 0.6007904448263589, 0.0, 0.3047819478925145, 0.44353320531379065, 0.13977912579810042, 0.3163135080879897, 0.6749608697270584, 0.44627715895541664, 0.14752410930040627, 0.00822905385914674, 0.6186890454424803, 0.6606532051261779, 0.6871731368185799, 0.8127553756058189, 0.7323389123353952, 0.6468782738907063], [1.0145725521253652, 0.7202750950601939, 0.0, 0.3569254857606759, 0.4911028405151364, 0.1331601267296793, 0.3603785981409537, 0.681184257841607, 0.4138913773293118, 0.16690101673545255, 0.008117752083540042, 0.5867065541048948, 0.654799262022518, 0.6612642118457794, 0.8008653179768062, 0.7382845455932394, 0.632914825297049]]}