{"labels_1": ["1", "2", "3", "4", "5", "6", "7", "8", "9"], "labels_2": ["1", "2", "3", "4", "5", "6", "7", "8", "9"], "adj_matrix_1": [[0.0, 0.16534, 0.06753, 0.02233, 0.21952, 0.12511, 0.15675, 0.0283, 0.13576], [0.16534, 0.0, 0.10588, 0.14686, 0.07069, 0.24464, 0.01033, 0.14166, 0.0346], [0.06753, 0.10588, 0.0, 0.04569, 0.16927, 0.17939, 0.09618, 0.03973, 0.07284], [0.02233, 0.14686, 0.04569, 0.0, 0.20443, 0.14393, 0.13785, 0.00601, 0.11595], [0.21952, 0.07069, 0.16927, 0.20443, 0.0, 0.27355, 0.08071, 0.20007, 0.10393], [0.12511, 0.24464, 0.17939, 0.14393, 0.27355, 0.0, 0.23955, 0.14876, 0.22655], [0.15675, 0.01033, 0.09618, 0.13785, 0.08071, 0.23955, 0.0, 0.13253, 0.02432], [0.0283, 0.14166, 0.03973, 0.00601, 0.20007, 0.14876, 0.13253, 0.0, 0.11051], [0.13576, 0.0346, 0.07284, 0.11595, 0.10393, 0.22655, 0.02432, 0.11051, 0.0]], "adj_matrix_2": [[0.0, 0.15299, 0.26133, 0.321, 0.2773, 0.24152, 0.32013, 0.31303, 0.3464], [0.15299, 0.0, 0.15241, 0.27206, 0.18032, 0.12041, 0.2699, 0.25285, 0.36207], [0.26133, 0.15241, 0.0, 0.15084, 0.03237, 0.03536, 0.14775, 0.12422, 0.29242], [0.321, 0.27206, 0.15084, 0.0, 0.12079, 0.18212, 0.00337, 0.0286, 0.16739], [0.2773, 0.18032, 0.03237, 0.12079, 0.0, 0.0674, 0.11759, 0.09335, 0.26991], [0.24152, 0.12041, 0.03536, 0.18212, 0.0674, 0.0, 0.17917, 0.15668, 0.31417], [0.32013, 0.2699, 0.14775, 0.00337, 0.11759, 0.17917, 0.0, 0.02524, 0.17048], [0.31303, 0.25285, 0.12422, 0.0286, 0.09335, 0.15668, 0.02524, 0.0, 0.1932], [0.3464, 0.36207, 0.29242, 0.16739, 0.26991, 0.31417, 0.17048, 0.1932, 0.0]], "features_1": [[0.3805293559225911, 1.1599675536387661, 0.0, 0.2977953405014029, 0.5723750594523301, 0.14364861987102742, 0.1559602050295979, 0.6626246236044082, 0.47188456861957584, 0.27399077235846536, 0.008562602043175715, 0.6060135104453925, 0.6448045710222156, 0.6754610023183529, 0.8001932710053455, 0.7365601595402173, 0.6135277163050514], [0.36185227585272584, 1.00320233359708, 0.0, 0.2936688736840607, 0.5466743153366811, 0.13955124815584852, 0.17649531685434425, 0.6692536139348257, 0.44381059263666134, 0.23626019254146913, 0.008062078829516484, 0.6131671469505662, 0.6328509994320265, 0.6704219325485197, 0.7930450093118953, 0.7068111342858423, 0.606358235405438], [0.5132073803207073, 1.1186657794948531, 0.0, 0.28916167930408476, 0.5706189554759984, 0.14211372962839278, 0.14877877567220638, 0.6653139612211445, 0.46032057232603596, 0.2604976346067358, 0.00839589484089287, 0.6112253459128083, 0.6434649774672915, 0.6779770254003402, 0.7951858381242546, 0.7149696323654906, 0.6165437168945352], [0.3612505936338719, 1.1012633513029426, 0.0, 0.2508218380936408, 0.566059470329573, 0.1416972999359429, 0.16295755845855595, 0.666092695125462, 0.45470873877682694, 0.2580885507798478, 0.008729175733573014, 0.6135446874504491, 0.6436104308573041, 0.6734650742736724, 0.7969244831798551, 0.7281361403184637, 0.6183123257271946], [0.1126190497631474, 0.9629552941955642, 0.0, 0.2568586893392932, 0.5398548075610733, 0.1358799758461136, 0.18848601637603934, 0.6732283458497889, 0.4070040693627328, 0.2238197687811112, 0.008062078829516484, 0.6194373560181012, 0.6420456740369708, 0.6600337221137713, 0.7834851644313588, 0.6986036738518466, 0.6006711818383341], [0.5952475208921428, 1.1712200085440718, 0.0, 0.2810206241980982, 0.5735951315638453, 0.1464081968810409, 0.10866560845604312, 0.6579210009167058, 0.4862841793866428, 0.27559953844386365, 0.008618141428105908, 0.6076748734762878, 0.6401459190036957, 0.6612815837635013, 0.7958724973768481, 0.728005122318937, 0.6169520122651969], [-0.042113602306464326, 1.0303638179031833, 0.0, 0.2523465614765421, 0.5454209568306286, 0.14284458332239808, 0.12994702465429525, 0.6629480077804173, 0.46020747981956744, 0.25023865660105415, 0.00839589484089287, 0.627332098445363, 0.6444854143971064, 0.6785241935397736, 0.7949592529815027, 0.7170348867030032, 0.6171614846098924], [0.45121609199958934, 0.8834242272491536, 0.0, 0.28671617869476285, 0.524175610519192, 0.13200552531016613, 0.24486249449213063, 0.6789748275254984, 0.3948196960432251, 0.20294609715157175, 0.007727725548673403, 0.59324044782749, 0.6357032987656984, 0.6678425827025388, 0.7830099993899432, 0.6952412292312705, 0.582450947902234], [0.1371061500562467, 0.8594035982747557, 0.0, 0.26695409774411993, 0.5097119905005294, 0.13857743522043262, 0.18448344475561243, 0.6707518045995366, 0.42903164234802604, 0.20800038462425685, 0.008062078829516484, 0.6093452070796141, 0.655390165715949, 0.6963185829585736, 0.7925879566912462, 0.7026664105079432, 0.5990163352200133]], "features_2": [[0.4374871123412052, 1.111600168204455, 0.0, 0.26921091659766005, 0.5665433045394783, 0.1403392601101145, 0.29701058622080223, 0.6709026552949029, 0.42619823761541054, 0.2562087908129933, 0.008062078829516484, 0.6007668464430418, 0.6646605131769149, 0.7001409016706253, 0.809951352436532, 0.7412364555519332, 0.6263704998177261], [0.18958701843587766, 0.8721219576208847, 0.0, 0.28585902693356363, 0.5193295581321721, 0.14194121694932038, 0.43410644212687616, 0.6748722898456792, 0.44524494980402274, 0.21338178642448313, 0.00822905385914674, 0.6206475177356015, 0.7078997015312626, 0.7486852066254442, 0.8268012207040576, 0.767574732269499, 0.6447110479082238], [-0.007755746908932437, 0.9433552708102585, 0.0, 0.262495793051214, 0.5384750444150267, 0.14181488522160157, 0.4420469442065539, 0.6746738064610847, 0.4408057317151146, 0.22875987424534094, 0.008117752083540042, 0.6238048311581461, 0.695634901359778, 0.7245873237269206, 0.8250339540345754, 0.7551531581790795, 0.6482981306360663], [-0.010394458481450819, 0.9241856344491938, 0.0, 0.24721220911031602, 0.5310694265129522, 0.14303654702039686, 0.43605855096200585, 0.6724917436294402, 0.45067087324946886, 0.22665847828625973, 0.008117752083540042, 0.6315828779031796, 0.6842339764323839, 0.7269778077347281, 0.822653120268502, 0.7476545901251745, 0.6416185836289172], [-0.03723402690003619, 0.845527379486522, 0.0, 0.27638933022375634, 0.5164543577102005, 0.14249798449841752, 0.47349361156919656, 0.6765945983005004, 0.4537748259926515, 0.2107662568382045, 0.008173410423425675, 0.6289660036068339, 0.7248897443738289, 0.7542133094544229, 0.8330519131833843, 0.761693064068002, 0.6530385586211626], [-0.14244639894828826, 0.9294677024263984, 0.0, 0.26256675419737163, 0.5346647417785638, 0.14593737116575028, 0.4674800496842174, 0.6726426866548869, 0.4721100790327739, 0.2333124523942074, 0.008673665988278678, 0.6308302288648266, 0.7123733313392965, 0.7498388153196982, 0.8321869519653262, 0.7458349248367078, 0.6541845519368754], [-0.28864170350352714, 0.867487076870628, 0.0, 0.2008622839204733, 0.5157212110375078, 0.14539282091620528, 0.5982030976284605, 0.6724161724494702, 0.44628369352949315, 0.21649858404825206, 0.008451478759474051, 0.638126851990581, 0.6936558486780333, 0.7389998460169779, 0.8273044835411514, 0.751843932215746, 0.638014480374829], [-0.06293815516819734, 0.7938144857820619, 0.0, 0.23617923872598573, 0.5045790250253172, 0.14245441957193272, 0.4910734411935117, 0.6766670284972298, 0.45320677588629876, 0.19894182284070028, 0.00822905385914674, 0.6298075238495007, 0.7161862990785494, 0.7369931949488338, 0.8315534441974572, 0.7662477956546508, 0.6484726000551915], [-0.17534169180966286, 0.8277948805056816, 0.0, 0.2339149190639154, 0.5116321411048701, 0.1421617021922562, 0.5384774269978052, 0.675667070078645, 0.43276980327636694, 0.20371706344426244, 0.008117752083540042, 0.6386625692740129, 0.702060785442977, 0.7442602586506737, 0.8245292080972416, 0.754995356600892, 0.6400872578629058]]}