{"labels_1": ["1", "2", "3", "4", "5", "6", "7", "8", "9"], "labels_2": ["1", "2", "3", "4", "5", "6", "7", "8", "9"], "adj_matrix_1": [[0.0, 0.07986, 0.10978, 0.1687, 0.08226, 0.20909, 0.13652, 0.10984, 0.19024], [0.07986, 0.0, 0.17935, 0.22829, 0.15548, 0.15242, 0.20203, 0.17947, 0.12706], [0.10978, 0.17935, 0.0, 0.06549, 0.02896, 0.26316, 0.02919, 0.00012, 0.25482], [0.1687, 0.22829, 0.06549, 0.0, 0.09357, 0.28249, 0.03661, 0.06536, 0.28022], [0.08226, 0.15548, 0.02896, 0.09357, 0.0, 0.25199, 0.05792, 0.02908, 0.24101], [0.20909, 0.15242, 0.26316, 0.28249, 0.25199, 0.0, 0.27286, 0.26331, 0.03113], [0.13652, 0.20203, 0.02919, 0.03661, 0.05792, 0.27286, 0.0, 0.02908, 0.26739], [0.10984, 0.17947, 0.00012, 0.06536, 0.02908, 0.26331, 0.02908, 0.0, 0.25511], [0.19024, 0.12706, 0.25482, 0.28022, 0.24101, 0.03113, 0.26739, 0.25511, 0.0]], "adj_matrix_2": [[0.0, 0.18877, 0.09398, 0.0283, 0.30341, 0.30459, 0.25223, 0.3058, 0.27975], [0.18877, 0.0, 0.11284, 0.16915, 0.2747, 0.28692, 0.1097, 0.32504, 0.17689], [0.09398, 0.11284, 0.0, 0.06736, 0.31176, 0.3179, 0.20433, 0.33505, 0.25275], [0.0283, 0.16915, 0.06736, 0.0, 0.30957, 0.31211, 0.24178, 0.31768, 0.2757], [0.30341, 0.2747, 0.31176, 0.30957, 0.0, 0.02097, 0.19888, 0.09342, 0.13247], [0.30459, 0.28692, 0.3179, 0.31211, 0.02097, 0.0, 0.21605, 0.0729, 0.1518], [0.25223, 0.1097, 0.20433, 0.24178, 0.19888, 0.21605, 0.0, 0.27149, 0.0754], [0.3058, 0.32504, 0.33505, 0.31768, 0.09342, 0.0729, 0.27149, 0.0, 0.21601], [0.27975, 0.17689, 0.25275, 0.2757, 0.13247, 0.1518, 0.0754, 0.21601, 0.0]], "features_1": [[0.609213596485624, 1.0513193249774258, 0.0, 0.2498674977981089, 0.5838507525226078, 0.12174505396420945, 0.42375650985573754, 0.688715788156498, 0.3292848672060915, 0.2153685770264988, 0.0069454663283523566, 0.591779469629174, 0.6375441060315848, 0.6495536616603735, 0.7738092789598546, 0.7102028503481922, 0.5658119799878897], [0.9610915482030271, 0.8807426704651297, 0.0, 0.26328460128951703, 0.5518873158237408, 0.11692219978814494, 0.4944378671122124, 0.6912143534322924, 0.31221107847013685, 0.17578997330119317, 0.00711334193318236, 0.577948330737811, 0.6287593125609523, 0.6419387963799014, 0.763743865932146, 0.6910489497265248, 0.5518813418114484], [0.5063492817124176, 0.9418099664388708, 0.0, 0.23829137986177984, 0.5676606120342621, 0.12287284967989784, 0.6004955548559572, 0.6898199861744163, 0.3405181745577064, 0.19743853119718202, 0.00711334193318236, 0.5947097478888883, 0.6525972789304528, 0.6753352192695998, 0.7837301258365909, 0.7166141323363467, 0.5717970940431008], [0.20723958026304112, 0.9019953917807512, 0.0, 0.2411985087851643, 0.5543768588261971, 0.12543261912258175, 0.5910351341811222, 0.6885597292927297, 0.3590993755834613, 0.1959923567074091, 0.007225183508792421, 0.6016080150598988, 0.665786566956926, 0.6921018950096098, 0.7903593504687282, 0.7081190501191893, 0.5815484778439665], [0.6043005213035864, 0.8243895700030525, 0.0, 0.23149869823595562, 0.5320437708927518, 0.12144534982673441, 0.5143560641360991, 0.689114202142018, 0.33722417558945317, 0.17246011813060558, 0.007336964783822175, 0.5928669927757546, 0.6322560468213182, 0.6531375426869576, 0.7706428623356928, 0.6858346033420856, 0.5733357370184595], [0.6208379718191686, 0.9116664621481028, 0.0, 0.21715677938491115, 0.553424219616654, 0.13317870665643797, 0.5229236341761052, 0.6849527292718998, 0.4071297237420064, 0.20561247106298186, 0.007336964783822175, 0.5883035112400616, 0.6655253353398433, 0.6980668661484691, 0.8062717960188396, 0.7289529738045805, 0.5930968060183568], [-0.1105232037461974, 0.7625291372239553, 0.0, 0.20884822757713242, 0.5186710041937149, 0.12449040952794198, 0.6033466364180157, 0.6890624505179404, 0.3680664921935959, 0.17021421657012525, 0.007448685839370306, 0.6042784050041643, 0.6658996125357354, 0.6842818169020034, 0.7876292368052633, 0.6917827961955278, 0.5889869711445423], [-0.09007463490889656, 0.7742176854400135, 0.0, 0.20971646375419614, 0.5160437437326019, 0.12179128175336686, 0.5551523837837735, 0.689081751843254, 0.31361121894431654, 0.16476225782980336, 0.006216428718621936, 0.6044907768081114, 0.6551570725610059, 0.6769676116836758, 0.7689214225825253, 0.6938739091148602, 0.554995386274115], [0.3050729860143009, 0.7533300776840106, 0.0, 0.24452587083319657, 0.5121479005677548, 0.12110975177473852, 0.4770196286692666, 0.6895383438531961, 0.33425171633469253, 0.1615525950191561, 0.0066653709969386465, 0.5865162616623798, 0.6616227972766011, 0.6851829464583065, 0.7742674330853284, 0.6976212986590702, 0.5672886840734042]], "features_2": [[0.6682086323781271, 0.981162656120825, 0.0, 0.25440354210324256, 0.5227279769924127, 0.14409197593733078, 0.07124809018563738, 0.6561732933800246, 0.4679395491513565, 0.238641712021314, 0.008618141428105908, 0.5946985977442696, 0.6272404011401795, 0.6661787914571123, 0.786470938892964, 0.7115453271124458, 0.593420067541387], [0.16722809495235147, 0.7737243591217564, 0.0, 0.22278722072316798, 0.46785854860965004, 0.14578596786171713, 0.07647284520849026, 0.6542467843163777, 0.4752174652570835, 0.19841608824924561, 0.008729175733573014, 0.6142915490955048, 0.6453523792315992, 0.6726072125293687, 0.7933095601059789, 0.7058841382519773, 0.6019444931352319], [0.283518651871161, 0.9295599357093669, 0.0, 0.23327486600366307, 0.5174153079091611, 0.14403094265917582, 0.0946453056150652, 0.6585727436529399, 0.46236597810293545, 0.22909655431326814, 0.008284682400665488, 0.6093727104679312, 0.6534497770616147, 0.6836413376195793, 0.7927947398571172, 0.7138850614107128, 0.6029136295288319], [0.5175656092575567, 0.9433943262912046, 0.0, 0.2714341035793501, 0.522753451289572, 0.1413578972503985, 0.11332734060034966, 0.6621002377002154, 0.45130529514502804, 0.22884403133184827, 0.008451478759474051, 0.6014962093553078, 0.6368136017564769, 0.6638410539744458, 0.7851966084613919, 0.7161350745645643, 0.5907899027486552], [-0.05747808306538138, 0.8114297391013867, 0.0, 0.1831987159507771, 0.4757029809793688, 0.14643512007832332, 0.04952036950728385, 0.6511534211007328, 0.4634744291931694, 0.20761490461269783, 0.008618141428105908, 0.6316559799798886, 0.6455140489236334, 0.6838531547331691, 0.7888925982784368, 0.6984186042328292, 0.5922444192686606], [-0.08471651728762364, 0.9560317197949362, 0.0, 0.17330241909015537, 0.5228333329405238, 0.14670212902077834, 0.11362059880896211, 0.656978670971095, 0.47887588375946066, 0.24034838267131442, 0.008618141428105908, 0.6356142858607954, 0.6555878065272138, 0.6917173725878726, 0.801259910527618, 0.7304673902265084, 0.6124732212745313], [0.10114995240959601, 0.9532791482617479, 0.0, 0.22766502118190232, 0.5287434960257433, 0.13908345283916293, 0.146551942080535, 0.6673499797775613, 0.4196069321803493, 0.22600817568818932, 0.00822905385914674, 0.6130751721404226, 0.6468703608817111, 0.6674634803767191, 0.7887888268741983, 0.7231405606548782, 0.5928479633378476], [-0.19101339295183806, 0.7982163386275248, 0.0, 0.147731643472172, 0.47820211070058766, 0.14524996765118733, 0.10448200827438399, 0.6570693846138516, 0.4476181760061253, 0.20102418742254757, 0.00839589484089287, 0.6391311427858566, 0.6652494067974132, 0.6899757781613169, 0.7960849549451923, 0.7207043524056509, 0.6064812349630597], [-0.045360546135162494, 0.8254052541742765, 0.0, 0.20023694016122986, 0.49634932357684025, 0.14123498521523056, 0.18614995464849926, 0.667032499420986, 0.42355410834043394, 0.20197426886633063, 0.007950687539111767, 0.6252297612869187, 0.6568373759773039, 0.6898017634448593, 0.8000970514397675, 0.7038537184140462, 0.6140974682908253]]}