{"labels_1": ["1", "2", "3", "4", "5", "6", "7", "8", "9"], "labels_2": ["1", "2", "3", "4", "5", "6", "7", "8", "9"], "adj_matrix_1": [[0.0, 0.07986, 0.10978, 0.1687, 0.08226, 0.20909, 0.13652, 0.10984, 0.19024], [0.07986, 0.0, 0.17935, 0.22829, 0.15548, 0.15242, 0.20203, 0.17947, 0.12706], [0.10978, 0.17935, 0.0, 0.06549, 0.02896, 0.26316, 0.02919, 0.00012, 0.25482], [0.1687, 0.22829, 0.06549, 0.0, 0.09357, 0.28249, 0.03661, 0.06536, 0.28022], [0.08226, 0.15548, 0.02896, 0.09357, 0.0, 0.25199, 0.05792, 0.02908, 0.24101], [0.20909, 0.15242, 0.26316, 0.28249, 0.25199, 0.0, 0.27286, 0.26331, 0.03113], [0.13652, 0.20203, 0.02919, 0.03661, 0.05792, 0.27286, 0.0, 0.02908, 0.26739], [0.10984, 0.17947, 0.00012, 0.06536, 0.02908, 0.26331, 0.02908, 0.0, 0.25511], [0.19024, 0.12706, 0.25482, 0.28022, 0.24101, 0.03113, 0.26739, 0.25511, 0.0]], "adj_matrix_2": [[0.0, 0.00628, 0.18703, 0.14408, 0.02902, 0.18208, 0.11623, 0.21808, 0.08733], [0.00628, 0.0, 0.18482, 0.13962, 0.02282, 0.17956, 0.12156, 0.22115, 0.0932], [0.18703, 0.18482, 0.0, 0.08404, 0.17479, 0.01539, 0.21181, 0.20075, 0.20925], [0.14408, 0.13962, 0.08404, 0.0, 0.12204, 0.07019, 0.20999, 0.23642, 0.19693], [0.02902, 0.02282, 0.17479, 0.12204, 0.0, 0.16807, 0.14014, 0.23012, 0.11343], [0.18208, 0.17956, 0.01539, 0.07019, 0.16807, 0.0, 0.21414, 0.20886, 0.2099], [0.11623, 0.12156, 0.21181, 0.20999, 0.14014, 0.21414, 0.0, 0.13569, 0.03193], [0.21808, 0.22115, 0.20075, 0.23642, 0.23012, 0.20886, 0.13569, 0.0, 0.16181], [0.08733, 0.0932, 0.20925, 0.19693, 0.11343, 0.2099, 0.03193, 0.16181, 0.0]], "features_1": [[0.609213596485624, 1.0513193249774258, 0.0, 0.2498674977981089, 0.5838507525226078, 0.12174505396420945, 0.42375650985573754, 0.688715788156498, 0.3292848672060915, 0.2153685770264988, 0.0069454663283523566, 0.591779469629174, 0.6375441060315848, 0.6495536616603735, 0.7738092789598546, 0.7102028503481922, 0.5658119799878897], [0.9610915482030271, 0.8807426704651297, 0.0, 0.26328460128951703, 0.5518873158237408, 0.11692219978814494, 0.4944378671122124, 0.6912143534322924, 0.31221107847013685, 0.17578997330119317, 0.00711334193318236, 0.577948330737811, 0.6287593125609523, 0.6419387963799014, 0.763743865932146, 0.6910489497265248, 0.5518813418114484], [0.5063492817124176, 0.9418099664388708, 0.0, 0.23829137986177984, 0.5676606120342621, 0.12287284967989784, 0.6004955548559572, 0.6898199861744163, 0.3405181745577064, 0.19743853119718202, 0.00711334193318236, 0.5947097478888883, 0.6525972789304528, 0.6753352192695998, 0.7837301258365909, 0.7166141323363467, 0.5717970940431008], [0.20723958026304112, 0.9019953917807512, 0.0, 0.2411985087851643, 0.5543768588261971, 0.12543261912258175, 0.5910351341811222, 0.6885597292927297, 0.3590993755834613, 0.1959923567074091, 0.007225183508792421, 0.6016080150598988, 0.665786566956926, 0.6921018950096098, 0.7903593504687282, 0.7081190501191893, 0.5815484778439665], [0.6043005213035864, 0.8243895700030525, 0.0, 0.23149869823595562, 0.5320437708927518, 0.12144534982673441, 0.5143560641360991, 0.689114202142018, 0.33722417558945317, 0.17246011813060558, 0.007336964783822175, 0.5928669927757546, 0.6322560468213182, 0.6531375426869576, 0.7706428623356928, 0.6858346033420856, 0.5733357370184595], [0.6208379718191686, 0.9116664621481028, 0.0, 0.21715677938491115, 0.553424219616654, 0.13317870665643797, 0.5229236341761052, 0.6849527292718998, 0.4071297237420064, 0.20561247106298186, 0.007336964783822175, 0.5883035112400616, 0.6655253353398433, 0.6980668661484691, 0.8062717960188396, 0.7289529738045805, 0.5930968060183568], [-0.1105232037461974, 0.7625291372239553, 0.0, 0.20884822757713242, 0.5186710041937149, 0.12449040952794198, 0.6033466364180157, 0.6890624505179404, 0.3680664921935959, 0.17021421657012525, 0.007448685839370306, 0.6042784050041643, 0.6658996125357354, 0.6842818169020034, 0.7876292368052633, 0.6917827961955278, 0.5889869711445423], [-0.09007463490889656, 0.7742176854400135, 0.0, 0.20971646375419614, 0.5160437437326019, 0.12179128175336686, 0.5551523837837735, 0.689081751843254, 0.31361121894431654, 0.16476225782980336, 0.006216428718621936, 0.6044907768081114, 0.6551570725610059, 0.6769676116836758, 0.7689214225825253, 0.6938739091148602, 0.554995386274115], [0.3050729860143009, 0.7533300776840106, 0.0, 0.24452587083319657, 0.5121479005677548, 0.12110975177473852, 0.4770196286692666, 0.6895383438531961, 0.33425171633469253, 0.1615525950191561, 0.0066653709969386465, 0.5865162616623798, 0.6616227972766011, 0.6851829464583065, 0.7742674330853284, 0.6976212986590702, 0.5672886840734042]], "features_2": [[0.8519423324770381, 1.2089884111288307, 0.0, 0.2649082483000285, 0.5854138999066233, 0.13586422841038595, 0.17806797014017164, 0.6717816063197986, 0.41285351028068185, 0.26959599112140387, 0.008340296057933516, 0.5916202805548056, 0.6254315720554846, 0.6552892815934815, 0.785137466486573, 0.7178461863017814, 0.5917565832424735], [1.5931249537851935, 0.8974702074942871, 0.0, 0.30109461725480036, 0.526066243304989, 0.1319158209340224, 0.2281740334987859, 0.6779107428035018, 0.38793681372217126, 0.19960337864044053, 0.007671947615560004, 0.5750681214622315, 0.6397210135372413, 0.6501569956285771, 0.7842061627207091, 0.7382891380276076, 0.5901512863044451], [2.0292409465428225, 1.0557655993208512, 0.0, 0.32793620178526833, 0.5675092706597215, 0.12985576582935884, 0.2416831529023824, 0.6803667444376509, 0.3884925482988626, 0.22722335097568958, 0.007783488497544067, 0.5621311651600212, 0.6184350997486863, 0.6461882500506091, 0.7800640884082571, 0.7141211008204419, 0.5863924693175545], [1.4721878228973857, 1.0438881956910446, 0.0, 0.31797831888257405, 0.5660676143277847, 0.13118865790220188, 0.2471604830384976, 0.6797862037091362, 0.39914622852798853, 0.23016794508520522, 0.008006390651371653, 0.5714853265304223, 0.6158854931136795, 0.6456407013168065, 0.7857790261247702, 0.7127651992435902, 0.5970999887990645], [1.3860079691655596, 0.8805510618173775, 0.0, 0.3127506521494473, 0.523946363378173, 0.1313972257367364, 0.2858660616007043, 0.679013948550992, 0.3795020506911422, 0.1941446131989648, 0.007392832833969631, 0.5723955055574095, 0.6269509708176364, 0.6364522633589148, 0.7810261932855381, 0.7298262934795966, 0.6008168823030514], [2.2307496871675863, 0.9896386702012933, 0.0, 0.3451005879882983, 0.5594876801009068, 0.1292799720265857, 0.340516386189357, 0.6833697314639575, 0.3883993702326083, 0.21172965564235158, 0.007448685839370306, 0.5620939535975178, 0.630869239904067, 0.6512777263362026, 0.7880880287434944, 0.7359463333579211, 0.5967789100392357], [0.8337545061405454, 1.0177069586146075, 0.0, 0.27234135658656516, 0.5693809893116243, 0.12611475686438775, 0.2763335572506428, 0.6845992088774661, 0.3735664583888676, 0.21921505831421495, 0.007448685839370306, 0.5902688568050003, 0.628410521632609, 0.63959561793508, 0.7772827281306673, 0.6870402645065569, 0.5844225696783244], [0.9837611016561603, 0.7849938796401844, 0.0, 0.2771341181331918, 0.5070796972772795, 0.1277691747450786, 0.3943845127089844, 0.6838299164184384, 0.3778138194546661, 0.17235563665850373, 0.007783488497544067, 0.5906417712659742, 0.6322053670222528, 0.649850374806621, 0.7744407401041234, 0.7178207721920414, 0.5912613013514721], [0.798868689873883, 0.8315715983726175, 0.0, 0.264652777790916, 0.5309730109833435, 0.12137618418548816, 0.42142304017071763, 0.6886040479108695, 0.34872108090076126, 0.17573064373451364, 0.007560346756364078, 0.583176682630357, 0.6286334325538276, 0.6546395723605484, 0.7656114354279154, 0.7025427370006744, 0.5671372933386636]]}