{"labels_1": ["1", "2", "3", "4", "5", "6", "7", "8", "9"], "labels_2": ["1", "2", "3", "4", "5", "6", "7", "8", "9"], "adj_matrix_1": [[0.0, 0.07986, 0.10978, 0.1687, 0.08226, 0.20909, 0.13652, 0.10984, 0.19024], [0.07986, 0.0, 0.17935, 0.22829, 0.15548, 0.15242, 0.20203, 0.17947, 0.12706], [0.10978, 0.17935, 0.0, 0.06549, 0.02896, 0.26316, 0.02919, 0.00012, 0.25482], [0.1687, 0.22829, 0.06549, 0.0, 0.09357, 0.28249, 0.03661, 0.06536, 0.28022], [0.08226, 0.15548, 0.02896, 0.09357, 0.0, 0.25199, 0.05792, 0.02908, 0.24101], [0.20909, 0.15242, 0.26316, 0.28249, 0.25199, 0.0, 0.27286, 0.26331, 0.03113], [0.13652, 0.20203, 0.02919, 0.03661, 0.05792, 0.27286, 0.0, 0.02908, 0.26739], [0.10984, 0.17947, 0.00012, 0.06536, 0.02908, 0.26331, 0.02908, 0.0, 0.25511], [0.19024, 0.12706, 0.25482, 0.28022, 0.24101, 0.03113, 0.26739, 0.25511, 0.0]], "adj_matrix_2": [[0.0, 0.15299, 0.26133, 0.321, 0.2773, 0.24152, 0.32013, 0.31303, 0.3464], [0.15299, 0.0, 0.15241, 0.27206, 0.18032, 0.12041, 0.2699, 0.25285, 0.36207], [0.26133, 0.15241, 0.0, 0.15084, 0.03237, 0.03536, 0.14775, 0.12422, 0.29242], [0.321, 0.27206, 0.15084, 0.0, 0.12079, 0.18212, 0.00337, 0.0286, 0.16739], [0.2773, 0.18032, 0.03237, 0.12079, 0.0, 0.0674, 0.11759, 0.09335, 0.26991], [0.24152, 0.12041, 0.03536, 0.18212, 0.0674, 0.0, 0.17917, 0.15668, 0.31417], [0.32013, 0.2699, 0.14775, 0.00337, 0.11759, 0.17917, 0.0, 0.02524, 0.17048], [0.31303, 0.25285, 0.12422, 0.0286, 0.09335, 0.15668, 0.02524, 0.0, 0.1932], [0.3464, 0.36207, 0.29242, 0.16739, 0.26991, 0.31417, 0.17048, 0.1932, 0.0]], "features_1": [[0.609213596485624, 1.0513193249774258, 0.0, 0.2498674977981089, 0.5838507525226078, 0.12174505396420945, 0.42375650985573754, 0.688715788156498, 0.3292848672060915, 0.2153685770264988, 0.0069454663283523566, 0.591779469629174, 0.6375441060315848, 0.6495536616603735, 0.7738092789598546, 0.7102028503481922, 0.5658119799878897], [0.9610915482030271, 0.8807426704651297, 0.0, 0.26328460128951703, 0.5518873158237408, 0.11692219978814494, 0.4944378671122124, 0.6912143534322924, 0.31221107847013685, 0.17578997330119317, 0.00711334193318236, 0.577948330737811, 0.6287593125609523, 0.6419387963799014, 0.763743865932146, 0.6910489497265248, 0.5518813418114484], [0.5063492817124176, 0.9418099664388708, 0.0, 0.23829137986177984, 0.5676606120342621, 0.12287284967989784, 0.6004955548559572, 0.6898199861744163, 0.3405181745577064, 0.19743853119718202, 0.00711334193318236, 0.5947097478888883, 0.6525972789304528, 0.6753352192695998, 0.7837301258365909, 0.7166141323363467, 0.5717970940431008], [0.20723958026304112, 0.9019953917807512, 0.0, 0.2411985087851643, 0.5543768588261971, 0.12543261912258175, 0.5910351341811222, 0.6885597292927297, 0.3590993755834613, 0.1959923567074091, 0.007225183508792421, 0.6016080150598988, 0.665786566956926, 0.6921018950096098, 0.7903593504687282, 0.7081190501191893, 0.5815484778439665], [0.6043005213035864, 0.8243895700030525, 0.0, 0.23149869823595562, 0.5320437708927518, 0.12144534982673441, 0.5143560641360991, 0.689114202142018, 0.33722417558945317, 0.17246011813060558, 0.007336964783822175, 0.5928669927757546, 0.6322560468213182, 0.6531375426869576, 0.7706428623356928, 0.6858346033420856, 0.5733357370184595], [0.6208379718191686, 0.9116664621481028, 0.0, 0.21715677938491115, 0.553424219616654, 0.13317870665643797, 0.5229236341761052, 0.6849527292718998, 0.4071297237420064, 0.20561247106298186, 0.007336964783822175, 0.5883035112400616, 0.6655253353398433, 0.6980668661484691, 0.8062717960188396, 0.7289529738045805, 0.5930968060183568], [-0.1105232037461974, 0.7625291372239553, 0.0, 0.20884822757713242, 0.5186710041937149, 0.12449040952794198, 0.6033466364180157, 0.6890624505179404, 0.3680664921935959, 0.17021421657012525, 0.007448685839370306, 0.6042784050041643, 0.6658996125357354, 0.6842818169020034, 0.7876292368052633, 0.6917827961955278, 0.5889869711445423], [-0.09007463490889656, 0.7742176854400135, 0.0, 0.20971646375419614, 0.5160437437326019, 0.12179128175336686, 0.5551523837837735, 0.689081751843254, 0.31361121894431654, 0.16476225782980336, 0.006216428718621936, 0.6044907768081114, 0.6551570725610059, 0.6769676116836758, 0.7689214225825253, 0.6938739091148602, 0.554995386274115], [0.3050729860143009, 0.7533300776840106, 0.0, 0.24452587083319657, 0.5121479005677548, 0.12110975177473852, 0.4770196286692666, 0.6895383438531961, 0.33425171633469253, 0.1615525950191561, 0.0066653709969386465, 0.5865162616623798, 0.6616227972766011, 0.6851829464583065, 0.7742674330853284, 0.6976212986590702, 0.5672886840734042]], "features_2": [[0.4374871123412052, 1.111600168204455, 0.0, 0.26921091659766005, 0.5665433045394783, 0.1403392601101145, 0.29701058622080223, 0.6709026552949029, 0.42619823761541054, 0.2562087908129933, 0.008062078829516484, 0.6007668464430418, 0.6646605131769149, 0.7001409016706253, 0.809951352436532, 0.7412364555519332, 0.6263704998177261], [0.18958701843587766, 0.8721219576208847, 0.0, 0.28585902693356363, 0.5193295581321721, 0.14194121694932038, 0.43410644212687616, 0.6748722898456792, 0.44524494980402274, 0.21338178642448313, 0.00822905385914674, 0.6206475177356015, 0.7078997015312626, 0.7486852066254442, 0.8268012207040576, 0.767574732269499, 0.6447110479082238], [-0.007755746908932437, 0.9433552708102585, 0.0, 0.262495793051214, 0.5384750444150267, 0.14181488522160157, 0.4420469442065539, 0.6746738064610847, 0.4408057317151146, 0.22875987424534094, 0.008117752083540042, 0.6238048311581461, 0.695634901359778, 0.7245873237269206, 0.8250339540345754, 0.7551531581790795, 0.6482981306360663], [-0.010394458481450819, 0.9241856344491938, 0.0, 0.24721220911031602, 0.5310694265129522, 0.14303654702039686, 0.43605855096200585, 0.6724917436294402, 0.45067087324946886, 0.22665847828625973, 0.008117752083540042, 0.6315828779031796, 0.6842339764323839, 0.7269778077347281, 0.822653120268502, 0.7476545901251745, 0.6416185836289172], [-0.03723402690003619, 0.845527379486522, 0.0, 0.27638933022375634, 0.5164543577102005, 0.14249798449841752, 0.47349361156919656, 0.6765945983005004, 0.4537748259926515, 0.2107662568382045, 0.008173410423425675, 0.6289660036068339, 0.7248897443738289, 0.7542133094544229, 0.8330519131833843, 0.761693064068002, 0.6530385586211626], [-0.14244639894828826, 0.9294677024263984, 0.0, 0.26256675419737163, 0.5346647417785638, 0.14593737116575028, 0.4674800496842174, 0.6726426866548869, 0.4721100790327739, 0.2333124523942074, 0.008673665988278678, 0.6308302288648266, 0.7123733313392965, 0.7498388153196982, 0.8321869519653262, 0.7458349248367078, 0.6541845519368754], [-0.28864170350352714, 0.867487076870628, 0.0, 0.2008622839204733, 0.5157212110375078, 0.14539282091620528, 0.5982030976284605, 0.6724161724494702, 0.44628369352949315, 0.21649858404825206, 0.008451478759474051, 0.638126851990581, 0.6936558486780333, 0.7389998460169779, 0.8273044835411514, 0.751843932215746, 0.638014480374829], [-0.06293815516819734, 0.7938144857820619, 0.0, 0.23617923872598573, 0.5045790250253172, 0.14245441957193272, 0.4910734411935117, 0.6766670284972298, 0.45320677588629876, 0.19894182284070028, 0.00822905385914674, 0.6298075238495007, 0.7161862990785494, 0.7369931949488338, 0.8315534441974572, 0.7662477956546508, 0.6484726000551915], [-0.17534169180966286, 0.8277948805056816, 0.0, 0.2339149190639154, 0.5116321411048701, 0.1421617021922562, 0.5384774269978052, 0.675667070078645, 0.43276980327636694, 0.20371706344426244, 0.008117752083540042, 0.6386625692740129, 0.702060785442977, 0.7442602586506737, 0.8245292080972416, 0.754995356600892, 0.6400872578629058]]}