{"labels_1": ["1", "2", "3", "4", "5", "6", "7", "8", "9"], "labels_2": ["1", "2", "3", "4", "5", "6", "7", "8", "9"], "adj_matrix_1": [[0.0, 0.05802, 0.0741, 0.11779, 0.18113, 0.27462, 0.06579, 0.00257, 0.14793], [0.05802, 0.0, 0.12883, 0.16897, 0.13376, 0.30317, 0.12108, 0.06056, 0.19614], [0.0741, 0.12883, 0.0, 0.04576, 0.23222, 0.22376, 0.00852, 0.07159, 0.07824], [0.11779, 0.16897, 0.04576, 0.0, 0.25783, 0.18649, 0.05418, 0.11537, 0.03302], [0.18113, 0.13376, 0.23222, 0.25783, 0.0, 0.32361, 0.227, 0.18319, 0.27395], [0.27462, 0.30317, 0.22376, 0.18649, 0.32361, 0.0, 0.23022, 0.27296, 0.15736], [0.06579, 0.12108, 0.00852, 0.05418, 0.227, 0.23022, 0.0, 0.06328, 0.08649], [0.00257, 0.06056, 0.07159, 0.11537, 0.18319, 0.27296, 0.06328, 0.0, 0.14568], [0.14793, 0.19614, 0.07824, 0.03302, 0.27395, 0.15736, 0.08649, 0.14568, 0.0]], "adj_matrix_2": [[0.0, 0.03998, 0.17065, 0.0388, 0.19513, 0.25843, 0.26672, 0.18244, 0.25716], [0.03998, 0.0, 0.19421, 0.07735, 0.21393, 0.25778, 0.26191, 0.20388, 0.25728], [0.17065, 0.19421, 0.0, 0.14218, 0.03696, 0.17016, 0.19753, 0.01718, 0.16591], [0.0388, 0.07735, 0.14218, 0.0, 0.17076, 0.25216, 0.26466, 0.15578, 0.25017], [0.19513, 0.21393, 0.03696, 0.17076, 0.0, 0.13942, 0.16944, 0.01988, 0.13489], [0.25843, 0.25778, 0.17016, 0.25216, 0.13942, 0.0, 0.03517, 0.15621, 0.00523], [0.26672, 0.26191, 0.19753, 0.26466, 0.16944, 0.03517, 0.0, 0.18487, 0.04036], [0.18244, 0.20388, 0.01718, 0.15578, 0.01988, 0.15621, 0.18487, 0.0, 0.1519], [0.25716, 0.25728, 0.16591, 0.25017, 0.13489, 0.00523, 0.04036, 0.1519, 0.0]], "features_1": [[0.39371302340849956, 0.9330664404993881, 0.0, 0.24656049392555857, 0.5072679488918522, 0.14202922611904742, 0.15724712714088013, 0.6594058154651354, 0.46116537491134535, 0.22713203857946462, 0.008451478759474051, 0.6116275276370422, 0.6281786968669734, 0.6587269566734659, 0.7925202526512615, 0.7179299815589969, 0.6086285151213974], [0.6102333785633203, 0.7277218257100314, 0.0, 0.20304164469402897, 0.4577401686545086, 0.13976753299341285, 0.27273745201385113, 0.6661227319206877, 0.4570417584472206, 0.17730620830002675, 0.008562602043175715, 0.6066657995687508, 0.6399105782177098, 0.6702454162732608, 0.7987514376721343, 0.7172164972912075, 0.6155947835926636], [0.24234961766095076, 0.8885890987913362, 0.0, 0.1798171513359995, 0.5044437605398662, 0.14043257355803881, 0.2388134500469647, 0.6654354135916766, 0.45887124906030463, 0.21502378052221705, 0.00822905385914674, 0.6142974683090303, 0.6518875288781276, 0.680183417315791, 0.7987708140879526, 0.7388619114055416, 0.6247621071123872], [0.32635530994357165, 0.9296007815521542, 0.0, 0.17307495818179108, 0.5137341780549791, 0.13980084841391205, 0.1966271513887193, 0.6645354670015802, 0.44804558053961996, 0.2228219445444568, 0.008451478759474051, 0.6166846248540987, 0.6301717495604255, 0.6583040672304157, 0.7921877281135895, 0.7245626482877882, 0.612905233781848], [0.5405056251562463, 0.7545989726842689, 0.0, 0.19065106446526503, 0.464195782891821, 0.13927164429364425, 0.2268606218348083, 0.6642169152363342, 0.44440688377113524, 0.1826445426305312, 0.008451478759474051, 0.6032578612807109, 0.6288921095226601, 0.6614617313519925, 0.792056763391027, 0.7279509067480792, 0.6100372079282508], [0.09317555852894577, 0.9362076846659089, 0.0, 0.17464421600965271, 0.5154611604912774, 0.14343971842620123, 0.22309176758949575, 0.662679205661634, 0.46782830553753096, 0.22880367597315243, 0.008451478759474051, 0.6307716618054227, 0.6621338468994563, 0.6984696086823254, 0.8038586438493027, 0.7291320899265777, 0.6217024956989978], [0.12599133325399325, 0.8746102989464926, 0.0, 0.24015054357628265, 0.5101739439354848, 0.1367527051351204, 0.23901542104472143, 0.6718440836600914, 0.4070696921236312, 0.20634746232197654, 0.008006390651371653, 0.6263505021999254, 0.6482447544762356, 0.6758842762549835, 0.7907555062013235, 0.7127208745170008, 0.6105424918227053], [0.2906337814937263, 0.773796683764871, 0.0, 0.23511644253947037, 0.4843579102781587, 0.13322118835275587, 0.2113532066362353, 0.6734842309943827, 0.39753294983189336, 0.17956968181774235, 0.007894969482732161, 0.6073668534522718, 0.6409357019471211, 0.6537942896840825, 0.7797324283810682, 0.7000749477544449, 0.5947970288754718], [-0.17676239228295376, 0.7626890131761385, 0.0, 0.2109665632300097, 0.48596174007312565, 0.13328851166156852, 0.23513755377593598, 0.6752489106962127, 0.38134751500772657, 0.1800754540079086, 0.007671947615560004, 0.6188679605567216, 0.6411325960007718, 0.6641828601765929, 0.7814571509028596, 0.6927329306309971, 0.5899097740062278]], "features_2": [[0.7302105413759734, 0.912255630579097, 0.0, 0.29820112695875806, 0.5478846775707689, 0.12816428728319332, 0.5398185531485253, 0.6858026964011638, 0.3776093694305682, 0.20255358520370637, 0.007448685839370306, 0.5836315215849999, 0.6602446413982365, 0.6780704616665792, 0.7935092804414583, 0.7113723742294169, 0.6041262898153187], [1.6465656037860947, 0.8025154357078138, 0.0, 0.3318551006343266, 0.5306752209828024, 0.1170242230244533, 0.6407760543717977, 0.6911703847764343, 0.32447391112679624, 0.15986399549288666, 0.007001439975721224, 0.5616634211984879, 0.6085907952451306, 0.616916304487732, 0.7652498452948012, 0.6793615984479892, 0.5864212805945483], [1.1941736768953328, 0.9627794812326836, 0.0, 0.3290735667100521, 0.5737778691453514, 0.11639048925392723, 0.618073983847966, 0.6914027110985352, 0.3259149346003787, 0.19292316845714175, 0.006889477554966383, 0.5727573270886965, 0.6287489995980893, 0.62945524591546, 0.764956496661487, 0.6859173709245295, 0.5842479460545867], [1.2569561494623596, 0.956946497668709, 0.0, 0.33433281213387056, 0.5690194754278025, 0.11888761568146766, 0.590172448443741, 0.6904451916821042, 0.3376236834593005, 0.19521417588423495, 0.006889477554966383, 0.5715245663801043, 0.6209864212121916, 0.6277508425136709, 0.7714362052881073, 0.6995820143959445, 0.5902678450970279], [1.0561564480134988, 0.7638388620898209, 0.0, 0.2914436998763858, 0.5136359708401567, 0.1199034004062899, 0.525765452453632, 0.6894221870083971, 0.3386224257666728, 0.15686295653544025, 0.007336964783822175, 0.5738210170823892, 0.6282677791276371, 0.6412218359843302, 0.7694645201294583, 0.6947414923992383, 0.5801315416919927], [0.6216516320250833, 0.976459398286982, 0.0, 0.2977997507195835, 0.5748597735790131, 0.11857290348102247, 0.6427036975138855, 0.6908907343307003, 0.32990440532016807, 0.19911063615848068, 0.007336964783822175, 0.5859282864751507, 0.6361420324291183, 0.6514477460127303, 0.7722059294900323, 0.7102254415125993, 0.5650549739902494], [0.5033672270227285, 0.9220421378971068, 0.0, 0.28914476211560475, 0.558316613922158, 0.11611184796876575, 0.6330458493933137, 0.6911106436389987, 0.31884197954252547, 0.1869849381362143, 0.00677745458930179, 0.5872129581112491, 0.637095568387389, 0.6475332207882563, 0.7626898733743485, 0.6892918837222817, 0.5526585902208173], [0.24964374979561477, 0.7508766597685153, 0.0, 0.22105093948238091, 0.4984785180442969, 0.12242638872640216, 0.33581555393558915, 0.6868432116763179, 0.33940857389480716, 0.1596993411627925, 0.0069454663283523566, 0.5948935929380852, 0.6299446108544531, 0.6400567987722753, 0.7703821993191974, 0.6832136661351105, 0.5346798186191721], [0.22395268055792616, 0.805741356017031, 0.0, 0.22783483043116665, 0.519122935280185, 0.1176300535793237, 0.41180996469331105, 0.6895808657516137, 0.3214529190577671, 0.16590087935824416, 0.007001439975721224, 0.5900131277388141, 0.6426455286969623, 0.6499890201296246, 0.761795003968822, 0.6936610062743976, 0.522950231243833]]}