{"labels_1": ["1", "2", "3", "4", "5", "6", "7", "8", "9"], "labels_2": ["1", "2", "3", "4", "5", "6", "7", "8", "9"], "adj_matrix_1": [[0.0, 0.05802, 0.0741, 0.11779, 0.18113, 0.27462, 0.06579, 0.00257, 0.14793], [0.05802, 0.0, 0.12883, 0.16897, 0.13376, 0.30317, 0.12108, 0.06056, 0.19614], [0.0741, 0.12883, 0.0, 0.04576, 0.23222, 0.22376, 0.00852, 0.07159, 0.07824], [0.11779, 0.16897, 0.04576, 0.0, 0.25783, 0.18649, 0.05418, 0.11537, 0.03302], [0.18113, 0.13376, 0.23222, 0.25783, 0.0, 0.32361, 0.227, 0.18319, 0.27395], [0.27462, 0.30317, 0.22376, 0.18649, 0.32361, 0.0, 0.23022, 0.27296, 0.15736], [0.06579, 0.12108, 0.00852, 0.05418, 0.227, 0.23022, 0.0, 0.06328, 0.08649], [0.00257, 0.06056, 0.07159, 0.11537, 0.18319, 0.27296, 0.06328, 0.0, 0.14568], [0.14793, 0.19614, 0.07824, 0.03302, 0.27395, 0.15736, 0.08649, 0.14568, 0.0]], "adj_matrix_2": [[0.0, 0.00603, 0.02505, 0.14118, 0.10725, 0.17223, 0.05306, 0.12942, 0.21368], [0.00603, 0.0, 0.01902, 0.13575, 0.10156, 0.16711, 0.04709, 0.12392, 0.20935], [0.02505, 0.01902, 0.0, 0.11827, 0.08331, 0.15066, 0.02819, 0.10612, 0.19478], [0.14118, 0.13575, 0.11827, 0.0, 0.03691, 0.0361, 0.09168, 0.01302, 0.08936], [0.10725, 0.10156, 0.08331, 0.03691, 0.0, 0.07243, 0.05579, 0.02396, 0.12373], [0.17223, 0.16711, 0.15066, 0.0361, 0.07243, 0.0, 0.12537, 0.04896, 0.05439], [0.05306, 0.04709, 0.02819, 0.09168, 0.05579, 0.12537, 0.0, 0.07917, 0.17224], [0.12942, 0.12392, 0.10612, 0.01302, 0.02396, 0.04896, 0.07917, 0.0, 0.10165], [0.21368, 0.20935, 0.19478, 0.08936, 0.12373, 0.05439, 0.17224, 0.10165, 0.0]], "features_1": [[0.39371302340849956, 0.9330664404993881, 0.0, 0.24656049392555857, 0.5072679488918522, 0.14202922611904742, 0.15724712714088013, 0.6594058154651354, 0.46116537491134535, 0.22713203857946462, 0.008451478759474051, 0.6116275276370422, 0.6281786968669734, 0.6587269566734659, 0.7925202526512615, 0.7179299815589969, 0.6086285151213974], [0.6102333785633203, 0.7277218257100314, 0.0, 0.20304164469402897, 0.4577401686545086, 0.13976753299341285, 0.27273745201385113, 0.6661227319206877, 0.4570417584472206, 0.17730620830002675, 0.008562602043175715, 0.6066657995687508, 0.6399105782177098, 0.6702454162732608, 0.7987514376721343, 0.7172164972912075, 0.6155947835926636], [0.24234961766095076, 0.8885890987913362, 0.0, 0.1798171513359995, 0.5044437605398662, 0.14043257355803881, 0.2388134500469647, 0.6654354135916766, 0.45887124906030463, 0.21502378052221705, 0.00822905385914674, 0.6142974683090303, 0.6518875288781276, 0.680183417315791, 0.7987708140879526, 0.7388619114055416, 0.6247621071123872], [0.32635530994357165, 0.9296007815521542, 0.0, 0.17307495818179108, 0.5137341780549791, 0.13980084841391205, 0.1966271513887193, 0.6645354670015802, 0.44804558053961996, 0.2228219445444568, 0.008451478759474051, 0.6166846248540987, 0.6301717495604255, 0.6583040672304157, 0.7921877281135895, 0.7245626482877882, 0.612905233781848], [0.5405056251562463, 0.7545989726842689, 0.0, 0.19065106446526503, 0.464195782891821, 0.13927164429364425, 0.2268606218348083, 0.6642169152363342, 0.44440688377113524, 0.1826445426305312, 0.008451478759474051, 0.6032578612807109, 0.6288921095226601, 0.6614617313519925, 0.792056763391027, 0.7279509067480792, 0.6100372079282508], [0.09317555852894577, 0.9362076846659089, 0.0, 0.17464421600965271, 0.5154611604912774, 0.14343971842620123, 0.22309176758949575, 0.662679205661634, 0.46782830553753096, 0.22880367597315243, 0.008451478759474051, 0.6307716618054227, 0.6621338468994563, 0.6984696086823254, 0.8038586438493027, 0.7291320899265777, 0.6217024956989978], [0.12599133325399325, 0.8746102989464926, 0.0, 0.24015054357628265, 0.5101739439354848, 0.1367527051351204, 0.23901542104472143, 0.6718440836600914, 0.4070696921236312, 0.20634746232197654, 0.008006390651371653, 0.6263505021999254, 0.6482447544762356, 0.6758842762549835, 0.7907555062013235, 0.7127208745170008, 0.6105424918227053], [0.2906337814937263, 0.773796683764871, 0.0, 0.23511644253947037, 0.4843579102781587, 0.13322118835275587, 0.2113532066362353, 0.6734842309943827, 0.39753294983189336, 0.17956968181774235, 0.007894969482732161, 0.6073668534522718, 0.6409357019471211, 0.6537942896840825, 0.7797324283810682, 0.7000749477544449, 0.5947970288754718], [-0.17676239228295376, 0.7626890131761385, 0.0, 0.2109665632300097, 0.48596174007312565, 0.13328851166156852, 0.23513755377593598, 0.6752489106962127, 0.38134751500772657, 0.1800754540079086, 0.007671947615560004, 0.6188679605567216, 0.6411325960007718, 0.6641828601765929, 0.7814571509028596, 0.6927329306309971, 0.5899097740062278]], "features_2": [[0.382306836633195, 1.0559809468437065, 0.0, 0.20359479627457128, 0.5558775612205206, 0.14185080670761577, 0.34511785985049953, 0.6725133221237578, 0.441652288712163, 0.24903622253829516, 0.00839589484089287, 0.6190118393597803, 0.6703536139043408, 0.6952146318713731, 0.8200343459749158, 0.7399553457620589, 0.6251382287733569], [-0.1531299005883735, 0.9036378139116333, 0.0, 0.17330074144176424, 0.5222706283570145, 0.14044449133369832, 0.3752229913139985, 0.6749140401561158, 0.41629585969326977, 0.2194947730771819, 0.008062078829516484, 0.624377189564022, 0.6851779575079519, 0.7244144623489558, 0.8188013295924188, 0.7524009328224726, 0.6183701087019409], [0.0013389259940792542, 1.0365266573634047, 0.0, 0.19051038522421773, 0.5600729944913639, 0.1389362204389893, 0.392113381819712, 0.677173916726556, 0.4212051478391927, 0.24402099326919835, 0.00783923647221818, 0.6256531785102588, 0.695632697467015, 0.732935430618358, 0.8191061646544865, 0.7438474685157532, 0.6300873506621705], [0.05766552819088755, 1.006139608198752, 0.0, 0.2059635027608382, 0.5582030859204254, 0.13512539446682847, 0.40933294972912576, 0.6806967009227453, 0.39848192675246064, 0.23233502711215692, 0.007950687539111767, 0.6204020052893329, 0.6964614332622447, 0.7169795321514437, 0.8119886476826271, 0.7422021760349556, 0.6233831608470032], [-0.16964945592549707, 0.9217208866966504, 0.0, 0.18730025167265235, 0.5246289345003532, 0.14079539332708338, 0.34700311328829514, 0.6733141601859385, 0.41320743193970544, 0.22412103814329987, 0.007616154688146137, 0.6269329960102872, 0.6789075935639877, 0.7166500250147281, 0.8160955756471404, 0.7403299075071481, 0.6150374486853192], [-0.07527677713171732, 1.0903303373147761, 0.0, 0.1945744957108152, 0.5692346022967657, 0.14097118713989476, 0.3598980176919909, 0.6750566080620826, 0.4333131952865843, 0.2571911447166857, 0.007616154688146137, 0.6202316239007719, 0.6874593655138332, 0.7263010236264813, 0.8196186042135231, 0.746332899216519, 0.62610674459567], [-0.15704913822625377, 1.0107825429814716, 0.0, 0.22600229641492225, 0.5519316519063758, 0.13694352547656793, 0.39550389766360683, 0.6783614260177782, 0.40598765048745267, 0.2365312492714282, 0.007727725548673403, 0.6170899651828847, 0.6962495051276595, 0.7293440163996885, 0.8150725940970469, 0.7295683336286556, 0.6168831123034808], [-0.11333913936499096, 0.8891205276834866, 0.0, 0.17717330200946152, 0.5144760941523546, 0.14181607538203053, 0.323953695060446, 0.6717333748933665, 0.4393613322025862, 0.22024799859533672, 0.008173410423425675, 0.621136050147197, 0.6831146500527341, 0.7223588157615862, 0.8181757524589927, 0.7215127708398618, 0.6248831963580209], [-0.22663610785346044, 0.8959059058133265, 0.0, 0.20820267578569096, 0.5210402273305719, 0.13939912793967474, 0.3818723268237477, 0.6755980383508813, 0.4250989726160106, 0.2186816210279483, 0.008062078829516484, 0.6140588252550199, 0.6998667117140493, 0.7384174329956673, 0.8185052152066528, 0.7221299441441328, 0.6252416792380291]]}