{"labels_1": ["1", "2", "3", "4", "5", "6", "7", "8", "9"], "labels_2": ["1", "2", "3", "4", "5", "6", "7", "8", "9"], "adj_matrix_1": [[0.0, 0.36569, 0.24394, 0.34413, 0.34108, 0.26451, 0.35854, 0.3495, 0.25259], [0.36569, 0.0, 0.31007, 0.23339, 0.23724, 0.29944, 0.21218, 0.22612, 0.30589], [0.24394, 0.31007, 0.0, 0.14353, 0.13827, 0.02565, 0.17126, 0.15362, 0.01066], [0.34413, 0.23339, 0.14353, 0.0, 0.00572, 0.11957, 0.031, 0.01114, 0.13364], [0.34108, 0.23724, 0.13827, 0.00572, 0.0, 0.11416, 0.03669, 0.01686, 0.12833], [0.26451, 0.29944, 0.02565, 0.11957, 0.11416, 0.0, 0.14819, 0.12995, 0.015], [0.35854, 0.21218, 0.17126, 0.031, 0.03669, 0.14819, 0.0, 0.01989, 0.16176], [0.3495, 0.22612, 0.15362, 0.01114, 0.01686, 0.12995, 0.01989, 0.0, 0.14388], [0.25259, 0.30589, 0.01066, 0.13364, 0.12833, 0.015, 0.16176, 0.14388, 0.0]], "adj_matrix_2": [[0.0, 0.29404, 0.28283, 0.23315, 0.34142, 0.32519, 0.30602, 0.32824, 0.28328], [0.29404, 0.0, 0.01941, 0.08933, 0.17569, 0.22443, 0.02234, 0.07622, 0.01863], [0.28283, 0.01941, 0.0, 0.07058, 0.19064, 0.23596, 0.04167, 0.09482, 0.00078], [0.23315, 0.08933, 0.07058, 0.0, 0.23987, 0.27111, 0.11058, 0.15953, 0.07133], [0.34142, 0.17569, 0.19064, 0.23987, 0.0, 0.07302, 0.15734, 0.10949, 0.19011], [0.32519, 0.22443, 0.23596, 0.27111, 0.07302, 0.0, 0.21037, 0.17126, 0.23552], [0.30602, 0.02234, 0.04167, 0.11058, 0.15734, 0.21037, 0.0, 0.05439, 0.0409], [0.32824, 0.07622, 0.09482, 0.15953, 0.10949, 0.17126, 0.05439, 0.0, 0.0941], [0.28328, 0.01863, 0.00078, 0.07133, 0.19011, 0.23552, 0.0409, 0.0941, 0.0]], "features_1": [[-0.3161600284614079, 0.7825785105050485, 0.0, 0.23120220770311484, 0.4986025502131929, 0.12956158230250905, 0.2330008012617725, 0.6807350581970328, 0.35761050965201524, 0.18066712329332013, 0.007225183508792421, 0.6377051533973637, 0.6586115285554005, 0.6750678969762555, 0.7789026586794137, 0.6950313852548713, 0.5779618635783758], [0.16166088769450715, 0.6408911657823749, 0.0, 0.26126321358076193, 0.46572675428687693, 0.12405984790429288, 0.3322747583761519, 0.6866018202692712, 0.3436250538128589, 0.14143721604241555, 0.007001439975721224, 0.5947386199450269, 0.6509033488961252, 0.6787512066549377, 0.7763331079650599, 0.6853286667999419, 0.5884819282117486], [-0.055867454213538004, 0.7502692850972705, 0.0, 0.2525511208688739, 0.49734488980414326, 0.12592917086321345, 0.2733385672331224, 0.6843252489602312, 0.35015923839834806, 0.1669410327096399, 0.007225183508792421, 0.6178463515802846, 0.6394413668976822, 0.658053726256455, 0.7738513460545542, 0.7062132786421743, 0.5833872960491481], [0.20963752971165706, 0.8218576239830446, 0.0, 0.2537333143805778, 0.5122158692057743, 0.129037963791195, 0.31329548766932974, 0.6817056501399139, 0.35026197047154795, 0.18219695103371758, 0.007281081678807366, 0.6083685224389563, 0.6397412007118793, 0.6523205429860466, 0.7778027570415711, 0.7093092510561699, 0.5917793810595214], [0.03092672102683114, 0.6849963362117293, 0.0, 0.25317370674766887, 0.4826003908709922, 0.12352365547136174, 0.3594234763699049, 0.6873860631557681, 0.3409370919072803, 0.15089635984759875, 0.00711334193318236, 0.6029132648653053, 0.6654816260325147, 0.6771994627186488, 0.7781577961844349, 0.6951647031065388, 0.5822567015391965], [-0.07806385160335694, 0.7915588117538728, 0.0, 0.25127045029098233, 0.5062775025140241, 0.13014599199963492, 0.31171397561987674, 0.6819254195579794, 0.3737777492379284, 0.18030115772217914, 0.007504523810135222, 0.6161509126807756, 0.6505668202508706, 0.6736560737531009, 0.787776954641453, 0.7040211661934709, 0.5919967239167061], [-0.1441999819895785, 0.8286743901276958, 0.0, 0.253542673042931, 0.5190347381183713, 0.12502151395199923, 0.38184185545429444, 0.6852724648270411, 0.332609304965356, 0.1814135792204774, 0.006721420376576193, 0.6082838781344972, 0.631982502247581, 0.6527940759706066, 0.7656981798338328, 0.6823006154633054, 0.5628617066677769], [-0.16450332744280072, 0.6849137273134762, 0.0, 0.218228887857648, 0.48423473276928874, 0.12273218508096517, 0.34042101770676536, 0.6875956759298085, 0.338367484744567, 0.1505402340379769, 0.00711334193318236, 0.6101194711835602, 0.6553245429669176, 0.6779821913629914, 0.7743811092545845, 0.6903355899512085, 0.5627774679546249], [-0.14253302568414306, 0.6988733627964986, 0.0, 0.20361580532835463, 0.4864151924687018, 0.1228663857330522, 0.3519142239449081, 0.6875169317541838, 0.3465031031792456, 0.1545105609320201, 0.007392832833969631, 0.6109629762829385, 0.6418864155298794, 0.666922940969776, 0.7736823962320276, 0.6838811255611319, 0.5513401439241565]], "features_2": [[-0.37755808647465194, 0.7804384192510148, 0.0, 0.2395083727445554, 0.4855269920832452, 0.1379415842676293, 0.15506814334180347, 0.6694168478340483, 0.42520079272049593, 0.19431149344149623, 0.008117752083540042, 0.6363651123288441, 0.6556944248373603, 0.6814493867015997, 0.7887953361211625, 0.7035019362163365, 0.5944805406927487], [0.3294467376845467, 0.6140982351218176, 0.0, 0.29439326079112965, 0.44654556590587297, 0.1307377260276108, 0.3285256400409217, 0.6821737417985194, 0.3963376612955427, 0.14342218498833503, 0.007560346756364078, 0.6012140774238834, 0.6616955270336428, 0.6823187395291499, 0.7939483702862989, 0.7103523765502524, 0.6008598678319811], [0.1148049130323936, 0.8330307168254615, 0.0, 0.2856647978356438, 0.5085862828610076, 0.13397128256203822, 0.20894454755046682, 0.6761433915173296, 0.41325644683610663, 0.19831978740182965, 0.00822905385914674, 0.6107915487715179, 0.638576903741774, 0.6738248939077836, 0.7867809933494052, 0.6990549139059491, 0.5953261970979158], [-0.08440196861070737, 0.843347427291158, 0.0, 0.25535879265772754, 0.5109201482299713, 0.13329334865791062, 0.18697489579123355, 0.676094453745425, 0.41069415701796963, 0.20059270737964296, 0.008340296057933516, 0.6230648594183159, 0.639900207758043, 0.674460203409492, 0.7821390187384927, 0.6934083284728285, 0.5931982136758359], [0.9265143352610976, 0.6364188419625868, 0.0, 0.3303783334061968, 0.4634925977640084, 0.12705663634726877, 0.4073134237155848, 0.6857740317306418, 0.39037695092206315, 0.14359511303854156, 0.00783923647221818, 0.5848489696034327, 0.6502148326667248, 0.679155942294951, 0.7888410879761787, 0.712189166707601, 0.5864988344166661], [0.8940336095678965, 0.913985559791868, 0.0, 0.2951527333709572, 0.5332976247444955, 0.13410700799984293, 0.25675048330901545, 0.6775218097068885, 0.4175780182084594, 0.21044871252825104, 0.007894969482732161, 0.5859716900826204, 0.6419935196750062, 0.6600868234300515, 0.7907223218447194, 0.7113422056198194, 0.5940797513314942], [0.37479313446776974, 0.850640718695395, 0.0, 0.2549194133622518, 0.5181387947148051, 0.13063632060302235, 0.22943926246937707, 0.6790681437741606, 0.39119364480601226, 0.19448707004478294, 0.007950687539111767, 0.6017855611328136, 0.635285547587011, 0.6452999118034488, 0.7766735987153639, 0.6983600007239474, 0.5969448578535478], [0.6579725424981149, 0.6975212968915191, 0.0, 0.278938139535383, 0.4928098516715026, 0.1225312028566157, 0.42296129655802017, 0.6884126629004138, 0.3640938923538066, 0.15126893393027596, 0.00716927026363523, 0.5926099621000782, 0.6370022642794627, 0.6510038751700754, 0.7769189842488503, 0.7261386138835048, 0.5680751557080722], [0.5579390975330627, 0.7765968542123277, 0.0, 0.25061742067364506, 0.5070770325197331, 0.12536439106829894, 0.3107236803492768, 0.6846158466623237, 0.369813937910209, 0.1702710129088998, 0.007504523810135222, 0.5976287640564486, 0.6435649766395023, 0.6442181326947017, 0.7691648843705317, 0.7219619393503085, 0.5864713020352931]]}