{"labels_1": ["1", "2", "3", "4", "5", "6", "7", "8", "9"], "labels_2": ["1", "2", "3", "4", "5", "6", "7", "8", "9"], "adj_matrix_1": [[0.0, 0.05802, 0.0741, 0.11779, 0.18113, 0.27462, 0.06579, 0.00257, 0.14793], [0.05802, 0.0, 0.12883, 0.16897, 0.13376, 0.30317, 0.12108, 0.06056, 0.19614], [0.0741, 0.12883, 0.0, 0.04576, 0.23222, 0.22376, 0.00852, 0.07159, 0.07824], [0.11779, 0.16897, 0.04576, 0.0, 0.25783, 0.18649, 0.05418, 0.11537, 0.03302], [0.18113, 0.13376, 0.23222, 0.25783, 0.0, 0.32361, 0.227, 0.18319, 0.27395], [0.27462, 0.30317, 0.22376, 0.18649, 0.32361, 0.0, 0.23022, 0.27296, 0.15736], [0.06579, 0.12108, 0.00852, 0.05418, 0.227, 0.23022, 0.0, 0.06328, 0.08649], [0.00257, 0.06056, 0.07159, 0.11537, 0.18319, 0.27296, 0.06328, 0.0, 0.14568], [0.14793, 0.19614, 0.07824, 0.03302, 0.27395, 0.15736, 0.08649, 0.14568, 0.0]], "adj_matrix_2": [[0.0, 0.08341, 0.24158, 0.11463, 0.02519, 0.14351, 0.14282, 0.30677, 0.34018], [0.08341, 0.0, 0.17274, 0.03255, 0.10755, 0.06334, 0.06258, 0.25021, 0.29164], [0.24158, 0.17274, 0.0, 0.14329, 0.25919, 0.11402, 0.11476, 0.0902, 0.14215], [0.11463, 0.03255, 0.14329, 0.0, 0.13788, 0.03106, 0.03027, 0.22435, 0.26844], [0.02519, 0.10755, 0.25919, 0.13788, 0.0, 0.16577, 0.16516, 0.32016, 0.35081], [0.14351, 0.06334, 0.11402, 0.03106, 0.16577, 0.0, 0.00079, 0.19801, 0.2443], [0.14282, 0.06258, 0.11476, 0.03027, 0.16516, 0.00079, 0.0, 0.19873, 0.24495], [0.30677, 0.25021, 0.0902, 0.22435, 0.32016, 0.19801, 0.19873, 0.0, 0.05366], [0.34018, 0.29164, 0.14215, 0.26844, 0.35081, 0.2443, 0.24495, 0.05366, 0.0]], "features_1": [[0.39371302340849956, 0.9330664404993881, 0.0, 0.24656049392555857, 0.5072679488918522, 0.14202922611904742, 0.15724712714088013, 0.6594058154651354, 0.46116537491134535, 0.22713203857946462, 0.008451478759474051, 0.6116275276370422, 0.6281786968669734, 0.6587269566734659, 0.7925202526512615, 0.7179299815589969, 0.6086285151213974], [0.6102333785633203, 0.7277218257100314, 0.0, 0.20304164469402897, 0.4577401686545086, 0.13976753299341285, 0.27273745201385113, 0.6661227319206877, 0.4570417584472206, 0.17730620830002675, 0.008562602043175715, 0.6066657995687508, 0.6399105782177098, 0.6702454162732608, 0.7987514376721343, 0.7172164972912075, 0.6155947835926636], [0.24234961766095076, 0.8885890987913362, 0.0, 0.1798171513359995, 0.5044437605398662, 0.14043257355803881, 0.2388134500469647, 0.6654354135916766, 0.45887124906030463, 0.21502378052221705, 0.00822905385914674, 0.6142974683090303, 0.6518875288781276, 0.680183417315791, 0.7987708140879526, 0.7388619114055416, 0.6247621071123872], [0.32635530994357165, 0.9296007815521542, 0.0, 0.17307495818179108, 0.5137341780549791, 0.13980084841391205, 0.1966271513887193, 0.6645354670015802, 0.44804558053961996, 0.2228219445444568, 0.008451478759474051, 0.6166846248540987, 0.6301717495604255, 0.6583040672304157, 0.7921877281135895, 0.7245626482877882, 0.612905233781848], [0.5405056251562463, 0.7545989726842689, 0.0, 0.19065106446526503, 0.464195782891821, 0.13927164429364425, 0.2268606218348083, 0.6642169152363342, 0.44440688377113524, 0.1826445426305312, 0.008451478759474051, 0.6032578612807109, 0.6288921095226601, 0.6614617313519925, 0.792056763391027, 0.7279509067480792, 0.6100372079282508], [0.09317555852894577, 0.9362076846659089, 0.0, 0.17464421600965271, 0.5154611604912774, 0.14343971842620123, 0.22309176758949575, 0.662679205661634, 0.46782830553753096, 0.22880367597315243, 0.008451478759474051, 0.6307716618054227, 0.6621338468994563, 0.6984696086823254, 0.8038586438493027, 0.7291320899265777, 0.6217024956989978], [0.12599133325399325, 0.8746102989464926, 0.0, 0.24015054357628265, 0.5101739439354848, 0.1367527051351204, 0.23901542104472143, 0.6718440836600914, 0.4070696921236312, 0.20634746232197654, 0.008006390651371653, 0.6263505021999254, 0.6482447544762356, 0.6758842762549835, 0.7907555062013235, 0.7127208745170008, 0.6105424918227053], [0.2906337814937263, 0.773796683764871, 0.0, 0.23511644253947037, 0.4843579102781587, 0.13322118835275587, 0.2113532066362353, 0.6734842309943827, 0.39753294983189336, 0.17956968181774235, 0.007894969482732161, 0.6073668534522718, 0.6409357019471211, 0.6537942896840825, 0.7797324283810682, 0.7000749477544449, 0.5947970288754718], [-0.17676239228295376, 0.7626890131761385, 0.0, 0.2109665632300097, 0.48596174007312565, 0.13328851166156852, 0.23513755377593598, 0.6752489106962127, 0.38134751500772657, 0.1800754540079086, 0.007671947615560004, 0.6188679605567216, 0.6411325960007718, 0.6641828601765929, 0.7814571509028596, 0.6927329306309971, 0.5899097740062278]], "features_2": [[-0.24746224455056698, 1.031322554597501, 0.0, 0.2090260336838957, 0.5588496781853157, 0.12949747533150735, 0.2632073947252643, 0.6794962495872945, 0.36737254996552626, 0.23211445018046373, 0.007560346756364078, 0.615764122982362, 0.63249082686872, 0.6500792865993087, 0.7705093096529286, 0.6819017651614265, 0.5821061646302206], [0.028143905175295192, 0.8623092219024344, 0.0, 0.23885166436722385, 0.5268570055450311, 0.12440547111767852, 0.3184517137719965, 0.6844871029862061, 0.3491562269215358, 0.18999658370364636, 0.007560346756364078, 0.6044732895629763, 0.6288618352264594, 0.6486117558169138, 0.7606462595031852, 0.6627660501181428, 0.5720112290082644], [-0.028503738925099942, 1.0951012694367073, 0.0, 0.22152379472038955, 0.581269174605325, 0.12466547028784258, 0.2229115412936075, 0.6832849341893108, 0.34613955859723267, 0.2344590207896975, 0.007336964783822175, 0.6166587328573288, 0.6314883548234785, 0.6539704439622808, 0.7559642310528215, 0.6719901725313646, 0.5757524410777336], [0.05708306472609115, 1.0556546164719303, 0.0, 0.24426927624360428, 0.5747413752918105, 0.12491309065663775, 0.2755602234351514, 0.6838805286008618, 0.35325074665133194, 0.22859856780505172, 0.007225183508792421, 0.6076704200039917, 0.6419265291743897, 0.6683530528564241, 0.7625334794660525, 0.678887951786265, 0.5798754978275251], [0.21331573558661532, 0.8823724528175044, 0.0, 0.2551932935145648, 0.5344332991328187, 0.1232145635789601, 0.2761428632448137, 0.6851414925919069, 0.35080241258718914, 0.19299465435983865, 0.007336964783822175, 0.5965339101039273, 0.6269589542284028, 0.6537754390739489, 0.7577866843642361, 0.6541766824267036, 0.5796471748335957], [0.04650671730441314, 1.1244647096828888, 0.0, 0.23446056636423854, 0.5927635945112578, 0.12270290727746583, 0.2648126350669685, 0.6858629650076298, 0.34622596894002067, 0.23717853563167912, 0.007225183508792421, 0.6069425513092512, 0.6484391968540385, 0.6740387218994314, 0.7618589641309911, 0.6613289737428114, 0.5813065886047862], [0.02244055245365617, 1.009527225618345, 0.0, 0.22554579650022402, 0.5706367744074398, 0.1212782185034783, 0.3084115753828243, 0.6870037856010994, 0.3304658930516333, 0.21363712337634677, 0.007225183508792421, 0.6050385002447749, 0.6334818770810839, 0.6566359716770299, 0.7566848266716567, 0.6740881751396774, 0.566768463647266], [-0.15044923413057676, 0.8602989422252861, 0.0, 0.24177989476981204, 0.5394721775744249, 0.11846211063626023, 0.3099549966483508, 0.6890505360106861, 0.31811132279297083, 0.1824449406861921, 0.00683347364535547, 0.6176125813688995, 0.6333029506206358, 0.6551151931238974, 0.7577476479270171, 0.656857460304684, 0.573090360117622], [-0.07776814336179694, 0.8869959229208043, 0.0, 0.21820367767002394, 0.5453782253996841, 0.11892044565103642, 0.2813020734897478, 0.6885527005024173, 0.31184467075156763, 0.18567746610704838, 0.0069454663283523566, 0.6171161642572693, 0.62277098819669, 0.61501999366116, 0.7563305777274018, 0.6864140959903726, 0.5676950158376067]]}