{"labels_1": ["1", "2", "3", "4", "5", "6", "7", "8", "9"], "labels_2": ["1", "2", "3", "4", "5", "6", "7", "8", "9"], "adj_matrix_1": [[0.0, 0.05802, 0.0741, 0.11779, 0.18113, 0.27462, 0.06579, 0.00257, 0.14793], [0.05802, 0.0, 0.12883, 0.16897, 0.13376, 0.30317, 0.12108, 0.06056, 0.19614], [0.0741, 0.12883, 0.0, 0.04576, 0.23222, 0.22376, 0.00852, 0.07159, 0.07824], [0.11779, 0.16897, 0.04576, 0.0, 0.25783, 0.18649, 0.05418, 0.11537, 0.03302], [0.18113, 0.13376, 0.23222, 0.25783, 0.0, 0.32361, 0.227, 0.18319, 0.27395], [0.27462, 0.30317, 0.22376, 0.18649, 0.32361, 0.0, 0.23022, 0.27296, 0.15736], [0.06579, 0.12108, 0.00852, 0.05418, 0.227, 0.23022, 0.0, 0.06328, 0.08649], [0.00257, 0.06056, 0.07159, 0.11537, 0.18319, 0.27296, 0.06328, 0.0, 0.14568], [0.14793, 0.19614, 0.07824, 0.03302, 0.27395, 0.15736, 0.08649, 0.14568, 0.0]], "adj_matrix_2": [[0.0, 0.1327, 0.10114, 0.18476, 0.20007, 0.06485, 0.08196, 0.08874, 0.2035], [0.1327, 0.0, 0.0344, 0.06088, 0.07998, 0.18611, 0.1988, 0.04736, 0.26152], [0.10114, 0.0344, 0.0, 0.09429, 0.11275, 0.15856, 0.1726, 0.01306, 0.25091], [0.18476, 0.06088, 0.09429, 0.0, 0.01952, 0.22963, 0.23954, 0.10653, 0.27384], [0.20007, 0.07998, 0.11275, 0.01952, 0.0, 0.24202, 0.25109, 0.12485, 0.27683], [0.06485, 0.18611, 0.15856, 0.22963, 0.24202, 0.0, 0.01786, 0.14752, 0.16001], [0.08196, 0.1988, 0.1726, 0.23954, 0.25109, 0.01786, 0.0, 0.16209, 0.14637], [0.08874, 0.04736, 0.01306, 0.10653, 0.12485, 0.14752, 0.16209, 0.0, 0.24653], [0.2035, 0.26152, 0.25091, 0.27384, 0.27683, 0.16001, 0.14637, 0.24653, 0.0]], "features_1": [[0.39371302340849956, 0.9330664404993881, 0.0, 0.24656049392555857, 0.5072679488918522, 0.14202922611904742, 0.15724712714088013, 0.6594058154651354, 0.46116537491134535, 0.22713203857946462, 0.008451478759474051, 0.6116275276370422, 0.6281786968669734, 0.6587269566734659, 0.7925202526512615, 0.7179299815589969, 0.6086285151213974], [0.6102333785633203, 0.7277218257100314, 0.0, 0.20304164469402897, 0.4577401686545086, 0.13976753299341285, 0.27273745201385113, 0.6661227319206877, 0.4570417584472206, 0.17730620830002675, 0.008562602043175715, 0.6066657995687508, 0.6399105782177098, 0.6702454162732608, 0.7987514376721343, 0.7172164972912075, 0.6155947835926636], [0.24234961766095076, 0.8885890987913362, 0.0, 0.1798171513359995, 0.5044437605398662, 0.14043257355803881, 0.2388134500469647, 0.6654354135916766, 0.45887124906030463, 0.21502378052221705, 0.00822905385914674, 0.6142974683090303, 0.6518875288781276, 0.680183417315791, 0.7987708140879526, 0.7388619114055416, 0.6247621071123872], [0.32635530994357165, 0.9296007815521542, 0.0, 0.17307495818179108, 0.5137341780549791, 0.13980084841391205, 0.1966271513887193, 0.6645354670015802, 0.44804558053961996, 0.2228219445444568, 0.008451478759474051, 0.6166846248540987, 0.6301717495604255, 0.6583040672304157, 0.7921877281135895, 0.7245626482877882, 0.612905233781848], [0.5405056251562463, 0.7545989726842689, 0.0, 0.19065106446526503, 0.464195782891821, 0.13927164429364425, 0.2268606218348083, 0.6642169152363342, 0.44440688377113524, 0.1826445426305312, 0.008451478759474051, 0.6032578612807109, 0.6288921095226601, 0.6614617313519925, 0.792056763391027, 0.7279509067480792, 0.6100372079282508], [0.09317555852894577, 0.9362076846659089, 0.0, 0.17464421600965271, 0.5154611604912774, 0.14343971842620123, 0.22309176758949575, 0.662679205661634, 0.46782830553753096, 0.22880367597315243, 0.008451478759474051, 0.6307716618054227, 0.6621338468994563, 0.6984696086823254, 0.8038586438493027, 0.7291320899265777, 0.6217024956989978], [0.12599133325399325, 0.8746102989464926, 0.0, 0.24015054357628265, 0.5101739439354848, 0.1367527051351204, 0.23901542104472143, 0.6718440836600914, 0.4070696921236312, 0.20634746232197654, 0.008006390651371653, 0.6263505021999254, 0.6482447544762356, 0.6758842762549835, 0.7907555062013235, 0.7127208745170008, 0.6105424918227053], [0.2906337814937263, 0.773796683764871, 0.0, 0.23511644253947037, 0.4843579102781587, 0.13322118835275587, 0.2113532066362353, 0.6734842309943827, 0.39753294983189336, 0.17956968181774235, 0.007894969482732161, 0.6073668534522718, 0.6409357019471211, 0.6537942896840825, 0.7797324283810682, 0.7000749477544449, 0.5947970288754718], [-0.17676239228295376, 0.7626890131761385, 0.0, 0.2109665632300097, 0.48596174007312565, 0.13328851166156852, 0.23513755377593598, 0.6752489106962127, 0.38134751500772657, 0.1800754540079086, 0.007671947615560004, 0.6188679605567216, 0.6411325960007718, 0.6641828601765929, 0.7814571509028596, 0.6927329306309971, 0.5899097740062278]], "features_2": [[0.15300353874605355, 0.8890731709467996, 0.0, 0.30663679809902383, 0.5204469880502653, 0.14156468318837526, 0.271138166953066, 0.6708342886739931, 0.45053584225125465, 0.21810636113167092, 0.007950687539111767, 0.6169932555115105, 0.6716784477729081, 0.684711812834531, 0.8119052271090199, 0.7278202964033337, 0.6379848037956943], [0.7179669571242986, 0.6925590426024424, 0.0, 0.30161744510203703, 0.4736495092392686, 0.13939681384725133, 0.3783758153785158, 0.6773767492115979, 0.4365363389673731, 0.1653017834123438, 0.00783923647221818, 0.6066291005666273, 0.653902483698723, 0.6370489469307962, 0.8198479342651506, 0.740754778464427, 0.637001223810797], [0.5173497569424605, 0.8703526891010975, 0.0, 0.3101037632873539, 0.5272534609358794, 0.13698390601599103, 0.298483886124086, 0.67646795823851, 0.42739021832290947, 0.20416369546623248, 0.008117752083540042, 0.60415045373022, 0.6572229858427896, 0.6781484488143159, 0.8053831726422808, 0.7189357097814869, 0.6334976912196453], [0.1719821402544448, 0.8926059108408508, 0.0, 0.24385483792701812, 0.525953295199265, 0.13966444225514843, 0.2398195644101399, 0.6716076020768647, 0.437623568527151, 0.21478979656288666, 0.008006390651371653, 0.6176187232868597, 0.6666789713192498, 0.6908824848110982, 0.8043551481206035, 0.7149468601121298, 0.6340238345526109], [0.6076829802986281, 0.6376073117327747, 0.0, 0.27469459021280457, 0.454094415042517, 0.14146743359912814, 0.34473473448337943, 0.6746348473141588, 0.44188949861800886, 0.1539477409577903, 0.008062078829516484, 0.615500996275737, 0.6740726779574076, 0.6700293714446401, 0.8208220938313274, 0.7441894289918597, 0.6475645728493753], [0.46412445488176646, 0.861355034164011, 0.0, 0.30878474719425314, 0.5241045012517018, 0.1414473910173669, 0.3114680250760166, 0.6733339755223346, 0.4592117750072029, 0.20835422418636518, 0.008673665988278678, 0.6113364130263177, 0.6776952981497958, 0.6861190062067329, 0.8123417946556473, 0.7256932902353077, 0.6399179353558226], [0.6201445326829438, 0.8196604645627289, 0.0, 0.23011239916272214, 0.5137057818410455, 0.13634481537428042, 0.2937415172029077, 0.6767544725098555, 0.41633817948328966, 0.19317464009319396, 0.008117752083540042, 0.5936028700323002, 0.651457758509957, 0.6876884764488981, 0.802840029186893, 0.7184615817869768, 0.6330646970298069], [0.3966259582669869, 0.6007904448263589, 0.0, 0.3047819478925145, 0.44353320531379065, 0.13977912579810042, 0.3163135080879897, 0.6749608697270584, 0.44627715895541664, 0.14752410930040627, 0.00822905385914674, 0.6186890454424803, 0.6606532051261779, 0.6871731368185799, 0.8127553756058189, 0.7323389123353952, 0.6468782738907063], [1.0145725521253652, 0.7202750950601939, 0.0, 0.3569254857606759, 0.4911028405151364, 0.1331601267296793, 0.3603785981409537, 0.681184257841607, 0.4138913773293118, 0.16690101673545255, 0.008117752083540042, 0.5867065541048948, 0.654799262022518, 0.6612642118457794, 0.8008653179768062, 0.7382845455932394, 0.632914825297049]]}