{"labels_1": ["1", "2", "3", "4", "5", "6", "7", "8", "9"], "labels_2": ["1", "2", "3", "4", "5", "6", "7", "8", "9"], "adj_matrix_1": [[0.0, 0.01913, 0.00218, 0.05412, 0.07477, 0.00328, 0.04315, 0.02834, 0.19136], [0.01913, 0.0, 0.01695, 0.07293, 0.09337, 0.01584, 0.0241, 0.00923, 0.17563], [0.00218, 0.01695, 0.0, 0.05627, 0.0769, 0.0011, 0.04098, 0.02617, 0.18959], [0.05412, 0.07293, 0.05627, 0.0, 0.02098, 0.05736, 0.09633, 0.08193, 0.23312], [0.07477, 0.09337, 0.0769, 0.02098, 0.0, 0.07796, 0.11638, 0.10224, 0.2481], [0.00328, 0.01584, 0.0011, 0.05736, 0.07796, 0.0, 0.03988, 0.02506, 0.1886], [0.04315, 0.0241, 0.04098, 0.09633, 0.11638, 0.03988, 0.0, 0.01488, 0.15496], [0.02834, 0.00923, 0.02617, 0.08193, 0.10224, 0.02506, 0.01488, 0.0, 0.16782], [0.19136, 0.17563, 0.18959, 0.23312, 0.2481, 0.1886, 0.15496, 0.16782, 0.0]], "adj_matrix_2": [[0.0, 0.29404, 0.28283, 0.23315, 0.34142, 0.32519, 0.30602, 0.32824, 0.28328], [0.29404, 0.0, 0.01941, 0.08933, 0.17569, 0.22443, 0.02234, 0.07622, 0.01863], [0.28283, 0.01941, 0.0, 0.07058, 0.19064, 0.23596, 0.04167, 0.09482, 0.00078], [0.23315, 0.08933, 0.07058, 0.0, 0.23987, 0.27111, 0.11058, 0.15953, 0.07133], [0.34142, 0.17569, 0.19064, 0.23987, 0.0, 0.07302, 0.15734, 0.10949, 0.19011], [0.32519, 0.22443, 0.23596, 0.27111, 0.07302, 0.0, 0.21037, 0.17126, 0.23552], [0.30602, 0.02234, 0.04167, 0.11058, 0.15734, 0.21037, 0.0, 0.05439, 0.0409], [0.32824, 0.07622, 0.09482, 0.15953, 0.10949, 0.17126, 0.05439, 0.0, 0.0941], [0.28328, 0.01863, 0.00078, 0.07133, 0.19011, 0.23552, 0.0409, 0.0941, 0.0]], "features_1": [[0.1484211881467674, 0.8698539567764555, 0.0, 0.23305864558529807, 0.4985955681086587, 0.1441152610221716, 0.190274637905906, 0.6603748472341351, 0.4549840909374976, 0.21583948914457296, 0.008284682400665488, 0.62873124079462, 0.6379572585538172, 0.6686275633856267, 0.79580973627509, 0.7333903478849132, 0.6168370858825258], [0.12802550848927785, 0.7313949294613286, 0.0, 0.23795997869450053, 0.4722135910275763, 0.1370470821508853, 0.3456182871294047, 0.6737969389441278, 0.41527234380695877, 0.17743938710262963, 0.007950687539111767, 0.6161717810588865, 0.6505945148011818, 0.6678093767747729, 0.7918819889058605, 0.7219115200445148, 0.6057199814938352], [0.2264023087961542, 0.8704687328393028, 0.0, 0.25507052789261236, 0.5127266899457237, 0.1387825761389099, 0.30272805959195137, 0.6711583500290197, 0.4222498029432078, 0.2076835777685544, 0.008173410423425675, 0.6198856223695839, 0.645281484149361, 0.6750240828795046, 0.7939633932328098, 0.7371564440320001, 0.6157906267936036], [-0.07532282011418934, 0.8598942766468588, 0.0, 0.24985244275504473, 0.5091420883985673, 0.13935818660881452, 0.3299521538462912, 0.6708129447763839, 0.41970646505783016, 0.20861794106303577, 0.007671947615560004, 0.6226612694497229, 0.6659645236521462, 0.6924351833778555, 0.7946702535667264, 0.7190769207650148, 0.6142075481911504], [-0.0017845955276452052, 0.7333450166465874, 0.0, 0.23437637051615476, 0.4767603069590889, 0.13505379969363876, 0.4484466558241117, 0.6767860733429389, 0.38971628146194526, 0.17434011528729276, 0.007616154688146137, 0.6185511362952956, 0.652333414867676, 0.6762992855841182, 0.7875199660149141, 0.7336179719673313, 0.5958228362472368], [0.3125319840778302, 0.962078836905585, 0.0, 0.2626066179148457, 0.5336134938646803, 0.14164459975028315, 0.2863087403499776, 0.6680824367647924, 0.43581352575146415, 0.2305361750637318, 0.008173410423425675, 0.6191983707513677, 0.6481208375771452, 0.6882141660900098, 0.7995565458460041, 0.7344892698706145, 0.6210490832965054], [-0.04361353964944481, 0.8153004305294196, 0.0, 0.2410768616034147, 0.5073433586719623, 0.13564417713728172, 0.62571715646067, 0.6794202646768743, 0.3880985793695677, 0.19198498398309805, 0.007671947615560004, 0.6213349408331887, 0.6647142518872196, 0.6922084022438325, 0.7935787455082295, 0.7170728746151389, 0.593537576231169], [0.06500318569261232, 0.7576882045956413, 0.0, 0.24234789969988269, 0.498153326942139, 0.13040425497144884, 0.5658777156228474, 0.6837477417707776, 0.3805395125872124, 0.17581926073453413, 0.007671947615560004, 0.6108522830996284, 0.653546059175312, 0.6907787584001908, 0.789498084366241, 0.716293840693649, 0.584954493975876], [0.17749716537441662, 0.747728563258864, 0.0, 0.25001661918009177, 0.4970179120163952, 0.131844272082167, 0.590761862643209, 0.6834872375048915, 0.3853640973974122, 0.1746172749772228, 0.007560346756364078, 0.6029419916224024, 0.6572984777470462, 0.7010544612031429, 0.7948624270505079, 0.7119719798394656, 0.5888255305583391]], "features_2": [[-0.37755808647465194, 0.7804384192510148, 0.0, 0.2395083727445554, 0.4855269920832452, 0.1379415842676293, 0.15506814334180347, 0.6694168478340483, 0.42520079272049593, 0.19431149344149623, 0.008117752083540042, 0.6363651123288441, 0.6556944248373603, 0.6814493867015997, 0.7887953361211625, 0.7035019362163365, 0.5944805406927487], [0.3294467376845467, 0.6140982351218176, 0.0, 0.29439326079112965, 0.44654556590587297, 0.1307377260276108, 0.3285256400409217, 0.6821737417985194, 0.3963376612955427, 0.14342218498833503, 0.007560346756364078, 0.6012140774238834, 0.6616955270336428, 0.6823187395291499, 0.7939483702862989, 0.7103523765502524, 0.6008598678319811], [0.1148049130323936, 0.8330307168254615, 0.0, 0.2856647978356438, 0.5085862828610076, 0.13397128256203822, 0.20894454755046682, 0.6761433915173296, 0.41325644683610663, 0.19831978740182965, 0.00822905385914674, 0.6107915487715179, 0.638576903741774, 0.6738248939077836, 0.7867809933494052, 0.6990549139059491, 0.5953261970979158], [-0.08440196861070737, 0.843347427291158, 0.0, 0.25535879265772754, 0.5109201482299713, 0.13329334865791062, 0.18697489579123355, 0.676094453745425, 0.41069415701796963, 0.20059270737964296, 0.008340296057933516, 0.6230648594183159, 0.639900207758043, 0.674460203409492, 0.7821390187384927, 0.6934083284728285, 0.5931982136758359], [0.9265143352610976, 0.6364188419625868, 0.0, 0.3303783334061968, 0.4634925977640084, 0.12705663634726877, 0.4073134237155848, 0.6857740317306418, 0.39037695092206315, 0.14359511303854156, 0.00783923647221818, 0.5848489696034327, 0.6502148326667248, 0.679155942294951, 0.7888410879761787, 0.712189166707601, 0.5864988344166661], [0.8940336095678965, 0.913985559791868, 0.0, 0.2951527333709572, 0.5332976247444955, 0.13410700799984293, 0.25675048330901545, 0.6775218097068885, 0.4175780182084594, 0.21044871252825104, 0.007894969482732161, 0.5859716900826204, 0.6419935196750062, 0.6600868234300515, 0.7907223218447194, 0.7113422056198194, 0.5940797513314942], [0.37479313446776974, 0.850640718695395, 0.0, 0.2549194133622518, 0.5181387947148051, 0.13063632060302235, 0.22943926246937707, 0.6790681437741606, 0.39119364480601226, 0.19448707004478294, 0.007950687539111767, 0.6017855611328136, 0.635285547587011, 0.6452999118034488, 0.7766735987153639, 0.6983600007239474, 0.5969448578535478], [0.6579725424981149, 0.6975212968915191, 0.0, 0.278938139535383, 0.4928098516715026, 0.1225312028566157, 0.42296129655802017, 0.6884126629004138, 0.3640938923538066, 0.15126893393027596, 0.00716927026363523, 0.5926099621000782, 0.6370022642794627, 0.6510038751700754, 0.7769189842488503, 0.7261386138835048, 0.5680751557080722], [0.5579390975330627, 0.7765968542123277, 0.0, 0.25061742067364506, 0.5070770325197331, 0.12536439106829894, 0.3107236803492768, 0.6846158466623237, 0.369813937910209, 0.1702710129088998, 0.007504523810135222, 0.5976287640564486, 0.6435649766395023, 0.6442181326947017, 0.7691648843705317, 0.7219619393503085, 0.5864713020352931]]}