{"labels_1": ["1", "2", "3", "4", "5", "6", "7", "8", "9"], "labels_2": ["1", "2", "3", "4", "5", "6", "7", "8", "9"], "adj_matrix_1": [[0.0, 0.36569, 0.24394, 0.34413, 0.34108, 0.26451, 0.35854, 0.3495, 0.25259], [0.36569, 0.0, 0.31007, 0.23339, 0.23724, 0.29944, 0.21218, 0.22612, 0.30589], [0.24394, 0.31007, 0.0, 0.14353, 0.13827, 0.02565, 0.17126, 0.15362, 0.01066], [0.34413, 0.23339, 0.14353, 0.0, 0.00572, 0.11957, 0.031, 0.01114, 0.13364], [0.34108, 0.23724, 0.13827, 0.00572, 0.0, 0.11416, 0.03669, 0.01686, 0.12833], [0.26451, 0.29944, 0.02565, 0.11957, 0.11416, 0.0, 0.14819, 0.12995, 0.015], [0.35854, 0.21218, 0.17126, 0.031, 0.03669, 0.14819, 0.0, 0.01989, 0.16176], [0.3495, 0.22612, 0.15362, 0.01114, 0.01686, 0.12995, 0.01989, 0.0, 0.14388], [0.25259, 0.30589, 0.01066, 0.13364, 0.12833, 0.015, 0.16176, 0.14388, 0.0]], "adj_matrix_2": [[0.0, 0.03998, 0.17065, 0.0388, 0.19513, 0.25843, 0.26672, 0.18244, 0.25716], [0.03998, 0.0, 0.19421, 0.07735, 0.21393, 0.25778, 0.26191, 0.20388, 0.25728], [0.17065, 0.19421, 0.0, 0.14218, 0.03696, 0.17016, 0.19753, 0.01718, 0.16591], [0.0388, 0.07735, 0.14218, 0.0, 0.17076, 0.25216, 0.26466, 0.15578, 0.25017], [0.19513, 0.21393, 0.03696, 0.17076, 0.0, 0.13942, 0.16944, 0.01988, 0.13489], [0.25843, 0.25778, 0.17016, 0.25216, 0.13942, 0.0, 0.03517, 0.15621, 0.00523], [0.26672, 0.26191, 0.19753, 0.26466, 0.16944, 0.03517, 0.0, 0.18487, 0.04036], [0.18244, 0.20388, 0.01718, 0.15578, 0.01988, 0.15621, 0.18487, 0.0, 0.1519], [0.25716, 0.25728, 0.16591, 0.25017, 0.13489, 0.00523, 0.04036, 0.1519, 0.0]], "features_1": [[-0.3161600284614079, 0.7825785105050485, 0.0, 0.23120220770311484, 0.4986025502131929, 0.12956158230250905, 0.2330008012617725, 0.6807350581970328, 0.35761050965201524, 0.18066712329332013, 0.007225183508792421, 0.6377051533973637, 0.6586115285554005, 0.6750678969762555, 0.7789026586794137, 0.6950313852548713, 0.5779618635783758], [0.16166088769450715, 0.6408911657823749, 0.0, 0.26126321358076193, 0.46572675428687693, 0.12405984790429288, 0.3322747583761519, 0.6866018202692712, 0.3436250538128589, 0.14143721604241555, 0.007001439975721224, 0.5947386199450269, 0.6509033488961252, 0.6787512066549377, 0.7763331079650599, 0.6853286667999419, 0.5884819282117486], [-0.055867454213538004, 0.7502692850972705, 0.0, 0.2525511208688739, 0.49734488980414326, 0.12592917086321345, 0.2733385672331224, 0.6843252489602312, 0.35015923839834806, 0.1669410327096399, 0.007225183508792421, 0.6178463515802846, 0.6394413668976822, 0.658053726256455, 0.7738513460545542, 0.7062132786421743, 0.5833872960491481], [0.20963752971165706, 0.8218576239830446, 0.0, 0.2537333143805778, 0.5122158692057743, 0.129037963791195, 0.31329548766932974, 0.6817056501399139, 0.35026197047154795, 0.18219695103371758, 0.007281081678807366, 0.6083685224389563, 0.6397412007118793, 0.6523205429860466, 0.7778027570415711, 0.7093092510561699, 0.5917793810595214], [0.03092672102683114, 0.6849963362117293, 0.0, 0.25317370674766887, 0.4826003908709922, 0.12352365547136174, 0.3594234763699049, 0.6873860631557681, 0.3409370919072803, 0.15089635984759875, 0.00711334193318236, 0.6029132648653053, 0.6654816260325147, 0.6771994627186488, 0.7781577961844349, 0.6951647031065388, 0.5822567015391965], [-0.07806385160335694, 0.7915588117538728, 0.0, 0.25127045029098233, 0.5062775025140241, 0.13014599199963492, 0.31171397561987674, 0.6819254195579794, 0.3737777492379284, 0.18030115772217914, 0.007504523810135222, 0.6161509126807756, 0.6505668202508706, 0.6736560737531009, 0.787776954641453, 0.7040211661934709, 0.5919967239167061], [-0.1441999819895785, 0.8286743901276958, 0.0, 0.253542673042931, 0.5190347381183713, 0.12502151395199923, 0.38184185545429444, 0.6852724648270411, 0.332609304965356, 0.1814135792204774, 0.006721420376576193, 0.6082838781344972, 0.631982502247581, 0.6527940759706066, 0.7656981798338328, 0.6823006154633054, 0.5628617066677769], [-0.16450332744280072, 0.6849137273134762, 0.0, 0.218228887857648, 0.48423473276928874, 0.12273218508096517, 0.34042101770676536, 0.6875956759298085, 0.338367484744567, 0.1505402340379769, 0.00711334193318236, 0.6101194711835602, 0.6553245429669176, 0.6779821913629914, 0.7743811092545845, 0.6903355899512085, 0.5627774679546249], [-0.14253302568414306, 0.6988733627964986, 0.0, 0.20361580532835463, 0.4864151924687018, 0.1228663857330522, 0.3519142239449081, 0.6875169317541838, 0.3465031031792456, 0.1545105609320201, 0.007392832833969631, 0.6109629762829385, 0.6418864155298794, 0.666922940969776, 0.7736823962320276, 0.6838811255611319, 0.5513401439241565]], "features_2": [[0.7302105413759734, 0.912255630579097, 0.0, 0.29820112695875806, 0.5478846775707689, 0.12816428728319332, 0.5398185531485253, 0.6858026964011638, 0.3776093694305682, 0.20255358520370637, 0.007448685839370306, 0.5836315215849999, 0.6602446413982365, 0.6780704616665792, 0.7935092804414583, 0.7113723742294169, 0.6041262898153187], [1.6465656037860947, 0.8025154357078138, 0.0, 0.3318551006343266, 0.5306752209828024, 0.1170242230244533, 0.6407760543717977, 0.6911703847764343, 0.32447391112679624, 0.15986399549288666, 0.007001439975721224, 0.5616634211984879, 0.6085907952451306, 0.616916304487732, 0.7652498452948012, 0.6793615984479892, 0.5864212805945483], [1.1941736768953328, 0.9627794812326836, 0.0, 0.3290735667100521, 0.5737778691453514, 0.11639048925392723, 0.618073983847966, 0.6914027110985352, 0.3259149346003787, 0.19292316845714175, 0.006889477554966383, 0.5727573270886965, 0.6287489995980893, 0.62945524591546, 0.764956496661487, 0.6859173709245295, 0.5842479460545867], [1.2569561494623596, 0.956946497668709, 0.0, 0.33433281213387056, 0.5690194754278025, 0.11888761568146766, 0.590172448443741, 0.6904451916821042, 0.3376236834593005, 0.19521417588423495, 0.006889477554966383, 0.5715245663801043, 0.6209864212121916, 0.6277508425136709, 0.7714362052881073, 0.6995820143959445, 0.5902678450970279], [1.0561564480134988, 0.7638388620898209, 0.0, 0.2914436998763858, 0.5136359708401567, 0.1199034004062899, 0.525765452453632, 0.6894221870083971, 0.3386224257666728, 0.15686295653544025, 0.007336964783822175, 0.5738210170823892, 0.6282677791276371, 0.6412218359843302, 0.7694645201294583, 0.6947414923992383, 0.5801315416919927], [0.6216516320250833, 0.976459398286982, 0.0, 0.2977997507195835, 0.5748597735790131, 0.11857290348102247, 0.6427036975138855, 0.6908907343307003, 0.32990440532016807, 0.19911063615848068, 0.007336964783822175, 0.5859282864751507, 0.6361420324291183, 0.6514477460127303, 0.7722059294900323, 0.7102254415125993, 0.5650549739902494], [0.5033672270227285, 0.9220421378971068, 0.0, 0.28914476211560475, 0.558316613922158, 0.11611184796876575, 0.6330458493933137, 0.6911106436389987, 0.31884197954252547, 0.1869849381362143, 0.00677745458930179, 0.5872129581112491, 0.637095568387389, 0.6475332207882563, 0.7626898733743485, 0.6892918837222817, 0.5526585902208173], [0.24964374979561477, 0.7508766597685153, 0.0, 0.22105093948238091, 0.4984785180442969, 0.12242638872640216, 0.33581555393558915, 0.6868432116763179, 0.33940857389480716, 0.1596993411627925, 0.0069454663283523566, 0.5948935929380852, 0.6299446108544531, 0.6400567987722753, 0.7703821993191974, 0.6832136661351105, 0.5346798186191721], [0.22395268055792616, 0.805741356017031, 0.0, 0.22783483043116665, 0.519122935280185, 0.1176300535793237, 0.41180996469331105, 0.6895808657516137, 0.3214529190577671, 0.16590087935824416, 0.007001439975721224, 0.5900131277388141, 0.6426455286969623, 0.6499890201296246, 0.761795003968822, 0.6936610062743976, 0.522950231243833]]}