{"labels_1": ["1", "2", "3", "4", "5", "6", "7", "8", "9"], "labels_2": ["1", "2", "3", "4", "5", "6", "7", "8", "9"], "adj_matrix_1": [[0.0, 0.01913, 0.00218, 0.05412, 0.07477, 0.00328, 0.04315, 0.02834, 0.19136], [0.01913, 0.0, 0.01695, 0.07293, 0.09337, 0.01584, 0.0241, 0.00923, 0.17563], [0.00218, 0.01695, 0.0, 0.05627, 0.0769, 0.0011, 0.04098, 0.02617, 0.18959], [0.05412, 0.07293, 0.05627, 0.0, 0.02098, 0.05736, 0.09633, 0.08193, 0.23312], [0.07477, 0.09337, 0.0769, 0.02098, 0.0, 0.07796, 0.11638, 0.10224, 0.2481], [0.00328, 0.01584, 0.0011, 0.05736, 0.07796, 0.0, 0.03988, 0.02506, 0.1886], [0.04315, 0.0241, 0.04098, 0.09633, 0.11638, 0.03988, 0.0, 0.01488, 0.15496], [0.02834, 0.00923, 0.02617, 0.08193, 0.10224, 0.02506, 0.01488, 0.0, 0.16782], [0.19136, 0.17563, 0.18959, 0.23312, 0.2481, 0.1886, 0.15496, 0.16782, 0.0]], "adj_matrix_2": [[0.0, 0.00818, 0.06222, 0.05203, 0.11481, 0.24308, 0.10724, 0.18573, 0.21543], [0.00818, 0.0, 0.07024, 0.06009, 0.12245, 0.24804, 0.11494, 0.19235, 0.22135], [0.06222, 0.07024, 0.0, 0.01036, 0.05463, 0.20147, 0.04662, 0.13237, 0.16708], [0.05203, 0.06009, 0.01036, 0.0, 0.0648, 0.20889, 0.05684, 0.1416, 0.17556], [0.11481, 0.12245, 0.05463, 0.0648, 0.0, 0.15882, 0.00813, 0.08128, 0.11938], [0.24308, 0.24804, 0.20147, 0.20889, 0.15882, 0.0, 0.16546, 0.0854, 0.04582], [0.10724, 0.11494, 0.04662, 0.05684, 0.00813, 0.16546, 0.0, 0.08904, 0.1267], [0.18573, 0.19235, 0.13237, 0.1416, 0.08128, 0.0854, 0.08904, 0.0, 0.04077], [0.21543, 0.22135, 0.16708, 0.17556, 0.11938, 0.04582, 0.1267, 0.04077, 0.0]], "features_1": [[0.1484211881467674, 0.8698539567764555, 0.0, 0.23305864558529807, 0.4985955681086587, 0.1441152610221716, 0.190274637905906, 0.6603748472341351, 0.4549840909374976, 0.21583948914457296, 0.008284682400665488, 0.62873124079462, 0.6379572585538172, 0.6686275633856267, 0.79580973627509, 0.7333903478849132, 0.6168370858825258], [0.12802550848927785, 0.7313949294613286, 0.0, 0.23795997869450053, 0.4722135910275763, 0.1370470821508853, 0.3456182871294047, 0.6737969389441278, 0.41527234380695877, 0.17743938710262963, 0.007950687539111767, 0.6161717810588865, 0.6505945148011818, 0.6678093767747729, 0.7918819889058605, 0.7219115200445148, 0.6057199814938352], [0.2264023087961542, 0.8704687328393028, 0.0, 0.25507052789261236, 0.5127266899457237, 0.1387825761389099, 0.30272805959195137, 0.6711583500290197, 0.4222498029432078, 0.2076835777685544, 0.008173410423425675, 0.6198856223695839, 0.645281484149361, 0.6750240828795046, 0.7939633932328098, 0.7371564440320001, 0.6157906267936036], [-0.07532282011418934, 0.8598942766468588, 0.0, 0.24985244275504473, 0.5091420883985673, 0.13935818660881452, 0.3299521538462912, 0.6708129447763839, 0.41970646505783016, 0.20861794106303577, 0.007671947615560004, 0.6226612694497229, 0.6659645236521462, 0.6924351833778555, 0.7946702535667264, 0.7190769207650148, 0.6142075481911504], [-0.0017845955276452052, 0.7333450166465874, 0.0, 0.23437637051615476, 0.4767603069590889, 0.13505379969363876, 0.4484466558241117, 0.6767860733429389, 0.38971628146194526, 0.17434011528729276, 0.007616154688146137, 0.6185511362952956, 0.652333414867676, 0.6762992855841182, 0.7875199660149141, 0.7336179719673313, 0.5958228362472368], [0.3125319840778302, 0.962078836905585, 0.0, 0.2626066179148457, 0.5336134938646803, 0.14164459975028315, 0.2863087403499776, 0.6680824367647924, 0.43581352575146415, 0.2305361750637318, 0.008173410423425675, 0.6191983707513677, 0.6481208375771452, 0.6882141660900098, 0.7995565458460041, 0.7344892698706145, 0.6210490832965054], [-0.04361353964944481, 0.8153004305294196, 0.0, 0.2410768616034147, 0.5073433586719623, 0.13564417713728172, 0.62571715646067, 0.6794202646768743, 0.3880985793695677, 0.19198498398309805, 0.007671947615560004, 0.6213349408331887, 0.6647142518872196, 0.6922084022438325, 0.7935787455082295, 0.7170728746151389, 0.593537576231169], [0.06500318569261232, 0.7576882045956413, 0.0, 0.24234789969988269, 0.498153326942139, 0.13040425497144884, 0.5658777156228474, 0.6837477417707776, 0.3805395125872124, 0.17581926073453413, 0.007671947615560004, 0.6108522830996284, 0.653546059175312, 0.6907787584001908, 0.789498084366241, 0.716293840693649, 0.584954493975876], [0.17749716537441662, 0.747728563258864, 0.0, 0.25001661918009177, 0.4970179120163952, 0.131844272082167, 0.590761862643209, 0.6834872375048915, 0.3853640973974122, 0.1746172749772228, 0.007560346756364078, 0.6029419916224024, 0.6572984777470462, 0.7010544612031429, 0.7948624270505079, 0.7119719798394656, 0.5888255305583391]], "features_2": [[0.054918273092084746, 0.9918481855818111, 0.0, 0.19893896141466486, 0.5193570478973515, 0.15216191631758824, 0.254298108877591, 0.6488622861019391, 0.48335383491536477, 0.24920534703531172, 0.008284682400665488, 0.63019837033618, 0.6647480058331338, 0.7100993510435566, 0.8063545454075368, 0.7269622384293283, 0.6184872272972398], [-0.10326980574158462, 0.8411813118803707, 0.0, 0.21651438775616627, 0.49120746519874403, 0.14949808898784872, 0.417515316419972, 0.6599815951020733, 0.4671047760863658, 0.21518893934740446, 0.008618141428105908, 0.6304737090508734, 0.662311090131382, 0.7147796681284662, 0.8102177111706519, 0.7336436946690625, 0.6062275191062734], [-0.024735744748347166, 0.9318910462080959, 0.0, 0.22766749266766076, 0.5217276972577061, 0.14845635534761084, 0.4270776801826635, 0.6621296161913466, 0.4597905632737844, 0.23148161634918463, 0.008284682400665488, 0.624785897810181, 0.6705074105350773, 0.6986712533368006, 0.8086265764512285, 0.7203879828379783, 0.6208772847051502], [-0.011049187680806316, 0.9245644945147821, 0.0, 0.21189033528497037, 0.5190061672627702, 0.14819040394752417, 0.34704350544570983, 0.6612252470977926, 0.4685911027026828, 0.23137369692271736, 0.008284682400665488, 0.6227557018733774, 0.6658744165451571, 0.7060230528136513, 0.8093208465659831, 0.7210832412796709, 0.6277263523241602], [-0.1316563419680885, 0.8786463891965038, 0.0, 0.21428351304051899, 0.5034680094299822, 0.14971872099371786, 0.4813880797690736, 0.6608045242827919, 0.46851185222433944, 0.22392599918389755, 0.008618141428105908, 0.6286671153091934, 0.6701245507351873, 0.7195286277594001, 0.8085497390469103, 0.7336239255159347, 0.6089039470970907], [-0.07586560353485838, 0.9536028521671209, 0.0, 0.20725468102003652, 0.5341730249046611, 0.14805690473406974, 0.5816516098354093, 0.6678315370784607, 0.4586214552553558, 0.23584176843687432, 0.008451478759474051, 0.6145383786247431, 0.6769528585704715, 0.7043458337326463, 0.8122928944229041, 0.7141759760508386, 0.6195386291143655], [-0.18553996975541942, 0.9493458311513991, 0.0, 0.21262288740255197, 0.5245828056620414, 0.1482599048816618, 0.43224575565096474, 0.6623639898868795, 0.4626818173724834, 0.23726974762412878, 0.008507047823598457, 0.6230390831911443, 0.6623992778931943, 0.6961547016239006, 0.8078837759252911, 0.7196108711139677, 0.6187791849906357], [0.010694580187902591, 0.8671965182108372, 0.0, 0.20045409798781075, 0.5090012905812503, 0.14597265179154137, 0.5299470963730165, 0.6674334026731275, 0.4376607221882862, 0.21490975097637643, 0.00822905385914674, 0.6081433124046276, 0.6447292679456829, 0.6940039562799271, 0.805253774405062, 0.7256765036295714, 0.6188239821674606], [0.14285541138057223, 0.8750128102407386, 0.0, 0.20006434560843966, 0.5157851086045978, 0.1449625874472888, 0.5805584276741946, 0.6706375420968385, 0.44263258322270027, 0.2136634061877536, 0.00822905385914674, 0.6077233686844368, 0.6570145190683858, 0.6786391540703667, 0.8070518198546641, 0.7282545641716739, 0.6264401410763838]]}