{"labels_1": ["1", "2", "3", "4", "5", "6", "7", "8", "9"], "labels_2": ["1", "2", "3", "4", "5", "6", "7", "8", "9"], "adj_matrix_1": [[0.0, 0.01913, 0.00218, 0.05412, 0.07477, 0.00328, 0.04315, 0.02834, 0.19136], [0.01913, 0.0, 0.01695, 0.07293, 0.09337, 0.01584, 0.0241, 0.00923, 0.17563], [0.00218, 0.01695, 0.0, 0.05627, 0.0769, 0.0011, 0.04098, 0.02617, 0.18959], [0.05412, 0.07293, 0.05627, 0.0, 0.02098, 0.05736, 0.09633, 0.08193, 0.23312], [0.07477, 0.09337, 0.0769, 0.02098, 0.0, 0.07796, 0.11638, 0.10224, 0.2481], [0.00328, 0.01584, 0.0011, 0.05736, 0.07796, 0.0, 0.03988, 0.02506, 0.1886], [0.04315, 0.0241, 0.04098, 0.09633, 0.11638, 0.03988, 0.0, 0.01488, 0.15496], [0.02834, 0.00923, 0.02617, 0.08193, 0.10224, 0.02506, 0.01488, 0.0, 0.16782], [0.19136, 0.17563, 0.18959, 0.23312, 0.2481, 0.1886, 0.15496, 0.16782, 0.0]], "adj_matrix_2": [[0.0, 0.34941, 0.11336, 0.26449, 0.36398, 0.05915, 0.06721, 0.11456, 0.38844], [0.34941, 0.0, 0.3745, 0.23121, 0.02748, 0.36787, 0.31548, 0.28336, 0.0779], [0.11336, 0.3745, 0.0, 0.23423, 0.38224, 0.05642, 0.1733, 0.2128, 0.39451], [0.26449, 0.23121, 0.23423, 0.0, 0.22627, 0.25273, 0.27069, 0.2711, 0.2173], [0.36398, 0.02748, 0.38224, 0.22627, 0.0, 0.37897, 0.33363, 0.30381, 0.05063], [0.05915, 0.36787, 0.05642, 0.25273, 0.37897, 0.0, 0.12384, 0.16798, 0.39723], [0.06721, 0.31548, 0.1733, 0.27069, 0.33363, 0.12384, 0.0, 0.0491, 0.36478], [0.11456, 0.28336, 0.2128, 0.2711, 0.30381, 0.16798, 0.0491, 0.0, 0.33939], [0.38844, 0.0779, 0.39451, 0.2173, 0.05063, 0.39723, 0.36478, 0.33939, 0.0]], "features_1": [[0.1484211881467674, 0.8698539567764555, 0.0, 0.23305864558529807, 0.4985955681086587, 0.1441152610221716, 0.190274637905906, 0.6603748472341351, 0.4549840909374976, 0.21583948914457296, 0.008284682400665488, 0.62873124079462, 0.6379572585538172, 0.6686275633856267, 0.79580973627509, 0.7333903478849132, 0.6168370858825258], [0.12802550848927785, 0.7313949294613286, 0.0, 0.23795997869450053, 0.4722135910275763, 0.1370470821508853, 0.3456182871294047, 0.6737969389441278, 0.41527234380695877, 0.17743938710262963, 0.007950687539111767, 0.6161717810588865, 0.6505945148011818, 0.6678093767747729, 0.7918819889058605, 0.7219115200445148, 0.6057199814938352], [0.2264023087961542, 0.8704687328393028, 0.0, 0.25507052789261236, 0.5127266899457237, 0.1387825761389099, 0.30272805959195137, 0.6711583500290197, 0.4222498029432078, 0.2076835777685544, 0.008173410423425675, 0.6198856223695839, 0.645281484149361, 0.6750240828795046, 0.7939633932328098, 0.7371564440320001, 0.6157906267936036], [-0.07532282011418934, 0.8598942766468588, 0.0, 0.24985244275504473, 0.5091420883985673, 0.13935818660881452, 0.3299521538462912, 0.6708129447763839, 0.41970646505783016, 0.20861794106303577, 0.007671947615560004, 0.6226612694497229, 0.6659645236521462, 0.6924351833778555, 0.7946702535667264, 0.7190769207650148, 0.6142075481911504], [-0.0017845955276452052, 0.7333450166465874, 0.0, 0.23437637051615476, 0.4767603069590889, 0.13505379969363876, 0.4484466558241117, 0.6767860733429389, 0.38971628146194526, 0.17434011528729276, 0.007616154688146137, 0.6185511362952956, 0.652333414867676, 0.6762992855841182, 0.7875199660149141, 0.7336179719673313, 0.5958228362472368], [0.3125319840778302, 0.962078836905585, 0.0, 0.2626066179148457, 0.5336134938646803, 0.14164459975028315, 0.2863087403499776, 0.6680824367647924, 0.43581352575146415, 0.2305361750637318, 0.008173410423425675, 0.6191983707513677, 0.6481208375771452, 0.6882141660900098, 0.7995565458460041, 0.7344892698706145, 0.6210490832965054], [-0.04361353964944481, 0.8153004305294196, 0.0, 0.2410768616034147, 0.5073433586719623, 0.13564417713728172, 0.62571715646067, 0.6794202646768743, 0.3880985793695677, 0.19198498398309805, 0.007671947615560004, 0.6213349408331887, 0.6647142518872196, 0.6922084022438325, 0.7935787455082295, 0.7170728746151389, 0.593537576231169], [0.06500318569261232, 0.7576882045956413, 0.0, 0.24234789969988269, 0.498153326942139, 0.13040425497144884, 0.5658777156228474, 0.6837477417707776, 0.3805395125872124, 0.17581926073453413, 0.007671947615560004, 0.6108522830996284, 0.653546059175312, 0.6907787584001908, 0.789498084366241, 0.716293840693649, 0.584954493975876], [0.17749716537441662, 0.747728563258864, 0.0, 0.25001661918009177, 0.4970179120163952, 0.131844272082167, 0.590761862643209, 0.6834872375048915, 0.3853640973974122, 0.1746172749772228, 0.007560346756364078, 0.6029419916224024, 0.6572984777470462, 0.7010544612031429, 0.7948624270505079, 0.7119719798394656, 0.5888255305583391]], "features_2": [[0.2845977038372953, 0.9639416014611865, 0.0, 0.2298079534615874, 0.5396609972916752, 0.13393180103665056, 0.3353462284653389, 0.6770539450580569, 0.382214657735493, 0.2204310132873264, 0.007783488497544067, 0.6090813646068343, 0.6587444856244381, 0.6935268072649158, 0.791419646076444, 0.7197181090464261, 0.577678613956826], [-0.2627669519359803, 0.7440566949091437, 0.0, 0.19898788971539422, 0.4806226078198415, 0.13562400742022915, 0.2977413470237934, 0.6752856521001329, 0.3972152605217836, 0.18008452415231258, 0.008006390651371653, 0.6382559171094224, 0.6565724065653703, 0.6758708196899866, 0.7957511013038985, 0.7206731556830166, 0.5868340829798082], [0.2100449292881259, 0.8329885013878581, 0.0, 0.22698765985413227, 0.5145493308883252, 0.13106932958319695, 0.3079875802041137, 0.6802106009960383, 0.37874363398577127, 0.19255619167122062, 0.007336964783822175, 0.6024205041419548, 0.6569282760889384, 0.6749844916557308, 0.7889509453740878, 0.7024327635583647, 0.5801150795003683], [1.1292375193740263, 0.833427944677816, 0.0, 0.291057515001782, 0.5155342525818781, 0.12887943605614435, 0.3255624990644307, 0.6822043569492917, 0.372667427252664, 0.1857938341913159, 0.007783488497544067, 0.5768249615736916, 0.6462265192738356, 0.6708716949784216, 0.7848924760302066, 0.7209156144865121, 0.5618952253304175], [-0.3464780434716115, 0.7772282344707511, 0.0, 0.21387571733268598, 0.4928636657839406, 0.13364807234933926, 0.27101440576101227, 0.6769340088169401, 0.3954068697265338, 0.18711497752622464, 0.008006390651371653, 0.6415680182035386, 0.6675648368642435, 0.6945821069074621, 0.7908461790645528, 0.7094813989468428, 0.5824539918919465], [-0.017541732189524595, 0.795257237351023, 0.0, 0.23144550641489015, 0.5075481078032879, 0.1313802186376364, 0.401280792220129, 0.6825182794142797, 0.3936630802332941, 0.18730140633683723, 0.007448685839370306, 0.613940177972234, 0.6705711135306973, 0.6998425666429302, 0.8008916162758185, 0.7278965651721672, 0.5814927175951434], [0.25067967467639285, 0.8527264838173013, 0.0, 0.23242507671964066, 0.5203199215738354, 0.1273675603413909, 0.23542205844294273, 0.6820123452091728, 0.35609040000368, 0.1892915728118667, 0.007225183508792421, 0.604055712882968, 0.6288828696014014, 0.645862397393722, 0.7706432449537358, 0.692342456460399, 0.5557456879424058], [-0.2925122527938169, 0.7099560381446418, 0.0, 0.2534436821201334, 0.4904505955613998, 0.12307056632460178, 0.3490592192908558, 0.6873882497352136, 0.34366459035708896, 0.15829622448266156, 0.007281081678807366, 0.6181236756584048, 0.6500121602027065, 0.6697238156098245, 0.7767541989292426, 0.6775001477121007, 0.5640192415646711], [-0.5885432503150376, 0.7151530861796506, 0.0, 0.19516353679287082, 0.4868677287862606, 0.12491795167172255, 0.29761542930411766, 0.6854001585538891, 0.3453529101695507, 0.16326898470070605, 0.007281081678807366, 0.6409468847145621, 0.6580947287759719, 0.6853639388345097, 0.7756218187499774, 0.6735088168825777, 0.5663790789144364]]}