{"labels_1": ["1", "2", "3", "4", "5", "6", "7", "8", "9"], "labels_2": ["1", "2", "3", "4", "5", "6", "7", "8", "9"], "adj_matrix_1": [[0.0, 0.01913, 0.00218, 0.05412, 0.07477, 0.00328, 0.04315, 0.02834, 0.19136], [0.01913, 0.0, 0.01695, 0.07293, 0.09337, 0.01584, 0.0241, 0.00923, 0.17563], [0.00218, 0.01695, 0.0, 0.05627, 0.0769, 0.0011, 0.04098, 0.02617, 0.18959], [0.05412, 0.07293, 0.05627, 0.0, 0.02098, 0.05736, 0.09633, 0.08193, 0.23312], [0.07477, 0.09337, 0.0769, 0.02098, 0.0, 0.07796, 0.11638, 0.10224, 0.2481], [0.00328, 0.01584, 0.0011, 0.05736, 0.07796, 0.0, 0.03988, 0.02506, 0.1886], [0.04315, 0.0241, 0.04098, 0.09633, 0.11638, 0.03988, 0.0, 0.01488, 0.15496], [0.02834, 0.00923, 0.02617, 0.08193, 0.10224, 0.02506, 0.01488, 0.0, 0.16782], [0.19136, 0.17563, 0.18959, 0.23312, 0.2481, 0.1886, 0.15496, 0.16782, 0.0]], "adj_matrix_2": [[0.0, 0.22335, 0.11006, 0.24455, 0.03604, 0.24628, 0.2511, 0.14011, 0.13515], [0.22335, 0.0, 0.29736, 0.33382, 0.19369, 0.33338, 0.33178, 0.31239, 0.09963], [0.11006, 0.29736, 0.0, 0.16608, 0.14326, 0.16878, 0.17656, 0.03297, 0.22853], [0.24455, 0.33382, 0.16608, 0.0, 0.26452, 0.00347, 0.01375, 0.1385, 0.3079], [0.03604, 0.19369, 0.14326, 0.26452, 0.0, 0.26589, 0.26974, 0.17167, 0.10115], [0.24628, 0.33338, 0.16878, 0.00347, 0.26589, 0.0, 0.01029, 0.14142, 0.30833], [0.2511, 0.33178, 0.17656, 0.01375, 0.26974, 0.01029, 0.0, 0.14997, 0.30928], [0.14011, 0.31239, 0.03297, 0.1385, 0.17167, 0.14142, 0.14997, 0.0, 0.25073], [0.13515, 0.09963, 0.22853, 0.3079, 0.10115, 0.30833, 0.30928, 0.25073, 0.0]], "features_1": [[0.1484211881467674, 0.8698539567764555, 0.0, 0.23305864558529807, 0.4985955681086587, 0.1441152610221716, 0.190274637905906, 0.6603748472341351, 0.4549840909374976, 0.21583948914457296, 0.008284682400665488, 0.62873124079462, 0.6379572585538172, 0.6686275633856267, 0.79580973627509, 0.7333903478849132, 0.6168370858825258], [0.12802550848927785, 0.7313949294613286, 0.0, 0.23795997869450053, 0.4722135910275763, 0.1370470821508853, 0.3456182871294047, 0.6737969389441278, 0.41527234380695877, 0.17743938710262963, 0.007950687539111767, 0.6161717810588865, 0.6505945148011818, 0.6678093767747729, 0.7918819889058605, 0.7219115200445148, 0.6057199814938352], [0.2264023087961542, 0.8704687328393028, 0.0, 0.25507052789261236, 0.5127266899457237, 0.1387825761389099, 0.30272805959195137, 0.6711583500290197, 0.4222498029432078, 0.2076835777685544, 0.008173410423425675, 0.6198856223695839, 0.645281484149361, 0.6750240828795046, 0.7939633932328098, 0.7371564440320001, 0.6157906267936036], [-0.07532282011418934, 0.8598942766468588, 0.0, 0.24985244275504473, 0.5091420883985673, 0.13935818660881452, 0.3299521538462912, 0.6708129447763839, 0.41970646505783016, 0.20861794106303577, 0.007671947615560004, 0.6226612694497229, 0.6659645236521462, 0.6924351833778555, 0.7946702535667264, 0.7190769207650148, 0.6142075481911504], [-0.0017845955276452052, 0.7333450166465874, 0.0, 0.23437637051615476, 0.4767603069590889, 0.13505379969363876, 0.4484466558241117, 0.6767860733429389, 0.38971628146194526, 0.17434011528729276, 0.007616154688146137, 0.6185511362952956, 0.652333414867676, 0.6762992855841182, 0.7875199660149141, 0.7336179719673313, 0.5958228362472368], [0.3125319840778302, 0.962078836905585, 0.0, 0.2626066179148457, 0.5336134938646803, 0.14164459975028315, 0.2863087403499776, 0.6680824367647924, 0.43581352575146415, 0.2305361750637318, 0.008173410423425675, 0.6191983707513677, 0.6481208375771452, 0.6882141660900098, 0.7995565458460041, 0.7344892698706145, 0.6210490832965054], [-0.04361353964944481, 0.8153004305294196, 0.0, 0.2410768616034147, 0.5073433586719623, 0.13564417713728172, 0.62571715646067, 0.6794202646768743, 0.3880985793695677, 0.19198498398309805, 0.007671947615560004, 0.6213349408331887, 0.6647142518872196, 0.6922084022438325, 0.7935787455082295, 0.7170728746151389, 0.593537576231169], [0.06500318569261232, 0.7576882045956413, 0.0, 0.24234789969988269, 0.498153326942139, 0.13040425497144884, 0.5658777156228474, 0.6837477417707776, 0.3805395125872124, 0.17581926073453413, 0.007671947615560004, 0.6108522830996284, 0.653546059175312, 0.6907787584001908, 0.789498084366241, 0.716293840693649, 0.584954493975876], [0.17749716537441662, 0.747728563258864, 0.0, 0.25001661918009177, 0.4970179120163952, 0.131844272082167, 0.590761862643209, 0.6834872375048915, 0.3853640973974122, 0.1746172749772228, 0.007560346756364078, 0.6029419916224024, 0.6572984777470462, 0.7010544612031429, 0.7948624270505079, 0.7119719798394656, 0.5888255305583391]], "features_2": [[-0.05917465578606507, 0.7872253513565883, 0.0, 0.16496362658590955, 0.4801785351561767, 0.14158860190229136, 0.1433847597911722, 0.6637291650621171, 0.4310828721900697, 0.1952157326893289, 0.007950687539111767, 0.630655255056823, 0.6374384993005365, 0.6673958603394862, 0.7916395158338718, 0.6911365702621325, 0.5910435326094936], [-0.33399002762334895, 0.656916224473249, 0.0, 0.20957185259694175, 0.43873856194652505, 0.14053244262457898, 0.11592192024988321, 0.664393136781642, 0.4167833354957593, 0.16493219129839276, 0.007727725548673403, 0.6315860748659019, 0.6500800713636118, 0.6763497557353537, 0.786583532177741, 0.6835869714802442, 0.5770931431775416], [0.24637738341958304, 0.8054525417733985, 0.0, 0.20250039954616786, 0.48845870733108576, 0.14051158735912073, 0.13990031815600118, 0.6661239591437785, 0.43130468326970695, 0.19509971829116135, 0.007950687539111767, 0.6122167393327325, 0.6613310281774842, 0.6655813124480169, 0.7921356192394071, 0.7174993207619339, 0.5997361891864468], [0.2695170186496547, 0.809110669037203, 0.0, 0.22789537636389692, 0.4914425058485452, 0.13814402643645424, 0.1502641883142779, 0.6703330312034188, 0.41837496345640646, 0.19399451539623414, 0.007950687539111767, 0.6073540894558451, 0.6556220769546768, 0.6857739988229344, 0.789444955648193, 0.701030800820327, 0.5947426032372827], [-0.10337625860270983, 0.6481776121618003, 0.0, 0.22749632036913023, 0.4366214041021793, 0.13921503809451874, 0.10975032659917901, 0.6665229532046362, 0.408444861277685, 0.15978497396769864, 0.00783923647221818, 0.6201032102647441, 0.6301181541847197, 0.6605779537620972, 0.7843238006524426, 0.6985676452464056, 0.5665054992963678], [0.4802885669311925, 0.8422724192953419, 0.0, 0.21971014576167666, 0.4947086278743722, 0.14456494471299222, 0.16226032490437134, 0.6640103204545852, 0.45434936293708894, 0.20722610417707843, 0.008117752083540042, 0.6085897641514175, 0.6435454310591748, 0.6819590859681812, 0.8053469436923646, 0.7309621280008711, 0.6145031131538475], [0.26284447270731626, 0.7740924909982771, 0.0, 0.2187787525916942, 0.4900795788074326, 0.1327756296473644, 0.2088625610910782, 0.6778161325067366, 0.3892322300147164, 0.1806829225343587, 0.007616154688146137, 0.604204650777985, 0.628591036766944, 0.6501765915929547, 0.7843036300042329, 0.6994712960545929, 0.584047135351906], [0.7704800752828804, 0.63832824640969, 0.0, 0.24556403567343116, 0.4370277979934449, 0.13665342375515388, 0.18539262299978318, 0.6741677805784936, 0.409216344242455, 0.15144476723785028, 0.007560346756364078, 0.6075490754285191, 0.6436369866066447, 0.6755684259302492, 0.7905956379195278, 0.7193174013031676, 0.5787411281446218], [0.023747354248677244, 0.7034670535747479, 0.0, 0.1961163944275482, 0.46129419635243274, 0.13545294061914775, 0.17817230932560904, 0.6749864235469692, 0.39325810025273666, 0.16876273455333668, 0.008117752083540042, 0.6271074934939751, 0.652765225003743, 0.6794010292205732, 0.7865189153229819, 0.6917469050775065, 0.5722743965572705]]}