{"labels_1": ["1", "2", "3", "4", "5", "6", "7", "8", "9"], "labels_2": ["1", "2", "3", "4", "5", "6", "7", "8", "9"], "adj_matrix_1": [[0.0, 0.01913, 0.00218, 0.05412, 0.07477, 0.00328, 0.04315, 0.02834, 0.19136], [0.01913, 0.0, 0.01695, 0.07293, 0.09337, 0.01584, 0.0241, 0.00923, 0.17563], [0.00218, 0.01695, 0.0, 0.05627, 0.0769, 0.0011, 0.04098, 0.02617, 0.18959], [0.05412, 0.07293, 0.05627, 0.0, 0.02098, 0.05736, 0.09633, 0.08193, 0.23312], [0.07477, 0.09337, 0.0769, 0.02098, 0.0, 0.07796, 0.11638, 0.10224, 0.2481], [0.00328, 0.01584, 0.0011, 0.05736, 0.07796, 0.0, 0.03988, 0.02506, 0.1886], [0.04315, 0.0241, 0.04098, 0.09633, 0.11638, 0.03988, 0.0, 0.01488, 0.15496], [0.02834, 0.00923, 0.02617, 0.08193, 0.10224, 0.02506, 0.01488, 0.0, 0.16782], [0.19136, 0.17563, 0.18959, 0.23312, 0.2481, 0.1886, 0.15496, 0.16782, 0.0]], "adj_matrix_2": [[0.0, 0.01592, 0.13498, 0.05876, 0.04133, 0.22915, 0.06898, 0.19086, 0.02141], [0.01592, 0.0, 0.14942, 0.07438, 0.02548, 0.24021, 0.0845, 0.17695, 0.03728], [0.13498, 0.14942, 0.0, 0.07922, 0.17194, 0.11521, 0.0691, 0.29213, 0.11513], [0.05876, 0.07438, 0.07922, 0.0, 0.09909, 0.18448, 0.01041, 0.23889, 0.03755], [0.04133, 0.02548, 0.17194, 0.09909, 0.0, 0.25698, 0.109, 0.15395, 0.06252], [0.22915, 0.24021, 0.11521, 0.18448, 0.25698, 0.0, 0.17602, 0.33678, 0.21364], [0.06898, 0.0845, 0.0691, 0.01041, 0.109, 0.17602, 0.0, 0.24666, 0.04787], [0.19086, 0.17695, 0.29213, 0.23889, 0.15395, 0.33678, 0.24666, 0.0, 0.209], [0.02141, 0.03728, 0.11513, 0.03755, 0.06252, 0.21364, 0.04787, 0.209, 0.0]], "features_1": [[0.1484211881467674, 0.8698539567764555, 0.0, 0.23305864558529807, 0.4985955681086587, 0.1441152610221716, 0.190274637905906, 0.6603748472341351, 0.4549840909374976, 0.21583948914457296, 0.008284682400665488, 0.62873124079462, 0.6379572585538172, 0.6686275633856267, 0.79580973627509, 0.7333903478849132, 0.6168370858825258], [0.12802550848927785, 0.7313949294613286, 0.0, 0.23795997869450053, 0.4722135910275763, 0.1370470821508853, 0.3456182871294047, 0.6737969389441278, 0.41527234380695877, 0.17743938710262963, 0.007950687539111767, 0.6161717810588865, 0.6505945148011818, 0.6678093767747729, 0.7918819889058605, 0.7219115200445148, 0.6057199814938352], [0.2264023087961542, 0.8704687328393028, 0.0, 0.25507052789261236, 0.5127266899457237, 0.1387825761389099, 0.30272805959195137, 0.6711583500290197, 0.4222498029432078, 0.2076835777685544, 0.008173410423425675, 0.6198856223695839, 0.645281484149361, 0.6750240828795046, 0.7939633932328098, 0.7371564440320001, 0.6157906267936036], [-0.07532282011418934, 0.8598942766468588, 0.0, 0.24985244275504473, 0.5091420883985673, 0.13935818660881452, 0.3299521538462912, 0.6708129447763839, 0.41970646505783016, 0.20861794106303577, 0.007671947615560004, 0.6226612694497229, 0.6659645236521462, 0.6924351833778555, 0.7946702535667264, 0.7190769207650148, 0.6142075481911504], [-0.0017845955276452052, 0.7333450166465874, 0.0, 0.23437637051615476, 0.4767603069590889, 0.13505379969363876, 0.4484466558241117, 0.6767860733429389, 0.38971628146194526, 0.17434011528729276, 0.007616154688146137, 0.6185511362952956, 0.652333414867676, 0.6762992855841182, 0.7875199660149141, 0.7336179719673313, 0.5958228362472368], [0.3125319840778302, 0.962078836905585, 0.0, 0.2626066179148457, 0.5336134938646803, 0.14164459975028315, 0.2863087403499776, 0.6680824367647924, 0.43581352575146415, 0.2305361750637318, 0.008173410423425675, 0.6191983707513677, 0.6481208375771452, 0.6882141660900098, 0.7995565458460041, 0.7344892698706145, 0.6210490832965054], [-0.04361353964944481, 0.8153004305294196, 0.0, 0.2410768616034147, 0.5073433586719623, 0.13564417713728172, 0.62571715646067, 0.6794202646768743, 0.3880985793695677, 0.19198498398309805, 0.007671947615560004, 0.6213349408331887, 0.6647142518872196, 0.6922084022438325, 0.7935787455082295, 0.7170728746151389, 0.593537576231169], [0.06500318569261232, 0.7576882045956413, 0.0, 0.24234789969988269, 0.498153326942139, 0.13040425497144884, 0.5658777156228474, 0.6837477417707776, 0.3805395125872124, 0.17581926073453413, 0.007671947615560004, 0.6108522830996284, 0.653546059175312, 0.6907787584001908, 0.789498084366241, 0.716293840693649, 0.584954493975876], [0.17749716537441662, 0.747728563258864, 0.0, 0.25001661918009177, 0.4970179120163952, 0.131844272082167, 0.590761862643209, 0.6834872375048915, 0.3853640973974122, 0.1746172749772228, 0.007560346756364078, 0.6029419916224024, 0.6572984777470462, 0.7010544612031429, 0.7948624270505079, 0.7119719798394656, 0.5888255305583391]], "features_2": [[-0.1381796950134273, 0.7727670848351788, 0.0, 0.20311045913076162, 0.48885025588918296, 0.1376875021824953, 0.28360686938739477, 0.6747505350395864, 0.40996815019966926, 0.18902642035460349, 0.007950687539111767, 0.6222056132515219, 0.6767142524100994, 0.7108002759382747, 0.801408540650675, 0.7164916638122243, 0.5996985074732908], [-0.02150741889949126, 0.6246038844486417, 0.0, 0.2393166148396049, 0.4538647070483278, 0.12878892634361666, 0.3615433510480358, 0.6836872759208139, 0.3554897161573185, 0.14225349162150058, 0.007281081678807366, 0.6156057122323284, 0.6547259337050549, 0.6763715073011898, 0.7893854977057557, 0.7165343200463095, 0.5870163200078874], [-0.18015135751037814, 0.7379763505300952, 0.0, 0.22361873301415708, 0.49225331359988245, 0.13108615178488112, 0.39281010618359674, 0.6828909219648203, 0.3754779277614071, 0.1724811102187307, 0.007001439975721224, 0.6157901913817727, 0.6681122445924629, 0.6893055583122099, 0.7965530021160389, 0.7132860522051033, 0.5990813292700209], [-0.023366812883096166, 0.7591179637694212, 0.0, 0.23072105109527427, 0.4929314079016929, 0.13438763156379868, 0.34847882648229317, 0.6789638921437049, 0.39970213644171904, 0.18034430206612018, 0.007336964783822175, 0.6091923597616169, 0.6628250028019254, 0.6853406354933685, 0.7975883666508061, 0.7166637869628733, 0.6017972382274298], [-0.029985704609965858, 0.6405745756186237, 0.0, 0.24165518853888385, 0.45851751912543504, 0.12918355442453675, 0.3269871502866259, 0.6823336564073953, 0.3635377901501464, 0.14785521599215024, 0.007671947615560004, 0.6142584409213687, 0.6324815395579583, 0.6482999626780124, 0.7839659519333357, 0.7063334032714959, 0.5929033090359774], [0.12906921480281675, 0.7541608818745276, 0.0, 0.22328575809486811, 0.4992190155157239, 0.13320052646287195, 0.5072477233108323, 0.6831540480880072, 0.3970771737176051, 0.17670942230527764, 0.007671947615560004, 0.614904142153248, 0.6676500841960719, 0.6908774736746037, 0.8055238527948563, 0.7113565878966464, 0.6125556977690529], [0.02016427286061573, 0.750716356734136, 0.0, 0.23052535367733124, 0.4946698922220728, 0.12711886210376672, 0.3466496746872316, 0.6835951888795572, 0.35395943168710886, 0.17080323234214556, 0.00716927026363523, 0.6109594634381603, 0.6568887071163215, 0.6823598750019179, 0.7759779857807632, 0.6927044377141807, 0.5835711760323393], [-0.24257290881058902, 0.6104352760263128, 0.0, 0.20214133464434156, 0.4582575567228893, 0.12457859398132183, 0.5182855987483365, 0.6874957295001545, 0.3364451247417046, 0.13603774055411422, 0.007001439975721224, 0.6199437588218486, 0.6561022183325189, 0.666941417092019, 0.7806854340876463, 0.6976379089301671, 0.5838408331407019], [-0.3244207195617492, 0.634713183296498, 0.0, 0.2159638000833532, 0.464808491169493, 0.12512058999792736, 0.47218224163501643, 0.6865447737854802, 0.3431203549132025, 0.14337008779112614, 0.007225183508792421, 0.6182627013145927, 0.6568497875296262, 0.6747289947961511, 0.7782623419343724, 0.6835721078875607, 0.5764771993921372]]}