{"labels_1": ["1", "2", "3", "4", "5", "6", "7", "8", "9"], "labels_2": ["1", "2", "3", "4", "5", "6", "7", "8", "9"], "adj_matrix_1": [[0.0, 0.36569, 0.24394, 0.34413, 0.34108, 0.26451, 0.35854, 0.3495, 0.25259], [0.36569, 0.0, 0.31007, 0.23339, 0.23724, 0.29944, 0.21218, 0.22612, 0.30589], [0.24394, 0.31007, 0.0, 0.14353, 0.13827, 0.02565, 0.17126, 0.15362, 0.01066], [0.34413, 0.23339, 0.14353, 0.0, 0.00572, 0.11957, 0.031, 0.01114, 0.13364], [0.34108, 0.23724, 0.13827, 0.00572, 0.0, 0.11416, 0.03669, 0.01686, 0.12833], [0.26451, 0.29944, 0.02565, 0.11957, 0.11416, 0.0, 0.14819, 0.12995, 0.015], [0.35854, 0.21218, 0.17126, 0.031, 0.03669, 0.14819, 0.0, 0.01989, 0.16176], [0.3495, 0.22612, 0.15362, 0.01114, 0.01686, 0.12995, 0.01989, 0.0, 0.14388], [0.25259, 0.30589, 0.01066, 0.13364, 0.12833, 0.015, 0.16176, 0.14388, 0.0]], "adj_matrix_2": [[0.0, 0.00818, 0.06222, 0.05203, 0.11481, 0.24308, 0.10724, 0.18573, 0.21543], [0.00818, 0.0, 0.07024, 0.06009, 0.12245, 0.24804, 0.11494, 0.19235, 0.22135], [0.06222, 0.07024, 0.0, 0.01036, 0.05463, 0.20147, 0.04662, 0.13237, 0.16708], [0.05203, 0.06009, 0.01036, 0.0, 0.0648, 0.20889, 0.05684, 0.1416, 0.17556], [0.11481, 0.12245, 0.05463, 0.0648, 0.0, 0.15882, 0.00813, 0.08128, 0.11938], [0.24308, 0.24804, 0.20147, 0.20889, 0.15882, 0.0, 0.16546, 0.0854, 0.04582], [0.10724, 0.11494, 0.04662, 0.05684, 0.00813, 0.16546, 0.0, 0.08904, 0.1267], [0.18573, 0.19235, 0.13237, 0.1416, 0.08128, 0.0854, 0.08904, 0.0, 0.04077], [0.21543, 0.22135, 0.16708, 0.17556, 0.11938, 0.04582, 0.1267, 0.04077, 0.0]], "features_1": [[-0.3161600284614079, 0.7825785105050485, 0.0, 0.23120220770311484, 0.4986025502131929, 0.12956158230250905, 0.2330008012617725, 0.6807350581970328, 0.35761050965201524, 0.18066712329332013, 0.007225183508792421, 0.6377051533973637, 0.6586115285554005, 0.6750678969762555, 0.7789026586794137, 0.6950313852548713, 0.5779618635783758], [0.16166088769450715, 0.6408911657823749, 0.0, 0.26126321358076193, 0.46572675428687693, 0.12405984790429288, 0.3322747583761519, 0.6866018202692712, 0.3436250538128589, 0.14143721604241555, 0.007001439975721224, 0.5947386199450269, 0.6509033488961252, 0.6787512066549377, 0.7763331079650599, 0.6853286667999419, 0.5884819282117486], [-0.055867454213538004, 0.7502692850972705, 0.0, 0.2525511208688739, 0.49734488980414326, 0.12592917086321345, 0.2733385672331224, 0.6843252489602312, 0.35015923839834806, 0.1669410327096399, 0.007225183508792421, 0.6178463515802846, 0.6394413668976822, 0.658053726256455, 0.7738513460545542, 0.7062132786421743, 0.5833872960491481], [0.20963752971165706, 0.8218576239830446, 0.0, 0.2537333143805778, 0.5122158692057743, 0.129037963791195, 0.31329548766932974, 0.6817056501399139, 0.35026197047154795, 0.18219695103371758, 0.007281081678807366, 0.6083685224389563, 0.6397412007118793, 0.6523205429860466, 0.7778027570415711, 0.7093092510561699, 0.5917793810595214], [0.03092672102683114, 0.6849963362117293, 0.0, 0.25317370674766887, 0.4826003908709922, 0.12352365547136174, 0.3594234763699049, 0.6873860631557681, 0.3409370919072803, 0.15089635984759875, 0.00711334193318236, 0.6029132648653053, 0.6654816260325147, 0.6771994627186488, 0.7781577961844349, 0.6951647031065388, 0.5822567015391965], [-0.07806385160335694, 0.7915588117538728, 0.0, 0.25127045029098233, 0.5062775025140241, 0.13014599199963492, 0.31171397561987674, 0.6819254195579794, 0.3737777492379284, 0.18030115772217914, 0.007504523810135222, 0.6161509126807756, 0.6505668202508706, 0.6736560737531009, 0.787776954641453, 0.7040211661934709, 0.5919967239167061], [-0.1441999819895785, 0.8286743901276958, 0.0, 0.253542673042931, 0.5190347381183713, 0.12502151395199923, 0.38184185545429444, 0.6852724648270411, 0.332609304965356, 0.1814135792204774, 0.006721420376576193, 0.6082838781344972, 0.631982502247581, 0.6527940759706066, 0.7656981798338328, 0.6823006154633054, 0.5628617066677769], [-0.16450332744280072, 0.6849137273134762, 0.0, 0.218228887857648, 0.48423473276928874, 0.12273218508096517, 0.34042101770676536, 0.6875956759298085, 0.338367484744567, 0.1505402340379769, 0.00711334193318236, 0.6101194711835602, 0.6553245429669176, 0.6779821913629914, 0.7743811092545845, 0.6903355899512085, 0.5627774679546249], [-0.14253302568414306, 0.6988733627964986, 0.0, 0.20361580532835463, 0.4864151924687018, 0.1228663857330522, 0.3519142239449081, 0.6875169317541838, 0.3465031031792456, 0.1545105609320201, 0.007392832833969631, 0.6109629762829385, 0.6418864155298794, 0.666922940969776, 0.7736823962320276, 0.6838811255611319, 0.5513401439241565]], "features_2": [[0.054918273092084746, 0.9918481855818111, 0.0, 0.19893896141466486, 0.5193570478973515, 0.15216191631758824, 0.254298108877591, 0.6488622861019391, 0.48335383491536477, 0.24920534703531172, 0.008284682400665488, 0.63019837033618, 0.6647480058331338, 0.7100993510435566, 0.8063545454075368, 0.7269622384293283, 0.6184872272972398], [-0.10326980574158462, 0.8411813118803707, 0.0, 0.21651438775616627, 0.49120746519874403, 0.14949808898784872, 0.417515316419972, 0.6599815951020733, 0.4671047760863658, 0.21518893934740446, 0.008618141428105908, 0.6304737090508734, 0.662311090131382, 0.7147796681284662, 0.8102177111706519, 0.7336436946690625, 0.6062275191062734], [-0.024735744748347166, 0.9318910462080959, 0.0, 0.22766749266766076, 0.5217276972577061, 0.14845635534761084, 0.4270776801826635, 0.6621296161913466, 0.4597905632737844, 0.23148161634918463, 0.008284682400665488, 0.624785897810181, 0.6705074105350773, 0.6986712533368006, 0.8086265764512285, 0.7203879828379783, 0.6208772847051502], [-0.011049187680806316, 0.9245644945147821, 0.0, 0.21189033528497037, 0.5190061672627702, 0.14819040394752417, 0.34704350544570983, 0.6612252470977926, 0.4685911027026828, 0.23137369692271736, 0.008284682400665488, 0.6227557018733774, 0.6658744165451571, 0.7060230528136513, 0.8093208465659831, 0.7210832412796709, 0.6277263523241602], [-0.1316563419680885, 0.8786463891965038, 0.0, 0.21428351304051899, 0.5034680094299822, 0.14971872099371786, 0.4813880797690736, 0.6608045242827919, 0.46851185222433944, 0.22392599918389755, 0.008618141428105908, 0.6286671153091934, 0.6701245507351873, 0.7195286277594001, 0.8085497390469103, 0.7336239255159347, 0.6089039470970907], [-0.07586560353485838, 0.9536028521671209, 0.0, 0.20725468102003652, 0.5341730249046611, 0.14805690473406974, 0.5816516098354093, 0.6678315370784607, 0.4586214552553558, 0.23584176843687432, 0.008451478759474051, 0.6145383786247431, 0.6769528585704715, 0.7043458337326463, 0.8122928944229041, 0.7141759760508386, 0.6195386291143655], [-0.18553996975541942, 0.9493458311513991, 0.0, 0.21262288740255197, 0.5245828056620414, 0.1482599048816618, 0.43224575565096474, 0.6623639898868795, 0.4626818173724834, 0.23726974762412878, 0.008507047823598457, 0.6230390831911443, 0.6623992778931943, 0.6961547016239006, 0.8078837759252911, 0.7196108711139677, 0.6187791849906357], [0.010694580187902591, 0.8671965182108372, 0.0, 0.20045409798781075, 0.5090012905812503, 0.14597265179154137, 0.5299470963730165, 0.6674334026731275, 0.4376607221882862, 0.21490975097637643, 0.00822905385914674, 0.6081433124046276, 0.6447292679456829, 0.6940039562799271, 0.805253774405062, 0.7256765036295714, 0.6188239821674606], [0.14285541138057223, 0.8750128102407386, 0.0, 0.20006434560843966, 0.5157851086045978, 0.1449625874472888, 0.5805584276741946, 0.6706375420968385, 0.44263258322270027, 0.2136634061877536, 0.00822905385914674, 0.6077233686844368, 0.6570145190683858, 0.6786391540703667, 0.8070518198546641, 0.7282545641716739, 0.6264401410763838]]}