{"labels_1": ["1", "2", "3", "4", "5", "6", "7", "8", "9"], "labels_2": ["1", "2", "3", "4", "5", "6", "7", "8", "9"], "adj_matrix_1": [[0.0, 0.07375, 0.21029, 0.13333, 0.22271, 0.17634, 0.19242, 0.26656, 0.10328], [0.07375, 0.0, 0.14571, 0.0621, 0.26791, 0.10834, 0.12594, 0.26754, 0.17055], [0.21029, 0.14571, 0.0, 0.08643, 0.32823, 0.03954, 0.02108, 0.25233, 0.28279], [0.13333, 0.0621, 0.08643, 0.0, 0.29753, 0.04742, 0.06574, 0.26299, 0.22137], [0.22271, 0.26791, 0.32823, 0.29753, 0.0, 0.31569, 0.32175, 0.18756, 0.14153], [0.17634, 0.10834, 0.03954, 0.04742, 0.31569, 0.0, 0.01851, 0.25763, 0.25626], [0.19242, 0.12594, 0.02108, 0.06574, 0.32175, 0.01851, 0.0, 0.25515, 0.26891], [0.26656, 0.26754, 0.25233, 0.26299, 0.18756, 0.25763, 0.25515, 0.0, 0.25115], [0.10328, 0.17055, 0.28279, 0.22137, 0.14153, 0.25626, 0.26891, 0.25115, 0.0]], "adj_matrix_2": [[0.0, 0.05669, 0.07272, 0.16803, 0.29701, 0.24297, 0.20718, 0.13387, 0.19775], [0.05669, 0.0, 0.12627, 0.21043, 0.2636, 0.20057, 0.24103, 0.18148, 0.23405], [0.07272, 0.12627, 0.0, 0.10473, 0.32535, 0.28487, 0.15332, 0.06563, 0.14119], [0.16803, 0.21043, 0.10473, 0.0, 0.33209, 0.31328, 0.05637, 0.04127, 0.0417], [0.29701, 0.2636, 0.32535, 0.33209, 0.0, 0.08056, 0.3183, 0.33453, 0.32291], [0.24297, 0.20057, 0.28487, 0.31328, 0.08056, 0.0, 0.31039, 0.3073, 0.31218], [0.20718, 0.24103, 0.15332, 0.05637, 0.3183, 0.31039, 0.0, 0.09573, 0.01497], [0.13387, 0.18148, 0.06563, 0.04127, 0.33453, 0.3073, 0.09573, 0.0, 0.08181], [0.19775, 0.23405, 0.14119, 0.0417, 0.32291, 0.31218, 0.01497, 0.08181, 0.0]], "features_1": [[0.35533333952859003, 1.015091466441795, 0.0, 0.23024192459968357, 0.5361409190605575, 0.15080969170485675, 0.2985140800936925, 0.6584649353584977, 0.5052586745651177, 0.25075187636811913, 0.008673665988278678, 0.6255600116878357, 0.6543642466514573, 0.6779004003675785, 0.8110654612089591, 0.7187129421717605, 0.6038841915767609], [0.11493566387023302, 0.8215236244659064, 0.0, 0.21256058203158515, 0.4982370853819149, 0.14508788881153334, 0.3496017872046721, 0.6684871838898021, 0.45792596637200855, 0.20434793453132616, 0.008173410423425675, 0.6243072677346375, 0.6736940537415105, 0.7221347174331976, 0.8071095497320052, 0.7319432090270408, 0.6027068498594781], [-0.02355130692704588, 0.9334257857856861, 0.0, 0.23534401222576254, 0.5342268326053229, 0.14232750330281455, 0.3894211604090444, 0.6725204466090943, 0.4409569835591822, 0.22471343397974808, 0.008284682400665488, 0.6298336391407937, 0.6781988802749642, 0.7141045375052785, 0.8060023208765178, 0.7395510906894606, 0.608550311397712], [-0.152047893968565, 0.9708810861419153, 0.0, 0.2043740953639901, 0.5431640067741356, 0.14003266693816596, 0.37589206347582615, 0.6740716066223014, 0.4177430076095934, 0.23001539273195437, 0.008006390651371653, 0.6293858115115549, 0.6753287592425535, 0.7194795549041817, 0.8016847062690964, 0.7138740108181059, 0.6005188832160265], [0.2231714933048905, 0.8120771000909008, 0.0, 0.24967597441844014, 0.5000208480938098, 0.13992510338608036, 0.36043786101604525, 0.673765784852352, 0.42871499227905385, 0.19725127808729126, 0.008284682400665488, 0.6071737768665528, 0.6618201460005476, 0.7068716629855111, 0.7985171449777435, 0.7121341993196918, 0.5927613917716967], [-0.24518092732039776, 0.9846948686616951, 0.0, 0.21939054644849693, 0.5495185500531505, 0.13898593068645915, 0.37054806831543274, 0.6755900636944963, 0.4138004234507495, 0.2319536189079381, 0.007727725548673403, 0.6323193615820235, 0.6851043469156924, 0.7051976668585881, 0.8009852295345766, 0.7178628287835573, 0.6063704929593603], [-0.07996783545759056, 1.00002799892401, 0.0, 0.20945602005882372, 0.5421326208843219, 0.14311513441247514, 0.3122651849999791, 0.6688610431312156, 0.43770959690900657, 0.23948188253053515, 0.007894969482732161, 0.628370181007365, 0.6638174307789944, 0.7104162814670741, 0.8024290997296095, 0.7320454969935374, 0.5997544871796734], [1.0623623531254962, 0.8322669694466689, 0.0, 0.30250495353737933, 0.5111695133725783, 0.1342892946493088, 0.2799747808587618, 0.6776142517336846, 0.40737874046219846, 0.19367649893097028, 0.007950687539111767, 0.5926445582107731, 0.6421568332843561, 0.6860251868290315, 0.7864482538431067, 0.7105015875511517, 0.5975164730690697], [0.18251151898173745, 0.8662011121433328, 0.0, 0.23733436614199904, 0.5206449742628793, 0.13437668369645434, 0.2998035410024656, 0.6781576087899529, 0.39156421284535003, 0.20205211251303568, 0.007727725548673403, 0.6056298028435565, 0.6508217469803811, 0.691450827311767, 0.7898724977245234, 0.7067463047960058, 0.59314964013022]], "features_2": [[0.5494513719851155, 0.8723850385226575, 0.0, 0.288519392767567, 0.528674729314265, 0.12908997814447282, 0.3848319811123524, 0.683333302839469, 0.3933717800887513, 0.19864333304007853, 0.007616154688146137, 0.5974313481913704, 0.6407988979848458, 0.6623698503707564, 0.7869287209957321, 0.7058355908614753, 0.5707106971505396], [0.2847972146940121, 0.7600833542491281, 0.0, 0.29112273328564353, 0.5017055676582548, 0.12781901917303792, 0.37923265123393435, 0.6840856367317312, 0.3768190760751693, 0.17278547993635507, 0.007448685839370306, 0.6072640447042819, 0.6411214512849983, 0.6671896536482357, 0.7825894790219511, 0.694301488974973, 0.589972229622063], [0.6223784840555089, 0.8700527305547464, 0.0, 0.2818816867347571, 0.5332064180279136, 0.1276153575009273, 0.39071792673373695, 0.6843008595844395, 0.38211722817525673, 0.19533275070546674, 0.007894969482732161, 0.5975754982157646, 0.6410297772373025, 0.6666285123809342, 0.7841873741095922, 0.7027153036397107, 0.5911097634327468], [1.2895395417611137, 0.8750354056622734, 0.0, 0.3271098619798227, 0.5383999383214629, 0.12474882711505748, 0.48979082677921537, 0.6866868555784041, 0.37313305220299586, 0.19102596135906036, 0.007783488497544067, 0.5822778185743946, 0.6233561911139859, 0.6487176123450876, 0.7773802946033753, 0.7038695770645621, 0.5757257988799398], [-0.06504589131997784, 0.758022396631818, 0.0, 0.25377179294337976, 0.4980604749821417, 0.1298296338836099, 0.30183380793742953, 0.6812882957591504, 0.3732692591490079, 0.17374408315397316, 0.00716927026363523, 0.622230383925289, 0.6508429866441351, 0.6578149371037276, 0.7823409532300054, 0.6969255799272607, 0.6012624050580189], [0.1759094172675888, 0.837281998985159, 0.0, 0.24915301416036056, 0.5239190216675105, 0.13319285113506102, 0.41946200031437825, 0.6821178675272968, 0.4154619604443084, 0.19523628328982778, 0.007560346756364078, 0.6177301287400967, 0.679940617203017, 0.6764677843204987, 0.8045186708056589, 0.713750605908203, 0.6167969706126095], [0.7578740945466014, 0.8318105694957849, 0.0, 0.32426916952216484, 0.526739964906353, 0.12478459544816549, 0.4072921196417326, 0.6861548004262047, 0.3801050654541138, 0.18513901169803448, 0.007894969482732161, 0.5934791176190157, 0.6287534961830462, 0.6442897311875281, 0.7750836865431163, 0.6823225952783593, 0.5789861091566352], [0.4809198258172085, 0.7294126954408473, 0.0, 0.2595834895940102, 0.4958444902415906, 0.12847743192021271, 0.37497720456320993, 0.6842746285372108, 0.37775923000278455, 0.16528439036761888, 0.007727725548673403, 0.6000562567821499, 0.6420961401331146, 0.6571710257557726, 0.7891873475494233, 0.7102137141705099, 0.5978771758356586], [0.5288268349826937, 0.7043579328001011, 0.0, 0.2627381366126299, 0.49084816780156104, 0.1290028130157401, 0.4019860882514088, 0.6846918961753596, 0.3989483733578223, 0.1622256931556476, 0.007504523810135222, 0.6000812189548665, 0.6460237475790365, 0.6535197476426583, 0.7929175934992725, 0.7186904057939567, 0.5930968132147301]]}