{"labels_1": ["1", "2", "3", "4", "5", "6", "7", "8", "9"], "labels_2": ["1", "2", "3", "4", "5", "6", "7", "8", "9"], "adj_matrix_1": [[0.0, 0.36569, 0.24394, 0.34413, 0.34108, 0.26451, 0.35854, 0.3495, 0.25259], [0.36569, 0.0, 0.31007, 0.23339, 0.23724, 0.29944, 0.21218, 0.22612, 0.30589], [0.24394, 0.31007, 0.0, 0.14353, 0.13827, 0.02565, 0.17126, 0.15362, 0.01066], [0.34413, 0.23339, 0.14353, 0.0, 0.00572, 0.11957, 0.031, 0.01114, 0.13364], [0.34108, 0.23724, 0.13827, 0.00572, 0.0, 0.11416, 0.03669, 0.01686, 0.12833], [0.26451, 0.29944, 0.02565, 0.11957, 0.11416, 0.0, 0.14819, 0.12995, 0.015], [0.35854, 0.21218, 0.17126, 0.031, 0.03669, 0.14819, 0.0, 0.01989, 0.16176], [0.3495, 0.22612, 0.15362, 0.01114, 0.01686, 0.12995, 0.01989, 0.0, 0.14388], [0.25259, 0.30589, 0.01066, 0.13364, 0.12833, 0.015, 0.16176, 0.14388, 0.0]], "adj_matrix_2": [[0.0, 0.00603, 0.02505, 0.14118, 0.10725, 0.17223, 0.05306, 0.12942, 0.21368], [0.00603, 0.0, 0.01902, 0.13575, 0.10156, 0.16711, 0.04709, 0.12392, 0.20935], [0.02505, 0.01902, 0.0, 0.11827, 0.08331, 0.15066, 0.02819, 0.10612, 0.19478], [0.14118, 0.13575, 0.11827, 0.0, 0.03691, 0.0361, 0.09168, 0.01302, 0.08936], [0.10725, 0.10156, 0.08331, 0.03691, 0.0, 0.07243, 0.05579, 0.02396, 0.12373], [0.17223, 0.16711, 0.15066, 0.0361, 0.07243, 0.0, 0.12537, 0.04896, 0.05439], [0.05306, 0.04709, 0.02819, 0.09168, 0.05579, 0.12537, 0.0, 0.07917, 0.17224], [0.12942, 0.12392, 0.10612, 0.01302, 0.02396, 0.04896, 0.07917, 0.0, 0.10165], [0.21368, 0.20935, 0.19478, 0.08936, 0.12373, 0.05439, 0.17224, 0.10165, 0.0]], "features_1": [[-0.3161600284614079, 0.7825785105050485, 0.0, 0.23120220770311484, 0.4986025502131929, 0.12956158230250905, 0.2330008012617725, 0.6807350581970328, 0.35761050965201524, 0.18066712329332013, 0.007225183508792421, 0.6377051533973637, 0.6586115285554005, 0.6750678969762555, 0.7789026586794137, 0.6950313852548713, 0.5779618635783758], [0.16166088769450715, 0.6408911657823749, 0.0, 0.26126321358076193, 0.46572675428687693, 0.12405984790429288, 0.3322747583761519, 0.6866018202692712, 0.3436250538128589, 0.14143721604241555, 0.007001439975721224, 0.5947386199450269, 0.6509033488961252, 0.6787512066549377, 0.7763331079650599, 0.6853286667999419, 0.5884819282117486], [-0.055867454213538004, 0.7502692850972705, 0.0, 0.2525511208688739, 0.49734488980414326, 0.12592917086321345, 0.2733385672331224, 0.6843252489602312, 0.35015923839834806, 0.1669410327096399, 0.007225183508792421, 0.6178463515802846, 0.6394413668976822, 0.658053726256455, 0.7738513460545542, 0.7062132786421743, 0.5833872960491481], [0.20963752971165706, 0.8218576239830446, 0.0, 0.2537333143805778, 0.5122158692057743, 0.129037963791195, 0.31329548766932974, 0.6817056501399139, 0.35026197047154795, 0.18219695103371758, 0.007281081678807366, 0.6083685224389563, 0.6397412007118793, 0.6523205429860466, 0.7778027570415711, 0.7093092510561699, 0.5917793810595214], [0.03092672102683114, 0.6849963362117293, 0.0, 0.25317370674766887, 0.4826003908709922, 0.12352365547136174, 0.3594234763699049, 0.6873860631557681, 0.3409370919072803, 0.15089635984759875, 0.00711334193318236, 0.6029132648653053, 0.6654816260325147, 0.6771994627186488, 0.7781577961844349, 0.6951647031065388, 0.5822567015391965], [-0.07806385160335694, 0.7915588117538728, 0.0, 0.25127045029098233, 0.5062775025140241, 0.13014599199963492, 0.31171397561987674, 0.6819254195579794, 0.3737777492379284, 0.18030115772217914, 0.007504523810135222, 0.6161509126807756, 0.6505668202508706, 0.6736560737531009, 0.787776954641453, 0.7040211661934709, 0.5919967239167061], [-0.1441999819895785, 0.8286743901276958, 0.0, 0.253542673042931, 0.5190347381183713, 0.12502151395199923, 0.38184185545429444, 0.6852724648270411, 0.332609304965356, 0.1814135792204774, 0.006721420376576193, 0.6082838781344972, 0.631982502247581, 0.6527940759706066, 0.7656981798338328, 0.6823006154633054, 0.5628617066677769], [-0.16450332744280072, 0.6849137273134762, 0.0, 0.218228887857648, 0.48423473276928874, 0.12273218508096517, 0.34042101770676536, 0.6875956759298085, 0.338367484744567, 0.1505402340379769, 0.00711334193318236, 0.6101194711835602, 0.6553245429669176, 0.6779821913629914, 0.7743811092545845, 0.6903355899512085, 0.5627774679546249], [-0.14253302568414306, 0.6988733627964986, 0.0, 0.20361580532835463, 0.4864151924687018, 0.1228663857330522, 0.3519142239449081, 0.6875169317541838, 0.3465031031792456, 0.1545105609320201, 0.007392832833969631, 0.6109629762829385, 0.6418864155298794, 0.666922940969776, 0.7736823962320276, 0.6838811255611319, 0.5513401439241565]], "features_2": [[0.382306836633195, 1.0559809468437065, 0.0, 0.20359479627457128, 0.5558775612205206, 0.14185080670761577, 0.34511785985049953, 0.6725133221237578, 0.441652288712163, 0.24903622253829516, 0.00839589484089287, 0.6190118393597803, 0.6703536139043408, 0.6952146318713731, 0.8200343459749158, 0.7399553457620589, 0.6251382287733569], [-0.1531299005883735, 0.9036378139116333, 0.0, 0.17330074144176424, 0.5222706283570145, 0.14044449133369832, 0.3752229913139985, 0.6749140401561158, 0.41629585969326977, 0.2194947730771819, 0.008062078829516484, 0.624377189564022, 0.6851779575079519, 0.7244144623489558, 0.8188013295924188, 0.7524009328224726, 0.6183701087019409], [0.0013389259940792542, 1.0365266573634047, 0.0, 0.19051038522421773, 0.5600729944913639, 0.1389362204389893, 0.392113381819712, 0.677173916726556, 0.4212051478391927, 0.24402099326919835, 0.00783923647221818, 0.6256531785102588, 0.695632697467015, 0.732935430618358, 0.8191061646544865, 0.7438474685157532, 0.6300873506621705], [0.05766552819088755, 1.006139608198752, 0.0, 0.2059635027608382, 0.5582030859204254, 0.13512539446682847, 0.40933294972912576, 0.6806967009227453, 0.39848192675246064, 0.23233502711215692, 0.007950687539111767, 0.6204020052893329, 0.6964614332622447, 0.7169795321514437, 0.8119886476826271, 0.7422021760349556, 0.6233831608470032], [-0.16964945592549707, 0.9217208866966504, 0.0, 0.18730025167265235, 0.5246289345003532, 0.14079539332708338, 0.34700311328829514, 0.6733141601859385, 0.41320743193970544, 0.22412103814329987, 0.007616154688146137, 0.6269329960102872, 0.6789075935639877, 0.7166500250147281, 0.8160955756471404, 0.7403299075071481, 0.6150374486853192], [-0.07527677713171732, 1.0903303373147761, 0.0, 0.1945744957108152, 0.5692346022967657, 0.14097118713989476, 0.3598980176919909, 0.6750566080620826, 0.4333131952865843, 0.2571911447166857, 0.007616154688146137, 0.6202316239007719, 0.6874593655138332, 0.7263010236264813, 0.8196186042135231, 0.746332899216519, 0.62610674459567], [-0.15704913822625377, 1.0107825429814716, 0.0, 0.22600229641492225, 0.5519316519063758, 0.13694352547656793, 0.39550389766360683, 0.6783614260177782, 0.40598765048745267, 0.2365312492714282, 0.007727725548673403, 0.6170899651828847, 0.6962495051276595, 0.7293440163996885, 0.8150725940970469, 0.7295683336286556, 0.6168831123034808], [-0.11333913936499096, 0.8891205276834866, 0.0, 0.17717330200946152, 0.5144760941523546, 0.14181607538203053, 0.323953695060446, 0.6717333748933665, 0.4393613322025862, 0.22024799859533672, 0.008173410423425675, 0.621136050147197, 0.6831146500527341, 0.7223588157615862, 0.8181757524589927, 0.7215127708398618, 0.6248831963580209], [-0.22663610785346044, 0.8959059058133265, 0.0, 0.20820267578569096, 0.5210402273305719, 0.13939912793967474, 0.3818723268237477, 0.6755980383508813, 0.4250989726160106, 0.2186816210279483, 0.008062078829516484, 0.6140588252550199, 0.6998667117140493, 0.7384174329956673, 0.8185052152066528, 0.7221299441441328, 0.6252416792380291]]}