{"labels_1": ["1", "2", "3", "4", "5", "6", "7", "8", "9"], "labels_2": ["1", "2", "3", "4", "5", "6", "7", "8", "9"], "adj_matrix_1": [[0.0, 0.07375, 0.21029, 0.13333, 0.22271, 0.17634, 0.19242, 0.26656, 0.10328], [0.07375, 0.0, 0.14571, 0.0621, 0.26791, 0.10834, 0.12594, 0.26754, 0.17055], [0.21029, 0.14571, 0.0, 0.08643, 0.32823, 0.03954, 0.02108, 0.25233, 0.28279], [0.13333, 0.0621, 0.08643, 0.0, 0.29753, 0.04742, 0.06574, 0.26299, 0.22137], [0.22271, 0.26791, 0.32823, 0.29753, 0.0, 0.31569, 0.32175, 0.18756, 0.14153], [0.17634, 0.10834, 0.03954, 0.04742, 0.31569, 0.0, 0.01851, 0.25763, 0.25626], [0.19242, 0.12594, 0.02108, 0.06574, 0.32175, 0.01851, 0.0, 0.25515, 0.26891], [0.26656, 0.26754, 0.25233, 0.26299, 0.18756, 0.25763, 0.25515, 0.0, 0.25115], [0.10328, 0.17055, 0.28279, 0.22137, 0.14153, 0.25626, 0.26891, 0.25115, 0.0]], "adj_matrix_2": [[0.0, 0.01592, 0.13498, 0.05876, 0.04133, 0.22915, 0.06898, 0.19086, 0.02141], [0.01592, 0.0, 0.14942, 0.07438, 0.02548, 0.24021, 0.0845, 0.17695, 0.03728], [0.13498, 0.14942, 0.0, 0.07922, 0.17194, 0.11521, 0.0691, 0.29213, 0.11513], [0.05876, 0.07438, 0.07922, 0.0, 0.09909, 0.18448, 0.01041, 0.23889, 0.03755], [0.04133, 0.02548, 0.17194, 0.09909, 0.0, 0.25698, 0.109, 0.15395, 0.06252], [0.22915, 0.24021, 0.11521, 0.18448, 0.25698, 0.0, 0.17602, 0.33678, 0.21364], [0.06898, 0.0845, 0.0691, 0.01041, 0.109, 0.17602, 0.0, 0.24666, 0.04787], [0.19086, 0.17695, 0.29213, 0.23889, 0.15395, 0.33678, 0.24666, 0.0, 0.209], [0.02141, 0.03728, 0.11513, 0.03755, 0.06252, 0.21364, 0.04787, 0.209, 0.0]], "features_1": [[0.35533333952859003, 1.015091466441795, 0.0, 0.23024192459968357, 0.5361409190605575, 0.15080969170485675, 0.2985140800936925, 0.6584649353584977, 0.5052586745651177, 0.25075187636811913, 0.008673665988278678, 0.6255600116878357, 0.6543642466514573, 0.6779004003675785, 0.8110654612089591, 0.7187129421717605, 0.6038841915767609], [0.11493566387023302, 0.8215236244659064, 0.0, 0.21256058203158515, 0.4982370853819149, 0.14508788881153334, 0.3496017872046721, 0.6684871838898021, 0.45792596637200855, 0.20434793453132616, 0.008173410423425675, 0.6243072677346375, 0.6736940537415105, 0.7221347174331976, 0.8071095497320052, 0.7319432090270408, 0.6027068498594781], [-0.02355130692704588, 0.9334257857856861, 0.0, 0.23534401222576254, 0.5342268326053229, 0.14232750330281455, 0.3894211604090444, 0.6725204466090943, 0.4409569835591822, 0.22471343397974808, 0.008284682400665488, 0.6298336391407937, 0.6781988802749642, 0.7141045375052785, 0.8060023208765178, 0.7395510906894606, 0.608550311397712], [-0.152047893968565, 0.9708810861419153, 0.0, 0.2043740953639901, 0.5431640067741356, 0.14003266693816596, 0.37589206347582615, 0.6740716066223014, 0.4177430076095934, 0.23001539273195437, 0.008006390651371653, 0.6293858115115549, 0.6753287592425535, 0.7194795549041817, 0.8016847062690964, 0.7138740108181059, 0.6005188832160265], [0.2231714933048905, 0.8120771000909008, 0.0, 0.24967597441844014, 0.5000208480938098, 0.13992510338608036, 0.36043786101604525, 0.673765784852352, 0.42871499227905385, 0.19725127808729126, 0.008284682400665488, 0.6071737768665528, 0.6618201460005476, 0.7068716629855111, 0.7985171449777435, 0.7121341993196918, 0.5927613917716967], [-0.24518092732039776, 0.9846948686616951, 0.0, 0.21939054644849693, 0.5495185500531505, 0.13898593068645915, 0.37054806831543274, 0.6755900636944963, 0.4138004234507495, 0.2319536189079381, 0.007727725548673403, 0.6323193615820235, 0.6851043469156924, 0.7051976668585881, 0.8009852295345766, 0.7178628287835573, 0.6063704929593603], [-0.07996783545759056, 1.00002799892401, 0.0, 0.20945602005882372, 0.5421326208843219, 0.14311513441247514, 0.3122651849999791, 0.6688610431312156, 0.43770959690900657, 0.23948188253053515, 0.007894969482732161, 0.628370181007365, 0.6638174307789944, 0.7104162814670741, 0.8024290997296095, 0.7320454969935374, 0.5997544871796734], [1.0623623531254962, 0.8322669694466689, 0.0, 0.30250495353737933, 0.5111695133725783, 0.1342892946493088, 0.2799747808587618, 0.6776142517336846, 0.40737874046219846, 0.19367649893097028, 0.007950687539111767, 0.5926445582107731, 0.6421568332843561, 0.6860251868290315, 0.7864482538431067, 0.7105015875511517, 0.5975164730690697], [0.18251151898173745, 0.8662011121433328, 0.0, 0.23733436614199904, 0.5206449742628793, 0.13437668369645434, 0.2998035410024656, 0.6781576087899529, 0.39156421284535003, 0.20205211251303568, 0.007727725548673403, 0.6056298028435565, 0.6508217469803811, 0.691450827311767, 0.7898724977245234, 0.7067463047960058, 0.59314964013022]], "features_2": [[-0.1381796950134273, 0.7727670848351788, 0.0, 0.20311045913076162, 0.48885025588918296, 0.1376875021824953, 0.28360686938739477, 0.6747505350395864, 0.40996815019966926, 0.18902642035460349, 0.007950687539111767, 0.6222056132515219, 0.6767142524100994, 0.7108002759382747, 0.801408540650675, 0.7164916638122243, 0.5996985074732908], [-0.02150741889949126, 0.6246038844486417, 0.0, 0.2393166148396049, 0.4538647070483278, 0.12878892634361666, 0.3615433510480358, 0.6836872759208139, 0.3554897161573185, 0.14225349162150058, 0.007281081678807366, 0.6156057122323284, 0.6547259337050549, 0.6763715073011898, 0.7893854977057557, 0.7165343200463095, 0.5870163200078874], [-0.18015135751037814, 0.7379763505300952, 0.0, 0.22361873301415708, 0.49225331359988245, 0.13108615178488112, 0.39281010618359674, 0.6828909219648203, 0.3754779277614071, 0.1724811102187307, 0.007001439975721224, 0.6157901913817727, 0.6681122445924629, 0.6893055583122099, 0.7965530021160389, 0.7132860522051033, 0.5990813292700209], [-0.023366812883096166, 0.7591179637694212, 0.0, 0.23072105109527427, 0.4929314079016929, 0.13438763156379868, 0.34847882648229317, 0.6789638921437049, 0.39970213644171904, 0.18034430206612018, 0.007336964783822175, 0.6091923597616169, 0.6628250028019254, 0.6853406354933685, 0.7975883666508061, 0.7166637869628733, 0.6017972382274298], [-0.029985704609965858, 0.6405745756186237, 0.0, 0.24165518853888385, 0.45851751912543504, 0.12918355442453675, 0.3269871502866259, 0.6823336564073953, 0.3635377901501464, 0.14785521599215024, 0.007671947615560004, 0.6142584409213687, 0.6324815395579583, 0.6482999626780124, 0.7839659519333357, 0.7063334032714959, 0.5929033090359774], [0.12906921480281675, 0.7541608818745276, 0.0, 0.22328575809486811, 0.4992190155157239, 0.13320052646287195, 0.5072477233108323, 0.6831540480880072, 0.3970771737176051, 0.17670942230527764, 0.007671947615560004, 0.614904142153248, 0.6676500841960719, 0.6908774736746037, 0.8055238527948563, 0.7113565878966464, 0.6125556977690529], [0.02016427286061573, 0.750716356734136, 0.0, 0.23052535367733124, 0.4946698922220728, 0.12711886210376672, 0.3466496746872316, 0.6835951888795572, 0.35395943168710886, 0.17080323234214556, 0.00716927026363523, 0.6109594634381603, 0.6568887071163215, 0.6823598750019179, 0.7759779857807632, 0.6927044377141807, 0.5835711760323393], [-0.24257290881058902, 0.6104352760263128, 0.0, 0.20214133464434156, 0.4582575567228893, 0.12457859398132183, 0.5182855987483365, 0.6874957295001545, 0.3364451247417046, 0.13603774055411422, 0.007001439975721224, 0.6199437588218486, 0.6561022183325189, 0.666941417092019, 0.7806854340876463, 0.6976379089301671, 0.5838408331407019], [-0.3244207195617492, 0.634713183296498, 0.0, 0.2159638000833532, 0.464808491169493, 0.12512058999792736, 0.47218224163501643, 0.6865447737854802, 0.3431203549132025, 0.14337008779112614, 0.007225183508792421, 0.6182627013145927, 0.6568497875296262, 0.6747289947961511, 0.7782623419343724, 0.6835721078875607, 0.5764771993921372]]}