{"labels_1": ["1", "2", "3", "4", "5", "6", "7", "8", "9"], "labels_2": ["1", "2", "3", "4", "5", "6", "7", "8", "9"], "adj_matrix_1": [[0.0, 0.36569, 0.24394, 0.34413, 0.34108, 0.26451, 0.35854, 0.3495, 0.25259], [0.36569, 0.0, 0.31007, 0.23339, 0.23724, 0.29944, 0.21218, 0.22612, 0.30589], [0.24394, 0.31007, 0.0, 0.14353, 0.13827, 0.02565, 0.17126, 0.15362, 0.01066], [0.34413, 0.23339, 0.14353, 0.0, 0.00572, 0.11957, 0.031, 0.01114, 0.13364], [0.34108, 0.23724, 0.13827, 0.00572, 0.0, 0.11416, 0.03669, 0.01686, 0.12833], [0.26451, 0.29944, 0.02565, 0.11957, 0.11416, 0.0, 0.14819, 0.12995, 0.015], [0.35854, 0.21218, 0.17126, 0.031, 0.03669, 0.14819, 0.0, 0.01989, 0.16176], [0.3495, 0.22612, 0.15362, 0.01114, 0.01686, 0.12995, 0.01989, 0.0, 0.14388], [0.25259, 0.30589, 0.01066, 0.13364, 0.12833, 0.015, 0.16176, 0.14388, 0.0]], "adj_matrix_2": [[0.0, 0.1327, 0.10114, 0.18476, 0.20007, 0.06485, 0.08196, 0.08874, 0.2035], [0.1327, 0.0, 0.0344, 0.06088, 0.07998, 0.18611, 0.1988, 0.04736, 0.26152], [0.10114, 0.0344, 0.0, 0.09429, 0.11275, 0.15856, 0.1726, 0.01306, 0.25091], [0.18476, 0.06088, 0.09429, 0.0, 0.01952, 0.22963, 0.23954, 0.10653, 0.27384], [0.20007, 0.07998, 0.11275, 0.01952, 0.0, 0.24202, 0.25109, 0.12485, 0.27683], [0.06485, 0.18611, 0.15856, 0.22963, 0.24202, 0.0, 0.01786, 0.14752, 0.16001], [0.08196, 0.1988, 0.1726, 0.23954, 0.25109, 0.01786, 0.0, 0.16209, 0.14637], [0.08874, 0.04736, 0.01306, 0.10653, 0.12485, 0.14752, 0.16209, 0.0, 0.24653], [0.2035, 0.26152, 0.25091, 0.27384, 0.27683, 0.16001, 0.14637, 0.24653, 0.0]], "features_1": [[-0.3161600284614079, 0.7825785105050485, 0.0, 0.23120220770311484, 0.4986025502131929, 0.12956158230250905, 0.2330008012617725, 0.6807350581970328, 0.35761050965201524, 0.18066712329332013, 0.007225183508792421, 0.6377051533973637, 0.6586115285554005, 0.6750678969762555, 0.7789026586794137, 0.6950313852548713, 0.5779618635783758], [0.16166088769450715, 0.6408911657823749, 0.0, 0.26126321358076193, 0.46572675428687693, 0.12405984790429288, 0.3322747583761519, 0.6866018202692712, 0.3436250538128589, 0.14143721604241555, 0.007001439975721224, 0.5947386199450269, 0.6509033488961252, 0.6787512066549377, 0.7763331079650599, 0.6853286667999419, 0.5884819282117486], [-0.055867454213538004, 0.7502692850972705, 0.0, 0.2525511208688739, 0.49734488980414326, 0.12592917086321345, 0.2733385672331224, 0.6843252489602312, 0.35015923839834806, 0.1669410327096399, 0.007225183508792421, 0.6178463515802846, 0.6394413668976822, 0.658053726256455, 0.7738513460545542, 0.7062132786421743, 0.5833872960491481], [0.20963752971165706, 0.8218576239830446, 0.0, 0.2537333143805778, 0.5122158692057743, 0.129037963791195, 0.31329548766932974, 0.6817056501399139, 0.35026197047154795, 0.18219695103371758, 0.007281081678807366, 0.6083685224389563, 0.6397412007118793, 0.6523205429860466, 0.7778027570415711, 0.7093092510561699, 0.5917793810595214], [0.03092672102683114, 0.6849963362117293, 0.0, 0.25317370674766887, 0.4826003908709922, 0.12352365547136174, 0.3594234763699049, 0.6873860631557681, 0.3409370919072803, 0.15089635984759875, 0.00711334193318236, 0.6029132648653053, 0.6654816260325147, 0.6771994627186488, 0.7781577961844349, 0.6951647031065388, 0.5822567015391965], [-0.07806385160335694, 0.7915588117538728, 0.0, 0.25127045029098233, 0.5062775025140241, 0.13014599199963492, 0.31171397561987674, 0.6819254195579794, 0.3737777492379284, 0.18030115772217914, 0.007504523810135222, 0.6161509126807756, 0.6505668202508706, 0.6736560737531009, 0.787776954641453, 0.7040211661934709, 0.5919967239167061], [-0.1441999819895785, 0.8286743901276958, 0.0, 0.253542673042931, 0.5190347381183713, 0.12502151395199923, 0.38184185545429444, 0.6852724648270411, 0.332609304965356, 0.1814135792204774, 0.006721420376576193, 0.6082838781344972, 0.631982502247581, 0.6527940759706066, 0.7656981798338328, 0.6823006154633054, 0.5628617066677769], [-0.16450332744280072, 0.6849137273134762, 0.0, 0.218228887857648, 0.48423473276928874, 0.12273218508096517, 0.34042101770676536, 0.6875956759298085, 0.338367484744567, 0.1505402340379769, 0.00711334193318236, 0.6101194711835602, 0.6553245429669176, 0.6779821913629914, 0.7743811092545845, 0.6903355899512085, 0.5627774679546249], [-0.14253302568414306, 0.6988733627964986, 0.0, 0.20361580532835463, 0.4864151924687018, 0.1228663857330522, 0.3519142239449081, 0.6875169317541838, 0.3465031031792456, 0.1545105609320201, 0.007392832833969631, 0.6109629762829385, 0.6418864155298794, 0.666922940969776, 0.7736823962320276, 0.6838811255611319, 0.5513401439241565]], "features_2": [[0.15300353874605355, 0.8890731709467996, 0.0, 0.30663679809902383, 0.5204469880502653, 0.14156468318837526, 0.271138166953066, 0.6708342886739931, 0.45053584225125465, 0.21810636113167092, 0.007950687539111767, 0.6169932555115105, 0.6716784477729081, 0.684711812834531, 0.8119052271090199, 0.7278202964033337, 0.6379848037956943], [0.7179669571242986, 0.6925590426024424, 0.0, 0.30161744510203703, 0.4736495092392686, 0.13939681384725133, 0.3783758153785158, 0.6773767492115979, 0.4365363389673731, 0.1653017834123438, 0.00783923647221818, 0.6066291005666273, 0.653902483698723, 0.6370489469307962, 0.8198479342651506, 0.740754778464427, 0.637001223810797], [0.5173497569424605, 0.8703526891010975, 0.0, 0.3101037632873539, 0.5272534609358794, 0.13698390601599103, 0.298483886124086, 0.67646795823851, 0.42739021832290947, 0.20416369546623248, 0.008117752083540042, 0.60415045373022, 0.6572229858427896, 0.6781484488143159, 0.8053831726422808, 0.7189357097814869, 0.6334976912196453], [0.1719821402544448, 0.8926059108408508, 0.0, 0.24385483792701812, 0.525953295199265, 0.13966444225514843, 0.2398195644101399, 0.6716076020768647, 0.437623568527151, 0.21478979656288666, 0.008006390651371653, 0.6176187232868597, 0.6666789713192498, 0.6908824848110982, 0.8043551481206035, 0.7149468601121298, 0.6340238345526109], [0.6076829802986281, 0.6376073117327747, 0.0, 0.27469459021280457, 0.454094415042517, 0.14146743359912814, 0.34473473448337943, 0.6746348473141588, 0.44188949861800886, 0.1539477409577903, 0.008062078829516484, 0.615500996275737, 0.6740726779574076, 0.6700293714446401, 0.8208220938313274, 0.7441894289918597, 0.6475645728493753], [0.46412445488176646, 0.861355034164011, 0.0, 0.30878474719425314, 0.5241045012517018, 0.1414473910173669, 0.3114680250760166, 0.6733339755223346, 0.4592117750072029, 0.20835422418636518, 0.008673665988278678, 0.6113364130263177, 0.6776952981497958, 0.6861190062067329, 0.8123417946556473, 0.7256932902353077, 0.6399179353558226], [0.6201445326829438, 0.8196604645627289, 0.0, 0.23011239916272214, 0.5137057818410455, 0.13634481537428042, 0.2937415172029077, 0.6767544725098555, 0.41633817948328966, 0.19317464009319396, 0.008117752083540042, 0.5936028700323002, 0.651457758509957, 0.6876884764488981, 0.802840029186893, 0.7184615817869768, 0.6330646970298069], [0.3966259582669869, 0.6007904448263589, 0.0, 0.3047819478925145, 0.44353320531379065, 0.13977912579810042, 0.3163135080879897, 0.6749608697270584, 0.44627715895541664, 0.14752410930040627, 0.00822905385914674, 0.6186890454424803, 0.6606532051261779, 0.6871731368185799, 0.8127553756058189, 0.7323389123353952, 0.6468782738907063], [1.0145725521253652, 0.7202750950601939, 0.0, 0.3569254857606759, 0.4911028405151364, 0.1331601267296793, 0.3603785981409537, 0.681184257841607, 0.4138913773293118, 0.16690101673545255, 0.008117752083540042, 0.5867065541048948, 0.654799262022518, 0.6612642118457794, 0.8008653179768062, 0.7382845455932394, 0.632914825297049]]}