{"labels_1": ["1", "2", "3", "4", "5", "6", "7", "8", "9"], "labels_2": ["1", "2", "3", "4", "5", "6", "7", "8", "9"], "adj_matrix_1": [[0.0, 0.26661, 0.35791, 0.0528, 0.18546, 0.33798, 0.23355, 0.26147, 0.33021], [0.26661, 0.0, 0.14895, 0.22259, 0.09553, 0.10809, 0.04129, 0.00677, 0.09432], [0.35791, 0.14895, 0.0, 0.32763, 0.23108, 0.044, 0.18553, 0.15506, 0.05825], [0.0528, 0.22259, 0.32763, 0.0, 0.13598, 0.30319, 0.18685, 0.21696, 0.29405], [0.18546, 0.09553, 0.23108, 0.13598, 0.0, 0.19586, 0.05497, 0.08896, 0.1836], [0.33798, 0.10809, 0.044, 0.30319, 0.19586, 0.0, 0.14684, 0.11456, 0.01442], [0.23355, 0.04129, 0.18553, 0.18685, 0.05497, 0.14684, 0.0, 0.03455, 0.13361], [0.26147, 0.00677, 0.15506, 0.21696, 0.08896, 0.11456, 0.03455, 0.0, 0.10084], [0.33021, 0.09432, 0.05825, 0.29405, 0.1836, 0.01442, 0.13361, 0.10084, 0.0]], "adj_matrix_2": [[0.0, 0.34941, 0.11336, 0.26449, 0.36398, 0.05915, 0.06721, 0.11456, 0.38844], [0.34941, 0.0, 0.3745, 0.23121, 0.02748, 0.36787, 0.31548, 0.28336, 0.0779], [0.11336, 0.3745, 0.0, 0.23423, 0.38224, 0.05642, 0.1733, 0.2128, 0.39451], [0.26449, 0.23121, 0.23423, 0.0, 0.22627, 0.25273, 0.27069, 0.2711, 0.2173], [0.36398, 0.02748, 0.38224, 0.22627, 0.0, 0.37897, 0.33363, 0.30381, 0.05063], [0.05915, 0.36787, 0.05642, 0.25273, 0.37897, 0.0, 0.12384, 0.16798, 0.39723], [0.06721, 0.31548, 0.1733, 0.27069, 0.33363, 0.12384, 0.0, 0.0491, 0.36478], [0.11456, 0.28336, 0.2128, 0.2711, 0.30381, 0.16798, 0.0491, 0.0, 0.33939], [0.38844, 0.0779, 0.39451, 0.2173, 0.05063, 0.39723, 0.36478, 0.33939, 0.0]], "features_1": [[-0.18687902233519216, 0.937523609922257, 0.0, 0.22091686349866302, 0.542325353364906, 0.13323396010757949, 0.3266736023690321, 0.6805714759791821, 0.40264418334068286, 0.21557679431372012, 0.007504523810135222, 0.6367607677509799, 0.6761848355582845, 0.6815886230388477, 0.7974581185373975, 0.7093329755930536, 0.6149941517857124], [-0.10042196722370678, 0.8199505754022807, 0.0, 0.2627452667802776, 0.5226957410238686, 0.1250023904763244, 0.41865754648721987, 0.6875107813015796, 0.36631054985746414, 0.18226040828622692, 0.00716927026363523, 0.6178530698659683, 0.6567384015878581, 0.6721847157122579, 0.7864167114268281, 0.700761666278171, 0.5761767731709223], [-0.23581524670757048, 0.9658971628929394, 0.0, 0.21590414583328385, 0.5614233523503649, 0.1250347944739315, 0.46867089092820535, 0.6879920298778395, 0.36811298829179884, 0.21233648554004358, 0.00711334193318236, 0.6193231002992334, 0.6793580137259655, 0.6983103614217816, 0.7889460719405461, 0.7164304443242412, 0.5777695501436072], [-0.3432804786842225, 0.9480119465849836, 0.0, 0.20101562395347108, 0.5514613361117735, 0.12760079431095925, 0.3901344278855511, 0.6854214758646671, 0.37257500525652465, 0.21215387233720517, 0.00711334193318236, 0.6333383230885956, 0.6733029986127224, 0.6914411030996827, 0.787614068121497, 0.7052239595120912, 0.589518570025899], [-0.057102667366905724, 0.8736429553339345, 0.0, 0.25804148234398505, 0.5354783312947854, 0.12453975112073562, 0.36329748664902156, 0.687164737978758, 0.3641038340834273, 0.19126349731612247, 0.007281081678807366, 0.6187615654998642, 0.6540350605443895, 0.6540677502551612, 0.7805672696927074, 0.6945572428112888, 0.5652621759562394], [-0.24068320260561382, 1.0596886785334623, 0.0, 0.23114417117275002, 0.5853138649769364, 0.12430712655275206, 0.4985446850125079, 0.6890387162856595, 0.3691278705065366, 0.22932244295888338, 0.007336964783822175, 0.6214557794047437, 0.6528154646992786, 0.6786993098899281, 0.7892826141378119, 0.7106306643371567, 0.5556089057029892], [-0.21227685701367216, 0.914916516563499, 0.0, 0.22182436753247314, 0.5493553095001849, 0.12518051004083994, 0.40194191590347683, 0.6871812454155674, 0.37163014202171296, 0.20434783167744452, 0.007225183508792421, 0.6182960099467252, 0.6518114374522541, 0.6770060572657711, 0.781791687543351, 0.6940746158790805, 0.5878687721201831], [0.268692695804182, 0.9691634804387849, 0.0, 0.2736216362324146, 0.5648877439373499, 0.11816182318901419, 0.31837283957872486, 0.690034907094712, 0.3154571984889345, 0.19724438280905177, 0.00677745458930179, 0.5987812229157179, 0.6278035555516984, 0.6272772203774779, 0.7581818804789632, 0.6784906325601427, 0.5437977942442751], [0.19527869974861733, 0.9494370263940908, 0.0, 0.283801840893968, 0.5643225795684398, 0.11805585027202636, 0.34997848672798637, 0.6904013059058638, 0.3143734088202286, 0.19402674368344397, 0.0064410216040902135, 0.600291214145154, 0.6386091232146544, 0.6544362524583455, 0.7619260779706923, 0.7002052325723999, 0.5656372508225861]], "features_2": [[0.2845977038372953, 0.9639416014611865, 0.0, 0.2298079534615874, 0.5396609972916752, 0.13393180103665056, 0.3353462284653389, 0.6770539450580569, 0.382214657735493, 0.2204310132873264, 0.007783488497544067, 0.6090813646068343, 0.6587444856244381, 0.6935268072649158, 0.791419646076444, 0.7197181090464261, 0.577678613956826], [-0.2627669519359803, 0.7440566949091437, 0.0, 0.19898788971539422, 0.4806226078198415, 0.13562400742022915, 0.2977413470237934, 0.6752856521001329, 0.3972152605217836, 0.18008452415231258, 0.008006390651371653, 0.6382559171094224, 0.6565724065653703, 0.6758708196899866, 0.7957511013038985, 0.7206731556830166, 0.5868340829798082], [0.2100449292881259, 0.8329885013878581, 0.0, 0.22698765985413227, 0.5145493308883252, 0.13106932958319695, 0.3079875802041137, 0.6802106009960383, 0.37874363398577127, 0.19255619167122062, 0.007336964783822175, 0.6024205041419548, 0.6569282760889384, 0.6749844916557308, 0.7889509453740878, 0.7024327635583647, 0.5801150795003683], [1.1292375193740263, 0.833427944677816, 0.0, 0.291057515001782, 0.5155342525818781, 0.12887943605614435, 0.3255624990644307, 0.6822043569492917, 0.372667427252664, 0.1857938341913159, 0.007783488497544067, 0.5768249615736916, 0.6462265192738356, 0.6708716949784216, 0.7848924760302066, 0.7209156144865121, 0.5618952253304175], [-0.3464780434716115, 0.7772282344707511, 0.0, 0.21387571733268598, 0.4928636657839406, 0.13364807234933926, 0.27101440576101227, 0.6769340088169401, 0.3954068697265338, 0.18711497752622464, 0.008006390651371653, 0.6415680182035386, 0.6675648368642435, 0.6945821069074621, 0.7908461790645528, 0.7094813989468428, 0.5824539918919465], [-0.017541732189524595, 0.795257237351023, 0.0, 0.23144550641489015, 0.5075481078032879, 0.1313802186376364, 0.401280792220129, 0.6825182794142797, 0.3936630802332941, 0.18730140633683723, 0.007448685839370306, 0.613940177972234, 0.6705711135306973, 0.6998425666429302, 0.8008916162758185, 0.7278965651721672, 0.5814927175951434], [0.25067967467639285, 0.8527264838173013, 0.0, 0.23242507671964066, 0.5203199215738354, 0.1273675603413909, 0.23542205844294273, 0.6820123452091728, 0.35609040000368, 0.1892915728118667, 0.007225183508792421, 0.604055712882968, 0.6288828696014014, 0.645862397393722, 0.7706432449537358, 0.692342456460399, 0.5557456879424058], [-0.2925122527938169, 0.7099560381446418, 0.0, 0.2534436821201334, 0.4904505955613998, 0.12307056632460178, 0.3490592192908558, 0.6873882497352136, 0.34366459035708896, 0.15829622448266156, 0.007281081678807366, 0.6181236756584048, 0.6500121602027065, 0.6697238156098245, 0.7767541989292426, 0.6775001477121007, 0.5640192415646711], [-0.5885432503150376, 0.7151530861796506, 0.0, 0.19516353679287082, 0.4868677287862606, 0.12491795167172255, 0.29761542930411766, 0.6854001585538891, 0.3453529101695507, 0.16326898470070605, 0.007281081678807366, 0.6409468847145621, 0.6580947287759719, 0.6853639388345097, 0.7756218187499774, 0.6735088168825777, 0.5663790789144364]]}