{"labels_1": ["1", "2", "3", "4", "5", "6", "7", "8", "9"], "labels_2": ["1", "2", "3", "4", "5", "6", "7", "8", "9"], "adj_matrix_1": [[0.0, 0.12133, 0.1109, 0.0947, 0.12312, 0.23346, 0.13081, 0.02184, 0.07427], [0.12133, 0.0, 0.21213, 0.20028, 0.00195, 0.26675, 0.01039, 0.14085, 0.04961], [0.1109, 0.21213, 0.0, 0.01761, 0.21349, 0.17083, 0.21923, 0.09065, 0.17506], [0.0947, 0.20028, 0.01761, 0.0, 0.20172, 0.18265, 0.20783, 0.07394, 0.16123], [0.12312, 0.00195, 0.21349, 0.20172, 0.0, 0.26703, 0.00844, 0.14258, 0.05153], [0.23346, 0.26675, 0.17083, 0.18265, 0.26703, 0.0, 0.26805, 0.22409, 0.25742], [0.13081, 0.01039, 0.21923, 0.20783, 0.00844, 0.26805, 0.0, 0.14994, 0.05983], [0.02184, 0.14085, 0.09065, 0.07394, 0.14258, 0.22409, 0.14994, 0.0, 0.09516], [0.07427, 0.04961, 0.17506, 0.16123, 0.05153, 0.25742, 0.05983, 0.09516, 0.0]], "adj_matrix_2": [[0.0, 0.00818, 0.06222, 0.05203, 0.11481, 0.24308, 0.10724, 0.18573, 0.21543], [0.00818, 0.0, 0.07024, 0.06009, 0.12245, 0.24804, 0.11494, 0.19235, 0.22135], [0.06222, 0.07024, 0.0, 0.01036, 0.05463, 0.20147, 0.04662, 0.13237, 0.16708], [0.05203, 0.06009, 0.01036, 0.0, 0.0648, 0.20889, 0.05684, 0.1416, 0.17556], [0.11481, 0.12245, 0.05463, 0.0648, 0.0, 0.15882, 0.00813, 0.08128, 0.11938], [0.24308, 0.24804, 0.20147, 0.20889, 0.15882, 0.0, 0.16546, 0.0854, 0.04582], [0.10724, 0.11494, 0.04662, 0.05684, 0.00813, 0.16546, 0.0, 0.08904, 0.1267], [0.18573, 0.19235, 0.13237, 0.1416, 0.08128, 0.0854, 0.08904, 0.0, 0.04077], [0.21543, 0.22135, 0.16708, 0.17556, 0.11938, 0.04582, 0.1267, 0.04077, 0.0]], "features_1": [[0.11977489420580278, 1.1171541942314058, 0.0, 0.20978683245418753, 0.5541696932268392, 0.14655782250421065, 0.263677044410656, 0.6625213225097225, 0.4399146779506595, 0.26952348005096227, 0.008451478759474051, 0.6196176785015901, 0.6846919394323188, 0.7220961818702204, 0.8177503567203509, 0.740862248942077, 0.6121289876855929], [0.009063126214427175, 0.991901374757144, 0.0, 0.20844747598036656, 0.5378210197200398, 0.14160000689197114, 0.35002201984415465, 0.6724320235684609, 0.43388223564065553, 0.23959749858157875, 0.008562602043175715, 0.6146730816160391, 0.6918647374511424, 0.737775455828711, 0.8192226888414161, 0.7633388441979966, 0.611741010624272], [0.37961529546561934, 1.0659217853784855, 0.0, 0.2162434658825743, 0.5492637931762722, 0.1460524915166574, 0.2790631130054372, 0.6658496580826914, 0.4513062250527231, 0.2567627136925803, 0.008562602043175715, 0.6069907359027615, 0.6886677451033782, 0.7328273213858141, 0.8219162993304511, 0.7592542607261225, 0.6250383012166554], [0.2886095521646457, 1.0629095051201773, 0.0, 0.2139046679957381, 0.5498456512768982, 0.1419095181960223, 0.24761736209353344, 0.6669572064340461, 0.42461913465811385, 0.2512437383820174, 0.00822905385914674, 0.6076089638498599, 0.6683587251784725, 0.7050000073447932, 0.8034494883786848, 0.7324055254942916, 0.6004163753723111], [0.07286077289833148, 0.9782594113748977, 0.0, 0.22275282854009826, 0.5372259209575556, 0.1412721009979726, 0.406831489907119, 0.6749752588376512, 0.4270793359421172, 0.23559934346654, 0.00822905385914674, 0.6167330652856808, 0.6973099984631166, 0.7452981299368986, 0.8235659183671291, 0.7832596047025168, 0.6123426564173583], [0.7987432555536409, 1.1451064635676134, 0.0, 0.22648750397453762, 0.5640757537444291, 0.14762499139342697, 0.2368335857018195, 0.6627989323210002, 0.4606430852220271, 0.2690951966297621, 0.00822905385914674, 0.5976096350199951, 0.679052777004974, 0.7082165871303859, 0.8195485502075961, 0.7688534128678173, 0.6259383496460861], [-0.024350282494789433, 1.0756848320898726, 0.0, 0.2600779879473128, 0.5535588265486227, 0.14280435054026103, 0.30076933067870115, 0.6686699211912475, 0.4429346061754664, 0.2597633791832661, 0.008562602043175715, 0.6178961520909048, 0.6835419423742024, 0.7204518652094142, 0.8129966982101827, 0.742106848622459, 0.6115448310764684], [0.27457921161611765, 0.9482681874754004, 0.0, 0.23436242897899354, 0.5310088234851402, 0.1415369675701601, 0.3864485303170383, 0.674235340050783, 0.44071682946567314, 0.2296376658420507, 0.00822905385914674, 0.6113287838003458, 0.6780737209205134, 0.7289796840259767, 0.8203876921704087, 0.7764386724272522, 0.618542136507641], [0.35273549588003306, 0.9570858299391581, 0.0, 0.3118573875578519, 0.5316342610492657, 0.1433997279533906, 0.37047807154455936, 0.6719833996354155, 0.45770600274526174, 0.23498140341333307, 0.008673665988278678, 0.6169935506705211, 0.6902520527397198, 0.7313964239479311, 0.8221528546053318, 0.7632523487090837, 0.6172383654589029]], "features_2": [[0.054918273092084746, 0.9918481855818111, 0.0, 0.19893896141466486, 0.5193570478973515, 0.15216191631758824, 0.254298108877591, 0.6488622861019391, 0.48335383491536477, 0.24920534703531172, 0.008284682400665488, 0.63019837033618, 0.6647480058331338, 0.7100993510435566, 0.8063545454075368, 0.7269622384293283, 0.6184872272972398], [-0.10326980574158462, 0.8411813118803707, 0.0, 0.21651438775616627, 0.49120746519874403, 0.14949808898784872, 0.417515316419972, 0.6599815951020733, 0.4671047760863658, 0.21518893934740446, 0.008618141428105908, 0.6304737090508734, 0.662311090131382, 0.7147796681284662, 0.8102177111706519, 0.7336436946690625, 0.6062275191062734], [-0.024735744748347166, 0.9318910462080959, 0.0, 0.22766749266766076, 0.5217276972577061, 0.14845635534761084, 0.4270776801826635, 0.6621296161913466, 0.4597905632737844, 0.23148161634918463, 0.008284682400665488, 0.624785897810181, 0.6705074105350773, 0.6986712533368006, 0.8086265764512285, 0.7203879828379783, 0.6208772847051502], [-0.011049187680806316, 0.9245644945147821, 0.0, 0.21189033528497037, 0.5190061672627702, 0.14819040394752417, 0.34704350544570983, 0.6612252470977926, 0.4685911027026828, 0.23137369692271736, 0.008284682400665488, 0.6227557018733774, 0.6658744165451571, 0.7060230528136513, 0.8093208465659831, 0.7210832412796709, 0.6277263523241602], [-0.1316563419680885, 0.8786463891965038, 0.0, 0.21428351304051899, 0.5034680094299822, 0.14971872099371786, 0.4813880797690736, 0.6608045242827919, 0.46851185222433944, 0.22392599918389755, 0.008618141428105908, 0.6286671153091934, 0.6701245507351873, 0.7195286277594001, 0.8085497390469103, 0.7336239255159347, 0.6089039470970907], [-0.07586560353485838, 0.9536028521671209, 0.0, 0.20725468102003652, 0.5341730249046611, 0.14805690473406974, 0.5816516098354093, 0.6678315370784607, 0.4586214552553558, 0.23584176843687432, 0.008451478759474051, 0.6145383786247431, 0.6769528585704715, 0.7043458337326463, 0.8122928944229041, 0.7141759760508386, 0.6195386291143655], [-0.18553996975541942, 0.9493458311513991, 0.0, 0.21262288740255197, 0.5245828056620414, 0.1482599048816618, 0.43224575565096474, 0.6623639898868795, 0.4626818173724834, 0.23726974762412878, 0.008507047823598457, 0.6230390831911443, 0.6623992778931943, 0.6961547016239006, 0.8078837759252911, 0.7196108711139677, 0.6187791849906357], [0.010694580187902591, 0.8671965182108372, 0.0, 0.20045409798781075, 0.5090012905812503, 0.14597265179154137, 0.5299470963730165, 0.6674334026731275, 0.4376607221882862, 0.21490975097637643, 0.00822905385914674, 0.6081433124046276, 0.6447292679456829, 0.6940039562799271, 0.805253774405062, 0.7256765036295714, 0.6188239821674606], [0.14285541138057223, 0.8750128102407386, 0.0, 0.20006434560843966, 0.5157851086045978, 0.1449625874472888, 0.5805584276741946, 0.6706375420968385, 0.44263258322270027, 0.2136634061877536, 0.00822905385914674, 0.6077233686844368, 0.6570145190683858, 0.6786391540703667, 0.8070518198546641, 0.7282545641716739, 0.6264401410763838]]}