{"labels_1": ["1", "2", "3", "4", "5", "6", "7", "8", "9"], "labels_2": ["1", "2", "3", "4", "5", "6", "7", "8", "9"], "adj_matrix_1": [[0.0, 0.12133, 0.1109, 0.0947, 0.12312, 0.23346, 0.13081, 0.02184, 0.07427], [0.12133, 0.0, 0.21213, 0.20028, 0.00195, 0.26675, 0.01039, 0.14085, 0.04961], [0.1109, 0.21213, 0.0, 0.01761, 0.21349, 0.17083, 0.21923, 0.09065, 0.17506], [0.0947, 0.20028, 0.01761, 0.0, 0.20172, 0.18265, 0.20783, 0.07394, 0.16123], [0.12312, 0.00195, 0.21349, 0.20172, 0.0, 0.26703, 0.00844, 0.14258, 0.05153], [0.23346, 0.26675, 0.17083, 0.18265, 0.26703, 0.0, 0.26805, 0.22409, 0.25742], [0.13081, 0.01039, 0.21923, 0.20783, 0.00844, 0.26805, 0.0, 0.14994, 0.05983], [0.02184, 0.14085, 0.09065, 0.07394, 0.14258, 0.22409, 0.14994, 0.0, 0.09516], [0.07427, 0.04961, 0.17506, 0.16123, 0.05153, 0.25742, 0.05983, 0.09516, 0.0]], "adj_matrix_2": [[0.0, 0.34941, 0.11336, 0.26449, 0.36398, 0.05915, 0.06721, 0.11456, 0.38844], [0.34941, 0.0, 0.3745, 0.23121, 0.02748, 0.36787, 0.31548, 0.28336, 0.0779], [0.11336, 0.3745, 0.0, 0.23423, 0.38224, 0.05642, 0.1733, 0.2128, 0.39451], [0.26449, 0.23121, 0.23423, 0.0, 0.22627, 0.25273, 0.27069, 0.2711, 0.2173], [0.36398, 0.02748, 0.38224, 0.22627, 0.0, 0.37897, 0.33363, 0.30381, 0.05063], [0.05915, 0.36787, 0.05642, 0.25273, 0.37897, 0.0, 0.12384, 0.16798, 0.39723], [0.06721, 0.31548, 0.1733, 0.27069, 0.33363, 0.12384, 0.0, 0.0491, 0.36478], [0.11456, 0.28336, 0.2128, 0.2711, 0.30381, 0.16798, 0.0491, 0.0, 0.33939], [0.38844, 0.0779, 0.39451, 0.2173, 0.05063, 0.39723, 0.36478, 0.33939, 0.0]], "features_1": [[0.11977489420580278, 1.1171541942314058, 0.0, 0.20978683245418753, 0.5541696932268392, 0.14655782250421065, 0.263677044410656, 0.6625213225097225, 0.4399146779506595, 0.26952348005096227, 0.008451478759474051, 0.6196176785015901, 0.6846919394323188, 0.7220961818702204, 0.8177503567203509, 0.740862248942077, 0.6121289876855929], [0.009063126214427175, 0.991901374757144, 0.0, 0.20844747598036656, 0.5378210197200398, 0.14160000689197114, 0.35002201984415465, 0.6724320235684609, 0.43388223564065553, 0.23959749858157875, 0.008562602043175715, 0.6146730816160391, 0.6918647374511424, 0.737775455828711, 0.8192226888414161, 0.7633388441979966, 0.611741010624272], [0.37961529546561934, 1.0659217853784855, 0.0, 0.2162434658825743, 0.5492637931762722, 0.1460524915166574, 0.2790631130054372, 0.6658496580826914, 0.4513062250527231, 0.2567627136925803, 0.008562602043175715, 0.6069907359027615, 0.6886677451033782, 0.7328273213858141, 0.8219162993304511, 0.7592542607261225, 0.6250383012166554], [0.2886095521646457, 1.0629095051201773, 0.0, 0.2139046679957381, 0.5498456512768982, 0.1419095181960223, 0.24761736209353344, 0.6669572064340461, 0.42461913465811385, 0.2512437383820174, 0.00822905385914674, 0.6076089638498599, 0.6683587251784725, 0.7050000073447932, 0.8034494883786848, 0.7324055254942916, 0.6004163753723111], [0.07286077289833148, 0.9782594113748977, 0.0, 0.22275282854009826, 0.5372259209575556, 0.1412721009979726, 0.406831489907119, 0.6749752588376512, 0.4270793359421172, 0.23559934346654, 0.00822905385914674, 0.6167330652856808, 0.6973099984631166, 0.7452981299368986, 0.8235659183671291, 0.7832596047025168, 0.6123426564173583], [0.7987432555536409, 1.1451064635676134, 0.0, 0.22648750397453762, 0.5640757537444291, 0.14762499139342697, 0.2368335857018195, 0.6627989323210002, 0.4606430852220271, 0.2690951966297621, 0.00822905385914674, 0.5976096350199951, 0.679052777004974, 0.7082165871303859, 0.8195485502075961, 0.7688534128678173, 0.6259383496460861], [-0.024350282494789433, 1.0756848320898726, 0.0, 0.2600779879473128, 0.5535588265486227, 0.14280435054026103, 0.30076933067870115, 0.6686699211912475, 0.4429346061754664, 0.2597633791832661, 0.008562602043175715, 0.6178961520909048, 0.6835419423742024, 0.7204518652094142, 0.8129966982101827, 0.742106848622459, 0.6115448310764684], [0.27457921161611765, 0.9482681874754004, 0.0, 0.23436242897899354, 0.5310088234851402, 0.1415369675701601, 0.3864485303170383, 0.674235340050783, 0.44071682946567314, 0.2296376658420507, 0.00822905385914674, 0.6113287838003458, 0.6780737209205134, 0.7289796840259767, 0.8203876921704087, 0.7764386724272522, 0.618542136507641], [0.35273549588003306, 0.9570858299391581, 0.0, 0.3118573875578519, 0.5316342610492657, 0.1433997279533906, 0.37047807154455936, 0.6719833996354155, 0.45770600274526174, 0.23498140341333307, 0.008673665988278678, 0.6169935506705211, 0.6902520527397198, 0.7313964239479311, 0.8221528546053318, 0.7632523487090837, 0.6172383654589029]], "features_2": [[0.2845977038372953, 0.9639416014611865, 0.0, 0.2298079534615874, 0.5396609972916752, 0.13393180103665056, 0.3353462284653389, 0.6770539450580569, 0.382214657735493, 0.2204310132873264, 0.007783488497544067, 0.6090813646068343, 0.6587444856244381, 0.6935268072649158, 0.791419646076444, 0.7197181090464261, 0.577678613956826], [-0.2627669519359803, 0.7440566949091437, 0.0, 0.19898788971539422, 0.4806226078198415, 0.13562400742022915, 0.2977413470237934, 0.6752856521001329, 0.3972152605217836, 0.18008452415231258, 0.008006390651371653, 0.6382559171094224, 0.6565724065653703, 0.6758708196899866, 0.7957511013038985, 0.7206731556830166, 0.5868340829798082], [0.2100449292881259, 0.8329885013878581, 0.0, 0.22698765985413227, 0.5145493308883252, 0.13106932958319695, 0.3079875802041137, 0.6802106009960383, 0.37874363398577127, 0.19255619167122062, 0.007336964783822175, 0.6024205041419548, 0.6569282760889384, 0.6749844916557308, 0.7889509453740878, 0.7024327635583647, 0.5801150795003683], [1.1292375193740263, 0.833427944677816, 0.0, 0.291057515001782, 0.5155342525818781, 0.12887943605614435, 0.3255624990644307, 0.6822043569492917, 0.372667427252664, 0.1857938341913159, 0.007783488497544067, 0.5768249615736916, 0.6462265192738356, 0.6708716949784216, 0.7848924760302066, 0.7209156144865121, 0.5618952253304175], [-0.3464780434716115, 0.7772282344707511, 0.0, 0.21387571733268598, 0.4928636657839406, 0.13364807234933926, 0.27101440576101227, 0.6769340088169401, 0.3954068697265338, 0.18711497752622464, 0.008006390651371653, 0.6415680182035386, 0.6675648368642435, 0.6945821069074621, 0.7908461790645528, 0.7094813989468428, 0.5824539918919465], [-0.017541732189524595, 0.795257237351023, 0.0, 0.23144550641489015, 0.5075481078032879, 0.1313802186376364, 0.401280792220129, 0.6825182794142797, 0.3936630802332941, 0.18730140633683723, 0.007448685839370306, 0.613940177972234, 0.6705711135306973, 0.6998425666429302, 0.8008916162758185, 0.7278965651721672, 0.5814927175951434], [0.25067967467639285, 0.8527264838173013, 0.0, 0.23242507671964066, 0.5203199215738354, 0.1273675603413909, 0.23542205844294273, 0.6820123452091728, 0.35609040000368, 0.1892915728118667, 0.007225183508792421, 0.604055712882968, 0.6288828696014014, 0.645862397393722, 0.7706432449537358, 0.692342456460399, 0.5557456879424058], [-0.2925122527938169, 0.7099560381446418, 0.0, 0.2534436821201334, 0.4904505955613998, 0.12307056632460178, 0.3490592192908558, 0.6873882497352136, 0.34366459035708896, 0.15829622448266156, 0.007281081678807366, 0.6181236756584048, 0.6500121602027065, 0.6697238156098245, 0.7767541989292426, 0.6775001477121007, 0.5640192415646711], [-0.5885432503150376, 0.7151530861796506, 0.0, 0.19516353679287082, 0.4868677287862606, 0.12491795167172255, 0.29761542930411766, 0.6854001585538891, 0.3453529101695507, 0.16326898470070605, 0.007281081678807366, 0.6409468847145621, 0.6580947287759719, 0.6853639388345097, 0.7756218187499774, 0.6735088168825777, 0.5663790789144364]]}