{"labels_1": ["1", "2", "3", "4", "5", "6", "7", "8", "9"], "labels_2": ["1", "2", "3", "4", "5", "6", "7", "8", "9"], "adj_matrix_1": [[0.0, 0.12133, 0.1109, 0.0947, 0.12312, 0.23346, 0.13081, 0.02184, 0.07427], [0.12133, 0.0, 0.21213, 0.20028, 0.00195, 0.26675, 0.01039, 0.14085, 0.04961], [0.1109, 0.21213, 0.0, 0.01761, 0.21349, 0.17083, 0.21923, 0.09065, 0.17506], [0.0947, 0.20028, 0.01761, 0.0, 0.20172, 0.18265, 0.20783, 0.07394, 0.16123], [0.12312, 0.00195, 0.21349, 0.20172, 0.0, 0.26703, 0.00844, 0.14258, 0.05153], [0.23346, 0.26675, 0.17083, 0.18265, 0.26703, 0.0, 0.26805, 0.22409, 0.25742], [0.13081, 0.01039, 0.21923, 0.20783, 0.00844, 0.26805, 0.0, 0.14994, 0.05983], [0.02184, 0.14085, 0.09065, 0.07394, 0.14258, 0.22409, 0.14994, 0.0, 0.09516], [0.07427, 0.04961, 0.17506, 0.16123, 0.05153, 0.25742, 0.05983, 0.09516, 0.0]], "adj_matrix_2": [[0.0, 0.22335, 0.11006, 0.24455, 0.03604, 0.24628, 0.2511, 0.14011, 0.13515], [0.22335, 0.0, 0.29736, 0.33382, 0.19369, 0.33338, 0.33178, 0.31239, 0.09963], [0.11006, 0.29736, 0.0, 0.16608, 0.14326, 0.16878, 0.17656, 0.03297, 0.22853], [0.24455, 0.33382, 0.16608, 0.0, 0.26452, 0.00347, 0.01375, 0.1385, 0.3079], [0.03604, 0.19369, 0.14326, 0.26452, 0.0, 0.26589, 0.26974, 0.17167, 0.10115], [0.24628, 0.33338, 0.16878, 0.00347, 0.26589, 0.0, 0.01029, 0.14142, 0.30833], [0.2511, 0.33178, 0.17656, 0.01375, 0.26974, 0.01029, 0.0, 0.14997, 0.30928], [0.14011, 0.31239, 0.03297, 0.1385, 0.17167, 0.14142, 0.14997, 0.0, 0.25073], [0.13515, 0.09963, 0.22853, 0.3079, 0.10115, 0.30833, 0.30928, 0.25073, 0.0]], "features_1": [[0.11977489420580278, 1.1171541942314058, 0.0, 0.20978683245418753, 0.5541696932268392, 0.14655782250421065, 0.263677044410656, 0.6625213225097225, 0.4399146779506595, 0.26952348005096227, 0.008451478759474051, 0.6196176785015901, 0.6846919394323188, 0.7220961818702204, 0.8177503567203509, 0.740862248942077, 0.6121289876855929], [0.009063126214427175, 0.991901374757144, 0.0, 0.20844747598036656, 0.5378210197200398, 0.14160000689197114, 0.35002201984415465, 0.6724320235684609, 0.43388223564065553, 0.23959749858157875, 0.008562602043175715, 0.6146730816160391, 0.6918647374511424, 0.737775455828711, 0.8192226888414161, 0.7633388441979966, 0.611741010624272], [0.37961529546561934, 1.0659217853784855, 0.0, 0.2162434658825743, 0.5492637931762722, 0.1460524915166574, 0.2790631130054372, 0.6658496580826914, 0.4513062250527231, 0.2567627136925803, 0.008562602043175715, 0.6069907359027615, 0.6886677451033782, 0.7328273213858141, 0.8219162993304511, 0.7592542607261225, 0.6250383012166554], [0.2886095521646457, 1.0629095051201773, 0.0, 0.2139046679957381, 0.5498456512768982, 0.1419095181960223, 0.24761736209353344, 0.6669572064340461, 0.42461913465811385, 0.2512437383820174, 0.00822905385914674, 0.6076089638498599, 0.6683587251784725, 0.7050000073447932, 0.8034494883786848, 0.7324055254942916, 0.6004163753723111], [0.07286077289833148, 0.9782594113748977, 0.0, 0.22275282854009826, 0.5372259209575556, 0.1412721009979726, 0.406831489907119, 0.6749752588376512, 0.4270793359421172, 0.23559934346654, 0.00822905385914674, 0.6167330652856808, 0.6973099984631166, 0.7452981299368986, 0.8235659183671291, 0.7832596047025168, 0.6123426564173583], [0.7987432555536409, 1.1451064635676134, 0.0, 0.22648750397453762, 0.5640757537444291, 0.14762499139342697, 0.2368335857018195, 0.6627989323210002, 0.4606430852220271, 0.2690951966297621, 0.00822905385914674, 0.5976096350199951, 0.679052777004974, 0.7082165871303859, 0.8195485502075961, 0.7688534128678173, 0.6259383496460861], [-0.024350282494789433, 1.0756848320898726, 0.0, 0.2600779879473128, 0.5535588265486227, 0.14280435054026103, 0.30076933067870115, 0.6686699211912475, 0.4429346061754664, 0.2597633791832661, 0.008562602043175715, 0.6178961520909048, 0.6835419423742024, 0.7204518652094142, 0.8129966982101827, 0.742106848622459, 0.6115448310764684], [0.27457921161611765, 0.9482681874754004, 0.0, 0.23436242897899354, 0.5310088234851402, 0.1415369675701601, 0.3864485303170383, 0.674235340050783, 0.44071682946567314, 0.2296376658420507, 0.00822905385914674, 0.6113287838003458, 0.6780737209205134, 0.7289796840259767, 0.8203876921704087, 0.7764386724272522, 0.618542136507641], [0.35273549588003306, 0.9570858299391581, 0.0, 0.3118573875578519, 0.5316342610492657, 0.1433997279533906, 0.37047807154455936, 0.6719833996354155, 0.45770600274526174, 0.23498140341333307, 0.008673665988278678, 0.6169935506705211, 0.6902520527397198, 0.7313964239479311, 0.8221528546053318, 0.7632523487090837, 0.6172383654589029]], "features_2": [[-0.05917465578606507, 0.7872253513565883, 0.0, 0.16496362658590955, 0.4801785351561767, 0.14158860190229136, 0.1433847597911722, 0.6637291650621171, 0.4310828721900697, 0.1952157326893289, 0.007950687539111767, 0.630655255056823, 0.6374384993005365, 0.6673958603394862, 0.7916395158338718, 0.6911365702621325, 0.5910435326094936], [-0.33399002762334895, 0.656916224473249, 0.0, 0.20957185259694175, 0.43873856194652505, 0.14053244262457898, 0.11592192024988321, 0.664393136781642, 0.4167833354957593, 0.16493219129839276, 0.007727725548673403, 0.6315860748659019, 0.6500800713636118, 0.6763497557353537, 0.786583532177741, 0.6835869714802442, 0.5770931431775416], [0.24637738341958304, 0.8054525417733985, 0.0, 0.20250039954616786, 0.48845870733108576, 0.14051158735912073, 0.13990031815600118, 0.6661239591437785, 0.43130468326970695, 0.19509971829116135, 0.007950687539111767, 0.6122167393327325, 0.6613310281774842, 0.6655813124480169, 0.7921356192394071, 0.7174993207619339, 0.5997361891864468], [0.2695170186496547, 0.809110669037203, 0.0, 0.22789537636389692, 0.4914425058485452, 0.13814402643645424, 0.1502641883142779, 0.6703330312034188, 0.41837496345640646, 0.19399451539623414, 0.007950687539111767, 0.6073540894558451, 0.6556220769546768, 0.6857739988229344, 0.789444955648193, 0.701030800820327, 0.5947426032372827], [-0.10337625860270983, 0.6481776121618003, 0.0, 0.22749632036913023, 0.4366214041021793, 0.13921503809451874, 0.10975032659917901, 0.6665229532046362, 0.408444861277685, 0.15978497396769864, 0.00783923647221818, 0.6201032102647441, 0.6301181541847197, 0.6605779537620972, 0.7843238006524426, 0.6985676452464056, 0.5665054992963678], [0.4802885669311925, 0.8422724192953419, 0.0, 0.21971014576167666, 0.4947086278743722, 0.14456494471299222, 0.16226032490437134, 0.6640103204545852, 0.45434936293708894, 0.20722610417707843, 0.008117752083540042, 0.6085897641514175, 0.6435454310591748, 0.6819590859681812, 0.8053469436923646, 0.7309621280008711, 0.6145031131538475], [0.26284447270731626, 0.7740924909982771, 0.0, 0.2187787525916942, 0.4900795788074326, 0.1327756296473644, 0.2088625610910782, 0.6778161325067366, 0.3892322300147164, 0.1806829225343587, 0.007616154688146137, 0.604204650777985, 0.628591036766944, 0.6501765915929547, 0.7843036300042329, 0.6994712960545929, 0.584047135351906], [0.7704800752828804, 0.63832824640969, 0.0, 0.24556403567343116, 0.4370277979934449, 0.13665342375515388, 0.18539262299978318, 0.6741677805784936, 0.409216344242455, 0.15144476723785028, 0.007560346756364078, 0.6075490754285191, 0.6436369866066447, 0.6755684259302492, 0.7905956379195278, 0.7193174013031676, 0.5787411281446218], [0.023747354248677244, 0.7034670535747479, 0.0, 0.1961163944275482, 0.46129419635243274, 0.13545294061914775, 0.17817230932560904, 0.6749864235469692, 0.39325810025273666, 0.16876273455333668, 0.008117752083540042, 0.6271074934939751, 0.652765225003743, 0.6794010292205732, 0.7865189153229819, 0.6917469050775065, 0.5722743965572705]]}