{"labels_1": ["1", "2", "3", "4", "5", "6", "7", "8", "9"], "labels_2": ["1", "2", "3", "4", "5", "6", "7", "8", "9"], "adj_matrix_1": [[0.0, 0.17962, 0.04428, 0.23221, 0.22445, 0.06925, 0.05958, 0.26088, 0.10122], [0.17962, 0.0, 0.14308, 0.0816, 0.2221, 0.12061, 0.22333, 0.1671, 0.25063], [0.04428, 0.14308, 0.0, 0.20468, 0.22917, 0.02541, 0.10242, 0.24742, 0.14216], [0.23221, 0.0816, 0.20468, 0.0, 0.19543, 0.18694, 0.26272, 0.09938, 0.28015], [0.22445, 0.2221, 0.22917, 0.19543, 0.0, 0.23045, 0.21531, 0.13456, 0.20747], [0.06925, 0.12061, 0.02541, 0.18694, 0.23045, 0.0, 0.12599, 0.23753, 0.16424], [0.05958, 0.22333, 0.10242, 0.26272, 0.21531, 0.12599, 0.0, 0.27289, 0.04288], [0.26088, 0.1671, 0.24742, 0.09938, 0.13456, 0.23753, 0.27289, 0.0, 0.27779], [0.10122, 0.25063, 0.14216, 0.28015, 0.20747, 0.16424, 0.04288, 0.27779, 0.0]], "adj_matrix_2": [[0.0, 0.00818, 0.06222, 0.05203, 0.11481, 0.24308, 0.10724, 0.18573, 0.21543], [0.00818, 0.0, 0.07024, 0.06009, 0.12245, 0.24804, 0.11494, 0.19235, 0.22135], [0.06222, 0.07024, 0.0, 0.01036, 0.05463, 0.20147, 0.04662, 0.13237, 0.16708], [0.05203, 0.06009, 0.01036, 0.0, 0.0648, 0.20889, 0.05684, 0.1416, 0.17556], [0.11481, 0.12245, 0.05463, 0.0648, 0.0, 0.15882, 0.00813, 0.08128, 0.11938], [0.24308, 0.24804, 0.20147, 0.20889, 0.15882, 0.0, 0.16546, 0.0854, 0.04582], [0.10724, 0.11494, 0.04662, 0.05684, 0.00813, 0.16546, 0.0, 0.08904, 0.1267], [0.18573, 0.19235, 0.13237, 0.1416, 0.08128, 0.0854, 0.08904, 0.0, 0.04077], [0.21543, 0.22135, 0.16708, 0.17556, 0.11938, 0.04582, 0.1267, 0.04077, 0.0]], "features_1": [[0.05312075200279143, 1.0585811272967702, 0.0, 0.2601391100865894, 0.5620407511464035, 0.13369940746648967, 0.22174337564264662, 0.675844252036422, 0.40088509370754344, 0.24101108705690422, 0.00783923647221818, 0.6147628046918523, 0.6308707127292603, 0.6424788321747972, 0.7831469026430075, 0.7064081902768609, 0.608265123480041], [0.9441269708510451, 0.8369617932025344, 0.0, 0.29037438466843607, 0.5258528123065507, 0.12460127860865344, 0.3729411922204712, 0.6862116517836554, 0.37736673629240713, 0.18087878789184186, 0.007950687539111767, 0.5849865233546352, 0.6199419050984741, 0.6328188454997277, 0.7756702476176108, 0.7059230646326178, 0.5984543463488069], [0.3614759863240997, 1.0164872291108225, 0.0, 0.2644776091125604, 0.56777171540394, 0.12929750741497598, 0.30671972838598266, 0.6824948963513106, 0.38594089009947274, 0.22177415485137253, 0.00783923647221818, 0.6005138999261534, 0.6544602983954579, 0.6612440894887146, 0.7840491273984521, 0.7189797616563516, 0.613030936334977], [0.6301905927959854, 1.0652323533991335, 0.0, 0.27897642771971165, 0.5776041995232631, 0.12746569855097076, 0.31447209807564674, 0.6833321502583883, 0.3712710058356885, 0.22805546837886226, 0.007504523810135222, 0.5873837992122859, 0.6425793755436412, 0.6609825459370422, 0.7769273662565139, 0.7037675038432557, 0.6019430944055649], [1.6991987055303062, 0.9028576758426365, 0.0, 0.2906289643453065, 0.5470179243094517, 0.1213655788133006, 0.3368494893286346, 0.687883770291845, 0.3596508760525243, 0.18599597887871888, 0.007616154688146137, 0.558636550299672, 0.610486364574713, 0.6200618542652657, 0.7636127525315838, 0.703072029329505, 0.593977942286871], [0.41016474755819754, 1.1207043448817735, 0.0, 0.2700990972581834, 0.5929018383546125, 0.13053826106084426, 0.36047934425647626, 0.6832477127602006, 0.3969256990298202, 0.2430372940227068, 0.007616154688146137, 0.5938997758219342, 0.6521785701590082, 0.6836250657015276, 0.7931923494089883, 0.7206159241415572, 0.6165173947625464], [0.2801481645142787, 1.0536638262159648, 0.0, 0.2931184677346754, 0.5878791878462231, 0.12055003951286594, 0.3640876069153549, 0.688904348282072, 0.33742130652530644, 0.2187905413292246, 0.007057398507269275, 0.5953799277747649, 0.642468738947931, 0.6587233860769711, 0.7685550153492889, 0.6925761953349611, 0.5928621747128995], [1.1113625256943056, 0.9513669393226952, 0.0, 0.30047582863127137, 0.5684170105565318, 0.11802208920024618, 0.35024482550334923, 0.6900674141838288, 0.3243386189721831, 0.19171929740063387, 0.007057398507269275, 0.5656207051933013, 0.6267092693869147, 0.6391225492716603, 0.7591470165189431, 0.6845099506282359, 0.5831351575524092], [-0.15849859813865486, 0.9830976778115725, 0.0, 0.2633123762383248, 0.5797064980362576, 0.11644643096035012, 0.3735770869790748, 0.6908617769968782, 0.30018080963917404, 0.20122273521479306, 0.006609306440138685, 0.6019430363678633, 0.641134282886838, 0.6647194791583718, 0.7585534617468433, 0.6794099831828518, 0.5797966887076835]], "features_2": [[0.054918273092084746, 0.9918481855818111, 0.0, 0.19893896141466486, 0.5193570478973515, 0.15216191631758824, 0.254298108877591, 0.6488622861019391, 0.48335383491536477, 0.24920534703531172, 0.008284682400665488, 0.63019837033618, 0.6647480058331338, 0.7100993510435566, 0.8063545454075368, 0.7269622384293283, 0.6184872272972398], [-0.10326980574158462, 0.8411813118803707, 0.0, 0.21651438775616627, 0.49120746519874403, 0.14949808898784872, 0.417515316419972, 0.6599815951020733, 0.4671047760863658, 0.21518893934740446, 0.008618141428105908, 0.6304737090508734, 0.662311090131382, 0.7147796681284662, 0.8102177111706519, 0.7336436946690625, 0.6062275191062734], [-0.024735744748347166, 0.9318910462080959, 0.0, 0.22766749266766076, 0.5217276972577061, 0.14845635534761084, 0.4270776801826635, 0.6621296161913466, 0.4597905632737844, 0.23148161634918463, 0.008284682400665488, 0.624785897810181, 0.6705074105350773, 0.6986712533368006, 0.8086265764512285, 0.7203879828379783, 0.6208772847051502], [-0.011049187680806316, 0.9245644945147821, 0.0, 0.21189033528497037, 0.5190061672627702, 0.14819040394752417, 0.34704350544570983, 0.6612252470977926, 0.4685911027026828, 0.23137369692271736, 0.008284682400665488, 0.6227557018733774, 0.6658744165451571, 0.7060230528136513, 0.8093208465659831, 0.7210832412796709, 0.6277263523241602], [-0.1316563419680885, 0.8786463891965038, 0.0, 0.21428351304051899, 0.5034680094299822, 0.14971872099371786, 0.4813880797690736, 0.6608045242827919, 0.46851185222433944, 0.22392599918389755, 0.008618141428105908, 0.6286671153091934, 0.6701245507351873, 0.7195286277594001, 0.8085497390469103, 0.7336239255159347, 0.6089039470970907], [-0.07586560353485838, 0.9536028521671209, 0.0, 0.20725468102003652, 0.5341730249046611, 0.14805690473406974, 0.5816516098354093, 0.6678315370784607, 0.4586214552553558, 0.23584176843687432, 0.008451478759474051, 0.6145383786247431, 0.6769528585704715, 0.7043458337326463, 0.8122928944229041, 0.7141759760508386, 0.6195386291143655], [-0.18553996975541942, 0.9493458311513991, 0.0, 0.21262288740255197, 0.5245828056620414, 0.1482599048816618, 0.43224575565096474, 0.6623639898868795, 0.4626818173724834, 0.23726974762412878, 0.008507047823598457, 0.6230390831911443, 0.6623992778931943, 0.6961547016239006, 0.8078837759252911, 0.7196108711139677, 0.6187791849906357], [0.010694580187902591, 0.8671965182108372, 0.0, 0.20045409798781075, 0.5090012905812503, 0.14597265179154137, 0.5299470963730165, 0.6674334026731275, 0.4376607221882862, 0.21490975097637643, 0.00822905385914674, 0.6081433124046276, 0.6447292679456829, 0.6940039562799271, 0.805253774405062, 0.7256765036295714, 0.6188239821674606], [0.14285541138057223, 0.8750128102407386, 0.0, 0.20006434560843966, 0.5157851086045978, 0.1449625874472888, 0.5805584276741946, 0.6706375420968385, 0.44263258322270027, 0.2136634061877536, 0.00822905385914674, 0.6077233686844368, 0.6570145190683858, 0.6786391540703667, 0.8070518198546641, 0.7282545641716739, 0.6264401410763838]]}