{"labels_1": ["1", "2", "3", "4", "5", "6", "7", "8", "9"], "labels_2": ["1", "2", "3", "4", "5", "6", "7", "8", "9"], "adj_matrix_1": [[0.0, 0.12133, 0.1109, 0.0947, 0.12312, 0.23346, 0.13081, 0.02184, 0.07427], [0.12133, 0.0, 0.21213, 0.20028, 0.00195, 0.26675, 0.01039, 0.14085, 0.04961], [0.1109, 0.21213, 0.0, 0.01761, 0.21349, 0.17083, 0.21923, 0.09065, 0.17506], [0.0947, 0.20028, 0.01761, 0.0, 0.20172, 0.18265, 0.20783, 0.07394, 0.16123], [0.12312, 0.00195, 0.21349, 0.20172, 0.0, 0.26703, 0.00844, 0.14258, 0.05153], [0.23346, 0.26675, 0.17083, 0.18265, 0.26703, 0.0, 0.26805, 0.22409, 0.25742], [0.13081, 0.01039, 0.21923, 0.20783, 0.00844, 0.26805, 0.0, 0.14994, 0.05983], [0.02184, 0.14085, 0.09065, 0.07394, 0.14258, 0.22409, 0.14994, 0.0, 0.09516], [0.07427, 0.04961, 0.17506, 0.16123, 0.05153, 0.25742, 0.05983, 0.09516, 0.0]], "adj_matrix_2": [[0.0, 0.15299, 0.26133, 0.321, 0.2773, 0.24152, 0.32013, 0.31303, 0.3464], [0.15299, 0.0, 0.15241, 0.27206, 0.18032, 0.12041, 0.2699, 0.25285, 0.36207], [0.26133, 0.15241, 0.0, 0.15084, 0.03237, 0.03536, 0.14775, 0.12422, 0.29242], [0.321, 0.27206, 0.15084, 0.0, 0.12079, 0.18212, 0.00337, 0.0286, 0.16739], [0.2773, 0.18032, 0.03237, 0.12079, 0.0, 0.0674, 0.11759, 0.09335, 0.26991], [0.24152, 0.12041, 0.03536, 0.18212, 0.0674, 0.0, 0.17917, 0.15668, 0.31417], [0.32013, 0.2699, 0.14775, 0.00337, 0.11759, 0.17917, 0.0, 0.02524, 0.17048], [0.31303, 0.25285, 0.12422, 0.0286, 0.09335, 0.15668, 0.02524, 0.0, 0.1932], [0.3464, 0.36207, 0.29242, 0.16739, 0.26991, 0.31417, 0.17048, 0.1932, 0.0]], "features_1": [[0.11977489420580278, 1.1171541942314058, 0.0, 0.20978683245418753, 0.5541696932268392, 0.14655782250421065, 0.263677044410656, 0.6625213225097225, 0.4399146779506595, 0.26952348005096227, 0.008451478759474051, 0.6196176785015901, 0.6846919394323188, 0.7220961818702204, 0.8177503567203509, 0.740862248942077, 0.6121289876855929], [0.009063126214427175, 0.991901374757144, 0.0, 0.20844747598036656, 0.5378210197200398, 0.14160000689197114, 0.35002201984415465, 0.6724320235684609, 0.43388223564065553, 0.23959749858157875, 0.008562602043175715, 0.6146730816160391, 0.6918647374511424, 0.737775455828711, 0.8192226888414161, 0.7633388441979966, 0.611741010624272], [0.37961529546561934, 1.0659217853784855, 0.0, 0.2162434658825743, 0.5492637931762722, 0.1460524915166574, 0.2790631130054372, 0.6658496580826914, 0.4513062250527231, 0.2567627136925803, 0.008562602043175715, 0.6069907359027615, 0.6886677451033782, 0.7328273213858141, 0.8219162993304511, 0.7592542607261225, 0.6250383012166554], [0.2886095521646457, 1.0629095051201773, 0.0, 0.2139046679957381, 0.5498456512768982, 0.1419095181960223, 0.24761736209353344, 0.6669572064340461, 0.42461913465811385, 0.2512437383820174, 0.00822905385914674, 0.6076089638498599, 0.6683587251784725, 0.7050000073447932, 0.8034494883786848, 0.7324055254942916, 0.6004163753723111], [0.07286077289833148, 0.9782594113748977, 0.0, 0.22275282854009826, 0.5372259209575556, 0.1412721009979726, 0.406831489907119, 0.6749752588376512, 0.4270793359421172, 0.23559934346654, 0.00822905385914674, 0.6167330652856808, 0.6973099984631166, 0.7452981299368986, 0.8235659183671291, 0.7832596047025168, 0.6123426564173583], [0.7987432555536409, 1.1451064635676134, 0.0, 0.22648750397453762, 0.5640757537444291, 0.14762499139342697, 0.2368335857018195, 0.6627989323210002, 0.4606430852220271, 0.2690951966297621, 0.00822905385914674, 0.5976096350199951, 0.679052777004974, 0.7082165871303859, 0.8195485502075961, 0.7688534128678173, 0.6259383496460861], [-0.024350282494789433, 1.0756848320898726, 0.0, 0.2600779879473128, 0.5535588265486227, 0.14280435054026103, 0.30076933067870115, 0.6686699211912475, 0.4429346061754664, 0.2597633791832661, 0.008562602043175715, 0.6178961520909048, 0.6835419423742024, 0.7204518652094142, 0.8129966982101827, 0.742106848622459, 0.6115448310764684], [0.27457921161611765, 0.9482681874754004, 0.0, 0.23436242897899354, 0.5310088234851402, 0.1415369675701601, 0.3864485303170383, 0.674235340050783, 0.44071682946567314, 0.2296376658420507, 0.00822905385914674, 0.6113287838003458, 0.6780737209205134, 0.7289796840259767, 0.8203876921704087, 0.7764386724272522, 0.618542136507641], [0.35273549588003306, 0.9570858299391581, 0.0, 0.3118573875578519, 0.5316342610492657, 0.1433997279533906, 0.37047807154455936, 0.6719833996354155, 0.45770600274526174, 0.23498140341333307, 0.008673665988278678, 0.6169935506705211, 0.6902520527397198, 0.7313964239479311, 0.8221528546053318, 0.7632523487090837, 0.6172383654589029]], "features_2": [[0.4374871123412052, 1.111600168204455, 0.0, 0.26921091659766005, 0.5665433045394783, 0.1403392601101145, 0.29701058622080223, 0.6709026552949029, 0.42619823761541054, 0.2562087908129933, 0.008062078829516484, 0.6007668464430418, 0.6646605131769149, 0.7001409016706253, 0.809951352436532, 0.7412364555519332, 0.6263704998177261], [0.18958701843587766, 0.8721219576208847, 0.0, 0.28585902693356363, 0.5193295581321721, 0.14194121694932038, 0.43410644212687616, 0.6748722898456792, 0.44524494980402274, 0.21338178642448313, 0.00822905385914674, 0.6206475177356015, 0.7078997015312626, 0.7486852066254442, 0.8268012207040576, 0.767574732269499, 0.6447110479082238], [-0.007755746908932437, 0.9433552708102585, 0.0, 0.262495793051214, 0.5384750444150267, 0.14181488522160157, 0.4420469442065539, 0.6746738064610847, 0.4408057317151146, 0.22875987424534094, 0.008117752083540042, 0.6238048311581461, 0.695634901359778, 0.7245873237269206, 0.8250339540345754, 0.7551531581790795, 0.6482981306360663], [-0.010394458481450819, 0.9241856344491938, 0.0, 0.24721220911031602, 0.5310694265129522, 0.14303654702039686, 0.43605855096200585, 0.6724917436294402, 0.45067087324946886, 0.22665847828625973, 0.008117752083540042, 0.6315828779031796, 0.6842339764323839, 0.7269778077347281, 0.822653120268502, 0.7476545901251745, 0.6416185836289172], [-0.03723402690003619, 0.845527379486522, 0.0, 0.27638933022375634, 0.5164543577102005, 0.14249798449841752, 0.47349361156919656, 0.6765945983005004, 0.4537748259926515, 0.2107662568382045, 0.008173410423425675, 0.6289660036068339, 0.7248897443738289, 0.7542133094544229, 0.8330519131833843, 0.761693064068002, 0.6530385586211626], [-0.14244639894828826, 0.9294677024263984, 0.0, 0.26256675419737163, 0.5346647417785638, 0.14593737116575028, 0.4674800496842174, 0.6726426866548869, 0.4721100790327739, 0.2333124523942074, 0.008673665988278678, 0.6308302288648266, 0.7123733313392965, 0.7498388153196982, 0.8321869519653262, 0.7458349248367078, 0.6541845519368754], [-0.28864170350352714, 0.867487076870628, 0.0, 0.2008622839204733, 0.5157212110375078, 0.14539282091620528, 0.5982030976284605, 0.6724161724494702, 0.44628369352949315, 0.21649858404825206, 0.008451478759474051, 0.638126851990581, 0.6936558486780333, 0.7389998460169779, 0.8273044835411514, 0.751843932215746, 0.638014480374829], [-0.06293815516819734, 0.7938144857820619, 0.0, 0.23617923872598573, 0.5045790250253172, 0.14245441957193272, 0.4910734411935117, 0.6766670284972298, 0.45320677588629876, 0.19894182284070028, 0.00822905385914674, 0.6298075238495007, 0.7161862990785494, 0.7369931949488338, 0.8315534441974572, 0.7662477956546508, 0.6484726000551915], [-0.17534169180966286, 0.8277948805056816, 0.0, 0.2339149190639154, 0.5116321411048701, 0.1421617021922562, 0.5384774269978052, 0.675667070078645, 0.43276980327636694, 0.20371706344426244, 0.008117752083540042, 0.6386625692740129, 0.702060785442977, 0.7442602586506737, 0.8245292080972416, 0.754995356600892, 0.6400872578629058]]}