{"labels_1": ["1", "2", "3", "4", "5", "6", "7", "8", "9"], "labels_2": ["1", "2", "3", "4", "5", "6", "7", "8", "9"], "adj_matrix_1": [[0.0, 0.08854, 0.07121, 0.23213, 0.10039, 0.15786, 0.10567, 0.10433, 0.09475], [0.08854, 0.0, 0.01802, 0.16305, 0.01252, 0.07544, 0.18188, 0.0167, 0.17298], [0.07121, 0.01802, 0.0, 0.17835, 0.0305, 0.09282, 0.16772, 0.03467, 0.15834], [0.23213, 0.16305, 0.17835, 0.0, 0.15214, 0.09323, 0.28449, 0.14845, 0.28077], [0.10039, 0.01252, 0.0305, 0.15214, 0.0, 0.06325, 0.19135, 0.00419, 0.18279], [0.15786, 0.07544, 0.09282, 0.09323, 0.06325, 0.0, 0.23471, 0.05915, 0.228], [0.10567, 0.18188, 0.16772, 0.28449, 0.19135, 0.23471, 0.0, 0.19445, 0.01184], [0.10433, 0.0167, 0.03467, 0.14845, 0.00419, 0.05915, 0.19445, 0.0, 0.186], [0.09475, 0.17298, 0.15834, 0.28077, 0.18279, 0.228, 0.01184, 0.186, 0.0]], "adj_matrix_2": [[0.0, 0.05669, 0.07272, 0.16803, 0.29701, 0.24297, 0.20718, 0.13387, 0.19775], [0.05669, 0.0, 0.12627, 0.21043, 0.2636, 0.20057, 0.24103, 0.18148, 0.23405], [0.07272, 0.12627, 0.0, 0.10473, 0.32535, 0.28487, 0.15332, 0.06563, 0.14119], [0.16803, 0.21043, 0.10473, 0.0, 0.33209, 0.31328, 0.05637, 0.04127, 0.0417], [0.29701, 0.2636, 0.32535, 0.33209, 0.0, 0.08056, 0.3183, 0.33453, 0.32291], [0.24297, 0.20057, 0.28487, 0.31328, 0.08056, 0.0, 0.31039, 0.3073, 0.31218], [0.20718, 0.24103, 0.15332, 0.05637, 0.3183, 0.31039, 0.0, 0.09573, 0.01497], [0.13387, 0.18148, 0.06563, 0.04127, 0.33453, 0.3073, 0.09573, 0.0, 0.08181], [0.19775, 0.23405, 0.14119, 0.0417, 0.32291, 0.31218, 0.01497, 0.08181, 0.0]], "features_1": [[0.034678466559078025, 0.9642312755644215, 0.0, 0.2228455190908556, 0.530110565151446, 0.14839457430913844, 0.24259283589216593, 0.6618657313695852, 0.48381921055282295, 0.2432846576754959, 0.008784670673857464, 0.6149218829900014, 0.6806628703429569, 0.7123770864694172, 0.8161169953857232, 0.7201316966487058, 0.6196926104067401], [0.04526876248122358, 0.7858056820580139, 0.0, 0.2231281121061993, 0.4886825595216121, 0.14709033057808862, 0.24792601749421408, 0.6647454261985548, 0.483203064180189, 0.20301570149912096, 0.008507047823598457, 0.6182405280577559, 0.679953032071116, 0.7238053382901944, 0.816484208245097, 0.718731041256592, 0.6184169054879408], [0.17698073018641924, 0.9337547193083596, 0.0, 0.21651649676206516, 0.5417582598054678, 0.14041725703140387, 0.39651196635154234, 0.675058093426916, 0.44143289661007756, 0.22457197573770804, 0.008173410423425675, 0.6131807403231329, 0.6729879513519005, 0.6998553992950638, 0.8094846364266977, 0.7101667403085752, 0.6249272790540951], [0.03295403650288309, 0.9173794101443479, 0.0, 0.21024317971533207, 0.5366743071333737, 0.14002765364858133, 0.46008384947763903, 0.6757455240489935, 0.4390071121768191, 0.2216727175244353, 0.008340296057933516, 0.6252074531407783, 0.6802931421494807, 0.7134169518386727, 0.8067569597030688, 0.7218227834674391, 0.6266245808550253], [-0.026692825407503395, 0.7976016555436398, 0.0, 0.2020551305326214, 0.49488323706233606, 0.1459105534331839, 0.255311037971029, 0.6659866486658674, 0.4719982473545863, 0.20320291650115352, 0.008340296057933516, 0.6180692846660776, 0.6584606225681515, 0.7078916251896281, 0.813102775213314, 0.7258093635071724, 0.6208863279181587], [0.2555378270565014, 0.9739031803798434, 0.0, 0.20452567026457963, 0.5538448441797161, 0.14095732995574303, 0.49475385847171083, 0.6774961345186586, 0.43533671414378694, 0.23166639237081288, 0.00839589484089287, 0.6192971104660638, 0.686981724193602, 0.723096808765284, 0.8151636169145293, 0.7261948305661865, 0.6322785852049959], [0.35805299271285884, 0.9199182394494235, 0.0, 0.2482970993075031, 0.5415625561385068, 0.13312899544686513, 0.4915027947697901, 0.6813771088084484, 0.3972833309266923, 0.21153872059360324, 0.007671947615560004, 0.6040438721901069, 0.6629044779949367, 0.7006953856361411, 0.7928997554360522, 0.7084001726370626, 0.6054783167654448], [0.2584964297404371, 0.8390071130288552, 0.0, 0.2792716831306877, 0.5319914654194302, 0.1278744315819035, 0.6100774116992114, 0.6864659505780246, 0.36968083045397626, 0.1855320542550316, 0.007671947615560004, 0.6131278549842611, 0.6544517416572779, 0.6655216004217318, 0.7869579929799952, 0.7075914810019425, 0.6015056753257291], [0.4390288383273475, 0.8822758417267047, 0.0, 0.3081845498753204, 0.5402982401574739, 0.12783981736486072, 0.6830741956910813, 0.6864199634474499, 0.37379612263746353, 0.1939154163766308, 0.007225183508792421, 0.603805942758795, 0.6463531869527926, 0.667495613771924, 0.7820206915749253, 0.7206505092842945, 0.5919794732703105]], "features_2": [[0.5494513719851155, 0.8723850385226575, 0.0, 0.288519392767567, 0.528674729314265, 0.12908997814447282, 0.3848319811123524, 0.683333302839469, 0.3933717800887513, 0.19864333304007853, 0.007616154688146137, 0.5974313481913704, 0.6407988979848458, 0.6623698503707564, 0.7869287209957321, 0.7058355908614753, 0.5707106971505396], [0.2847972146940121, 0.7600833542491281, 0.0, 0.29112273328564353, 0.5017055676582548, 0.12781901917303792, 0.37923265123393435, 0.6840856367317312, 0.3768190760751693, 0.17278547993635507, 0.007448685839370306, 0.6072640447042819, 0.6411214512849983, 0.6671896536482357, 0.7825894790219511, 0.694301488974973, 0.589972229622063], [0.6223784840555089, 0.8700527305547464, 0.0, 0.2818816867347571, 0.5332064180279136, 0.1276153575009273, 0.39071792673373695, 0.6843008595844395, 0.38211722817525673, 0.19533275070546674, 0.007894969482732161, 0.5975754982157646, 0.6410297772373025, 0.6666285123809342, 0.7841873741095922, 0.7027153036397107, 0.5911097634327468], [1.2895395417611137, 0.8750354056622734, 0.0, 0.3271098619798227, 0.5383999383214629, 0.12474882711505748, 0.48979082677921537, 0.6866868555784041, 0.37313305220299586, 0.19102596135906036, 0.007783488497544067, 0.5822778185743946, 0.6233561911139859, 0.6487176123450876, 0.7773802946033753, 0.7038695770645621, 0.5757257988799398], [-0.06504589131997784, 0.758022396631818, 0.0, 0.25377179294337976, 0.4980604749821417, 0.1298296338836099, 0.30183380793742953, 0.6812882957591504, 0.3732692591490079, 0.17374408315397316, 0.00716927026363523, 0.622230383925289, 0.6508429866441351, 0.6578149371037276, 0.7823409532300054, 0.6969255799272607, 0.6012624050580189], [0.1759094172675888, 0.837281998985159, 0.0, 0.24915301416036056, 0.5239190216675105, 0.13319285113506102, 0.41946200031437825, 0.6821178675272968, 0.4154619604443084, 0.19523628328982778, 0.007560346756364078, 0.6177301287400967, 0.679940617203017, 0.6764677843204987, 0.8045186708056589, 0.713750605908203, 0.6167969706126095], [0.7578740945466014, 0.8318105694957849, 0.0, 0.32426916952216484, 0.526739964906353, 0.12478459544816549, 0.4072921196417326, 0.6861548004262047, 0.3801050654541138, 0.18513901169803448, 0.007894969482732161, 0.5934791176190157, 0.6287534961830462, 0.6442897311875281, 0.7750836865431163, 0.6823225952783593, 0.5789861091566352], [0.4809198258172085, 0.7294126954408473, 0.0, 0.2595834895940102, 0.4958444902415906, 0.12847743192021271, 0.37497720456320993, 0.6842746285372108, 0.37775923000278455, 0.16528439036761888, 0.007727725548673403, 0.6000562567821499, 0.6420961401331146, 0.6571710257557726, 0.7891873475494233, 0.7102137141705099, 0.5978771758356586], [0.5288268349826937, 0.7043579328001011, 0.0, 0.2627381366126299, 0.49084816780156104, 0.1290028130157401, 0.4019860882514088, 0.6846918961753596, 0.3989483733578223, 0.1622256931556476, 0.007504523810135222, 0.6000812189548665, 0.6460237475790365, 0.6535197476426583, 0.7929175934992725, 0.7186904057939567, 0.5930968132147301]]}