{"labels_1": ["1", "2", "3", "4", "5", "6", "7", "8", "9"], "labels_2": ["1", "2", "3", "4", "5", "6", "7", "8", "9"], "adj_matrix_1": [[0.0, 0.08854, 0.07121, 0.23213, 0.10039, 0.15786, 0.10567, 0.10433, 0.09475], [0.08854, 0.0, 0.01802, 0.16305, 0.01252, 0.07544, 0.18188, 0.0167, 0.17298], [0.07121, 0.01802, 0.0, 0.17835, 0.0305, 0.09282, 0.16772, 0.03467, 0.15834], [0.23213, 0.16305, 0.17835, 0.0, 0.15214, 0.09323, 0.28449, 0.14845, 0.28077], [0.10039, 0.01252, 0.0305, 0.15214, 0.0, 0.06325, 0.19135, 0.00419, 0.18279], [0.15786, 0.07544, 0.09282, 0.09323, 0.06325, 0.0, 0.23471, 0.05915, 0.228], [0.10567, 0.18188, 0.16772, 0.28449, 0.19135, 0.23471, 0.0, 0.19445, 0.01184], [0.10433, 0.0167, 0.03467, 0.14845, 0.00419, 0.05915, 0.19445, 0.0, 0.186], [0.09475, 0.17298, 0.15834, 0.28077, 0.18279, 0.228, 0.01184, 0.186, 0.0]], "adj_matrix_2": [[0.0, 0.03998, 0.17065, 0.0388, 0.19513, 0.25843, 0.26672, 0.18244, 0.25716], [0.03998, 0.0, 0.19421, 0.07735, 0.21393, 0.25778, 0.26191, 0.20388, 0.25728], [0.17065, 0.19421, 0.0, 0.14218, 0.03696, 0.17016, 0.19753, 0.01718, 0.16591], [0.0388, 0.07735, 0.14218, 0.0, 0.17076, 0.25216, 0.26466, 0.15578, 0.25017], [0.19513, 0.21393, 0.03696, 0.17076, 0.0, 0.13942, 0.16944, 0.01988, 0.13489], [0.25843, 0.25778, 0.17016, 0.25216, 0.13942, 0.0, 0.03517, 0.15621, 0.00523], [0.26672, 0.26191, 0.19753, 0.26466, 0.16944, 0.03517, 0.0, 0.18487, 0.04036], [0.18244, 0.20388, 0.01718, 0.15578, 0.01988, 0.15621, 0.18487, 0.0, 0.1519], [0.25716, 0.25728, 0.16591, 0.25017, 0.13489, 0.00523, 0.04036, 0.1519, 0.0]], "features_1": [[0.034678466559078025, 0.9642312755644215, 0.0, 0.2228455190908556, 0.530110565151446, 0.14839457430913844, 0.24259283589216593, 0.6618657313695852, 0.48381921055282295, 0.2432846576754959, 0.008784670673857464, 0.6149218829900014, 0.6806628703429569, 0.7123770864694172, 0.8161169953857232, 0.7201316966487058, 0.6196926104067401], [0.04526876248122358, 0.7858056820580139, 0.0, 0.2231281121061993, 0.4886825595216121, 0.14709033057808862, 0.24792601749421408, 0.6647454261985548, 0.483203064180189, 0.20301570149912096, 0.008507047823598457, 0.6182405280577559, 0.679953032071116, 0.7238053382901944, 0.816484208245097, 0.718731041256592, 0.6184169054879408], [0.17698073018641924, 0.9337547193083596, 0.0, 0.21651649676206516, 0.5417582598054678, 0.14041725703140387, 0.39651196635154234, 0.675058093426916, 0.44143289661007756, 0.22457197573770804, 0.008173410423425675, 0.6131807403231329, 0.6729879513519005, 0.6998553992950638, 0.8094846364266977, 0.7101667403085752, 0.6249272790540951], [0.03295403650288309, 0.9173794101443479, 0.0, 0.21024317971533207, 0.5366743071333737, 0.14002765364858133, 0.46008384947763903, 0.6757455240489935, 0.4390071121768191, 0.2216727175244353, 0.008340296057933516, 0.6252074531407783, 0.6802931421494807, 0.7134169518386727, 0.8067569597030688, 0.7218227834674391, 0.6266245808550253], [-0.026692825407503395, 0.7976016555436398, 0.0, 0.2020551305326214, 0.49488323706233606, 0.1459105534331839, 0.255311037971029, 0.6659866486658674, 0.4719982473545863, 0.20320291650115352, 0.008340296057933516, 0.6180692846660776, 0.6584606225681515, 0.7078916251896281, 0.813102775213314, 0.7258093635071724, 0.6208863279181587], [0.2555378270565014, 0.9739031803798434, 0.0, 0.20452567026457963, 0.5538448441797161, 0.14095732995574303, 0.49475385847171083, 0.6774961345186586, 0.43533671414378694, 0.23166639237081288, 0.00839589484089287, 0.6192971104660638, 0.686981724193602, 0.723096808765284, 0.8151636169145293, 0.7261948305661865, 0.6322785852049959], [0.35805299271285884, 0.9199182394494235, 0.0, 0.2482970993075031, 0.5415625561385068, 0.13312899544686513, 0.4915027947697901, 0.6813771088084484, 0.3972833309266923, 0.21153872059360324, 0.007671947615560004, 0.6040438721901069, 0.6629044779949367, 0.7006953856361411, 0.7928997554360522, 0.7084001726370626, 0.6054783167654448], [0.2584964297404371, 0.8390071130288552, 0.0, 0.2792716831306877, 0.5319914654194302, 0.1278744315819035, 0.6100774116992114, 0.6864659505780246, 0.36968083045397626, 0.1855320542550316, 0.007671947615560004, 0.6131278549842611, 0.6544517416572779, 0.6655216004217318, 0.7869579929799952, 0.7075914810019425, 0.6015056753257291], [0.4390288383273475, 0.8822758417267047, 0.0, 0.3081845498753204, 0.5402982401574739, 0.12783981736486072, 0.6830741956910813, 0.6864199634474499, 0.37379612263746353, 0.1939154163766308, 0.007225183508792421, 0.603805942758795, 0.6463531869527926, 0.667495613771924, 0.7820206915749253, 0.7206505092842945, 0.5919794732703105]], "features_2": [[0.7302105413759734, 0.912255630579097, 0.0, 0.29820112695875806, 0.5478846775707689, 0.12816428728319332, 0.5398185531485253, 0.6858026964011638, 0.3776093694305682, 0.20255358520370637, 0.007448685839370306, 0.5836315215849999, 0.6602446413982365, 0.6780704616665792, 0.7935092804414583, 0.7113723742294169, 0.6041262898153187], [1.6465656037860947, 0.8025154357078138, 0.0, 0.3318551006343266, 0.5306752209828024, 0.1170242230244533, 0.6407760543717977, 0.6911703847764343, 0.32447391112679624, 0.15986399549288666, 0.007001439975721224, 0.5616634211984879, 0.6085907952451306, 0.616916304487732, 0.7652498452948012, 0.6793615984479892, 0.5864212805945483], [1.1941736768953328, 0.9627794812326836, 0.0, 0.3290735667100521, 0.5737778691453514, 0.11639048925392723, 0.618073983847966, 0.6914027110985352, 0.3259149346003787, 0.19292316845714175, 0.006889477554966383, 0.5727573270886965, 0.6287489995980893, 0.62945524591546, 0.764956496661487, 0.6859173709245295, 0.5842479460545867], [1.2569561494623596, 0.956946497668709, 0.0, 0.33433281213387056, 0.5690194754278025, 0.11888761568146766, 0.590172448443741, 0.6904451916821042, 0.3376236834593005, 0.19521417588423495, 0.006889477554966383, 0.5715245663801043, 0.6209864212121916, 0.6277508425136709, 0.7714362052881073, 0.6995820143959445, 0.5902678450970279], [1.0561564480134988, 0.7638388620898209, 0.0, 0.2914436998763858, 0.5136359708401567, 0.1199034004062899, 0.525765452453632, 0.6894221870083971, 0.3386224257666728, 0.15686295653544025, 0.007336964783822175, 0.5738210170823892, 0.6282677791276371, 0.6412218359843302, 0.7694645201294583, 0.6947414923992383, 0.5801315416919927], [0.6216516320250833, 0.976459398286982, 0.0, 0.2977997507195835, 0.5748597735790131, 0.11857290348102247, 0.6427036975138855, 0.6908907343307003, 0.32990440532016807, 0.19911063615848068, 0.007336964783822175, 0.5859282864751507, 0.6361420324291183, 0.6514477460127303, 0.7722059294900323, 0.7102254415125993, 0.5650549739902494], [0.5033672270227285, 0.9220421378971068, 0.0, 0.28914476211560475, 0.558316613922158, 0.11611184796876575, 0.6330458493933137, 0.6911106436389987, 0.31884197954252547, 0.1869849381362143, 0.00677745458930179, 0.5872129581112491, 0.637095568387389, 0.6475332207882563, 0.7626898733743485, 0.6892918837222817, 0.5526585902208173], [0.24964374979561477, 0.7508766597685153, 0.0, 0.22105093948238091, 0.4984785180442969, 0.12242638872640216, 0.33581555393558915, 0.6868432116763179, 0.33940857389480716, 0.1596993411627925, 0.0069454663283523566, 0.5948935929380852, 0.6299446108544531, 0.6400567987722753, 0.7703821993191974, 0.6832136661351105, 0.5346798186191721], [0.22395268055792616, 0.805741356017031, 0.0, 0.22783483043116665, 0.519122935280185, 0.1176300535793237, 0.41180996469331105, 0.6895808657516137, 0.3214529190577671, 0.16590087935824416, 0.007001439975721224, 0.5900131277388141, 0.6426455286969623, 0.6499890201296246, 0.761795003968822, 0.6936610062743976, 0.522950231243833]]}