{"labels_1": ["1", "2", "3", "4", "5", "6", "7", "8", "9"], "labels_2": ["1", "2", "3", "4", "5", "6", "7", "8", "9"], "adj_matrix_1": [[0.0, 0.17962, 0.04428, 0.23221, 0.22445, 0.06925, 0.05958, 0.26088, 0.10122], [0.17962, 0.0, 0.14308, 0.0816, 0.2221, 0.12061, 0.22333, 0.1671, 0.25063], [0.04428, 0.14308, 0.0, 0.20468, 0.22917, 0.02541, 0.10242, 0.24742, 0.14216], [0.23221, 0.0816, 0.20468, 0.0, 0.19543, 0.18694, 0.26272, 0.09938, 0.28015], [0.22445, 0.2221, 0.22917, 0.19543, 0.0, 0.23045, 0.21531, 0.13456, 0.20747], [0.06925, 0.12061, 0.02541, 0.18694, 0.23045, 0.0, 0.12599, 0.23753, 0.16424], [0.05958, 0.22333, 0.10242, 0.26272, 0.21531, 0.12599, 0.0, 0.27289, 0.04288], [0.26088, 0.1671, 0.24742, 0.09938, 0.13456, 0.23753, 0.27289, 0.0, 0.27779], [0.10122, 0.25063, 0.14216, 0.28015, 0.20747, 0.16424, 0.04288, 0.27779, 0.0]], "adj_matrix_2": [[0.0, 0.00603, 0.02505, 0.14118, 0.10725, 0.17223, 0.05306, 0.12942, 0.21368], [0.00603, 0.0, 0.01902, 0.13575, 0.10156, 0.16711, 0.04709, 0.12392, 0.20935], [0.02505, 0.01902, 0.0, 0.11827, 0.08331, 0.15066, 0.02819, 0.10612, 0.19478], [0.14118, 0.13575, 0.11827, 0.0, 0.03691, 0.0361, 0.09168, 0.01302, 0.08936], [0.10725, 0.10156, 0.08331, 0.03691, 0.0, 0.07243, 0.05579, 0.02396, 0.12373], [0.17223, 0.16711, 0.15066, 0.0361, 0.07243, 0.0, 0.12537, 0.04896, 0.05439], [0.05306, 0.04709, 0.02819, 0.09168, 0.05579, 0.12537, 0.0, 0.07917, 0.17224], [0.12942, 0.12392, 0.10612, 0.01302, 0.02396, 0.04896, 0.07917, 0.0, 0.10165], [0.21368, 0.20935, 0.19478, 0.08936, 0.12373, 0.05439, 0.17224, 0.10165, 0.0]], "features_1": [[0.05312075200279143, 1.0585811272967702, 0.0, 0.2601391100865894, 0.5620407511464035, 0.13369940746648967, 0.22174337564264662, 0.675844252036422, 0.40088509370754344, 0.24101108705690422, 0.00783923647221818, 0.6147628046918523, 0.6308707127292603, 0.6424788321747972, 0.7831469026430075, 0.7064081902768609, 0.608265123480041], [0.9441269708510451, 0.8369617932025344, 0.0, 0.29037438466843607, 0.5258528123065507, 0.12460127860865344, 0.3729411922204712, 0.6862116517836554, 0.37736673629240713, 0.18087878789184186, 0.007950687539111767, 0.5849865233546352, 0.6199419050984741, 0.6328188454997277, 0.7756702476176108, 0.7059230646326178, 0.5984543463488069], [0.3614759863240997, 1.0164872291108225, 0.0, 0.2644776091125604, 0.56777171540394, 0.12929750741497598, 0.30671972838598266, 0.6824948963513106, 0.38594089009947274, 0.22177415485137253, 0.00783923647221818, 0.6005138999261534, 0.6544602983954579, 0.6612440894887146, 0.7840491273984521, 0.7189797616563516, 0.613030936334977], [0.6301905927959854, 1.0652323533991335, 0.0, 0.27897642771971165, 0.5776041995232631, 0.12746569855097076, 0.31447209807564674, 0.6833321502583883, 0.3712710058356885, 0.22805546837886226, 0.007504523810135222, 0.5873837992122859, 0.6425793755436412, 0.6609825459370422, 0.7769273662565139, 0.7037675038432557, 0.6019430944055649], [1.6991987055303062, 0.9028576758426365, 0.0, 0.2906289643453065, 0.5470179243094517, 0.1213655788133006, 0.3368494893286346, 0.687883770291845, 0.3596508760525243, 0.18599597887871888, 0.007616154688146137, 0.558636550299672, 0.610486364574713, 0.6200618542652657, 0.7636127525315838, 0.703072029329505, 0.593977942286871], [0.41016474755819754, 1.1207043448817735, 0.0, 0.2700990972581834, 0.5929018383546125, 0.13053826106084426, 0.36047934425647626, 0.6832477127602006, 0.3969256990298202, 0.2430372940227068, 0.007616154688146137, 0.5938997758219342, 0.6521785701590082, 0.6836250657015276, 0.7931923494089883, 0.7206159241415572, 0.6165173947625464], [0.2801481645142787, 1.0536638262159648, 0.0, 0.2931184677346754, 0.5878791878462231, 0.12055003951286594, 0.3640876069153549, 0.688904348282072, 0.33742130652530644, 0.2187905413292246, 0.007057398507269275, 0.5953799277747649, 0.642468738947931, 0.6587233860769711, 0.7685550153492889, 0.6925761953349611, 0.5928621747128995], [1.1113625256943056, 0.9513669393226952, 0.0, 0.30047582863127137, 0.5684170105565318, 0.11802208920024618, 0.35024482550334923, 0.6900674141838288, 0.3243386189721831, 0.19171929740063387, 0.007057398507269275, 0.5656207051933013, 0.6267092693869147, 0.6391225492716603, 0.7591470165189431, 0.6845099506282359, 0.5831351575524092], [-0.15849859813865486, 0.9830976778115725, 0.0, 0.2633123762383248, 0.5797064980362576, 0.11644643096035012, 0.3735770869790748, 0.6908617769968782, 0.30018080963917404, 0.20122273521479306, 0.006609306440138685, 0.6019430363678633, 0.641134282886838, 0.6647194791583718, 0.7585534617468433, 0.6794099831828518, 0.5797966887076835]], "features_2": [[0.382306836633195, 1.0559809468437065, 0.0, 0.20359479627457128, 0.5558775612205206, 0.14185080670761577, 0.34511785985049953, 0.6725133221237578, 0.441652288712163, 0.24903622253829516, 0.00839589484089287, 0.6190118393597803, 0.6703536139043408, 0.6952146318713731, 0.8200343459749158, 0.7399553457620589, 0.6251382287733569], [-0.1531299005883735, 0.9036378139116333, 0.0, 0.17330074144176424, 0.5222706283570145, 0.14044449133369832, 0.3752229913139985, 0.6749140401561158, 0.41629585969326977, 0.2194947730771819, 0.008062078829516484, 0.624377189564022, 0.6851779575079519, 0.7244144623489558, 0.8188013295924188, 0.7524009328224726, 0.6183701087019409], [0.0013389259940792542, 1.0365266573634047, 0.0, 0.19051038522421773, 0.5600729944913639, 0.1389362204389893, 0.392113381819712, 0.677173916726556, 0.4212051478391927, 0.24402099326919835, 0.00783923647221818, 0.6256531785102588, 0.695632697467015, 0.732935430618358, 0.8191061646544865, 0.7438474685157532, 0.6300873506621705], [0.05766552819088755, 1.006139608198752, 0.0, 0.2059635027608382, 0.5582030859204254, 0.13512539446682847, 0.40933294972912576, 0.6806967009227453, 0.39848192675246064, 0.23233502711215692, 0.007950687539111767, 0.6204020052893329, 0.6964614332622447, 0.7169795321514437, 0.8119886476826271, 0.7422021760349556, 0.6233831608470032], [-0.16964945592549707, 0.9217208866966504, 0.0, 0.18730025167265235, 0.5246289345003532, 0.14079539332708338, 0.34700311328829514, 0.6733141601859385, 0.41320743193970544, 0.22412103814329987, 0.007616154688146137, 0.6269329960102872, 0.6789075935639877, 0.7166500250147281, 0.8160955756471404, 0.7403299075071481, 0.6150374486853192], [-0.07527677713171732, 1.0903303373147761, 0.0, 0.1945744957108152, 0.5692346022967657, 0.14097118713989476, 0.3598980176919909, 0.6750566080620826, 0.4333131952865843, 0.2571911447166857, 0.007616154688146137, 0.6202316239007719, 0.6874593655138332, 0.7263010236264813, 0.8196186042135231, 0.746332899216519, 0.62610674459567], [-0.15704913822625377, 1.0107825429814716, 0.0, 0.22600229641492225, 0.5519316519063758, 0.13694352547656793, 0.39550389766360683, 0.6783614260177782, 0.40598765048745267, 0.2365312492714282, 0.007727725548673403, 0.6170899651828847, 0.6962495051276595, 0.7293440163996885, 0.8150725940970469, 0.7295683336286556, 0.6168831123034808], [-0.11333913936499096, 0.8891205276834866, 0.0, 0.17717330200946152, 0.5144760941523546, 0.14181607538203053, 0.323953695060446, 0.6717333748933665, 0.4393613322025862, 0.22024799859533672, 0.008173410423425675, 0.621136050147197, 0.6831146500527341, 0.7223588157615862, 0.8181757524589927, 0.7215127708398618, 0.6248831963580209], [-0.22663610785346044, 0.8959059058133265, 0.0, 0.20820267578569096, 0.5210402273305719, 0.13939912793967474, 0.3818723268237477, 0.6755980383508813, 0.4250989726160106, 0.2186816210279483, 0.008062078829516484, 0.6140588252550199, 0.6998667117140493, 0.7384174329956673, 0.8185052152066528, 0.7221299441441328, 0.6252416792380291]]}