{"labels_1": ["1", "2", "3", "4", "5", "6", "7", "8", "9"], "labels_2": ["1", "2", "3", "4", "5", "6", "7", "8", "9"], "adj_matrix_1": [[0.0, 0.08854, 0.07121, 0.23213, 0.10039, 0.15786, 0.10567, 0.10433, 0.09475], [0.08854, 0.0, 0.01802, 0.16305, 0.01252, 0.07544, 0.18188, 0.0167, 0.17298], [0.07121, 0.01802, 0.0, 0.17835, 0.0305, 0.09282, 0.16772, 0.03467, 0.15834], [0.23213, 0.16305, 0.17835, 0.0, 0.15214, 0.09323, 0.28449, 0.14845, 0.28077], [0.10039, 0.01252, 0.0305, 0.15214, 0.0, 0.06325, 0.19135, 0.00419, 0.18279], [0.15786, 0.07544, 0.09282, 0.09323, 0.06325, 0.0, 0.23471, 0.05915, 0.228], [0.10567, 0.18188, 0.16772, 0.28449, 0.19135, 0.23471, 0.0, 0.19445, 0.01184], [0.10433, 0.0167, 0.03467, 0.14845, 0.00419, 0.05915, 0.19445, 0.0, 0.186], [0.09475, 0.17298, 0.15834, 0.28077, 0.18279, 0.228, 0.01184, 0.186, 0.0]], "adj_matrix_2": [[0.0, 0.08341, 0.24158, 0.11463, 0.02519, 0.14351, 0.14282, 0.30677, 0.34018], [0.08341, 0.0, 0.17274, 0.03255, 0.10755, 0.06334, 0.06258, 0.25021, 0.29164], [0.24158, 0.17274, 0.0, 0.14329, 0.25919, 0.11402, 0.11476, 0.0902, 0.14215], [0.11463, 0.03255, 0.14329, 0.0, 0.13788, 0.03106, 0.03027, 0.22435, 0.26844], [0.02519, 0.10755, 0.25919, 0.13788, 0.0, 0.16577, 0.16516, 0.32016, 0.35081], [0.14351, 0.06334, 0.11402, 0.03106, 0.16577, 0.0, 0.00079, 0.19801, 0.2443], [0.14282, 0.06258, 0.11476, 0.03027, 0.16516, 0.00079, 0.0, 0.19873, 0.24495], [0.30677, 0.25021, 0.0902, 0.22435, 0.32016, 0.19801, 0.19873, 0.0, 0.05366], [0.34018, 0.29164, 0.14215, 0.26844, 0.35081, 0.2443, 0.24495, 0.05366, 0.0]], "features_1": [[0.034678466559078025, 0.9642312755644215, 0.0, 0.2228455190908556, 0.530110565151446, 0.14839457430913844, 0.24259283589216593, 0.6618657313695852, 0.48381921055282295, 0.2432846576754959, 0.008784670673857464, 0.6149218829900014, 0.6806628703429569, 0.7123770864694172, 0.8161169953857232, 0.7201316966487058, 0.6196926104067401], [0.04526876248122358, 0.7858056820580139, 0.0, 0.2231281121061993, 0.4886825595216121, 0.14709033057808862, 0.24792601749421408, 0.6647454261985548, 0.483203064180189, 0.20301570149912096, 0.008507047823598457, 0.6182405280577559, 0.679953032071116, 0.7238053382901944, 0.816484208245097, 0.718731041256592, 0.6184169054879408], [0.17698073018641924, 0.9337547193083596, 0.0, 0.21651649676206516, 0.5417582598054678, 0.14041725703140387, 0.39651196635154234, 0.675058093426916, 0.44143289661007756, 0.22457197573770804, 0.008173410423425675, 0.6131807403231329, 0.6729879513519005, 0.6998553992950638, 0.8094846364266977, 0.7101667403085752, 0.6249272790540951], [0.03295403650288309, 0.9173794101443479, 0.0, 0.21024317971533207, 0.5366743071333737, 0.14002765364858133, 0.46008384947763903, 0.6757455240489935, 0.4390071121768191, 0.2216727175244353, 0.008340296057933516, 0.6252074531407783, 0.6802931421494807, 0.7134169518386727, 0.8067569597030688, 0.7218227834674391, 0.6266245808550253], [-0.026692825407503395, 0.7976016555436398, 0.0, 0.2020551305326214, 0.49488323706233606, 0.1459105534331839, 0.255311037971029, 0.6659866486658674, 0.4719982473545863, 0.20320291650115352, 0.008340296057933516, 0.6180692846660776, 0.6584606225681515, 0.7078916251896281, 0.813102775213314, 0.7258093635071724, 0.6208863279181587], [0.2555378270565014, 0.9739031803798434, 0.0, 0.20452567026457963, 0.5538448441797161, 0.14095732995574303, 0.49475385847171083, 0.6774961345186586, 0.43533671414378694, 0.23166639237081288, 0.00839589484089287, 0.6192971104660638, 0.686981724193602, 0.723096808765284, 0.8151636169145293, 0.7261948305661865, 0.6322785852049959], [0.35805299271285884, 0.9199182394494235, 0.0, 0.2482970993075031, 0.5415625561385068, 0.13312899544686513, 0.4915027947697901, 0.6813771088084484, 0.3972833309266923, 0.21153872059360324, 0.007671947615560004, 0.6040438721901069, 0.6629044779949367, 0.7006953856361411, 0.7928997554360522, 0.7084001726370626, 0.6054783167654448], [0.2584964297404371, 0.8390071130288552, 0.0, 0.2792716831306877, 0.5319914654194302, 0.1278744315819035, 0.6100774116992114, 0.6864659505780246, 0.36968083045397626, 0.1855320542550316, 0.007671947615560004, 0.6131278549842611, 0.6544517416572779, 0.6655216004217318, 0.7869579929799952, 0.7075914810019425, 0.6015056753257291], [0.4390288383273475, 0.8822758417267047, 0.0, 0.3081845498753204, 0.5402982401574739, 0.12783981736486072, 0.6830741956910813, 0.6864199634474499, 0.37379612263746353, 0.1939154163766308, 0.007225183508792421, 0.603805942758795, 0.6463531869527926, 0.667495613771924, 0.7820206915749253, 0.7206505092842945, 0.5919794732703105]], "features_2": [[-0.24746224455056698, 1.031322554597501, 0.0, 0.2090260336838957, 0.5588496781853157, 0.12949747533150735, 0.2632073947252643, 0.6794962495872945, 0.36737254996552626, 0.23211445018046373, 0.007560346756364078, 0.615764122982362, 0.63249082686872, 0.6500792865993087, 0.7705093096529286, 0.6819017651614265, 0.5821061646302206], [0.028143905175295192, 0.8623092219024344, 0.0, 0.23885166436722385, 0.5268570055450311, 0.12440547111767852, 0.3184517137719965, 0.6844871029862061, 0.3491562269215358, 0.18999658370364636, 0.007560346756364078, 0.6044732895629763, 0.6288618352264594, 0.6486117558169138, 0.7606462595031852, 0.6627660501181428, 0.5720112290082644], [-0.028503738925099942, 1.0951012694367073, 0.0, 0.22152379472038955, 0.581269174605325, 0.12466547028784258, 0.2229115412936075, 0.6832849341893108, 0.34613955859723267, 0.2344590207896975, 0.007336964783822175, 0.6166587328573288, 0.6314883548234785, 0.6539704439622808, 0.7559642310528215, 0.6719901725313646, 0.5757524410777336], [0.05708306472609115, 1.0556546164719303, 0.0, 0.24426927624360428, 0.5747413752918105, 0.12491309065663775, 0.2755602234351514, 0.6838805286008618, 0.35325074665133194, 0.22859856780505172, 0.007225183508792421, 0.6076704200039917, 0.6419265291743897, 0.6683530528564241, 0.7625334794660525, 0.678887951786265, 0.5798754978275251], [0.21331573558661532, 0.8823724528175044, 0.0, 0.2551932935145648, 0.5344332991328187, 0.1232145635789601, 0.2761428632448137, 0.6851414925919069, 0.35080241258718914, 0.19299465435983865, 0.007336964783822175, 0.5965339101039273, 0.6269589542284028, 0.6537754390739489, 0.7577866843642361, 0.6541766824267036, 0.5796471748335957], [0.04650671730441314, 1.1244647096828888, 0.0, 0.23446056636423854, 0.5927635945112578, 0.12270290727746583, 0.2648126350669685, 0.6858629650076298, 0.34622596894002067, 0.23717853563167912, 0.007225183508792421, 0.6069425513092512, 0.6484391968540385, 0.6740387218994314, 0.7618589641309911, 0.6613289737428114, 0.5813065886047862], [0.02244055245365617, 1.009527225618345, 0.0, 0.22554579650022402, 0.5706367744074398, 0.1212782185034783, 0.3084115753828243, 0.6870037856010994, 0.3304658930516333, 0.21363712337634677, 0.007225183508792421, 0.6050385002447749, 0.6334818770810839, 0.6566359716770299, 0.7566848266716567, 0.6740881751396774, 0.566768463647266], [-0.15044923413057676, 0.8602989422252861, 0.0, 0.24177989476981204, 0.5394721775744249, 0.11846211063626023, 0.3099549966483508, 0.6890505360106861, 0.31811132279297083, 0.1824449406861921, 0.00683347364535547, 0.6176125813688995, 0.6333029506206358, 0.6551151931238974, 0.7577476479270171, 0.656857460304684, 0.573090360117622], [-0.07776814336179694, 0.8869959229208043, 0.0, 0.21820367767002394, 0.5453782253996841, 0.11892044565103642, 0.2813020734897478, 0.6885527005024173, 0.31184467075156763, 0.18567746610704838, 0.0069454663283523566, 0.6171161642572693, 0.62277098819669, 0.61501999366116, 0.7563305777274018, 0.6864140959903726, 0.5676950158376067]]}