{"labels_1": ["1", "2", "3", "4", "5", "6", "7", "8", "9"], "labels_2": ["1", "2", "3", "4", "5", "6", "7", "8", "9"], "adj_matrix_1": [[0.0, 0.08854, 0.07121, 0.23213, 0.10039, 0.15786, 0.10567, 0.10433, 0.09475], [0.08854, 0.0, 0.01802, 0.16305, 0.01252, 0.07544, 0.18188, 0.0167, 0.17298], [0.07121, 0.01802, 0.0, 0.17835, 0.0305, 0.09282, 0.16772, 0.03467, 0.15834], [0.23213, 0.16305, 0.17835, 0.0, 0.15214, 0.09323, 0.28449, 0.14845, 0.28077], [0.10039, 0.01252, 0.0305, 0.15214, 0.0, 0.06325, 0.19135, 0.00419, 0.18279], [0.15786, 0.07544, 0.09282, 0.09323, 0.06325, 0.0, 0.23471, 0.05915, 0.228], [0.10567, 0.18188, 0.16772, 0.28449, 0.19135, 0.23471, 0.0, 0.19445, 0.01184], [0.10433, 0.0167, 0.03467, 0.14845, 0.00419, 0.05915, 0.19445, 0.0, 0.186], [0.09475, 0.17298, 0.15834, 0.28077, 0.18279, 0.228, 0.01184, 0.186, 0.0]], "adj_matrix_2": [[0.0, 0.04875, 0.0208, 0.21561, 0.14329, 0.16616, 0.11264, 0.09017, 0.04761], [0.04875, 0.0, 0.06929, 0.17585, 0.09751, 0.20879, 0.06539, 0.13676, 0.09556], [0.0208, 0.06929, 0.0, 0.23148, 0.16207, 0.14706, 0.1322, 0.06983, 0.02691], [0.21561, 0.17585, 0.23148, 0.0, 0.08594, 0.32649, 0.11728, 0.28016, 0.25107], [0.14329, 0.09751, 0.16207, 0.08594, 0.0, 0.28211, 0.03309, 0.22178, 0.18571], [0.16616, 0.20879, 0.14706, 0.32649, 0.28211, 0.0, 0.25994, 0.07975, 0.12166], [0.11264, 0.06539, 0.1322, 0.11728, 0.03309, 0.25994, 0.0, 0.19507, 0.15694], [0.09017, 0.13676, 0.06983, 0.28016, 0.22178, 0.07975, 0.19507, 0.0, 0.04319], [0.04761, 0.09556, 0.02691, 0.25107, 0.18571, 0.12166, 0.15694, 0.04319, 0.0]], "features_1": [[0.034678466559078025, 0.9642312755644215, 0.0, 0.2228455190908556, 0.530110565151446, 0.14839457430913844, 0.24259283589216593, 0.6618657313695852, 0.48381921055282295, 0.2432846576754959, 0.008784670673857464, 0.6149218829900014, 0.6806628703429569, 0.7123770864694172, 0.8161169953857232, 0.7201316966487058, 0.6196926104067401], [0.04526876248122358, 0.7858056820580139, 0.0, 0.2231281121061993, 0.4886825595216121, 0.14709033057808862, 0.24792601749421408, 0.6647454261985548, 0.483203064180189, 0.20301570149912096, 0.008507047823598457, 0.6182405280577559, 0.679953032071116, 0.7238053382901944, 0.816484208245097, 0.718731041256592, 0.6184169054879408], [0.17698073018641924, 0.9337547193083596, 0.0, 0.21651649676206516, 0.5417582598054678, 0.14041725703140387, 0.39651196635154234, 0.675058093426916, 0.44143289661007756, 0.22457197573770804, 0.008173410423425675, 0.6131807403231329, 0.6729879513519005, 0.6998553992950638, 0.8094846364266977, 0.7101667403085752, 0.6249272790540951], [0.03295403650288309, 0.9173794101443479, 0.0, 0.21024317971533207, 0.5366743071333737, 0.14002765364858133, 0.46008384947763903, 0.6757455240489935, 0.4390071121768191, 0.2216727175244353, 0.008340296057933516, 0.6252074531407783, 0.6802931421494807, 0.7134169518386727, 0.8067569597030688, 0.7218227834674391, 0.6266245808550253], [-0.026692825407503395, 0.7976016555436398, 0.0, 0.2020551305326214, 0.49488323706233606, 0.1459105534331839, 0.255311037971029, 0.6659866486658674, 0.4719982473545863, 0.20320291650115352, 0.008340296057933516, 0.6180692846660776, 0.6584606225681515, 0.7078916251896281, 0.813102775213314, 0.7258093635071724, 0.6208863279181587], [0.2555378270565014, 0.9739031803798434, 0.0, 0.20452567026457963, 0.5538448441797161, 0.14095732995574303, 0.49475385847171083, 0.6774961345186586, 0.43533671414378694, 0.23166639237081288, 0.00839589484089287, 0.6192971104660638, 0.686981724193602, 0.723096808765284, 0.8151636169145293, 0.7261948305661865, 0.6322785852049959], [0.35805299271285884, 0.9199182394494235, 0.0, 0.2482970993075031, 0.5415625561385068, 0.13312899544686513, 0.4915027947697901, 0.6813771088084484, 0.3972833309266923, 0.21153872059360324, 0.007671947615560004, 0.6040438721901069, 0.6629044779949367, 0.7006953856361411, 0.7928997554360522, 0.7084001726370626, 0.6054783167654448], [0.2584964297404371, 0.8390071130288552, 0.0, 0.2792716831306877, 0.5319914654194302, 0.1278744315819035, 0.6100774116992114, 0.6864659505780246, 0.36968083045397626, 0.1855320542550316, 0.007671947615560004, 0.6131278549842611, 0.6544517416572779, 0.6655216004217318, 0.7869579929799952, 0.7075914810019425, 0.6015056753257291], [0.4390288383273475, 0.8822758417267047, 0.0, 0.3081845498753204, 0.5402982401574739, 0.12783981736486072, 0.6830741956910813, 0.6864199634474499, 0.37379612263746353, 0.1939154163766308, 0.007225183508792421, 0.603805942758795, 0.6463531869527926, 0.667495613771924, 0.7820206915749253, 0.7206505092842945, 0.5919794732703105]], "features_2": [[0.30529534108018774, 0.8705132915194352, 0.0, 0.27984917145038385, 0.5091958028440456, 0.13482872825206355, 0.1926174931227848, 0.6728433583269846, 0.40325719023619766, 0.20749028042229334, 0.007894969482732161, 0.6232470020591867, 0.6233860931359214, 0.6510904577786022, 0.7795319060212981, 0.6962690379363715, 0.5795959532194669], [0.18945430934923868, 0.6920242286847685, 0.0, 0.22199722040663922, 0.45751498220427034, 0.13510653008971563, 0.2317202516682812, 0.6731702214402436, 0.39465963802176174, 0.16613842410473656, 0.007783488497544067, 0.614141619157818, 0.6426863753914789, 0.6623834775641929, 0.7799571567783475, 0.688722206383181, 0.5815482514957677], [0.08982845690054297, 0.8422937460859958, 0.0, 0.23678132518027128, 0.5037821638198967, 0.13456226207189995, 0.1891588548729871, 0.6734182444696893, 0.3902773098787964, 0.1994457458019685, 0.007671947615560004, 0.621233167633958, 0.6498079714851623, 0.6770327121900032, 0.7794311101531239, 0.72232006538999, 0.5859685928058368], [0.13945249327791753, 0.8393446333947724, 0.0, 0.2502311257807445, 0.5039905191926854, 0.13322760274917161, 0.1732537533861674, 0.6743298409802305, 0.37822701244346457, 0.19752716166065798, 0.007727725548673403, 0.6081307427070717, 0.6227958719863297, 0.6624758477475555, 0.7743854422951784, 0.684340811925407, 0.5812780808745467], [-0.0013049688667532422, 0.7278079573073685, 0.0, 0.20108886944889612, 0.4659357338345511, 0.13576041819733015, 0.17587398976119886, 0.6703002207829767, 0.3911107907551563, 0.17573544830319543, 0.008006390651371653, 0.6158533167610547, 0.6356047820251427, 0.6592003154284256, 0.7734545792652214, 0.6855731326926218, 0.5843849490123251], [-0.17593471135826766, 0.8599274747892848, 0.0, 0.21817768324511988, 0.5090226702034709, 0.1361042905914877, 0.2500711057626148, 0.6741237737886188, 0.3977378867562398, 0.20666040211218073, 0.008117752083540042, 0.6316314584136, 0.6729372535928724, 0.6998079034842266, 0.7903698638677791, 0.7305042850138018, 0.5899169885269581], [-0.23287305308615558, 0.7904885216933561, 0.0, 0.1734570291081888, 0.4987188829091721, 0.12903136368199025, 0.2811643385818847, 0.6816520557479049, 0.35241064879110584, 0.18162453784835253, 0.007392832833969631, 0.6169281467448497, 0.6562739912678867, 0.6821084332451232, 0.7797770820883762, 0.6914876006725282, 0.5757935631170497], [-0.2658923721193376, 0.6872246652644037, 0.0, 0.22906768749235182, 0.46305760027521164, 0.1337682608201663, 0.25123481261919023, 0.6764511028877074, 0.3792968430072561, 0.16555490148899232, 0.008006390651371653, 0.6306723981979949, 0.6594229889767143, 0.6805026437793422, 0.7861598146062891, 0.7042723916261723, 0.5918752362617499], [-0.1663563569469413, 0.7003974271305261, 0.0, 0.2411310153830442, 0.47616391856100354, 0.13079362602160244, 0.317113990705819, 0.6814719549160095, 0.36440160818673895, 0.1638149644480349, 0.007281081678807366, 0.621448640671288, 0.6567984431107164, 0.6874016107185718, 0.7901018971040661, 0.7035789670739445, 0.5910622235894809]]}