{"labels_1": ["1", "2", "3", "4", "5", "6", "7", "8", "9"], "labels_2": ["1", "2", "3", "4", "5", "6", "7", "8", "9"], "adj_matrix_1": [[0.0, 0.17962, 0.04428, 0.23221, 0.22445, 0.06925, 0.05958, 0.26088, 0.10122], [0.17962, 0.0, 0.14308, 0.0816, 0.2221, 0.12061, 0.22333, 0.1671, 0.25063], [0.04428, 0.14308, 0.0, 0.20468, 0.22917, 0.02541, 0.10242, 0.24742, 0.14216], [0.23221, 0.0816, 0.20468, 0.0, 0.19543, 0.18694, 0.26272, 0.09938, 0.28015], [0.22445, 0.2221, 0.22917, 0.19543, 0.0, 0.23045, 0.21531, 0.13456, 0.20747], [0.06925, 0.12061, 0.02541, 0.18694, 0.23045, 0.0, 0.12599, 0.23753, 0.16424], [0.05958, 0.22333, 0.10242, 0.26272, 0.21531, 0.12599, 0.0, 0.27289, 0.04288], [0.26088, 0.1671, 0.24742, 0.09938, 0.13456, 0.23753, 0.27289, 0.0, 0.27779], [0.10122, 0.25063, 0.14216, 0.28015, 0.20747, 0.16424, 0.04288, 0.27779, 0.0]], "adj_matrix_2": [[0.0, 0.34941, 0.11336, 0.26449, 0.36398, 0.05915, 0.06721, 0.11456, 0.38844], [0.34941, 0.0, 0.3745, 0.23121, 0.02748, 0.36787, 0.31548, 0.28336, 0.0779], [0.11336, 0.3745, 0.0, 0.23423, 0.38224, 0.05642, 0.1733, 0.2128, 0.39451], [0.26449, 0.23121, 0.23423, 0.0, 0.22627, 0.25273, 0.27069, 0.2711, 0.2173], [0.36398, 0.02748, 0.38224, 0.22627, 0.0, 0.37897, 0.33363, 0.30381, 0.05063], [0.05915, 0.36787, 0.05642, 0.25273, 0.37897, 0.0, 0.12384, 0.16798, 0.39723], [0.06721, 0.31548, 0.1733, 0.27069, 0.33363, 0.12384, 0.0, 0.0491, 0.36478], [0.11456, 0.28336, 0.2128, 0.2711, 0.30381, 0.16798, 0.0491, 0.0, 0.33939], [0.38844, 0.0779, 0.39451, 0.2173, 0.05063, 0.39723, 0.36478, 0.33939, 0.0]], "features_1": [[0.05312075200279143, 1.0585811272967702, 0.0, 0.2601391100865894, 0.5620407511464035, 0.13369940746648967, 0.22174337564264662, 0.675844252036422, 0.40088509370754344, 0.24101108705690422, 0.00783923647221818, 0.6147628046918523, 0.6308707127292603, 0.6424788321747972, 0.7831469026430075, 0.7064081902768609, 0.608265123480041], [0.9441269708510451, 0.8369617932025344, 0.0, 0.29037438466843607, 0.5258528123065507, 0.12460127860865344, 0.3729411922204712, 0.6862116517836554, 0.37736673629240713, 0.18087878789184186, 0.007950687539111767, 0.5849865233546352, 0.6199419050984741, 0.6328188454997277, 0.7756702476176108, 0.7059230646326178, 0.5984543463488069], [0.3614759863240997, 1.0164872291108225, 0.0, 0.2644776091125604, 0.56777171540394, 0.12929750741497598, 0.30671972838598266, 0.6824948963513106, 0.38594089009947274, 0.22177415485137253, 0.00783923647221818, 0.6005138999261534, 0.6544602983954579, 0.6612440894887146, 0.7840491273984521, 0.7189797616563516, 0.613030936334977], [0.6301905927959854, 1.0652323533991335, 0.0, 0.27897642771971165, 0.5776041995232631, 0.12746569855097076, 0.31447209807564674, 0.6833321502583883, 0.3712710058356885, 0.22805546837886226, 0.007504523810135222, 0.5873837992122859, 0.6425793755436412, 0.6609825459370422, 0.7769273662565139, 0.7037675038432557, 0.6019430944055649], [1.6991987055303062, 0.9028576758426365, 0.0, 0.2906289643453065, 0.5470179243094517, 0.1213655788133006, 0.3368494893286346, 0.687883770291845, 0.3596508760525243, 0.18599597887871888, 0.007616154688146137, 0.558636550299672, 0.610486364574713, 0.6200618542652657, 0.7636127525315838, 0.703072029329505, 0.593977942286871], [0.41016474755819754, 1.1207043448817735, 0.0, 0.2700990972581834, 0.5929018383546125, 0.13053826106084426, 0.36047934425647626, 0.6832477127602006, 0.3969256990298202, 0.2430372940227068, 0.007616154688146137, 0.5938997758219342, 0.6521785701590082, 0.6836250657015276, 0.7931923494089883, 0.7206159241415572, 0.6165173947625464], [0.2801481645142787, 1.0536638262159648, 0.0, 0.2931184677346754, 0.5878791878462231, 0.12055003951286594, 0.3640876069153549, 0.688904348282072, 0.33742130652530644, 0.2187905413292246, 0.007057398507269275, 0.5953799277747649, 0.642468738947931, 0.6587233860769711, 0.7685550153492889, 0.6925761953349611, 0.5928621747128995], [1.1113625256943056, 0.9513669393226952, 0.0, 0.30047582863127137, 0.5684170105565318, 0.11802208920024618, 0.35024482550334923, 0.6900674141838288, 0.3243386189721831, 0.19171929740063387, 0.007057398507269275, 0.5656207051933013, 0.6267092693869147, 0.6391225492716603, 0.7591470165189431, 0.6845099506282359, 0.5831351575524092], [-0.15849859813865486, 0.9830976778115725, 0.0, 0.2633123762383248, 0.5797064980362576, 0.11644643096035012, 0.3735770869790748, 0.6908617769968782, 0.30018080963917404, 0.20122273521479306, 0.006609306440138685, 0.6019430363678633, 0.641134282886838, 0.6647194791583718, 0.7585534617468433, 0.6794099831828518, 0.5797966887076835]], "features_2": [[0.2845977038372953, 0.9639416014611865, 0.0, 0.2298079534615874, 0.5396609972916752, 0.13393180103665056, 0.3353462284653389, 0.6770539450580569, 0.382214657735493, 0.2204310132873264, 0.007783488497544067, 0.6090813646068343, 0.6587444856244381, 0.6935268072649158, 0.791419646076444, 0.7197181090464261, 0.577678613956826], [-0.2627669519359803, 0.7440566949091437, 0.0, 0.19898788971539422, 0.4806226078198415, 0.13562400742022915, 0.2977413470237934, 0.6752856521001329, 0.3972152605217836, 0.18008452415231258, 0.008006390651371653, 0.6382559171094224, 0.6565724065653703, 0.6758708196899866, 0.7957511013038985, 0.7206731556830166, 0.5868340829798082], [0.2100449292881259, 0.8329885013878581, 0.0, 0.22698765985413227, 0.5145493308883252, 0.13106932958319695, 0.3079875802041137, 0.6802106009960383, 0.37874363398577127, 0.19255619167122062, 0.007336964783822175, 0.6024205041419548, 0.6569282760889384, 0.6749844916557308, 0.7889509453740878, 0.7024327635583647, 0.5801150795003683], [1.1292375193740263, 0.833427944677816, 0.0, 0.291057515001782, 0.5155342525818781, 0.12887943605614435, 0.3255624990644307, 0.6822043569492917, 0.372667427252664, 0.1857938341913159, 0.007783488497544067, 0.5768249615736916, 0.6462265192738356, 0.6708716949784216, 0.7848924760302066, 0.7209156144865121, 0.5618952253304175], [-0.3464780434716115, 0.7772282344707511, 0.0, 0.21387571733268598, 0.4928636657839406, 0.13364807234933926, 0.27101440576101227, 0.6769340088169401, 0.3954068697265338, 0.18711497752622464, 0.008006390651371653, 0.6415680182035386, 0.6675648368642435, 0.6945821069074621, 0.7908461790645528, 0.7094813989468428, 0.5824539918919465], [-0.017541732189524595, 0.795257237351023, 0.0, 0.23144550641489015, 0.5075481078032879, 0.1313802186376364, 0.401280792220129, 0.6825182794142797, 0.3936630802332941, 0.18730140633683723, 0.007448685839370306, 0.613940177972234, 0.6705711135306973, 0.6998425666429302, 0.8008916162758185, 0.7278965651721672, 0.5814927175951434], [0.25067967467639285, 0.8527264838173013, 0.0, 0.23242507671964066, 0.5203199215738354, 0.1273675603413909, 0.23542205844294273, 0.6820123452091728, 0.35609040000368, 0.1892915728118667, 0.007225183508792421, 0.604055712882968, 0.6288828696014014, 0.645862397393722, 0.7706432449537358, 0.692342456460399, 0.5557456879424058], [-0.2925122527938169, 0.7099560381446418, 0.0, 0.2534436821201334, 0.4904505955613998, 0.12307056632460178, 0.3490592192908558, 0.6873882497352136, 0.34366459035708896, 0.15829622448266156, 0.007281081678807366, 0.6181236756584048, 0.6500121602027065, 0.6697238156098245, 0.7767541989292426, 0.6775001477121007, 0.5640192415646711], [-0.5885432503150376, 0.7151530861796506, 0.0, 0.19516353679287082, 0.4868677287862606, 0.12491795167172255, 0.29761542930411766, 0.6854001585538891, 0.3453529101695507, 0.16326898470070605, 0.007281081678807366, 0.6409468847145621, 0.6580947287759719, 0.6853639388345097, 0.7756218187499774, 0.6735088168825777, 0.5663790789144364]]}