{"labels_1": ["1", "2", "3", "4", "5", "6", "7", "8", "9"], "labels_2": ["1", "2", "3", "4", "5", "6", "7", "8", "9"], "adj_matrix_1": [[0.0, 0.01801, 0.12431, 0.17337, 0.11366, 0.16107, 0.07608, 0.16087, 0.25963], [0.01801, 0.0, 0.10761, 0.15828, 0.13043, 0.17664, 0.05847, 0.14535, 0.27176], [0.12431, 0.10761, 0.0, 0.0568, 0.22134, 0.25787, 0.05097, 0.04178, 0.32661], [0.17337, 0.15828, 0.0568, 0.0, 0.2573, 0.28705, 0.10581, 0.01524, 0.33956], [0.11366, 0.13043, 0.22134, 0.2573, 0.0, 0.0513, 0.18193, 0.24865, 0.16576], [0.16107, 0.17664, 0.25787, 0.28705, 0.0513, 0.0, 0.22363, 0.28014, 0.11784], [0.07608, 0.05847, 0.05097, 0.10581, 0.18193, 0.22363, 0.0, 0.0915, 0.3056], [0.16087, 0.14535, 0.04178, 0.01524, 0.24865, 0.28014, 0.0915, 0.0, 0.33718], [0.25963, 0.27176, 0.32661, 0.33956, 0.16576, 0.11784, 0.3056, 0.33718, 0.0]], "adj_matrix_2": [[0.0, 0.03998, 0.17065, 0.0388, 0.19513, 0.25843, 0.26672, 0.18244, 0.25716], [0.03998, 0.0, 0.19421, 0.07735, 0.21393, 0.25778, 0.26191, 0.20388, 0.25728], [0.17065, 0.19421, 0.0, 0.14218, 0.03696, 0.17016, 0.19753, 0.01718, 0.16591], [0.0388, 0.07735, 0.14218, 0.0, 0.17076, 0.25216, 0.26466, 0.15578, 0.25017], [0.19513, 0.21393, 0.03696, 0.17076, 0.0, 0.13942, 0.16944, 0.01988, 0.13489], [0.25843, 0.25778, 0.17016, 0.25216, 0.13942, 0.0, 0.03517, 0.15621, 0.00523], [0.26672, 0.26191, 0.19753, 0.26466, 0.16944, 0.03517, 0.0, 0.18487, 0.04036], [0.18244, 0.20388, 0.01718, 0.15578, 0.01988, 0.15621, 0.18487, 0.0, 0.1519], [0.25716, 0.25728, 0.16591, 0.25017, 0.13489, 0.00523, 0.04036, 0.1519, 0.0]], "features_1": [[0.24846701759894563, 0.77194954745051, 0.0, 0.21138423338860382, 0.48422130899619253, 0.136096374247286, 0.15046022714046145, 0.6720634670155973, 0.39275505355529305, 0.18218421842557286, 0.007392832833969631, 0.6119121920672681, 0.6273782129882888, 0.6656737926609837, 0.7823249538524935, 0.6970805599761881, 0.5756165597013742], [0.20319593062278907, 0.6352173610021847, 0.0, 0.24963681984674113, 0.4476605738919498, 0.1306306504703487, 0.13733759519700045, 0.6776617079374232, 0.3662788557605099, 0.1462481693604234, 0.007057398507269275, 0.6044972181726149, 0.6257456886454085, 0.648928120752504, 0.770586574800261, 0.6960846068235783, 0.5809932499244466], [0.47956849233631527, 0.803850287136748, 0.0, 0.22629012153582737, 0.5020565619675349, 0.1313325439298271, 0.1427678304510735, 0.676825646468268, 0.37246380439399585, 0.18083789507443804, 0.00783923647221818, 0.5977877112267622, 0.6318267027157433, 0.6557172846820718, 0.7715143970063967, 0.6896913362659441, 0.5769037131700167], [0.5102456609169441, 0.814650099884458, 0.0, 0.21168195881552768, 0.5032524668499508, 0.13227355936176477, 0.18594086976805357, 0.6765419875353895, 0.37984416651431463, 0.18466308054080804, 0.007392832833969631, 0.5989390702879847, 0.6348419743758814, 0.6663850200095844, 0.7781576324261329, 0.710091340718927, 0.5832503872086429], [0.1745418414003832, 0.646494318912225, 0.0, 0.24171580305419227, 0.45702727879621546, 0.1272524096747516, 0.1776336348984387, 0.681801272917103, 0.3582725004053544, 0.14529741692053277, 0.007504523810135222, 0.6132434190791816, 0.6268355408924855, 0.6439511733890213, 0.7679418353763817, 0.7066813279215205, 0.5805666561904889], [0.3321305295838819, 0.8289807833446976, 0.0, 0.22000183971281276, 0.5120654505985905, 0.13151748732728566, 0.22846882865216145, 0.6790918334259037, 0.3806297934407852, 0.18702004452445453, 0.007504523810135222, 0.6142323877396927, 0.6473508483732368, 0.6617132719961882, 0.7831543517867948, 0.7094965090863693, 0.5828095481403296], [0.18413913796936, 0.831200138999249, 0.0, 0.2319027057644421, 0.5153959245479712, 0.12575239876866628, 0.23517864464209595, 0.6829170375260625, 0.3507084702205394, 0.18429241246429973, 0.007448685839370306, 0.6005531843026666, 0.6299191320875003, 0.648951251724954, 0.7643986262568279, 0.6844430346820568, 0.5752488286269715], [0.1950829422108744, 0.6585028888764164, 0.0, 0.2075502868215432, 0.46752087193874264, 0.12041414180104751, 0.2706801696452068, 0.6882029709079527, 0.33529200280813964, 0.14108093704069535, 0.007225183508792421, 0.5878467479005098, 0.648522187100799, 0.6721013674045749, 0.761274976128438, 0.7066076887766145, 0.5625990867376367], [-0.265804410012088, 0.6657164249186933, 0.0, 0.24605427909863375, 0.47120198698841975, 0.12272422889475527, 0.40880374120247537, 0.6866373650831539, 0.33939257193431627, 0.14841178226991225, 0.00711334193318236, 0.6189239919331027, 0.6452297130553901, 0.6620179546088915, 0.7675485989279515, 0.6853459274511612, 0.5783340614977082]], "features_2": [[0.7302105413759734, 0.912255630579097, 0.0, 0.29820112695875806, 0.5478846775707689, 0.12816428728319332, 0.5398185531485253, 0.6858026964011638, 0.3776093694305682, 0.20255358520370637, 0.007448685839370306, 0.5836315215849999, 0.6602446413982365, 0.6780704616665792, 0.7935092804414583, 0.7113723742294169, 0.6041262898153187], [1.6465656037860947, 0.8025154357078138, 0.0, 0.3318551006343266, 0.5306752209828024, 0.1170242230244533, 0.6407760543717977, 0.6911703847764343, 0.32447391112679624, 0.15986399549288666, 0.007001439975721224, 0.5616634211984879, 0.6085907952451306, 0.616916304487732, 0.7652498452948012, 0.6793615984479892, 0.5864212805945483], [1.1941736768953328, 0.9627794812326836, 0.0, 0.3290735667100521, 0.5737778691453514, 0.11639048925392723, 0.618073983847966, 0.6914027110985352, 0.3259149346003787, 0.19292316845714175, 0.006889477554966383, 0.5727573270886965, 0.6287489995980893, 0.62945524591546, 0.764956496661487, 0.6859173709245295, 0.5842479460545867], [1.2569561494623596, 0.956946497668709, 0.0, 0.33433281213387056, 0.5690194754278025, 0.11888761568146766, 0.590172448443741, 0.6904451916821042, 0.3376236834593005, 0.19521417588423495, 0.006889477554966383, 0.5715245663801043, 0.6209864212121916, 0.6277508425136709, 0.7714362052881073, 0.6995820143959445, 0.5902678450970279], [1.0561564480134988, 0.7638388620898209, 0.0, 0.2914436998763858, 0.5136359708401567, 0.1199034004062899, 0.525765452453632, 0.6894221870083971, 0.3386224257666728, 0.15686295653544025, 0.007336964783822175, 0.5738210170823892, 0.6282677791276371, 0.6412218359843302, 0.7694645201294583, 0.6947414923992383, 0.5801315416919927], [0.6216516320250833, 0.976459398286982, 0.0, 0.2977997507195835, 0.5748597735790131, 0.11857290348102247, 0.6427036975138855, 0.6908907343307003, 0.32990440532016807, 0.19911063615848068, 0.007336964783822175, 0.5859282864751507, 0.6361420324291183, 0.6514477460127303, 0.7722059294900323, 0.7102254415125993, 0.5650549739902494], [0.5033672270227285, 0.9220421378971068, 0.0, 0.28914476211560475, 0.558316613922158, 0.11611184796876575, 0.6330458493933137, 0.6911106436389987, 0.31884197954252547, 0.1869849381362143, 0.00677745458930179, 0.5872129581112491, 0.637095568387389, 0.6475332207882563, 0.7626898733743485, 0.6892918837222817, 0.5526585902208173], [0.24964374979561477, 0.7508766597685153, 0.0, 0.22105093948238091, 0.4984785180442969, 0.12242638872640216, 0.33581555393558915, 0.6868432116763179, 0.33940857389480716, 0.1596993411627925, 0.0069454663283523566, 0.5948935929380852, 0.6299446108544531, 0.6400567987722753, 0.7703821993191974, 0.6832136661351105, 0.5346798186191721], [0.22395268055792616, 0.805741356017031, 0.0, 0.22783483043116665, 0.519122935280185, 0.1176300535793237, 0.41180996469331105, 0.6895808657516137, 0.3214529190577671, 0.16590087935824416, 0.007001439975721224, 0.5900131277388141, 0.6426455286969623, 0.6499890201296246, 0.761795003968822, 0.6936610062743976, 0.522950231243833]]}