{"labels_1": ["1", "2", "3", "4", "5", "6", "7", "8", "9"], "labels_2": ["1", "2", "3", "4", "5", "6", "7", "8", "9"], "adj_matrix_1": [[0.0, 0.01801, 0.12431, 0.17337, 0.11366, 0.16107, 0.07608, 0.16087, 0.25963], [0.01801, 0.0, 0.10761, 0.15828, 0.13043, 0.17664, 0.05847, 0.14535, 0.27176], [0.12431, 0.10761, 0.0, 0.0568, 0.22134, 0.25787, 0.05097, 0.04178, 0.32661], [0.17337, 0.15828, 0.0568, 0.0, 0.2573, 0.28705, 0.10581, 0.01524, 0.33956], [0.11366, 0.13043, 0.22134, 0.2573, 0.0, 0.0513, 0.18193, 0.24865, 0.16576], [0.16107, 0.17664, 0.25787, 0.28705, 0.0513, 0.0, 0.22363, 0.28014, 0.11784], [0.07608, 0.05847, 0.05097, 0.10581, 0.18193, 0.22363, 0.0, 0.0915, 0.3056], [0.16087, 0.14535, 0.04178, 0.01524, 0.24865, 0.28014, 0.0915, 0.0, 0.33718], [0.25963, 0.27176, 0.32661, 0.33956, 0.16576, 0.11784, 0.3056, 0.33718, 0.0]], "adj_matrix_2": [[0.0, 0.22335, 0.11006, 0.24455, 0.03604, 0.24628, 0.2511, 0.14011, 0.13515], [0.22335, 0.0, 0.29736, 0.33382, 0.19369, 0.33338, 0.33178, 0.31239, 0.09963], [0.11006, 0.29736, 0.0, 0.16608, 0.14326, 0.16878, 0.17656, 0.03297, 0.22853], [0.24455, 0.33382, 0.16608, 0.0, 0.26452, 0.00347, 0.01375, 0.1385, 0.3079], [0.03604, 0.19369, 0.14326, 0.26452, 0.0, 0.26589, 0.26974, 0.17167, 0.10115], [0.24628, 0.33338, 0.16878, 0.00347, 0.26589, 0.0, 0.01029, 0.14142, 0.30833], [0.2511, 0.33178, 0.17656, 0.01375, 0.26974, 0.01029, 0.0, 0.14997, 0.30928], [0.14011, 0.31239, 0.03297, 0.1385, 0.17167, 0.14142, 0.14997, 0.0, 0.25073], [0.13515, 0.09963, 0.22853, 0.3079, 0.10115, 0.30833, 0.30928, 0.25073, 0.0]], "features_1": [[0.24846701759894563, 0.77194954745051, 0.0, 0.21138423338860382, 0.48422130899619253, 0.136096374247286, 0.15046022714046145, 0.6720634670155973, 0.39275505355529305, 0.18218421842557286, 0.007392832833969631, 0.6119121920672681, 0.6273782129882888, 0.6656737926609837, 0.7823249538524935, 0.6970805599761881, 0.5756165597013742], [0.20319593062278907, 0.6352173610021847, 0.0, 0.24963681984674113, 0.4476605738919498, 0.1306306504703487, 0.13733759519700045, 0.6776617079374232, 0.3662788557605099, 0.1462481693604234, 0.007057398507269275, 0.6044972181726149, 0.6257456886454085, 0.648928120752504, 0.770586574800261, 0.6960846068235783, 0.5809932499244466], [0.47956849233631527, 0.803850287136748, 0.0, 0.22629012153582737, 0.5020565619675349, 0.1313325439298271, 0.1427678304510735, 0.676825646468268, 0.37246380439399585, 0.18083789507443804, 0.00783923647221818, 0.5977877112267622, 0.6318267027157433, 0.6557172846820718, 0.7715143970063967, 0.6896913362659441, 0.5769037131700167], [0.5102456609169441, 0.814650099884458, 0.0, 0.21168195881552768, 0.5032524668499508, 0.13227355936176477, 0.18594086976805357, 0.6765419875353895, 0.37984416651431463, 0.18466308054080804, 0.007392832833969631, 0.5989390702879847, 0.6348419743758814, 0.6663850200095844, 0.7781576324261329, 0.710091340718927, 0.5832503872086429], [0.1745418414003832, 0.646494318912225, 0.0, 0.24171580305419227, 0.45702727879621546, 0.1272524096747516, 0.1776336348984387, 0.681801272917103, 0.3582725004053544, 0.14529741692053277, 0.007504523810135222, 0.6132434190791816, 0.6268355408924855, 0.6439511733890213, 0.7679418353763817, 0.7066813279215205, 0.5805666561904889], [0.3321305295838819, 0.8289807833446976, 0.0, 0.22000183971281276, 0.5120654505985905, 0.13151748732728566, 0.22846882865216145, 0.6790918334259037, 0.3806297934407852, 0.18702004452445453, 0.007504523810135222, 0.6142323877396927, 0.6473508483732368, 0.6617132719961882, 0.7831543517867948, 0.7094965090863693, 0.5828095481403296], [0.18413913796936, 0.831200138999249, 0.0, 0.2319027057644421, 0.5153959245479712, 0.12575239876866628, 0.23517864464209595, 0.6829170375260625, 0.3507084702205394, 0.18429241246429973, 0.007448685839370306, 0.6005531843026666, 0.6299191320875003, 0.648951251724954, 0.7643986262568279, 0.6844430346820568, 0.5752488286269715], [0.1950829422108744, 0.6585028888764164, 0.0, 0.2075502868215432, 0.46752087193874264, 0.12041414180104751, 0.2706801696452068, 0.6882029709079527, 0.33529200280813964, 0.14108093704069535, 0.007225183508792421, 0.5878467479005098, 0.648522187100799, 0.6721013674045749, 0.761274976128438, 0.7066076887766145, 0.5625990867376367], [-0.265804410012088, 0.6657164249186933, 0.0, 0.24605427909863375, 0.47120198698841975, 0.12272422889475527, 0.40880374120247537, 0.6866373650831539, 0.33939257193431627, 0.14841178226991225, 0.00711334193318236, 0.6189239919331027, 0.6452297130553901, 0.6620179546088915, 0.7675485989279515, 0.6853459274511612, 0.5783340614977082]], "features_2": [[-0.05917465578606507, 0.7872253513565883, 0.0, 0.16496362658590955, 0.4801785351561767, 0.14158860190229136, 0.1433847597911722, 0.6637291650621171, 0.4310828721900697, 0.1952157326893289, 0.007950687539111767, 0.630655255056823, 0.6374384993005365, 0.6673958603394862, 0.7916395158338718, 0.6911365702621325, 0.5910435326094936], [-0.33399002762334895, 0.656916224473249, 0.0, 0.20957185259694175, 0.43873856194652505, 0.14053244262457898, 0.11592192024988321, 0.664393136781642, 0.4167833354957593, 0.16493219129839276, 0.007727725548673403, 0.6315860748659019, 0.6500800713636118, 0.6763497557353537, 0.786583532177741, 0.6835869714802442, 0.5770931431775416], [0.24637738341958304, 0.8054525417733985, 0.0, 0.20250039954616786, 0.48845870733108576, 0.14051158735912073, 0.13990031815600118, 0.6661239591437785, 0.43130468326970695, 0.19509971829116135, 0.007950687539111767, 0.6122167393327325, 0.6613310281774842, 0.6655813124480169, 0.7921356192394071, 0.7174993207619339, 0.5997361891864468], [0.2695170186496547, 0.809110669037203, 0.0, 0.22789537636389692, 0.4914425058485452, 0.13814402643645424, 0.1502641883142779, 0.6703330312034188, 0.41837496345640646, 0.19399451539623414, 0.007950687539111767, 0.6073540894558451, 0.6556220769546768, 0.6857739988229344, 0.789444955648193, 0.701030800820327, 0.5947426032372827], [-0.10337625860270983, 0.6481776121618003, 0.0, 0.22749632036913023, 0.4366214041021793, 0.13921503809451874, 0.10975032659917901, 0.6665229532046362, 0.408444861277685, 0.15978497396769864, 0.00783923647221818, 0.6201032102647441, 0.6301181541847197, 0.6605779537620972, 0.7843238006524426, 0.6985676452464056, 0.5665054992963678], [0.4802885669311925, 0.8422724192953419, 0.0, 0.21971014576167666, 0.4947086278743722, 0.14456494471299222, 0.16226032490437134, 0.6640103204545852, 0.45434936293708894, 0.20722610417707843, 0.008117752083540042, 0.6085897641514175, 0.6435454310591748, 0.6819590859681812, 0.8053469436923646, 0.7309621280008711, 0.6145031131538475], [0.26284447270731626, 0.7740924909982771, 0.0, 0.2187787525916942, 0.4900795788074326, 0.1327756296473644, 0.2088625610910782, 0.6778161325067366, 0.3892322300147164, 0.1806829225343587, 0.007616154688146137, 0.604204650777985, 0.628591036766944, 0.6501765915929547, 0.7843036300042329, 0.6994712960545929, 0.584047135351906], [0.7704800752828804, 0.63832824640969, 0.0, 0.24556403567343116, 0.4370277979934449, 0.13665342375515388, 0.18539262299978318, 0.6741677805784936, 0.409216344242455, 0.15144476723785028, 0.007560346756364078, 0.6075490754285191, 0.6436369866066447, 0.6755684259302492, 0.7905956379195278, 0.7193174013031676, 0.5787411281446218], [0.023747354248677244, 0.7034670535747479, 0.0, 0.1961163944275482, 0.46129419635243274, 0.13545294061914775, 0.17817230932560904, 0.6749864235469692, 0.39325810025273666, 0.16876273455333668, 0.008117752083540042, 0.6271074934939751, 0.652765225003743, 0.6794010292205732, 0.7865189153229819, 0.6917469050775065, 0.5722743965572705]]}