{"labels_1": ["1", "2", "3", "4", "5", "6", "7", "8", "9"], "labels_2": ["1", "2", "3", "4", "5", "6", "7", "8", "9"], "adj_matrix_1": [[0.0, 0.01801, 0.12431, 0.17337, 0.11366, 0.16107, 0.07608, 0.16087, 0.25963], [0.01801, 0.0, 0.10761, 0.15828, 0.13043, 0.17664, 0.05847, 0.14535, 0.27176], [0.12431, 0.10761, 0.0, 0.0568, 0.22134, 0.25787, 0.05097, 0.04178, 0.32661], [0.17337, 0.15828, 0.0568, 0.0, 0.2573, 0.28705, 0.10581, 0.01524, 0.33956], [0.11366, 0.13043, 0.22134, 0.2573, 0.0, 0.0513, 0.18193, 0.24865, 0.16576], [0.16107, 0.17664, 0.25787, 0.28705, 0.0513, 0.0, 0.22363, 0.28014, 0.11784], [0.07608, 0.05847, 0.05097, 0.10581, 0.18193, 0.22363, 0.0, 0.0915, 0.3056], [0.16087, 0.14535, 0.04178, 0.01524, 0.24865, 0.28014, 0.0915, 0.0, 0.33718], [0.25963, 0.27176, 0.32661, 0.33956, 0.16576, 0.11784, 0.3056, 0.33718, 0.0]], "adj_matrix_2": [[0.0, 0.08341, 0.24158, 0.11463, 0.02519, 0.14351, 0.14282, 0.30677, 0.34018], [0.08341, 0.0, 0.17274, 0.03255, 0.10755, 0.06334, 0.06258, 0.25021, 0.29164], [0.24158, 0.17274, 0.0, 0.14329, 0.25919, 0.11402, 0.11476, 0.0902, 0.14215], [0.11463, 0.03255, 0.14329, 0.0, 0.13788, 0.03106, 0.03027, 0.22435, 0.26844], [0.02519, 0.10755, 0.25919, 0.13788, 0.0, 0.16577, 0.16516, 0.32016, 0.35081], [0.14351, 0.06334, 0.11402, 0.03106, 0.16577, 0.0, 0.00079, 0.19801, 0.2443], [0.14282, 0.06258, 0.11476, 0.03027, 0.16516, 0.00079, 0.0, 0.19873, 0.24495], [0.30677, 0.25021, 0.0902, 0.22435, 0.32016, 0.19801, 0.19873, 0.0, 0.05366], [0.34018, 0.29164, 0.14215, 0.26844, 0.35081, 0.2443, 0.24495, 0.05366, 0.0]], "features_1": [[0.24846701759894563, 0.77194954745051, 0.0, 0.21138423338860382, 0.48422130899619253, 0.136096374247286, 0.15046022714046145, 0.6720634670155973, 0.39275505355529305, 0.18218421842557286, 0.007392832833969631, 0.6119121920672681, 0.6273782129882888, 0.6656737926609837, 0.7823249538524935, 0.6970805599761881, 0.5756165597013742], [0.20319593062278907, 0.6352173610021847, 0.0, 0.24963681984674113, 0.4476605738919498, 0.1306306504703487, 0.13733759519700045, 0.6776617079374232, 0.3662788557605099, 0.1462481693604234, 0.007057398507269275, 0.6044972181726149, 0.6257456886454085, 0.648928120752504, 0.770586574800261, 0.6960846068235783, 0.5809932499244466], [0.47956849233631527, 0.803850287136748, 0.0, 0.22629012153582737, 0.5020565619675349, 0.1313325439298271, 0.1427678304510735, 0.676825646468268, 0.37246380439399585, 0.18083789507443804, 0.00783923647221818, 0.5977877112267622, 0.6318267027157433, 0.6557172846820718, 0.7715143970063967, 0.6896913362659441, 0.5769037131700167], [0.5102456609169441, 0.814650099884458, 0.0, 0.21168195881552768, 0.5032524668499508, 0.13227355936176477, 0.18594086976805357, 0.6765419875353895, 0.37984416651431463, 0.18466308054080804, 0.007392832833969631, 0.5989390702879847, 0.6348419743758814, 0.6663850200095844, 0.7781576324261329, 0.710091340718927, 0.5832503872086429], [0.1745418414003832, 0.646494318912225, 0.0, 0.24171580305419227, 0.45702727879621546, 0.1272524096747516, 0.1776336348984387, 0.681801272917103, 0.3582725004053544, 0.14529741692053277, 0.007504523810135222, 0.6132434190791816, 0.6268355408924855, 0.6439511733890213, 0.7679418353763817, 0.7066813279215205, 0.5805666561904889], [0.3321305295838819, 0.8289807833446976, 0.0, 0.22000183971281276, 0.5120654505985905, 0.13151748732728566, 0.22846882865216145, 0.6790918334259037, 0.3806297934407852, 0.18702004452445453, 0.007504523810135222, 0.6142323877396927, 0.6473508483732368, 0.6617132719961882, 0.7831543517867948, 0.7094965090863693, 0.5828095481403296], [0.18413913796936, 0.831200138999249, 0.0, 0.2319027057644421, 0.5153959245479712, 0.12575239876866628, 0.23517864464209595, 0.6829170375260625, 0.3507084702205394, 0.18429241246429973, 0.007448685839370306, 0.6005531843026666, 0.6299191320875003, 0.648951251724954, 0.7643986262568279, 0.6844430346820568, 0.5752488286269715], [0.1950829422108744, 0.6585028888764164, 0.0, 0.2075502868215432, 0.46752087193874264, 0.12041414180104751, 0.2706801696452068, 0.6882029709079527, 0.33529200280813964, 0.14108093704069535, 0.007225183508792421, 0.5878467479005098, 0.648522187100799, 0.6721013674045749, 0.761274976128438, 0.7066076887766145, 0.5625990867376367], [-0.265804410012088, 0.6657164249186933, 0.0, 0.24605427909863375, 0.47120198698841975, 0.12272422889475527, 0.40880374120247537, 0.6866373650831539, 0.33939257193431627, 0.14841178226991225, 0.00711334193318236, 0.6189239919331027, 0.6452297130553901, 0.6620179546088915, 0.7675485989279515, 0.6853459274511612, 0.5783340614977082]], "features_2": [[-0.24746224455056698, 1.031322554597501, 0.0, 0.2090260336838957, 0.5588496781853157, 0.12949747533150735, 0.2632073947252643, 0.6794962495872945, 0.36737254996552626, 0.23211445018046373, 0.007560346756364078, 0.615764122982362, 0.63249082686872, 0.6500792865993087, 0.7705093096529286, 0.6819017651614265, 0.5821061646302206], [0.028143905175295192, 0.8623092219024344, 0.0, 0.23885166436722385, 0.5268570055450311, 0.12440547111767852, 0.3184517137719965, 0.6844871029862061, 0.3491562269215358, 0.18999658370364636, 0.007560346756364078, 0.6044732895629763, 0.6288618352264594, 0.6486117558169138, 0.7606462595031852, 0.6627660501181428, 0.5720112290082644], [-0.028503738925099942, 1.0951012694367073, 0.0, 0.22152379472038955, 0.581269174605325, 0.12466547028784258, 0.2229115412936075, 0.6832849341893108, 0.34613955859723267, 0.2344590207896975, 0.007336964783822175, 0.6166587328573288, 0.6314883548234785, 0.6539704439622808, 0.7559642310528215, 0.6719901725313646, 0.5757524410777336], [0.05708306472609115, 1.0556546164719303, 0.0, 0.24426927624360428, 0.5747413752918105, 0.12491309065663775, 0.2755602234351514, 0.6838805286008618, 0.35325074665133194, 0.22859856780505172, 0.007225183508792421, 0.6076704200039917, 0.6419265291743897, 0.6683530528564241, 0.7625334794660525, 0.678887951786265, 0.5798754978275251], [0.21331573558661532, 0.8823724528175044, 0.0, 0.2551932935145648, 0.5344332991328187, 0.1232145635789601, 0.2761428632448137, 0.6851414925919069, 0.35080241258718914, 0.19299465435983865, 0.007336964783822175, 0.5965339101039273, 0.6269589542284028, 0.6537754390739489, 0.7577866843642361, 0.6541766824267036, 0.5796471748335957], [0.04650671730441314, 1.1244647096828888, 0.0, 0.23446056636423854, 0.5927635945112578, 0.12270290727746583, 0.2648126350669685, 0.6858629650076298, 0.34622596894002067, 0.23717853563167912, 0.007225183508792421, 0.6069425513092512, 0.6484391968540385, 0.6740387218994314, 0.7618589641309911, 0.6613289737428114, 0.5813065886047862], [0.02244055245365617, 1.009527225618345, 0.0, 0.22554579650022402, 0.5706367744074398, 0.1212782185034783, 0.3084115753828243, 0.6870037856010994, 0.3304658930516333, 0.21363712337634677, 0.007225183508792421, 0.6050385002447749, 0.6334818770810839, 0.6566359716770299, 0.7566848266716567, 0.6740881751396774, 0.566768463647266], [-0.15044923413057676, 0.8602989422252861, 0.0, 0.24177989476981204, 0.5394721775744249, 0.11846211063626023, 0.3099549966483508, 0.6890505360106861, 0.31811132279297083, 0.1824449406861921, 0.00683347364535547, 0.6176125813688995, 0.6333029506206358, 0.6551151931238974, 0.7577476479270171, 0.656857460304684, 0.573090360117622], [-0.07776814336179694, 0.8869959229208043, 0.0, 0.21820367767002394, 0.5453782253996841, 0.11892044565103642, 0.2813020734897478, 0.6885527005024173, 0.31184467075156763, 0.18567746610704838, 0.0069454663283523566, 0.6171161642572693, 0.62277098819669, 0.61501999366116, 0.7563305777274018, 0.6864140959903726, 0.5676950158376067]]}