{"labels_1": ["1", "2", "3", "4", "5", "6", "7", "8", "9"], "labels_2": ["1", "2", "3", "4", "5", "6", "7", "8", "9"], "adj_matrix_1": [[0.0, 0.01801, 0.12431, 0.17337, 0.11366, 0.16107, 0.07608, 0.16087, 0.25963], [0.01801, 0.0, 0.10761, 0.15828, 0.13043, 0.17664, 0.05847, 0.14535, 0.27176], [0.12431, 0.10761, 0.0, 0.0568, 0.22134, 0.25787, 0.05097, 0.04178, 0.32661], [0.17337, 0.15828, 0.0568, 0.0, 0.2573, 0.28705, 0.10581, 0.01524, 0.33956], [0.11366, 0.13043, 0.22134, 0.2573, 0.0, 0.0513, 0.18193, 0.24865, 0.16576], [0.16107, 0.17664, 0.25787, 0.28705, 0.0513, 0.0, 0.22363, 0.28014, 0.11784], [0.07608, 0.05847, 0.05097, 0.10581, 0.18193, 0.22363, 0.0, 0.0915, 0.3056], [0.16087, 0.14535, 0.04178, 0.01524, 0.24865, 0.28014, 0.0915, 0.0, 0.33718], [0.25963, 0.27176, 0.32661, 0.33956, 0.16576, 0.11784, 0.3056, 0.33718, 0.0]], "adj_matrix_2": [[0.0, 0.1327, 0.10114, 0.18476, 0.20007, 0.06485, 0.08196, 0.08874, 0.2035], [0.1327, 0.0, 0.0344, 0.06088, 0.07998, 0.18611, 0.1988, 0.04736, 0.26152], [0.10114, 0.0344, 0.0, 0.09429, 0.11275, 0.15856, 0.1726, 0.01306, 0.25091], [0.18476, 0.06088, 0.09429, 0.0, 0.01952, 0.22963, 0.23954, 0.10653, 0.27384], [0.20007, 0.07998, 0.11275, 0.01952, 0.0, 0.24202, 0.25109, 0.12485, 0.27683], [0.06485, 0.18611, 0.15856, 0.22963, 0.24202, 0.0, 0.01786, 0.14752, 0.16001], [0.08196, 0.1988, 0.1726, 0.23954, 0.25109, 0.01786, 0.0, 0.16209, 0.14637], [0.08874, 0.04736, 0.01306, 0.10653, 0.12485, 0.14752, 0.16209, 0.0, 0.24653], [0.2035, 0.26152, 0.25091, 0.27384, 0.27683, 0.16001, 0.14637, 0.24653, 0.0]], "features_1": [[0.24846701759894563, 0.77194954745051, 0.0, 0.21138423338860382, 0.48422130899619253, 0.136096374247286, 0.15046022714046145, 0.6720634670155973, 0.39275505355529305, 0.18218421842557286, 0.007392832833969631, 0.6119121920672681, 0.6273782129882888, 0.6656737926609837, 0.7823249538524935, 0.6970805599761881, 0.5756165597013742], [0.20319593062278907, 0.6352173610021847, 0.0, 0.24963681984674113, 0.4476605738919498, 0.1306306504703487, 0.13733759519700045, 0.6776617079374232, 0.3662788557605099, 0.1462481693604234, 0.007057398507269275, 0.6044972181726149, 0.6257456886454085, 0.648928120752504, 0.770586574800261, 0.6960846068235783, 0.5809932499244466], [0.47956849233631527, 0.803850287136748, 0.0, 0.22629012153582737, 0.5020565619675349, 0.1313325439298271, 0.1427678304510735, 0.676825646468268, 0.37246380439399585, 0.18083789507443804, 0.00783923647221818, 0.5977877112267622, 0.6318267027157433, 0.6557172846820718, 0.7715143970063967, 0.6896913362659441, 0.5769037131700167], [0.5102456609169441, 0.814650099884458, 0.0, 0.21168195881552768, 0.5032524668499508, 0.13227355936176477, 0.18594086976805357, 0.6765419875353895, 0.37984416651431463, 0.18466308054080804, 0.007392832833969631, 0.5989390702879847, 0.6348419743758814, 0.6663850200095844, 0.7781576324261329, 0.710091340718927, 0.5832503872086429], [0.1745418414003832, 0.646494318912225, 0.0, 0.24171580305419227, 0.45702727879621546, 0.1272524096747516, 0.1776336348984387, 0.681801272917103, 0.3582725004053544, 0.14529741692053277, 0.007504523810135222, 0.6132434190791816, 0.6268355408924855, 0.6439511733890213, 0.7679418353763817, 0.7066813279215205, 0.5805666561904889], [0.3321305295838819, 0.8289807833446976, 0.0, 0.22000183971281276, 0.5120654505985905, 0.13151748732728566, 0.22846882865216145, 0.6790918334259037, 0.3806297934407852, 0.18702004452445453, 0.007504523810135222, 0.6142323877396927, 0.6473508483732368, 0.6617132719961882, 0.7831543517867948, 0.7094965090863693, 0.5828095481403296], [0.18413913796936, 0.831200138999249, 0.0, 0.2319027057644421, 0.5153959245479712, 0.12575239876866628, 0.23517864464209595, 0.6829170375260625, 0.3507084702205394, 0.18429241246429973, 0.007448685839370306, 0.6005531843026666, 0.6299191320875003, 0.648951251724954, 0.7643986262568279, 0.6844430346820568, 0.5752488286269715], [0.1950829422108744, 0.6585028888764164, 0.0, 0.2075502868215432, 0.46752087193874264, 0.12041414180104751, 0.2706801696452068, 0.6882029709079527, 0.33529200280813964, 0.14108093704069535, 0.007225183508792421, 0.5878467479005098, 0.648522187100799, 0.6721013674045749, 0.761274976128438, 0.7066076887766145, 0.5625990867376367], [-0.265804410012088, 0.6657164249186933, 0.0, 0.24605427909863375, 0.47120198698841975, 0.12272422889475527, 0.40880374120247537, 0.6866373650831539, 0.33939257193431627, 0.14841178226991225, 0.00711334193318236, 0.6189239919331027, 0.6452297130553901, 0.6620179546088915, 0.7675485989279515, 0.6853459274511612, 0.5783340614977082]], "features_2": [[0.15300353874605355, 0.8890731709467996, 0.0, 0.30663679809902383, 0.5204469880502653, 0.14156468318837526, 0.271138166953066, 0.6708342886739931, 0.45053584225125465, 0.21810636113167092, 0.007950687539111767, 0.6169932555115105, 0.6716784477729081, 0.684711812834531, 0.8119052271090199, 0.7278202964033337, 0.6379848037956943], [0.7179669571242986, 0.6925590426024424, 0.0, 0.30161744510203703, 0.4736495092392686, 0.13939681384725133, 0.3783758153785158, 0.6773767492115979, 0.4365363389673731, 0.1653017834123438, 0.00783923647221818, 0.6066291005666273, 0.653902483698723, 0.6370489469307962, 0.8198479342651506, 0.740754778464427, 0.637001223810797], [0.5173497569424605, 0.8703526891010975, 0.0, 0.3101037632873539, 0.5272534609358794, 0.13698390601599103, 0.298483886124086, 0.67646795823851, 0.42739021832290947, 0.20416369546623248, 0.008117752083540042, 0.60415045373022, 0.6572229858427896, 0.6781484488143159, 0.8053831726422808, 0.7189357097814869, 0.6334976912196453], [0.1719821402544448, 0.8926059108408508, 0.0, 0.24385483792701812, 0.525953295199265, 0.13966444225514843, 0.2398195644101399, 0.6716076020768647, 0.437623568527151, 0.21478979656288666, 0.008006390651371653, 0.6176187232868597, 0.6666789713192498, 0.6908824848110982, 0.8043551481206035, 0.7149468601121298, 0.6340238345526109], [0.6076829802986281, 0.6376073117327747, 0.0, 0.27469459021280457, 0.454094415042517, 0.14146743359912814, 0.34473473448337943, 0.6746348473141588, 0.44188949861800886, 0.1539477409577903, 0.008062078829516484, 0.615500996275737, 0.6740726779574076, 0.6700293714446401, 0.8208220938313274, 0.7441894289918597, 0.6475645728493753], [0.46412445488176646, 0.861355034164011, 0.0, 0.30878474719425314, 0.5241045012517018, 0.1414473910173669, 0.3114680250760166, 0.6733339755223346, 0.4592117750072029, 0.20835422418636518, 0.008673665988278678, 0.6113364130263177, 0.6776952981497958, 0.6861190062067329, 0.8123417946556473, 0.7256932902353077, 0.6399179353558226], [0.6201445326829438, 0.8196604645627289, 0.0, 0.23011239916272214, 0.5137057818410455, 0.13634481537428042, 0.2937415172029077, 0.6767544725098555, 0.41633817948328966, 0.19317464009319396, 0.008117752083540042, 0.5936028700323002, 0.651457758509957, 0.6876884764488981, 0.802840029186893, 0.7184615817869768, 0.6330646970298069], [0.3966259582669869, 0.6007904448263589, 0.0, 0.3047819478925145, 0.44353320531379065, 0.13977912579810042, 0.3163135080879897, 0.6749608697270584, 0.44627715895541664, 0.14752410930040627, 0.00822905385914674, 0.6186890454424803, 0.6606532051261779, 0.6871731368185799, 0.8127553756058189, 0.7323389123353952, 0.6468782738907063], [1.0145725521253652, 0.7202750950601939, 0.0, 0.3569254857606759, 0.4911028405151364, 0.1331601267296793, 0.3603785981409537, 0.681184257841607, 0.4138913773293118, 0.16690101673545255, 0.008117752083540042, 0.5867065541048948, 0.654799262022518, 0.6612642118457794, 0.8008653179768062, 0.7382845455932394, 0.632914825297049]]}