{"labels_1": ["1", "2", "3", "4", "5", "6", "7", "8", "9"], "labels_2": ["1", "2", "3", "4", "5", "6", "7", "8", "9"], "adj_matrix_1": [[0.0, 0.12219, 0.11237, 0.27685, 0.182, 0.24112, 0.03108, 0.06103, 0.07184], [0.12219, 0.0, 0.01064, 0.18793, 0.06776, 0.14051, 0.14989, 0.17511, 0.05292], [0.11237, 0.01064, 0.0, 0.19692, 0.07812, 0.15018, 0.14046, 0.16615, 0.04237], [0.27685, 0.18793, 0.19692, 0.0, 0.12701, 0.05313, 0.29204, 0.30366, 0.22994], [0.182, 0.06776, 0.07812, 0.12701, 0.0, 0.07585, 0.20611, 0.22721, 0.11862], [0.24112, 0.14051, 0.15018, 0.05313, 0.07585, 0.0, 0.26017, 0.27579, 0.18679], [0.03108, 0.14989, 0.14046, 0.29204, 0.20611, 0.26017, 0.0, 0.03038, 0.10158], [0.06103, 0.17511, 0.16615, 0.30366, 0.22721, 0.27579, 0.03038, 0.0, 0.12939], [0.07184, 0.05292, 0.04237, 0.22994, 0.11862, 0.18679, 0.10158, 0.12939, 0.0]], "adj_matrix_2": [[0.0, 0.12141, 0.05956, 0.0794, 0.0558, 0.12415, 0.1611, 0.07378, 0.08383], [0.12141, 0.0, 0.17362, 0.19013, 0.06845, 0.00299, 0.25365, 0.18557, 0.04014], [0.05956, 0.17362, 0.0, 0.0203, 0.11332, 0.1761, 0.10631, 0.01452, 0.13951], [0.0794, 0.19013, 0.0203, 0.0, 0.13206, 0.19249, 0.08682, 0.00579, 0.15744], [0.0558, 0.06845, 0.11332, 0.13206, 0.0, 0.07133, 0.2071, 0.12682, 0.02882], [0.12415, 0.00299, 0.1761, 0.19249, 0.07133, 0.0, 0.25541, 0.18788, 0.04308], [0.1611, 0.25365, 0.10631, 0.08682, 0.2071, 0.25541, 0.0, 0.0924, 0.22809], [0.07378, 0.18557, 0.01452, 0.00579, 0.12682, 0.18788, 0.0924, 0.0, 0.15244], [0.08383, 0.04014, 0.13951, 0.15744, 0.02882, 0.04308, 0.22809, 0.15244, 0.0]], "features_1": [[0.055581327235543654, 1.0246877382430193, 0.0, 0.21731423889658222, 0.5605914430452581, 0.12967293320748582, 0.4154144701099078, 0.6816633130623474, 0.3821503049378072, 0.224802971104344, 0.007448685839370306, 0.6039411491937667, 0.6440866207434103, 0.6806972726364003, 0.7818044271839939, 0.6869856767503902, 0.596928876765924], [0.5397490242881005, 0.7831598178963878, 0.0, 0.2614288514495222, 0.5159009561556611, 0.1223879954120751, 0.5158122595505148, 0.6890331084166819, 0.34316198314451585, 0.16401107383658675, 0.007225183508792421, 0.5901898307211164, 0.6453905071561602, 0.6591160266549242, 0.7828452818749871, 0.7266829178801546, 0.5795175123837154], [0.09541623885314898, 0.9680975254531282, 0.0, 0.21009345416273123, 0.5563409193112805, 0.12604609867912644, 0.4269542056081619, 0.6852171294038651, 0.3625311906926665, 0.20859151595692382, 0.007671947615560004, 0.604440267195278, 0.6460116402848286, 0.6693264544645839, 0.7778867805976201, 0.706003831956163, 0.5865266354114824], [-0.038574275689841286, 1.0003223823708407, 0.0, 0.2081458320175409, 0.5590385070443313, 0.12767237249151864, 0.45244881090033784, 0.6834944013004551, 0.3644788967143031, 0.2178175633512287, 0.007560346756364078, 0.615190800697692, 0.6410511374822987, 0.6739561486784978, 0.7746889217378491, 0.7065087917994817, 0.5823982407146922], [0.2608842609335027, 0.7518306505219505, 0.0, 0.2219233584195165, 0.506842972060817, 0.12140268499276906, 0.4604722294384203, 0.6890950861863502, 0.3265224712425876, 0.15870043663065192, 0.00711334193318236, 0.5961998035993741, 0.6466517831508662, 0.6575499198239978, 0.7781554566151136, 0.6926211158776188, 0.5638884556890768], [0.1507459154090811, 0.9226391597292061, 0.0, 0.19511543760000613, 0.5418661444085396, 0.13117621593865153, 0.47978553296055965, 0.6831869234315326, 0.3854971445110562, 0.2053866396769899, 0.007560346756364078, 0.6142573748474249, 0.6743026533325781, 0.6904043786908398, 0.7983367220983882, 0.726216743843565, 0.6031599429609936], [0.49472178974311776, 0.8629044232689622, 0.0, 0.32642592892083844, 0.5338110056253305, 0.12209471149277809, 0.4476039375278404, 0.6878215845864737, 0.3494034520473541, 0.18486315414160437, 0.00711334193318236, 0.5908648251757243, 0.6258523302933632, 0.638073120213197, 0.7738100040189494, 0.6831236778646854, 0.5873006532982938], [-0.09387718059977423, 0.7089680371160133, 0.0, 0.2389202164280561, 0.48580106959897756, 0.12628118494516943, 0.3403492401465719, 0.685245130729317, 0.3484024878544436, 0.16101680352101821, 0.00711334193318236, 0.6076348766521253, 0.6592048926749192, 0.680757064443376, 0.7822562123984899, 0.7026619054419336, 0.5725595350677105], [0.38365312646117244, 0.7627706481925492, 0.0, 0.32042606502987064, 0.5103871116523685, 0.12235946659799396, 0.4038631259779635, 0.6882547432405415, 0.3432890899678869, 0.16685140509053564, 0.007336964783822175, 0.5983542719843968, 0.6522356157906634, 0.677890627188131, 0.7765576613931028, 0.699982955685461, 0.5825921836489988]], "features_2": [[0.5040392000107223, 0.8487793093962646, 0.0, 0.23760287242032702, 0.5200397415536184, 0.13186362893592535, 0.30244570993748426, 0.6797560021989274, 0.39624069810517204, 0.1936324034607395, 0.00783923647221818, 0.606286906440255, 0.6568869676054778, 0.6825793751579826, 0.7882558417193696, 0.7017424781217924, 0.6126434146698673], [0.4986962559141608, 0.7235247471719448, 0.0, 0.18358929927025675, 0.48556395461531, 0.12977507188680498, 0.24446886569485288, 0.6809828639062678, 0.38727286230334057, 0.16343362429219388, 0.007727725548673403, 0.5995839315438125, 0.6463754525733245, 0.6635418392105018, 0.7808910221351727, 0.7182624410455885, 0.6048947376834618], [0.5241004919935581, 0.8725555826770811, 0.0, 0.21991519899468942, 0.5320489350514056, 0.128812861010403, 0.32683761785909765, 0.6823829040334173, 0.3769176457162535, 0.19163152604617806, 0.007560346756364078, 0.6007715164450902, 0.623190329138898, 0.6258873641346205, 0.7787561504974889, 0.7093511791286332, 0.5967013091464874], [0.655274186106293, 0.8587779009714678, 0.0, 0.24549919443090668, 0.5291500069330476, 0.12873706104049953, 0.3448813148935962, 0.6826198511067663, 0.3817862457022325, 0.18941400962807875, 0.007950687539111767, 0.607096703481186, 0.6451908424943843, 0.656787338557293, 0.7798397561549808, 0.7125559341669712, 0.5886146516260459], [0.518097785439728, 0.6999754178418083, 0.0, 0.17553478441070297, 0.4823525676588394, 0.1270691360464722, 0.25600337929395633, 0.6833053567432574, 0.37370377918333375, 0.15581653187762323, 0.007727725548673403, 0.5997830963507611, 0.6332276029256153, 0.6537363954955523, 0.775809588707944, 0.7128424732327346, 0.6000860295263257], [0.7157600924065659, 0.8925076315677586, 0.0, 0.23360615396544585, 0.5352473160070229, 0.13113410097219438, 0.3754287393714414, 0.6804685332319214, 0.38132504241123844, 0.1967186884120884, 0.007336964783822175, 0.5905107231452853, 0.6376270171106476, 0.6452476165082962, 0.7799995188389867, 0.7035651981966701, 0.5950672378097769], [0.22902556135354946, 0.7748762240270417, 0.0, 0.2452522621806166, 0.5130880329662072, 0.1244436513374853, 0.4621793945184137, 0.6869852009926989, 0.35433995654632744, 0.16632719348879932, 0.007336964783822175, 0.6062547964614695, 0.6486209118193493, 0.6239769735903069, 0.7759073777648241, 0.7183074393111251, 0.5708621636664567], [0.6389086638501174, 0.7276368978291121, 0.0, 0.2536776371287046, 0.4949119293686999, 0.12222415901043325, 0.24532121342094299, 0.686376303798897, 0.33353905005343587, 0.15338302203807608, 0.007225183508792421, 0.5959386808184841, 0.6275470023257141, 0.6240300952706666, 0.760717143126853, 0.6873302246119347, 0.5814390238000119], [0.5285333003409427, 0.7155204077484475, 0.0, 0.2348908956364746, 0.49092122663928894, 0.12402758967501566, 0.26356161483000307, 0.6853098967444677, 0.34018922560819376, 0.15252566089437747, 0.00711334193318236, 0.5938768471123614, 0.6522682154343242, 0.629825544675563, 0.7668330780920308, 0.6914401220670114, 0.5879670163573043]]}