{"labels_1": ["1", "2", "3", "4", "5", "6", "7", "8", "9"], "labels_2": ["1", "2", "3", "4", "5", "6", "7", "8", "9"], "adj_matrix_1": [[0.0, 0.12219, 0.11237, 0.27685, 0.182, 0.24112, 0.03108, 0.06103, 0.07184], [0.12219, 0.0, 0.01064, 0.18793, 0.06776, 0.14051, 0.14989, 0.17511, 0.05292], [0.11237, 0.01064, 0.0, 0.19692, 0.07812, 0.15018, 0.14046, 0.16615, 0.04237], [0.27685, 0.18793, 0.19692, 0.0, 0.12701, 0.05313, 0.29204, 0.30366, 0.22994], [0.182, 0.06776, 0.07812, 0.12701, 0.0, 0.07585, 0.20611, 0.22721, 0.11862], [0.24112, 0.14051, 0.15018, 0.05313, 0.07585, 0.0, 0.26017, 0.27579, 0.18679], [0.03108, 0.14989, 0.14046, 0.29204, 0.20611, 0.26017, 0.0, 0.03038, 0.10158], [0.06103, 0.17511, 0.16615, 0.30366, 0.22721, 0.27579, 0.03038, 0.0, 0.12939], [0.07184, 0.05292, 0.04237, 0.22994, 0.11862, 0.18679, 0.10158, 0.12939, 0.0]], "adj_matrix_2": [[0.0, 0.00818, 0.06222, 0.05203, 0.11481, 0.24308, 0.10724, 0.18573, 0.21543], [0.00818, 0.0, 0.07024, 0.06009, 0.12245, 0.24804, 0.11494, 0.19235, 0.22135], [0.06222, 0.07024, 0.0, 0.01036, 0.05463, 0.20147, 0.04662, 0.13237, 0.16708], [0.05203, 0.06009, 0.01036, 0.0, 0.0648, 0.20889, 0.05684, 0.1416, 0.17556], [0.11481, 0.12245, 0.05463, 0.0648, 0.0, 0.15882, 0.00813, 0.08128, 0.11938], [0.24308, 0.24804, 0.20147, 0.20889, 0.15882, 0.0, 0.16546, 0.0854, 0.04582], [0.10724, 0.11494, 0.04662, 0.05684, 0.00813, 0.16546, 0.0, 0.08904, 0.1267], [0.18573, 0.19235, 0.13237, 0.1416, 0.08128, 0.0854, 0.08904, 0.0, 0.04077], [0.21543, 0.22135, 0.16708, 0.17556, 0.11938, 0.04582, 0.1267, 0.04077, 0.0]], "features_1": [[0.055581327235543654, 1.0246877382430193, 0.0, 0.21731423889658222, 0.5605914430452581, 0.12967293320748582, 0.4154144701099078, 0.6816633130623474, 0.3821503049378072, 0.224802971104344, 0.007448685839370306, 0.6039411491937667, 0.6440866207434103, 0.6806972726364003, 0.7818044271839939, 0.6869856767503902, 0.596928876765924], [0.5397490242881005, 0.7831598178963878, 0.0, 0.2614288514495222, 0.5159009561556611, 0.1223879954120751, 0.5158122595505148, 0.6890331084166819, 0.34316198314451585, 0.16401107383658675, 0.007225183508792421, 0.5901898307211164, 0.6453905071561602, 0.6591160266549242, 0.7828452818749871, 0.7266829178801546, 0.5795175123837154], [0.09541623885314898, 0.9680975254531282, 0.0, 0.21009345416273123, 0.5563409193112805, 0.12604609867912644, 0.4269542056081619, 0.6852171294038651, 0.3625311906926665, 0.20859151595692382, 0.007671947615560004, 0.604440267195278, 0.6460116402848286, 0.6693264544645839, 0.7778867805976201, 0.706003831956163, 0.5865266354114824], [-0.038574275689841286, 1.0003223823708407, 0.0, 0.2081458320175409, 0.5590385070443313, 0.12767237249151864, 0.45244881090033784, 0.6834944013004551, 0.3644788967143031, 0.2178175633512287, 0.007560346756364078, 0.615190800697692, 0.6410511374822987, 0.6739561486784978, 0.7746889217378491, 0.7065087917994817, 0.5823982407146922], [0.2608842609335027, 0.7518306505219505, 0.0, 0.2219233584195165, 0.506842972060817, 0.12140268499276906, 0.4604722294384203, 0.6890950861863502, 0.3265224712425876, 0.15870043663065192, 0.00711334193318236, 0.5961998035993741, 0.6466517831508662, 0.6575499198239978, 0.7781554566151136, 0.6926211158776188, 0.5638884556890768], [0.1507459154090811, 0.9226391597292061, 0.0, 0.19511543760000613, 0.5418661444085396, 0.13117621593865153, 0.47978553296055965, 0.6831869234315326, 0.3854971445110562, 0.2053866396769899, 0.007560346756364078, 0.6142573748474249, 0.6743026533325781, 0.6904043786908398, 0.7983367220983882, 0.726216743843565, 0.6031599429609936], [0.49472178974311776, 0.8629044232689622, 0.0, 0.32642592892083844, 0.5338110056253305, 0.12209471149277809, 0.4476039375278404, 0.6878215845864737, 0.3494034520473541, 0.18486315414160437, 0.00711334193318236, 0.5908648251757243, 0.6258523302933632, 0.638073120213197, 0.7738100040189494, 0.6831236778646854, 0.5873006532982938], [-0.09387718059977423, 0.7089680371160133, 0.0, 0.2389202164280561, 0.48580106959897756, 0.12628118494516943, 0.3403492401465719, 0.685245130729317, 0.3484024878544436, 0.16101680352101821, 0.00711334193318236, 0.6076348766521253, 0.6592048926749192, 0.680757064443376, 0.7822562123984899, 0.7026619054419336, 0.5725595350677105], [0.38365312646117244, 0.7627706481925492, 0.0, 0.32042606502987064, 0.5103871116523685, 0.12235946659799396, 0.4038631259779635, 0.6882547432405415, 0.3432890899678869, 0.16685140509053564, 0.007336964783822175, 0.5983542719843968, 0.6522356157906634, 0.677890627188131, 0.7765576613931028, 0.699982955685461, 0.5825921836489988]], "features_2": [[0.054918273092084746, 0.9918481855818111, 0.0, 0.19893896141466486, 0.5193570478973515, 0.15216191631758824, 0.254298108877591, 0.6488622861019391, 0.48335383491536477, 0.24920534703531172, 0.008284682400665488, 0.63019837033618, 0.6647480058331338, 0.7100993510435566, 0.8063545454075368, 0.7269622384293283, 0.6184872272972398], [-0.10326980574158462, 0.8411813118803707, 0.0, 0.21651438775616627, 0.49120746519874403, 0.14949808898784872, 0.417515316419972, 0.6599815951020733, 0.4671047760863658, 0.21518893934740446, 0.008618141428105908, 0.6304737090508734, 0.662311090131382, 0.7147796681284662, 0.8102177111706519, 0.7336436946690625, 0.6062275191062734], [-0.024735744748347166, 0.9318910462080959, 0.0, 0.22766749266766076, 0.5217276972577061, 0.14845635534761084, 0.4270776801826635, 0.6621296161913466, 0.4597905632737844, 0.23148161634918463, 0.008284682400665488, 0.624785897810181, 0.6705074105350773, 0.6986712533368006, 0.8086265764512285, 0.7203879828379783, 0.6208772847051502], [-0.011049187680806316, 0.9245644945147821, 0.0, 0.21189033528497037, 0.5190061672627702, 0.14819040394752417, 0.34704350544570983, 0.6612252470977926, 0.4685911027026828, 0.23137369692271736, 0.008284682400665488, 0.6227557018733774, 0.6658744165451571, 0.7060230528136513, 0.8093208465659831, 0.7210832412796709, 0.6277263523241602], [-0.1316563419680885, 0.8786463891965038, 0.0, 0.21428351304051899, 0.5034680094299822, 0.14971872099371786, 0.4813880797690736, 0.6608045242827919, 0.46851185222433944, 0.22392599918389755, 0.008618141428105908, 0.6286671153091934, 0.6701245507351873, 0.7195286277594001, 0.8085497390469103, 0.7336239255159347, 0.6089039470970907], [-0.07586560353485838, 0.9536028521671209, 0.0, 0.20725468102003652, 0.5341730249046611, 0.14805690473406974, 0.5816516098354093, 0.6678315370784607, 0.4586214552553558, 0.23584176843687432, 0.008451478759474051, 0.6145383786247431, 0.6769528585704715, 0.7043458337326463, 0.8122928944229041, 0.7141759760508386, 0.6195386291143655], [-0.18553996975541942, 0.9493458311513991, 0.0, 0.21262288740255197, 0.5245828056620414, 0.1482599048816618, 0.43224575565096474, 0.6623639898868795, 0.4626818173724834, 0.23726974762412878, 0.008507047823598457, 0.6230390831911443, 0.6623992778931943, 0.6961547016239006, 0.8078837759252911, 0.7196108711139677, 0.6187791849906357], [0.010694580187902591, 0.8671965182108372, 0.0, 0.20045409798781075, 0.5090012905812503, 0.14597265179154137, 0.5299470963730165, 0.6674334026731275, 0.4376607221882862, 0.21490975097637643, 0.00822905385914674, 0.6081433124046276, 0.6447292679456829, 0.6940039562799271, 0.805253774405062, 0.7256765036295714, 0.6188239821674606], [0.14285541138057223, 0.8750128102407386, 0.0, 0.20006434560843966, 0.5157851086045978, 0.1449625874472888, 0.5805584276741946, 0.6706375420968385, 0.44263258322270027, 0.2136634061877536, 0.00822905385914674, 0.6077233686844368, 0.6570145190683858, 0.6786391540703667, 0.8070518198546641, 0.7282545641716739, 0.6264401410763838]]}